111 146 38 22021.5 0 0
115 148 38 22025.7 0 0
111 154 38 22029.9 0 0
111 146 38 22034.2 0 0
116 149 39 22038.4 0 0
114 146 38 22042.6 0 0
116 144 37 22046.8 0 0
109 151 38 22051 0 0
110 153 38 22055.2 0 0
119 140 38 22059.5 0 0
113 149 39 22063.7 0 0
110 149 38 22067.9 0 0
113 150 38 22072.1 0 0
108 155 38 22076.3 0 0
118 145 38 22080.5 0 0
112 147 38 22084.8 0 0
115 149 39 22089 0 0
115 150 38 22093.2 0 0
111 148 38 22097.4 0 0
109 149 38 22101.6 0 0
114 148 39 22105.8 0 0
111 148 38 22110.1 0 0
108 154 38 22114.3 0 0
114 150 38 22118.5 0 0
111 151 38 22122.7 0 0
113 148 38 22127 0 0
109 149 38 22131.2 0 0
109 151 38 22135.4 0 0
115 148 38 22139.6 0 0
109 154 39 22143.8 0 0
117 153 39 22148 0 0
113 152 39 22152.2 0 0
114 152 39 22156.4 0 0
126 137 38 22160.7 0 0
107 157 38 22164.9 0 0
120 142 39 22169.2 0 0
112 150 39 22173.4 0 0
108 157 39 22177.7 0 0
110 152 40 22181.9 0 0
107 154 39 22186.1 0 0
112 152 39 22190.3 0 0
103 158 38 22194.5 0 0
108 156 38 22198.7 0 0
116 154 39 22202.9 0 0
111 152 38 22207.1 0 0
108 158 39 22211.3 0 0
110 158 39 22215.5 0 0
106 158 38 22219.8 0 0
110 155 39 22224 0 0
114 150 39 22228.3 0 0
111 152 39 22232.5 0 0
108 153 39 22236.7 0 0
125 140 39 22240.9 0 0
108 158 39 22245.1 0 0
122 140 39 22249.3 0 0
118 150 39 22253.5 0 0
110 156 39 22257.8 0 0
112 148 40 22262 0 0
111 158 39 22266.2 0 0
117 150 39 22270.4 0 0
114 154 39 22274.6 0 0
110 156 39 22278.8 0 0
107 164 39 22283 0 0
108 153 39 22287.2 0 0
110 155 40 22291.5 0 0
105 160 39 22295.7 0 0
114 152 40 22299.9 0 0
113 156 40 22304.1 0 0
115 149 39 22308.3 0 0
121 147 40 22312.5 0 0
107 160 40 22316.7 0 0
108 158 41 22321 0 0
115 152 39 22325.2 0 0
109 156 40 22329.4 0 0
115 151 40 22333.6 0 0
113 154 40 22337.9 0 0
109 156 39 22342.1 0 0
105 158 40 22346.3 0 0
104 158 39 22350.5 0 0
122 146 40 22354.8 0 0
114 154 40 22359 0 0
111 151 40 22363.2 0 0
110 158 40 22367.4 0 0
111 153 40 22371.6 0 0
109 158 40 22375.8 0 0
126 140 40 22380 0 0
112 149 40 22384.3 0 0
108 154 41 22389.1 0 0
113 146 40 22393.3 0 0
114 154 41 22397.5 0 0
113 150 41 22401.8 0 0
116 152 40 22406 0 0
109 155 40 22410.2 0 0
111 160 40 22414.4 0 0
113 154 41 22418.6 0 0
107 155 41 22422.8 0 0
106 159 40 22427 0 0
110 155 40 22431.2 0 0
109 156 39 22435.5 0 0
111 150 40 22439.7 0 0
115 150 40 22443.9 0 0
114 154 41 22448.2 0 0
115 153 41 22452.4 0 0
111 154 41 22456.6 0 0
106 157 40 22460.8 0 0
111 154 40 22465 0 0
113 152 40 22469.2 0 0
107 158 40 22473.4 0 0
109 157 40 22477.7 0 0
117 149 40 22481.9 0 0
110 154 40 22486.1 0 0
111 156 40 22490.3 0 0
116 149 40 22494.5 0 0
118 146 40 22498.7 0 0
113 151 40 22503 0 0
109 153 40 22507.2 0 0
113 154 41 22511.4 0 0
108 154 40 22515.6 0 0
108 156 40 22519.8 0 0
112 152 39 22524 0 0
113 156 39 22528.2 0 0
108 155 39 22532.4 0 0
108 157 40 22536.7 0 0
109 150 39 22540.9 0 0
111 153 40 22545.1 0 0
111 155 39 22549.3 0 0
111 152 39 22553.5 0 0
115 149 39 22557.7 0 0
110 155 38 22561.9 0 0
120 145 38 22568.7 0 0
110 153 39 22573 0 0
119 147 39 22577.2 0 0
113 148 38 22581.4 0 0
114 151 39 22585.6 0 0
107 159 38 22589.8 0 0
111 158 38 22594.1 0 0
110 152 38 22598.3 0 0
115 147 38 22602.5 0 0
107 159 38 22606.8 0 0
107 154 37 22611 0 0
111 151 38 22615.2 0 0
108 155 37 22619.4 0 0
111 147 38 22623.6 0 0
112 153 37 22627.8 0 0
115 152 38 22632 0 0
112 148 37 22636.2 0 0
108 154 37 22640.5 0 0
111 148 37 22644.7 0 0
110 154 37 22648.9 0 0
109 151 37 22653.1 0 0
111 152 37 22657.3 0 0
106 154 37 22661.5 0 0
111 153 37 22665.7 0 0
109 151 36 22670 0 0
112 149 36 22677.1 0 0
112 148 37 22685.4 0 0
111 151 36 22693.6 0 0
111 152 36 22702.1 0 0
112 148 36 22710.3 0 0
113 150 36 22718.6 0 0
113 150 36 22727.1 0 0
110 150 36 22734.7 0 0
116 150 36 22739 0 0
112 150 35 22743.6 0 0
112 146 35 22747.8 0 0
111 150 37 22752 0 0
114 154 36 22756.3 0 0
113 146 35 22760.5 0 0
112 146 36 22764.7 0 0
112 146 35 22768.9 0 0
113 143 36 22773.1 0 0
110 152 35 22777.3 0 0
116 149 35 22781.6 0 0
115 148 36 22785.8 0 0
110 150 35 22790 0 0
110 152 35 22794.2 0 0
116 146 35 22798.5 0 0
116 148 35 22802.7 0 0
109 154 35 22806.9 0 0
111 150 35 22811.1 0 0
115 150 34 22815.3 0 0
115 150 35 22819.5 0 0
115 151 35 22823.7 0 0
110 152 35 22828 0 0
112 151 35 22832.2 0 0
112 150 35 22836.4 0 0
115 146 35 22840.6 0 0
119 144 35 22844.8 0 0
119 144 35 22852 0 0
116 142 35 22859.7 0 0
113 145 35 22863.9 0 0
113 153 34 22868.7 0 0
113 156 35 22872.9 0 0
116 148 35 22877.1 0 0
108 160 36 22881.3 0 0
112 152 35 22885.5 0 0
115 149 35 22889.7 0 0
111 154 35 22894 0 0
112 141 34 22898.2 0 0
112 155 35 22902.4 0 0
110 154 35 22906.6 0 0
113 150 36 22910.8 0 0
110 152 35 22915.1 0 0
112 154 34 22919.3 0 0
116 147 36 22923.5 0 0
113 153 35 22927.7 0 0
104 157 35 22931.9 0 0
114 146 35 22936.1 0 0
109 161 35 22940.3 0 0
110 156 36 22944.6 0 0
109 155 34 22948.8 0 0
108 155 34 22953 0 0
117 150 36 22957.2 0 0
108 155 35 22964.1 0 0
112 159 35 22968.3 0 0
116 147 35 22972.6 0 0
110 154 35 22976.8 0 0
108 155 35 22981.1 0 0
112 154 35 22985.3 0 0
111 157 35 22989.5 0 0
107 155 35 22993.7 0 0
116 144 36 22997.9 0 0
116 144 35 23002.2 0 0
116 148 35 23006.4 0 0
111 148 35 23010.6 0 0
112 149 36 23014.8 0 0
113 154 35 23019 0 0
108 156 36 23023.2 0 0
110 157 35 23027.5 0 0
110 152 35 23031.7 0 0
109 150 35 23035.9 0 0
112 150 35 23040.1 0 0
113 139 35 23044.3 0 0
115 139 35 23048.5 0 0
111 141 35 23052.8 0 0
114 138 35 23057 0 0
117 130 36 23061.2 0 0
117 130 36 23065.4 0 0
115 135 36 23069.6 0 0
115 135 36 23073.8 0 0
130 115 35 23078.4 0 0
120 133 35 23082.7 0 0
141 93 36 23086.9 0 0
123 126 35 23091.1 0 0
114 136 36 23095.3 0 0
116 137 37 23099.5 0 0
112 137 36 23103.7 0 0
115 133 36 23108 0 0
114 139 36 23112.2 0 0
118 130 36 23116.4 0 0
109 140 36 23120.6 0 0
120 133 36 23124.8 0 0
113 135 35 23129 0 0
112 142 36 23133.6 0 0
110 137 36 23137.8 0 0
111 137 36 23142 0 0
115 137 36 23146.2 0 0
113 138 36 23150.4 0 0
116 129 36 23154.6 0 0
111 137 36 23158.8 0 0
117 127 36 23163.1 0 0
116 128 36 23167.3 0 0
116 131 37 23171.5 0 0
112 134 36 23175.7 0 0
117 132 36 23179.9 0 0
114 130 36 23184.1 0 0
115 135 37 23188.3 0 0
119 133 37 23192.6 0 0
117 132 37 23196.8 0 0
111 136 36 23201 0 0
114 136 36 23205.2 0 0
109 135 37 23209.5 0 0
116 131 36 23213.7 0 0
116 131 37 23217.9 0 0
122 126 38 23222.1 0 0
122 126 37 23226.3 0 0
119 133 37 23230.5 0 0
120 131 36 23234.7 0 0
117 131 37 23238.9 0 0
115 133 37 23243.1 0 0
117 125 37 23247.4 0 0
117 131 37 23251.6 0 0
117 130 37 23255.8 0 0
111 135 38 23260.1 0 0
117 138 37 23264.3 0 0
114 136 37 23268.5 0 0
115 131 36 23272.7 0 0
116 132 37 23276.9 0 0
115 132 37 23281.1 0 0
113 135 38 23285.3 0 0
110 137 37 23289.6 0 0
109 137 38 23293.8 0 0
112 135 37 23298 0 0
109 142 37 23302.3 0 0
116 135 37 23306.5 0 0
115 134 38 23310.7 0 0
113 136 37 23314.9 0 0
117 131 37 23319.1 0 0
117 129 38 23323.3 0 0
117 128 37 23327.5 0 0
123 127 37 23331.8 0 0
112 137 38 23336 0 0
116 136 37 23340.2 0 0
117 132 37 23344.4 0 0
116 131 38 23348.6 0 0
119 132 37 23352.8 0 0
115 130 38 23357 0 0
121 132 37 23361.3 0 0
118 130 38 23365.5 0 0
116 132 38 23369.7 0 0
112 140 37 23373.9 0 0
115 132 38 23378.1 0 0
117 130 38 23382.3 0 0
118 127 38 23386.6 0 0
117 132 38 23390.8 0 0
121 131 37 23395 0 0
118 130 37 23399.2 0 0
116 133 38 23403.5 0 0
114 128 38 23407.7 0 0
114 131 38 23411.9 0 0
116 130 38 23416.2 0 0
115 130 38 23420.4 0 0
114 130 38 23424.6 0 0
119 133 38 23428.8 0 0
119 132 38 23433 0 0
118 130 39 23437.2 0 0
115 133 38 23441.4 0 0
118 135 38 23445.7 0 0
112 135 38 23449.9 0 0
114 133 38 23454.1 0 0
112 134 38 23458.3 0 0
117 134 39 23462.5 0 0
116 135 38 23466.7 0 0
112 135 39 23470.9 0 0
112 139 39 23475.1 0 0
112 133 39 23479.4 0 0
113 127 39 23483.6 0 0
122 103 39 23487.8 0 0
106 91 39 23492 0 0
105 82 40 23496.2 0 0
104 83 40 23500.5 0 0
105 74 40 23504.7 0 0
98 62 40 23508.9 0 0
98 52 40 23513.1 0 0
96 53 40 23517.4 0 0
96 56 39 23521.6 0 0
93 56 39 23525.8 0 0
97 55 40 23530 0 0
98 56 40 23534.2 0 0
95 55 40 23538.4 0 0
97 53 40 23542.6 0 0
95 51 40 23546.8 0 0
97 47 40 23551.1 0 0
98 50 40 23555.3 0 0
99 52 39 23559.5 0 0
98 50 40 23563.7 0 0
97 49 40 23567.9 0 0
97 51 39 23572.4 0 0
98 50 40 23576.6 0 0
98 48 40 23580.8 0 0
99 47 40 23585 0 0
98 53 41 23589.2 0 0
98 50 39 23593.4 0 0
98 49 40 23597.6 0 0
99 51 40 23601.8 0 0
99 47 40 23606.1 0 0
98 46 40 23610.3 0 0
97 44 40 23614.5 0 0
96 48 40 23618.7 0 0
97 48 41 23622.9 0 0
97 48 40 23627.1 0 0
96 48 40 23631.4 0 0
96 44 40 23635.7 0 0
97 48 40 23639.9 0 0
97 50 41 23644.1 0 0
98 48 40 23648.3 0 0
101 48 40 23655.2 0 0
98 50 40 23659.4 0 0
97 48 40 23663.7 0 0
98 48 41 23667.9 0 0
96 47 40 23672.1 0 0
99 49 41 23676.3 0 0
99 48 40 23680.5 0 0
96 48 41 23684.7 0 0
99 50 41 23689 0 0
96 50 40 23693.2 0 0
98 50 41 23697.4 0 0
99 45 41 23701.7 0 0
99 47 41 23705.9 0 0
100 48 40 23710.1 0 0
98 46 41 23714.3 0 0
99 45 41 23718.6 0 0
96 47 41 23722.8 0 0
99 46 40 23727 0 0
98 52 40 23731.2 0 0
99 46 41 23735.5 0 0
100 47 40 23739.7 0 0
99 47 40 23743.9 0 0
99 49 40 23748.1 0 0
100 48 41 23752.3 0 0
98 50 40 23756.5 0 0
99 52 41 23763.5 0 0
100 54 41 23767.8 0 0
99 49 40 23772 0 0
95 50 41 23776.2 0 0
98 48 41 23780.4 0 0
98 51 40 23784.6 0 0
99 49 40 23788.8 0 0
98 47 41 23793 0 0
97 50 40 23797.2 0 0
98 48 41 23801.5 0 0
98 49 41 23805.7 0 0
101 49 41 23809.9 0 0
96 45 41 23814.1 0 0
99 51 40 23818.3 0 0
97 53 41 23822.6 0 0
97 50 41 23826.8 0 0
94 50 40 23831 0 0
95 53 40 23835.2 0 0
95 53 41 23839.4 0 0
96 54 41 23843.6 0 0
95 52 41 23847.8 0 0
95 51 40 23852 0 0
98 54 41 23856.3 0 0
98 52 41 23860.5 0 0
96 58 41 23864.7 0 0
96 54 41 23868.9 0 0
96 53 42 23873.1 0 0
97 52 40 23880.2 0 0
92 50 40 23884.4 0 0
95 57 41 23888.7 0 0
96 55 41 23892.9 0 0
97 55 41 23897.1 0 0
112 70 41 23901.3 0 0
120 77 41 23905.5 0 0
117 89 40 23909.7 0 0
116 95 41 23913.9 0 0
115 102 40 23918.1 0 0
119 107 41 23922.4 0 0
114 105 42 23926.6 0 0
112 112 40 23930.8 0 0
116 114 40 23935 0 0
121 105 40 23939.2 0 0
117 107 40 23943.4 0 0
119 105 41 23947.7 0 0
115 110 40 23951.9 0 0
121 106 41 23956.1 0 0
118 108 40 23960.3 0 0
115 104 40 23964.5 0 0
117 106 41 23968.7 0 0
117 107 41 23972.9 0 0
117 108 40 23977.2 0 0
117 107 40 23981.4 0 0
120 106 41 23985.6 0 0
121 105 40 23992.6 0 0
115 111 41 23996.8 0 0
121 104 41 24001 0 0
112 109 40 24005.2 0 0
119 107 41 24009.5 0 0
115 114 40 24013.7 0 0
119 108 41 24017.9 0 0
122 104 40 24022.1 0 0
119 103 40 24026.3 0 0
123 104 41 24030.5 0 0
118 107 40 24034.7 0 0
121 107 40 24039 0 0
120 103 41 24043.2 0 0
116 108 41 24047.4 0 0
118 106 40 24051.6 0 0
119 105 41 24055.8 0 0
118 106 41 24060 0 0
121 106 41 24064.3 0 0
118 106 41 24068.5 0 0
112 115 41 24072.8 0 0
116 107 41 24077 0 0
112 116 40 24081.2 0 0
118 108 41 24085.4 0 0
118 108 41 24089.6 0 0
115 110 41 24094.1 0 0
116 110 41 24098.3 0 0
120 106 41 24102.6 0 0
117 111 40 24106.8 0 0
118 106 41 24111 0 0
115 110 41 24115.2 0 0
119 107 40 24119.4 0 0
120 106 40 24123.6 0 0
119 108 41 24127.8 0 0
122 103 40 24132.1 0 0
119 109 41 24136.3 0 0
119 104 40 24140.5 0 0
119 105 41 24144.7 0 0
117 109 41 24148.9 0 0
118 109 40 24153.1 0 0
120 104 40 24157.3 0 0
118 104 40 24161.5 0 0
119 106 41 24165.8 0 0
120 104 41 24170 0 0
118 108 40 24174.2 0 0
118 108 40 24178.4 0 0
120 108 41 24182.6 0 0
119 108 40 24186.8 0 0
120 102 41 24191 0 0
114 109 41 24195.2 0 0
120 102 41 24199.5 0 0
114 107 41 24203.7 0 0
122 105 40 24207.9 0 0
120 110 41 24212.1 0 0
120 109 41 24216.3 0 0
116 110 41 24220.5 0 0
121 107 41 24224.8 0 0
117 109 41 24229 0 0
121 109 41 24233.2 0 0
117 109 41 24237.4 0 0
118 107 41 24241.6 0 0
118 107 41 24245.8 0 0
115 109 41 24250 0 0
119 104 41 24254.3 0 0
118 109 41 24258.5 0 0
118 109 41 24262.7 0 0
119 107 41 24266.9 0 0
119 106 42 24271.1 0 0
119 108 41 24275.3 0 0
118 109 41 24279.5 0 0
118 108 41 24283.8 0 0
116 107 41 24288 0 0
120 105 41 24292.3 0 0
114 110 40 24296.5 0 0
118 106 41 24300.7 0 0
119 105 41 24304.9 0 0
115 107 41 24309.1 0 0
118 106 41 24313.3 0 0
120 100 41 24317.6 0 0
117 107 41 24321.8 0 0
119 108 41 24326 0 0
112 109 41 24330.2 0 0
121 102 40 24334.5 0 0
119 102 41 24338.7 0 0
115 113 41 24342.9 0 0
119 108 41 24347.1 0 0
120 108 41 24351.3 0 0
121 106 42 24355.5 0 0
120 106 42 24359.7 0 0
113 113 41 24364 0 0
115 109 42 24368.2 0 0
114 112 41 24372.4 0 0
116 108 41 24376.6 0 0
110 117 41 24380.8 0 0
113 113 41 24385 0 0
114 97 42 24389.3 0 0
106 89 41 24393.5 0 0
104 86 42 24397.7 0 0
104 86 42 24401.9 0 0
100 68 41 24406.6 0 0
96 58 42 24410.8 0 0
99 56 42 24415 0 0
93 50 42 24419.2 0 0
93 58 42 24423.5 0 0
93 58 41 24427.7 0 0
89 63 42 24431.9 0 0
95 61 42 24436.1 0 0
91 63 42 24440.3 0 0
94 62 41 24444.5 0 0
92 65 42 24448.7 0 0
94 64 41 24453 0 0
94 61 42 24457.2 0 0
92 61 42 24461.4 0 0
96 61 41 24465.6 0 0
94 61 42 24469.8 0 0
91 60 43 24474 0 0
96 61 42 24478.2 0 0
91 62 42 24482.4 0 0
92 61 42 24486.9 0 0
90 62 42 24491.1 0 0
96 62 42 24495.3 0 0
93 60 42 24499.5 0 0
94 62 42 24503.7 0 0
89 62 42 24508 0 0
95 61 41 24512.2 0 0
93 59 42 24516.4 0 0
94 58 42 24520.6 0 0
93 58 42 24524.8 0 0
93 54 42 24529 0 0
93 60 42 24533.2 0 0
90 56 42 24537.5 0 0
92 56 42 24541.7 0 0
92 62 42 24545.9 0 0
93 63 42 24550.1 0 0
91 62 42 24554.3 0 0
92 62 41 24558.5 0 0
91 64 41 24562.8 0 0
92 66 42 24567 0 0
92 66 42 24571.3 0 0
93 57 42 24575.5 0 0
94 57 42 24579.7 0 0
91 60 41 24583.9 0 0
94 58 41 24588.1 0 0
90 62 42 24592.3 0 0
87 58 42 24596.5 0 0
91 58 42 24600.8 0 0
93 60 42 24605 0 0
94 58 42 24609.2 0 0
90 56 42 24613.4 0 0
91 64 42 24617.6 0 0
91 64 42 24621.8 0 0
82 22 42 24626 0 0
78 36 43 24630.2 0 0
81 27 42 24634.5 0 0
75 22 42 24638.7 0 0
77 22 42 24642.9 0 0
78 23 42 24647.1 0 0
76 24 43 24651.3 0 0
80 26 42 24655.5 0 0
78 25 42 24659.7 0 0
78 26 42 24664 0 0
78 28 43 24668.2 0 0
80 26 42 24672.4 0 0
78 28 43 24676.6 0 0
83 35 42 24680.8 0 0
83 33 43 24685 0 0
80 37 42 24689.2 0 0
82 35 43 24693.5 0 0
82 34 43 24697.7 0 0
81 35 43 24701.9 0 0
81 35 43 24706.1 0 0
82 36 43 24710.3 0 0
79 36 43 24714.5 0 0
80 37 42 24718.7 0 0
81 34 43 24723 0 0
80 38 42 24727.2 0 0
80 35 42 24731.4 0 0
79 38 42 24735.6 0 0
79 36 43 24739.8 0 0
81 37 42 24744 0 0
80 36 42 24748.2 0 0
81 36 42 24752.5 0 0
81 38 43 24756.7 0 0
82 39 42 24760.9 0 0
84 39 42 24765.1 0 0
81 40 42 24769.3 0 0
82 36 43 24773.5 0 0
83 36 43 24777.7 0 0
84 37 42 24781.9 0 0
82 38 42 24786.1 0 0
82 39 42 24790.4 0 0
82 37 42 24794.6 0 0
83 36 43 24798.8 0 0
84 36 42 24803.1 0 0
84 37 42 24807.3 0 0
86 37 42 24811.5 0 0
79 37 42 24815.7 0 0
83 41 42 24819.9 0 0
80 34 42 24824.2 0 0
84 38 42 24828.3 0 0
85 34 42 24832.6 0 0
83 41 42 24836.8 0 0
85 37 42 24841 0 0
83 41 42 24845.2 0 0
81 40 42 24849.4 0 0
83 37 42 24853.6 0 0
85 39 42 24857.8 0 0
88 38 42 24862.1 0 0
86 39 41 24866.3 0 0
85 40 42 24870.5 0 0
81 37 41 24874.7 0 0
85 38 42 24878.9 0 0
85 35 42 24883.2 0 0
83 36 42 24887.4 0 0
81 38 42 24891.6 0 0
84 38 41 24895.8 0 0
83 34 41 24900 0 0
85 39 41 24904.2 0 0
82 41 41 24908.4 0 0
83 43 40 24912.6 0 0
83 38 41 24916.9 0 0
85 35 40 24921.1 0 0
83 41 41 24925.8 0 0
86 37 40 24930 0 0
84 38 40 24934.2 0 0
82 40 41 24938.4 0 0
84 36 41 24942.6 0 0
83 40 40 24946.9 0 0
88 40 40 24951.2 0 0
87 40 41 24955.4 0 0
84 38 40 24959.6 0 0
87 38 40 24963.8 0 0
87 37 40 24968 0 0
84 41 41 24972.2 0 0
85 35 40 24976.4 0 0
83 36 40 24980.9 0 0
86 40 41 24985.1 0 0
83 38 40 24989.3 0 0
84 40 40 24993.5 0 0
85 40 40 24997.7 0 0
83 36 40 25001.9 0 0
85 38 40 25006.2 0 0
86 40 40 25010.4 0 0
84 41 40 25014.6 0 0
83 37 40 25018.8 0 0
86 38 40 25023 0 0
87 41 40 25027.2 0 0
91 36 40 25031.5 0 0
84 36 40 25035.7 0 0
87 34 40 25039.9 0 0
85 39 40 25044.1 0 0
85 42 40 25048.3 0 0
89 39 39 25052.5 0 0
87 39 40 25056.8 0 0
81 39 40 25061 0 0
86 37 40 25065.2 0 0
84 40 39 25069.4 0 0
86 42 39 25073.6 0 0
85 36 40 25077.8 0 0
85 40 39 25082 0 0
85 43 39 25086.2 0 0
88 41 39 25090.4 0 0
88 39 39 25094.7 0 0
87 38 40 25098.9 0 0
83 35 39 25103.1 0 0
88 39 39 25107.3 0 0
90 43 39 25111.6 0 0
85 37 39 25115.8 0 0
84 38 40 25120 0 0
86 39 39 25124.2 0 0
86 37 39 25128.4 0 0
89 37 39 25132.6 0 0
85 39 40 25136.8 0 0
87 39 39 25141 0 0
89 37 39 25145.3 0 0
85 38 40 25149.5 0 0
86 39 40 25153.7 0 0
83 40 40 25157.9 0 0
86 36 39 25162.1 0 0
86 39 39 25166.3 0 0
88 35 40 25170.5 0 0
85 36 39 25175 0 0
82 40 39 25179.2 0 0
87 39 39 25183.4 0 0
86 39 39 25187.6 0 0
86 36 39 25191.8 0 0
84 42 40 25196.1 0 0
86 40 39 25200.3 0 0
89 37 39 25204.5 0 0
86 37 39 25208.7 0 0
89 37 39 25213 0 0
87 40 39 25217.2 0 0
85 40 39 25221.4 0 0
85 37 39 25225.6 0 0
88 39 39 25229.8 0 0
85 35 39 25234 0 0
84 38 39 25238.2 0 0
84 35 40 25242.5 0 0
84 35 40 25246.7 0 0
86 40 39 25250.9 0 0
85 35 40 25255.1 0 0
87 39 40 25259.4 0 0
86 37 39 25263.6 0 0
84 41 39 25267.8 0 0
78 42 39 25272 0 0
87 39 40 25276.2 0 0
87 36 39 25280.4 0 0
85 39 40 25284.6 0 0
87 37 40 25288.8 0 0
86 41 40 25293.1 0 0
84 36 40 25297.3 0 0
87 35 39 25301.5 0 0
86 38 40 25305.7 0 0
84 37 39 25309.9 0 0
85 38 40 25314.1 0 0
90 37 40 25318.3 0 0
87 40 40 25322.6 0 0
87 39 39 25326.8 0 0
86 40 40 25331 0 0
88 40 39 25335.2 0 0
86 34 41 25339.4 0 0
87 39 40 25343.7 0 0
86 38 39 25347.9 0 0
86 39 40 25352.1 0 0
87 38 39 25356.3 0 0
86 40 40 25360.6 0 0
87 38 40 25364.8 0 0
88 39 40 25369 0 0
85 37 40 25373.2 0 0
87 39 40 25377.4 0 0
87 34 40 25381.6 0 0
88 38 40 25385.9 0 0
87 35 39 25390.1 0 0
86 39 41 25394.3 0 0
84 39 40 25398.5 0 0
86 35 40 25402.8 0 0
88 37 40 25407 0 0
88 38 39 25411.2 0 0
86 37 40 25415.5 0 0
83 36 40 25419.7 0 0
89 40 39 25423.9 0 0
88 42 40 25428.1 0 0
85 38 40 25432.3 0 0
84 37 40 25436.5 0 0
91 39 40 25440.8 0 0
86 39 40 25445 0 0
91 36 40 25450.8 0 0
84 38 41 25455 0 0
87 36 40 25459.2 0 0
85 35 41 25463.5 0 0
87 32 41 25467.7 0 0
88 40 40 25471.9 0 0
87 34 40 25476.1 0 0
87 40 40 25480.3 0 0
87 39 40 25484.5 0 0
89 39 41 25488.7 0 0
88 39 40 25492.9 0 0
90 36 40 25497.2 0 0
88 43 41 25501.4 0 0
86 38 40 25505.6 0 0
85 35 40 25509.8 0 0
86 37 40 25514 0 0
86 37 40 25518.2 0 0
88 38 40 25522.5 0 0
92 43 41 25526.7 0 0
93 65 40 25530.9 0 0
94 84 39 25535.1 0 0
91 107 40 25539.3 0 0
75 143 39 25543.5 0 0
68 161 38 25547.8 0 0
60 190 38 25552 0 0
55 213 39 25556.2 0 0
57 230 39 25560.4 0 0
61 209 39 25564.6 0 0
58 227 39 25573.1 0 0
42 162 50 25615.3 0 0
58 238 40 25670.3 0 0
59 235 40 25675 0 0
60 239 40 25679.2 0 0
60 230 41 25687.6 0 0
58 238 40 25696 0 0
59 236 39 25700.3 0 0
58 240 40 25704.5 0 0
59 230 39 25708.7 0 0
62 222 40 25721.3 0 0
62 240 40 25725.6 0 0
63 240 39 25732.4 0 0
61 240 39 25736.6 0 0
63 228 40 25740.9 0 0
54 178 45 25749.3 0 0
62 237 40 25753.5 0 0
63 228 40 25757.9 0 0
62 229 40 25762.1 0 0
63 231 40 25766.3 0 0
61 236 40 25774.7 0 0
61 236 40 25783.1 0 0
62 237 41 25787.4 0 0
61 230 39 25795.8 0 0
61 239 40 25800 0 0
62 234 40 25804.2 0 0
61 238 41 25808.4 0 0
61 239 40 25812.6 0 0
61 233 40 25816.8 0 0
60 240 40 25833.8 0 0
60 240 40 25838 0 0
63 236 40 25844.3 0 0
62 239 40 25848.5 0 0
62 232 40 25852.7 0 0
62 240 40 25861.2 0 0
63 238 40 25869.6 0 0
62 227 40 25873.8 0 0
61 237 41 25882.2 0 0
60 230 41 25886.5 0 0
62 233 40 25890.8 0 0
62 233 41 25895 0 0
61 233 40 25899.2 0 0
61 228 40 25903.4 0 0
62 232 41 25907.6 0 0
61 227 40 25911.9 0 0
60 231 40 25916.2 0 0
63 233 41 25920.4 0 0
62 235 41 25924.6 0 0
61 229 41 25928.8 0 0
62 237 40 25933 0 0
61 230 41 25937.2 0 0
62 233 40 25941.5 0 0
53 188 43 25945.7 0 0
61 233 40 25954.2 0 0
61 233 40 25958.4 0 0
62 237 41 25966.8 0 0
61 234 40 25975.3 0 0
61 235 40 25979.5 0 0
60 234 40 25983.7 0 0
60 236 40 25988.1 0 0
61 232 40 25992.4 0 0
62 236 40 25996.6 0 0
60 232 40 26000.8 0 0
62 233 41 26005 0 0
60 233 40 26009.3 0 0
60 226 41 26013.5 0 0
63 225 41 26021.9 0 0
61 237 41 26026.1 0 0
62 235 41 26030.3 0 0
62 235 40 26034.5 0 0
61 232 40 26038.8 0 0
62 236 40 26043.1 0 0
59 234 41 26047.3 0 0
62 233 40 26051.5 0 0
60 229 40 26055.7 0 0
60 233 40 26059.9 0 0
61 230 40 26064.2 0 0
61 236 40 26068.4 0 0
62 224 40 26072.6 0 0
62 232 40 26076.8 0 0
61 231 40 26081 0 0
61 231 40 26085.2 0 0
61 232 39 26089.4 0 0
61 234 40 26093.6 0 0
62 235 41 26097.9 0 0
61 234 40 26102.1 0 0
61 228 40 26108.2 0 0
59 230 40 26112.5 0 0
59 234 41 26116.7 0 0
51 218 40 26125 0 0
46 218 40 26129.3 0 0
46 226 40 26133.5 0 0
35 223 39 26137.7 0 0
36 235 38 26144.7 0 0
32 230 38 26148.9 0 0
35 239 38 26153.1 0 0
34 235 39 26157.3 0 0
36 223 38 26165.8 0 0
37 229 38 26174.2 0 0
36 233 38 26178.4 0 0
35 233 38 26182.6 0 0
35 226 39 26186.8 0 0
35 236 38 26191 0 0
35 235 38 26195.2 0 0
34 216 38 26199.5 0 0
37 234 39 26203.7 0 0
32 226 38 26207.9 0 0
36 238 38 26212.1 0 0
35 230 39 26216.3 0 0
35 234 38 26220.5 0 0
36 236 39 26224.7 0 0
30 224 38 26229 0 0
37 235 38 26233.2 0 0
32 235 38 26237.5 0 0
36 236 38 26241.7 0 0
35 232 38 26252.8 0 0
35 235 38 26257.1 0 0
36 238 38 26261.3 0 0
36 234 38 26265.5 0 0
35 231 37 26269.7 0 0
32 230 38 26278.1 0 0
33 228 38 26282.3 0 0
33 234 38 26286.6 0 0
36 237 37 26290.8 0 0
33 231 37 26295 0 0
35 228 38 26299.2 0 0
34 235 38 26303.5 0 0
34 240 38 26311.8 0 0
29 225 38 26316.1 0 0
34 225 37 26320.3 0 0
37 234 38 26328.8 0 0
34 226 38 26333 0 0
32 223 38 26337.2 0 0
32 223 38 26341.4 0 0
29 190 38 26345.6 0 0
21 166 38 26349.8 0 0
29 173 38 26354.1 0 0
34 176 38 26358.3 0 0
30 179 38 26365.2 0 0
28 192 38 26369.5 0 0
28 194 38 26373.7 0 0
27 187 38 26377.9 0 0
28 186 38 26382.1 0 0
32 187 38 26386.3 0 0
28 155 38 26390.5 0 0
25 189 38 26394.8 0 0
30 185 38 26399 0 0
28 190 37 26403.2 0 0
30 189 38 26407.5 0 0
30 196 37 26411.7 0 0
27 186 37 26415.9 0 0
26 183 38 26420.1 0 0
30 181 38 26424.3 0 0
27 184 38 26428.5 0 0
28 188 37 26432.7 0 0
29 190 38 26436.9 0 0
27 189 38 26441.2 0 0
22 182 38 26445.4 0 0
34 186 38 26449.7 0 0
29 185 37 26453.9 0 0
29 183 38 26458.1 0 0
29 183 38 26462.3 0 0
29 183 38 26469 0 0
24 192 38 26473.3 0 0
29 189 38 26477.5 0 0
31 177 37 26481.7 0 0
26 189 38 26486 0 0
29 188 39 26490.2 0 0
32 186 38 26494.3 0 0
29 193 38 26498.6 0 0
31 186 38 26502.8 0 0
31 186 38 26507 0 0
31 188 37 26511.2 0 0
29 186 38 26515.4 0 0
30 184 38 26519.6 0 0
29 188 38 26523.8 0 0
27 189 38 26528 0 0
34 190 39 26532.3 0 0
32 180 38 26536.5 0 0
15 110 48 26540.8 0 0
28 183 38 26545 0 0
31 180 38 26549.2 0 0
30 171 38 26553.4 0 0
31 149 38 26557.6 0 0
34 116 39 26561.8 0 0
41 89 40 26566 0 0
46 72 39 26570.2 0 0
45 73 39 26574.4 0 0
46 47 39 26578.7 0 0
50 55 39 26582.8 0 0
45 56 39 26587 0 0
46 56 40 26591.2 0 0
42 64 39 26595.5 0 0
48 69 40 26599.7 0 0
47 60 39 26603.9 0 0
50 59 39 26608.2 0 0
47 59 40 26615 0 0
47 59 39 26619.2 0 0
44 57 39 26623.4 0 0
49 57 39 26627.6 0 0
46 53 40 26632.3 0 0
46 50 40 26636.6 0 0
47 50 40 26640.8 0 0
46 51 40 26645 0 0
47 53 40 26649.2 0 0
47 48 39 26653.4 0 0
47 50 39 26657.6 0 0
44 52 40 26661.8 0 0
51 48 40 26666.1 0 0
57 50 39 26670.3 0 0
84 54 40 26674.5 0 0
84 54 40 26681.6 0 0
115 42 40 26687.8 0 0
115 42 40 26692 0 0
151 46 40 26698.2 0 0
161 56 39 26702.4 0 0
174 63 40 26706.7 0 0
186 70 40 26710.9 0 0
186 70 40 26715.2 0 0
191 74 40 26719.4 0 0
190 76 40 26723.7 0 0
186 75 40 26727.9 0 0
189 76 40 26732.2 0 0
189 76 40 26736.4 0 0
188 75 40 26740.6 0 0
188 75 41 26744.8 0 0
188 75 40 26749 0 0
188 75 40 26753.2 0 0
188 75 40 26757.5 0 0
188 75 40 26762.1 0 0
188 75 40 26766.3 0 0
188 75 41 26770.5 0 0
188 75 40 26774.7 0 0
188 75 41 26781.6 0 0
188 75 40 26785.8 0 0
188 75 40 26790.1 0 0
188 75 40 26794.3 0 0
188 75 40 26798.5 0 0
188 75 41 26802.7 0 0
190 74 39 27019.2 0 0
190 74 40 27023.4 0 0
192 69 39 27027.8 0 0
192 69 40 27032 0 0
195 70 39 27036.2 0 0
195 70 39 27040.5 0 0
195 70 40 27044.7 0 0
195 73 40 27048.9 0 0
195 73 40 27053.1 0 0
195 73 40 27057.3 0 0
195 73 40 27061.5 0 0
195 73 39 27065.8 0 0
195 73 39 27070 0 0
195 73 39 27074.2 0 0
195 73 40 27078.5 0 0
195 73 40 27082.7 0 0
195 73 39 27086.9 0 0
195 73 39 27093.7 0 0
195 73 40 27098 0 0
195 73 39 27102.2 0 0
195 73 40 27106.5 0 0
195 73 40 27110.7 0 0
195 73 39 27114.9 0 0
195 73 40 27119.1 0 0
195 73 39 27123.3 0 0
195 73 39 27127.5 0 0
195 73 39 27131.7 0 0
195 73 39 27136 0 0
195 73 39 27140.2 0 0
195 73 40 27144.4 0 0
195 73 39 27148.6 0 0
195 73 39 27152.8 0 0
198 67 39 27157 0 0
198 67 40 27161.2 0 0
198 67 39 27165.5 0 0
196 67 40 27169.7 0 0
196 67 40 27173.9 0 0
196 67 40 27178.1 0 0
196 67 39 27182.3 0 0
196 67 39 27186.5 0 0
196 67 40 27190.8 0 0
196 67 40 27195 0 0
190 74 39 27199.2 0 0
196 74 39 27203.5 0 0
193 69 40 27210.4 0 0
190 74 39 27214.6 0 0
193 75 39 27218.8 0 0
191 71 39 27223 0 0
192 71 40 27227.2 0 0
198 72 39 27231.5 0 0
196 70 40 27235.7 0 0
191 73 40 27239.9 0 0
193 68 40 27244.1 0 0
191 72 40 27248.3 0 0
190 72 39 27252.5 0 0
191 71 39 27256.8 0 0
193 70 39 27261 0 0
200 71 39 27265.2 0 0
194 73 39 27269.4 0 0
193 68 39 27273.6 0 0
195 72 40 27277.8 0 0
194 72 39 27282.2 0 0
197 72 39 27286.4 0 0
194 72 39 27290.6 0 0
197 71 40 27294.8 0 0
191 70 39 27299.1 0 0
192 66 39 27303.3 0 0
192 66 39 27307.5 0 0
163 75 39 27312.8 0 0
154 95 38 27317.1 0 0
136 119 38 27321.3 0 0
128 124 37 27325.5 0 0
120 145 39 27329.7 0 0
109 163 37 27334.1 0 0
104 176 38 27338.3 0 0
95 198 39 27342.5 0 0
87 197 39 27346.7 0 0
95 192 38 27351.1 0 0
100 182 38 27355.4 0 0
104 182 38 27359.6 0 0
102 185 39 27363.8 0 0
102 186 39 27368 0 0
97 193 38 27372.2 0 0
97 190 38 27376.4 0 0
99 189 38 27380.7 0 0
97 195 39 27384.9 0 0
94 195 39 27389.1 0 0
97 189 38 27393.3 0 0
97 191 39 27397.5 0 0
97 193 39 27401.8 0 0
99 192 39 27406 0 0
101 185 39 27410.2 0 0
95 194 39 27414.5 0 0
100 191 38 27418.7 0 0
94 193 38 27422.9 0 0
104 183 39 27427.1 0 0
98 189 38 27431.3 0 0
89 203 39 27435.5 0 0
99 188 38 27439.8 0 0
93 193 38 27444 0 0
99 186 39 27448.2 0 0
96 193 39 27452.4 0 0
102 183 40 27456.6 0 0
97 190 39 27460.8 0 0
98 190 39 27465 0 0
100 185 39 27469.2 0 0
96 189 39 27473.4 0 0
99 188 39 27477.7 0 0
104 181 39 27481.9 0 0
100 185 39 27486.1 0 0
101 183 39 27490.3 0 0
99 187 39 27494.5 0 0
104 181 39 27498.7 0 0
98 189 39 27502.9 0 0
99 188 40 27507.2 0 0
97 187 38 27511.4 0 0
99 186 39 27515.6 0 0
103 180 39 27519.8 0 0
97 189 40 27526.6 0 0
101 188 39 27530.8 0 0
97 190 39 27535 0 0
97 191 39 27539.3 0 0
94 196 40 27543.5 0 0
96 188 39 27547.7 0 0
90 185 39 27551.9 0 0
78 199 39 27556.1 0 0
70 199 39 27560.3 0 0
60 212 39 27564.6 0 0
56 214 38 27568.8 0 0
54 212 38 27573.1 0 0
53 212 39 27577.3 0 0
44 163 47 27581.5 0 0
55 214 38 27585.7 0 0
55 208 39 27589.9 0 0
56 210 38 27594.1 0 0
31 80 59 27598.3 0 0
55 210 39 27602.6 0 0
54 210 39 27606.8 0 0
53 216 39 27611 0 0
54 213 39 27615.2 0 0
54 210 39 27619.4 0 0
52 212 40 27623.6 0 0
53 210 39 27630.7 0 0
53 213 39 27635 0 0
52 210 40 27639.2 0 0
54 207 39 27643.4 0 0
51 212 39 27647.6 0 0
54 214 40 27651.8 0 0
53 210 39 27656 0 0
53 217 40 27660.2 0 0
53 212 39 27664.5 0 0
52 214 39 27668.7 0 0
54 211 39 27673 0 0
53 211 41 27677.2 0 0
53 205 40 27681.3 0 0
54 210 39 27685.5 0 0
54 215 39 27689.8 0 0
55 210 40 27694 0 0
55 213 40 27698.2 0 0
54 204 40 27702.5 0 0
54 212 40 27706.7 0 0
56 202 40 27710.9 0 0
54 212 40 27715.2 0 0
55 208 40 27719.4 0 0
52 213 40 27723.6 0 0
53 212 40 27727.8 0 0
54 212 40 27734.6 0 0
54 210 40 27738.9 0 0
55 205 40 27743.1 0 0
54 211 40 27747.3 0 0
55 210 39 27751.5 0 0
55 206 40 27755.8 0 0
54 214 40 27760 0 0
54 209 40 27764.2 0 0
54 209 40 27768.5 0 0
55 212 40 27772.7 0 0
52 207 40 27776.8 0 0
45 203 40 27781 0 0
39 178 41 27785.3 0 0
37 200 39 27789.5 0 0
36 195 39 27793.7 0 0
29 210 41 27798 0 0
31 206 39 27802.2 0 0
31 211 40 27806.3 0 0
33 204 39 27810.5 0 0
28 208 40 27814.8 0 0
36 205 40 27819 0 0
32 205 40 27823.2 0 0
31 212 39 27827.5 0 0
30 208 40 27831.7 0 0
18 134 49 27835.9 0 0
34 208 40 27840.1 0 0
25 146 45 27844.3 0 0
37 196 40 27848.5 0 0
30 206 39 27852.7 0 0
32 196 39 27859.5 0 0
36 198 40 27863.8 0 0
35 196 41 27868 0 0
32 205 40 27872.2 0 0
31 203 40 27876.5 0 0
28 203 39 27880.7 0 0
34 195 40 27884.9 0 0
36 188 40 27889.1 0 0
30 206 40 27893.4 0 0
31 192 40 27897.6 0 0
33 192 40 27901.8 0 0
32 189 40 27906 0 0
33 200 40 27910.2 0 0
19 150 45 27914.4 0 0
31 193 40 27918.7 0 0
34 187 40 27922.9 0 0
27 200 40 27927.1 0 0
31 202 40 27931.3 0 0
33 189 41 27935.5 0 0
28 191 40 27939.7 0 0
31 193 40 27943.9 0 0
31 190 41 27948.1 0 0
31 208 40 27952.3 0 0
30 185 40 27956.5 0 0
33 195 40 27960.8 0 0
34 183 40 27965 0 0
36 185 40 27969.2 0 0
34 188 40 27973.4 0 0
32 188 40 27977.6 0 0
33 193 40 27984.4 0 0
32 192 41 27988.6 0 0
37 186 40 27992.9 0 0
33 196 40 27997.1 0 0
35 193 40 28001.3 0 0
34 202 40 28005.5 0 0
31 200 40 28009.8 0 0
37 187 40 28014 0 0
38 195 40 28018.2 0 0
44 194 40 28022.4 0 0
51 189 41 28026.6 0 0
55 192 40 28030.8 0 0
58 198 41 28035 0 0
55 197 40 28039.2 0 0
52 196 40 28043.5 0 0
51 200 40 28047.9 0 0
52 197 40 28052.1 0 0
55 194 40 28056.3 0 0
57 194 40 28060.5 0 0
53 197 41 28064.7 0 0
55 194 41 28068.9 0 0
53 196 40 28073.2 0 0
55 199 40 28077.4 0 0
51 202 40 28081.6 0 0
51 202 40 28088.5 0 0
53 201 40 28094 0 0
55 193 41 28098.3 0 0
52 199 40 28102.5 0 0
53 193 40 28106.7 0 0
54 201 40 28113.7 0 0
51 204 40 28117.9 0 0
52 199 40 28122.1 0 0
52 202 40 28126.4 0 0
54 199 41 28130.6 0 0
54 196 40 28134.8 0 0
54 198 40 28139.1 0 0
52 197 40 28143.3 0 0
54 204 40 28147.5 0 0
62 205 40 28151.7 0 0
74 203 40 28155.9 0 0
83 207 40 28160.1 0 0
85 213 40 28164.4 0 0
90 214 41 28168.6 0 0
95 225 40 28172.8 0 0
99 230 40 28177 0 0
105 238 40 28181.2 0 0
109 229 40 28185.5 0 0
106 239 39 28202.4 0 0
108 240 39 28210.8 0 0
108 240 40 28221.9 0 0
107 239 40 28226.1 0 0
109 235 39 28230.4 0 0
108 234 39 28234.6 0 0
107 240 39 28255.7 0 0
110 235 39 28264.1 0 0
108 239 39 28268.3 0 0
109 237 39 28289.4 0 0
108 239 39 28293.6 0 0
108 238 39 28297.8 0 0
111 231 39 28302 0 0
108 240 39 28306.2 0 0
108 237 39 28314.6 0 0
107 239 39 28323.1 0 0
109 235 39 28327.3 0 0
109 238 38 28347 0 0
110 230 39 28355.4 0 0
113 228 39 28368.1 0 0
109 238 39 28372.3 0 0
111 234 39 28389.1 0 0
109 238 38 28393.3 0 0
108 237 39 28406 0 0
110 235 39 28414.4 0 0
109 239 38 28427.1 0 0
109 238 39 28442.7 0 0
110 233 39 28459.3 0 0
109 224 39 28467.4 0 0
100 218 39 28475.9 0 0
90 224 38 28484.3 0 0
90 224 38 28492.6 0 0
90 212 38 28500.3 0 0
96 204 38 28504.5 0 0
96 208 39 28509.1 0 0
96 204 39 28513.9 0 0
92 208 38 28518.1 0 0
94 201 38 28522.3 0 0
94 205 39 28526.5 0 0
97 204 39 28530.7 0 0
96 202 38 28534.9 0 0
96 206 38 28539.1 0 0
96 200 38 28543.4 0 0
95 204 38 28547.6 0 0
96 205 39 28551.8 0 0
93 206 38 28556 0 0
95 207 39 28560.2 0 0
97 206 39 28564.4 0 0
94 206 38 28568.7 0 0
94 206 38 28572.9 0 0
96 201 38 28578.4 0 0
94 210 38 28582.6 0 0
95 202 39 28586.8 0 0
93 208 39 28591 0 0
93 210 39 28595.2 0 0
96 203 39 28599.5 0 0
96 206 38 28603.7 0 0
94 205 39 28607.9 0 0
95 201 38 28612.2 0 0
96 203 39 28616.4 0 0
96 205 39 28620.6 0 0
96 203 38 28624.8 0 0
92 206 38 28629 0 0
101 192 38 28633.2 0 0
110 168 38 28637.5 0 0
126 140 38 28641.7 0 0
135 125 38 28645.9 0 0
147 99 38 28650.1 0 0
149 88 38 28654.3 0 0
156 85 38 28658.5 0 0
150 66 38 28662.7 0 0
149 62 39 28667 0 0
144 97 39 28671.2 0 0
146 94 39 28675.4 0 0
148 90 39 28679.6 0 0
153 87 38 28683.8 0 0
153 90 39 28688 0 0
158 83 39 28692.2 0 0
159 88 39 28696.5 0 0
154 86 38 28700.7 0 0
152 87 38 28704.9 0 0
151 92 38 28709.1 0 0
152 87 38 28713.3 0 0
150 89 38 28717.5 0 0
154 87 39 28721.7 0 0
156 92 38 28726 0 0
154 90 38 28730.2 0 0
153 95 38 28734.4 0 0
151 92 38 28738.6 0 0
150 95 38 28742.8 0 0
155 91 38 28747 0 0
148 97 39 28751.2 0 0
149 97 38 28755.5 0 0
151 95 38 28759.7 0 0
150 94 38 28763.9 0 0
147 99 38 28768.1 0 0
148 95 38 28772.3 0 0
150 100 38 28776.5 0 0
149 92 38 28780.7 0 0
152 93 39 28785 0 0
154 95 38 28789.2 0 0
150 94 38 28793.4 0 0
148 97 38 28797.6 0 0
145 96 38 28801.8 0 0
151 92 37 28806 0 0
150 93 37 28810.2 0 0
149 94 38 28814.4 0 0
149 92 37 28818.6 0 0
153 93 38 28822.9 0 0
149 93 37 28827.1 0 0
150 98 37 28831.3 0 0
153 90 37 28835.5 0 0
152 91 37 28839.7 0 0
151 93 38 28843.9 0 0
153 96 38 28848.1 0 0
148 91 37 28852.4 0 0
151 94 38 28856.6 0 0
147 94 37 28860.8 0 0
151 97 37 28865 0 0
144 96 37 28869.2 0 0
153 91 38 28873.4 0 0
150 92 37 28877.7 0 0
150 95 37 28881.9 0 0
155 93 38 28886.1 0 0
151 94 38 28890.3 0 0
148 95 38 28894.5 0 0
156 94 38 28898.7 0 0
150 97 37 28902.9 0 0
160 86 38 28907.1 0 0
156 83 38 28911.4 0 0
156 85 38 28915.6 0 0
159 83 37 28919.9 0 0
154 87 37 28924.1 0 0
157 84 37 28928.3 0 0
156 88 37 28932.5 0 0
159 89 37 28936.7 0 0
157 85 38 28940.9 0 0
156 87 37 28945.1 0 0
148 93 37 28949.3 0 0
147 91 37 28953.6 0 0
146 86 38 28957.8 0 0
135 82 37 28962 0 0
132 78 37 28966.2 0 0
135 78 37 28970.4 0 0
136 80 36 28974.6 0 0
138 81 37 28978.8 0 0
136 81 37 28983.1 0 0
137 80 37 28987.5 0 0
134 79 37 28991.7 0 0
135 82 37 28995.9 0 0
137 76 37 29000.1 0 0
135 80 37 29004.4 0 0
135 81 37 29008.7 0 0
137 76 37 29012.9 0 0
136 80 37 29017.1 0 0
139 77 37 29021.3 0 0
137 77 36 29025.5 0 0
134 78 36 29029.7 0 0
137 79 37 29033.9 0 0
137 82 37 29038.2 0 0
137 83 36 29042.4 0 0
136 74 37 29046.6 0 0
136 78 37 29050.8 0 0
136 75 37 29055 0 0
136 78 37 29059.2 0 0
137 82 36 29063.5 0 0
137 74 36 29067.7 0 0
137 82 36 29072.1 0 0
137 80 36 29076.4 0 0
136 84 37 29080.6 0 0
138 73 37 29084.8 0 0
137 78 36 29089 0 0
137 78 37 29093.2 0 0
135 74 37 29097.4 0 0
137 81 37 29101.6 0 0
136 75 36 29105.8 0 0
136 78 37 29110.1 0 0
137 82 37 29114.3 0 0
135 77 37 29118.5 0 0
136 80 37 29122.7 0 0
136 86 36 29126.9 0 0
136 78 36 29131.1 0 0
138 78 37 29135.4 0 0
134 82 38 29139.6 0 0
134 79 37 29143.8 0 0
136 81 36 29148 0 0
138 80 37 29152.2 0 0
138 101 37 29156.4 0 0
136 112 36 29160.7 0 0
126 125 36 29164.9 0 0
112 159 36 29170.6 0 0
103 175 36 29174.8 0 0
97 188 36 29179 0 0
86 215 37 29183.2 0 0
92 207 37 29187.4 0 0
89 213 37 29191.6 0 0
89 214 37 29195.9 0 0
87 209 37 29200.1 0 0
88 213 36 29204.3 0 0
85 217 37 29208.5 0 0
90 211 37 29212.7 0 0
83 221 36 29216.9 0 0
85 215 36 29221.1 0 0
87 216 36 29225.3 0 0
85 223 36 29229.6 0 0
91 210 36 29233.8 0 0
86 217 37 29238 0 0
93 207 37 29242.2 0 0
95 202 37 29246.4 0 0
92 210 37 29250.7 0 0
94 204 37 29254.9 0 0
95 198 37 29259.1 0 0
95 205 37 29263.3 0 0
95 201 37 29267.5 0 0
92 204 37 29271.8 0 0
96 200 37 29276 0 0
95 206 37 29280.2 0 0
94 201 37 29284.4 0 0
95 200 37 29288.6 0 0
93 204 37 29292.8 0 0
89 209 37 29297 0 0
98 191 37 29301.2 0 0
93 202 37 29305.5 0 0
95 196 37 29309.7 0 0
92 201 38 29313.9 0 0
93 198 37 29318.1 0 0
94 197 37 29322.3 0 0
93 194 37 29326.5 0 0
94 193 38 29330.8 0 0
94 194 37 29335 0 0
94 200 38 29339.2 0 0
91 206 37 29343.4 0 0
95 197 37 29347.6 0 0
93 201 38 29352 0 0
94 195 38 29356.2 0 0
93 197 38 29360.4 0 0
93 197 38 29364.6 0 0
93 199 37 29368.8 0 0
95 197 37 29373 0 0
93 199 38 29377.2 0 0
96 195 37 29381.5 0 0
94 196 38 29385.7 0 0
93 199 38 29389.9 0 0
94 200 38 29394.1 0 0
95 200 38 29398.3 0 0
93 201 38 29402.6 0 0
94 197 38 29406.9 0 0
96 193 38 29411.1 0 0
97 195 38 29415.3 0 0
94 196 38 29419.5 0 0
91 203 38 29423.7 0 0
96 194 38 29427.9 0 0
94 193 38 29432.1 0 0
95 194 38 29436.3 0 0
92 202 38 29440.6 0 0
95 196 38 29444.8 0 0
98 188 38 29449.6 0 0
95 198 38 29453.8 0 0
97 193 39 29458 0 0
93 195 38 29462.2 0 0
98 190 38 29466.4 0 0
96 193 38 29470.7 0 0
93 196 38 29474.9 0 0
95 191 38 29479.2 0 0
94 193 38 29483.4 0 0
92 200 38 29487.8 0 0
94 200 38 29492 0 0
95 194 38 29496.2 0 0
94 194 38 29500.4 0 0
93 197 38 29504.6 0 0
96 193 38 29508.9 0 0
93 198 39 29513.1 0 0
94 200 38 29517.3 0 0
96 193 38 29521.5 0 0
97 193 39 29525.7 0 0
96 194 38 29529.9 0 0
97 192 39 29534.2 0 0
95 198 39 29538.4 0 0
96 191 39 29542.6 0 0
92 198 39 29546.8 0 0
95 197 38 29551.1 0 0
93 200 39 29555.3 0 0
91 203 39 29559.5 0 0
93 202 39 29563.7 0 0
97 184 39 29567.9 0 0
102 172 38 29572.1 0 0
116 152 38 29576.3 0 0
127 130 38 29580.6 0 0
141 107 38 29584.8 0 0
143 88 39 29589 0 0
145 85 39 29593.2 0 0
144 68 39 29597.4 0 0
136 49 40 29601.6 0 0
135 48 39 29605.8 0 0
136 52 40 29610.1 0 0
138 59 39 29614.3 0 0
135 50 39 29618.5 0 0
138 54 40 29622.7 0 0
133 47 40 29626.9 0 0
136 49 39 29631.1 0 0
130 43 40 29635.4 0 0
134 45 39 29639.6 0 0
134 47 39 29643.8 0 0
133 38 40 29648 0 0
136 46 39 29652.2 0 0
135 45 39 29656.4 0 0
133 41 40 29660.7 0 0
131 41 40 29664.9 0 0
136 45 39 29669.1 0 0
134 78 39 29673.3 0 0
137 78 39 29677.5 0 0
133 81 39 29681.8 0 0
135 80 39 29686 0 0
136 78 39 29690.2 0 0
134 81 40 29694.4 0 0
139 83 39 29698.6 0 0
130 81 40 29702.8 0 0
136 76 39 29707 0 0
137 77 39 29711.2 0 0
139 78 39 29715.5 0 0
133 84 40 29719.7 0 0
135 76 40 29723.9 0 0
139 73 40 29728.1 0 0
135 79 40 29732.4 0 0
134 75 40 29736.6 0 0
140 77 40 29740.8 0 0
135 77 40 29745 0 0
133 77 40 29749.2 0 0
138 80 40 29753.4 0 0
136 76 40 29757.6 0 0
136 74 40 29761.9 0 0
136 78 40 29766.1 0 0
137 78 41 29770.3 0 0
140 78 40 29774.5 0 0
138 79 41 29778.7 0 0
139 77 40 29782.9 0 0
137 81 40 29787.1 0 0
136 78 40 29791.4 0 0
140 76 40 29795.6 0 0
136 77 40 29799.8 0 0
140 81 40 29804 0 0
140 77 41 29808.2 0 0
139 76 40 29812.4 0 0
134 79 40 29816.6 0 0
137 79 40 29820.9 0 0
138 78 40 29825.9 0 0
139 81 41 29830.1 0 0
141 80 40 29834.3 0 0
137 80 40 29838.5 0 0
139 81 40 29842.7 0 0
140 74 40 29846.9 0 0
141 78 40 29851.1 0 0
144 72 40 29855.4 0 0
137 77 40 29859.6 0 0
142 79 40 29863.8 0 0
138 78 40 29868 0 0
141 79 41 29872.3 0 0
140 80 40 29876.5 0 0
141 78 40 29880.7 0 0
141 80 40 29884.9 0 0
137 81 40 29889.1 0 0
141 78 41 29893.3 0 0
139 82 40 29897.5 0 0
139 78 41 29901.8 0 0
143 84 40 29906 0 0
142 78 40 29910.2 0 0
141 77 40 29914.4 0 0
137 78 40 29918.6 0 0
139 74 40 29922.8 0 0
141 77 40 29927.1 0 0
137 78 40 29931.3 0 0
140 77 40 29935.5 0 0
140 75 40 29939.7 0 0
141 79 40 29943.9 0 0
143 81 40 29948.1 0 0
140 77 40 29952.3 0 0
141 76 40 29956.5 0 0
140 76 40 29960.8 0 0
140 78 40 29965 0 0
137 77 40 29969.2 0 0
137 77 40 29973.4 0 0
139 79 40 29977.7 0 0
141 73 40 29981.9 0 0
138 79 40 29986.1 0 0
140 76 40 29990.3 0 0
141 78 40 29994.5 0 0
141 76 40 29998.7 0 0
138 79 40 30003 0 0
141 78 39 30007.2 0 0
140 76 40 30011.4 0 0
138 78 40 30015.6 0 0
134 81 40 30019.8 0 0
140 74 41 30024 0 0
139 77 40 30028.2 0 0
141 77 40 30032.4 0 0
138 78 40 30036.7 0 0
142 76 40 30040.9 0 0
140 79 40 30045.1 0 0
139 81 40 30049.3 0 0
142 76 40 30053.6 0 0
139 81 40 30057.8 0 0
138 77 41 30062 0 0
138 78 40 30066.2 0 0
139 79 40 30070.5 0 0
140 76 40 30074.7 0 0
139 76 40 30078.9 0 0
136 79 40 30083.1 0 0
137 78 40 30087.3 0 0
141 77 40 30091.5 0 0
137 78 40 30095.7 0 0
143 75 40 30100 0 0
142 78 40 30104.2 0 0
140 74 40 30108.4 0 0
139 76 40 30112.6 0 0
138 76 40 30116.8 0 0
143 79 40 30121 0 0
138 80 40 30125.2 0 0
142 79 41 30129.5 0 0
136 77 40 30133.7 0 0
137 78 40 30137.9 0 0
138 81 40 30142.1 0 0
135 78 40 30146.3 0 0
133 79 40 30150.5 0 0
134 79 41 30154.8 0 0
136 82 40 30159 0 0
136 81 40 30163.2 0 0
136 81 40 30167.4 0 0
135 79 40 30172.2 0 0
137 82 40 30176.4 0 0
137 81 40 30180.6 0 0
134 78 40 30184.9 0 0
135 84 41 30189.1 0 0
136 82 40 30193.3 0 0
133 79 40 30197.5 0 0
135 83 40 30201.7 0 0
133 79 40 30206 0 0
134 80 40 30210.2 0 0
135 83 40 30214.3 0 0
133 85 40 30218.5 0 0
133 78 40 30222.8 0 0
135 82 40 30227 0 0
136 85 40 30231.2 0 0
135 80 40 30235.4 0 0
134 78 41 30239.6 0 0
133 82 41 30243.9 0 0
123 80 40 30248.1 0 0
101 115 40 30252.3 0 0
93 108 40 30256.5 0 0
79 124 39 30260.7 0 0
69 132 39 30265 0 0
57 135 39 30269.2 0 0
51 144 40 30273.4 0 0
40 162 39 30277.6 0 0
32 178 40 30281.8 0 0
29 183 39 30286 0 0
33 179 40 30290.3 0 0
30 207 39 30294.5 0 0
34 199 39 30298.7 0 0
30 201 39 30302.9 0 0
36 196 39 30307.1 0 0
32 207 39 30311.3 0 0
30 177 39 30315.5 0 0
27 202 39 30319.9 0 0
34 209 40 30324.1 0 0
32 208 39 30328.3 0 0
31 207 39 30332.5 0 0
32 204 39 30336.7 0 0
33 204 39 30340.9 0 0
33 205 39 30345.1 0 0
30 206 39 30349.3 0 0
34 197 39 30353.6 0 0
31 206 40 30357.8 0 0
33 206 40 30362 0 0
33 196 40 30366.2 0 0
36 196 39 30370.4 0 0
14 74 59 30374.6 0 0
33 203 40 30378.9 0 0
35 200 39 30383.1 0 0
31 203 39 30387.3 0 0
35 198 40 30391.5 0 0
13 58 56 30395.7 0 0
35 199 39 30399.9 0 0
36 196 40 30404.1 0 0
36 201 39 30408.3 0 0
31 204 39 30412.6 0 0
34 192 39 30416.8 0 0
33 196 39 30421 0 0
33 206 39 30425.2 0 0
32 200 39 30429.5 0 0
36 191 39 30433.7 0 0
30 199 40 30437.9 0 0
36 188 39 30444.7 0 0
35 198 39 30449 0 0
29 200 40 30453.2 0 0
34 199 40 30457.4 0 0
31 203 39 30461.6 0 0
33 202 39 30465.8 0 0
36 186 39 30470 0 0
34 194 39 30474.2 0 0
26 201 40 30478.4 0 0
29 211 40 30482.7 0 0
28 193 39 30486.9 0 0
25 202 39 30491.1 0 0
34 196 39 30495.3 0 0
35 196 39 30499.5 0 0
35 197 39 30503.7 0 0
35 194 39 30508 0 0
35 193 39 30512.2 0 0
38 192 39 30516.4 0 0
35 191 39 30520.6 0 0
33 200 40 30524.8 0 0
34 195 39 30529 0 0
34 198 40 30533.2 0 0
35 192 40 30537.4 0 0
33 196 39 30541.7 0 0
30 193 40 30545.9 0 0
34 197 39 30553 0 0
32 201 39 30561.3 0 0
26 198 39 30569.6 0 0
33 195 39 30577.8 0 0
33 195 39 30586.3 0 0
32 204 40 30594 0 0
33 191 40 30598.3 0 0
27 197 39 30603 0 0
34 191 40 30607.2 0 0
33 192 39 30611.5 0 0
31 200 40 30615.7 0 0
31 195 39 30619.8 0 0
32 201 40 30624.1 0 0
33 190 39 30628.3 0 0
35 188 40 30632.5 0 0
32 197 40 30636.8 0 0
33 194 39 30641 0 0
36 189 40 30645.2 0 0
33 191 40 30649.4 0 0
34 184 40 30653.6 0 0
34 187 40 30657.8 0 0
31 191 40 30662.1 0 0
32 185 40 30666.3 0 0
29 199 40 30670.5 0 0
31 195 40 30674.7 0 0
28 193 40 30678.9 0 0
31 179 40 30683.1 0 0
27 202 40 30687.3 0 0
31 198 40 30691.5 0 0
35 191 39 30695.8 0 0
31 198 40 30702.9 0 0
34 187 40 30707.1 0 0
18 127 51 30711.3 0 0
33 185 40 30715.5 0 0
33 189 40 30719.7 0 0
28 198 40 30724 0 0
35 185 40 30728.2 0 0
34 190 40 30732.4 0 0
36 184 40 30736.6 0 0
33 189 40 30740.8 0 0
35 175 41 30745 0 0
31 158 40 30749.2 0 0
34 145 41 30753.5 0 0
38 115 40 30757.7 0 0
44 94 40 30761.9 0 0
46 76 41 30766.1 0 0
47 71 41 30770.3 0 0
49 54 41 30774.5 0 0
48 40 41 30778.7 0 0
42 31 41 30782.9 0 0
41 34 41 30787.2 0 0
40 28 40 30791.4 0 0
30 21 41 30795.6 0 0
31 22 42 30799.8 0 0
39 26 41 30804 0 0
39 27 41 30808.2 0 0
39 30 41 30812.5 0 0
40 31 41 30816.7 0 0
38 29 41 30823.5 0 0
39 30 41 30827.8 0 0
39 29 41 30832 0 0
39 32 41 30836.2 0 0
39 30 41 30840.4 0 0
39 32 40 30844.6 0 0
39 31 41 30848.8 0 0
38 30 41 30853.1 0 0
38 32 40 30857.3 0 0
39 30 41 30861.5 0 0
41 33 42 30865.7 0 0
38 29 40 30869.9 0 0
40 32 41 30874.1 0 0
38 32 41 30878.3 0 0
39 32 41 30882.6 0 0
39 32 40 30886.8 0 0
41 32 41 30891 0 0
38 30 41 30895.2 0 0
39 30 41 30899.5 0 0
42 29 42 30903.7 0 0
41 31 41 30907.9 0 0
41 29 41 30912.1 0 0
40 35 41 30916.3 0 0
40 31 41 30920.5 0 0
40 33 40 30927.7 0 0
42 32 41 30935.9 0 0
41 30 41 30944.4 0 0
40 30 41 30952.7 0 0
40 30 41 30960.9 0 0
40 34 41 30969 0 0
40 29 41 30973.3 0 0
38 32 41 30977.7 0 0
41 35 41 30981.9 0 0
40 31 40 30986.1 0 0
41 30 40 30990.3 0 0
41 31 41 30994.5 0 0
40 30 40 30998.7 0 0
42 32 41 31002.9 0 0
41 34 41 31007.1 0 0
39 30 40 31011.4 0 0
41 30 40 31015.6 0 0
40 33 40 31019.8 0 0
41 32 40 31024 0 0
41 34 41 31028.2 0 0
41 33 41 31032.4 0 0
41 32 40 31036.6 0 0
40 34 41 31040.8 0 0
39 33 41 31045.4 0 0
39 31 41 31049.6 0 0
41 30 41 31053.8 0 0
42 33 41 31058 0 0
42 33 40 31062.2 0 0
42 33 40 31073.3 0 0
41 30 40 31078.4 0 0
42 33 40 31082.6 0 0
41 30 40 31086.8 0 0
43 33 40 31091 0 0
42 32 41 31095.2 0 0
40 31 41 31099.5 0 0
40 33 40 31103.7 0 0
38 29 41 31108 0 0
43 32 40 31112.2 0 0
42 31 40 31116.4 0 0
43 30 40 31123.3 0 0
40 31 41 31127.5 0 0
40 33 40 31131.8 0 0
43 32 40 31136 0 0
40 31 40 31140.2 0 0
42 30 40 31144.4 0 0
39 30 40 31148.6 0 0
41 32 40 31152.8 0 0
42 32 40 31157 0 0
42 35 40 31161.2 0 0
50 39 40 31165.5 0 0
69 62 40 31169.7 0 0
76 61 41 31173.9 0 0
86 94 41 31178.1 0 0
91 112 40 31182.3 0 0
93 126 40 31186.5 0 0
101 138 40 31190.7 0 0
104 150 39 31195 0 0
101 173 39 31199.2 0 0
102 178 40 31203.4 0 0
104 179 40 31207.6 0 0
102 187 39 31211.8 0 0
97 194 39 31216 0 0
100 188 40 31220.2 0 0
102 183 39 31224.4 0 0
102 186 40 31228.7 0 0
100 190 39 31232.9 0 0
101 189 39 31237.3 0 0
96 195 39 31241.5 0 0
102 186 40 31248.3 0 0
100 188 39 31252.6 0 0
102 185 40 31256.9 0 0
99 190 39 31261.1 0 0
99 189 40 31265.3 0 0
99 190 40 31269.5 0 0
107 182 40 31273.7 0 0
102 183 40 31277.9 0 0
99 188 40 31282.1 0 0
100 193 40 31286.3 0 0
101 190 40 31290.6 0 0
103 190 40 31294.8 0 0
101 189 39 31299 0 0
104 185 40 31303.2 0 0
99 187 40 31307.4 0 0
102 188 40 31311.6 0 0
106 179 40 31315.8 0 0
106 184 39 31320.1 0 0
99 187 40 31324.5 0 0
102 184 40 31328.7 0 0
101 193 39 31335.8 0 0
104 186 39 31340 0 0
101 190 40 31344.2 0 0
100 189 40 31348.5 0 0
101 189 40 31352.9 0 0
103 185 39 31357.2 0 0
99 191 40 31361.4 0 0
102 188 40 31365.6 0 0
100 187 40 31369.8 0 0
102 189 40 31374 0 0
104 180 40 31378.2 0 0
104 184 39 31382.4 0 0
104 186 39 31386.7 0 0
105 183 40 31390.9 0 0
100 190 40 31395.1 0 0
100 189 40 31399.3 0 0
101 193 41 31403.6 0 0
101 188 40 31407.8 0 0
104 184 39 31414.7 0 0
101 187 40 31419 0 0
103 185 40 31423.2 0 0
103 187 40 31427.4 0 0
104 183 40 31431.6 0 0
101 187 40 31435.8 0 0
102 186 39 31440 0 0
105 188 40 31444.2 0 0
98 191 40 31448.5 0 0
104 187 40 31452.7 0 0
103 187 40 31456.9 0 0
103 186 41 31461.1 0 0
102 185 39 31465.3 0 0
102 188 39 31469.5 0 0
102 187 41 31473.8 0 0
105 182 40 31478 0 0
104 184 40 31482.2 0 0
102 188 40 31486.5 0 0
102 189 40 31490.7 0 0
105 185 40 31494.9 0 0
101 188 39 31499.1 0 0
100 190 40 31503.3 0 0
105 184 40 31507.6 0 0
104 182 41 31511.8 0 0
103 185 41 31516 0 0
103 184 40 31523.1 0 0
100 187 40 31527.3 0 0
99 188 40 31531.5 0 0
101 188 40 31535.7 0 0
102 185 40 31540 0 0
103 180 40 31544.2 0 0
103 186 40 31548.4 0 0
99 189 40 31552.6 0 0
99 192 40 31556.8 0 0
94 197 40 31561 0 0
102 184 40 31565.2 0 0
100 190 40 31569.4 0 0
100 189 41 31573.6 0 0
103 186 40 31577.9 0 0
102 184 40 31582.1 0 0
100 192 40 31586.3 0 0
103 184 40 31590.5 0 0
104 183 40 31594.7 0 0
103 184 40 31598.9 0 0
105 183 40 31603.1 0 0
101 189 39 31607.4 0 0
99 191 40 31611.6 0 0
100 193 40 31615.8 0 0
96 191 40 31620 0 0
94 187 40 31624.2 0 0
72 187 40 31628.4 0 0
67 188 39 31635.3 0 0
60 192 39 31639.5 0 0
55 188 39 31643.7 0 0
48 190 40 31647.9 0 0
37 192 39 31652.1 0 0
27 211 39 31656.3 0 0
35 188 38 31660.6 0 0
38 181 39 31664.8 0 0
36 183 39 31669 0 0
38 173 39 31673.2 0 0
37 177 39 31677.5 0 0
35 180 39 31681.7 0 0
35 177 39 31685.9 0 0
33 181 39 31690.1 0 0
35 184 39 31694.3 0 0
30 196 39 31698.5 0 0
35 197 39 31702.7 0 0
35 178 39 31707 0 0
36 188 39 31711.2 0 0
36 188 39 31715.4 0 0
32 203 39 31719.6 0 0
36 191 40 31723.9 0 0
33 193 39 31728.1 0 0
33 189 39 31732.4 0 0
33 183 39 31736.6 0 0
34 185 40 31740.8 0 0
34 196 39 31747.9 0 0
35 186 39 31752.1 0 0
39 195 39 31756.3 0 0
31 202 39 31760.6 0 0
27 199 39 31764.8 0 0
37 189 39 31769 0 0
34 203 40 31773.2 0 0
37 193 39 31777.4 0 0
37 187 39 31781.6 0 0
34 192 39 31785.8 0 0
32 206 39 31790.1 0 0
37 181 39 31795.8 0 0
36 186 39 31800 0 0
38 190 39 31806 0 0
35 187 38 31810.2 0 0
36 192 39 31814.5 0 0
35 197 39 31818.8 0 0
35 188 39 31823 0 0
37 187 39 31827.3 0 0
35 194 39 31831.5 0 0
39 182 39 31835.7 0 0
37 186 39 31839.9 0 0
36 177 39 31844.1 0 0
37 186 39 31848.3 0 0
36 184 38 31852.6 0 0
30 202 39 31856.8 0 0
37 187 39 31861 0 0
34 179 39 31865.2 0 0
29 197 39 31869.4 0 0
37 184 39 31873.6 0 0
38 183 39 31877.9 0 0
34 185 39 31882.1 0 0
31 204 40 31886.3 0 0
35 185 39 31890.5 0 0
36 186 39 31894.8 0 0
36 186 39 31899 0 0
35 192 39 31906 0 0
34 185 39 31910.2 0 0
35 183 40 31914.4 0 0
33 184 39 31918.6 0 0
36 189 39 31922.8 0 0
37 188 39 31927 0 0
36 181 39 31931.2 0 0
38 182 39 31935.4 0 0
35 187 39 31939.7 0 0
30 188 39 31944 0 0
33 182 39 31948.2 0 0
35 186 40 31952.4 0 0
38 182 39 31956.6 0 0
36 189 39 31960.8 0 0
24 200 39 31965.1 0 0
39 179 40 31969.3 0 0
46 181 40 31973.5 0 0
54 170 40 31977.8 0 0
70 136 40 31982 0 0
81 133 39 31986.2 0 0
87 115 40 31990.4 0 0
110 107 40 31997.4 0 0
120 89 41 32005.9 0 0
128 82 40 32014.1 0 0
131 71 40 32022.6 0 0
126 79 40 32030.8 0 0
126 79 40 32039.1 0 0
118 113 40 32047.2 0 0
131 78 40 32051.4 0 0
119 110 40 32055.8 0 0
123 107 40 32060 0 0
118 112 40 32064.3 0 0
131 74 40 32068.5 0 0
122 107 40 32072.7 0 0
119 110 40 32077 0 0
120 107 40 32081.2 0 0
119 107 39 32085.4 0 0
118 112 40 32089.6 0 0
120 108 40 32093.8 0 0
119 104 40 32098 0 0
120 107 40 32102.3 0 0
119 106 40 32106.5 0 0
116 108 40 32110.7 0 0
121 109 39 32114.9 0 0
119 108 40 32119.1 0 0
118 104 40 32123.3 0 0
117 111 40 32127.5 0 0
121 106 40 32131.8 0 0
120 105 40 32136 0 0
123 103 40 32140.2 0 0
121 101 40 32144.4 0 0
124 107 39 32148.6 0 0
131 96 39 32152.8 0 0
125 97 40 32160 0 0
126 100 40 32164.2 0 0
126 92 40 32168.4 0 0
126 94 40 32172.7 0 0
118 85 41 32176.9 0 0
107 90 41 32181.1 0 0
91 111 40 32185.3 0 0
78 108 40 32189.5 0 0
73 115 40 32193.7 0 0
66 121 40 32198 0 0
66 118 40 32202.2 0 0
65 123 40 32206.4 0 0
67 122 40 32210.6 0 0
70 125 40 32214.8 0 0
69 124 40 32219 0 0
69 115 40 32223.2 0 0
63 123 40 32227.5 0 0
62 130 40 32231.7 0 0
64 119 40 32235.9 0 0
66 118 40 32240.1 0 0
67 120 40 32244.3 0 0
64 125 41 32248.5 0 0
69 119 40 32255.6 0 0
65 121 40 32263.9 0 0
68 123 40 32272.3 0 0
67 121 41 32280.6 0 0
67 121 41 32288.9 0 0
89 113 40 32297.2 0 0
116 79 41 32301.4 0 0
114 83 41 32305.6 0 0
110 87 41 32309.8 0 0
109 91 41 32314 0 0
109 87 41 32318.3 0 0
107 87 40 32322.6 0 0
109 86 40 32326.8 0 0
110 82 41 32331 0 0
111 82 41 32335.3 0 0
109 82 40 32339.5 0 0
109 87 41 32343.7 0 0
108 83 40 32347.9 0 0
110 84 41 32352.1 0 0
106 87 40 32356.3 0 0
108 87 40 32360.5 0 0
108 84 41 32364.8 0 0
108 87 41 32369 0 0
110 89 41 32373.2 0 0
113 89 41 32377.4 0 0
126 91 41 32381.6 0 0
131 72 41 32385.8 0 0
137 72 41 32390.1 0 0
139 68 40 32394.3 0 0
142 75 41 32398.5 0 0
136 73 40 32402.8 0 0
135 73 41 32414 0 0
136 78 41 32422.2 0 0
136 78 41 32430.4 0 0
134 73 41 32437.8 0 0
135 72 41 32442.1 0 0
137 74 41 32447.2 0 0
136 78 41 32451.7 0 0
135 77 41 32455.9 0 0
139 76 41 32460.1 0 0
136 72 42 32464.3 0 0
136 75 41 32468.5 0 0
138 72 41 32472.7 0 0
136 72 41 32476.9 0 0
137 71 41 32481.6 0 0
135 72 41 32485.8 0 0
138 72 40 32490 0 0
138 72 40 32494.2 0 0
137 71 41 32500.3 0 0
135 69 41 32504.5 0 0
136 72 40 32509.6 0 0
135 72 41 32513.9 0 0
136 69 41 32518.1 0 0
133 71 41 32522.3 0 0
138 73 41 32526.5 0 0
135 70 41 32530.7 0 0
139 73 41 32534.9 0 0
135 73 42 32539.1 0 0
135 69 41 32543.4 0 0
135 67 40 32547.6 0 0
134 72 41 32551.8 0 0
134 67 40 32556 0 0
132 66 41 32560.2 0 0
135 71 41 32564.4 0 0
135 69 41 32568.6 0 0
136 72 41 32572.8 0 0
134 66 41 32577.1 0 0
135 70 41 32581.3 0 0
132 71 41 32585.5 0 0
134 69 41 32589.7 0 0
133 69 41 32593.9 0 0
134 63 41 32598.1 0 0
134 69 41 32602.3 0 0
136 66 41 32606.6 0 0
133 65 41 32610.8 0 0
134 68 40 32615 0 0
134 68 40 32619.2 0 0
136 65 41 32625.3 0 0
133 66 41 32629.5 0 0
134 68 41 32633.8 0 0
131 78 41 32638 0 0
114 92 41 32642.2 0 0
105 106 40 32646.5 0 0
81 125 40 32650.7 0 0
64 142 40 32654.9 0 0
56 150 39 32659.1 0 0
49 158 41 32663.3 0 0
39 170 40 32667.5 0 0
33 185 39 32671.7 0 0
27 193 40 32676 0 0
28 197 39 32680.2 0 0
19 196 39 32684.3 0 0
28 199 39 32688.6 0 0
28 205 39 32692.8 0 0
29 197 39 32697 0 0
29 193 39 32701.3 0 0
26 192 39 32705.5 0 0
29 184 39 32709.7 0 0
26 191 39 32713.9 0 0
28 208 39 32718.1 0 0
33 192 39 32722.3 0 0
31 194 39 32726.5 0 0
28 191 39 32730.8 0 0
30 193 40 32735 0 0
31 200 39 32739.3 0 0
18 197 39 32743.5 0 0
24 201 40 32747.7 0 0
25 203 39 32751.9 0 0
25 198 39 32756.1 0 0
24 197 39 32760.4 0 0
29 206 40 32764.6 0 0
27 190 39 32768.8 0 0
26 195 39 32773 0 0
25 203 39 32777.2 0 0
27 199 39 32781.4 0 0
29 199 39 32785.6 0 0
31 198 39 32789.9 0 0
30 202 39 32794.1 0 0
28 199 39 32800.8 0 0
22 208 39 32805.1 0 0
32 194 39 32809.3 0 0
25 197 39 32813.7 0 0
32 200 40 32817.9 0 0
29 199 40 32822.1 0 0
29 201 39 32826.4 0 0
30 197 39 32830.6 0 0
24 203 39 32834.8 0 0
33 195 39 32839 0 0
30 206 39 32843.2 0 0
34 193 39 32847.4 0 0
33 190 40 32851.6 0 0
31 190 39 32855.9 0 0
33 193 40 32860.1 0 0
30 189 39 32864.3 0 0
33 190 39 32868.5 0 0
33 192 39 32872.7 0 0
26 187 39 32876.9 0 0
31 191 39 32881.1 0 0
33 188 39 32885.4 0 0
23 202 40 32889.6 0 0
30 187 39 32893.8 0 0
34 182 39 32900.7 0 0
34 193 38 32905 0 0
31 192 39 32909.2 0 0
29 189 39 32913.4 0 0
31 189 39 32917.7 0 0
31 206 39 32921.9 0 0
34 184 39 32926.1 0 0
30 196 39 32930.3 0 0
31 191 39 32934.5 0 0
18 138 46 32938.7 0 0
31 197 39 32942.9 0 0
30 188 40 32947.2 0 0
30 188 39 32951.4 0 0
27 190 39 32955.6 0 0
34 200 39 32959.8 0 0
30 201 39 32964 0 0
28 189 40 32968.2 0 0
30 202 39 32972.4 0 0
32 194 39 32976.7 0 0
27 202 39 32980.9 0 0
31 191 38 32985.1 0 0
33 193 39 32989.3 0 0
33 200 39 32993.5 0 0
28 190 40 32997.7 0 0
34 189 39 33001.9 0 0
31 189 39 33006.2 0 0
32 198 39 33010.4 0 0
32 196 39 33014.6 0 0
32 194 39 33018.8 0 0
33 188 39 33025.6 0 0
32 193 39 33029.9 0 0
33 197 39 33034.1 0 0
32 195 39 33038.4 0 0
33 192 39 33042.6 0 0
33 196 40 33046.8 0 0
33 191 39 33051.1 0 0
34 193 39 33055.3 0 0
30 186 39 33059.5 0 0
24 203 39 33063.7 0 0
33 182 38 33067.9 0 0
40 158 39 33072.1 0 0
44 105 47 33076.3 0 0
54 108 40 33080.6 0 0
62 89 41 33084.8 0 0
65 71 40 33089 0 0
63 60 40 33093.2 0 0
62 69 39 33097.4 0 0
62 69 41 33101.6 0 0
62 69 40 33107.1 0 0
62 69 40 33111.3 0 0
62 69 40 33117.3 0 0
62 69 40 33121.5 0 0
62 69 39 33125.7 0 0
62 69 40 33129.9 0 0
62 69 40 33134.2 0 0
62 69 40 33138.4 0 0
62 69 40 33142.6 0 0
62 69 40 33146.8 0 0
62 69 40 33151 0 0
62 69 40 33155.2 0 0
62 69 40 33159.4 0 0
62 69 40 33163.7 0 0
62 69 40 33167.9 0 0
62 69 40 33172.1 0 0
62 69 40 33176.3 0 0
62 69 40 33180.5 0 0
62 69 40 33184.7 0 0
62 69 40 33188.9 0 0
62 69 40 33193.2 0 0
62 69 40 33197.4 0 0
62 69 40 33201.6 0 0
62 69 40 33205.8 0 0
62 69 40 33210 0 0
59 73 41 33214.2 0 0
59 73 41 33218.4 0 0
67 71 40 33222.7 0 0
57 76 41 33226.9 0 0
62 72 40 33233.9 0 0
60 71 40 33238.1 0 0
65 72 41 33242.3 0 0
57 76 41 33246.5 0 0
60 75 40 33250.8 0 0
57 76 40 33255 0 0
54 70 40 33259.2 0 0
60 72 41 33263.4 0 0
63 75 41 33267.7 0 0
65 74 41 33271.9 0 0
54 70 40 33276.1 0 0
64 75 41 33280.3 0 0
55 71 40 33284.5 0 0
61 72 40 33288.7 0 0
58 71 40 33292.9 0 0
62 70 41 33297.2 0 0
54 71 41 33301.4 0 0
63 69 40 33305.6 0 0
54 68 40 33309.8 0 0
57 69 41 33314 0 0
63 67 41 33318.3 0 0
55 67 40 33322.5 0 0
59 71 41 33326.8 0 0
67 68 40 33331 0 0
56 69 41 33337.8 0 0
56 70 40 33342 0 0
58 71 40 33346.3 0 0
64 67 41 33350.6 0 0
63 69 40 33355 0 0
63 71 40 33359.2 0 0
62 70 42 33363.5 0 0
64 71 40 33367.7 0 0
64 70 41 33371.9 0 0
64 73 41 33376.1 0 0
67 56 41 33380.3 0 0
62 54 41 33384.6 0 0
47 51 41 33388.8 0 0
42 49 41 33393 0 0
40 49 40 33397.2 0 0
39 43 40 33401.5 0 0
38 44 40 33405.7 0 0
40 42 40 33410 0 0
39 44 41 33414.2 0 0
40 41 41 33418.4 0 0
42 44 40 33422.6 0 0
40 43 41 33429.5 0 0
40 41 40 33433.7 0 0
41 42 41 33437.9 0 0
41 45 40 33442.1 0 0
43 44 41 33446.4 0 0
42 42 40 33450.6 0 0
37 43 40 33454.8 0 0
42 42 41 33459 0 0
40 41 40 33463.2 0 0
40 42 40 33467.4 0 0
40 41 41 33471.6 0 0
41 45 41 33475.9 0 0
38 42 41 33480.1 0 0
40 40 40 33484.3 0 0
40 40 40 33488.5 0 0
40 43 40 33492.7 0 0
39 42 41 33496.9 0 0
38 45 40 33501.2 0 0
39 40 41 33505.4 0 0
39 43 40 33509.6 0 0
41 43 41 33513.8 0 0
40 41 40 33518.1 0 0
41 41 41 33522.3 0 0
41 41 41 33526.5 0 0
41 43 40 33531.6 0 0
40 41 40 33535.8 0 0
42 41 40 33540 0 0
41 41 40 33544.3 0 0
37 41 40 33548.5 0 0
39 41 41 33552.7 0 0
40 40 40 33556.9 0 0
39 43 41 33561.1 0 0
38 45 41 33565.4 0 0
40 41 40 33569.6 0 0
40 42 41 33573.8 0 0
41 45 40 33578 0 0
39 44 40 33582.2 0 0
39 43 41 33586.4 0 0
42 40 40 33590.6 0 0
41 41 40 33594.8 0 0
41 43 41 33599.1 0 0
40 42 41 33603.3 0 0
39 42 41 33607.5 0 0
39 41 40 33611.7 0 0
39 42 41 33615.9 0 0
41 43 41 33620.1 0 0
41 41 40 33624.3 0 0
41 44 41 33628.6 0 0
38 43 40 33632.8 0 0
40 45 40 33637.1 0 0
41 41 41 33641.3 0 0
41 41 41 33645.5 0 0
41 42 40 33649.7 0 0
41 43 40 33653.9 0 0
41 41 40 33658.1 0 0
41 43 40 33662.3 0 0
39 43 40 33666.6 0 0
39 43 40 33670.8 0 0
40 44 40 33675 0 0
40 39 40 33679.2 0 0
40 42 40 33683.4 0 0
39 41 40 33687.7 0 0
40 42 40 33691.9 0 0
39 40 41 33696.1 0 0
40 42 41 33700.4 0 0
39 42 41 33704.6 0 0
39 43 40 33708.8 0 0
41 41 41 33713 0 0
45 45 40 33717.2 0 0
56 54 40 33721.4 0 0
69 59 40 33725.6 0 0
85 69 41 33729.8 0 0
93 81 41 33734.1 0 0
93 119 41 33738.3 0 0
104 124 40 33742.5 0 0
105 147 40 33746.7 0 0
108 159 39 33750.9 0 0
109 175 39 33755.1 0 0
109 185 40 33759.3 0 0
109 196 40 33763.6 0 0
112 199 40 33767.8 0 0
113 206 40 33772 0 0
111 215 39 33776.2 0 0
111 219 39 33780.4 0 0
110 223 39 33784.6 0 0
113 215 39 33788.8 0 0
114 211 39 33793.1 0 0
112 219 39 33797.3 0 0
116 212 39 33801.5 0 0
113 218 39 33805.7 0 0
108 230 39 33809.9 0 0
109 225 39 33814.1 0 0
112 220 39 33818.3 0 0
112 219 40 33822.6 0 0
112 220 40 33826.8 0 0
111 218 39 33831 0 0
112 221 39 33835.2 0 0
113 217 39 33839.4 0 0
109 224 39 33843.6 0 0
111 220 39 33847.8 0 0
111 220 39 33852 0 0
115 214 40 33856.3 0 0
109 226 40 33860.5 0 0
115 215 40 33864.7 0 0
113 216 40 33868.9 0 0
110 221 39 33873.2 0 0
112 217 39 33877.4 0 0
110 221 40 33881.6 0 0
110 225 40 33885.8 0 0
113 220 39 33890.1 0 0
115 215 40 33894.3 0 0
118 210 40 33898.5 0 0
111 222 40 33902.7 0 0
111 221 40 33906.9 0 0
112 219 39 33911.1 0 0
116 212 39 33915.3 0 0
111 221 40 33919.6 0 0
115 213 40 33923.8 0 0
111 222 40 33928 0 0
108 229 40 33932.2 0 0
115 215 40 33936.4 0 0
117 210 40 33940.6 0 0
107 230 40 33944.8 0 0
110 224 39 33949.1 0 0
115 215 39 33953.2 0 0
115 216 39 33957.5 0 0
114 220 40 33961.7 0 0
115 225 40 33965.9 0 0
116 227 40 33970.1 0 0
115 235 40 33974.7 0 0
115 233 40 33979 0 0
114 232 39 33983.2 0 0
113 232 40 33987.4 0 0
115 231 39 33991.7 0 0
117 225 39 33995.8 0 0
115 231 40 34000.1 0 0
114 232 40 34004.3 0 0
113 233 40 34008.5 0 0
113 233 40 34012.8 0 0
116 224 41 34021.2 0 0
111 238 39 34025.4 0 0
115 233 40 34029.6 0 0
116 226 40 34033.8 0 0
114 232 40 34038 0 0
115 231 41 34042.3 0 0
115 234 40 34046.5 0 0
114 233 40 34050.8 0 0
113 237 40 34055 0 0
114 229 40 34059.2 0 0
117 225 40 34063.4 0 0
115 229 39 34067.6 0 0
115 228 40 34071.9 0 0
116 228 39 34076.1 0 0
116 227 40 34080.3 0 0
117 223 39 34084.5 0 0
115 230 40 34088.7 0 0
116 229 40 34092.9 0 0
116 228 40 34097.1 0 0
116 229 40 34101.3 0 0
116 227 40 34105.7 0 0
116 230 40 34109.9 0 0
116 227 40 34114.1 0 0
113 235 41 34118.3 0 0
116 225 40 34122.5 0 0
115 228 39 34126.8 0 0
117 226 40 34131 0 0
114 230 40 34135.2 0 0
114 235 40 34139.4 0 0
117 225 40 34143.7 0 0
115 228 40 34147.8 0 0
117 225 41 34152.1 0 0
115 231 40 34156.2 0 0
118 225 41 34160.5 0 0
119 225 40 34164.7 0 0
114 230 40 34168.9 0 0
116 232 40 34173.2 0 0
117 225 40 34177.4 0 0
115 229 40 34181.6 0 0
115 228 41 34185.8 0 0
117 227 40 34190 0 0
116 227 40 34194.2 0 0
117 227 40 34198.4 0 0
115 229 40 34202.7 0 0
113 235 40 34206.9 0 0
116 227 41 34211.1 0 0
115 230 40 34219.5 0 0
115 227 41 34223.7 0 0
113 236 39 34227.9 0 0
115 227 41 34232.2 0 0
118 224 40 34236.4 0 0
115 228 40 34240.6 0 0
115 228 40 34244.8 0 0
114 231 40 34249 0 0
118 221 40 34253.2 0 0
116 226 40 34257.5 0 0
116 227 40 34261.7 0 0
121 220 40 34265.9 0 0
115 227 41 34270.1 0 0
116 227 40 34274.3 0 0
110 238 40 34278.5 0 0
117 225 41 34282.7 0 0
119 221 40 34286.9 0 0
114 233 41 34291.2 0 0
119 222 41 34295.4 0 0
118 222 40 34299.9 0 0
112 238 39 34304.1 0 0
117 226 40 34308.3 0 0
118 221 40 34312.6 0 0
116 230 41 34316.8 0 0
119 220 40 34321 0 0
118 221 41 34325.3 0 0
118 225 40 34329.5 0 0
116 227 40 34333.7 0 0
113 233 40 34337.9 0 0
116 229 40 34342.1 0 0
117 224 40 34346.3 0 0
115 233 40 34350.5 0 0
115 231 40 34354.8 0 0
116 228 40 34359 0 0
119 223 40 34363.2 0 0
116 227 40 34367.4 0 0
115 231 40 34371.6 0 0
115 228 40 34375.8 0 0
118 224 40 34380.1 0 0
118 224 40 34384.3 0 0
119 224 40 34388.6 0 0
117 226 41 34395.5 0 0
116 227 40 34399.7 0 0
116 228 40 34403.9 0 0
114 232 41 34408.1 0 0
117 227 40 34412.3 0 0
118 224 40 34416.6 0 0
115 229 40 34420.8 0 0
116 226 40 34425 0 0
117 227 40 34429.2 0 0
115 230 40 34433.4 0 0
117 229 39 34437.6 0 0
117 226 40 34441.8 0 0
114 231 40 34446.1 0 0
113 233 41 34450.3 0 0
120 220 40 34454.6 0 0
118 221 40 34458.8 0 0
120 219 40 34463 0 0
121 220 40 34467.2 0 0
119 222 40 34471.4 0 0
116 230 40 34475.6 0 0
117 225 40 34479.9 0 0
113 234 40 34484.1 0 0
116 229 40 34488.3 0 0
118 222 40 34492.5 0 0
119 224 39 34499.4 0 0
116 229 40 34503.6 0 0
117 224 40 34507.9 0 0
117 225 39 34512.3 0 0
114 233 39 34516.5 0 0
116 228 39 34520.7 0 0
117 227 39 34524.9 0 0
118 221 39 34529.1 0 0
117 226 40 34533.3 0 0
116 225 39 34537.5 0 0
118 223 40 34541.8 0 0
118 223 39 34546 0 0
121 221 40 34550.3 0 0
129 215 40 34554.5 0 0
234 209 39 34558.7 0 0
261 210 39 34562.9 0 0
224 119 39 34796.3 0 0
222 119 39 34800.7 0 0
224 99 38 34804.9 0 0
221 98 40 34811.6 0 0
222 100 39 34815.8 0 0
231 129 39 34820.1 0 0
238 128 39 34824.4 0 0
214 124 39 34828.6 0 0
230 127 39 34832.8 0 0
233 130 39 34837 0 0
242 131 39 34841.2 0 0
240 132 39 34845.4 0 0
231 128 39 34849.6 0 0
210 120 39 34853.8 0 0
220 125 39 34858.1 0 0
243 130 39 34862.3 0 0
215 125 40 34866.6 0 0
227 127 39 34870.8 0 0
206 122 39 34875 0 0
224 125 39 34879.2 0 0
214 123 39 34883.4 0 0
224 126 39 34887.6 0 0
224 126 39 34891.8 0 0
230 127 40 34896.1 0 0
205 122 39 34900.3 0 0
215 123 39 34904.5 0 0
208 124 39 34908.7 0 0
232 127 39 34913 0 0
201 118 39 34917.2 0 0
212 119 39 34921.4 0 0
204 122 39 34928.4 0 0
221 124 39 34932.6 0 0
201 120 39 34936.8 0 0
225 125 38 34941.1 0 0
209 124 40 34945.3 0 0
209 125 39 34949.5 0 0
223 126 39 34953.7 0 0
243 129 39 34957.9 0 0
212 120 39 34962.1 0 0
223 110 39 34966.3 0 0
218 123 38 34970.6 0 0
209 121 39 34974.8 0 0
232 129 39 34979 0 0
224 108 39 34983.2 0 0
211 106 39 34987.5 0 0
218 111 39 34991.7 0 0
216 106 39 34995.9 0 0
214 112 39 35000.1 0 0
222 110 39 35004.3 0 0
209 121 38 35008.5 0 0
220 112 38 35012.9 0 0
220 123 39 35017.1 0 0
223 108 39 35021.3 0 0
223 108 39 35025.5 0 0
218 109 38 35031.6 0 0
209 105 39 35035.8 0 0
193 98 40 35040.1 0 0
168 123 39 35044.3 0 0
164 107 39 35048.5 0 0
157 93 39 35052.7 0 0
154 100 38 35056.9 0 0
147 107 37 35061.1 0 0
141 107 37 35065.3 0 0
140 107 38 35069.5 0 0
143 111 37 35073.8 0 0
150 106 37 35078 0 0
148 103 38 35082.2 0 0
148 106 37 35086.4 0 0
142 111 37 35090.6 0 0
143 111 38 35094.8 0 0
142 113 38 35099 0 0
145 112 37 35103.3 0 0
146 111 38 35107.5 0 0
145 111 37 35111.7 0 0
151 103 37 35115.9 0 0
145 110 37 35120.1 0 0
145 110 37 35124.3 0 0
148 107 37 35128.5 0 0
147 107 38 35132.8 0 0
144 112 38 35137 0 0
145 105 37 35141.2 0 0
145 110 38 35145.4 0 0
149 103 37 35149.6 0 0
145 112 37 35153.8 0 0
145 108 37 35158 0 0
147 105 37 35162.3 0 0
147 108 37 35166.5 0 0
147 109 38 35170.7 0 0
144 109 37 35174.9 0 0
147 111 38 35179.2 0 0
144 110 37 35183.4 0 0
148 110 37 35187.6 0 0
145 107 38 35191.8 0 0
147 111 37 35196 0 0
146 111 37 35200.2 0 0
145 109 37 35204.5 0 0
147 109 37 35208.7 0 0
148 110 38 35212.9 0 0
145 106 37 35217.1 0 0
142 113 38 35221.3 0 0
146 110 37 35225.5 0 0
151 108 37 35229.7 0 0
144 112 38 35233.9 0 0
147 106 37 35238.2 0 0
148 107 37 35242.4 0 0
147 108 38 35246.6 0 0
145 112 38 35250.8 0 0
144 111 38 35255 0 0
144 112 38 35259.2 0 0
147 112 37 35263.5 0 0
145 112 39 35267.7 0 0
152 109 38 35271.9 0 0
147 111 38 35276.1 0 0
148 107 38 35280.3 0 0
145 113 38 35284.5 0 0
148 112 37 35288.8 0 0
142 116 38 35293 0 0
145 110 38 35297.3 0 0
147 110 37 35301.5 0 0
144 111 37 35305.7 0 0
146 113 38 35309.9 0 0
144 108 38 35314.1 0 0
147 108 38 35318.3 0 0
145 107 38 35322.6 0 0
147 112 38 35326.8 0 0
146 110 38 35331 0 0
148 113 38 35335.2 0 0
144 113 38 35339.4 0 0
143 116 38 35343.6 0 0
145 107 38 35347.8 0 0
143 116 38 35352 0 0
144 109 38 35356.5 0 0
144 109 38 35360.7 0 0
144 109 38 35364.9 0 0
199 136 39 35369.1 0 0
221 150 39 35373.3 0 0
226 159 39 35377.6 0 0
253 165 38 35381.8 0 0
180 206 39 35504.1 0 0
239 180 40 35749.3 0 0
185 180 40 35753.6 0 0
150 172 41 35757.8 0 0
128 167 41 35762 0 0
127 159 41 35766.2 0 0
116 158 40 35770.4 0 0
104 161 41 35777.4 0 0
108 162 41 35785.8 0 0
110 160 40 35794.1 0 0
107 161 40 35802.3 0 0
112 152 41 35810.8 0 0
111 156 41 35819.1 0 0
111 155 41 35827.3 0 0
110 156 41 35835.8 0 0
108 160 41 35844.1 0 0
108 160 41 35852.5 0 0
113 155 41 35860 0 0
111 156 40 35864.2 0 0
110 158 40 35869 0 0
110 159 40 35873.2 0 0
109 159 41 35877.5 0 0
112 157 41 35881.7 0 0
112 158 40 35885.9 0 0
110 158 40 35890.1 0 0
116 155 40 35894.3 0 0
123 139 41 35898.5 0 0
131 131 40 35902.7 0 0
128 132 40 35906.9 0 0
127 132 40 35911.2 0 0
126 135 40 35915.4 0 0
125 137 40 35919.6 0 0
127 137 40 35923.8 0 0
123 140 40 35928 0 0
122 139 41 35932.2 0 0
126 137 40 35936.4 0 0
125 137 40 35940.7 0 0
122 139 41 35944.9 0 0
125 135 40 35949.2 0 0
123 144 40 35953.4 0 0
122 138 40 35957.6 0 0
125 140 40 35961.8 0 0
128 132 40 35966 0 0
119 142 41 35970.2 0 0
119 142 41 35977.4 0 0
130 130 40 35984.7 0 0
123 138 40 35988.9 0 0
124 139 40 35993.9 0 0
124 140 40 35998.2 0 0
129 136 40 36002.4 0 0
125 139 40 36006.6 0 0
127 134 40 36010.9 0 0
126 138 40 36015.1 0 0
122 140 40 36019.3 0 0
127 134 40 36023.5 0 0
122 141 40 36027.7 0 0
127 136 40 36031.9 0 0
124 138 41 36036.1 0 0
127 132 40 36040.4 0 0
122 139 40 36044.6 0 0
122 139 40 36048.8 0 0
125 140 40 36053 0 0
121 140 41 36057.2 0 0
124 135 40 36061.4 0 0
123 133 40 36065.6 0 0
115 139 39 36069.9 0 0
116 136 39 36074.1 0 0
118 137 40 36078.3 0 0
122 133 39 36082.5 0 0
122 134 40 36086.7 0 0
123 136 41 36090.9 0 0
123 132 39 36097.8 0 0
123 131 39 36102.3 0 0
124 131 40 36106.5 0 0
120 136 40 36110.7 0 0
119 134 40 36114.9 0 0
122 133 40 36119.1 0 0
122 133 40 36123.3 0 0
118 140 40 36127.5 0 0
125 129 40 36131.8 0 0
120 136 40 36136 0 0
122 135 40 36140.2 0 0
117 143 39 36144.4 0 0
119 134 40 36148.6 0 0
120 136 40 36152.8 0 0
121 136 39 36157 0 0
119 136 39 36161.2 0 0
117 137 39 36165.5 0 0
120 138 39 36170.6 0 0
121 135 40 36174.8 0 0
120 138 40 36181.2 0 0
119 137 40 36185.4 0 0
123 133 39 36189.6 0 0
123 134 40 36193.8 0 0
122 128 40 36198.1 0 0
118 138 40 36202.3 0 0
122 129 39 36206.5 0 0
121 138 39 36210.7 0 0
122 135 39 36214.9 0 0
120 135 39 36219.3 0 0
124 134 39 36223.6 0 0
121 136 39 36227.8 0 0
122 133 39 36232 0 0
125 132 39 36236.2 0 0
121 132 39 36240.4 0 0
123 129 39 36244.6 0 0
124 129 39 36248.8 0 0
125 129 39 36253.1 0 0
125 132 39 36257.3 0 0
120 134 39 36261.5 0 0
124 135 39 36265.7 0 0
121 133 39 36269.9 0 0
125 130 39 36274.1 0 0
118 138 39 36278.3 0 0
119 140 39 36285.3 0 0
121 132 39 36289.6 0 0
117 137 40 36293.8 0 0
118 134 38 36298 0 0
126 128 38 36302.4 0 0
118 135 39 36306.6 0 0
122 127 39 36310.8 0 0
119 138 39 36315 0 0
105 169 37 36319.2 0 0
105 169 0 36323.5 0 0
105 169 0 36327.7 0 0
105 169 0 36331.9 0 0
105 169 0 36336.1 0 0
105 169 0 36340.3 0 0
105 169 0 36344.5 0 0
105 169 0 36351.6 0 0
105 169 0 36355.8 0 0
105 169 0 36360.1 0 0
105 169 0 36364.3 0 0
105 169 0 36368.5 0 0
105 169 0 36372.7 0 0
105 169 0 36376.9 0 0
105 169 0 36381.2 0 0
105 169 0 36385.4 0 0
105 169 0 36389.6 0 0
105 169 0 36393.8 0 0
105 169 0 36398 0 0
109 160 36 36402.2 0 0
113 148 37 36406.4 0 0
119 140 37 36410.7 0 0
118 136 38 36415 0 0
123 128 38 36419.9 0 0
120 132 39 36424.2 0 0
120 135 38 36430.9 0 0
122 132 38 36435.2 0 0
122 131 37 36439.4 0 0
126 126 39 36443.6 0 0
125 128 38 36447.9 0 0
121 129 39 36452.1 0 0
119 137 39 36456.3 0 0
125 127 38 36460.5 0 0
122 127 39 36464.7 0 0
122 128 38 36468.9 0 0
123 128 39 36473.1 0 0
125 132 37 36477.4 0 0
121 134 38 36481.6 0 0
120 135 38 36485.8 0 0
120 135 37 36490 0 0
125 133 39 36494.2 0 0
122 132 38 36498.4 0 0
123 135 38 36502.7 0 0
127 127 38 36506.9 0 0
120 132 38 36511.1 0 0
122 136 38 36515.3 0 0
124 130 39 36519.6 0 0
120 133 38 36523.8 0 0
123 131 37 36527.9 0 0
122 132 38 36535.1 0 0
125 127 39 36543.4 0 0
121 131 38 36551.8 0 0
126 127 38 36560.1 0 0
122 131 38 36568.3 0 0
119 137 38 36576.8 0 0
122 132 38 36585 0 0
122 125 39 36593.3 0 0
122 125 39 36601.8 0 0
122 135 40 36609.7 0 0
124 132 38 36613.9 0 0
122 132 39 36618.3 0 0
123 134 38 36622.5 0 0
123 131 39 36626.7 0 0
122 131 38 36630.9 0 0
122 130 38 36635.2 0 0
121 133 38 36639.4 0 0
125 128 39 36643.6 0 0
123 131 38 36647.8 0 0
126 129 38 36652 0 0
123 130 38 36656.2 0 0
125 129 39 36660.4 0 0
128 125 39 36664.7 0 0
122 133 38 36668.9 0 0
121 131 38 36673.1 0 0
124 132 38 36677.3 0 0
121 132 38 36681.5 0 0
123 131 39 36685.7 0 0
127 126 39 36689.9 0 0
122 131 39 36694.2 0 0
121 131 38 36698.4 0 0
124 131 39 36702.6 0 0
124 129 38 36706.8 0 0
123 132 39 36711 0 0
123 132 38 36715.2 0 0
128 125 38 36719.4 0 0
123 129 38 36723.7 0 0
123 129 38 36727.9 0 0
127 127 38 36734.7 0 0
124 127 39 36738.9 0 0
125 132 38 36743.1 0 0
120 136 38 36747.3 0 0
122 128 38 36751.5 0 0
123 129 39 36755.8 0 0
120 130 38 36760 0 0
124 127 38 36764.2 0 0
123 132 39 36768.4 0 0
124 131 39 36772.6 0 0
122 130 39 36776.8 0 0
121 132 39 36781 0 0
125 125 39 36785.2 0 0
123 130 38 36789.5 0 0
123 131 39 36793.7 0 0
123 127 39 36797.9 0 0
124 129 38 36802.1 0 0
124 127 39 36806.3 0 0
125 127 39 36810.5 0 0
123 127 39 36814.8 0 0
123 129 39 36819 0 0
127 128 39 36823.2 0 0
121 133 38 36827.4 0 0
122 129 39 36831.6 0 0
124 128 40 36835.8 0 0
126 130 39 36840.1 0 0
126 128 39 36844.3 0 0
120 132 39 36848.5 0 0
126 124 38 36852.8 0 0
121 133 39 36857 0 0
126 122 39 36861.2 0 0
126 123 39 36865.4 0 0
122 126 39 36869.7 0 0
125 125 39 36873.9 0 0
126 130 39 36878.1 0 0
128 126 38 36882.3 0 0
124 124 38 36886.5 0 0
124 127 39 36890.7 0 0
125 126 39 36894.9 0 0
123 129 39 36899.1 0 0
124 128 39 36904 0 0
125 123 39 36908.2 0 0
127 126 39 36912.4 0 0
128 124 39 36916.7 0 0
125 130 39 36920.9 0 0
123 121 39 36925.2 0 0
125 123 39 36929.4 0 0
130 120 39 36933.6 0 0
124 132 39 36937.8 0 0
122 125 40 36942 0 0
124 129 39 36946.2 0 0
126 127 40 36950.5 0 0
125 124 39 36954.7 0 0
121 133 40 36958.9 0 0
123 124 40 36963.1 0 0
123 132 39 36967.3 0 0
125 127 39 36971.5 0 0
125 128 39 36975.8 0 0
125 126 40 36980 0 0
124 125 40 36984.2 0 0
122 132 40 36988.4 0 0
126 126 41 36992.6 0 0
125 122 40 36996.8 0 0
129 129 39 37001 0 0
123 128 39 37005.2 0 0
123 128 40 37009.6 0 0
122 130 40 37013.8 0 0
121 131 39 37018 0 0
124 131 40 37022.2 0 0
127 120 39 37026.4 0 0
122 130 39 37030.6 0 0
123 129 39 37034.8 0 0
124 132 39 37039.1 0 0
123 131 40 37043.3 0 0
125 122 40 37047.5 0 0
122 128 40 37051.7 0 0
125 127 39 37055.9 0 0
125 128 40 37060.1 0 0
124 125 40 37064.3 0 0
122 122 40 37068.5 0 0
125 123 40 37072.8 0 0
125 130 40 37077 0 0
123 129 40 37081.2 0 0
125 128 39 37085.4 0 0
124 127 40 37089.6 0 0
125 128 40 37093.8 0 0
123 126 40 37098 0 0
126 126 40 37102.3 0 0
126 125 39 37106.5 0 0
125 124 40 37110.8 0 0
126 130 40 37115 0 0
125 126 41 37119.2 0 0
125 125 41 37123.4 0 0
123 134 40 37127.6 0 0
124 127 40 37131.8 0 0
123 127 40 37136.1 0 0
123 129 40 37140.2 0 0
126 126 40 37144.5 0 0
126 127 40 37148.7 0 0
122 129 40 37152.9 0 0
121 127 40 37157.1 0 0
124 125 40 37161.3 0 0
123 125 40 37165.5 0 0
122 127 40 37169.8 0 0
123 126 41 37174 0 0
124 131 40 37178.2 0 0
118 140 39 37182.4 0 0
103 168 36 37186.6 0 0
103 168 0 37190.8 0 0
103 168 0 37195 0 0
103 168 0 37199.3 0 0
103 168 0 37203.6 0 0
103 168 0 37207.8 0 0
103 168 0 37211.9 0 0
103 168 0 37216.2 0 0
103 168 0 37220.4 0 0
103 168 0 37224.6 0 0
103 168 0 37228.8 0 0
103 168 0 37233 0 0
103 168 0 37237.2 0 0
103 168 0 37241.4 0 0
103 168 0 37245.7 0 0
103 168 0 37249.9 0 0
103 168 0 37254.1 0 0
103 168 0 37258.3 0 0
103 168 0 37262.6 0 0
103 168 0 37266.8 0 0
110 158 37 37271 0 0
108 154 37 37275.2 0 0
115 146 38 37279.4 0 0
116 146 39 37283.6 0 0
120 134 40 37287.8 0 0
124 132 39 37292.1 0 0
123 131 40 37296.3 0 0
124 128 40 37300.5 0 0
124 132 40 37304.7 0 0
123 132 40 37308.9 0 0
123 132 39 37313.1 0 0
125 128 39 37317.3 0 0
123 133 40 37321.5 0 0
126 129 40 37325.8 0 0
120 133 40 37330 0 0
125 128 39 37334.2 0 0
126 124 40 37338.4 0 0
124 130 39 37342.6 0 0
123 132 40 37346.8 0 0
123 129 40 37351.1 0 0
121 132 39 37355.6 0 0
123 128 40 37359.8 0 0
120 134 39 37364 0 0
125 127 40 37368.2 0 0
122 129 39 37372.4 0 0
123 130 39 37376.6 0 0
128 122 40 37380.8 0 0
120 132 40 37385.1 0 0
123 132 39 37389.3 0 0
122 131 39 37393.5 0 0
124 130 40 37397.7 0 0
123 132 39 37402 0 0
125 126 40 37406.2 0 0
122 128 40 37410.5 0 0
124 126 39 37414.7 0 0
127 129 40 37418.9 0 0
121 128 39 37423.1 0 0
122 126 39 37427.3 0 0
122 126 40 37431.5 0 0
122 126 40 37435.7 0 0
123 127 39 37439.9 0 0
122 128 39 37444.2 0 0
121 130 39 37448.4 0 0
126 125 39 37452.6 0 0
124 128 40 37456.8 0 0
125 126 38 37461 0 0
124 126 39 37465.2 0 0
121 130 39 37469.4 0 0
125 126 39 37473.6 0 0
126 127 39 37477.9 0 0
126 127 39 37482.1 0 0
124 128 39 37486.4 0 0
124 129 38 37490.6 0 0
125 131 39 37494.8 0 0
126 124 39 37499 0 0
124 131 38 37503.3 0 0
122 129 39 37507.6 0 0
123 130 39 37511.8 0 0
120 134 39 37516 0 0
124 127 39 37520.2 0 0
125 126 39 37524.4 0 0
123 132 39 37528.6 0 0
125 129 39 37532.8 0 0
124 124 39 37537.1 0 0
124 127 39 37541.3 0 0
123 129 39 37545.5 0 0
122 134 39 37549.7 0 0
123 130 39 37553.9 0 0
123 128 39 37558.1 0 0
127 125 38 37562.3 0 0
123 126 39 37566.6 0 0
122 129 39 37570.8 0 0
124 127 38 37575 0 0
126 124 39 37579.2 0 0
125 127 40 37583.4 0 0
124 129 39 37587.6 0 0
125 128 38 37591.8 0 0
126 127 39 37596.1 0 0
123 124 39 37600.3 0 0
124 130 38 37604.5 0 0
123 126 39 37608.8 0 0
123 130 38 37613 0 0
122 133 38 37617.2 0 0
124 129 39 37621.4 0 0
123 130 39 37625.6 0 0
125 129 39 37629.8 0 0
122 129 38 37634.1 0 0
128 124 38 37638.3 0 0
123 126 38 37642.5 0 0
123 127 39 37646.7 0 0
126 130 38 37650.9 0 0
124 127 39 37655.1 0 0
124 126 38 37659.4 0 0
124 124 38 37663.6 0 0
121 133 38 37667.8 0 0
124 126 39 37672 0 0
123 127 38 37676.2 0 0
121 129 38 37680.4 0 0
126 127 38 37684.6 0 0
123 131 38 37688.8 0 0
122 135 38 37693.1 0 0
124 132 38 37697.3 0 0
124 130 39 37701.5 0 0
122 128 38 37705.8 0 0
124 128 39 37710 0 0
121 133 38 37714.2 0 0
125 126 39 37718.4 0 0
123 130 38 37722.6 0 0
126 123 38 37726.8 0 0
127 125 38 37731 0 0
122 128 38 37735.2 0 0
127 126 38 37739.5 0 0
124 128 38 37743.7 0 0
129 124 39 37747.9 0 0
125 128 39 37754.9 0 0
123 129 38 37759.1 0 0
129 123 38 37763.3 0 0
126 126 38 37767.6 0 0
124 131 38 37771.8 0 0
128 123 38 37776 0 0
118 134 38 37780.2 0 0
125 126 39 37784.4 0 0
128 124 39 37788.6 0 0
129 123 39 37792.8 0 0
124 127 39 37797 0 0
122 130 39 37801.2 0 0
124 130 40 37805.5 0 0
127 125 39 37809.7 0 0
127 129 39 37813.9 0 0
123 130 38 37818.1 0 0
126 126 40 37822.4 0 0
125 129 39 37826.6 0 0
124 128 39 37830.8 0 0
124 129 39 37835 0 0
130 118 40 37839.2 0 0
126 129 39 37843.4 0 0
126 125 40 37847.6 0 0
126 128 39 37851.8 0 0
124 126 39 37856.1 0 0
125 125 40 37860.3 0 0
127 125 39 37864.5 0 0
127 125 39 37868.7 0 0
125 128 40 37875.3 0 0
128 124 39 37879.6 0 0
121 132 40 37883.8 0 0
121 130 39 37888.1 0 0
120 131 39 37892.3 0 0
119 138 40 37896.5 0 0
119 139 39 37900.7 0 0
124 131 39 37904.9 0 0
121 126 39 37909.1 0 0
120 134 40 37913.4 0 0
120 136 40 37917.6 0 0
121 135 40 37921.8 0 0
120 133 40 37926 0 0
121 132 39 37930.2 0 0
118 137 39 37934.4 0 0
122 132 39 37938.7 0 0
119 135 39 37942.9 0 0
121 131 40 37947.1 0 0
121 133 39 37951.3 0 0
121 132 39 37955.5 0 0
116 136 39 37959.7 0 0
121 132 40 37963.9 0 0
119 133 40 37968.1 0 0
123 133 39 37972.3 0 0
120 135 40 37976.6 0 0
120 131 39 37980.8 0 0
123 128 40 37985 0 0
122 127 39 37989.2 0 0
120 133 39 37993.4 0 0
116 142 40 37997.7 0 0
118 136 40 38001.9 0 0
118 130 40 38006.1 0 0
120 131 40 38010.3 0 0
118 134 40 38014.6 0 0
120 133 39 38018.8 0 0
121 130 39 38023 0 0
123 132 39 38027.2 0 0
119 132 39 38031.4 0 0
120 135 40 38035.6 0 0
119 134 39 38039.8 0 0
119 131 40 38044.1 0 0
123 130 41 38048.3 0 0
119 135 40 38052.5 0 0
118 134 40 38056.7 0 0
124 129 39 38060.9 0 0
124 127 39 38065.1 0 0
120 132 39 38069.3 0 0
120 138 40 38073.6 0 0
124 128 40 38077.8 0 0
123 129 40 38082 0 0
119 132 40 38086.2 0 0
120 134 39 38090.4 0 0
126 126 40 38094.6 0 0
120 129 39 38098.8 0 0
117 138 39 38103.1 0 0
120 134 39 38107.3 0 0
121 129 39 38111.6 0 0
120 136 39 38115.8 0 0
120 131 39 38120 0 0
119 127 40 38124.2 0 0
119 132 40 38128.4 0 0
118 133 39 38132.6 0 0
121 133 39 38136.9 0 0
121 129 39 38141.1 0 0
124 129 39 38145.3 0 0
119 131 39 38149.5 0 0
120 132 39 38153.7 0 0
123 133 39 38157.9 0 0
121 134 40 38162.1 0 0
119 135 40 38166.4 0 0
121 132 39 38170.6 0 0
121 135 40 38174.8 0 0
126 125 40 38179 0 0
120 131 39 38183.2 0 0
125 128 39 38187.4 0 0
123 129 39 38191.6 0 0
121 133 39 38195.8 0 0
121 130 39 38200.1 0 0
118 134 40 38204.3 0 0
118 131 39 38208.5 0 0
121 134 39 38212.7 0 0
119 130 40 38216.9 0 0
119 132 40 38221.2 0 0
122 127 40 38225.4 0 0
116 135 39 38229.6 0 0
123 126 39 38233.8 0 0
119 133 39 38238.1 0 0
122 129 39 38242.3 0 0
121 133 39 38246.5 0 0
123 131 39 38250.7 0 0
122 129 40 38254.9 0 0
122 128 39 38259.2 0 0
121 131 39 38263.4 0 0
123 127 39 38267.6 0 0
122 129 40 38271.8 0 0
119 133 39 38276 0 0
118 135 39 38280.2 0 0
121 129 40 38284.4 0 0
120 134 39 38288.7 0 0
120 137 40 38292.9 0 0
122 129 40 38297.1 0 0
118 137 39 38301.3 0 0
119 131 39 38305.5 0 0
120 134 39 38309.7 0 0
119 131 40 38313.9 0 0
120 131 39 38318.1 0 0
121 136 39 38322.4 0 0
117 134 40 38326.6 0 0
122 127 39 38330.8 0 0
124 126 39 38335 0 0
124 127 40 38339.2 0 0
120 133 39 38343.4 0 0
119 130 39 38347.6 0 0
121 130 39 38351.8 0 0
119 127 39 38356.1 0 0
122 132 41 38360.3 0 0
120 130 39 38364.5 0 0
125 128 40 38368.7 0 0
119 135 40 38372.9 0 0
122 127 40 38377.1 0 0
120 131 39 38381.3 0 0
119 132 39 38385.6 0 0
124 124 40 38389.8 0 0
122 132 39 38394 0 0
119 133 40 38398.2 0 0
121 131 40 38402.4 0 0
124 131 39 38406.6 0 0
116 136 39 38410.8 0 0
125 130 40 38415.1 0 0
120 136 40 38419.3 0 0
116 137 39 38423.5 0 0
122 129 39 38427.7 0 0
126 124 39 38431.9 0 0
124 123 39 38436.1 0 0
123 124 40 38440.4 0 0
119 126 40 38444.6 0 0
123 126 40 38448.8 0 0
114 150 37 38453 0 0
114 150 0 38457.2 0 0
114 150 0 38461.4 0 0
114 150 0 38465.6 0 0
114 150 0 38469.8 0 0
114 150 0 38474.1 0 0
114 150 0 38478.3 0 0
114 150 0 38482.5 0 0
114 150 0 38486.7 0 0
114 150 0 38490.9 0 0
114 150 0 38495.1 0 0
114 150 0 38499.3 0 0
114 150 0 38503.6 0 0
114 150 0 38507.8 0 0
114 150 0 38512 0 0
114 150 0 38516.2 0 0
114 150 0 38520.4 0 0
114 150 0 38524.7 0 0
114 150 0 38528.9 0 0
114 150 0 38533.1 0 0
114 150 0 38537.3 0 0
114 150 0 38541.6 0 0
114 150 0 38545.8 0 0
114 150 0 38550.1 0 0
114 150 0 38554.3 0 0
114 150 0 38558.5 0 0
114 150 0 38562.7 0 0
114 150 0 38566.9 0 0
114 150 0 38571.2 0 0
114 150 0 38575.4 0 0
114 150 0 38579.6 0 0
110 153 37 38583.8 0 0
117 140 38 38588 0 0
114 146 40 38592.2 0 0
116 138 40 38596.4 0 0
120 133 39 38600.7 0 0
123 130 40 38604.9 0 0
125 121 40 38609.1 0 0
121 125 39 38613.3 0 0
124 125 41 38617.5 0 0
123 124 41 38621.7 0 0
124 123 40 38626 0 0
124 125 40 38630.2 0 0
126 123 39 38634.4 0 0
122 125 40 38638.7 0 0
126 122 39 38642.9 0 0
123 124 39 38647.1 0 0
125 121 40 38651.3 0 0
121 125 40 38655.5 0 0
122 126 40 38659.7 0 0
128 120 40 38663.9 0 0
127 120 40 38668.1 0 0
125 122 40 38672.3 0 0
123 122 40 38676.6 0 0
126 121 40 38680.8 0 0
125 118 40 38685 0 0
123 124 40 38689.2 0 0
125 123 39 38693.4 0 0
125 123 40 38697.6 0 0
126 123 40 38701.8 0 0
127 116 40 38706.1 0 0
127 123 40 38710.2 0 0
123 127 40 38714.4 0 0
121 127 40 38718.7 0 0
125 121 40 38722.9 0 0
122 124 40 38727.1 0 0
125 119 41 38731.3 0 0
126 124 41 38735.6 0 0
123 126 40 38739.8 0 0
125 119 41 38743.9 0 0
123 123 40 38748.2 0 0
121 122 40 38752.4 0 0
123 126 41 38756.6 0 0
123 120 40 38760.8 0 0
123 125 40 38765.1 0 0
124 124 40 38769.2 0 0
122 130 40 38773.4 0 0
122 125 41 38777.7 0 0
121 120 40 38781.9 0 0
124 125 40 38786.1 0 0
122 128 40 38790.3 0 0
123 122 40 38794.6 0 0
124 126 40 38798.8 0 0
123 122 40 38803 0 0
127 122 40 38807.2 0 0
123 126 40 38811.4 0 0
121 127 40 38815.6 0 0
122 129 41 38819.8 0 0
123 122 41 38824.1 0 0
122 125 40 38828.3 0 0
124 121 41 38832.5 0 0
120 125 41 38836.7 0 0
123 121 41 38840.9 0 0
121 129 41 38845.1 0 0
123 119 41 38849.3 0 0
123 130 41 38853.5 0 0
123 126 41 38857.8 0 0
125 118 41 38862 0 0
122 127 41 38866.2 0 0
124 121 41 38870.4 0 0
123 127 41 38874.6 0 0
122 125 41 38878.8 0 0
119 127 41 38883.1 0 0
124 122 42 38887.3 0 0
121 124 42 38891.5 0 0
120 127 41 38895.7 0 0
126 123 41 38899.9 0 0
120 129 41 38904.1 0 0
119 126 41 38908.3 0 0
122 120 42 38912.6 0 0
122 122 41 38916.8 0 0
122 122 42 38921 0 0
118 130 41 38925.2 0 0
117 126 41 38929.4 0 0
119 127 41 38933.9 0 0
120 127 41 38938.1 0 0
120 127 42 38942.3 0 0
122 127 41 38946.6 0 0
122 122 42 38950.8 0 0
119 129 41 38955 0 0
119 125 40 38959.2 0 0
122 125 41 38963.4 0 0
121 123 41 38967.6 0 0
118 127 41 38971.8 0 0
122 126 41 38976 0 0
119 127 42 38980.3 0 0
121 128 41 38984.5 0 0
122 124 41 38988.7 0 0
121 125 41 38992.9 0 0
121 126 42 38997.1 0 0
118 126 42 39001.3 0 0
120 125 42 39005.5 0 0
114 133 42 39009.8 0 0
120 123 42 39014 0 0
119 129 42 39018.2 0 0
118 126 42 39022.4 0 0
119 128 41 39026.6 0 0
119 124 42 39030.8 0 0
122 129 41 39035 0 0
119 123 42 39039.2 0 0
118 127 42 39043.5 0 0
119 129 42 39047.7 0 0
119 129 41 39051.9 0 0
119 130 42 39056.1 0 0
121 126 43 39060.3 0 0
122 128 41 39064.5 0 0
118 130 42 39068.7 0 0
120 127 43 39073 0 0
118 125 42 39077.2 0 0
120 127 42 39081.4 0 0
118 130 42 39085.6 0 0
118 128 42 39089.8 0 0
122 130 42 39094 0 0
118 130 42 39098.2 0 0
120 127 43 39102.5 0 0
120 126 42 39106.7 0 0
119 130 42 39110.9 0 0
119 128 43 39115.1 0 0
120 128 42 39119.3 0 0
119 132 42 39123.5 0 0
118 130 42 39127.7 0 0
118 129 42 39132 0 0
115 131 42 39136.2 0 0
117 129 42 39140.4 0 0
120 130 42 39144.6 0 0
122 126 42 39148.8 0 0
119 131 43 39153 0 0
119 131 42 39157.2 0 0
117 130 42 39161.4 0 0
117 129 42 39165.7 0 0
118 129 43 39169.9 0 0
118 132 42 39174.1 0 0
119 132 43 39178.3 0 0
117 130 42 39182.6 0 0
119 127 42 39186.8 0 0
121 128 42 39191 0 0
120 129 43 39195.2 0 0
121 129 43 39199.6 0 0
120 127 43 39203.8 0 0
120 129 42 39208 0 0
119 127 42 39212.2 0 0
123 128 42 39216.4 0 0
117 130 43 39220.6 0 0
120 129 42 39224.8 0 0
121 128 43 39229.1 0 0
121 128 42 39233.3 0 0
120 130 42 39237.5 0 0
124 128 42 39241.7 0 0
125 135 43 39245.9 0 0
124 134 42 39250.1 0 0
126 137 42 39254.3 0 0
123 134 42 39258.6 0 0
121 132 42 39262.8 0 0
121 135 42 39267 0 0
121 131 41 39271.2 0 0
123 135 42 39275.4 0 0
121 138 43 39279.6 0 0
121 137 42 39283.8 0 0
121 136 42 39288 0 0
127 131 42 39292.3 0 0
122 137 42 39296.5 0 0
123 131 42 39300.9 0 0
123 138 42 39305.1 0 0
124 131 41 39309.3 0 0
126 132 41 39313.5 0 0
124 130 42 39317.7 0 0
122 132 42 39321.9 0 0
125 130 43 39326.2 0 0
125 131 41 39330.4 0 0
125 131 41 39334.6 0 0
127 133 42 39338.8 0 0
120 135 42 39343 0 0
120 136 42 39347.2 0 0
126 134 42 39351.4 0 0
122 135 42 39355.9 0 0
123 131 42 39360.1 0 0
123 130 42 39364.3 0 0
126 126 41 39368.5 0 0
123 132 42 39372.7 0 0
123 134 42 39376.9 0 0
124 133 41 39381.2 0 0
126 132 42 39385.4 0 0
122 131 42 39389.6 0 0
122 135 42 39393.8 0 0
122 135 42 39398 0 0
122 130 41 39402.3 0 0
125 130 42 39406.5 0 0
123 133 41 39410.7 0 0
121 136 42 39414.9 0 0
122 134 41 39419.2 0 0
121 136 42 39423.4 0 0
120 135 42 39427.6 0 0
121 131 42 39431.8 0 0
118 133 42 39436 0 0
116 131 42 39440.2 0 0
114 133 42 39444.4 0 0
120 131 41 39448.7 0 0
116 132 41 39452.9 0 0
123 127 41 39457.1 0 0
121 129 41 39461.3 0 0
120 128 42 39465.5 0 0
119 132 41 39469.7 0 0
117 127 41 39473.9 0 0
121 132 42 39478.2 0 0
117 129 42 39482.5 0 0
117 135 41 39486.7 0 0
119 129 41 39490.9 0 0
117 133 42 39495.1 0 0
120 128 42 39499.3 0 0
121 131 41 39503.5 0 0
119 133 41 39507.7 0 0
117 132 41 39512 0 0
117 135 41 39516.2 0 0
117 136 42 39520.4 0 0
124 124 42 39524.6 0 0
119 133 41 39528.8 0 0
118 131 42 39533 0 0
119 129 41 39537.2 0 0
123 127 41 39541.5 0 0
122 124 41 39545.7 0 0
118 131 41 39550.2 0 0
122 128 41 39554.4 0 0
118 133 42 39558.6 0 0
120 127 41 39562.9 0 0
118 139 41 39569.8 0 0
118 133 41 39578.1 0 0
118 133 41 39586.6 0 0
119 131 42 39594.1 0 0
118 131 41 39598.3 0 0
117 131 42 39603.1 0 0
117 131 41 39607.3 0 0
120 129 42 39611.6 0 0
119 135 41 39615.8 0 0
118 130 42 39620 0 0
120 129 43 39624.2 0 0
116 134 42 39628.4 0 0
118 131 41 39632.7 0 0
120 135 41 39636.9 0 0
119 134 42 39641.1 0 0
121 126 42 39645.3 0 0
120 134 41 39649.5 0 0
121 127 41 39653.7 0 0
119 129 41 39657.9 0 0
118 131 42 39662.1 0 0
121 129 41 39666.4 0 0
119 133 41 39670.6 0 0
118 132 41 39674.9 0 0
121 130 42 39679.1 0 0
120 129 41 39683.3 0 0
123 127 41 39687.5 0 0
118 129 42 39691.7 0 0
118 131 42 39695.9 0 0
119 129 41 39700.2 0 0
119 131 42 39704.4 0 0
122 130 42 39708.6 0 0
117 132 42 39715.4 0 0
116 134 42 39719.7 0 0
121 127 42 39723.9 0 0
120 131 42 39728.2 0 0
119 132 42 39732.4 0 0
119 131 41 39736.6 0 0
117 135 41 39740.8 0 0
117 134 41 39745 0 0
120 128 42 39749.2 0 0
119 132 41 39753.4 0 0
122 132 42 39757.7 0 0
118 129 41 39761.9 0 0
118 130 41 39766.1 0 0
119 130 41 39770.4 0 0
117 132 42 39774.6 0 0
117 135 41 39778.8 0 0
120 135 41 39783 0 0
121 127 41 39787.2 0 0
119 131 42 39791.4 0 0
121 130 41 39795.6 0 0
120 128 41 39799.9 0 0
121 126 41 39804.1 0 0
119 133 41 39808.3 0 0
119 129 41 39812.5 0 0
118 133 41 39816.7 0 0
119 133 41 39820.9 0 0
117 130 41 39827.8 0 0
122 128 41 39832.1 0 0
122 129 41 39836.3 0 0
120 130 41 39840.5 0 0
118 132 41 39844.8 0 0
121 130 41 39849 0 0
118 133 41 39853.2 0 0
120 131 40 39857.4 0 0
120 128 41 39861.6 0 0
120 127 41 39865.9 0 0
120 131 41 39870.1 0 0
120 132 41 39874.3 0 0
118 133 41 39878.5 0 0
120 131 41 39882.7 0 0
117 134 41 39886.9 0 0
117 137 41 39891.2 0 0
118 131 41 39895.4 0 0
121 129 41 39899.6 0 0
121 128 41 39903.8 0 0
123 127 41 39908 0 0
121 129 41 39912.2 0 0
120 131 41 39916.4 0 0
120 136 41 39920.7 0 0
117 134 41 39924.9 0 0
117 132 41 39929.1 0 0
117 132 41 39933.3 0 0
118 131 40 39937.8 0 0
117 135 41 39942.1 0 0
121 132 40 39946.3 0 0
120 130 40 39950.5 0 0
122 128 40 39954.7 0 0
118 134 41 39958.9 0 0
124 124 41 39963.1 0 0
120 131 41 39967.3 0 0
122 130 41 39971.6 0 0
121 128 40 39975.8 0 0
118 133 41 39980 0 0
119 131 40 39984.2 0 0
117 135 41 39988.4 0 0
121 131 41 39992.7 0 0
121 127 41 39996.9 0 0
123 127 41 40001.1 0 0
119 133 41 40005.3 0 0
120 130 41 40009.5 0 0
119 129 40 40013.8 0 0
123 132 41 40018 0 0
124 127 40 40022.2 0 0
122 133 40 40026.4 0 0
119 128 41 40030.6 0 0
121 130 40 40034.8 0 0
122 129 40 40039.1 0 0
118 131 40 40043.3 0 0
122 133 40 40047.5 0 0
123 123 40 40051.7 0 0
120 131 40 40055.9 0 0
118 132 41 40060.1 0 0
121 130 41 40064.3 0 0
120 131 40 40068.6 0 0
120 128 40 40072.8 0 0
119 132 41 40077 0 0
122 130 40 40081.2 0 0
120 133 40 40085.4 0 0
123 128 40 40089.6 0 0
119 134 40 40093.8 0 0
123 126 40 40098.1 0 0
121 130 40 40102.3 0 0
122 128 40 40106.5 0 0
119 131 41 40110.7 0 0
120 131 40 40114.9 0 0
122 131 40 40119.2 0 0
119 131 40 40123.4 0 0
120 131 40 40127.6 0 0
120 130 40 40131.8 0 0
121 130 40 40136.1 0 0
119 134 41 40140.2 0 0
124 128 40 40144.5 0 0
123 127 40 40148.7 0 0
119 127 39 40152.9 0 0
122 129 40 40157.1 0 0
122 127 40 40161.3 0 0
120 127 41 40165.6 0 0
118 128 40 40169.8 0 0
124 125 40 40174 0 0
121 130 40 40178.2 0 0
124 128 40 40182.4 0 0
120 132 40 40186.6 0 0
120 129 40 40190.8 0 0
124 127 40 40195 0 0
124 128 39 40199.3 0 0
121 133 40 40203.5 0 0
119 129 40 40207.7 0 0
120 127 40 40211.9 0 0
122 127 40 40216.1 0 0
118 130 40 40220.3 0 0
120 129 40 40224.5 0 0
121 129 40 40228.8 0 0
122 124 40 40233 0 0
123 124 41 40237.2 0 0
123 121 40 40241.4 0 0
122 130 40 40245.6 0 0
123 127 39 40249.8 0 0
123 124 40 40256.6 0 0
121 133 40 40260.9 0 0
123 125 40 40265.1 0 0
119 132 41 40269.3 0 0
122 128 40 40273.5 0 0
121 125 40 40277.7 0 0
122 129 40 40281.9 0 0
121 123 40 40286.1 0 0
119 127 40 40290.4 0 0
122 127 40 40294.6 0 0
121 124 41 40298.8 0 0
119 134 40 40303 0 0
122 132 40 40307.2 0 0
121 127 40 40311.4 0 0
122 130 40 40315.6 0 0
121 123 40 40319.8 0 0
121 130 41 40324.1 0 0
121 132 40 40328.3 0 0
121 125 39 40332.5 0 0
124 118 40 40336.7 0 0
121 129 40 40340.9 0 0
124 123 39 40345.1 0 0
125 127 40 40349.4 0 0
122 128 40 40353.6 0 0
121 128 40 40357.8 0 0
123 127 40 40362 0 0
121 127 40 40366.2 0 0
121 127 40 40370.4 0 0
120 128 39 40375.4 0 0
123 127 40 40379.6 0 0
123 129 39 40383.8 0 0
118 133 39 40388.1 0 0
120 132 39 40392.3 0 0
125 127 40 40396.5 0 0
126 122 40 40400.7 0 0
119 126 40 40404.9 0 0
124 120 39 40409.1 0 0
122 123 39 40413.3 0 0
120 132 39 40417.5 0 0
127 121 39 40421.7 0 0
122 126 39 40426 0 0
119 127 39 40430.2 0 0
124 125 39 40434.4 0 0
124 129 39 40438.6 0 0
122 126 38 40442.8 0 0
123 123 39 40447 0 0
123 131 39 40451.2 0 0
120 126 39 40455.4 0 0
123 125 39 40459.7 0 0
123 127 38 40463.8 0 0
122 126 39 40468.1 0 0
122 132 40 40472.3 0 0
125 122 39 40476.5 0 0
121 124 39 40480.7 0 0
120 127 39 40484.9 0 0
122 126 39 40489.1 0 0
121 128 39 40493.3 0 0
124 123 39 40497.5 0 0
119 128 39 40501.8 0 0
123 125 39 40506 0 0
124 129 39 40510.2 0 0
120 128 39 40514.4 0 0
121 125 38 40518.6 0 0
125 126 38 40522.8 0 0
122 126 38 40527 0 0
125 125 38 40531.2 0 0
124 126 38 40535.5 0 0
123 126 39 40539.7 0 0
123 129 39 40545 0 0
124 121 39 40549.2 0 0
123 124 38 40553.4 0 0
122 126 39 40557.6 0 0
122 124 39 40561.8 0 0
124 128 39 40566.1 0 0
123 127 38 40570.3 0 0
120 124 39 40574.5 0 0
121 125 38 40578.7 0 0
121 125 38 40582.9 0 0
119 127 38 40587.1 0 0
124 128 38 40591.3 0 0
121 128 38 40595.5 0 0
124 123 38 40599.8 0 0
121 125 38 40604 0 0
122 124 38 40608.2 0 0
123 125 38 40612.4 0 0
123 124 38 40616.6 0 0
119 127 38 40620.8 0 0
124 124 38 40625 0 0
122 128 39 40629.2 0 0
119 129 38 40633.5 0 0
126 118 38 40637.7 0 0
123 127 38 40641.9 0 0
124 120 39 40646.1 0 0
122 123 38 40650.3 0 0
121 125 38 40654.5 0 0
122 129 38 40658.7 0 0
119 130 38 40662.9 0 0
126 122 38 40667.2 0 0
123 122 37 40671.4 0 0
123 123 37 40675.6 0 0
128 123 38 40679.8 0 0
127 120 38 40684 0 0
125 124 39 40688.2 0 0
124 120 38 40692.4 0 0
123 129 38 40696.7 0 0
127 121 38 40700.9 0 0
123 127 37 40705.1 0 0
125 120 38 40709.3 0 0
127 120 38 40713.5 0 0
123 125 38 40717.7 0 0
128 119 38 40721.9 0 0
125 124 38 40726.2 0 0
122 124 38 40730.4 0 0
125 128 38 40734.6 0 0
124 120 38 40738.8 0 0
126 120 38 40743 0 0
126 120 37 40747.2 0 0
125 125 38 40751.4 0 0
123 125 38 40755.7 0 0
125 119 38 40759.9 0 0
124 123 38 40764.1 0 0
121 123 38 40768.3 0 0
123 119 38 40772.5 0 0
123 128 38 40776.7 0 0
122 124 38 40780.9 0 0
126 118 38 40785.2 0 0
124 119 37 40789.4 0 0
124 121 38 40793.6 0 0
122 126 38 40797.8 0 0
126 120 38 40802.1 0 0
121 129 38 40806.3 0 0
121 131 38 40810.5 0 0
124 125 38 40814.7 0 0
123 121 38 40818.9 0 0
123 127 38 40823.1 0 0
126 123 39 40827.3 0 0
122 128 38 40831.6 0 0
126 123 37 40835.8 0 0
122 126 38 40840 0 0
123 123 38 40844.2 0 0
121 126 38 40848.4 0 0
123 129 38 40852.6 0 0
123 123 38 40856.8 0 0
123 124 38 40861.1 0 0
127 119 38 40865.3 0 0
122 124 37 40869.5 0 0
127 119 38 40873.7 0 0
127 122 38 40877.9 0 0
123 125 38 40882.1 0 0
121 123 38 40886.4 0 0
123 125 38 40890.6 0 0
124 120 37 40894.8 0 0
127 120 38 40899 0 0
122 125 38 40903.2 0 0
127 121 38 40907.4 0 0
125 124 38 40911.6 0 0
125 125 38 40915.9 0 0
124 122 38 40920.1 0 0
130 116 38 40924.3 0 0
124 124 38 40928.5 0 0
127 125 38 40932.7 0 0
123 126 38 40936.9 0 0
127 122 39 40941.2 0 0
125 117 38 40945.4 0 0
121 128 38 40949.7 0 0
126 121 38 40953.9 0 0
122 129 38 40958.1 0 0
124 127 39 40962.3 0 0
123 125 38 40966.5 0 0
121 127 38 40970.8 0 0
126 126 38 40975 0 0
123 127 38 40979.2 0 0
122 125 39 40983.4 0 0
125 125 38 40987.6 0 0
122 124 39 40991.8 0 0
126 126 38 40996.1 0 0
124 121 38 41000.2 0 0
129 119 39 41004.5 0 0
124 128 38 41008.7 0 0
123 123 39 41012.9 0 0
127 122 39 41017.2 0 0
120 129 39 41021.3 0 0
123 128 39 41025.6 0 0
121 127 38 41029.8 0 0
123 123 38 41034 0 0
121 122 39 41038.2 0 0
126 126 38 41042.4 0 0
121 129 39 41046.6 0 0
125 119 39 41050.8 0 0
125 124 39 41055 0 0
124 120 39 41059.2 0 0
125 127 39 41063.4 0 0
123 128 39 41067.7 0 0
121 124 40 41071.9 0 0
123 124 39 41076.1 0 0
126 123 40 41080.3 0 0
123 118 39 41084.5 0 0
122 125 39 41088.7 0 0
123 122 39 41092.9 0 0
124 124 39 41097.2 0 0
124 127 38 41101.4 0 0
120 122 38 41105.6 0 0
122 127 39 41109.8 0 0
125 121 39 41114.1 0 0
122 126 39 41118.3 0 0
126 121 39 41122.6 0 0
126 123 39 41126.8 0 0
122 124 39 41131 0 0
122 125 39 41135.3 0 0
124 125 40 41139.5 0 0
121 126 39 41143.7 0 0
125 127 39 41147.9 0 0
123 127 39 41152.1 0 0
122 128 39 41156.3 0 0
123 126 39 41160.5 0 0
122 127 40 41164.8 0 0
124 127 39 41169 0 0
123 122 40 41173.2 0 0
120 129 40 41177.4 0 0
125 120 39 41181.6 0 0
121 129 40 41185.8 0 0
122 124 40 41190 0 0
122 124 39 41194.2 0 0
123 123 40 41198.5 0 0
129 118 39 41202.7 0 0
127 123 41 41206.9 0 0
124 124 40 41211.1 0 0
123 128 39 41215.3 0 0
125 123 40 41219.5 0 0
124 124 39 41223.8 0 0
121 126 40 41228 0 0
126 125 40 41232.2 0 0
125 124 39 41236.4 0 0
127 120 39 41240.6 0 0
123 124 40 41244.8 0 0
124 123 40 41249 0 0
124 124 40 41253.2 0 0
121 124 39 41257.5 0 0
125 121 40 41261.7 0 0
126 123 40 41265.9 0 0
122 123 40 41270.1 0 0
124 122 39 41274.3 0 0
128 127 40 41278.5 0 0
126 123 40 41282.7 0 0
128 121 40 41287 0 0
123 127 40 41291.2 0 0
128 121 40 41295.4 0 0
123 124 40 41299.6 0 0
123 126 40 41303.8 0 0
127 126 39 41308 0 0
128 125 40 41312.2 0 0
125 126 40 41316.5 0 0
124 127 40 41320.7 0 0
122 123 40 41324.9 0 0
126 128 40 41329.2 0 0
123 129 40 41333.4 0 0
119 129 40 41337.6 0 0
122 124 40 41341.8 0 0
126 126 41 41346 0 0
122 128 40 41350.2 0 0
122 123 41 41354.4 0 0
123 125 40 41358.8 0 0
123 128 40 41363 0 0
122 128 40 41367.2 0 0
126 126 41 41371.4 0 0
122 123 40 41375.7 0 0
122 130 40 41379.9 0 0
126 121 40 41384.1 0 0
123 125 41 41388.3 0 0
125 123 40 41392.6 0 0
123 128 40 41396.8 0 0
123 122 41 41401.1 0 0
124 125 40 41405.3 0 0
121 121 40 41409.5 0 0
125 125 41 41413.8 0 0
118 129 39 41418 0 0
123 121 40 41422.3 0 0
123 120 41 41426.5 0 0
125 128 41 41430.7 0 0
119 122 41 41434.9 0 0
123 125 41 41439.1 0 0
126 117 41 41443.3 0 0
125 124 41 41447.6 0 0
126 125 41 41451.8 0 0
123 126 41 41456 0 0
123 125 41 41460.2 0 0
125 124 41 41464.4 0 0
122 119 41 41468.6 0 0
123 124 41 41472.8 0 0
125 124 41 41477.1 0 0
122 127 41 41481.3 0 0
120 130 41 41485.5 0 0
126 126 42 41489.7 0 0
123 129 40 41493.9 0 0
123 128 41 41498.1 0 0
126 127 41 41502.4 0 0
124 124 41 41506.6 0 0
126 121 41 41510.8 0 0
125 124 41 41515 0 0
123 125 41 41519.2 0 0
121 127 41 41523.4 0 0
123 126 41 41527.7 0 0
123 122 41 41531.9 0 0
122 126 42 41536.1 0 0
119 130 41 41540.3 0 0
120 127 41 41544.5 0 0
123 127 42 41548.8 0 0
124 121 41 41553 0 0
125 125 41 41557.2 0 0
124 128 41 41561.4 0 0
124 125 41 41565.8 0 0
122 134 41 41570 0 0
124 129 41 41574.3 0 0
127 122 42 41578.5 0 0
129 121 42 41582.7 0 0
124 126 41 41586.9 0 0
123 126 42 41591.1 0 0
120 127 41 41595.3 0 0
123 129 42 41599.5 0 0
125 123 41 41603.8 0 0
127 121 42 41608 0 0
123 126 42 41612.2 0 0
124 128 42 41616.4 0 0
123 126 42 41620.7 0 0
125 122 42 41624.9 0 0
122 125 42 41629.1 0 0
124 124 42 41633.3 0 0
125 128 43 41639 0 0
122 130 42 41643.2 0 0
126 125 42 41647.4 0 0
124 127 41 41651.6 0 0
128 123 41 41655.8 0 0
127 121 41 41660.1 0 0
125 127 42 41664.3 0 0
124 126 42 41668.5 0 0
125 121 42 41672.7 0 0
124 125 42 41676.9 0 0
123 129 42 41681.1 0 0
125 127 42 41685.3 0 0
126 126 42 41689.5 0 0
120 129 42 41693.8 0 0
126 124 42 41698 0 0
123 127 42 41702.2 0 0
123 128 42 41706.4 0 0
120 134 41 41710.6 0 0
121 124 42 41714.8 0 0
122 136 41 41719 0 0
122 129 41 41723.3 0 0
126 126 43 41727.5 0 0
125 130 42 41731.7 0 0
125 130 42 41736 0 0
125 126 42 41740.2 0 0
127 122 42 41744.4 0 0
125 125 42 41748.6 0 0
124 128 42 41752.8 0 0
124 129 42 41757.1 0 0
123 129 42 41761.3 0 0
124 130 42 41765.5 0 0
126 124 42 41769.7 0 0
123 129 42 41773.9 0 0
121 130 42 41778.1 0 0
124 128 42 41782.3 0 0
120 133 42 41786.5 0 0
124 130 43 41790.8 0 0
121 130 42 41795 0 0
123 124 42 41799.2 0 0
121 126 42 41803.4 0 0
122 131 43 41807.6 0 0
122 127 42 41811.8 0 0
122 128 42 41816 0 0
122 132 42 41820.2 0 0
124 126 41 41824.4 0 0
123 131 42 41828.7 0 0
123 130 42 41832.9 0 0
118 133 42 41837.1 0 0
121 130 42 41841.3 0 0
117 133 42 41845.5 0 0
122 130 42 41849.7 0 0
125 129 41 41853.9 0 0
123 125 43 41858.2 0 0
123 128 42 41862.4 0 0
123 129 43 41866.6 0 0
120 131 42 41870.8 0 0
124 130 42 41875 0 0
123 128 42 41879.2 0 0
121 130 42 41883.5 0 0
122 126 42 41887.7 0 0
122 131 42 41891.9 0 0
119 134 42 41896.1 0 0
120 128 42 41900.3 0 0
124 125 42 41904.5 0 0
122 129 42 41908.7 0 0
124 129 42 41913 0 0
119 134 42 41917.2 0 0
120 131 42 41921.4 0 0
125 126 42 41925.6 0 0
120 129 42 41929.8 0 0
120 131 43 41934 0 0
123 132 42 41938.3 0 0
122 128 42 41942.5 0 0
125 125 42 41946.8 0 0
124 129 42 41951 0 0
124 134 42 41955.2 0 0
125 128 42 41959.5 0 0
120 129 42 41963.7 0 0
121 132 42 41967.9 0 0
126 126 42 41972.1 0 0
122 129 42 41976.3 0 0
126 125 42 41980.6 0 0
122 131 43 41984.8 0 0
122 130 42 41989 0 0
125 128 43 41993.2 0 0
123 128 42 41997.4 0 0
121 128 42 42001.7 0 0
123 126 43 42005.9 0 0
122 133 42 42010.1 0 0
123 126 42 42014.3 0 0
123 129 42 42018.5 0 0
120 131 42 42022.7 0 0
