131 132 56 22013.7 0 0
132 130 56 22017.9 0 0
131 133 56 22022.1 0 0
129 131 56 22026.3 0 0
132 131 56 22030.5 0 0
131 129 56 22034.7 0 0
131 129 56 22038.9 0 0
128 130 56 22043.1 0 0
129 131 56 22047.3 0 0
131 127 56 22051.5 0 0
131 124 55 22055.8 0 0
132 130 56 22060 0 0
131 129 56 22064.2 0 0
129 132 56 22068.4 0 0
130 132 56 22072.7 0 0
126 128 56 22076.9 0 0
127 131 56 22081.1 0 0
130 130 56 22085.3 0 0
130 131 56 22089.5 0 0
131 131 56 22093.7 0 0
129 131 56 22097.9 0 0
129 132 56 22102.1 0 0
132 131 56 22106.3 0 0
130 131 56 22110.5 0 0
132 132 56 22114.8 0 0
131 131 56 22119 0 0
129 131 56 22123.2 0 0
129 130 56 22127.4 0 0
129 129 56 22131.7 0 0
133 130 56 22135.9 0 0
131 130 56 22140.1 0 0
130 128 56 22144.3 0 0
132 127 55 22148.5 0 0
131 130 56 22152.8 0 0
128 127 56 22157 0 0
131 128 55 22161.2 0 0
129 127 56 22165.4 0 0
127 130 56 22169.6 0 0
129 133 56 22173.8 0 0
134 129 56 22178 0 0
128 130 56 22182.3 0 0
132 127 56 22186.5 0 0
131 128 56 22190.7 0 0
131 131 56 22194.9 0 0
128 128 57 22199.1 0 0
128 132 56 22203.4 0 0
130 127 56 22207.6 0 0
130 129 56 22211.8 0 0
133 131 56 22216 0 0
128 130 56 22220.2 0 0
130 130 56 22224.4 0 0
131 130 55 22228.6 0 0
130 125 55 22232.8 0 0
130 132 56 22237.1 0 0
130 124 55 22241.3 0 0
129 134 56 22245.5 0 0
129 127 56 22249.7 0 0
133 129 55 22256.5 0 0
130 128 56 22260.7 0 0
131 129 56 22264.9 0 0
132 125 55 22269.2 0 0
129 126 55 22273.4 0 0
131 131 56 22277.6 0 0
131 126 55 22281.8 0 0
130 131 56 22286 0 0
133 127 55 22290.2 0 0
130 127 55 22294.4 0 0
131 126 55 22298.6 0 0
134 131 56 22302.8 0 0
128 127 56 22307 0 0
132 127 55 22311.3 0 0
134 127 55 22315.6 0 0
132 126 55 22319.8 0 0
130 131 56 22324 0 0
130 126 55 22328.2 0 0
130 128 55 22332.5 0 0
131 128 55 22336.7 0 0
131 128 55 22340.9 0 0
133 128 55 22345.1 0 0
131 127 55 22349.3 0 0
131 128 55 22353.5 0 0
129 126 55 22357.9 0 0
135 130 56 22364.6 0 0
139 128 56 22369.1 0 0
147 129 57 22373.3 0 0
154 127 57 22377.5 0 0
158 124 56 22381.8 0 0
163 122 57 22386 0 0
173 124 57 22390.2 0 0
178 121 57 22394.5 0 0
184 121 57 22398.7 0 0
189 121 57 22402.9 0 0
194 118 56 22408.9 0 0
204 117 56 22413.1 0 0
205 117 56 22418.8 0 0
200 116 56 22423.1 0 0
201 116 56 22427.3 0 0
202 117 57 22431.5 0 0
206 116 56 22435.7 0 0
201 117 56 22439.9 0 0
201 116 56 22444.1 0 0
202 119 56 22448.4 0 0
201 119 56 22452.6 0 0
205 117 57 22456.8 0 0
203 119 56 22461 0 0
204 116 56 22465.3 0 0
202 117 56 22469.5 0 0
203 118 56 22473.7 0 0
200 118 56 22477.9 0 0
205 118 56 22482.1 0 0
202 117 56 22486.3 0 0
203 115 57 22490.5 0 0
202 117 56 22494.8 0 0
200 115 56 22499 0 0
199 118 56 22503.2 0 0
204 115 56 22507.4 0 0
204 117 56 22511.7 0 0
200 116 56 22515.9 0 0
203 118 56 22520.1 0 0
201 120 56 22524.3 0 0
203 119 56 22531.2 0 0
200 120 56 22535.5 0 0
202 118 56 22539.7 0 0
204 116 56 22543.9 0 0
200 122 56 22548.1 0 0
203 119 56 22552.3 0 0
204 116 56 22556.5 0 0
204 118 56 22560.8 0 0
201 118 56 22565.1 0 0
198 117 56 22569.3 0 0
201 123 56 22573.5 0 0
200 120 56 22577.8 0 0
205 118 56 22582 0 0
199 119 56 22586.2 0 0
202 119 57 22590.4 0 0
202 119 56 22594.6 0 0
204 117 56 22598.8 0 0
204 118 56 22603 0 0
202 122 56 22607.3 0 0
200 122 56 22611.5 0 0
205 118 56 22615.7 0 0
198 124 56 22619.9 0 0
200 121 56 22624.1 0 0
202 127 56 22628.3 0 0
203 133 56 22632.5 0 0
203 133 56 22636.8 0 0
229 233 53 22642.7 0 0
138 218 52 22743.8 0 0
143 205 53 22748 0 0
140 191 54 22752.2 0 0
137 181 54 22756.4 0 0
135 172 54 22760.7 0 0
135 159 54 22764.9 0 0
134 154 54 22769.1 0 0
129 150 54 22773.3 0 0
132 144 54 22777.5 0 0
133 138 55 22781.7 0 0
133 136 54 22785.9 0 0
134 135 55 22790.2 0 0
132 133 55 22794.3 0 0
128 132 55 22798.5 0 0
132 127 55 22802.8 0 0
130 127 55 22807 0 0
131 131 54 22811.2 0 0
130 133 55 22815.5 0 0
136 136 55 22819.7 0 0
130 135 55 22823.9 0 0
132 132 54 22828.1 0 0
134 132 54 22832.4 0 0
134 132 55 22836.6 0 0
135 130 55 22840.8 0 0
132 132 54 22845 0 0
129 126 55 22849.2 0 0
134 131 55 22853.4 0 0
131 128 54 22857.6 0 0
133 128 54 22861.8 0 0
133 129 55 22866.1 0 0
132 130 55 22870.3 0 0
130 131 54 22874.5 0 0
132 131 55 22878.7 0 0
134 130 55 22882.9 0 0
132 130 54 22887.1 0 0
135 133 54 22891.3 0 0
135 130 55 22895.6 0 0
133 129 55 22899.8 0 0
136 131 55 22904 0 0
136 131 55 22908.2 0 0
134 129 55 22912.4 0 0
133 130 55 22916.6 0 0
133 131 55 22920.8 0 0
133 131 55 22925.1 0 0
132 130 55 22929.3 0 0
133 130 55 22933.5 0 0
129 130 55 22937.7 0 0
133 132 55 22941.9 0 0
129 130 55 22946.2 0 0
130 129 55 22950.4 0 0
127 129 55 22954.6 0 0
130 132 55 22958.9 0 0
132 133 55 22963.1 0 0
131 132 55 22967.3 0 0
133 131 55 22971.5 0 0
131 135 55 22975.7 0 0
129 131 55 22979.9 0 0
133 132 55 22984.2 0 0
129 134 55 22988.4 0 0
133 131 55 22992.6 0 0
131 133 55 22996.8 0 0
134 131 55 23001 0 0
137 127 55 23005.2 0 0
140 126 55 23009.5 0 0
144 134 56 23013.7 0 0
152 132 56 23017.9 0 0
154 133 57 23022.1 0 0
160 131 57 23026.3 0 0
169 130 57 23030.5 0 0
169 133 56 23034.7 0 0
168 129 56 23038.9 0 0
174 135 56 23043.1 0 0
168 131 57 23047.3 0 0
169 127 56 23051.6 0 0
165 131 56 23055.8 0 0
169 132 57 23060 0 0
168 125 56 23064.2 0 0
168 130 56 23068.4 0 0
170 134 56 23072.7 0 0
167 130 56 23076.9 0 0
169 132 56 23081.1 0 0
166 129 56 23085.3 0 0
171 131 56 23089.5 0 0
169 131 56 23093.8 0 0
168 130 56 23098 0 0
170 132 56 23102.2 0 0
168 129 57 23106.4 0 0
165 133 56 23110.6 0 0
164 131 57 23114.8 0 0
169 131 57 23119 0 0
168 130 57 23123.2 0 0
164 129 56 23127.4 0 0
173 129 57 23131.6 0 0
165 132 57 23135.9 0 0
168 130 56 23140.1 0 0
171 133 56 23144.3 0 0
170 131 56 23148.5 0 0
169 133 57 23152.8 0 0
168 134 57 23157 0 0
170 131 57 23161.2 0 0
167 133 57 23165.4 0 0
172 130 57 23169.6 0 0
172 129 57 23173.8 0 0
171 131 57 23178 0 0
168 129 57 23182.2 0 0
165 131 57 23186.5 0 0
163 129 58 23190.7 0 0
168 127 57 23194.9 0 0
168 133 57 23199.1 0 0
166 128 57 23203.3 0 0
167 129 57 23207.5 0 0
164 131 57 23211.8 0 0
166 130 57 23216 0 0
170 131 57 23220.2 0 0
169 132 57 23224.4 0 0
167 130 57 23228.6 0 0
168 134 57 23232.9 0 0
170 136 57 23237.1 0 0
172 142 57 23241.3 0 0
174 172 56 23245.5 0 0
193 225 55 23249.7 0 0
167 228 53 23342.5 0 0
160 214 55 23346.7 0 0
149 191 56 23351 0 0
148 182 56 23355.2 0 0
141 171 56 23359.4 0 0
144 164 56 23363.7 0 0
145 155 57 23367.9 0 0
140 145 57 23372.1 0 0
142 140 57 23376.3 0 0
143 135 57 23380.5 0 0
139 131 57 23384.7 0 0
140 133 57 23389 0 0
142 133 57 23393.2 0 0
142 131 57 23397.4 0 0
140 128 57 23401.6 0 0
142 129 57 23405.8 0 0
138 129 57 23410 0 0
140 129 57 23414.2 0 0
140 128 57 23418.5 0 0
140 130 57 23422.7 0 0
140 129 57 23427 0 0
138 126 57 23431.2 0 0
141 127 57 23435.4 0 0
142 127 57 23439.6 0 0
143 130 57 23443.8 0 0
139 125 57 23448.1 0 0
138 126 57 23452.3 0 0
141 128 57 23456.5 0 0
139 128 57 23460.8 0 0
140 129 57 23465 0 0
140 129 57 23469.2 0 0
142 129 57 23473.4 0 0
137 128 57 23477.6 0 0
139 127 57 23481.8 0 0
141 127 57 23486 0 0
139 128 57 23490.2 0 0
139 128 57 23494.4 0 0
138 127 57 23498.6 0 0
139 130 57 23502.9 0 0
141 131 57 23507.1 0 0
141 128 58 23511.3 0 0
137 126 57 23516 0 0
142 127 57 23520.2 0 0
143 130 57 23524.4 0 0
142 129 57 23528.6 0 0
142 127 58 23532.8 0 0
140 131 57 23537.3 0 0
139 129 57 23541.5 0 0
141 131 57 23545.8 0 0
142 129 57 23550 0 0
143 130 57 23554.2 0 0
141 127 57 23558.5 0 0
139 128 57 23562.7 0 0
139 129 57 23566.9 0 0
139 130 57 23571.1 0 0
137 126 57 23575.3 0 0
137 128 57 23579.5 0 0
140 128 57 23583.8 0 0
133 126 57 23588 0 0
130 132 57 23592.2 0 0
128 131 57 23596.4 0 0
126 130 57 23600.7 0 0
127 129 57 23604.9 0 0
125 128 57 23609.1 0 0
128 127 57 23613.4 0 0
130 128 57 23617.6 0 0
128 131 57 23621.8 0 0
124 129 57 23626 0 0
129 131 57 23630.2 0 0
130 128 57 23634.5 0 0
127 131 57 23638.7 0 0
127 129 57 23642.9 0 0
128 128 57 23647.1 0 0
130 127 57 23651.3 0 0
126 128 57 23655.5 0 0
129 128 57 23659.7 0 0
128 125 57 23663.9 0 0
126 128 57 23668.2 0 0
128 127 57 23672.4 0 0
126 128 57 23676.6 0 0
129 130 57 23680.8 0 0
130 127 57 23685 0 0
131 127 57 23689.2 0 0
126 127 58 23693.4 0 0
126 128 57 23697.6 0 0
128 132 57 23701.9 0 0
127 126 57 23706.1 0 0
129 128 57 23710.3 0 0
123 127 57 23714.5 0 0
132 127 57 23718.7 0 0
129 130 57 23722.9 0 0
128 128 57 23727.1 0 0
129 132 57 23731.4 0 0
130 128 57 23735.7 0 0
127 126 57 23739.9 0 0
129 130 58 23744.1 0 0
129 130 57 23748.3 0 0
129 128 57 23752.5 0 0
129 128 58 23756.7 0 0
126 127 57 23761 0 0
127 132 57 23765.2 0 0
127 129 57 23769.4 0 0
130 129 57 23773.6 0 0
126 132 57 23777.8 0 0
129 146 57 23782 0 0
133 179 56 23786.4 0 0
151 231 53 23900.4 0 0
140 215 56 23904.7 0 0
136 198 56 23908.8 0 0
131 184 57 23913.1 0 0
130 177 57 23917.3 0 0
133 167 57 23921.6 0 0
131 160 57 23925.8 0 0
132 155 57 23930 0 0
131 148 58 23934.2 0 0
129 144 57 23938.4 0 0
129 137 57 23942.7 0 0
131 137 58 23946.9 0 0
128 135 57 23951.1 0 0
126 131 58 23955.3 0 0
131 133 58 23959.5 0 0
128 130 58 23963.8 0 0
131 128 58 23968 0 0
127 131 58 23972.2 0 0
132 126 58 23976.4 0 0
129 127 58 23980.6 0 0
129 129 58 23984.8 0 0
130 126 58 23989 0 0
127 127 58 23993.2 0 0
129 127 58 23997.4 0 0
129 127 58 24001.6 0 0
129 128 58 24005.8 0 0
128 128 58 24010.1 0 0
132 128 58 24014.3 0 0
