127 128 43 23037.7 0 0
126 128 43 23041.9 0 0
130 126 43 23046.1 0 0
129 125 43 23050.4 0 0
128 128 44 23054.6 0 0
129 125 43 23058.8 0 0
126 128 43 23063 0 0
130 124 43 23067.3 0 0
125 124 43 23071.5 0 0
127 128 44 23075.7 0 0
128 124 43 23079.9 0 0
127 124 44 23084.1 0 0
126 125 44 23088.3 0 0
126 125 43 23092.5 0 0
128 127 44 23096.7 0 0
130 125 43 23103.9 0 0
123 124 43 23112.2 0 0
123 124 43 23120.4 0 0
128 127 44 23128.4 0 0
126 128 43 23132.6 0 0
129 126 44 23137.1 0 0
123 126 44 23141.3 0 0
130 125 44 23145.5 0 0
127 128 44 23149.7 0 0
124 126 44 23154 0 0
126 127 44 23158.2 0 0
129 126 44 23162.4 0 0
130 134 44 23166.6 0 0
125 131 44 23170.8 0 0
130 131 44 23175 0 0
130 131 44 23179.2 0 0
129 131 44 23183.8 0 0
130 127 44 23188 0 0
125 131 44 23192.2 0 0
130 132 44 23196.4 0 0
128 130 44 23200.6 0 0
130 132 44 23204.8 0 0
129 130 44 23209.1 0 0
131 132 44 23213.3 0 0
128 132 44 23217.5 0 0
128 130 44 23221.7 0 0
132 131 44 23226 0 0
128 134 44 23232.8 0 0
129 132 44 23237 0 0
128 131 44 23241.3 0 0
127 128 45 23245.5 0 0
129 129 44 23249.8 0 0
126 129 44 23254 0 0
130 129 44 23258.2 0 0
126 128 44 23262.4 0 0
129 130 45 23266.6 0 0
129 130 44 23270.8 0 0
132 129 45 23275 0 0
131 129 44 23279.3 0 0
129 127 45 23283.5 0 0
130 129 45 23288 0 0
126 130 44 23292.2 0 0
125 127 44 23296.4 0 0
133 129 45 23300.6 0 0
126 128 44 23304.8 0 0
128 123 44 23309.1 0 0
127 115 45 23313.4 0 0
126 101 45 23320.2 0 0
127 100 45 23324.4 0 0
125 93 45 23328.6 0 0
124 87 45 23332.8 0 0
122 80 45 23337.1 0 0
120 81 45 23341.3 0 0
122 89 45 23345.5 0 0
119 93 45 23349.8 0 0
122 92 45 23354 0 0
123 95 45 23358.2 0 0
121 91 45 23362.4 0 0
122 87 45 23366.6 0 0
123 93 45 23370.8 0 0
125 91 45 23375 0 0
123 90 44 23379.3 0 0
124 87 45 23383.5 0 0
124 89 45 23387.7 0 0
118 84 45 23391.9 0 0
121 89 44 23396.1 0 0
120 91 44 23400.3 0 0
123 93 44 23404.5 0 0
125 83 44 23408.8 0 0
121 91 44 23413 0 0
119 94 44 23417.2 0 0
127 91 43 23424.1 0 0
123 91 43 23432.6 0 0
122 91 43 23440.9 0 0
122 91 43 23449.3 0 0
122 87 43 23456.5 0 0
122 89 42 23460.7 0 0
124 88 42 23465.8 0 0
124 89 42 23470.1 0 0
126 91 42 23474.3 0 0
126 89 42 23478.5 0 0
118 89 42 23482.7 0 0
124 89 42 23486.9 0 0
122 89 42 23491.1 0 0
125 90 41 23495.3 0 0
121 90 41 23499.6 0 0
121 91 42 23503.8 0 0
124 91 41 23508 0 0
125 89 41 23512.2 0 0
123 92 41 23516.5 0 0
122 95 41 23520.7 0 0
123 94 41 23524.9 0 0
123 93 41 23529.1 0 0
124 96 41 23533.3 0 0
125 95 41 23537.5 0 0
122 92 41 23541.8 0 0
127 95 41 23546 0 0
119 93 40 23550.2 0 0
123 91 40 23554.4 0 0
126 94 40 23558.6 0 0
124 95 40 23562.8 0 0
121 92 40 23570 0 0
123 94 40 23574.2 0 0
125 94 40 23578.4 0 0
125 95 40 23582.6 0 0
125 92 40 23586.8 0 0
120 91 40 23591.1 0 0
121 97 40 23595.3 0 0
119 96 39 23599.5 0 0
122 95 40 23603.7 0 0
124 95 39 23607.9 0 0
121 95 40 23612.1 0 0
124 95 39 23616.3 0 0
122 93 39 23620.6 0 0
126 97 39 23624.8 0 0
126 95 39 23629 0 0
123 93 39 23633.2 0 0
124 97 39 23637.4 0 0
123 95 39 23641.7 0 0
121 97 39 23645.9 0 0
119 96 39 23650.1 0 0
126 104 39 23654.3 0 0
129 112 38 23658.5 0 0
134 126 38 23662.7 0 0
133 132 38 23669.9 0 0
126 142 38 23674.1 0 0
130 140 38 23678.3 0 0
124 141 38 23682.5 0 0
129 135 38 23686.8 0 0
126 132 38 23691 0 0
128 130 38 23695.2 0 0
127 130 38 23699.4 0 0
123 133 38 23703.6 0 0
127 137 38 23707.8 0 0
128 146 39 23712.1 0 0
128 135 38 23716.3 0 0
126 141 38 23720.5 0 0
127 135 38 23724.8 0 0
127 137 38 23729 0 0
130 142 38 23733.2 0 0
128 135 38 23737.4 0 0
129 135 38 23741.6 0 0
125 139 38 23745.9 0 0
128 135 38 23750.1 0 0
126 133 38 23754.3 0 0
125 135 38 23758.5 0 0
129 133 38 23762.7 0 0
130 135 38 23766.9 0 0
127 134 38 23771.1 0 0
126 136 38 23778.2 0 0
127 135 38 23782.5 0 0
129 135 38 23786.7 0 0
125 136 38 23790.9 0 0
128 140 38 23795.1 0 0
126 134 37 23799.3 0 0
128 138 38 23803.5 0 0
124 137 38 23807.8 0 0
128 136 38 23812.2 0 0
126 134 38 23816.5 0 0
128 133 38 23820.7 0 0
129 134 37 23824.9 0 0
125 135 37 23829.1 0 0
129 138 38 23833.3 0 0
129 135 37 23837.5 0 0
128 133 37 23841.7 0 0
125 134 38 23846 0 0
130 135 38 23850.2 0 0
128 136 37 23854.4 0 0
127 139 37 23858.6 0 0
132 139 37 23865.7 0 0
129 139 38 23869.9 0 0
129 139 37 23874.1 0 0
128 142 37 23878.3 0 0
130 143 38 23882.5 0 0
131 142 37 23886.8 0 0
128 143 37 23891 0 0
130 141 38 23895.2 0 0
132 143 37 23899.4 0 0
129 146 37 23903.6 0 0
129 140 38 23907.9 0 0
130 144 37 23912.1 0 0
130 141 37 23916.3 0 0
127 137 37 23920.5 0 0
124 135 37 23924.7 0 0
125 136 38 23928.9 0 0
128 138 37 23933.2 0 0
129 137 37 23937.4 0 0
130 141 37 23941.6 0 0
129 141 38 23945.8 0 0
130 141 37 23950 0 0
131 143 38 23954.2 0 0
128 134 38 23958.5 0 0
128 138 37 23965.3 0 0
129 140 38 23969.6 0 0
126 141 38 23973.8 0 0
126 140 38 23978.1 0 0
125 141 37 23982.3 0 0
130 141 38 23986.5 0 0
129 141 37 23990.7 0 0
129 141 38 23994.9 0 0
128 133 38 23999.1 0 0
129 135 38 24003.4 0 0
128 139 38 24007.6 0 0
123 139 38 24011.8 0 0
126 134 38 24016 0 0
129 137 38 24020.2 0 0
129 139 38 24024.5 0 0
125 141 37 24028.7 0 0
128 140 38 24032.9 0 0
128 140 38 24037.1 0 0
127 142 38 24041.3 0 0
128 141 38 24045.5 0 0
127 141 38 24049.7 0 0
133 141 38 24054 0 0
129 137 38 24058.2 0 0
129 135 38 24062.4 0 0
129 137 38 24066.6 0 0
128 139 38 24070.8 0 0
128 139 38 24075 0 0
128 137 38 24081.7 0 0
124 128 38 24085.9 0 0
124 127 38 24090.2 0 0
124 127 38 24094.5 0 0
121 121 38 24098.7 0 0
124 125 38 24102.9 0 0
124 128 38 24107.1 0 0
123 127 38 24111.3 0 0
122 127 38 24115.5 0 0
128 127 38 24119.8 0 0
124 129 38 24124 0 0
125 122 38 24128.2 0 0
123 125 39 24132.5 0 0
122 124 39 24136.7 0 0
128 125 38 24140.9 0 0
129 123 39 24145.1 0 0
125 129 38 24149.3 0 0
128 128 39 24153.5 0 0
124 125 38 24157.7 0 0
129 129 39 24162 0 0
128 129 39 24166.2 0 0
124 126 39 24170.3 0 0
125 126 39 24174.5 0 0
125 125 39 24178.8 0 0
126 126 39 24183 0 0
124 127 39 24187.3 0 0
126 126 39 24191.5 0 0
128 126 39 24195.7 0 0
127 125 39 24202.6 0 0
123 125 39 24206.8 0 0
127 124 39 24211 0 0
124 126 39 24215.3 0 0
127 123 39 24219.5 0 0
124 123 39 24223.8 0 0
128 125 39 24228 0 0
124 123 39 24232.2 0 0
124 123 40 24236.4 0 0
125 123 39 24240.6 0 0
126 124 39 24244.9 0 0
121 124 39 24249.2 0 0
123 124 40 24253.4 0 0
124 122 39 24257.6 0 0
128 124 40 24261.8 0 0
128 123 40 24266 0 0
126 123 40 24270.2 0 0
125 126 40 24274.5 0 0
125 121 40 24278.7 0 0
128 128 40 24282.9 0 0
125 126 40 24287.2 0 0
124 126 40 24291.4 0 0
129 125 40 24298.5 0 0
124 126 40 24302.7 0 0
127 127 40 24307 0 0
126 124 40 24311.2 0 0
124 125 40 24315.4 0 0
129 127 40 24319.6 0 0
125 121 40 24323.8 0 0
127 128 40 24328 0 0
126 126 40 24332.2 0 0
125 128 40 24336.5 0 0
126 134 40 24340.7 0 0
128 141 40 24345 0 0
124 150 40 24349.2 0 0
124 157 40 24353.4 0 0
127 165 40 24357.6 0 0
126 165 40 24361.8 0 0
124 165 40 24366 0 0
123 160 40 24370.2 0 0
127 159 40 24376.1 0 0
125 153 40 24380.3 0 0
125 159 41 24385.9 0 0
123 160 40 24390.1 0 0
124 165 41 24394.4 0 0
123 167 40 24398.6 0 0
126 161 41 24402.8 0 0
124 161 41 24407.1 0 0
123 165 40 24411.3 0 0
122 165 40 24415.5 0 0
122 162 40 24419.7 0 0
126 165 41 24423.9 0 0
124 163 40 24428.1 0 0
124 162 40 24432.3 0 0
123 161 41 24436.5 0 0
125 161 41 24440.7 0 0
125 159 40 24445 0 0
120 157 40 24449.2 0 0
126 161 41 24453.3 0 0
123 159 40 24457.5 0 0
129 159 41 24461.8 0 0
126 161 40 24466 0 0
125 161 41 24470.3 0 0
128 160 41 24474.5 0 0
126 160 41 24478.7 0 0
127 160 41 24482.9 0 0
125 158 41 24487.1 0 0
125 160 40 24494.3 0 0
126 167 41 24502.5 0 0
126 167 41 24510.8 0 0
127 161 41 24519 0 0
126 161 41 24523.2 0 0
126 159 41 24527.5 0 0
125 165 41 24531.7 0 0
124 158 41 24536.3 0 0
109 157 41 24540.5 0 0
106 142 41 24544.7 0 0
99 137 41 24548.9 0 0
88 126 41 24553.1 0 0
77 111 42 24557.3 0 0
72 106 42 24562.1 0 0
63 92 42 24566.3 0 0
53 90 42 24573.2 0 0
53 88 41 24577.4 0 0
55 85 41 24581.6 0 0
54 86 41 24585.8 0 0
55 81 41 24590.1 0 0
53 84 41 24594.3 0 0
51 82 41 24598.5 0 0
50 81 41 24602.8 0 0
47 80 41 24607 0 0
49 74 41 24611.2 0 0
49 77 41 24615.4 0 0
44 72 41 24619.6 0 0
47 72 41 24623.8 0 0
47 68 41 24628 0 0
46 68 41 24632.3 0 0
41 66 41 24636.5 0 0
50 69 41 24640.7 0 0
46 67 41 24644.9 0 0
50 70 41 24649.1 0 0
47 73 41 24653.4 0 0
48 72 41 24657.6 0 0
50 75 41 24661.8 0 0
49 75 41 24666 0 0
49 75 41 24670.2 0 0
50 75 41 24675.3 0 0
48 71 41 24679.5 0 0
50 68 41 24683.8 0 0
44 71 41 24688 0 0
48 69 41 24692.2 0 0
46 68 41 24696.4 0 0
48 70 41 24700.6 0 0
47 69 41 24710.7 0 0
49 67 41 24714.9 0 0
47 68 41 24719.2 0 0
49 70 41 24723.4 0 0
44 69 41 24727.6 0 0
45 73 41 24731.8 0 0
47 69 41 24736 0 0
44 73 41 24740.2 0 0
46 73 41 24744.4 0 0
47 71 42 24748.7 0 0
47 76 41 24752.9 0 0
45 74 41 24757.1 0 0
46 70 42 24761.3 0 0
45 74 41 24765.5 0 0
46 72 41 24769.7 0 0
44 70 42 24774 0 0
50 74 41 24778.4 0 0
48 75 41 24782.6 0 0
57 74 42 24786.8 0 0
81 64 43 24791 0 0
103 65 43 24795.2 0 0
117 70 43 24799.5 0 0
132 73 44 24806.5 0 0
142 80 43 24810.7 0 0
152 79 43 24814.9 0 0
165 80 42 24819.2 0 0
174 83 42 24823.4 0 0
185 80 41 24827.6 0 0
196 80 41 24831.8 0 0
203 79 40 24836 0 0
210 80 40 24840.2 0 0
214 83 39 24844.5 0 0
218 81 39 24848.7 0 0
215 81 38 24852.9 0 0
213 76 38 24857.1 0 0
215 75 38 24861.3 0 0
210 76 39 24865.5 0 0
215 84 39 24869.8 0 0
212 84 39 24874 0 0
215 89 39 24878.2 0 0
216 91 40 24882.4 0 0
219 89 40 24886.6 0 0
217 88 40 24890.8 0 0
217 87 39 24895 0 0
215 83 39 24899.2 0 0
215 87 39 24903.5 0 0
215 82 38 24907.7 0 0
217 78 39 24914.6 0 0
216 80 39 24918.8 0 0
214 74 39 24923 0 0
212 77 39 24927.3 0 0
214 76 39 24931.6 0 0
217 80 39 24935.8 0 0
216 77 39 24940 0 0
218 78 39 24944.3 0 0
214 78 39 24948.5 0 0
217 81 39 24952.7 0 0
213 80 39 24956.9 0 0
221 78 39 24961.1 0 0
217 83 40 24965.3 0 0
215 84 39 24969.6 0 0
213 84 39 24973.8 0 0
215 81 39 24978 0 0
215 80 39 24982.2 0 0
215 80 39 24986.4 0 0
213 79 39 24990.6 0 0
214 81 39 24994.8 0 0
216 79 39 24999 0 0
214 82 39 25003.3 0 0
216 83 39 25007.5 0 0
219 83 39 25011.7 0 0
216 83 39 25015.9 0 0
216 85 39 25022.8 0 0
215 80 40 25027 0 0
216 80 39 25033.1 0 0
215 79 39 25037.3 0 0
214 80 39 25043.7 0 0
213 79 39 25048 0 0
214 78 40 25052.2 0 0
218 81 39 25056.5 0 0
214 79 39 25060.7 0 0
217 80 40 25064.9 0 0
218 82 39 25069.1 0 0
216 82 40 25073.3 0 0
217 81 39 25077.5 0 0
213 84 40 25081.7 0 0
216 80 40 25086 0 0
215 84 40 25090.2 0 0
217 85 40 25094.4 0 0
215 81 40 25098.6 0 0
215 81 40 25102.8 0 0
217 83 40 25107 0 0
219 81 40 25111.2 0 0
215 82 40 25115.4 0 0
215 79 40 25119.7 0 0
217 82 40 25123.9 0 0
217 82 40 25128.1 0 0
215 81 40 25132.3 0 0
216 83 40 25136.5 0 0
215 83 40 25140.7 0 0
209 85 39 25144.9 0 0
202 71 39 25151.9 0 0
196 72 40 25156.1 0 0
188 67 40 25160.4 0 0
181 68 40 25164.6 0 0
174 71 40 25168.8 0 0
177 74 41 25173 0 0
183 78 41 25177.2 0 0
188 84 42 25181.4 0 0
186 82 42 25185.7 0 0
186 82 42 25189.9 0 0
185 82 42 25194.1 0 0
184 85 41 25198.3 0 0
192 100 41 25202.5 0 0
192 84 41 25206.8 0 0
204 104 41 25211 0 0
208 114 41 25215.3 0 0
213 123 41 25219.5 0 0
212 136 40 25223.7 0 0
210 139 39 25227.9 0 0
204 136 39 25232.1 0 0
203 134 39 25236.3 0 0
207 125 39 25240.5 0 0
206 117 39 25244.8 0 0
206 117 39 25249.1 0 0
207 127 40 25253.4 0 0
209 127 40 25257.6 0 0
208 131 41 25261.8 0 0
207 136 41 25266 0 0
204 139 41 25270.2 0 0
208 140 40 25274.5 0 0
208 138 40 25278.7 0 0
210 140 40 25283 0 0
210 137 40 25287.2 0 0
209 137 40 25291.4 0 0
212 126 40 25295.6 0 0
205 130 40 25299.8 0 0
211 131 40 25304 0 0
210 121 40 25308.2 0 0
203 128 40 25312.5 0 0
206 120 40 25316.7 0 0
206 129 40 25320.9 0 0
203 124 40 25325.1 0 0
206 124 40 25329.3 0 0
210 124 40 25333.5 0 0
210 127 40 25337.8 0 0
205 134 40 25342 0 0
205 134 0 25346.2 0 0
205 134 40 25350.4 0 0
205 134 40 25354.6 0 0
205 134 0 25358.8 0 0
205 134 40 25363 0 0
205 145 40 25367.3 0 0
205 145 40 25371.5 0 0
208 149 40 25375.7 0 0
208 149 40 25380 0 0
208 149 40 25384.2 0 0
208 149 40 25388.4 0 0
208 149 40 25392.6 0 0
208 149 40 25396.8 0 0
204 200 40 25401 0 0
204 200 40 25405.2 0 0
210 211 39 25409.5 0 0
203 213 40 25413.7 0 0
204 214 40 25417.9 0 0
203 212 40 25422.1 0 0
203 205 40 25426.3 0 0
206 198 40 25430.5 0 0
205 202 40 25434.7 0 0
203 203 40 25438.9 0 0
198 207 40 25443.2 0 0
199 206 40 25447.4 0 0
201 207 41 25451.6 0 0
198 210 41 25455.8 0 0
202 210 41 25460 0 0
204 206 41 25464.2 0 0
205 210 40 25468.4 0 0
199 206 41 25472.7 0 0
204 210 41 25476.9 0 0
206 206 41 25481.1 0 0
204 201 41 25485.3 0 0
206 203 40 25489.5 0 0
201 201 40 25493.7 0 0
201 201 41 25497.9 0 0
203 200 40 25502.1 0 0
201 203 41 25506.4 0 0
200 203 41 25510.6 0 0
201 204 41 25514.8 0 0
204 205 41 25519 0 0
199 205 41 25523.2 0 0
203 204 41 25527.5 0 0
202 206 41 25531.7 0 0
202 206 41 25535.9 0 0
204 206 41 25540.1 0 0
203 209 41 25544.3 0 0
202 204 41 25548.5 0 0
203 205 41 25552.7 0 0
203 205 41 25557 0 0
202 205 41 25561.2 0 0
202 204 41 25565.4 0 0
200 204 41 25569.6 0 0
189 201 40 25573.8 0 0
176 194 40 25578 0 0
162 196 40 25582.2 0 0
148 190 41 25586.5 0 0
130 193 42 25590.8 0 0
117 194 43 25595 0 0
103 194 44 25599.2 0 0
97 197 44 25603.4 0 0
91 196 44 25607.6 0 0
82 195 44 25611.8 0 0
80 194 44 25616 0 0
74 189 44 25620.3 0 0
78 185 44 25624.5 0 0
78 187 44 25628.7 0 0
75 185 44 25632.9 0 0
79 187 44 25637.1 0 0
76 186 44 25641.3 0 0
70 187 44 25645.5 0 0
68 185 43 25649.8 0 0
68 182 44 25654 0 0
67 181 43 25658.2 0 0
64 178 43 25662.4 0 0
64 180 42 25666.6 0 0
67 179 43 25670.8 0 0
65 180 43 25675 0 0
66 178 42 25679.3 0 0
69 181 43 25683.5 0 0
66 180 43 25687.7 0 0
67 182 43 25692 0 0
68 181 43 25696.2 0 0
69 183 43 25700.4 0 0
68 184 44 25704.6 0 0
67 182 44 25708.8 0 0
68 188 43 25713 0 0
69 186 43 25717.2 0 0
69 185 43 25721.5 0 0
67 184 44 25725.7 0 0
67 186 43 25729.9 0 0
69 186 43 25734.1 0 0
66 185 44 25738.3 0 0
69 186 43 25742.5 0 0
71 185 43 25746.8 0 0
68 180 43 25751 0 0
68 186 44 25755.2 0 0
69 177 44 25759.5 0 0
70 180 43 25763.7 0 0
71 187 43 25767.8 0 0
68 186 43 25772.1 0 0
70 186 43 25776.3 0 0
66 185 43 25780.6 0 0
69 185 43 25784.8 0 0
64 184 44 25789 0 0
57 182 44 25793.2 0 0
49 177 44 25797.4 0 0
39 172 44 25801.7 0 0
30 166 44 25805.9 0 0
33 169 43 25810.1 0 0
33 167 43 25814.3 0 0
38 164 43 25818.6 0 0
43 169 43 25822.8 0 0
43 167 43 25827 0 0
47 175 43 25831.2 0 0
42 176 43 25835.4 0 0
41 180 44 25839.6 0 0
43 181 44 25843.9 0 0
35 176 44 25848.1 0 0
35 170 43 25852.3 0 0
37 170 43 25856.5 0 0
31 168 42 25860.7 0 0
35 166 43 25864.9 0 0
34 165 42 25869.1 0 0
31 164 42 25873.3 0 0
38 166 42 25877.5 0 0
35 168 42 25881.8 0 0
37 172 42 25886 0 0
31 171 42 25890.2 0 0
33 172 42 25894.4 0 0
39 174 42 25898.6 0 0
37 173 43 25905.8 0 0
35 169 42 25910 0 0
37 169 42 25914.2 0 0
43 168 42 25918.5 0 0
36 167 42 25922.7 0 0
37 169 42 25926.9 0 0
31 164 42 25931.1 0 0
38 168 42 25935.4 0 0
37 172 42 25939.6 0 0
35 173 42 25943.8 0 0
40 172 42 25948 0 0
41 177 42 25952.2 0 0
36 171 42 25956.5 0 0
38 159 42 25960.7 0 0
42 145 42 25964.9 0 0
50 117 42 25969.2 0 0
54 103 42 25976.1 0 0
52 97 42 25980.3 0 0
49 84 43 25984.5 0 0
45 78 43 25988.7 0 0
42 71 43 25993 0 0
39 72 43 25997.2 0 0
46 73 42 26001.4 0 0
45 73 42 26005.6 0 0
47 73 42 26009.8 0 0
51 70 42 26014 0 0
55 71 42 26018.2 0 0
50 70 43 26022.4 0 0
49 70 42 26026.7 0 0
50 68 43 26030.9 0 0
50 63 43 26035.1 0 0
51 63 43 26039.3 0 0
50 62 43 26043.5 0 0
47 58 42 26047.7 0 0
43 59 42 26052 0 0
46 55 42 26056.2 0 0
49 57 42 26060.4 0 0
45 57 42 26064.6 0 0
44 61 42 26068.8 0 0
48 64 42 26073 0 0
50 64 42 26080 0 0
48 65 42 26088.5 0 0
48 60 42 26096.7 0 0
48 60 42 26105.2 0 0
48 57 42 26112.8 0 0
47 59 42 26117.1 0 0
48 57 41 26121.7 0 0
50 58 42 26125.9 0 0
46 59 42 26130.2 0 0
44 60 42 26134.4 0 0
44 59 42 26138.6 0 0
46 60 42 26142.8 0 0
45 57 42 26147 0 0
56 59 42 26151.2 0 0
60 53 43 26155.5 0 0
74 43 43 26159.7 0 0
78 46 43 26163.9 0 0
81 42 43 26168.1 0 0
83 40 43 26172.3 0 0
77 48 43 26176.5 0 0
71 48 42 26180.8 0 0
71 46 42 26185 0 0
72 46 43 26189.2 0 0
74 44 43 26193.4 0 0
74 47 42 26197.7 0 0
79 46 42 26201.8 0 0
76 46 43 26206 0 0
82 42 42 26210.3 0 0
83 41 43 26214.5 0 0
79 44 43 26218.7 0 0
81 42 43 26223 0 0
81 39 42 26227.2 0 0
81 39 42 26231.4 0 0
76 44 43 26237.8 0 0
74 41 42 26242 0 0
78 39 42 26246.8 0 0
75 41 42 26251 0 0
75 37 42 26255.2 0 0
75 41 42 26259.4 0 0
81 39 42 26263.6 0 0
74 40 42 26267.8 0 0
79 38 42 26272 0 0
76 43 42 26276.3 0 0
74 41 42 26280.7 0 0
77 39 42 26284.9 0 0
75 40 42 26289.1 0 0
79 40 42 26293.3 0 0
75 43 42 26297.5 0 0
76 41 42 26301.8 0 0
77 42 42 26306 0 0
75 39 42 26310.2 0 0
77 40 42 26314.4 0 0
76 40 42 26318.6 0 0
77 39 42 26322.8 0 0
75 39 42 26327 0 0
75 41 42 26331.2 0 0
77 37 42 26335.5 0 0
77 41 42 26339.7 0 0
79 39 42 26343.9 0 0
78 39 42 26350.9 0 0
77 41 42 26355.1 0 0
80 41 42 26359.3 0 0
75 41 42 26363.5 0 0
79 40 42 26367.8 0 0
77 41 42 26372 0 0
77 43 42 26376.3 0 0
78 40 42 26380.5 0 0
78 41 42 26384.7 0 0
76 39 42 26388.9 0 0
77 37 42 26393.1 0 0
77 39 42 26397.3 0 0
79 41 42 26401.5 0 0
80 44 42 26405.8 0 0
81 40 42 26410 0 0
91 50 43 26414.2 0 0
96 64 42 26418.4 0 0
112 74 43 26422.6 0 0
117 91 43 26426.8 0 0
128 104 43 26431.1 0 0
126 112 42 26435.3 0 0
124 136 41 26439.5 0 0
123 145 42 26446.4 0 0
121 148 41 26450.6 0 0
126 150 42 26454.8 0 0
124 148 42 26459 0 0
125 146 42 26463.3 0 0
128 145 42 26467.5 0 0
126 149 42 26471.8 0 0
125 151 42 26476 0 0
127 162 42 26480.2 0 0
129 164 42 26484.4 0 0
130 166 42 26488.6 0 0
127 159 42 26492.8 0 0
126 159 42 26497 0 0
127 159 42 26501.3 0 0
120 155 42 26505.5 0 0
128 152 42 26509.7 0 0
131 153 42 26513.9 0 0
125 152 42 26518.1 0 0
129 151 42 26522.3 0 0
129 151 42 26526.5 0 0
130 151 42 26531.3 0 0
127 153 42 26535.5 0 0
127 150 42 26542.2 0 0
127 154 42 26546.5 0 0
130 153 42 26550.7 0 0
128 155 42 26554.9 0 0
127 151 42 26559.2 0 0
129 152 42 26563.4 0 0
130 158 42 26567.6 0 0
126 156 42 26571.8 0 0
126 157 42 26576 0 0
130 154 42 26580.2 0 0
127 154 42 26584.4 0 0
131 154 42 26588.6 0 0
125 155 42 26592.9 0 0
128 153 42 26597.1 0 0
129 155 42 26601.3 0 0
128 151 42 26605.5 0 0
126 148 42 26609.7 0 0
127 152 42 26613.9 0 0
126 151 42 26618.2 0 0
126 152 42 26622.4 0 0
128 154 42 26626.6 0 0
127 148 42 26630.8 0 0
128 150 42 26635 0 0
128 150 42 26639.2 0 0
129 150 42 26644.2 0 0
128 157 42 26648.4 0 0
129 156 42 26654.7 0 0
123 158 42 26658.9 0 0
128 153 42 26663.2 0 0
132 158 42 26667.3 0 0
128 155 42 26671.5 0 0
130 157 42 26675.8 0 0
127 155 42 26680 0 0
126 153 42 26684.2 0 0
131 150 42 26688.5 0 0
124 158 42 26692.7 0 0
132 157 43 26696.9 0 0
130 151 42 26701.1 0 0
132 146 42 26714.6 0 0
130 97 43 26718.9 0 0
128 95 43 26725.5 0 0
124 89 43 26729.8 0 0
122 83 43 26734 0 0
117 80 43 26738.2 0 0
115 81 43 26742.4 0 0
115 87 43 26746.7 0 0
118 91 43 26750.9 0 0
121 92 43 26755.1 0 0
121 89 44 26759.3 0 0
125 89 44 26763.5 0 0
122 85 44 26767.7 0 0
121 84 43 26771.9 0 0
125 84 43 26776.1 0 0
120 77 43 26780.3 0 0
115 72 43 26784.6 0 0
115 73 43 26788.8 0 0
116 79 43 26793 0 0
115 74 43 26797.2 0 0
119 74 43 26801.4 0 0
118 76 43 26805.7 0 0
118 76 43 26809.9 0 0
118 78 43 26815.9 0 0
121 83 44 26820.1 0 0
117 78 43 26824.3 0 0
120 82 43 26828.5 0 0
118 78 43 26832.7 0 0
120 80 43 26836.9 0 0
119 77 43 26841.1 0 0
121 80 43 26845.4 0 0
119 82 43 26849.6 0 0
120 80 43 26853.8 0 0
118 80 43 26858 0 0
122 78 43 26862.2 0 0
117 80 43 26866.4 0 0
119 79 43 26870.6 0 0
118 81 43 26875.1 0 0
122 77 43 26879.3 0 0
121 80 43 26883.5 0 0
120 82 43 26887.7 0 0
116 81 43 26892 0 0
121 82 43 26896.2 0 0
120 79 44 26900.5 0 0
120 83 43 26904.7 0 0
117 78 43 26908.9 0 0
119 81 43 26913.1 0 0
117 80 44 26917.3 0 0
125 77 44 26921.5 0 0
137 80 44 26925.7 0 0
144 79 44 26929.9 0 0
152 79 44 26934.5 0 0
159 75 45 26938.7 0 0
164 74 44 26943 0 0
170 77 43 26947.2 0 0
172 76 42 26951.4 0 0
172 79 42 26955.6 0 0
168 77 41 26959.8 0 0
167 81 41 26964 0 0
161 73 42 26968.6 0 0
167 71 42 26972.9 0 0
171 76 43 26977.1 0 0
176 65 43 26981.3 0 0
172 78 43 26985.5 0 0
176 77 43 26989.7 0 0
174 79 42 26993.9 0 0
175 81 43 26998.1 0 0
173 76 42 27002.3 0 0
176 80 42 27006.5 0 0
175 78 42 27010.8 0 0
175 75 42 27015 0 0
170 75 42 27019.2 0 0
174 74 42 27023.4 0 0
173 74 42 27027.6 0 0
173 78 42 27031.8 0 0
176 73 42 27036 0 0
173 75 42 27040.3 0 0
170 76 42 27044.5 0 0
174 72 42 27048.7 0 0
170 77 42 27052.9 0 0
169 77 42 27057.1 0 0
171 77 42 27061.3 0 0
171 76 42 27065.5 0 0
173 87 42 27069.8 0 0
173 79 42 27074 0 0
172 85 42 27078.2 0 0
172 76 42 27082.4 0 0
174 85 42 27086.6 0 0
176 87 42 27090.8 0 0
173 76 42 27095 0 0
170 85 42 27099.3 0 0
173 77 42 27103.5 0 0
171 85 42 27107.7 0 0
169 84 42 27112 0 0
174 76 42 27116.2 0 0
174 86 42 27120.5 0 0
170 76 42 27124.8 0 0
171 77 42 27129 0 0
173 82 42 27133.2 0 0
175 84 42 27137.4 0 0
170 88 42 27141.6 0 0
170 77 42 27145.8 0 0
174 89 42 27150 0 0
171 91 42 27154.3 0 0
168 104 42 27158.5 0 0
163 113 42 27162.7 0 0
160 134 41 27166.9 0 0
162 150 41 27171.1 0 0
160 162 41 27175.3 0 0
157 162 42 27179.5 0 0
145 178 41 27183.8 0 0
139 188 42 27188 0 0
134 188 42 27192.2 0 0
128 191 42 27196.5 0 0
124 196 42 27200.7 0 0
119 194 42 27204.9 0 0
130 200 42 27209.1 0 0
129 196 42 27213.3 0 0
133 199 42 27217.5 0 0
130 198 42 27221.8 0 0
127 206 42 27226 0 0
124 205 42 27230.2 0 0
129 209 42 27234.4 0 0
125 209 42 27238.6 0 0
127 205 42 27242.8 0 0
126 205 42 27247.1 0 0
128 204 42 27251.3 0 0
127 202 42 27255.5 0 0
127 199 42 27259.8 0 0
126 198 42 27264 0 0
128 199 42 27268.2 0 0
129 201 42 27272.4 0 0
127 200 42 27276.6 0 0
127 201 42 27280.8 0 0
128 200 42 27285.1 0 0
125 203 42 27289.3 0 0
129 203 42 27293.5 0 0
125 204 42 27297.7 0 0
127 200 42 27301.9 0 0
125 200 42 27306.1 0 0
125 199 41 27310.4 0 0
130 205 42 27314.6 0 0
123 200 42 27318.8 0 0
129 204 42 27323 0 0
122 200 42 27327.2 0 0
125 202 41 27331.4 0 0
127 199 42 27335.6 0 0
130 203 42 27339.9 0 0
126 201 42 27344.1 0 0
127 200 42 27348.3 0 0
125 201 42 27352.5 0 0
124 201 41 27356.7 0 0
118 203 42 27360.9 0 0
109 203 41 27365.1 0 0
97 204 42 27369.3 0 0
90 207 41 27373.6 0 0
82 212 41 27377.8 0 0
77 208 42 27382 0 0
79 210 42 27386.2 0 0
83 213 41 27390.4 0 0
87 213 42 27394.7 0 0
92 215 42 27398.9 0 0
89 211 42 27403.1 0 0
85 214 43 27407.4 0 0
85 216 42 27411.6 0 0
83 219 42 27415.8 0 0
80 215 42 27420 0 0
79 213 42 27424.2 0 0
76 218 41 27428.4 0 0
76 216 41 27432.6 0 0
77 211 41 27436.9 0 0
80 212 41 27441.1 0 0
80 210 41 27445.3 0 0
77 212 41 27449.5 0 0
78 212 41 27453.7 0 0
83 213 41 27458 0 0
80 213 41 27462.2 0 0
80 213 41 27466.4 0 0
80 215 41 27470.7 0 0
78 214 41 27474.9 0 0
80 213 41 27479.1 0 0
84 215 41 27483.3 0 0
84 217 41 27487.5 0 0
81 213 41 27491.7 0 0
83 213 41 27496 0 0
78 213 41 27500.2 0 0
79 211 41 27504.4 0 0
81 213 41 27508.6 0 0
82 213 41 27512.8 0 0
83 213 41 27517 0 0
83 215 41 27521.2 0 0
82 213 41 27525.5 0 0
85 214 42 27529.7 0 0
81 213 41 27533.9 0 0
83 217 42 27538.3 0 0
79 216 41 27542.5 0 0
82 215 41 27546.7 0 0
80 209 42 27551 0 0
82 212 41 27555.2 0 0
83 216 42 27559.4 0 0
81 214 42 27563.6 0 0
85 214 42 27567.9 0 0
83 212 41 27572 0 0
83 213 42 27576.3 0 0
80 213 42 27580.5 0 0
80 211 41 27584.7 0 0
87 212 41 27588.9 0 0
90 211 41 27593.2 0 0
103 193 42 27597.5 0 0
114 177 42 27601.7 0 0
126 165 42 27605.9 0 0
131 160 42 27610.1 0 0
131 144 42 27614.3 0 0
136 131 42 27618.5 0 0
132 123 42 27622.8 0 0
132 108 42 27627 0 0
130 94 42 27631.2 0 0
135 89 42 27635.4 0 0
133 88 42 27639.6 0 0
136 92 43 27643.8 0 0
133 86 42 27648 0 0
134 85 43 27652.2 0 0
134 87 42 27656.5 0 0
131 88 42 27660.7 0 0
131 84 43 27664.9 0 0
132 82 42 27669.1 0 0
132 83 42 27673.3 0 0
132 75 42 27677.5 0 0
133 75 42 27681.8 0 0
133 78 42 27686 0 0
132 80 42 27690.2 0 0
128 77 42 27694.4 0 0
132 75 42 27698.6 0 0
128 73 43 27702.8 0 0
126 77 42 27707 0 0
131 72 42 27711.3 0 0
131 79 42 27715.5 0 0
132 77 43 27719.8 0 0
132 77 43 27724 0 0
131 80 42 27728.2 0 0
129 83 42 27732.4 0 0
129 77 42 27736.6 0 0
132 80 43 27740.8 0 0
132 79 42 27745 0 0
130 76 42 27749.2 0 0
131 78 42 27753.5 0 0
130 75 42 27757.7 0 0
131 79 43 27761.9 0 0
130 77 43 27766.1 0 0
127 79 42 27770.3 0 0
133 75 43 27774.6 0 0
130 79 43 27778.8 0 0
132 78 43 27783 0 0
131 77 42 27787.4 0 0
132 75 42 27791.6 0 0
130 79 42 27795.8 0 0
132 76 42 27800 0 0
130 80 42 27804.3 0 0
132 76 42 27808.5 0 0
134 79 43 27812.7 0 0
126 78 42 27817 0 0
130 77 42 27821.2 0 0
127 82 42 27825.4 0 0
130 78 42 27829.6 0 0
128 77 42 27833.8 0 0
130 81 42 27838 0 0
129 79 42 27842.2 0 0
129 80 42 27846.4 0 0
131 81 42 27850.6 0 0
132 81 42 27854.8 0 0
127 81 42 27859 0 0
128 79 42 27863.2 0 0
128 85 42 27867.5 0 0
128 85 42 27871.7 0 0
130 79 42 27878.5 0 0
130 80 42 27882.7 0 0
131 80 42 27886.9 0 0
137 80 42 27891.1 0 0
148 76 43 27895.3 0 0
157 69 43 27899.5 0 0
163 62 43 27903.8 0 0
173 60 42 27908 0 0
178 50 42 27912.2 0 0
175 49 41 27916.4 0 0
176 46 40 27920.6 0 0
173 46 39 27924.8 0 0
167 36 39 27929 0 0
167 40 40 27933.3 0 0
168 40 40 27937.5 0 0
170 44 41 27941.7 0 0
175 48 41 27945.9 0 0
175 43 42 27950.1 0 0
179 40 41 27954.3 0 0
178 40 41 27958.6 0 0
177 40 40 27962.8 0 0
176 39 40 27967 0 0
174 40 40 27971.3 0 0
173 34 40 27975.5 0 0
168 35 40 27979.7 0 0
171 37 40 27983.9 0 0
173 35 40 27988.1 0 0
171 37 40 27992.3 0 0
171 30 40 27996.6 0 0
171 36 40 28000.8 0 0
175 40 40 28007.8 0 0
175 38 40 28012 0 0
174 38 40 28016.2 0 0
175 37 40 28020.4 0 0
172 37 40 28024.7 0 0
174 38 40 28028.9 0 0
171 36 40 28033.1 0 0
176 41 40 28037.3 0 0
172 38 40 28041.5 0 0
170 37 40 28045.7 0 0
173 36 40 28049.9 0 0
173 36 0 28054.2 0 0
174 38 40 28058.4 0 0
174 38 0 28062.6 0 0
174 38 0 28066.8 0 0
173 35 40 28071.1 0 0
173 35 40 28075.3 0 0
175 39 40 28079.5 0 0
174 35 40 28083.7 0 0
174 35 0 28087.9 0 0
174 36 40 28092.1 0 0
172 35 39 28096.3 0 0
173 37 40 28100.6 0 0
174 39 40 28107.7 0 0
172 38 40 28111.9 0 0
169 35 40 28116.1 0 0
173 40 40 28120.4 0 0
171 43 40 28124.6 0 0
173 33 40 28128.8 0 0
173 33 0 28133 0 0
173 33 0 28137.2 0 0
170 32 40 28141.4 0 0
171 40 40 28145.6 0 0
170 35 40 28149.9 0 0
170 31 40 28154.2 0 0
174 39 40 28158.4 0 0
170 34 40 28162.6 0 0
175 44 40 28166.8 0 0
170 37 40 28171 0 0
169 38 40 28175.2 0 0
171 39 40 28179.4 0 0
172 36 40 28184.1 0 0
173 34 40 28188.4 0 0
172 40 40 28195.1 0 0
169 40 40 28199.3 0 0
174 36 40 28203.5 0 0
172 43 40 28207.7 0 0
172 43 0 28211.9 0 0
170 42 40 28216.2 0 0
171 46 40 28220.4 0 0
166 49 40 28224.6 0 0
161 64 40 28228.8 0 0
154 81 40 28233 0 0
148 93 40 28237.2 0 0
150 110 40 28241.4 0 0
150 112 40 28245.6 0 0
142 128 41 28249.8 0 0
139 137 41 28254.1 0 0
140 143 41 28258.3 0 0
142 147 41 28262.5 0 0
146 141 41 28266.7 0 0
140 132 41 28270.9 0 0
139 132 41 28275.1 0 0
140 137 41 28279.4 0 0
138 140 41 28283.6 0 0
134 144 41 28290.7 0 0
133 148 41 28299 0 0
138 150 41 28307.2 0 0
138 149 41 28315.5 0 0
138 149 41 28324 0 0
129 166 40 28331.5 0 0
119 196 40 28335.7 0 0
124 200 40 28340.5 0 0
124 204 40 28344.7 0 0
124 206 41 28349 0 0
129 203 41 28353.2 0 0
128 194 41 28357.4 0 0
130 194 41 28361.6 0 0
127 198 41 28365.8 0 0
124 203 41 28370.1 0 0
122 202 41 28374.3 0 0
119 209 41 28378.5 0 0
123 210 41 28382.8 0 0
121 209 41 28387 0 0
121 207 41 28391.2 0 0
122 207 41 28395.4 0 0
123 209 41 28399.6 0 0
120 205 41 28403.8 0 0
124 205 41 28408 0 0
125 205 41 28412.2 0 0
124 206 41 28416.5 0 0
122 203 41 28420.7 0 0
122 204 41 28424.9 0 0
122 206 41 28429.1 0 0
120 199 41 28433.3 0 0
125 201 41 28437.5 0 0
124 198 41 28441.7 0 0
124 200 41 28446 0 0
124 201 41 28452.8 0 0
122 204 41 28457.1 0 0
120 196 41 28461.3 0 0
120 197 41 28465.6 0 0
124 197 41 28469.9 0 0
121 196 41 28474.1 0 0
124 198 41 28478.3 0 0
121 198 41 28482.5 0 0
122 199 41 28486.7 0 0
121 198 41 28490.9 0 0
121 198 41 28495.1 0 0
122 198 41 28499.3 0 0
124 198 41 28503.6 0 0
122 203 41 28507.8 0 0
121 198 41 28512 0 0
122 199 41 28516.2 0 0
123 200 41 28520.4 0 0
121 202 41 28524.6 0 0
124 199 41 28528.8 0 0
124 202 41 28533.1 0 0
125 199 41 28537.3 0 0
123 201 41 28541.5 0 0
125 199 41 28545.7 0 0
123 205 41 28549.9 0 0
128 198 41 28554.2 0 0
145 196 41 28558.6 0 0
170 211 41 28562.9 0 0
181 207 41 28569.7 0 0
192 210 41 28573.9 0 0
195 216 40 28578.1 0 0
203 217 39 28582.3 0 0
202 216 39 28586.5 0 0
200 217 38 28590.8 0 0
195 216 38 28595 0 0
193 209 39 28599.2 0 0
196 207 40 28603.8 0 0
196 208 41 28608 0 0
198 210 41 28612.2 0 0
199 210 42 28616.5 0 0
204 212 42 28620.7 0 0
204 210 41 28624.9 0 0
204 213 41 28629.1 0 0
208 215 40 28633.3 0 0
208 215 40 28637.5 0 0
201 213 40 28644.3 0 0
200 215 40 28648.5 0 0
198 213 40 28652.7 0 0
201 212 39 28657 0 0
204 210 40 28661.2 0 0
202 211 39 28665.4 0 0
203 210 40 28669.6 0 0
199 207 40 28673.8 0 0
203 209 40 28678.1 0 0
202 204 40 28682.3 0 0
199 210 40 28686.5 0 0
202 208 41 28690.7 0 0
200 212 40 28694.9 0 0
201 208 40 28699.1 0 0
202 212 40 28714.8 0 0
203 207 40 28719 0 0
203 215 40 28723.2 0 0
201 211 40 28727.4 0 0
203 212 40 28731.6 0 0
205 210 40 28735.9 0 0
202 211 40 28740.1 0 0
204 212 40 28744.3 0 0
207 211 40 28748.6 0 0
206 213 40 28752.8 0 0
205 211 40 28757.1 0 0
198 212 40 28761.3 0 0
202 211 40 28765.5 0 0
205 210 40 28769.7 0 0
200 211 40 28773.9 0 0
206 211 40 28778.1 0 0
207 215 40 28782.4 0 0
204 211 40 28786.6 0 0
201 211 40 28790.8 0 0
203 211 41 28795 0 0
207 210 40 28799.2 0 0
207 213 40 28803.4 0 0
205 210 40 28807.6 0 0
203 211 40 28811.8 0 0
201 211 40 28816.1 0 0
204 202 40 28820.3 0 0
209 190 40 28824.5 0 0
212 176 40 28828.7 0 0
214 174 40 28832.9 0 0
208 158 40 28837.1 0 0
202 143 40 28841.4 0 0
196 120 40 28845.6 0 0
196 120 40 28849.8 0 0
190 107 41 28854 0 0
191 104 42 28858.2 0 0
192 98 42 28862.4 0 0
190 96 42 28869.4 0 0
193 92 42 28873.6 0 0
189 77 41 28877.8 0 0
189 77 41 28882.1 0 0
189 77 41 28886.3 0 0
186 91 41 28903.2 0 0
191 87 41 28907.4 0 0
185 81 41 28911.6 0 0
189 81 41 28915.8 0 0
186 84 42 28920.1 0 0
190 84 42 28924.3 0 0
188 84 42 28928.5 0 0
190 89 42 28932.7 0 0
187 89 41 28936.9 0 0
188 91 42 28941.2 0 0
188 95 42 28945.4 0 0
188 91 41 28949.6 0 0
188 89 41 28953.8 0 0
185 92 42 28958 0 0
190 88 41 28962.2 0 0
190 88 41 28966.5 0 0
187 91 41 28972.1 0 0
189 93 42 28976.3 0 0
185 85 41 28980.6 0 0
186 92 41 28984.8 0 0
189 91 42 28989 0 0
186 87 41 28993.2 0 0
190 94 41 28997.4 0 0
188 92 42 29001.6 0 0
187 91 41 29005.8 0 0
189 95 41 29010 0 0
186 95 41 29014.2 0 0
190 96 42 29018.5 0 0
189 95 42 29022.7 0 0
189 85 41 29026.9 0 0
192 94 41 29031.2 0 0
192 95 41 29035.4 0 0
195 99 41 29039.6 0 0
189 97 41 29043.8 0 0
187 90 41 29048 0 0
186 91 41 29052.2 0 0
189 93 41 29056.4 0 0
189 91 41 29060.7 0 0
185 95 41 29064.9 0 0
186 89 41 29069.1 0 0
186 90 41 29073.3 0 0
187 93 41 29077.5 0 0
186 103 41 29081.8 0 0
188 92 41 29086 0 0
188 91 41 29090.2 0 0
186 103 41 29094.4 0 0
184 92 41 29098.7 0 0
190 93 41 29102.9 0 0
190 103 41 29107.1 0 0
188 92 41 29111.3 0 0
188 101 41 29115.5 0 0
188 99 41 29119.7 0 0
186 91 41 29124.7 0 0
186 88 41 29128.9 0 0
189 89 41 29133.1 0 0
163 52 41 29141.5 0 0
157 54 41 29145.7 0 0
151 53 42 29149.9 0 0
136 53 41 29154.2 0 0
128 55 42 29158.4 0 0
116 63 42 29162.6 0 0
103 60 42 29166.8 0 0
97 65 42 29171 0 0
83 73 42 29175.2 0 0
72 76 42 29179.4 0 0
66 77 42 29183.7 0 0
59 78 42 29187.9 0 0
51 86 41 29192.1 0 0
47 84 41 29196.3 0 0
38 88 41 29200.5 0 0
44 90 40 29204.7 0 0
47 90 40 29209 0 0
46 86 40 29213.2 0 0
47 83 41 29217.4 0 0
49 83 41 29221.6 0 0
45 85 41 29225.8 0 0
39 86 41 29230 0 0
41 84 40 29234.2 0 0
43 84 40 29238.5 0 0
39 86 40 29242.7 0 0
43 85 40 29247.1 0 0
42 87 40 29251.4 0 0
43 85 40 29255.6 0 0
44 87 40 29259.8 0 0
39 87 40 29264 0 0
43 87 40 29268.2 0 0
43 89 40 29272.4 0 0
43 87 40 29276.7 0 0
43 87 40 29280.9 0 0
40 87 40 29285.1 0 0
42 89 40 29289.3 0 0
43 88 40 29293.5 0 0
40 86 40 29297.7 0 0
42 87 40 29301.9 0 0
42 87 40 29306.2 0 0
40 85 40 29310.4 0 0
40 86 40 29314.6 0 0
41 86 40 29318.8 0 0
42 88 40 29323 0 0
46 87 40 29327.2 0 0
41 88 40 29331.5 0 0
41 88 40 29335.7 0 0
40 84 40 29339.9 0 0
43 86 40 29344.1 0 0
41 83 40 29348.3 0 0
37 82 40 29352.6 0 0
33 77 41 29356.8 0 0
28 66 41 29361 0 0
23 61 40 29365.2 0 0
24 61 40 29369.4 0 0
25 63 40 29373.6 0 0
24 62 40 29377.8 0 0
25 63 40 29382 0 0
26 64 39 29386.2 0 0
25 69 39 29390.4 0 0
27 69 39 29394.7 0 0
26 67 40 29398.9 0 0
24 67 40 29403.1 0 0
22 68 40 29407.5 0 0
26 62 40 29411.7 0 0
26 61 40 29415.9 0 0
27 58 40 29420.1 0 0
27 60 40 29424.3 0 0
26 61 40 29428.5 0 0
26 58 40 29432.8 0 0
23 61 40 29437 0 0
23 60 40 29441.2 0 0
27 64 40 29445.4 0 0
28 62 40 29449.6 0 0
25 64 40 29453.8 0 0
25 64 40 29458 0 0
27 64 40 29462.2 0 0
26 62 40 29466.5 0 0
25 62 40 29470.7 0 0
24 64 40 29474.9 0 0
25 63 40 29479.1 0 0
24 59 40 29483.3 0 0
22 62 40 29487.5 0 0
24 60 40 29491.7 0 0
23 63 40 29496 0 0
23 62 40 29500.2 0 0
25 59 40 29504.4 0 0
24 61 40 29508.6 0 0
25 62 40 29512.8 0 0
28 58 40 29517 0 0
23 61 40 29521.3 0 0
25 60 40 29525.5 0 0
29 61 40 29529.7 0 0
28 61 40 29534 0 0
21 63 40 29538.2 0 0
26 60 40 29542.4 0 0
27 64 40 29546.6 0 0
28 63 40 29550.8 0 0
25 71 40 29555 0 0
23 79 40 29559.3 0 0
16 97 39 29563.5 0 0
18 108 39 29567.7 0 0
22 123 39 29571.9 0 0
26 144 39 29576.1 0 0
27 154 39 29580.3 0 0
32 179 40 29584.5 0 0
36 189 40 29588.8 0 0
35 202 40 29593 0 0
40 212 41 29597.3 0 0
38 210 41 29601.5 0 0
36 205 41 29605.7 0 0
37 203 41 29609.9 0 0
35 205 40 29614.1 0 0
32 204 40 29618.3 0 0
34 207 40 29622.5 0 0
36 209 40 29626.7 0 0
36 215 40 29630.9 0 0
41 216 40 29635.2 0 0
35 221 40 29639.5 0 0
37 221 40 29643.7 0 0
44 220 40 29647.9 0 0
39 221 40 29652.1 0 0
44 221 41 29656.3 0 0
37 218 41 29660.5 0 0
38 210 40 29664.7 0 0
37 211 40 29668.9 0 0
37 215 40 29673.1 0 0
33 204 40 29677.3 0 0
36 204 40 29681.6 0 0
36 208 40 29685.8 0 0
33 213 40 29690.1 0 0
32 205 40 29694.3 0 0
38 208 40 29698.5 0 0
34 206 40 29702.7 0 0
34 214 40 29706.9 0 0
36 209 40 29711.2 0 0
38 212 40 29715.5 0 0
37 210 40 29719.7 0 0
37 210 40 29723.9 0 0
34 211 40 29728.1 0 0
36 201 40 29732.3 0 0
26 191 40 29736.5 0 0
32 186 40 29740.7 0 0
30 175 40 29745 0 0
32 183 40 29749.2 0 0
31 184 40 29753.4 0 0
32 188 39 29757.6 0 0
30 190 39 29761.8 0 0
32 191 39 29766 0 0
31 191 40 29770.2 0 0
30 188 40 29774.5 0 0
32 189 39 29778.7 0 0
30 186 40 29782.9 0 0
34 186 40 29787.1 0 0
31 184 40 29791.3 0 0
35 186 40 29795.5 0 0
28 180 40 29799.8 0 0
27 184 40 29804 0 0
33 183 40 29808.2 0 0
26 184 40 29812.4 0 0
33 185 40 29816.7 0 0
34 184 40 29820.9 0 0
27 185 40 29825.1 0 0
33 183 40 29829.3 0 0
28 180 40 29833.5 0 0
33 184 40 29837.7 0 0
29 183 40 29841.9 0 0
31 181 40 29846.2 0 0
32 180 40 29850.4 0 0
28 183 40 29854.6 0 0
31 181 40 29858.8 0 0
31 180 40 29863 0 0
33 179 40 29867.2 0 0
27 179 40 29871.4 0 0
30 180 40 29875.6 0 0
30 179 40 29879.8 0 0
29 178 40 29884.1 0 0
30 176 40 29888.3 0 0
33 175 40 29892.5 0 0
45 180 40 29896.7 0 0
56 174 40 29901 0 0
69 161 41 29905.2 0 0
83 153 42 29909.4 0 0
93 143 42 29913.6 0 0
107 143 42 29917.8 0 0
114 137 42 29922.1 0 0
121 129 42 29926.3 0 0
132 124 42 29930.5 0 0
144 111 42 29934.8 0 0
151 107 42 29939 0 0
154 90 42 29943.2 0 0
165 93 42 29947.4 0 0
169 92 42 29951.6 0 0
169 89 41 29955.8 0 0
170 76 41 29960 0 0
176 86 41 29964.2 0 0
180 81 41 29968.5 0 0
185 84 41 29972.7 0 0
185 85 41 29976.9 0 0
182 82 40 29981.1 0 0
183 88 40 29985.3 0 0
185 88 40 29989.5 0 0
187 86 40 29993.8 0 0
186 87 40 29998 0 0
184 87 40 30002.2 0 0
182 87 40 30006.4 0 0
186 87 40 30010.6 0 0
188 90 40 30015 0 0
185 86 40 30019.2 0 0
186 87 40 30023.4 0 0
187 92 41 30027.6 0 0
192 87 40 30031.8 0 0
180 92 40 30036.1 0 0
186 87 40 30040.3 0 0
183 81 40 30044.5 0 0
186 87 40 30048.7 0 0
182 87 40 30052.9 0 0
190 90 41 30057.1 0 0
186 88 40 30061.3 0 0
185 81 40 30065.6 0 0
185 90 40 30069.8 0 0
181 87 40 30074 0 0
183 83 40 30078.2 0 0
183 92 40 30082.4 0 0
183 90 40 30086.6 0 0
183 81 41 30090.9 0 0
183 92 40 30095.1 0 0
182 85 41 30099.5 0 0
181 81 40 30103.7 0 0
184 89 41 30107.9 0 0
180 79 41 30112.1 0 0
180 82 41 30116.3 0 0
183 84 41 30120.6 0 0
181 80 40 30124.8 0 0
182 69 41 30129 0 0
181 79 41 30133.2 0 0
182 84 41 30137.4 0 0
179 67 41 30145.9 0 0
185 87 41 30150.1 0 0
182 74 40 30175.3 0 0
180 70 41 30179.7 0 0
182 68 41 30188.5 0 0
183 65 41 30192.7 0 0
178 59 41 30196.9 0 0
182 65 41 30201.1 0 0
178 59 41 30205.3 0 0
176 53 41 30209.5 0 0
177 57 41 30213.7 0 0
178 55 41 30218 0 0
175 54 41 30222.2 0 0
178 54 40 30226.6 0 0
181 51 41 30230.8 0 0
177 50 40 30235 0 0
177 50 41 30239.2 0 0
179 50 41 30243.4 0 0
178 52 41 30247.8 0 0
179 52 41 30252 0 0
180 55 41 30256.2 0 0
178 52 41 30260.4 0 0
177 51 41 30264.6 0 0
173 51 41 30268.8 0 0
178 51 41 30273 0 0
181 54 41 30277.2 0 0
177 48 41 30283.2 0 0
179 48 40 30287.4 0 0
179 50 41 30291.6 0 0
179 50 41 30295.8 0 0
180 50 41 30300 0 0
180 50 41 30304.2 0 0
178 51 41 30308.4 0 0
178 52 41 30312.7 0 0
174 52 41 30316.9 0 0
177 54 41 30321.1 0 0
179 55 41 30325.3 0 0
181 54 41 30329.5 0 0
178 54 41 30333.7 0 0
178 54 41 30338 0 0
181 54 41 30342.2 0 0
178 52 41 30346.4 0 0
178 51 41 30350.6 0 0
182 55 41 30354.8 0 0
178 51 41 30359 0 0
179 56 41 30363.2 0 0
177 52 41 30367.5 0 0
178 57 41 30371.7 0 0
177 51 41 30376 0 0
177 52 41 30380.2 0 0
180 52 41 30384.4 0 0
178 53 41 30388.6 0 0
177 55 42 30392.9 0 0
178 53 41 30397.1 0 0
175 52 41 30401.3 0 0
177 53 41 30405.7 0 0
175 50 41 30409.9 0 0
180 55 42 30414.1 0 0
178 54 41 30418.3 0 0
179 54 42 30422.5 0 0
179 54 41 30426.7 0 0
175 54 41 30430.9 0 0
177 56 41 30435.2 0 0
175 52 42 30439.4 0 0
179 54 41 30443.6 0 0
176 54 42 30447.8 0 0
178 56 41 30452 0 0
177 54 42 30456.2 0 0
178 54 42 30460.5 0 0
181 54 41 30464.7 0 0
177 56 42 30468.9 0 0
178 56 42 30473.1 0 0
176 54 42 30477.3 0 0
177 52 42 30481.5 0 0
178 59 42 30485.8 0 0
179 56 42 30490 0 0
174 53 42 30494.2 0 0
177 56 42 30498.4 0 0
176 51 42 30502.7 0 0
176 54 42 30506.9 0 0
175 57 42 30511.1 0 0
178 54 42 30515.3 0 0
179 56 42 30519.5 0 0
187 62 43 30523.7 0 0
207 71 43 30532.2 0 0
219 72 43 30536.4 0 0
225 83 42 30540.6 0 0
230 85 41 30544.8 0 0
232 90 40 30549 0 0
227 91 39 30553.2 0 0
223 89 38 30557.4 0 0
220 83 39 30561.7 0 0
220 81 39 30565.9 0 0
222 81 40 30570.1 0 0
224 81 41 30574.3 0 0
221 83 41 30578.5 0 0
230 86 41 30582.7 0 0
229 92 41 30586.9 0 0
230 91 41 30591.2 0 0
227 94 40 30595.4 0 0
235 96 40 30599.8 0 0
230 90 40 30604 0 0
232 91 40 30608.2 0 0
228 81 40 30612.4 0 0
224 87 40 30616.7 0 0
230 83 40 30620.9 0 0
228 89 40 30625.2 0 0
230 81 40 30629.4 0 0
229 84 40 30633.6 0 0
226 81 40 30637.8 0 0
228 85 40 30642 0 0
228 85 40 30646.2 0 0
228 86 41 30650.4 0 0
227 84 40 30654.7 0 0
227 85 40 30658.9 0 0
222 84 40 30663.1 0 0
230 89 40 30667.3 0 0
224 86 40 30671.5 0 0
224 84 40 30675.8 0 0
227 86 40 30680 0 0
226 84 40 30684.2 0 0
228 84 40 30688.5 0 0
225 85 40 30692.7 0 0
229 87 40 30696.9 0 0
227 84 40 30701.1 0 0
228 84 40 30705.3 0 0
223 85 40 30709.5 0 0
221 81 41 30713.8 0 0
223 90 40 30718.2 0 0
217 95 40 30722.4 0 0
209 104 41 30726.6 0 0
204 114 41 30730.8 0 0
204 128 41 30735 0 0
198 140 40 30739.3 0 0
196 152 41 30743.5 0 0
193 164 41 30747.7 0 0
187 172 41 30751.9 0 0
187 185 42 30756.2 0 0
188 184 42 30760.3 0 0
189 181 42 30764.5 0 0
188 173 42 30768.8 0 0
185 175 42 30773 0 0
182 174 42 30777.2 0 0
182 178 42 30781.4 0 0
182 187 42 30785.7 0 0
184 181 42 30789.8 0 0
179 184 42 30794.1 0 0
185 187 42 30798.3 0 0
186 187 42 30802.5 0 0
186 186 42 30806.7 0 0
186 184 42 30811 0 0
184 185 42 30815.2 0 0
187 180 42 30819.4 0 0
184 178 42 30823.6 0 0
186 177 42 30827.8 0 0
182 181 42 30832 0 0
184 176 42 30836.3 0 0
187 180 42 30840.5 0 0
186 180 42 30844.7 0 0
181 182 42 30849 0 0
185 181 43 30853.2 0 0
186 184 43 30857.4 0 0
185 186 42 30861.6 0 0
183 175 43 30865.8 0 0
184 181 43 30870 0 0
185 182 43 30874.5 0 0
185 179 43 30878.7 0 0
186 185 43 30882.9 0 0
186 181 43 30887.1 0 0
185 177 43 30891.3 0 0
187 187 43 30895.5 0 0
184 177 43 30899.7 0 0
184 177 43 30904 0 0
186 180 43 30908.2 0 0
188 182 43 30912.4 0 0
185 184 43 30916.6 0 0
185 183 43 30920.8 0 0
183 186 43 30925 0 0
183 186 43 30929.3 0 0
176 182 42 30933.5 0 0
164 189 42 30938.8 0 0
152 192 42 30943 0 0
139 196 43 30947.2 0 0
137 187 43 30951.4 0 0
132 190 44 30955.6 0 0
138 193 44 30959.8 0 0
144 189 45 30964 0 0
152 187 45 30968.3 0 0
147 193 46 30972.5 0 0
147 196 45 30976.7 0 0
142 193 45 30980.9 0 0
139 193 44 30985.1 0 0
137 195 44 30989.3 0 0
134 196 44 30993.6 0 0
134 191 43 30997.8 0 0
135 189 44 31002 0 0
133 191 44 31006.2 0 0
137 189 44 31010.4 0 0
137 189 44 31014.7 0 0
134 191 44 31018.8 0 0
138 192 44 31023.1 0 0
138 190 44 31027.3 0 0
137 190 44 31031.5 0 0
134 191 44 31035.7 0 0
136 195 44 31039.9 0 0
137 191 44 31044.2 0 0
135 189 44 31048.4 0 0
137 190 44 31052.6 0 0
136 191 44 31056.8 0 0
140 193 44 31061 0 0
135 191 44 31065.2 0 0
138 189 44 31069.5 0 0
138 191 44 31073.7 0 0
138 189 44 31077.9 0 0
136 191 44 31082.1 0 0
137 192 44 31086.3 0 0
141 194 44 31090.5 0 0
132 194 44 31094.7 0 0
123 196 44 31099 0 0
108 195 45 31103.2 0 0
98 196 45 31107.4 0 0
88 198 45 31111.6 0 0
81 200 45 31115.8 0 0
78 196 44 31120 0 0
81 191 45 31124.3 0 0
91 193 45 31128.5 0 0
96 192 46 31132.7 0 0
102 194 46 31136.9 0 0
94 192 46 31141.1 0 0
87 199 46 31145.3 0 0
89 193 46 31149.6 0 0
83 197 45 31153.8 0 0
82 202 45 31158 0 0
81 203 45 31162.2 0 0
79 200 44 31166.5 0 0
78 200 44 31170.7 0 0
82 200 44 31174.9 0 0
80 203 44 31179.1 0 0
83 197 44 31183.3 0 0
81 199 44 31187.6 0 0
82 199 44 31191.8 0 0
75 198 44 31196 0 0
78 196 44 31200.2 0 0
82 198 44 31204.4 0 0
79 201 44 31208.7 0 0
76 204 44 31212.9 0 0
85 201 44 31217.1 0 0
80 203 44 31221.3 0 0
77 202 44 31225.5 0 0
79 203 44 31229.8 0 0
81 208 44 31234 0 0
92 202 44 31238.2 0 0
107 199 45 31242.4 0 0
116 185 46 31246.6 0 0
130 177 45 31250.8 0 0
136 167 46 31255.1 0 0
144 160 45 31259.3 0 0
143 148 44 31263.5 0 0
140 142 44 31267.7 0 0
142 139 43 31271.9 0 0
142 128 43 31276.1 0 0
141 125 44 31280.7 0 0
145 126 45 31285 0 0
155 128 45 31289.2 0 0
157 132 45 31293.3 0 0
161 134 45 31297.5 0 0
161 137 44 31301.8 0 0
160 131 44 31306 0 0
160 130 44 31310.2 0 0
168 125 44 31314.4 0 0
176 121 45 31321.5 0 0
192 136 44 31325.7 0 0
203 149 44 31329.9 0 0
212 158 44 31334.1 0 0
212 158 43 31338.3 0 0
230 176 42 31342.5 0 0
235 184 42 31346.7 0 0
241 183 41 31350.9 0 0
242 189 40 31355.1 0 0
243 191 39 31359.3 0 0
242 181 40 31363.6 0 0
241 180 40 31367.8 0 0
236 179 40 31372 0 0
243 176 41 31376.2 0 0
237 179 41 31380.5 0 0
245 185 42 31384.7 0 0
242 182 42 31388.9 0 0
247 190 42 31393.1 0 0
243 189 42 31397.3 0 0
246 192 41 31401.5 0 0
246 192 40 31405.8 0 0
245 189 40 31412.9 0 0
244 191 40 31417.2 0 0
249 189 40 31421.3 0 0
246 181 40 31425.6 0 0
247 183 40 31429.8 0 0
246 181 40 31434 0 0
245 182 41 31438.2 0 0
246 181 41 31442.5 0 0
244 186 41 31446.7 0 0
244 183 41 31450.9 0 0
242 178 41 31455.1 0 0
246 188 41 31459.3 0 0
240 184 40 31463.5 0 0
244 183 41 31467.7 0 0
240 185 40 31472 0 0
245 182 40 31476.2 0 0
243 184 40 31480.4 0 0
245 181 40 31484.6 0 0
241 178 40 31488.8 0 0
242 177 40 31493 0 0
245 180 40 31497.3 0 0
244 177 40 31501.5 0 0
245 177 40 31505.7 0 0
242 178 40 31509.9 0 0
242 178 40 31514.1 0 0
241 183 40 31519.1 0 0
244 177 40 31523.3 0 0
243 180 40 31527.5 0 0
243 180 40 31531.7 0 0
243 179 40 31536 0 0
244 178 40 31540.2 0 0
243 182 40 31544.4 0 0
242 179 40 31548.6 0 0
242 178 40 31552.8 0 0
244 180 40 31557 0 0
242 164 40 31561.2 0 0
238 148 39 31565.5 0 0
241 139 39 31569.7 0 0
236 135 39 31573.9 0 0
233 111 40 31578.1 0 0
233 111 0 31582.3 0 0
231 109 40 31586.5 0 0
235 105 41 31590.8 0 0
234 95 41 31595 0 0
234 93 41 31599.2 0 0
238 93 41 31603.4 0 0
236 90 40 31607.6 0 0
232 87 40 31611.8 0 0
231 89 40 31616 0 0
234 88 39 31620.3 0 0
230 84 39 31624.5 0 0
235 83 40 31628.7 0 0
230 84 40 31632.9 0 0
231 78 40 31637.1 0 0
229 85 40 31641.3 0 0
230 84 40 31645.5 0 0
233 86 40 31649.8 0 0
230 83 40 31654 0 0
230 84 40 31658.2 0 0
236 84 40 31662.4 0 0
228 84 40 31666.7 0 0
237 87 40 31670.9 0 0
228 81 40 31675.1 0 0
229 87 40 31679.3 0 0
233 84 40 31683.5 0 0
231 84 39 31687.8 0 0
235 79 39 31692 0 0
230 82 40 31696.2 0 0
232 80 40 31700.4 0 0
233 83 40 31704.6 0 0
231 78 40 31708.8 0 0
232 80 40 31713 0 0
229 83 40 31717.3 0 0
230 82 40 31721.5 0 0
229 83 39 31725.7 0 0
231 81 40 31729.9 0 0
231 81 39 31734.1 0 0
231 81 39 31738.3 0 0
232 80 39 31742.5 0 0
232 83 40 31746.8 0 0
230 82 39 31751 0 0
233 83 39 31755.2 0 0
229 83 40 31759.5 0 0
232 85 39 31763.7 0 0
234 80 39 31767.9 0 0
230 83 39 31772.1 0 0
226 84 39 31776.3 0 0
228 83 39 31780.5 0 0
229 81 39 31787.5 0 0
228 80 39 31791.7 0 0
231 87 39 31795.9 0 0
232 85 39 31800.1 0 0
231 83 39 31804.3 0 0
230 83 39 31808.6 0 0
231 83 39 31812.8 0 0
231 83 39 31817 0 0
229 81 39 31821.2 0 0
231 80 39 31825.4 0 0
227 80 39 31829.6 0 0
230 80 39 31833.8 0 0
227 83 39 31838.1 0 0
228 82 39 31842.3 0 0
229 84 39 31846.5 0 0
228 85 39 31850.8 0 0
231 86 39 31855 0 0
232 83 39 31859.2 0 0
230 90 39 31863.4 0 0
228 83 38 31867.6 0 0
230 83 39 31871.9 0 0
229 84 39 31876.1 0 0
230 81 39 31880.3 0 0
230 82 38 31884.5 0 0
232 82 39 31891.4 0 0
232 86 38 31895.7 0 0
228 85 38 31899.9 0 0
232 84 39 31904.2 0 0
229 84 38 31908.4 0 0
229 82 38 31912.6 0 0
229 82 39 31916.8 0 0
231 85 38 31921 0 0
231 85 38 31925.2 0 0
233 83 38 31929.5 0 0
228 81 38 31933.7 0 0
224 81 38 31937.9 0 0
230 85 38 31942.1 0 0
227 83 38 31946.3 0 0
228 81 38 31950.5 0 0
231 83 39 31954.7 0 0
227 81 38 31958.9 0 0
227 82 38 31963.2 0 0
229 85 38 31967.4 0 0
229 82 38 31971.6 0 0
231 86 38 31975.8 0 0
225 81 38 31980 0 0
224 80 38 31984.2 0 0
231 84 38 31988.4 0 0
227 80 38 31992.6 0 0
231 83 38 31996.9 0 0
232 86 38 32001.1 0 0
231 86 38 32008 0 0
227 80 38 32016.3 0 0
228 83 38 32024.8 0 0
232 83 38 32033 0 0
229 84 38 32041.3 0 0
230 85 38 32049.5 0 0
230 85 38 32058 0 0
230 83 38 32065.9 0 0
229 85 38 32070.1 0 0
229 82 38 32074.7 0 0
230 86 38 32078.9 0 0
229 85 38 32083.1 0 0
230 83 39 32087.3 0 0
226 83 38 32091.6 0 0
228 85 38 32095.8 0 0
227 84 39 32100.1 0 0
226 85 38 32104.3 0 0
229 85 39 32108.5 0 0
224 82 39 32112.7 0 0
230 87 39 32116.9 0 0
227 85 39 32121.1 0 0
227 84 39 32125.3 0 0
231 91 38 32129.5 0 0
221 81 38 32133.8 0 0
213 80 39 32138 0 0
197 81 39 32142.2 0 0
190 85 40 32146.4 0 0
173 77 40 32150.6 0 0
162 83 41 32154.8 0 0
152 87 41 32159 0 0
147 89 42 32163.3 0 0
147 92 43 32170.4 0 0
150 87 42 32174.6 0 0
152 80 43 32178.8 0 0
148 74 42 32183 0 0
145 70 42 32187.3 0 0
140 72 42 32191.5 0 0
144 75 41 32195.7 0 0
144 66 41 32199.9 0 0
138 56 41 32204.1 0 0
139 62 41 32208.3 0 0
140 60 41 32212.5 0 0
141 63 42 32216.8 0 0
138 60 41 32221 0 0
140 65 42 32225.2 0 0
140 60 42 32229.4 0 0
141 67 42 32233.8 0 0
142 68 42 32238 0 0
141 67 42 32242.2 0 0
146 81 42 32246.7 0 0
143 85 41 32250.9 0 0
143 81 42 32257.8 0 0
143 84 42 32262 0 0
146 84 41 32266.2 0 0
141 82 42 32270.5 0 0
142 82 41 32274.7 0 0
143 80 42 32278.9 0 0
140 79 42 32283.1 0 0
143 82 42 32287.4 0 0
143 80 42 32291.6 0 0
143 83 42 32295.8 0 0
145 84 42 32300 0 0
144 80 42 32304.2 0 0
141 83 42 32308.5 0 0
143 85 41 32312.7 0 0
143 80 42 32316.9 0 0
142 82 42 32321.1 0 0
142 80 42 32325.3 0 0
141 82 42 32329.5 0 0
143 82 42 32333.7 0 0
142 84 42 32338 0 0
143 83 42 32342.2 0 0
142 83 42 32346.4 0 0
142 82 42 32350.6 0 0
143 86 42 32354.8 0 0
143 86 42 32361.9 0 0
143 87 42 32366.2 0 0
148 88 42 32370.4 0 0
142 85 42 32374.7 0 0
145 84 42 32378.9 0 0
143 85 42 32383.1 0 0
145 88 42 32387.3 0 0
143 80 42 32391.5 0 0
144 84 42 32395.7 0 0
144 83 42 32399.9 0 0
141 81 42 32404.2 0 0
143 80 42 32408.4 0 0
143 82 42 32412.6 0 0
145 81 42 32416.8 0 0
136 81 42 32421 0 0
133 78 42 32425.2 0 0
125 80 42 32429.5 0 0
127 80 41 32433.7 0 0
125 81 42 32437.9 0 0
131 86 42 32442.1 0 0
130 82 42 32446.3 0 0
130 85 42 32450.5 0 0
129 88 42 32454.7 0 0
128 87 42 32461.9 0 0
127 87 42 32466.1 0 0
127 87 42 32470.3 0 0
128 87 42 32474.6 0 0
125 81 42 32478.8 0 0
128 79 42 32483 0 0
121 82 42 32487.2 0 0
128 80 42 32491.4 0 0
128 78 42 32495.6 0 0
128 81 42 32499.8 0 0
127 82 42 32504.1 0 0
124 77 42 32508.3 0 0
126 82 42 32512.5 0 0
130 82 42 32516.7 0 0
129 80 42 32520.9 0 0
126 81 42 32525.1 0 0
126 80 42 32529.3 0 0
124 79 42 32533.6 0 0
127 76 42 32537.8 0 0
127 79 42 32542 0 0
124 78 42 32546.2 0 0
128 77 42 32550.4 0 0
129 78 42 32554.6 0 0
129 78 42 32558.9 0 0
130 76 42 32565.9 0 0
126 78 42 32570.1 0 0
129 83 42 32574.3 0 0
128 84 42 32578.5 0 0
128 83 42 32582.7 0 0
127 83 42 32587 0 0
128 82 42 32591.2 0 0
126 84 42 32595.4 0 0
129 80 42 32599.7 0 0
129 85 42 32603.8 0 0
126 82 42 32608 0 0
126 81 42 32612.2 0 0
125 84 42 32616.5 0 0
125 81 42 32620.7 0 0
125 81 42 32624.9 0 0
124 83 42 32629.1 0 0
127 82 42 32633.3 0 0
124 84 42 32637.6 0 0
126 79 42 32641.8 0 0
131 77 42 32646 0 0
128 78 41 32650.2 0 0
127 79 42 32654.4 0 0
127 78 42 32658.6 0 0
126 78 42 32662.8 0 0
127 81 42 32667 0 0
128 80 42 32671.2 0 0
128 80 42 32675.5 0 0
128 78 42 32679.7 0 0
125 77 42 32683.9 0 0
126 79 42 32690.9 0 0
123 77 42 32695.1 0 0
121 78 42 32699.3 0 0
127 80 42 32703.5 0 0
124 81 41 32707.7 0 0
127 82 41 32712 0 0
126 82 41 32716.2 0 0
128 80 41 32720.4 0 0
126 82 42 32724.6 0 0
128 82 42 32728.8 0 0
127 81 41 32733.1 0 0
125 83 41 32737.3 0 0
128 81 42 32741.5 0 0
124 83 41 32745.7 0 0
127 82 41 32750 0 0
124 79 42 32754.2 0 0
127 79 41 32758.4 0 0
125 84 41 32762.6 0 0
124 78 42 32766.8 0 0
125 78 41 32771 0 0
127 80 41 32775.3 0 0
127 80 41 32779.5 0 0
125 79 41 32784.7 0 0
125 84 41 32788.9 0 0
127 82 41 32793.1 0 0
130 80 41 32797.3 0 0
125 83 42 32801.5 0 0
124 79 41 32805.8 0 0
128 83 41 32810 0 0
131 83 41 32814.2 0 0
128 80 41 32818.4 0 0
129 85 42 32822.6 0 0
124 82 41 32826.8 0 0
129 83 41 32831.1 0 0
128 82 41 32835.3 0 0
129 80 41 32839.5 0 0
128 84 42 32843.7 0 0
124 81 41 32847.9 0 0
124 81 41 32852.1 0 0
128 84 41 32856.3 0 0
121 80 41 32860.6 0 0
127 83 41 32864.8 0 0
125 81 41 32869 0 0
125 80 41 32873.2 0 0
125 83 41 32877.4 0 0
124 83 41 32881.7 0 0
124 82 41 32885.9 0 0
126 84 41 32890.1 0 0
125 83 41 32894.3 0 0
125 83 41 32898.5 0 0
123 84 41 32902.7 0 0
123 84 41 32906.9 0 0
124 85 41 32911.2 0 0
125 85 41 32915.4 0 0
123 83 41 32919.6 0 0
124 84 41 32923.8 0 0
126 84 41 32928 0 0
125 82 41 32932.2 0 0
120 84 41 32936.5 0 0
127 81 41 32940.7 0 0
125 84 41 32944.9 0 0
125 84 41 32949.1 0 0
123 81 41 32953.3 0 0
123 86 41 32957.5 0 0
124 82 41 32961.7 0 0
122 83 41 32965.9 0 0
125 82 41 32970.2 0 0
124 80 41 32974.4 0 0
123 84 42 32978.6 0 0
127 81 41 32982.8 0 0
124 84 41 32987 0 0
128 84 41 32991.2 0 0
127 81 41 32995.4 0 0
125 84 41 32999.7 0 0
125 82 41 33003.9 0 0
128 83 41 33008.1 0 0
124 83 41 33012.3 0 0
123 77 41 33016.5 0 0
123 84 41 33020.8 0 0
121 82 41 33025 0 0
127 81 41 33029.2 0 0
121 83 41 33033.5 0 0
127 84 41 33037.7 0 0
