134 123 46 12023.7 0 0
133 127 46 12027.9 0 0
133 128 46 12032.2 0 0
135 128 46 12036.4 0 0
131 121 46 12043.2 0 0
131 123 46 12047.4 0 0
133 123 46 12051.6 0 0
131 129 46 12055.9 0 0
137 127 46 12060.1 0 0
136 131 46 12064.3 0 0
135 127 46 12068.6 0 0
134 126 46 12072.8 0 0
132 126 46 12077 0 0
134 129 46 12081.2 0 0
132 125 46 12085.4 0 0
134 128 46 12089.6 0 0
130 123 46 12093.9 0 0
131 122 46 12098.1 0 0
134 124 46 12102.3 0 0
133 124 46 12106.5 0 0
132 126 46 12110.7 0 0
132 126 46 12114.9 0 0
134 129 46 12119.2 0 0
131 131 46 12123.4 0 0
131 129 46 12127.6 0 0
135 126 46 12131.8 0 0
131 126 46 12136 0 0
133 124 46 12140.2 0 0
134 130 46 12147.3 0 0
132 126 46 12151.6 0 0
133 121 46 12155.8 0 0
130 127 46 12160 0 0
133 130 46 12164.2 0 0
132 123 46 12168.5 0 0
136 127 46 12172.6 0 0
133 124 46 12176.9 0 0
130 126 46 12181.1 0 0
133 119 46 12185.3 0 0
131 128 46 12189.5 0 0
134 121 46 12193.7 0 0
136 127 46 12197.9 0 0
131 131 46 12202.1 0 0
133 123 46 12206.3 0 0
130 121 46 12210.5 0 0
133 131 46 12214.8 0 0
134 125 46 12219 0 0
132 121 46 12223.2 0 0
129 128 46 12227.5 0 0
133 128 46 12231.8 0 0
128 132 46 12236 0 0
134 121 46 12240.2 0 0
132 129 46 12244.6 0 0
131 128 46 12251.5 0 0
132 123 46 12255.7 0 0
129 129 47 12259.9 0 0
134 127 47 12264.1 0 0
132 124 47 12268.3 0 0
133 122 46 12272.5 0 0
131 128 47 12276.7 0 0
131 123 46 12280.9 0 0
130 122 47 12285.1 0 0
131 129 46 12289.4 0 0
134 121 47 12293.5 0 0
130 132 47 12297.8 0 0
134 125 47 12302 0 0
134 131 47 12306.2 0 0
135 125 47 12310.4 0 0
136 131 47 12314.7 0 0
131 121 47 12318.9 0 0
130 124 47 12323.1 0 0
130 127 47 12327.3 0 0
135 122 47 12331.5 0 0
136 121 47 12335.7 0 0
130 122 47 12339.9 0 0
132 120 47 12345.4 0 0
130 124 47 12349.6 0 0
134 121 47 12355.6 0 0
132 128 47 12359.8 0 0
130 123 47 12364 0 0
132 118 47 12368.2 0 0
131 124 46 12372.5 0 0
132 122 47 12376.6 0 0
128 124 47 12380.9 0 0
134 118 47 12385.1 0 0
135 127 47 12389.3 0 0
132 120 46 12393.5 0 0
133 125 46 12397.7 0 0
133 123 46 12402 0 0
129 125 46 12406.2 0 0
129 124 46 12410.4 0 0
134 125 46 12414.6 0 0
131 123 46 12418.8 0 0
133 127 46 12423 0 0
131 128 46 12427.3 0 0
133 127 46 12431.5 0 0
133 122 46 12435.7 0 0
129 127 45 12439.9 0 0
134 125 45 12444.1 0 0
133 129 45 12451.3 0 0
133 124 45 12455.5 0 0
129 130 45 12459.7 0 0
129 121 44 12463.9 0 0
134 127 45 12468.1 0 0
135 127 44 12472.4 0 0
132 128 44 12476.5 0 0
135 132 44 12480.8 0 0
130 129 44 12485 0 0
134 129 44 12489.2 0 0
135 130 44 12493.4 0 0
135 127 43 12497.7 0 0
128 125 43 12501.9 0 0
136 133 44 12506.1 0 0
133 132 43 12510.3 0 0
133 128 43 12514.5 0 0
131 124 43 12518.7 0 0
136 132 43 12522.9 0 0
135 129 43 12527.1 0 0
131 126 42 12531.4 0 0
127 128 42 12535.6 0 0
129 129 42 12539.8 0 0
135 130 42 12547 0 0
129 127 42 12551.2 0 0
133 131 42 12555.4 0 0
132 130 42 12559.6 0 0
130 131 42 12563.9 0 0
135 127 42 12568.1 0 0
130 128 42 12572.3 0 0
130 129 41 12576.5 0 0
131 130 42 12580.7 0 0
130 127 41 12584.9 0 0
130 130 42 12589.1 0 0
131 129 41 12593.4 0 0
128 123 41 12597.6 0 0
129 122 41 12601.8 0 0
127 127 41 12606 0 0
134 128 41 12610.2 0 0
131 130 41 12614.5 0 0
130 131 41 12618.8 0 0
131 133 41 12623 0 0
128 123 41 12627.2 0 0
126 123 41 12631.4 0 0
130 122 41 12638.6 0 0
134 125 41 12642.8 0 0
132 126 41 12647 0 0
130 127 40 12651.2 0 0
130 129 40 12655.5 0 0
130 123 41 12659.7 0 0
128 123 40 12663.9 0 0
129 128 40 12668.1 0 0
127 124 40 12672.3 0 0
128 129 40 12676.5 0 0
129 127 40 12680.7 0 0
130 123 40 12684.9 0 0
126 122 40 12689.1 0 0
127 126 40 12693.4 0 0
132 126 40 12697.6 0 0
130 124 40 12701.8 0 0
131 126 41 12706 0 0
129 125 40 12710.2 0 0
130 125 40 12714.5 0 0
124 126 40 12718.7 0 0
128 125 40 12722.9 0 0
131 126 40 12727.1 0 0
131 126 40 12731.3 0 0
129 125 40 12737.7 0 0
128 125 40 12741.9 0 0
131 126 40 12746.1 0 0
130 127 40 12750.3 0 0
132 127 40 12754.5 0 0
129 125 40 12758.7 0 0
129 124 40 12763 0 0
128 123 40 12767.2 0 0
130 126 40 12771.5 0 0
128 125 40 12775.7 0 0
127 125 40 12780 0 0
129 126 40 12784.2 0 0
129 129 39 12788.5 0 0
129 126 40 12792.7 0 0
130 121 40 12796.9 0 0
127 123 39 12801.1 0 0
132 123 40 12805.3 0 0
130 122 40 12809.5 0 0
126 123 40 12813.8 0 0
126 123 40 12818 0 0
127 125 40 12822.2 0 0
127 123 40 12826.4 0 0
127 124 39 12830.6 0 0
125 118 40 12834.8 0 0
128 122 40 12839 0 0
126 121 40 12843.2 0 0
131 129 40 12847.5 0 0
136 122 40 12851.7 0 0
143 122 40 12855.9 0 0
152 124 41 12860.1 0 0
158 120 41 12864.3 0 0
167 119 41 12868.5 0 0
175 121 41 12872.8 0 0
186 116 40 12877 0 0
189 111 39 12881.2 0 0
195 109 39 12885.5 0 0
206 107 38 12889.7 0 0
206 107 0 12893.9 0 0
206 107 0 12898.1 0 0
206 107 0 12902.3 0 0
218 93 37 12906.6 0 0
220 98 38 12913.3 0 0
216 91 38 12917.6 0 0
216 89 37 12921.8 0 0
216 96 38 12926 0 0
220 96 38 12930.2 0 0
222 98 38 12934.5 0 0
224 99 38 12938.7 0 0
222 99 38 12942.9 0 0
214 96 38 12947.1 0 0
218 94 38 12951.3 0 0
222 95 38 12955.5 0 0
220 98 38 12959.7 0 0
220 96 38 12963.9 0 0
219 97 39 12968.5 0 0
221 93 38 12972.7 0 0
223 99 38 12976.9 0 0
218 96 38 12981.1 0 0
222 96 39 12985.3 0 0
219 96 38 12992.5 0 0
222 98 39 13000.7 0 0
218 95 39 13009.2 0 0
215 93 39 13017.4 0 0
218 95 39 13025.9 0 0
218 93 39 13033.9 0 0
218 93 39 13042.4 0 0
223 93 39 13050.2 0 0
217 91 40 13054.4 0 0
222 94 40 13059.1 0 0
223 87 40 13063.4 0 0
234 90 40 13067.6 0 0
235 87 40 13071.8 0 0
238 86 40 13076 0 0
235 79 39 13080.2 0 0
231 81 39 13084.5 0 0
232 84 39 13088.7 0 0
233 84 39 13092.9 0 0
235 83 39 13097.1 0 0
231 83 39 13101.4 0 0
230 82 39 13105.6 0 0
233 81 39 13109.8 0 0
236 82 39 13114 0 0
239 86 39 13118.2 0 0
235 84 40 13122.4 0 0
234 87 39 13126.7 0 0
236 88 39 13130.9 0 0
234 82 40 13135.1 0 0
233 81 39 13139.3 0 0
233 82 39 13143.5 0 0
234 81 40 13147.8 0 0
232 80 40 13152 0 0
233 82 39 13156.2 0 0
233 80 39 13163.3 0 0
232 76 39 13167.5 0 0
233 80 40 13171.7 0 0
237 85 40 13175.9 0 0
234 83 40 13180.1 0 0
232 81 40 13184.4 0 0
234 84 40 13188.6 0 0
231 85 40 13192.8 0 0
236 85 40 13197 0 0
234 84 40 13201.2 0 0
234 85 40 13205.4 0 0
234 83 40 13209.6 0 0
235 80 40 13213.9 0 0
235 82 40 13218.2 0 0
233 81 40 13222.4 0 0
234 83 40 13226.6 0 0
233 82 40 13230.8 0 0
233 81 40 13235 0 0
235 82 40 13239.2 0 0
233 82 40 13243.5 0 0
233 84 40 13247.7 0 0
229 79 40 13251.9 0 0
235 81 40 13256.1 0 0
231 80 40 13260.3 0 0
234 82 40 13267.2 0 0
232 81 40 13271.4 0 0
233 82 40 13275.7 0 0
233 84 40 13279.9 0 0
232 81 40 13284.1 0 0
237 83 41 13288.3 0 0
233 81 40 13292.5 0 0
232 83 40 13296.7 0 0
235 83 40 13301 0 0
231 81 40 13305.2 0 0
235 84 41 13309.4 0 0
232 80 40 13313.6 0 0
233 82 40 13317.9 0 0
236 81 40 13322 0 0
235 80 40 13326.2 0 0
232 82 41 13330.5 0 0
233 83 40 13334.7 0 0
232 83 40 13338.9 0 0
232 83 41 13343.2 0 0
234 83 40 13347.4 0 0
232 80 41 13351.6 0 0
233 82 40 13355.8 0 0
235 83 40 13360 0 0
232 81 40 13364.2 0 0
233 83 40 13375.6 0 0
233 82 41 13383.8 0 0
237 84 41 13392.1 0 0
234 84 41 13400.5 0 0
231 82 41 13408.8 0 0
231 82 41 13417 0 0
232 83 41 13425.2 0 0
236 83 41 13429.4 0 0
237 85 41 13433.8 0 0
232 82 41 13438.1 0 0
235 84 41 13442.3 0 0
232 78 41 13446.5 0 0
234 81 41 13450.7 0 0
233 78 41 13454.9 0 0
234 82 41 13459.1 0 0
233 82 41 13463.3 0 0
235 81 41 13467.6 0 0
234 82 41 13471.8 0 0
233 77 41 13476 0 0
233 82 41 13480.2 0 0
231 82 41 13484.4 0 0
233 84 41 13488.6 0 0
236 83 41 13492.9 0 0
232 81 41 13497.1 0 0
236 84 41 13501.3 0 0
233 81 41 13505.5 0 0
233 81 0 13509.7 0 0
234 83 41 13513.9 0 0
234 83 0 13518.1 0 0
234 83 41 13522.4 0 0
232 79 41 13526.6 0 0
231 81 41 13530.8 0 0
233 81 0 13535 0 0
233 81 0 13541.9 0 0
234 80 41 13546.1 0 0
235 84 41 13550.4 0 0
232 82 41 13554.6 0 0
236 85 41 13558.9 0 0
235 83 41 13563.1 0 0
234 83 41 13567.3 0 0
232 80 42 13571.5 0 0
237 83 41 13575.7 0 0
236 82 41 13579.9 0 0
234 84 41 13584.1 0 0
236 84 41 13588.4 0 0
236 79 42 13592.6 0 0
236 83 41 13596.8 0 0
233 78 41 13601 0 0
234 80 41 13605.2 0 0
233 81 41 13609.4 0 0
235 79 42 13613.6 0 0
231 83 41 13617.9 0 0
230 79 42 13622.1 0 0
235 84 41 13626.3 0 0
232 83 42 13630.5 0 0
233 84 41 13634.7 0 0
233 82 42 13638.9 0 0
236 83 42 13643.1 0 0
235 83 41 13650.3 0 0
233 81 42 13658.6 0 0
233 81 42 13667 0 0
234 80 42 13675.2 0 0
241 86 42 13679.4 0 0
234 81 42 13683.6 0 0
234 84 42 13687.9 0 0
236 83 42 13692.1 0 0
232 81 42 13696.3 0 0
232 81 42 13700.5 0 0
237 83 42 13704.7 0 0
234 83 42 13708.9 0 0
234 83 42 13713.1 0 0
234 82 42 13717.3 0 0
231 82 42 13721.5 0 0
236 84 42 13725.8 0 0
231 80 42 13730 0 0
235 81 42 13734.2 0 0
232 83 42 13738.4 0 0
233 82 42 13742.6 0 0
234 82 42 13746.9 0 0
232 84 42 13751.1 0 0
232 80 42 13755.3 0 0
234 82 42 13759.5 0 0
233 80 42 13763.7 0 0
230 82 42 13767.9 0 0
235 82 42 13772.1 0 0
234 83 42 13776.4 0 0
237 83 42 13780.6 0 0
234 82 42 13784.8 0 0
234 82 0 13791.9 0 0
234 81 42 13796.1 0 0
235 82 42 13800.3 0 0
231 80 42 13804.5 0 0
231 80 0 13808.8 0 0
231 80 42 13813 0 0
233 81 42 13817.2 0 0
233 82 42 13821.4 0 0
233 81 42 13825.6 0 0
234 82 42 13829.8 0 0
234 80 42 13834 0 0
234 81 42 13838.3 0 0
235 83 42 13842.5 0 0
239 84 42 13846.7 0 0
234 81 42 13850.9 0 0
232 82 42 13855.1 0 0
234 81 42 13859.4 0 0
232 83 42 13863.5 0 0
236 82 42 13867.8 0 0
236 82 42 13872 0 0
233 81 42 13876.2 0 0
234 83 42 13880.5 0 0
231 80 42 13884.7 0 0
231 80 42 13888.9 0 0
233 81 42 13893.9 0 0
232 81 42 13898.1 0 0
233 81 42 13902.4 0 0
235 81 42 13906.6 0 0
234 80 42 13910.8 0 0
232 79 42 13915 0 0
232 81 42 13919.3 0 0
231 79 42 13923.5 0 0
235 83 42 13927.7 0 0
233 80 42 13931.9 0 0
232 80 42 13936.1 0 0
235 81 42 13940.3 0 0
234 83 42 13944.5 0 0
235 84 42 13948.8 0 0
237 82 42 13953 0 0
233 80 43 13957.2 0 0
231 81 42 13961.5 0 0
231 80 42 13965.8 0 0
233 80 42 13970 0 0
232 81 42 13974.2 0 0
233 79 42 13978.4 0 0
232 82 43 13982.6 0 0
234 79 43 13986.8 0 0
235 82 42 13991.1 0 0
232 81 42 13995.3 0 0
232 80 42 13999.5 0 0
233 82 42 14003.7 0 0
230 82 42 14007.9 0 0
237 82 43 14012.1 0 0
231 81 43 14016.3 0 0
232 81 43 14020.6 0 0
231 80 43 14024.8 0 0
238 87 43 14029 0 0
237 87 43 14033.2 0 0
245 94 43 14037.5 0 0
248 103 42 14041.7 0 0
248 109 42 14045.9 0 0
244 120 42 14050.1 0 0
244 131 41 14054.3 0 0
240 136 41 14058.5 0 0
240 148 42 14062.8 0 0
235 150 42 14067 0 0
239 151 41 14071.2 0 0
236 154 42 14075.4 0 0
239 153 42 14079.6 0 0
239 150 43 14083.8 0 0
238 154 43 14088 0 0
237 157 43 14092.2 0 0
238 158 43 14096.5 0 0
233 162 43 14100.7 0 0
235 166 43 14104.9 0 0
234 164 43 14109.1 0 0
238 164 43 14113.3 0 0
240 159 43 14117.5 0 0
238 163 43 14121.8 0 0
237 162 43 14126 0 0
236 158 42 14130.2 0 0
241 158 42 14134.4 0 0
237 157 42 14138.6 0 0
238 157 43 14142.8 0 0
240 157 42 14149.8 0 0
239 159 43 14154.1 0 0
236 159 43 14158.3 0 0
241 161 43 14162.5 0 0
238 159 43 14166.7 0 0
241 160 43 14170.9 0 0
240 161 43 14175.1 0 0
243 162 43 14179.3 0 0
238 163 43 14183.6 0 0
241 161 43 14187.8 0 0
240 159 43 14192 0 0
240 159 43 14196.2 0 0
236 153 43 14200.4 0 0
241 162 43 14204.6 0 0
238 157 43 14208.9 0 0
239 151 43 14213.1 0 0
238 157 43 14217.3 0 0
240 155 43 14221.5 0 0
234 139 43 14225.9 0 0
233 170 42 14230.1 0 0
227 187 42 14234.3 0 0
223 199 43 14241.5 0 0
218 203 43 14249.7 0 0
221 200 44 14258 0 0
219 199 44 14266.2 0 0
218 203 44 14274.7 0 0
215 207 44 14282.9 0 0
218 207 44 14291.4 0 0
219 207 44 14299.6 0 0
219 207 44 14307.9 0 0
219 206 44 14315.8 0 0
220 201 44 14320 0 0
217 198 44 14324.6 0 0
216 201 44 14328.9 0 0
218 199 44 14333.1 0 0
216 202 44 14337.3 0 0
215 201 44 14341.5 0 0
216 199 44 14345.7 0 0
218 200 44 14349.9 0 0
218 199 44 14354.1 0 0
218 205 44 14358.3 0 0
219 207 44 14362.5 0 0
216 204 44 14366.8 0 0
220 206 44 14371 0 0
218 207 44 14375.2 0 0
214 206 44 14379.5 0 0
211 207 43 14383.7 0 0
205 212 43 14387.9 0 0
196 209 43 14392.1 0 0
191 213 44 14396.3 0 0
191 216 44 14400.5 0 0
196 215 45 14404.7 0 0
202 213 45 14408.9 0 0
202 209 45 14413.3 0 0
200 209 46 14417.5 0 0
199 210 45 14421.7 0 0
197 213 44 14425.9 0 0
194 212 44 14432.9 0 0
191 212 44 14437.1 0 0
187 210 44 14441.3 0 0
181 214 43 14445.5 0 0
170 212 44 14449.7 0 0
161 209 44 14453.9 0 0
149 213 44 14458.2 0 0
134 220 44 14462.4 0 0
130 219 45 14466.6 0 0
113 214 45 14470.9 0 0
107 211 46 14475.1 0 0
100 211 46 14479.3 0 0
95 213 46 14483.5 0 0
90 211 46 14487.7 0 0
90 214 45 14491.9 0 0
93 218 45 14496.2 0 0
92 220 45 14500.4 0 0
96 218 45 14504.6 0 0
93 221 46 14508.8 0 0
93 221 46 14513 0 0
88 222 45 14518.9 0 0
84 207 45 14523.1 0 0
84 210 44 14528.5 0 0
83 208 44 14532.7 0 0
83 207 44 14536.9 0 0
81 214 44 14541.1 0 0
89 208 44 14545.3 0 0
83 217 44 14549.5 0 0
85 210 45 14553.8 0 0
88 217 44 14558 0 0
89 216 44 14562.2 0 0
86 214 44 14566.4 0 0
85 216 44 14570.6 0 0
90 215 45 14574.8 0 0
89 211 44 14579 0 0
86 211 44 14583.2 0 0
83 211 44 14587.5 0 0
84 209 44 14591.7 0 0
85 209 44 14595.9 0 0
86 213 44 14600.1 0 0
86 213 44 14604.3 0 0
86 212 44 14608.5 0 0
87 213 44 14612.7 0 0
87 213 44 14617 0 0
85 216 44 14621.2 0 0
85 213 44 14625.4 0 0
85 212 44 14629.6 0 0
85 212 44 14633.8 0 0
82 213 44 14643.9 0 0
87 213 44 14648.1 0 0
86 210 44 14653.4 0 0
85 209 44 14657.6 0 0
86 208 44 14661.8 0 0
85 210 44 14666.1 0 0
84 215 44 14670.3 0 0
87 213 44 14674.5 0 0
87 214 44 14678.7 0 0
85 214 44 14682.9 0 0
84 212 44 14687.1 0 0
90 214 44 14691.4 0 0
84 214 44 14695.6 0 0
89 213 44 14699.8 0 0
83 214 44 14714.5 0 0
87 214 44 14718.7 0 0
85 213 43 14724 0 0
83 215 44 14728.2 0 0
86 209 43 14732.5 0 0
86 212 43 14736.7 0 0
87 212 43 14740.9 0 0
82 211 44 14745.1 0 0
87 210 43 14749.4 0 0
83 214 43 14753.6 0 0
84 211 43 14757.8 0 0
80 213 43 14762 0 0
87 211 43 14766.2 0 0
81 211 43 14770.4 0 0
85 212 43 14774.6 0 0
88 210 43 14778.9 0 0
86 213 43 14783.1 0 0
86 209 43 14787.3 0 0
83 212 43 14791.5 0 0
86 214 43 14795.7 0 0
83 212 43 14799.9 0 0
85 217 43 14804.1 0 0
84 212 43 14808.4 0 0
84 212 43 14812.6 0 0
86 215 43 14816.8 0 0
87 216 43 14821 0 0
87 215 43 14825.2 0 0
83 214 43 14829.4 0 0
83 217 43 14833.6 0 0
84 214 43 14837.8 0 0
85 217 43 14844.7 0 0
84 216 42 14849 0 0
82 215 43 14853.2 0 0
83 210 42 14857.4 0 0
83 209 43 14861.6 0 0
84 211 42 14865.8 0 0
87 210 42 14870 0 0
84 209 42 14874.3 0 0
85 216 42 14878.5 0 0
84 216 42 14882.7 0 0
89 216 42 14886.9 0 0
82 215 42 14891.1 0 0
81 216 42 14895.3 0 0
88 216 42 14899.5 0 0
85 215 42 14903.8 0 0
82 216 42 14908 0 0
84 214 42 14912.2 0 0
84 214 42 14916.4 0 0
88 213 42 14920.6 0 0
83 213 42 14924.8 0 0
87 213 42 14929 0 0
82 212 41 14933.3 0 0
86 211 42 14937.5 0 0
83 213 42 14941.7 0 0
81 213 42 14945.9 0 0
83 212 41 14952.8 0 0
81 211 41 14957 0 0
83 213 41 14961.3 0 0
83 210 42 14965.6 0 0
87 213 42 14969.8 0 0
81 212 41 14974 0 0
87 211 41 14978.2 0 0
84 211 42 14982.5 0 0
82 213 42 14986.6 0 0
85 211 41 14990.9 0 0
79 213 42 14995.1 0 0
83 214 41 14999.3 0 0
84 215 41 15003.5 0 0
85 213 41 15007.7 0 0
85 214 41 15011.9 0 0
84 212 41 15016.1 0 0
87 213 41 15020.3 0 0
85 214 41 15024.6 0 0
82 213 41 15028.8 0 0
80 213 41 15033 0 0
86 214 41 15037.2 0 0
79 215 41 15041.4 0 0
85 216 41 15045.6 0 0
89 212 41 15049.8 0 0
99 209 41 15054 0 0
107 207 41 15058.3 0 0
116 204 41 15062.5 0 0
118 196 41 15069.6 0 0
119 192 41 15073.9 0 0
119 191 41 15078 0 0
114 193 41 15082.2 0 0
112 191 41 15086.5 0 0
116 188 41 15090.7 0 0
113 192 40 15094.9 0 0
116 191 41 15099.1 0 0
116 191 41 15103.3 0 0
119 193 41 15107.5 0 0
120 189 41 15111.8 0 0
120 189 41 15116 0 0
121 191 41 15120.2 0 0
119 188 41 15124.4 0 0
118 188 41 15128.6 0 0
119 193 41 15132.8 0 0
114 189 41 15137 0 0
118 186 40 15141.2 0 0
121 188 40 15145.4 0 0
118 187 41 15149.7 0 0
117 189 41 15153.9 0 0
117 187 40 15158.1 0 0
119 189 40 15162.3 0 0
118 191 41 15166.5 0 0
118 187 41 15170.7 0 0
121 192 41 15174.9 0 0
120 183 41 15181.8 0 0
126 192 40 15186.1 0 0
121 186 40 15190.3 0 0
130 184 41 15194.5 0 0
133 165 41 15198.8 0 0
131 156 41 15203 0 0
128 147 41 15207.2 0 0
131 140 41 15211.4 0 0
122 140 41 15215.7 0 0
124 130 40 15219.9 0 0
122 134 41 15224.1 0 0
122 134 40 15228.3 0 0
130 134 41 15232.5 0 0
120 137 41 15236.7 0 0
131 146 41 15240.9 0 0
132 140 41 15245.1 0 0
129 133 41 15249.4 0 0
128 137 41 15253.6 0 0
126 132 41 15257.8 0 0
129 132 41 15262 0 0
124 126 41 15266.2 0 0
125 129 41 15270.4 0 0
125 126 40 15274.6 0 0
127 126 41 15278.9 0 0
123 125 41 15283.2 0 0
130 127 41 15287.4 0 0
128 122 41 15294.4 0 0
131 115 41 15298.6 0 0
126 102 41 15302.8 0 0
131 99 41 15307.1 0 0
127 87 41 15311.3 0 0
130 80 41 15315.5 0 0
126 75 41 15319.7 0 0
129 71 41 15323.9 0 0
127 72 41 15328.1 0 0
124 65 41 15332.3 0 0
123 69 41 15336.5 0 0
124 70 41 15340.8 0 0
122 77 41 15345 0 0
128 71 41 15349.3 0 0
127 78 41 15353.5 0 0
121 79 41 15357.7 0 0
129 78 42 15361.9 0 0
126 72 42 15366.1 0 0
127 68 42 15370.3 0 0
124 61 41 15374.5 0 0
121 64 42 15378.8 0 0
122 57 41 15383.1 0 0
122 57 41 15387.3 0 0
123 70 42 15393.9 0 0
122 66 42 15398.2 0 0
124 71 41 15402.4 0 0
125 73 41 15407.3 0 0
126 67 41 15411.5 0 0
126 73 42 15415.7 0 0
123 70 42 15419.9 0 0
124 73 42 15424.1 0 0
121 67 42 15428.4 0 0
123 69 41 15432.6 0 0
125 69 42 15436.8 0 0
124 66 42 15441.1 0 0
125 66 42 15445.3 0 0
124 65 42 15449.5 0 0
123 68 42 15453.7 0 0
121 63 42 15457.9 0 0
122 68 42 15462.1 0 0
123 65 42 15466.4 0 0
123 65 42 15470.6 0 0
124 67 42 15474.8 0 0
128 68 42 15479 0 0
122 71 42 15486 0 0
122 64 42 15490.2 0 0
125 70 42 15494.4 0 0
124 69 42 15499.1 0 0
125 67 42 15503.4 0 0
123 68 42 15507.6 0 0
122 67 42 15511.8 0 0
122 67 42 15516 0 0
125 69 42 15520.2 0 0
125 69 42 15524.4 0 0
122 66 42 15528.7 0 0
122 68 42 15532.9 0 0
122 70 42 15537.1 0 0
123 70 42 15541.3 0 0
122 70 42 15548.2 0 0
126 71 41 15552.5 0 0
124 73 42 15556.7 0 0
124 68 42 15560.9 0 0
124 69 42 15565.1 0 0
124 72 42 15569.4 0 0
124 67 41 15573.5 0 0
120 72 41 15577.8 0 0
121 66 41 15582 0 0
123 69 41 15586.2 0 0
122 69 42 15590.5 0 0
125 69 41 15594.7 0 0
124 72 41 15598.9 0 0
126 69 41 15603.1 0 0
121 75 41 15607.3 0 0
124 66 42 15611.5 0 0
126 74 41 15615.8 0 0
120 70 42 15620 0 0
124 68 41 15624.2 0 0
125 71 41 15628.4 0 0
124 72 41 15632.6 0 0
122 70 41 15636.9 0 0
122 72 41 15641.1 0 0
124 71 41 15645.3 0 0
121 67 41 15649.5 0 0
121 67 41 15653.9 0 0
119 64 41 15659.6 0 0
113 69 41 15663.8 0 0
114 69 41 15668 0 0
111 73 41 15672.2 0 0
107 74 42 15676.4 0 0
106 75 41 15680.7 0 0
112 80 42 15684.9 0 0
115 75 42 15689.1 0 0
113 77 41 15693.4 0 0
114 77 42 15697.6 0 0
113 79 41 15701.8 0 0
111 73 41 15706 0 0
111 76 41 15710.2 0 0
112 74 42 15714.5 0 0
110 72 41 15718.7 0 0
110 73 42 15723 0 0
109 71 41 15727.3 0 0
111 75 42 15731.5 0 0
112 75 41 15735.7 0 0
113 74 41 15739.9 0 0
110 76 41 15744.2 0 0
114 77 41 15748.4 0 0
113 75 42 15752.6 0 0
111 79 42 15756.8 0 0
111 78 41 15761 0 0
115 79 42 15765.2 0 0
115 77 42 15769.5 0 0
110 75 41 15773.7 0 0
114 74 42 15777.9 0 0
111 75 41 15782.1 0 0
115 73 41 15786.4 0 0
111 76 42 15790.6 0 0
112 84 41 15794.8 0 0
116 84 42 15799 0 0
116 96 41 15803.2 0 0
122 103 41 15807.4 0 0
121 116 41 15811.7 0 0
122 131 41 15815.9 0 0
124 143 41 15820.1 0 0
125 156 41 15824.3 0 0
121 155 41 15828.5 0 0
117 157 41 15832.7 0 0
121 146 41 15837 0 0
120 148 41 15841.2 0 0
122 158 42 15845.6 0 0
121 161 42 15852.4 0 0
123 162 42 15856.6 0 0
125 166 42 15860.8 0 0
122 165 41 15865 0 0
124 165 42 15869.2 0 0
125 165 41 15873.4 0 0
126 161 42 15877.6 0 0
120 159 42 15881.9 0 0
123 154 41 15886.1 0 0
120 154 42 15890.3 0 0
120 152 41 15894.5 0 0
122 152 42 15898.7 0 0
119 152 42 15903 0 0
118 152 42 15907.2 0 0
120 154 41 15911.6 0 0
124 153 41 15915.8 0 0
124 157 41 15920 0 0
121 160 42 15924.2 0 0
123 158 42 15931.3 0 0
120 158 42 15935.6 0 0
120 157 42 15939.8 0 0
121 158 42 15944 0 0
119 152 42 15948.2 0 0
121 157 42 15952.4 0 0
120 157 42 15956.6 0 0
121 158 42 15960.8 0 0
119 156 42 15965.1 0 0
125 158 42 15969.3 0 0
123 157 42 15973.5 0 0
119 151 42 15977.7 0 0
126 155 42 15981.9 0 0
134 157 42 15986.1 0 0
146 167 42 15990.4 0 0
162 171 42 15994.6 0 0
175 188 42 15998.8 0 0
177 191 41 16003 0 0
185 203 41 16007.2 0 0
188 208 41 16011.5 0 0
199 218 40 16015.6 0 0
201 215 40 16019.9 0 0
200 216 39 16024.1 0 0
197 209 39 16028.3 0 0
199 205 39 16032.5 0 0
200 207 40 16036.7 0 0
200 207 40 16043.7 0 0
202 211 41 16050.2 0 0
208 213 41 16054.4 0 0
206 219 41 16060.2 0 0
201 218 41 16064.5 0 0
201 221 41 16068.7 0 0
205 216 40 16072.9 0 0
201 217 40 16077.1 0 0
200 212 40 16081.4 0 0
199 214 40 16085.6 0 0
205 210 40 16089.8 0 0
205 210 40 16094 0 0
204 209 40 16098.2 0 0
201 208 40 16102.5 0 0
201 208 41 16106.6 0 0
207 209 41 16110.9 0 0
204 211 41 16115.1 0 0
205 210 41 16119.3 0 0
202 214 41 16123.5 0 0
203 213 41 16127.8 0 0
202 214 41 16132 0 0
203 215 41 16136.2 0 0
201 215 41 16140.4 0 0
205 212 41 16144.6 0 0
200 215 41 16148.8 0 0
208 214 41 16153 0 0
201 212 41 16157.3 0 0
203 213 41 16161.5 0 0
202 212 41 16165.7 0 0
201 212 41 16169.9 0 0
201 209 41 16174.1 0 0
200 210 41 16178.3 0 0
201 209 41 16182.5 0 0
199 209 41 16186.8 0 0
207 210 41 16193.5 0 0
206 209 41 16197.8 0 0
201 210 42 16202 0 0
204 210 42 16206.2 0 0
203 209 41 16210.4 0 0
204 211 42 16214.6 0 0
214 211 42 16218.9 0 0
224 209 43 16223.3 0 0
234 194 43 16227.7 0 0
238 181 43 16231.9 0 0
242 179 42 16236.1 0 0
242 179 41 16240.3 0 0
242 179 40 16244.7 0 0
244 191 39 16248.9 0 0
244 188 39 16253.1 0 0
243 188 39 16257.3 0 0
242 188 41 16261.5 0 0
246 185 41 16268.7 0 0
246 185 41 16276.9 0 0
249 183 41 16284.6 0 0
251 183 40 16288.9 0 0
248 183 40 16293.4 0 0
248 190 40 16297.7 0 0
245 195 40 16301.9 0 0
249 191 40 16306.1 0 0
245 192 40 16310.3 0 0
243 189 40 16314.6 0 0
244 182 40 16318.8 0 0
244 182 41 16323 0 0
250 182 41 16327.2 0 0
246 182 41 16331.4 0 0
245 182 41 16335.6 0 0
247 183 41 16339.8 0 0
248 180 41 16344 0 0
247 182 40 16348.3 0 0
251 182 41 16352.5 0 0
247 179 41 16356.7 0 0
247 179 41 16360.9 0 0
244 183 41 16365.1 0 0
245 189 41 16369.3 0 0
245 189 41 16373.5 0 0
244 180 41 16377.7 0 0
249 181 41 16382 0 0
243 174 41 16386.2 0 0
250 181 41 16390.4 0 0
246 177 41 16394.6 0 0
247 177 41 16398.8 0 0
246 168 41 16403 0 0
244 182 41 16407.3 0 0
247 182 41 16411.5 0 0
247 176 41 16418.5 0 0
248 176 41 16422.7 0 0
246 178 41 16427 0 0
245 175 41 16431.2 0 0
247 180 41 16435.4 0 0
245 178 41 16439.6 0 0
245 175 41 16443.8 0 0
245 174 41 16448 0 0
244 175 41 16452.6 0 0
246 177 41 16456.8 0 0
248 176 41 16461 0 0
246 180 40 16465.3 0 0
245 178 41 16469.5 0 0
242 176 41 16473.8 0 0
243 178 41 16478 0 0
246 175 41 16482.2 0 0
248 178 41 16486.4 0 0
243 175 41 16490.6 0 0
245 178 41 16497.7 0 0
245 176 41 16501.9 0 0
246 179 41 16506.2 0 0
244 177 41 16510.4 0 0
247 175 40 16514.6 0 0
245 178 40 16518.8 0 0
243 183 41 16523 0 0
245 182 41 16527.2 0 0
244 175 40 16531.5 0 0
246 177 40 16535.7 0 0
248 177 40 16539.9 0 0
243 173 41 16544.1 0 0
248 175 40 16548.3 0 0
243 177 40 16552.5 0 0
246 177 40 16556.8 0 0
246 179 40 16561 0 0
248 176 40 16565.2 0 0
246 180 41 16569.4 0 0
241 178 40 16573.6 0 0
243 176 40 16577.8 0 0
242 179 40 16582 0 0
243 179 40 16586.2 0 0
243 179 40 16590.5 0 0
244 179 40 16597.3 0 0
245 179 40 16601.5 0 0
241 176 40 16605.7 0 0
242 187 40 16609.9 0 0
249 177 40 16614.2 0 0
247 182 40 16618.4 0 0
245 175 40 16622.6 0 0
245 171 40 16626.9 0 0
245 171 40 16631.1 0 0
242 172 40 16635.3 0 0
241 170 40 16639.5 0 0
242 172 40 16643.7 0 0
245 173 40 16647.9 0 0
243 166 40 16652.1 0 0
246 170 40 16656.3 0 0
248 176 40 16660.5 0 0
247 168 40 16664.8 0 0
243 173 40 16669 0 0
245 181 40 16673.2 0 0
242 171 40 16677.4 0 0
245 176 40 16681.6 0 0
243 172 40 16685.8 0 0
245 182 40 16690 0 0
249 180 40 16694.3 0 0
247 181 40 16698.5 0 0
247 186 40 16702.7 0 0
245 181 40 16706.9 0 0
245 179 40 16711.1 0 0
247 180 40 16715.4 0 0
242 183 40 16720.6 0 0
243 188 40 16724.8 0 0
237 189 39 16729 0 0
229 195 39 16733.2 0 0
224 195 40 16737.5 0 0
211 202 40 16742 0 0
206 205 40 16746.3 0 0
205 212 40 16750.5 0 0
200 211 41 16754.8 0 0
207 212 42 16759 0 0
207 204 42 16763.2 0 0
209 206 42 16767.4 0 0
206 206 42 16771.7 0 0
205 210 41 16775.9 0 0
201 210 41 16780.1 0 0
200 214 41 16784.3 0 0
201 205 41 16788.5 0 0
200 205 40 16792.7 0 0
200 215 41 16796.9 0 0
199 203 41 16801.1 0 0
200 202 41 16805.4 0 0
198 206 41 16809.6 0 0
202 202 41 16813.8 0 0
204 209 41 16818.1 0 0
203 206 41 16822.3 0 0
204 204 41 16826.5 0 0
202 206 41 16830.7 0 0
199 205 41 16834.9 0 0
201 206 41 16839.1 0 0
201 203 41 16843.3 0 0
201 201 40 16847.5 0 0
199 202 41 16851.8 0 0
196 199 40 16856 0 0
185 183 40 16860.2 0 0
186 175 40 16864.4 0 0
177 151 41 16868.6 0 0
174 144 42 16872.9 0 0
162 129 42 16877.1 0 0
155 120 42 16881.3 0 0
149 116 42 16885.5 0 0
142 103 43 16889.8 0 0
135 105 43 16894.1 0 0
130 96 43 16898.3 0 0
126 98 43 16902.5 0 0
122 90 43 16906.7 0 0
121 85 43 16911 0 0
121 80 43 16915.2 0 0
119 77 44 16919.3 0 0
125 77 43 16923.5 0 0
120 72 43 16927.8 0 0
116 75 43 16932 0 0
119 75 43 16936.2 0 0
117 72 43 16940.5 0 0
116 73 43 16944.7 0 0
117 73 43 16948.9 0 0
117 70 43 16953.1 0 0
117 70 43 16957.3 0 0
117 75 43 16961.5 0 0
123 74 43 16965.7 0 0
122 72 43 16969.9 0 0
118 71 43 16974.2 0 0
121 74 43 16978.4 0 0
117 74 43 16982.6 0 0
120 72 44 16986.8 0 0
119 72 43 16991 0 0
119 71 43 16995.2 0 0
119 74 43 16999.5 0 0
115 73 43 17003.7 0 0
120 71 43 17007.9 0 0
121 69 43 17012.1 0 0
117 70 43 17016.3 0 0
116 73 44 17020.5 0 0
118 67 43 17024.7 0 0
117 73 43 17029 0 0
116 69 44 17033.2 0 0
122 67 43 17037.4 0 0
122 64 43 17041.6 0 0
128 65 44 17045.8 0 0
130 58 44 17050 0 0
125 53 44 17054.2 0 0
125 52 44 17058.5 0 0
121 53 44 17062.7 0 0
123 57 43 17066.9 0 0
122 58 43 17071.1 0 0
120 58 43 17075.3 0 0
122 64 43 17079.5 0 0
125 62 43 17083.8 0 0
124 59 43 17088 0 0
126 59 43 17092.2 0 0
126 59 44 17096.4 0 0
121 57 44 17100.6 0 0
125 59 44 17104.8 0 0
125 61 44 17109 0 0
123 57 44 17113.2 0 0
125 59 43 17117.4 0 0
120 58 43 17121.7 0 0
127 57 43 17125.9 0 0
126 58 43 17130.2 0 0
122 58 44 17134.4 0 0
123 54 43 17138.6 0 0
121 58 44 17142.8 0 0
126 55 43 17147.1 0 0
127 62 43 17151.3 0 0
122 59 43 17155.8 0 0
110 55 44 17160 0 0
101 55 45 17164.2 0 0
101 55 0 17168.4 0 0
85 50 44 17172.6 0 0
74 49 43 17176.8 0 0
78 50 43 17181 0 0
74 52 44 17185.3 0 0
79 54 43 17189.5 0 0
83 53 43 17193.7 0 0
84 57 44 17197.9 0 0
84 57 44 17202.1 0 0
80 62 44 17206.3 0 0
78 57 44 17210.5 0 0
78 55 43 17214.8 0 0
73 50 43 17219 0 0
77 48 43 17226 0 0
73 49 42 17230.2 0 0
76 48 43 17234.4 0 0
76 49 42 17238.6 0 0
77 48 43 17242.8 0 0
76 49 42 17247.1 0 0
74 54 42 17251.3 0 0
77 56 42 17255.5 0 0
78 57 42 17259.7 0 0
77 57 42 17263.9 0 0
77 53 42 17268.1 0 0
74 54 42 17272.3 0 0
77 57 42 17276.5 0 0
77 54 42 17280.8 0 0
78 52 42 17285 0 0
74 54 42 17289.2 0 0
76 52 42 17293.4 0 0
76 51 42 17297.6 0 0
75 49 42 17301.8 0 0
75 48 42 17306.1 0 0
77 50 42 17310.3 0 0
76 49 42 17314.5 0 0
74 52 42 17318.7 0 0
79 54 42 17323 0 0
78 53 42 17327.2 0 0
74 50 42 17331.4 0 0
77 45 42 17335.6 0 0
75 44 42 17342.4 0 0
77 46 42 17346.7 0 0
75 45 42 17350.9 0 0
76 46 41 17355.1 0 0
75 46 42 17359.3 0 0
77 44 42 17363.5 0 0
75 42 41 17367.7 0 0
75 41 42 17372 0 0
78 42 42 17376.3 0 0
78 43 41 17380.5 0 0
73 38 41 17384.7 0 0
77 55 41 17388.9 0 0
76 39 41 17393.1 0 0
79 39 42 17397.3 0 0
78 37 41 17401.6 0 0
78 35 42 17405.8 0 0
76 42 41 17410 0 0
80 34 42 17414.2 0 0
77 43 41 17418.4 0 0
75 39 41 17422.6 0 0
75 40 41 17426.9 0 0
78 34 41 17431.1 0 0
77 34 41 17435.3 0 0
75 32 42 17439.5 0 0
77 34 41 17443.7 0 0
77 36 42 17447.9 0 0
75 38 41 17454.8 0 0
78 37 41 17459 0 0
76 37 41 17463.3 0 0
76 35 41 17467.5 0 0
76 38 41 17471.7 0 0
77 37 41 17475.9 0 0
74 38 41 17480.1 0 0
78 43 41 17484.4 0 0
78 36 41 17488.6 0 0
81 41 41 17492.8 0 0
74 38 41 17497.1 0 0
79 30 41 17501.3 0 0
76 48 41 17505.5 0 0
73 38 41 17509.7 0 0
76 37 41 17513.9 0 0
74 39 41 17518.1 0 0
76 37 41 17522.3 0 0
76 45 41 17526.5 0 0
76 36 42 17530.8 0 0
77 39 41 17535 0 0
74 39 41 17539.2 0 0
74 36 41 17543.4 0 0
74 45 41 17547.6 0 0
75 38 41 17551.8 0 0
76 43 41 17556.1 0 0
76 45 41 17563 0 0
76 42 41 17567.2 0 0
75 42 41 17571.4 0 0
75 40 41 17575.7 0 0
75 32 41 17579.9 0 0
77 34 41 17584.1 0 0
78 38 41 17588.3 0 0
76 37 41 17592.6 0 0
78 32 41 17596.8 0 0
75 41 41 17601 0 0
73 38 41 17605.2 0 0
77 34 41 17609.4 0 0
75 38 41 17613.7 0 0
74 42 41 17617.9 0 0
78 36 41 17622.1 0 0
77 34 41 17626.3 0 0
74 36 41 17630.6 0 0
79 35 41 17634.8 0 0
74 34 41 17639 0 0
80 37 41 17643.2 0 0
75 37 41 17647.4 0 0
76 37 41 17651.6 0 0
75 35 41 17655.9 0 0
76 36 42 17660.1 0 0
75 39 41 17664.3 0 0
73 39 41 17668.5 0 0
77 41 41 17672.7 0 0
75 39 41 17679.8 0 0
75 37 41 17684 0 0
79 34 41 17688.3 0 0
77 37 41 17692.5 0 0
85 54 42 17696.7 0 0
98 60 42 17700.9 0 0
108 69 42 17705.1 0 0
120 83 42 17709.3 0 0
132 103 43 17713.5 0 0
137 112 42 17717.8 0 0
147 125 41 17722 0 0
159 139 41 17726.2 0 0
165 160 40 17730.4 0 0
172 158 40 17734.6 0 0
179 187 39 17738.8 0 0
185 195 39 17743 0 0
188 200 39 17747.3 0 0
186 210 39 17751.5 0 0
191 211 39 17755.7 0 0
190 218 39 17759.9 0 0
191 221 39 17764.1 0 0
189 215 39 17768.3 0 0
190 218 40 17772.6 0 0
186 217 40 17776.8 0 0
191 220 40 17783.7 0 0
191 220 40 17792.2 0 0
192 221 40 17800.2 0 0
188 223 40 17804.4 0 0
194 222 39 17808.7 0 0
187 223 39 17813 0 0
189 216 39 17817.2 0 0
187 219 40 17821.4 0 0
186 215 40 17825.6 0 0
185 217 40 17829.8 0 0
184 212 39 17834 0 0
190 215 40 17838.3 0 0
188 217 40 17842.5 0 0
189 214 40 17846.7 0 0
187 213 40 17850.9 0 0
188 214 40 17855.1 0 0
186 214 40 17859.3 0 0
191 213 40 17863.5 0 0
192 218 40 17867.8 0 0
191 210 40 17872 0 0
186 210 40 17876.2 0 0
189 204 40 17880.5 0 0
186 209 40 17884.7 0 0
190 210 40 17888.9 0 0
189 204 40 17893.1 0 0
190 201 40 17897.3 0 0
187 211 40 17901.5 0 0
191 202 40 17906.2 0 0
191 203 40 17910.4 0 0
194 213 41 17917 0 0
187 214 41 17921.3 0 0
189 213 41 17925.5 0 0
192 216 41 17929.7 0 0
187 218 41 17934 0 0
192 218 41 17938.2 0 0
193 217 41 17942.4 0 0
190 219 41 17946.6 0 0
192 217 41 17950.8 0 0
194 218 41 17955 0 0
192 218 41 17959.2 0 0
191 219 41 17963.4 0 0
188 217 41 17967.7 0 0
189 218 41 17971.9 0 0
194 219 41 17976.1 0 0
200 215 41 17980.3 0 0
201 214 41 17984.5 0 0
204 218 41 17988.7 0 0
203 220 41 17993 0 0
201 218 41 17997.2 0 0
199 219 41 18001.4 0 0
196 221 41 18005.6 0 0
204 218 40 18009.8 0 0
204 218 40 18014 0 0
200 217 40 18019 0 0
199 215 41 18023.2 0 0
201 218 41 18029.2 0 0
206 217 42 18033.5 0 0
200 219 41 18037.8 0 0
201 219 42 18042 0 0
202 220 41 18046.2 0 0
199 221 41 18050.4 0 0
204 220 41 18054.7 0 0
198 219 41 18058.9 0 0
201 220 41 18063.1 0 0
202 221 41 18067.3 0 0
203 219 41 18071.5 0 0
203 217 41 18075.7 0 0
204 219 41 18080 0 0
202 218 41 18084.2 0 0
197 227 41 18088.4 0 0
202 217 41 18092.6 0 0
201 223 41 18096.8 0 0
205 224 41 18101 0 0
198 222 41 18105.2 0 0
199 225 41 18109.5 0 0
204 223 42 18113.7 0 0
200 224 41 18117.9 0 0
204 222 42 18122.1 0 0
203 220 41 18126.3 0 0
200 220 41 18130.6 0 0
201 219 41 18134.8 0 0
201 219 41 18139 0 0
201 220 41 18144 0 0
201 219 41 18148.2 0 0
199 220 41 18152.4 0 0
201 222 41 18156.7 0 0
200 219 41 18160.9 0 0
200 223 41 18165.1 0 0
202 221 41 18169.3 0 0
203 220 41 18173.5 0 0
201 221 41 18177.8 0 0
199 219 41 18182.1 0 0
201 220 41 18186.3 0 0
204 213 40 18190.6 0 0
198 205 40 18194.8 0 0
190 194 40 18199 0 0
183 182 40 18203.2 0 0
176 176 40 18207.4 0 0
171 164 40 18211.7 0 0
171 157 41 18215.9 0 0
167 151 42 18220.1 0 0
162 141 42 18224.4 0 0
158 134 42 18228.6 0 0
162 132 43 18232.8 0 0
161 126 43 18237 0 0
157 122 43 18241.2 0 0
149 108 42 18245.7 0 0
151 105 42 18249.9 0 0
145 97 42 18254.2 0 0
143 99 42 18258.4 0 0
143 84 42 18262.6 0 0
138 79 42 18266.8 0 0
140 96 42 18271 0 0
139 91 42 18275.2 0 0
145 99 42 18279.5 0 0
143 96 42 18283.7 0 0
140 94 42 18287.9 0 0
136 94 42 18292.1 0 0
138 94 42 18296.3 0 0
142 94 42 18300.5 0 0
137 96 42 18304.8 0 0
140 93 42 18309 0 0
140 93 0 18313.2 0 0
140 94 42 18317.4 0 0
141 89 42 18321.6 0 0
140 93 42 18325.8 0 0
140 92 42 18330.1 0 0
141 93 42 18334.3 0 0
140 90 42 18338.5 0 0
143 93 42 18342.7 0 0
142 90 42 18347 0 0
141 95 42 18351.2 0 0
140 92 42 18355.4 0 0
141 95 42 18362.2 0 0
136 92 42 18366.4 0 0
140 94 42 18371.1 0 0
142 92 42 18375.4 0 0
139 91 42 18379.6 0 0
140 94 42 18383.9 0 0
140 97 42 18388.1 0 0
139 92 42 18392.3 0 0
140 92 42 18396.5 0 0
139 89 42 18400.8 0 0
140 95 42 18405 0 0
138 91 42 18409.2 0 0
140 95 42 18413.4 0 0
142 92 42 18417.6 0 0
139 94 42 18421.8 0 0
139 93 42 18426 0 0
140 97 41 18430.2 0 0
133 92 42 18437.3 0 0
135 96 42 18441.5 0 0
122 96 42 18445.7 0 0
111 98 42 18449.9 0 0
101 102 42 18454.1 0 0
83 110 42 18458.4 0 0
73 116 42 18462.6 0 0
64 131 42 18466.8 0 0
62 141 42 18471.2 0 0
52 144 41 18475.4 0 0
49 144 41 18479.6 0 0
52 142 41 18483.8 0 0
54 141 41 18488.1 0 0
56 141 41 18492.3 0 0
54 149 42 18496.5 0 0
54 150 42 18500.8 0 0
56 151 42 18505 0 0
44 149 42 18509.2 0 0
47 147 41 18513.4 0 0
42 148 41 18517.6 0 0
44 145 40 18521.8 0 0
44 145 40 18529 0 0
44 145 40 18534.7 0 0
47 146 40 18538.9 0 0
47 141 40 18545.4 0 0
47 140 40 18549.6 0 0
46 146 40 18553.9 0 0
44 150 41 18558.1 0 0
44 150 40 18562.3 0 0
49 149 40 18566.6 0 0
48 150 41 18570.8 0 0
45 150 40 18575 0 0
44 145 40 18579.2 0 0
44 140 40 18583.4 0 0
46 145 40 18587.6 0 0
45 145 40 18591.8 0 0
46 134 40 18596 0 0
42 143 40 18600.2 0 0
48 143 40 18604.5 0 0
46 146 40 18608.7 0 0
49 149 40 18612.9 0 0
47 147 40 18617.1 0 0
49 144 40 18621.3 0 0
49 144 40 18625.6 0 0
46 144 40 18629.8 0 0
45 144 41 18634 0 0
48 144 41 18638.2 0 0
39 144 40 18642.4 0 0
34 146 40 18646.6 0 0
27 161 40 18650.8 0 0
28 174 40 18655 0 0
34 173 40 18659.3 0 0
35 171 40 18666.3 0 0
36 169 40 18670.5 0 0
33 169 40 18674.7 0 0
35 171 40 18678.9 0 0
32 171 41 18683.2 0 0
33 172 41 18687.4 0 0
29 173 41 18691.6 0 0
30 173 40 18695.8 0 0
28 172 40 18700 0 0
26 172 40 18714.6 0 0
31 166 40 18718.9 0 0
29 170 40 18724.5 0 0
34 172 40 18728.8 0 0
28 174 40 18733 0 0
35 172 40 18737.2 0 0
31 171 40 18741.4 0 0
31 172 40 18745.6 0 0
34 172 40 18749.8 0 0
27 171 40 18754.1 0 0
34 172 40 18758.3 0 0
32 173 40 18762.5 0 0
32 170 40 18766.7 0 0
34 172 40 18770.9 0 0
26 172 40 18775.1 0 0
33 172 40 18779.3 0 0
30 171 40 18783.5 0 0
31 173 40 18787.8 0 0
33 174 40 18792 0 0
30 175 40 18796.2 0 0
27 172 40 18800.4 0 0
33 173 40 18804.6 0 0
32 167 40 18808.8 0 0
27 168 40 18813 0 0
27 172 40 18817.3 0 0
27 172 40 18824.4 0 0
31 173 40 18831.5 0 0
34 171 41 18835.7 0 0
30 173 40 18840.9 0 0
32 170 41 18845.2 0 0
32 173 41 18849.4 0 0
26 172 41 18853.6 0 0
28 174 41 18857.8 0 0
31 164 41 18862 0 0
29 165 40 18866.2 0 0
29 173 41 18870.5 0 0
28 162 41 18874.7 0 0
28 173 41 18878.9 0 0
30 168 41 18883.1 0 0
29 165 41 18887.3 0 0
22 142 41 18891.5 0 0
20 128 41 18895.7 0 0
22 116 41 18900 0 0
20 105 41 18904.2 0 0
24 95 41 18908.4 0 0
24 85 41 18912.6 0 0
27 79 41 18916.8 0 0
28 76 41 18921 0 0
31 72 41 18925.2 0 0
28 71 41 18929.5 0 0
28 75 41 18933.7 0 0
22 74 41 18937.9 0 0
28 70 41 18942.1 0 0
23 69 41 18946.3 0 0
28 65 42 18950.5 0 0
24 64 42 18954.7 0 0
21 62 42 18959 0 0
29 59 42 18965.8 0 0
27 59 42 18970 0 0
26 57 42 18974.3 0 0
26 57 42 18978.5 0 0
25 59 42 18982.7 0 0
23 62 42 18986.9 0 0
26 62 42 18991.1 0 0
24 64 41 18995.3 0 0
25 64 42 18999.6 0 0
26 62 42 19003.8 0 0
25 63 42 19008 0 0
26 63 42 19012.2 0 0
23 60 42 19016.4 0 0
24 61 42 19020.6 0 0
29 60 42 19024.8 0 0
29 62 42 19029 0 0
27 61 42 19033.3 0 0
26 60 42 19037.5 0 0
24 63 42 19041.7 0 0
26 59 42 19045.9 0 0
30 61 42 19050.1 0 0
20 62 42 19054.3 0 0
26 60 42 19058.5 0 0
24 59 42 19062.8 0 0
25 60 42 19067 0 0
24 59 42 19071.2 0 0
28 59 42 19075.4 0 0
23 60 42 19079.6 0 0
26 59 42 19083.8 0 0
27 59 42 19090.7 0 0
29 61 42 19094.9 0 0
28 56 42 19099.2 0 0
25 61 42 19103.3 0 0
24 57 42 19107.5 0 0
26 60 42 19111.8 0 0
26 61 42 19116 0 0
25 60 42 19120.2 0 0
28 61 42 19124.4 0 0
26 59 42 19128.6 0 0
24 61 42 19132.8 0 0
23 60 42 19137 0 0
29 58 42 19141.2 0 0
27 63 42 19145.5 0 0
28 60 42 19149.7 0 0
30 61 42 19153.9 0 0
34 63 42 19158.1 0 0
30 62 42 19162.3 0 0
27 61 42 19166.5 0 0
31 62 42 19170.7 0 0
29 61 42 19174.9 0 0
31 63 42 19179.1 0 0
24 62 42 19183.4 0 0
30 61 42 19187.6 0 0
25 63 42 19191.8 0 0
29 61 42 19196 0 0
26 63 42 19200.2 0 0
26 62 42 19204.4 0 0
32 62 42 19208.6 0 0
29 61 42 19212.9 0 0
27 60 42 19219.8 0 0
29 59 42 19224.1 0 0
26 63 42 19228.3 0 0
25 59 42 19232.5 0 0
29 60 42 19236.8 0 0
30 63 42 19241 0 0
25 61 42 19245.3 0 0
27 63 42 19249.5 0 0
25 61 42 19253.7 0 0
26 60 42 19258 0 0
31 62 42 19262.2 0 0
24 64 42 19266.3 0 0
28 59 42 19270.6 0 0
30 58 42 19274.8 0 0
26 63 42 19279 0 0
29 59 42 19283.3 0 0
28 59 42 19287.5 0 0
29 65 42 19291.7 0 0
26 64 42 19295.9 0 0
28 62 42 19300.1 0 0
28 61 42 19304.3 0 0
26 63 42 19308.5 0 0
25 63 42 19312.8 0 0
31 62 42 19319.9 0 0
28 60 42 19324.1 0 0
26 63 42 19328.3 0 0
26 61 42 19332.6 0 0
27 62 42 19336.8 0 0
29 62 42 19341 0 0
28 61 42 19345.5 0 0
27 61 42 19349.7 0 0
30 61 42 19353.9 0 0
25 62 42 19358.1 0 0
28 62 42 19362.3 0 0
28 60 42 19366.5 0 0
26 62 42 19370.7 0 0
28 61 42 19375 0 0
26 61 42 19379.2 0 0
25 63 42 19383.4 0 0
29 61 42 19387.6 0 0
26 61 42 19391.8 0 0
26 63 42 19396 0 0
29 62 42 19400.2 0 0
29 62 42 19404.5 0 0
26 63 42 19409.6 0 0
28 61 42 19413.8 0 0
26 61 42 19418 0 0
27 63 42 19422.2 0 0
27 62 42 19426.4 0 0
24 65 42 19430.7 0 0
25 68 42 19434.9 0 0
37 74 42 19439.1 0 0
42 84 42 19443.3 0 0
43 90 42 19447.5 0 0
44 107 42 19451.8 0 0
45 109 42 19456 0 0
42 114 43 19460.2 0 0
38 119 43 19464.4 0 0
35 117 44 19468.7 0 0
42 113 43 19472.9 0 0
40 107 44 19477.1 0 0
43 106 43 19481.3 0 0
44 109 43 19485.5 0 0
44 112 43 19489.7 0 0
40 114 43 19493.9 0 0
42 117 43 19498.2 0 0
47 120 43 19502.4 0 0
43 121 43 19506.6 0 0
49 120 43 19510.8 0 0
44 119 43 19515 0 0
43 119 43 19519.3 0 0
45 116 43 19523.5 0 0
43 114 43 19527.7 0 0
45 116 43 19532 0 0
42 113 43 19536.2 0 0
41 113 43 19540.4 0 0
39 113 43 19544.6 0 0
44 112 43 19548.8 0 0
45 113 43 19553 0 0
38 113 43 19557.2 0 0
40 116 43 19561.5 0 0
40 118 43 19565.7 0 0
39 118 43 19569.9 0 0
33 124 43 19574.1 0 0
29 130 43 19578.3 0 0
30 145 43 19582.5 0 0
32 155 42 19586.7 0 0
39 160 43 19591 0 0
36 171 43 19595.2 0 0
40 164 44 19599.5 0 0
43 161 44 19603.7 0 0
35 154 44 19607.9 0 0
36 151 44 19612.1 0 0
31 154 44 19616.3 0 0
32 157 44 19620.5 0 0
33 156 43 19624.8 0 0
31 155 44 19629 0 0
30 162 43 19633.2 0 0
32 162 43 19637.4 0 0
37 160 43 19641.6 0 0
37 164 43 19645.8 0 0
36 162 43 19650 0 0
40 161 43 19654.3 0 0
39 160 43 19658.5 0 0
30 158 43 19662.7 0 0
37 160 43 19667 0 0
35 150 43 19671.2 0 0
34 156 44 19675.4 0 0
35 151 43 19679.6 0 0
38 150 43 19683.8 0 0
32 155 44 19688 0 0
32 148 43 19692.2 0 0
36 156 43 19696.5 0 0
31 156 43 19700.7 0 0
33 157 43 19704.8 0 0
31 155 44 19709.1 0 0
36 158 43 19713.3 0 0
33 157 44 19717.5 0 0
36 159 43 19721.7 0 0
38 158 44 19725.9 0 0
35 158 43 19730.1 0 0
31 156 44 19734.3 0 0
35 152 43 19738.5 0 0
32 157 44 19742.8 0 0
35 149 43 19747.2 0 0
36 151 44 19751.4 0 0
32 152 44 19755.6 0 0
34 153 44 19759.8 0 0
38 159 44 19764 0 0
33 152 44 19768.2 0 0
38 152 44 19772.5 0 0
34 151 44 19776.7 0 0
32 164 44 19781 0 0
36 156 44 19785.2 0 0
33 155 44 19789.4 0 0
34 153 44 19793.6 0 0
31 155 44 19797.8 0 0
30 156 44 19802 0 0
37 153 44 19806.3 0 0
34 155 44 19810.5 0 0
34 156 44 19814.7 0 0
33 153 44 19819 0 0
34 157 45 19823.2 0 0
36 153 44 19827.4 0 0
34 157 44 19831.6 0 0
33 154 44 19835.8 0 0
33 153 44 19840.1 0 0
37 155 44 19844.3 0 0
36 153 45 19848.5 0 0
34 161 44 19852.7 0 0
38 161 45 19856.9 0 0
35 162 45 19861.1 0 0
30 160 45 19865.3 0 0
36 163 44 19869.6 0 0
28 160 44 19873.8 0 0
33 162 45 19878 0 0
36 160 44 19882.2 0 0
32 161 45 19886.5 0 0
38 161 45 19890.7 0 0
37 163 45 19894.9 0 0
37 158 45 19899.1 0 0
39 155 45 19903.3 0 0
37 156 45 19907.6 0 0
33 155 44 19911.8 0 0
34 155 45 19916 0 0
37 159 45 19920.2 0 0
33 156 44 19924.4 0 0
34 156 45 19928.6 0 0
33 158 45 19932.8 0 0
34 158 45 19937.1 0 0
34 157 45 19941.3 0 0
35 160 45 19945.5 0 0
33 155 45 19949.7 0 0
33 159 45 19953.9 0 0
35 156 45 19958.1 0 0
31 153 45 19962.3 0 0
35 158 45 19966.6 0 0
36 161 45 19970.8 0 0
32 163 45 19975 0 0
32 159 45 19979.2 0 0
35 158 45 19983.4 0 0
32 158 45 19987.6 0 0
32 157 45 19991.8 0 0
36 158 45 19996.1 0 0
28 157 45 20000.3 0 0
35 161 45 20004.6 0 0
31 158 45 20008.8 0 0
35 158 45 20013 0 0
32 159 45 20017.2 0 0
33 159 45 20021.4 0 0
32 156 45 20025.6 0 0
34 161 45 20029.8 0 0
34 160 46 20034 0 0
36 156 46 20038.2 0 0
33 159 45 20042.5 0 0
34 160 46 20046.7 0 0
35 158 45 20050.9 0 0
35 161 45 20055.1 0 0
38 162 46 20059.3 0 0
34 161 45 20063.6 0 0
34 165 46 20067.8 0 0
34 165 46 20072 0 0
44 159 46 20076.2 0 0
57 164 46 20080.4 0 0
69 167 47 20084.6 0 0
81 175 47 20088.8 0 0
91 173 47 20093 0 0
101 176 48 20097.2 0 0
105 182 48 20101.5 0 0
110 183 47 20105.7 0 0
114 184 46 20109.9 0 0
116 181 46 20114.1 0 0
112 176 46 20118.3 0 0
111 175 46 20122.5 0 0
111 173 46 20126.8 0 0
113 176 47 20131 0 0
112 167 47 20135.2 0 0
115 176 47 20139.4 0 0
119 178 47 20143.6 0 0
121 172 47 20147.8 0 0
121 176 47 20152 0 0
119 184 47 20156.3 0 0
118 176 46 20160.5 0 0
116 177 47 20164.7 0 0
118 177 47 20168.9 0 0
116 175 47 20173.1 0 0
115 173 46 20177.4 0 0
115 172 46 20181.6 0 0
115 172 47 20185.9 0 0
116 171 46 20190.1 0 0
119 174 47 20194.3 0 0
119 173 47 20198.5 0 0
118 174 46 20202.7 0 0
118 173 47 20206.9 0 0
117 173 47 20211.1 0 0
120 174 47 20215.4 0 0
117 175 47 20219.6 0 0
119 174 47 20223.8 0 0
117 180 47 20228 0 0
116 180 47 20232.2 0 0
117 180 47 20236.4 0 0
117 178 47 20240.7 0 0
115 180 47 20245 0 0
118 181 47 20249.2 0 0
115 179 47 20253.4 0 0
120 181 47 20257.6 0 0
120 183 47 20261.8 0 0
117 173 47 20266 0 0
114 175 47 20270.3 0 0
116 176 47 20274.5 0 0
116 176 47 20278.7 0 0
119 177 47 20284.8 0 0
118 182 47 20289 0 0
117 183 47 20293.2 0 0
119 182 47 20297.4 0 0
117 179 47 20301.6 0 0
116 181 47 20305.8 0 0
116 181 47 20310.1 0 0
117 183 47 20314.3 0 0
118 183 47 20318.5 0 0
120 178 47 20322.7 0 0
121 175 47 20327 0 0
115 177 47 20331.2 0 0
117 176 47 20335.4 0 0
119 178 47 20339.6 0 0
118 177 47 20343.8 0 0
119 178 47 20348.1 0 0
116 177 47 20352.3 0 0
116 176 47 20356.5 0 0
118 177 47 20360.7 0 0
116 177 47 20364.9 0 0
118 185 47 20369.1 0 0
121 182 47 20373.3 0 0
121 183 47 20377.6 0 0
121 184 47 20381.8 0 0
119 182 47 20386 0 0
116 177 48 20390.2 0 0
117 177 47 20394.4 0 0
123 179 47 20398.7 0 0
131 178 48 20402.9 0 0
133 183 47 20407.1 0 0
132 184 47 20411.3 0 0
127 184 47 20415.5 0 0
123 188 47 20419.7 0 0
129 183 47 20424 0 0
128 184 47 20428.2 0 0
126 182 47 20432.5 0 0
126 180 47 20436.8 0 0
131 181 47 20441 0 0
126 184 47 20445.2 0 0
128 184 47 20449.4 0 0
123 184 48 20453.6 0 0
130 183 47 20457.8 0 0
131 187 47 20462 0 0
130 186 47 20466.3 0 0
128 185 47 20470.5 0 0
128 187 47 20474.7 0 0
128 188 47 20479 0 0
127 179 47 20483.2 0 0
131 180 47 20487.4 0 0
126 181 47 20491.6 0 0
127 180 47 20495.8 0 0
127 181 47 20500 0 0
126 182 47 20504.3 0 0
128 181 47 20508.5 0 0
127 183 47 20512.7 0 0
125 176 48 20516.9 0 0
130 182 47 20521.1 0 0
128 183 47 20525.3 0 0
125 182 47 20529.6 0 0
128 182 47 20533.8 0 0
123 184 47 20538 0 0
127 183 47 20542.2 0 0
128 183 47 20546.4 0 0
124 185 47 20550.6 0 0
129 183 47 20554.8 0 0
125 184 47 20559.1 0 0
129 183 47 20563.3 0 0
124 184 47 20567.5 0 0
126 185 47 20571.8 0 0
126 181 47 20576 0 0
126 182 47 20580.2 0 0
124 182 46 20584.4 0 0
127 182 47 20588.6 0 0
128 181 47 20592.8 0 0
125 181 47 20597 0 0
125 184 47 20601.2 0 0
130 185 47 20605.4 0 0
127 186 47 20609.6 0 0
126 179 46 20613.9 0 0
115 183 47 20618.1 0 0
105 187 47 20622.3 0 0
94 199 47 20626.5 0 0
81 198 47 20630.8 0 0
73 200 47 20635 0 0
67 207 47 20639.2 0 0
65 213 47 20643.4 0 0
69 210 46 20647.6 0 0
72 210 46 20651.8 0 0
74 205 46 20656 0 0
74 207 47 20660.3 0 0
75 209 47 20664.5 0 0
72 211 47 20668.8 0 0
68 213 47 20673 0 0
62 212 47 20677.2 0 0
59 211 46 20681.4 0 0
61 213 46 20685.6 0 0
60 212 45 20689.8 0 0
58 210 45 20694 0 0
64 205 45 20698.2 0 0
64 208 45 20702.5 0 0
64 206 45 20706.7 0 0
63 205 45 20710.9 0 0
64 204 45 20715.2 0 0
62 214 45 20719.4 0 0
64 213 46 20723.6 0 0
57 210 46 20727.8 0 0
50 203 46 20732 0 0
45 199 46 20736.2 0 0
50 200 45 20740.4 0 0
44 192 45 20744.6 0 0
50 189 45 20749 0 0
52 182 45 20753.2 0 0
51 187 45 20757.4 0 0
47 190 45 20761.6 0 0
49 192 45 20765.8 0 0
47 193 45 20770 0 0
47 194 44 20774.2 0 0
44 196 45 20778.5 0 0
42 191 45 20782.7 0 0
50 191 45 20787 0 0
44 188 45 20791.2 0 0
45 186 45 20795.4 0 0
45 188 45 20799.6 0 0
43 188 45 20803.8 0 0
49 189 45 20808 0 0
44 189 45 20812.2 0 0
48 188 45 20816.5 0 0
45 189 44 20820.7 0 0
45 190 45 20824.9 0 0
48 187 44 20829.1 0 0
47 188 44 20833.3 0 0
45 189 44 20837.5 0 0
43 185 44 20841.8 0 0
44 188 44 20846 0 0
45 183 44 20850.2 0 0
46 188 44 20854.4 0 0
45 188 45 20858.6 0 0
45 184 44 20862.8 0 0
46 188 44 20867.1 0 0
46 189 45 20871.3 0 0
45 189 44 20875.5 0 0
46 188 44 20879.7 0 0
48 188 45 20884 0 0
45 188 44 20888.2 0 0
45 188 44 20892.4 0 0
46 186 44 20896.6 0 0
45 186 44 20900.8 0 0
44 186 45 20905 0 0
44 184 44 20909.2 0 0
45 184 44 20913.5 0 0
48 187 44 20917.7 0 0
46 184 44 20921.9 0 0
56 185 44 20926.1 0 0
69 176 44 20930.3 0 0
66 162 44 20934.6 0 0
73 157 44 20938.8 0 0
70 158 44 20943 0 0
66 150 45 20947.2 0 0
67 153 45 20951.4 0 0
63 150 45 20955.6 0 0
61 152 45 20959.9 0 0
57 151 44 20964.1 0 0
58 147 44 20968.5 0 0
66 151 44 20972.8 0 0
66 150 44 20977 0 0
73 149 44 20981.2 0 0
68 148 44 20985.3 0 0
70 147 45 20989.6 0 0
68 146 44 20993.8 0 0
66 146 44 20998 0 0
65 148 44 21002.2 0 0
63 143 44 21006.4 0 0
63 143 44 21010.6 0 0
63 146 44 21015 0 0
64 143 43 21019.2 0 0
67 140 44 21023.4 0 0
74 141 44 21027.6 0 0
85 135 44 21031.9 0 0
97 126 44 21036.1 0 0
92 121 45 21040.3 0 0
85 118 44 21044.5 0 0
83 110 44 21048.7 0 0
84 113 44 21055.7 0 0
86 111 43 21059.9 0 0
87 115 43 21064.1 0 0
88 113 43 21068.4 0 0
91 118 44 21072.6 0 0
89 116 43 21076.8 0 0
90 114 43 21081 0 0
88 115 43 21085.2 0 0
90 114 43 21089.4 0 0
87 114 43 21093.7 0 0
89 111 43 21097.9 0 0
86 110 43 21102.1 0 0
91 112 43 21106.3 0 0
89 105 43 21110.5 0 0
93 97 43 21114.8 0 0
93 86 43 21119 0 0
94 81 43 21123.2 0 0
86 81 43 21127.4 0 0
87 77 43 21131.6 0 0
88 76 43 21135.8 0 0
93 73 43 21140 0 0
98 72 43 21144.2 0 0
97 72 43 21148.5 0 0
102 70 43 21152.7 0 0
104 69 43 21156.9 0 0
104 70 43 21161.1 0 0
104 71 43 21165.3 0 0
96 67 43 21172.3 0 0
100 67 43 21176.5 0 0
96 66 43 21180.8 0 0
100 60 43 21185 0 0
101 63 43 21189.2 0 0
99 61 43 21193.4 0 0
99 61 43 21197.6 0 0
101 62 43 21201.8 0 0
99 65 43 21206 0 0
101 66 43 21210.3 0 0
102 65 43 21214.5 0 0
98 66 43 21218.8 0 0
97 62 43 21223 0 0
99 67 43 21227.2 0 0
98 62 43 21231.4 0 0
99 61 43 21235.6 0 0
98 59 43 21239.8 0 0
99 65 43 21244.1 0 0
98 62 43 21248.3 0 0
102 61 43 21252.6 0 0
103 64 43 21256.8 0 0
113 58 43 21261 0 0
130 54 43 21265.2 0 0
133 52 43 21272.2 0 0
132 53 43 21276.5 0 0
128 51 42 21280.7 0 0
132 58 42 21284.9 0 0
125 55 42 21289.1 0 0
127 51 42 21293.3 0 0
128 52 42 21297.5 0 0
133 52 42 21301.7 0 0
136 55 43 21305.9 0 0
133 54 43 21310.2 0 0
136 53 43 21314.3 0 0
134 53 43 21318.6 0 0
134 53 43 21322.8 0 0
135 58 43 21327 0 0
133 57 43 21331.2 0 0
133 60 42 21335.4 0 0
133 51 42 21339.7 0 0
133 51 43 21343.9 0 0
138 52 43 21348.1 0 0
153 52 44 21352.3 0 0
159 46 44 21356.5 0 0
169 47 44 21360.8 0 0
178 50 43 21365 0 0
185 55 41 21369.2 0 0
181 52 40 21376.1 0 0
171 43 41 21384.6 0 0
179 56 42 21392.9 0 0
183 58 43 21401.3 0 0
186 60 42 21409.6 0 0
186 60 42 21417.8 0 0
184 57 41 21425.2 0 0
182 56 41 21429.4 0 0
184 54 41 21434.6 0 0
177 51 41 21438.8 0 0
178 53 41 21443 0 0
178 50 41 21447.2 0 0
180 50 41 21451.5 0 0
183 52 42 21455.7 0 0
177 48 41 21459.9 0 0
178 51 41 21464.1 0 0
177 52 41 21468.3 0 0
180 53 42 21472.5 0 0
180 59 41 21476.8 0 0
179 53 42 21481 0 0
180 60 41 21485.2 0 0
178 57 42 21489.4 0 0
178 58 41 21493.6 0 0
181 60 41 21498 0 0
179 59 41 21502.2 0 0
180 58 41 21506.4 0 0
179 56 41 21510.6 0 0
180 53 42 21514.8 0 0
181 58 41 21522 0 0
181 58 41 21530.2 0 0
177 58 41 21534.9 0 0
182 57 42 21539.1 0 0
179 56 42 21543.3 0 0
181 58 41 21547.5 0 0
185 58 42 21551.8 0 0
181 59 41 21556 0 0
182 59 42 21560.2 0 0
183 58 42 21564.4 0 0
180 55 42 21568.6 0 0
180 55 42 21572.8 0 0
180 56 42 21577 0 0
181 56 42 21581.2 0 0
179 57 41 21585.5 0 0
182 60 42 21589.7 0 0
183 59 42 21593.9 0 0
179 58 42 21598.2 0 0
180 57 42 21602.4 0 0
180 57 42 21606.6 0 0
176 57 42 21612.7 0 0
179 57 42 21616.9 0 0
180 58 42 21621.2 0 0
179 59 42 21625.4 0 0
176 57 42 21629.6 0 0
182 52 42 21633.9 0 0
181 58 42 21638.1 0 0
186 56 42 21642.3 0 0
182 51 42 21646.5 0 0
181 51 42 21650.7 0 0
184 55 42 21655 0 0
181 56 42 21659.2 0 0
177 54 42 21663.4 0 0
184 61 42 21667.6 0 0
181 55 42 21671.8 0 0
183 56 41 21676.1 0 0
179 55 42 21680.3 0 0
180 58 42 21684.6 0 0
169 49 42 21688.8 0 0
162 56 42 21693 0 0
149 66 43 21697.2 0 0
139 76 43 21701.4 0 0
122 86 43 21705.6 0 0
110 97 43 21709.8 0 0
102 108 43 21714 0 0
94 118 44 21718.3 0 0
84 123 43 21722.5 0 0
78 121 44 21726.7 0 0
70 126 44 21730.9 0 0
60 134 43 21735.1 0 0
59 135 43 21739.3 0 0
48 146 43 21743.6 0 0
40 145 43 21747.8 0 0
36 146 42 21752 0 0
37 163 41 21756.2 0 0
41 168 41 21760.4 0 0
39 171 41 21764.6 0 0
40 171 41 21768.8 0 0
40 173 41 21773.1 0 0
36 174 42 21777.3 0 0
40 179 42 21781.5 0 0
37 174 42 21785.8 0 0
36 177 41 21790 0 0
39 176 42 21794.2 0 0
41 176 42 21798.3 0 0
41 174 42 21802.6 0 0
37 177 41 21806.8 0 0
41 174 41 21811 0 0
37 177 42 21815.2 0 0
42 175 41 21819.4 0 0
41 179 42 21823.6 0 0
41 174 41 21827.8 0 0
43 177 42 21832.1 0 0
43 176 42 21836.3 0 0
39 176 41 21840.5 0 0
41 172 41 21844.7 0 0
38 174 41 21849 0 0
40 170 41 21853.2 0 0
42 171 41 21857.4 0 0
37 170 42 21861.6 0 0
39 176 41 21865.8 0 0
40 173 42 21870 0 0
40 176 42 21874.3 0 0
42 179 41 21878.7 0 0
39 172 42 21883 0 0
43 175 41 21887.2 0 0
36 176 42 21891.3 0 0
42 172 42 21895.6 0 0
41 177 41 21899.8 0 0
41 174 42 21904 0 0
40 176 41 21908.3 0 0
38 175 41 21912.5 0 0
40 172 42 21916.7 0 0
41 173 42 21920.9 0 0
39 171 42 21925.1 0 0
40 173 42 21929.3 0 0
41 171 42 21934 0 0
40 174 42 21938.3 0 0
37 178 42 21942.5 0 0
39 172 42 21946.7 0 0
40 172 42 21950.9 0 0
41 174 42 21955.1 0 0
36 173 42 21959.3 0 0
40 171 42 21963.5 0 0
43 173 42 21967.7 0 0
39 173 42 21972 0 0
43 171 42 21976.2 0 0
35 172 42 21980.4 0 0
35 175 42 21984.6 0 0
28 174 42 21988.8 0 0
31 177 42 21993 0 0
29 175 41 21997.3 0 0
28 178 42 22001.5 0 0
33 174 42 22005.7 0 0
32 177 42 22009.9 0 0
34 175 42 22014.1 0 0
31 178 42 22018.3 0 0
30 180 42 22022.6 0 0
33 179 42 22026.8 0 0
