127 122 33 28033.1 0 0
127 120 33 28037.3 0 0
127 125 34 28041.5 0 0
128 121 34 28045.8 0 0
126 116 33 28050 0 0
126 125 33 28054.2 0 0
127 122 34 28058.4 0 0
126 121 34 28062.6 0 0
126 127 33 28066.8 0 0
127 121 34 28071.1 0 0
128 125 34 28075.3 0 0
129 122 34 28079.5 0 0
128 124 33 28083.8 0 0
129 120 34 28088 0 0
129 120 34 28092.2 0 0
126 122 34 28096.5 0 0
129 118 34 28100.7 0 0
127 122 34 28104.9 0 0
128 118 34 28109.1 0 0
127 124 34 28113.9 0 0
128 122 35 28118.1 0 0
124 123 34 28122.3 0 0
126 120 34 28126.5 0 0
126 120 34 28130.7 0 0
127 121 35 28135.2 0 0
126 121 34 28139.4 0 0
128 117 34 28143.6 0 0
127 122 34 28147.8 0 0
127 121 34 28152 0 0
128 121 34 28156.3 0 0
126 123 34 28160.5 0 0
126 126 34 28164.7 0 0
128 125 34 28168.9 0 0
127 126 34 28173.2 0 0
131 119 34 28177.4 0 0
126 124 34 28181.6 0 0
129 122 35 28185.8 0 0
128 121 35 28190 0 0
127 121 34 28194.3 0 0
126 126 35 28198.5 0 0
127 121 35 28202.8 0 0
130 121 35 28207 0 0
126 120 35 28211.2 0 0
126 124 35 28215.4 0 0
126 122 35 28219.6 0 0
128 120 35 28223.8 0 0
126 122 35 28228.1 0 0
127 122 35 28232.3 0 0
128 122 35 28236.5 0 0
126 123 35 28240.7 0 0
127 122 36 28244.9 0 0
127 120 35 28249.2 0 0
127 122 35 28253.4 0 0
125 124 35 28257.6 0 0
129 120 35 28261.8 0 0
129 120 35 28266.1 0 0
128 115 35 28270.3 0 0
129 124 35 28274.5 0 0
127 118 35 28278.7 0 0
128 125 35 28282.9 0 0
127 122 35 28287.2 0 0
129 121 35 28291.4 0 0
127 122 34 28295.6 0 0
127 122 35 28299.8 0 0
128 117 35 28304 0 0
130 122 36 28308.2 0 0
129 120 35 28312.5 0 0
128 119 35 28316.7 0 0
129 122 34 28320.9 0 0
127 120 35 28325.2 0 0
127 124 34 28329.4 0 0
127 120 35 28333.6 0 0
128 126 34 28337.8 0 0
129 120 34 28342 0 0
131 120 35 28346.2 0 0
127 125 35 28350.5 0 0
126 123 35 28354.8 0 0
127 129 35 28359 0 0
127 124 35 28363.5 0 0
127 125 35 28367.7 0 0
126 124 35 28371.9 0 0
127 115 35 28376.1 0 0
124 115 36 28380.3 0 0
125 114 34 28384.6 0 0
128 109 35 28388.8 0 0
130 111 35 28393 0 0
128 109 35 28397.2 0 0
131 113 35 28401.4 0 0
128 108 35 28405.6 0 0
126 113 36 28409.8 0 0
129 110 35 28414.1 0 0
129 111 35 28418.4 0 0
131 112 34 28422.6 0 0
128 108 34 28426.8 0 0
128 110 35 28431 0 0
129 109 35 28435.2 0 0
130 109 34 28439.5 0 0
131 112 34 28443.7 0 0
129 113 34 28447.9 0 0
129 113 34 28452.2 0 0
129 112 33 28456.4 0 0
126 110 34 28460.6 0 0
129 111 33 28464.8 0 0
132 108 33 28469 0 0
131 112 34 28473.2 0 0
128 108 33 28477.4 0 0
129 113 33 28481.7 0 0
131 112 32 28485.9 0 0
126 113 33 28490.1 0 0
131 106 33 28494.3 0 0
124 112 32 28498.5 0 0
131 109 33 28503.1 0 0
129 109 32 28507.3 0 0
132 108 32 28511.5 0 0
132 111 32 28515.7 0 0
129 114 32 28520 0 0
131 111 30 28524.2 0 0
128 115 31 28528.4 0 0
129 118 32 28532.6 0 0
132 112 31 28536.8 0 0
130 105 32 28541 0 0
130 105 0 28545.3 0 0
131 118 30 28549.5 0 0
131 118 0 28553.7 0 0
131 118 0 28557.9 0 0
135 116 29 28562.1 0 0
135 116 0 28569 0 0
135 116 0 28573.2 0 0
135 116 0 28577.4 0 0
135 116 0 28581.7 0 0
135 116 0 28585.8 0 0
135 116 0 28590 0 0
135 116 0 28594.3 0 0
135 116 0 28598.5 0 0
135 116 0 28602.8 0 0
131 91 22 28607 0 0
131 91 0 28611.4 0 0
116 170 25 28615.6 0 0
116 170 0 28619.8 0 0
116 170 0 28624 0 0
116 170 0 28628.2 0 0
116 170 0 28632.5 0 0
116 170 0 28636.8 0 0
116 170 0 28641 0 0
130 122 27 28645.2 0 0
122 92 24 28649.4 0 0
122 92 0 28653.6 0 0
122 92 0 28657.8 0 0
122 92 0 28662 0 0
122 92 0 28666.2 0 0
122 92 0 28672.5 0 0
122 92 0 28676.7 0 0
122 92 0 28680.9 0 0
122 92 0 28685.1 0 0
136 90 27 28689.4 0 0
136 90 0 28693.6 0 0
136 90 0 28697.8 0 0
136 90 0 28702.1 0 0
136 90 0 28706.3 0 0
131 114 24 28710.5 0 0
131 114 0 28714.7 0 0
128 116 28 28718.9 0 0
128 116 0 28723.1 0 0
128 116 0 28727.3 0 0
132 115 28 28731.6 0 0
131 114 27 28735.8 0 0
131 114 0 28740 0 0
131 114 0 28744.2 0 0
131 114 0 28748.5 0 0
130 114 29 28752.7 0 0
130 114 0 28756.9 0 0
130 114 0 28761.1 0 0
130 114 0 28765.3 0 0
130 114 0 28769.6 0 0
137 124 26 28773.8 0 0
137 124 0 28778 0 0
137 124 0 28782.2 0 0
137 124 0 28786.5 0 0
137 124 0 28790.7 0 0
137 124 0 28795 0 0
137 124 0 28799.2 0 0
137 124 0 28803.4 0 0
137 124 0 28807.6 0 0
137 124 0 28811.8 0 0
137 124 0 28816.2 0 0
137 124 0 28820.4 0 0
137 124 0 28827 0 0
137 124 0 28831.2 0 0
137 124 0 28835.5 0 0
137 124 0 28839.7 0 0
137 124 0 28843.9 0 0
137 124 0 28848.2 0 0
137 124 0 28852.4 0 0
137 124 0 28856.6 0 0
137 124 0 28860.8 0 0
137 124 0 28865 0 0
137 124 0 28869.2 0 0
137 124 0 28873.4 0 0
137 124 0 28877.7 0 0
137 124 0 28881.9 0 0
137 124 0 28886.1 0 0
137 124 0 28890.3 0 0
137 124 0 28894.5 0 0
137 124 0 28898.8 0 0
137 124 0 28903 0 0
137 124 0 28907.2 0 0
137 124 0 28911.4 0 0
137 124 0 28915.7 0 0
137 124 0 28919.9 0 0
137 124 0 28924.1 0 0
137 124 0 28928.3 0 0
137 124 0 28932.5 0 0
137 124 0 28936.7 0 0
137 124 0 28940.9 0 0
137 124 0 28945.1 0 0
137 124 0 28949.5 0 0
137 124 0 28956.3 0 0
132 133 30 28960.5 0 0
128 121 29 28964.7 0 0
130 98 31 28969 0 0
128 99 30 28973.2 0 0
127 95 31 28977.4 0 0
125 94 31 28981.7 0 0
126 83 31 28985.9 0 0
124 79 31 28990.1 0 0
127 75 30 28994.3 0 0
127 74 30 28998.5 0 0
125 72 31 29002.7 0 0
127 74 32 29006.9 0 0
126 74 31 29011.2 0 0
126 74 31 29015.4 0 0
127 73 31 29019.6 0 0
124 74 31 29023.8 0 0
126 71 31 29028 0 0
123 78 31 29032.2 0 0
125 68 32 29036.5 0 0
130 76 31 29040.7 0 0
128 73 31 29044.9 0 0
124 75 31 29049.2 0 0
125 75 32 29053.3 0 0
124 73 32 29060.4 0 0
126 76 32 29064.6 0 0
127 72 32 29068.8 0 0
126 72 32 29073.1 0 0
125 76 31 29077.3 0 0
128 75 31 29081.5 0 0
127 75 32 29085.7 0 0
127 75 31 29089.9 0 0
125 73 31 29094.2 0 0
126 74 31 29098.4 0 0
126 75 32 29102.6 0 0
125 75 31 29106.8 0 0
126 75 32 29111.1 0 0
128 73 31 29115.3 0 0
124 76 31 29119.5 0 0
126 72 32 29123.7 0 0
125 71 32 29128 0 0
126 71 31 29132.2 0 0
127 72 32 29137 0 0
126 71 32 29141.3 0 0
125 74 32 29147.8 0 0
125 73 32 29152 0 0
125 71 32 29156.2 0 0
127 73 32 29160.5 0 0
128 76 32 29164.7 0 0
127 73 32 29168.9 0 0
123 70 33 29173.1 0 0
117 66 33 29177.3 0 0
107 58 33 29181.5 0 0
103 52 32 29185.7 0 0
94 49 32 29190 0 0
79 35 32 29194.2 0 0
72 31 31 29198.4 0 0
59 27 32 29202.6 0 0
62 24 32 29206.8 0 0
62 24 30 29211 0 0
62 24 31 29215.3 0 0
62 24 31 29219.5 0 0
62 24 31 29223.7 0 0
62 24 31 29227.9 0 0
62 24 31 29232.2 0 0
49 14 31 29236.4 0 0
48 15 31 29240.6 0 0
48 16 31 29244.8 0 0
47 15 31 29249 0 0
45 16 31 29253.2 0 0
48 15 31 29257.5 0 0
48 15 31 29261.7 0 0
44 22 30 29266 0 0
45 17 31 29270.2 0 0
43 19 31 29274.4 0 0
42 21 31 29278.6 0 0
42 19 30 29282.8 0 0
42 18 30 29287 0 0
42 19 30 29291.3 0 0
43 19 31 29295.5 0 0
42 19 30 29299.7 0 0
42 19 30 29303.9 0 0
42 19 30 29308.1 0 0
41 20 31 29312.3 0 0
43 19 30 29316.5 0 0
43 19 30 29320.8 0 0
43 19 30 29325 0 0
43 19 31 29329.2 0 0
48 15 31 29333.4 0 0
48 15 30 29337.6 0 0
43 18 30 29341.8 0 0
47 15 30 29346.1 0 0
47 15 30 29350.3 0 0
44 18 30 29354.5 0 0
50 13 31 29358.7 0 0
45 17 30 29363 0 0
40 23 31 29367.2 0 0
39 23 30 29371.4 0 0
41 19 30 29375.6 0 0
48 14 30 29379.8 0 0
48 14 31 29384.1 0 0
43 16 30 29388.3 0 0
47 15 29 29392.5 0 0
49 16 30 29396.7 0 0
70 22 31 29400.9 0 0
71 19 30 29405.1 0 0
71 19 29 29409.4 0 0
73 19 31 29413.6 0 0
73 19 30 29417.8 0 0
72 19 30 29422 0 0
70 20 29 29426.2 0 0
72 20 30 29430.5 0 0
68 21 30 29445.6 0 0
72 20 29 29449.8 0 0
70 20 30 29454 0 0
68 22 30 29458.3 0 0
68 23 30 29462.5 0 0
68 22 29 29466.7 0 0
71 18 29 29477.4 0 0
68 20 30 29481.7 0 0
67 21 29 29486 0 0
68 20 30 29490.2 0 0
69 20 29 29494.4 0 0
70 22 30 29498.6 0 0
70 22 30 29502.8 0 0
73 21 30 29507 0 0
71 22 30 29511.2 0 0
73 19 29 29515.5 0 0
72 19 30 29519.7 0 0
71 19 29 29523.9 0 0
73 20 30 29530.7 0 0
71 19 29 29535 0 0
75 18 29 29539.2 0 0
71 19 29 29543.4 0 0
76 16 29 29547.7 0 0
73 17 29 29551.9 0 0
73 16 28 29556.1 0 0
72 19 29 29560.3 0 0
71 19 29 29564.5 0 0
73 19 29 29568.7 0 0
70 22 28 29573 0 0
70 21 28 29577.2 0 0
72 20 29 29581.4 0 0
76 18 29 29585.6 0 0
68 22 28 29589.9 0 0
73 18 29 29594.5 0 0
74 22 29 29598.7 0 0
76 18 29 29603 0 0
75 16 28 29609.7 0 0
71 20 29 29613.9 0 0
75 19 29 29618.2 0 0
75 19 29 29622.4 0 0
75 16 29 29626.6 0 0
72 19 29 29630.8 0 0
73 18 30 29635.1 0 0
74 17 29 29639.3 0 0
73 18 29 29643.5 0 0
74 16 29 29647.7 0 0
71 17 28 29651.9 0 0
75 17 29 29656.1 0 0
73 18 28 29660.3 0 0
73 19 28 29664.6 0 0
73 16 29 29668.8 0 0
72 19 29 29673.4 0 0
73 19 28 29677.7 0 0
72 18 28 29681.9 0 0
73 17 29 29686.1 0 0
71 20 29 29690.3 0 0
74 17 28 29694.5 0 0
70 18 28 29701.3 0 0
71 19 28 29705.5 0 0
71 21 29 29709.8 0 0
74 18 29 29714 0 0
74 18 28 29718.3 0 0
72 17 28 29722.5 0 0
75 17 29 29726.7 0 0
76 16 28 29731.5 0 0
75 18 29 29735.8 0 0
71 19 28 29740 0 0
72 20 28 29744.2 0 0
74 17 28 29748.4 0 0
72 19 29 29752.6 0 0
72 19 29 29756.8 0 0
70 19 28 29764 0 0
74 20 28 29772.2 0 0
75 20 29 29780.5 0 0
97 22 30 29789 0 0
120 40 29 29797 0 0
120 40 29 29805.5 0 0
125 43 30 29812.9 0 0
118 44 29 29817.1 0 0
121 42 31 29822 0 0
120 42 30 29826.2 0 0
120 46 29 29830.5 0 0
121 41 29 29834.7 0 0
117 45 29 29838.8 0 0
121 41 30 29843 0 0
123 43 30 29847.3 0 0
121 43 30 29851.5 0 0
124 41 30 29855.7 0 0
122 43 31 29859.9 0 0
121 44 30 29864.2 0 0
122 45 30 29868.4 0 0
120 44 30 29872.6 0 0
121 42 30 29876.8 0 0
121 46 30 29881.1 0 0
124 39 31 29885.4 0 0
124 43 30 29889.6 0 0
119 42 30 29893.8 0 0
122 41 30 29898 0 0
124 42 30 29902.2 0 0
120 44 31 29906.4 0 0
121 40 31 29910.7 0 0
122 42 31 29914.9 0 0
122 41 30 29919.1 0 0
122 44 31 29923.3 0 0
124 42 31 29927.5 0 0
120 42 31 29934.3 0 0
125 42 31 29938.6 0 0
119 44 31 29942.8 0 0
121 43 31 29947 0 0
125 41 32 29951.3 0 0
121 43 31 29955.5 0 0
123 44 31 29959.7 0 0
125 39 31 29963.9 0 0
120 42 30 29968.1 0 0
122 44 31 29972.3 0 0
122 45 31 29976.5 0 0
124 53 31 29981.1 0 0
130 57 31 29985.3 0 0
130 65 33 29989.5 0 0
133 69 31 29993.7 0 0
129 72 31 29997.9 0 0
129 77 32 30002.2 0 0
128 74 31 30006.4 0 0
128 74 31 30010.6 0 0
128 73 31 30016 0 0
128 74 32 30020.2 0 0
130 72 32 30024.4 0 0
127 70 31 30028.6 0 0
131 72 31 30032.9 0 0
129 75 31 30037.1 0 0
128 74 32 30041.3 0 0
130 74 31 30045.5 0 0
129 73 31 30049.8 0 0
130 71 32 30054 0 0
126 76 32 30058.2 0 0
125 81 32 30062.4 0 0
129 74 32 30066.6 0 0
129 74 32 30070.8 0 0
131 74 31 30075.1 0 0
132 74 32 30079.3 0 0
127 73 32 30083.5 0 0
130 74 32 30087.7 0 0
131 81 32 30091.9 0 0
130 78 32 30096.1 0 0
129 76 32 30100.3 0 0
126 78 33 30104.6 0 0
128 77 31 30108.8 0 0
131 76 33 30113.1 0 0
127 82 32 30117.3 0 0
130 78 32 30121.5 0 0
129 79 33 30125.7 0 0
129 75 32 30130 0 0
129 75 32 30134.2 0 0
128 76 32 30138.4 0 0
128 79 32 30142.7 0 0
131 76 33 30146.9 0 0
130 77 32 30151.1 0 0
128 78 33 30155.3 0 0
131 74 32 30159.5 0 0
127 77 33 30163.7 0 0
129 77 33 30168 0 0
129 77 32 30172.2 0 0
129 79 33 30176.4 0 0
129 74 33 30180.6 0 0
127 78 33 30184.8 0 0
127 77 32 30189 0 0
128 76 33 30193.3 0 0
127 77 33 30197.5 0 0
127 77 32 30201.8 0 0
129 73 33 30206 0 0
129 79 33 30210.2 0 0
127 75 33 30214.4 0 0
127 80 32 30218.6 0 0
128 76 32 30222.8 0 0
129 78 33 30227 0 0
130 77 33 30231.3 0 0
129 74 33 30235.6 0 0
129 79 33 30239.8 0 0
128 78 33 30244 0 0
127 83 33 30248.2 0 0
124 90 33 30252.4 0 0
123 102 32 30256.6 0 0
117 119 32 30260.8 0 0
110 127 32 30265 0 0
106 135 32 30269.2 0 0
99 153 31 30273.5 0 0
95 157 33 30277.7 0 0
90 173 32 30281.9 0 0
91 188 34 30286.1 0 0
91 190 33 30290.3 0 0
91 199 33 30294.5 0 0
90 196 33 30298.8 0 0
89 197 33 30303 0 0
89 193 34 30307.2 0 0
94 196 33 30311.4 0 0
90 200 33 30315.6 0 0
89 198 33 30319.8 0 0
86 199 32 30324 0 0
88 199 32 30328.3 0 0
89 198 32 30332.5 0 0
87 201 32 30336.7 0 0
89 199 32 30340.9 0 0
87 198 33 30345.1 0 0
86 201 33 30349.3 0 0
91 197 33 30353.5 0 0
88 196 32 30357.8 0 0
87 200 32 30362.3 0 0
85 201 33 30366.5 0 0
87 199 32 30370.7 0 0
85 199 33 30374.9 0 0
89 200 32 30379.1 0 0
88 197 33 30383.4 0 0
85 199 33 30387.6 0 0
89 198 33 30391.8 0 0
92 198 33 30396 0 0
89 200 33 30400.2 0 0
86 195 33 30404.4 0 0
87 202 33 30408.7 0 0
89 198 33 30412.9 0 0
87 201 32 30417.1 0 0
87 197 33 30421.4 0 0
85 200 32 30425.6 0 0
89 200 33 30429.8 0 0
83 198 33 30434 0 0
89 196 32 30438.2 0 0
88 195 33 30442.4 0 0
87 202 33 30446.7 0 0
91 195 33 30450.9 0 0
86 199 32 30455.1 0 0
87 200 33 30459.3 0 0
89 195 32 30463.5 0 0
86 201 33 30467.7 0 0
87 203 33 30471.9 0 0
86 196 33 30476.1 0 0
89 195 32 30480.4 0 0
88 198 32 30484.6 0 0
86 199 32 30488.8 0 0
88 193 32 30493 0 0
93 189 33 30497.2 0 0
95 180 33 30501.4 0 0
99 166 33 30505.6 0 0
105 146 32 30509.9 0 0
110 142 31 30514.1 0 0
110 142 0 30518.3 0 0
119 130 31 30522.5 0 0
118 116 31 30526.8 0 0
120 109 32 30531 0 0
119 101 32 30535.2 0 0
120 96 32 30539.4 0 0
122 90 32 30543.7 0 0
122 90 32 30547.9 0 0
123 92 32 30552.1 0 0
123 92 33 30556.3 0 0
121 91 32 30560.5 0 0
122 90 32 30564.7 0 0
123 91 32 30568.9 0 0
123 92 32 30573.1 0 0
122 89 32 30577.3 0 0
121 86 32 30581.6 0 0
121 89 32 30585.8 0 0
123 89 32 30590 0 0
121 92 32 30594.2 0 0
125 93 32 30598.4 0 0
124 91 32 30602.7 0 0
121 94 32 30606.9 0 0
124 88 32 30611.1 0 0
120 90 32 30615.3 0 0
121 87 32 30619.5 0 0
122 88 32 30623.8 0 0
122 87 32 30628 0 0
121 85 33 30632.2 0 0
120 93 32 30636.4 0 0
120 90 32 30640.7 0 0
120 90 32 30644.9 0 0
123 85 32 30649.1 0 0
121 93 31 30653.3 0 0
124 85 31 30657.5 0 0
120 92 31 30661.7 0 0
124 90 31 30665.9 0 0
121 89 31 30670.2 0 0
122 87 31 30674.4 0 0
121 90 32 30678.6 0 0
123 85 31 30682.8 0 0
123 92 31 30687 0 0
120 89 31 30691.3 0 0
124 87 31 30695.7 0 0
130 82 31 30699.9 0 0
131 83 32 30704.1 0 0
128 78 32 30708.3 0 0
127 84 31 30712.5 0 0
127 80 32 30716.8 0 0
129 80 31 30721 0 0
129 82 31 30725.2 0 0
128 82 31 30729.5 0 0
128 82 32 30733.7 0 0
128 79 31 30737.9 0 0
128 88 31 30742.1 0 0
131 84 31 30746.3 0 0
130 83 31 30750.6 0 0
130 79 30 30754.8 0 0
125 82 31 30759 0 0
129 82 31 30763.3 0 0
129 80 30 30767.5 0 0
129 78 31 30771.7 0 0
130 77 31 30775.9 0 0
129 78 31 30780.1 0 0
131 81 31 30784.3 0 0
130 79 30 30788.5 0 0
125 82 31 30792.8 0 0
129 79 30 30797 0 0
129 87 30 30801.2 0 0
129 77 31 30805.4 0 0
128 80 30 30809.6 0 0
129 83 30 30813.8 0 0
127 85 30 30818.1 0 0
130 80 30 30822.3 0 0
128 81 29 30826.6 0 0
127 82 30 30830.8 0 0
128 78 30 30835 0 0
128 80 30 30839.2 0 0
127 79 30 30843.4 0 0
126 86 30 30847.6 0 0
127 83 30 30851.8 0 0
134 77 30 30856.1 0 0
134 77 0 30860.3 0 0
145 75 30 30864.5 0 0
151 67 30 30868.7 0 0
154 61 31 30872.9 0 0
158 61 31 30877.1 0 0
166 51 31 30881.3 0 0
171 43 31 30885.6 0 0
171 43 0 30889.8 0 0
171 43 0 30894 0 0
177 60 31 30898.2 0 0
177 60 0 30902.4 0 0
177 57 32 30906.7 0 0
176 56 32 30910.9 0 0
175 61 31 30915.1 0 0
176 55 31 30919.8 0 0
177 54 31 30924.2 0 0
179 56 31 30928.6 0 0
176 54 31 30932.8 0 0
178 54 31 30937 0 0
179 52 31 30941.3 0 0
176 51 31 30945.5 0 0
175 61 31 30949.7 0 0
177 49 31 30954 0 0
177 49 0 30958.2 0 0
175 55 31 30962.4 0 0
175 57 31 30966.6 0 0
177 61 31 30970.8 0 0
176 55 31 30975 0 0
177 57 32 30979.2 0 0
176 57 31 30983.5 0 0
176 62 32 30987.7 0 0
180 53 32 30991.9 0 0
177 56 31 30996.1 0 0
178 56 31 31000.3 0 0
176 54 32 31004.5 0 0
173 48 32 31008.8 0 0
176 55 33 31013 0 0
177 53 33 31017.2 0 0
176 57 32 31021.5 0 0
175 52 32 31025.7 0 0
173 53 32 31029.9 0 0
175 53 33 31034.1 0 0
173 56 32 31038.3 0 0
174 52 32 31042.5 0 0
177 51 33 31046.8 0 0
173 52 33 31051 0 0
178 56 32 31055.2 0 0
175 56 33 31059.4 0 0
175 52 32 31063.6 0 0
175 54 32 31067.8 0 0
174 53 32 31072 0 0
177 54 33 31076.2 0 0
178 51 33 31080.5 0 0
177 55 32 31084.7 0 0
177 54 32 31088.8 0 0
176 53 32 31093 0 0
179 57 32 31097.3 0 0
180 47 31 31101.5 0 0
189 50 32 31106.2 0 0
190 50 32 31110.5 0 0
188 49 32 31114.7 0 0
188 46 31 31118.9 0 0
187 48 32 31123.1 0 0
185 45 32 31127.3 0 0
186 50 31 31131.5 0 0
186 41 32 31135.7 0 0
186 50 32 31140 0 0
187 50 32 31144.2 0 0
188 48 31 31148.4 0 0
190 46 32 31152.6 0 0
185 49 33 31156.8 0 0
188 51 32 31161 0 0
188 55 32 31165.3 0 0
185 52 32 31169.5 0 0
187 50 32 31173.7 0 0
185 50 32 31177.9 0 0
189 53 32 31182.1 0 0
185 54 32 31186.3 0 0
186 52 32 31190.6 0 0
185 50 32 31194.9 0 0
186 48 32 31199.1 0 0
185 57 31 31203.4 0 0
184 51 32 31207.6 0 0
188 53 32 31211.8 0 0
183 47 32 31216 0 0
188 49 33 31220.2 0 0
187 54 32 31224.4 0 0
185 50 32 31228.7 0 0
184 47 32 31232.9 0 0
187 44 31 31237.1 0 0
188 52 32 31241.3 0 0
188 53 32 31245.5 0 0
185 52 32 31249.7 0 0
189 58 32 31253.9 0 0
186 49 32 31258.2 0 0
185 51 32 31262.7 0 0
187 51 32 31266.9 0 0
186 51 32 31271.1 0 0
185 43 32 31275.3 0 0
184 50 32 31279.5 0 0
190 61 32 31283.7 0 0
195 76 32 31287.9 0 0
196 93 31 31292.2 0 0
205 113 31 31296.4 0 0
205 110 31 31300.6 0 0
206 133 31 31304.8 0 0
210 159 29 31309 0 0
206 170 29 31313.2 0 0
208 194 30 31317.5 0 0
209 198 31 31321.7 0 0
216 212 31 31325.9 0 0
218 219 30 31330.1 0 0
218 219 0 31334.3 0 0
218 219 0 31338.5 0 0
218 219 0 31342.7 0 0
224 221 29 31347 0 0
224 221 0 31351.2 0 0
224 221 0 31357.9 0 0
224 221 0 31362.2 0 0
219 222 30 31366.4 0 0
212 204 32 31370.6 0 0
209 207 32 31374.9 0 0
213 220 32 31379.1 0 0
214 216 30 31383.3 0 0
211 203 32 31387.6 0 0
214 210 31 31391.8 0 0
215 213 31 31396 0 0
216 209 31 31400.2 0 0
208 210 31 31404.4 0 0
212 215 31 31408.6 0 0
217 227 31 31412.9 0 0
212 217 31 31417.3 0 0
212 217 0 31421.5 0 0
212 216 31 31425.7 0 0
216 217 32 31429.9 0 0
214 212 32 31434.2 0 0
209 207 31 31438.4 0 0
215 211 31 31449.8 0 0
215 207 31 31454 0 0
219 225 30 31458.3 0 0
219 225 0 31462.5 0 0
219 225 0 31466.7 0 0
219 225 0 31470.9 0 0
219 225 0 31475.1 0 0
219 225 0 31479.3 0 0
219 225 0 31483.6 0 0
222 230 30 31487.8 0 0
220 225 30 31492 0 0
220 225 0 31496.2 0 0
220 234 31 31500.4 0 0
220 234 0 31504.6 0 0
216 221 31 31508.9 0 0
216 221 0 31513.1 0 0
217 222 30 31517.3 0 0
217 222 0 31521.5 0 0
219 233 31 31534.1 0 0
225 237 0 31538.3 0 0
216 224 30 31545.2 0 0
208 201 31 31549.5 0 0
210 204 31 31553.9 0 0
208 209 32 31558.2 0 0
213 214 31 31562.4 0 0
206 210 32 31566.6 0 0
205 201 32 31570.8 0 0
211 200 32 31575.1 0 0
216 208 31 31579.3 0 0
218 195 32 31583.5 0 0
223 195 32 31587.7 0 0
231 191 32 31591.9 0 0
228 175 31 31596.1 0 0
225 168 32 31600.3 0 0
228 161 33 31604.5 0 0
220 155 32 31608.8 0 0
218 147 32 31613 0 0
222 156 32 31617.2 0 0
220 150 32 31621.4 0 0
220 146 32 31625.6 0 0
220 154 33 31629.9 0 0
223 155 31 31634.3 0 0
220 146 32 31638.5 0 0
216 142 32 31645.4 0 0
201 126 33 31649.8 0 0
193 114 34 31654 0 0
191 110 34 31658.2 0 0
187 97 33 31662.5 0 0
182 95 33 31666.7 0 0
180 83 33 31670.9 0 0
184 82 33 31675.1 0 0
184 77 34 31679.3 0 0
184 73 34 31683.5 0 0
184 76 33 31687.7 0 0
183 80 33 31692 0 0
184 78 33 31696.2 0 0
182 78 34 31700.4 0 0
183 73 33 31704.7 0 0
184 71 34 31708.9 0 0
184 80 33 31713.1 0 0
183 78 33 31717.3 0 0
182 76 33 31721.5 0 0
182 79 33 31725.7 0 0
181 75 34 31730 0 0
184 74 32 31734.2 0 0
186 75 32 31741.3 0 0
180 70 32 31745.5 0 0
183 73 33 31749.7 0 0
184 75 33 31753.9 0 0
185 72 32 31758.1 0 0
184 73 31 31762.3 0 0
184 76 32 31766.6 0 0
182 75 32 31770.8 0 0
184 75 32 31775 0 0
185 72 32 31779.2 0 0
182 73 33 31783.4 0 0
185 70 32 31787.7 0 0
186 73 32 31791.9 0 0
184 78 32 31796.1 0 0
186 72 32 31800.3 0 0
185 74 31 31804.5 0 0
182 72 32 31808.8 0 0
184 68 32 31813 0 0
185 74 32 31817.2 0 0
186 70 32 31821.4 0 0
185 77 31 31825.6 0 0
184 73 31 31829.8 0 0
184 73 31 31836.9 0 0
185 63 31 31844.1 0 0
189 60 31 31848.3 0 0
191 61 31 31853.7 0 0
195 58 32 31857.9 0 0
195 58 31 31862.2 0 0
195 58 32 31866.4 0 0
195 58 32 31870.6 0 0
195 58 32 31874.8 0 0
195 58 31 31879 0 0
195 58 31 31883.2 0 0
194 59 32 31887.4 0 0
200 56 32 31891.6 0 0
195 57 32 31895.8 0 0
200 58 31 31900 0 0
199 63 31 31904.2 0 0
198 57 31 31908.5 0 0
198 56 32 31912.7 0 0
197 58 30 31916.9 0 0
201 59 30 31921.1 0 0
199 60 31 31925.6 0 0
198 60 30 31929.8 0 0
198 60 0 31936.6 0 0
200 56 31 31940.8 0 0
199 62 31 31945.1 0 0
200 58 30 31949.8 0 0
199 53 29 31954 0 0
199 53 0 31958.2 0 0
199 53 0 31962.4 0 0
200 65 30 31966.6 0 0
197 55 30 31970.8 0 0
198 64 30 31975 0 0
193 53 30 31979.2 0 0
193 53 0 31983.5 0 0
193 53 0 31987.7 0 0
165 48 30 31991.9 0 0
153 56 31 31996.1 0 0
148 58 30 32000.3 0 0
141 55 30 32004.5 0 0
137 56 30 32008.8 0 0
141 55 30 32013 0 0
146 54 30 32017.2 0 0
146 54 30 32024.2 0 0
144 51 31 32031.6 0 0
141 53 30 32035.8 0 0
137 56 31 32041 0 0
133 56 30 32045.2 0 0
122 50 30 32049.4 0 0
115 50 30 32053.6 0 0
108 49 29 32057.8 0 0
96 39 28 32062 0 0
79 29 29 32066.2 0 0
67 31 28 32070.5 0 0
67 31 29 32074.8 0 0
67 31 27 32079 0 0
39 19 27 32083.2 0 0
36 19 27 32087.4 0 0
35 23 27 32091.6 0 0
28 29 28 32095.8 0 0
31 25 26 32100 0 0
31 26 27 32104.2 0 0
32 27 26 32108.5 0 0
32 25 27 32112.8 0 0
33 26 27 32117 0 0
35 23 27 32121.5 0 0
34 25 26 32125.7 0 0
32 26 26 32132.6 0 0
34 23 27 32137.5 0 0
34 23 27 32141.7 0 0
34 22 27 32145.9 0 0
34 22 28 32150.1 0 0
34 22 27 32154.3 0 0
34 21 27 32158.5 0 0
32 23 27 32162.7 0 0
34 22 27 32167 0 0
34 22 27 32171.2 0 0
33 22 27 32178.3 0 0
33 22 27 32186.6 0 0
33 23 26 32194.8 0 0
33 26 27 32203.1 0 0
33 26 27 32211.5 0 0
32 23 27 32219.1 0 0
36 24 27 32223.3 0 0
34 22 27 32228 0 0
35 25 27 32232.3 0 0
35 25 27 32236.5 0 0
32 28 27 32240.7 0 0
33 25 27 32244.9 0 0
35 25 26 32249.1 0 0
35 25 27 32253.4 0 0
35 21 27 32257.6 0 0
33 28 27 32261.9 0 0
33 27 28 32266.1 0 0
32 29 28 32270.3 0 0
34 27 28 32274.5 0 0
33 27 27 32278.7 0 0
33 28 28 32283 0 0
33 29 28 32287.2 0 0
31 30 28 32291.4 0 0
34 28 28 32295.7 0 0
29 34 27 32299.8 0 0
32 30 28 32304.1 0 0
31 31 28 32308.3 0 0
31 31 27 32312.5 0 0
29 31 27 32316.7 0 0
31 29 27 32320.9 0 0
34 28 28 32325.2 0 0
36 26 28 32329.4 0 0
33 27 28 32336.4 0 0
35 25 28 32340.6 0 0
36 25 28 32344.8 0 0
33 28 28 32349.1 0 0
38 24 29 32353.3 0 0
33 22 28 32357.5 0 0
33 23 28 32361.8 0 0
35 28 29 32366 0 0
34 22 29 32370.2 0 0
36 26 28 32374.4 0 0
34 22 28 32378.6 0 0
33 28 28 32382.8 0 0
32 28 28 32387.1 0 0
34 21 29 32391.3 0 0
33 27 28 32395.5 0 0
33 22 29 32399.7 0 0
35 26 28 32403.9 0 0
34 27 28 32408.1 0 0
34 26 29 32412.3 0 0
32 23 29 32416.5 0 0
36 24 29 32420.8 0 0
32 22 29 32425 0 0
32 23 29 32429.2 0 0
30 24 28 32436.3 0 0
34 21 29 32440.6 0 0
33 23 29 32444.8 0 0
35 21 29 32449 0 0
31 25 29 32453.2 0 0
28 26 29 32457.5 0 0
25 27 29 32461.7 0 0
26 26 29 32465.9 0 0
26 26 29 32470.1 0 0
24 27 29 32474.3 0 0
24 27 29 32478.5 0 0
26 25 29 32482.7 0 0
24 27 29 32487 0 0
23 27 29 32491.2 0 0
27 25 29 32495.4 0 0
26 26 29 32499.6 0 0
22 28 29 32503.8 0 0
26 25 28 32508 0 0
25 26 29 32512.7 0 0
24 27 29 32516.9 0 0
25 26 29 32523.7 0 0
25 26 29 32527.9 0 0
26 26 30 32532.2 0 0
25 26 29 32536.4 0 0
25 26 29 32540.6 0 0
25 26 29 32545 0 0
23 27 29 32549.2 0 0
27 25 29 32553.4 0 0
25 26 28 32557.6 0 0
25 26 28 32561.8 0 0
24 27 29 32566 0 0
25 26 29 32570.2 0 0
26 25 29 32574.8 0 0
25 26 29 32579.1 0 0
27 25 29 32586 0 0
27 25 29 32590.2 0 0
27 25 29 32594.4 0 0
27 25 29 32598.6 0 0
27 25 29 32602.9 0 0
73 21 30 32607.1 0 0
88 23 30 32611.3 0 0
100 21 31 32615.5 0 0
117 24 32 32619.8 0 0
133 35 32 32624 0 0
135 34 32 32628.2 0 0
146 31 32 32632.5 0 0
154 30 33 32637.4 0 0
156 34 33 32641.6 0 0
157 33 34 32648.4 0 0
156 32 33 32652.6 0 0
157 31 33 32657 0 0
159 29 33 32661.2 0 0
156 32 33 32665.5 0 0
158 30 33 32669.7 0 0
156 31 33 32673.9 0 0
156 32 33 32678.1 0 0
155 32 33 32682.3 0 0
157 34 33 32686.5 0 0
157 36 33 32690.8 0 0
157 33 33 32695 0 0
155 37 33 32699.2 0 0
160 30 34 32703.4 0 0
164 30 33 32707.7 0 0
164 30 0 32711.9 0 0
182 34 33 32716 0 0
187 36 33 32720.3 0 0
192 39 33 32724.5 0 0
197 32 33 32728.8 0 0
200 37 33 32733 0 0
197 36 33 32739.8 0 0
201 35 33 32744 0 0
198 33 33 32748.2 0 0
197 36 33 32752.5 0 0
200 32 33 32756.7 0 0
199 34 33 32760.9 0 0
198 30 33 32765.1 0 0
203 36 33 32769.4 0 0
199 38 33 32773.6 0 0
201 35 33 32777.8 0 0
198 38 33 32782 0 0
199 40 33 32786.2 0 0
198 36 33 32790.5 0 0
199 41 33 32794.7 0 0
197 35 33 32798.9 0 0
198 35 33 32803.1 0 0
201 38 33 32807.3 0 0
199 35 33 32811.5 0 0
202 34 33 32815.8 0 0
200 32 33 32820 0 0
198 39 34 32824.2 0 0
197 39 33 32828.4 0 0
197 40 33 32832.6 0 0
198 37 33 32836.8 0 0
197 38 33 32844 0 0
195 32 33 32848.2 0 0
197 36 33 32852.4 0 0
199 41 33 32856.7 0 0
195 40 33 32860.9 0 0
201 40 33 32865.1 0 0
200 36 33 32869.3 0 0
198 42 33 32873.5 0 0
198 38 33 32877.9 0 0
199 34 33 32882.1 0 0
200 38 33 32886.5 0 0
198 36 33 32890.7 0 0
199 40 33 32894.9 0 0
199 38 34 32899.1 0 0
200 45 34 32903.3 0 0
196 41 33 32907.5 0 0
203 43 33 32911.7 0 0
198 45 34 32916 0 0
202 51 33 32920.2 0 0
202 38 34 32927.1 0 0
202 48 33 32935.4 0 0
216 91 32 32943.9 0 0
230 124 30 32952.1 0 0
236 169 26 32960.6 0 0
252 191 30 32968.6 0 0
252 191 30 32977.1 0 0
241 207 31 32984.8 0 0
241 207 0 32989 0 0
241 207 0 32993.8 0 0
245 210 31 32998 0 0
245 219 30 33002.2 0 0
245 219 0 33006.5 0 0
245 219 0 33010.7 0 0
239 188 31 33014.9 0 0
230 180 32 33019.1 0 0
235 191 31 33023.3 0 0
233 194 32 33027.8 0 0
237 191 32 33032.1 0 0
230 180 31 33036.3 0 0
234 190 32 33040.6 0 0
234 198 32 33044.8 0 0
237 193 32 33049 0 0
233 180 32 33053.2 0 0
228 187 31 33057.4 0 0
232 185 32 33061.6 0 0
234 190 31 33068.8 0 0
237 190 31 33077 0 0
235 184 32 33085.4 0 0
235 199 32 33093.7 0 0
235 199 32 33102 0 0
235 193 32 33109.8 0 0
237 201 31 33114 0 0
235 193 31 33118.7 0 0
228 177 32 33122.9 0 0
234 187 32 33127.1 0 0
237 202 31 33131.3 0 0
235 188 31 33135.5 0 0
234 178 31 33139.8 0 0
237 196 32 33144 0 0
236 194 31 33148.2 0 0
231 191 31 33152.4 0 0
238 204 31 33156.9 0 0
238 204 0 33161.1 0 0
238 204 0 33165.4 0 0
257 216 30 33178.1 0 0
258 211 32 33197.9 0 0
260 217 31 33202.1 0 0
260 216 31 33206.3 0 0
260 216 0 33210.6 0 0
244 217 30 33372.4 0 0
244 217 0 33376.7 0 0
244 217 0 33381 0 0
244 217 0 33385.2 0 0
244 217 0 33389.4 0 0
215 221 30 33393.6 0 0
120 231 31 33432.1 0 0
120 231 0 33436.3 0 0
103 215 31 33450 0 0
101 216 31 33454.2 0 0
97 237 31 33460.1 0 0
97 213 30 33464.3 0 0
95 219 30 33468.6 0 0
94 216 31 33472.8 0 0
94 216 31 33477 0 0
94 216 31 33481.2 0 0
91 226 31 33485.4 0 0
96 221 30 33489.7 0 0
95 218 30 33493.8 0 0
96 205 30 33498.1 0 0
96 219 30 33502.3 0 0
95 223 30 33506.5 0 0
94 221 30 33510.7 0 0
94 205 30 33514.9 0 0
95 227 30 33519.1 0 0
94 219 29 33523.3 0 0
87 224 30 33527.5 0 0
93 221 30 33531.7 0 0
96 226 30 33535.9 0 0
93 219 30 33540.2 0 0
91 217 30 33544.4 0 0
90 220 30 33548.6 0 0
88 218 30 33552.9 0 0
80 217 30 33557.1 0 0
76 216 0 33561.3 0 0
71 234 29 33568.5 0 0
73 233 29 33576.7 0 0
72 218 28 33585 0 0
72 208 29 33593.2 0 0
72 208 29 33601.7 0 0
66 234 0 33609.8 0 0
68 222 0 33614 0 0
71 228 29 33618.2 0 0
71 230 28 33622.4 0 0
77 207 28 33630.9 0 0
69 227 29 33635.2 0 0
69 227 0 33639.4 0 0
67 223 28 33643.6 0 0
67 223 0 33647.8 0 0
69 213 29 33656.2 0 0
68 226 30 33660.4 0 0
70 224 30 33664.7 0 0
71 224 29 33668.9 0 0
68 213 28 33673.1 0 0
68 217 29 33677.3 0 0
68 221 29 33681.5 0 0
71 224 30 33685.8 0 0
67 220 30 33690 0 0
71 216 30 33694.2 0 0
72 217 28 33698.4 0 0
66 219 29 33702.6 0 0
71 230 29 33706.8 0 0
72 221 30 33711.1 0 0
72 226 29 33715.3 0 0
69 233 29 33719.5 0 0
67 234 29 33723.7 0 0
67 234 29 33727.9 0 0
59 204 29 33734.8 0 0
54 201 29 33739 0 0
50 198 28 33743.2 0 0
45 194 28 33747.4 0 0
45 191 27 33751.6 0 0
42 193 27 33755.8 0 0
39 191 28 33760.1 0 0
44 193 28 33764.3 0 0
41 199 28 33768.5 0 0
39 198 27 33772.7 0 0
40 197 28 33776.9 0 0
40 195 28 33781.1 0 0
43 195 27 33785.3 0 0
43 195 28 33789.6 0 0
39 198 28 33793.8 0 0
45 192 28 33798 0 0
40 202 28 33802.2 0 0
40 198 28 33806.4 0 0
43 189 28 33810.6 0 0
39 202 27 33815 0 0
41 192 27 33819.3 0 0
42 191 28 33823.6 0 0
42 200 27 33827.8 0 0
42 188 27 33832.1 0 0
40 199 27 33836.3 0 0
40 197 28 33840.5 0 0
44 192 29 33844.7 0 0
44 192 29 33851.7 0 0
39 200 27 33859.8 0 0
41 189 27 33864 0 0
38 201 27 33868.4 0 0
46 189 28 33872.6 0 0
56 181 27 33876.8 0 0
68 170 28 33881 0 0
68 170 0 33885.3 0 0
68 170 0 33889.5 0 0
68 170 0 33893.7 0 0
68 170 0 33897.9 0 0
68 170 0 33902.1 0 0
144 119 21 33906.3 0 0
152 85 27 33910.5 0 0
152 85 0 33914.8 0 0
169 76 30 33919 0 0
169 76 0 33923.2 0 0
169 76 0 33927.4 0 0
169 76 0 33931.6 0 0
195 64 30 33935.8 0 0
191 53 30 33940.1 0 0
191 53 0 33944.3 0 0
191 53 0 33948.5 0 0
191 53 0 33952.7 0 0
193 69 31 33956.9 0 0
193 69 0 33963.8 0 0
193 69 0 33968 0 0
193 69 0 33972.2 0 0
193 69 0 33976.5 0 0
193 69 0 33980.8 0 0
191 61 30 33985 0 0
192 76 30 33989.2 0 0
192 76 0 33993.4 0 0
191 76 31 33997.6 0 0
193 76 31 34002 0 0
196 65 31 34006.2 0 0
191 60 32 34010.5 0 0
196 51 30 34014.7 0 0
195 68 32 34018.9 0 0
189 61 32 34023.1 0 0
190 70 32 34027.3 0 0
193 60 32 34031.5 0 0
187 65 32 34035.8 0 0
194 58 32 34040 0 0
193 67 31 34044.2 0 0
191 64 31 34048.5 0 0
193 61 32 34052.7 0 0
192 67 32 34056.9 0 0
191 61 31 34061.1 0 0
193 64 32 34068.2 0 0
197 68 31 34072.5 0 0
197 71 32 34076.7 0 0
194 67 32 34080.9 0 0
195 64 31 34085.1 0 0
192 64 32 34089.3 0 0
196 68 31 34093.5 0 0
194 66 32 34097.7 0 0
197 64 33 34101.9 0 0
198 66 31 34106.6 0 0
198 66 32 34110.8 0 0
198 61 32 34115 0 0
195 59 33 34119.2 0 0
191 62 32 34123.4 0 0
196 57 32 34127.7 0 0
194 60 33 34131.9 0 0
199 58 32 34136.1 0 0
199 58 32 34140.3 0 0
198 64 33 34144.5 0 0
196 56 32 34148.7 0 0
196 56 32 34155.6 0 0
196 56 31 34159.8 0 0
191 57 32 34164.1 0 0
195 64 32 34168.8 0 0
201 58 31 34173.1 0 0
206 65 31 34177.3 0 0
210 64 32 34181.5 0 0
213 61 32 34185.7 0 0
225 60 31 34189.9 0 0
224 62 31 34194.2 0 0
231 73 31 34198.6 0 0
239 69 30 34202.8 0 0
240 84 31 34207 0 0
233 60 30 34213.8 0 0
237 73 31 34218 0 0
232 71 30 34222.2 0 0
238 72 30 34226.4 0 0
237 71 30 34231.4 0 0
240 78 30 34235.6 0 0
238 72 30 34239.8 0 0
240 80 30 34244 0 0
238 67 31 34248.2 0 0
238 64 31 34252.5 0 0
239 81 30 34256.7 0 0
235 72 30 34261.1 0 0
238 68 31 34265.3 0 0
237 71 30 34272 0 0
237 69 31 34276.2 0 0
239 73 30 34280.5 0 0
235 70 31 34284.7 0 0
236 72 31 34288.9 0 0
237 60 30 34293.2 0 0
236 71 30 34297.4 0 0
236 75 31 34301.6 0 0
238 67 30 34305.8 0 0
237 65 30 34310 0 0
235 70 30 34314.2 0 0
242 74 31 34318.5 0 0
234 69 31 34322.7 0 0
234 68 31 34327 0 0
241 78 31 34331.2 0 0
239 71 30 34335.4 0 0
238 75 31 34339.6 0 0
235 64 31 34343.8 0 0
237 69 31 34348 0 0
241 74 31 34352.2 0 0
240 68 30 34356.5 0 0
236 68 31 34360.7 0 0
238 71 30 34364.9 0 0
238 70 30 34369.1 0 0
239 72 31 34373.3 0 0
237 69 30 34377.5 0 0
234 62 31 34381.7 0 0
240 71 32 34386 0 0
240 67 30 34390.2 0 0
236 65 29 34397.1 0 0
241 72 29 34401.3 0 0
239 71 29 34405.5 0 0
239 71 0 34409.7 0 0
243 81 29 34413.9 0 0
239 71 30 34418.2 0 0
239 69 30 34422.5 0 0
237 65 30 34426.8 0 0
238 71 30 34430.9 0 0
241 73 30 34435.2 0 0
243 74 31 34439.4 0 0
237 65 31 34443.6 0 0
243 71 30 34447.8 0 0
236 63 30 34452 0 0
236 69 30 34456.2 0 0
240 77 30 34460.5 0 0
238 64 30 34464.7 0 0
240 74 30 34468.9 0 0
238 69 30 34473.1 0 0
242 77 30 34477.3 0 0
238 75 30 34481.6 0 0
241 67 29 34485.8 0 0
237 68 30 34490 0 0
237 68 30 34494.2 0 0
241 73 31 34500.4 0 0
233 61 31 34504.6 0 0
234 64 31 34509.3 0 0
239 70 30 34513.5 0 0
238 76 31 34517.8 0 0
235 64 31 34522 0 0
240 67 31 34526.2 0 0
236 63 31 34530.4 0 0
228 64 31 34534.6 0 0
225 56 31 34538.8 0 0
219 53 32 34543.1 0 0
212 57 32 34547.4 0 0
206 49 32 34551.6 0 0
204 46 32 34555.8 0 0
204 47 31 34560 0 0
201 42 32 34564.2 0 0
204 45 32 34568.4 0 0
206 47 32 34572.6 0 0
201 44 32 34576.9 0 0
203 45 32 34581.1 0 0
204 41 31 34585.3 0 0
202 42 32 34589.5 0 0
202 42 32 34593.7 0 0
203 45 31 34597.9 0 0
201 46 33 34602.1 0 0
201 43 32 34606.4 0 0
203 51 33 34610.6 0 0
204 47 32 34614.8 0 0
203 41 33 34619 0 0
205 42 32 34623.2 0 0
202 40 33 34627.4 0 0
206 49 32 34631.8 0 0
202 42 32 34638.6 0 0
204 46 32 34642.9 0 0
204 41 33 34647.1 0 0
200 44 33 34651.3 0 0
205 46 33 34655.5 0 0
209 45 33 34659.7 0 0
199 37 32 34663.9 0 0
187 41 32 34668.5 0 0
184 42 32 34672.7 0 0
186 38 32 34676.9 0 0
185 36 32 34681.1 0 0
187 37 32 34685.3 0 0
188 37 32 34689.6 0 0
186 46 32 34693.9 0 0
186 46 32 34698.1 0 0
187 42 32 34703.5 0 0
188 41 32 34707.7 0 0
188 38 32 34711.9 0 0
186 41 32 34716.1 0 0
189 43 32 34720.3 0 0
190 37 32 34724.6 0 0
189 45 32 34728.8 0 0
186 40 32 34733 0 0
187 39 33 34737.2 0 0
185 42 32 34741.4 0 0
185 39 32 34745.6 0 0
185 41 33 34749.8 0 0
185 38 32 34754 0 0
184 42 32 34758.3 0 0
185 39 32 34762.5 0 0
184 38 33 34766.7 0 0
186 40 32 34770.9 0 0
187 40 33 34775.1 0 0
187 36 33 34779.3 0 0
188 45 32 34783.5 0 0
186 40 33 34787.8 0 0
185 41 33 34792 0 0
188 42 33 34796.2 0 0
185 40 33 34800.4 0 0
186 42 33 34804.6 0 0
189 40 33 34808.8 0 0
187 38 33 34813.1 0 0
186 40 33 34817.3 0 0
186 43 32 34821.6 0 0
185 45 32 34825.8 0 0
187 36 34 34830 0 0
185 42 32 34834.2 0 0
187 42 33 34838.4 0 0
186 43 33 34842.6 0 0
186 40 33 34846.8 0 0
184 40 33 34851.1 0 0
186 41 33 34855.3 0 0
186 42 32 34859.5 0 0
186 41 33 34863.7 0 0
192 45 33 34867.9 0 0
192 45 33 34872.1 0 0
192 45 0 34876.4 0 0
207 65 32 34880.6 0 0
220 98 32 34884.8 0 0
220 98 32 34889 0 0
239 132 30 34893.2 0 0
251 157 30 34897.4 0 0
251 157 0 34901.7 0 0
259 208 31 34918.6 0 0
261 205 31 34943.9 0 0
260 210 32 34969.2 0 0
258 201 31 34994.5 0 0
261 208 31 34998.7 0 0
258 203 31 35002.9 0 0
257 199 32 35011.4 0 0
260 207 32 35015.6 0 0
259 198 31 35019.8 0 0
255 195 31 35024 0 0
258 200 32 35032.4 0 0
255 200 32 35036.6 0 0
258 205 32 35040.9 0 0
257 202 32 35045.1 0 0
255 201 32 35049.3 0 0
258 204 32 35053.5 0 0
258 204 32 35057.7 0 0
261 197 33 35061.9 0 0
259 200 32 35070.4 0 0
258 200 32 35074.6 0 0
257 199 32 35083.1 0 0
259 203 32 35087.3 0 0
256 203 32 35091.5 0 0
255 199 32 35095.7 0 0
260 202 33 35108.4 0 0
261 200 32 35112.6 0 0
259 204 31 35116.8 0 0
260 203 32 35121 0 0
261 206 32 35125.2 0 0
261 207 31 35129.5 0 0
260 201 32 35133.8 0 0
254 197 33 35138 0 0
261 201 32 35142.2 0 0
260 199 31 35146.4 0 0
259 204 32 35150.6 0 0
261 201 31 35154.8 0 0
258 199 32 35159.1 0 0
258 200 31 35163.3 0 0
259 203 31 35167.5 0 0
259 200 31 35171.7 0 0
261 209 31 35175.9 0 0
261 201 32 35180.2 0 0
259 204 31 35184.3 0 0
258 202 32 35188.6 0 0
261 208 32 35192.8 0 0
258 202 32 35197 0 0
258 201 31 35201.3 0 0
242 191 31 35205.5 0 0
233 168 31 35209.7 0 0
221 146 32 35213.9 0 0
215 144 32 35218.1 0 0
209 129 32 35222.3 0 0
204 117 33 35226.5 0 0
196 100 33 35230.8 0 0
193 91 32 35235 0 0
195 82 33 35239.2 0 0
189 71 33 35243.4 0 0
187 63 34 35247.6 0 0
184 62 34 35251.8 0 0
181 57 33 35256 0 0
184 52 34 35260.3 0 0
181 55 33 35264.5 0 0
183 54 33 35271.2 0 0
183 56 33 35275.5 0 0
183 57 34 35279.7 0 0
184 57 34 35283.9 0 0
186 58 34 35288.1 0 0
187 58 34 35292.3 0 0
186 60 33 35296.6 0 0
186 55 33 35300.8 0 0
185 56 33 35305 0 0
187 54 33 35309.2 0 0
185 60 33 35313.4 0 0
185 56 34 35317.6 0 0
190 61 33 35321.9 0 0
185 59 33 35326.1 0 0
185 55 33 35330.3 0 0
187 58 33 35334.5 0 0
188 53 33 35338.7 0 0
187 57 32 35342.9 0 0
188 58 33 35347.1 0 0
185 58 33 35351.4 0 0
188 55 33 35355.7 0 0
187 62 32 35360 0 0
187 52 33 35364.2 0 0
189 57 33 35370.9 0 0
186 55 33 35375.2 0 0
188 55 33 35379.5 0 0
188 53 33 35384 0 0
188 56 32 35388.2 0 0
188 55 32 35392.4 0 0
188 51 33 35396.6 0 0
188 56 32 35400.8 0 0
186 61 32 35405 0 0
184 55 33 35409.2 0 0
181 55 33 35413.5 0 0
174 52 33 35417.7 0 0
178 44 32 35421.9 0 0
181 50 33 35426.2 0 0
181 41 32 35430.4 0 0
186 45 32 35434.6 0 0
181 50 33 35449.8 0 0
185 45 32 35454.1 0 0
180 42 32 35458.6 0 0
183 45 32 35462.8 0 0
186 44 32 35467 0 0
182 44 33 35471.2 0 0
182 48 33 35475.5 0 0
183 41 33 35479.7 0 0
185 43 32 35483.9 0 0
181 45 32 35488.1 0 0
187 48 32 35492.3 0 0
182 45 32 35496.5 0 0
184 46 33 35500.7 0 0
184 48 32 35504.9 0 0
182 50 32 35509.2 0 0
183 46 32 35513.4 0 0
183 47 32 35517.6 0 0
184 45 32 35521.8 0 0
184 43 32 35526 0 0
182 44 32 35530.2 0 0
186 41 31 35534.5 0 0
183 44 32 35538.7 0 0
183 45 32 35542.9 0 0
182 46 33 35547.1 0 0
184 47 32 35551.3 0 0
185 42 32 35555.7 0 0
182 43 32 35559.9 0 0
182 46 32 35564.1 0 0
186 44 32 35571 0 0
183 51 33 35575.2 0 0
185 43 32 35579.4 0 0
182 41 32 35583.6 0 0
181 43 32 35587.8 0 0
184 40 32 35592 0 0
181 44 32 35596.2 0 0
184 41 32 35600.5 0 0
183 47 32 35604.7 0 0
184 43 32 35608.9 0 0
184 40 32 35613.1 0 0
181 47 32 35617.3 0 0
184 44 32 35621.5 0 0
185 39 32 35625.8 0 0
184 45 32 35630 0 0
182 42 32 35634.2 0 0
181 40 32 35638.4 0 0
181 39 32 35642.7 0 0
180 32 33 35646.9 0 0
181 31 32 35651.1 0 0
181 33 32 35655.3 0 0
183 29 32 35659.5 0 0
177 32 32 35663.7 0 0
180 31 32 35670.8 0 0
181 32 32 35675.1 0 0
182 32 31 35679.3 0 0
184 29 33 35683.6 0 0
180 32 32 35687.8 0 0
182 34 31 35692 0 0
181 33 32 35696.2 0 0
182 35 32 35700.5 0 0
182 31 31 35704.7 0 0
181 33 32 35708.9 0 0
183 34 32 35713.1 0 0
181 33 32 35717.3 0 0
180 31 32 35721.6 0 0
182 32 32 35725.8 0 0
181 32 32 35730 0 0
180 26 32 35734.2 0 0
183 34 32 35738.4 0 0
181 34 32 35742.7 0 0
179 33 32 35746.8 0 0
181 34 32 35751.1 0 0
179 34 32 35755.3 0 0
181 34 31 35759.5 0 0
184 30 32 35763.7 0 0
181 35 31 35770.7 0 0
181 30 32 35779 0 0
184 31 31 35787.2 0 0
183 33 32 35795.5 0 0
180 34 0 35804 0 0
181 32 32 35812.4 0 0
181 32 32 35820.7 0 0
182 32 32 35828.5 0 0
180 36 32 35832.7 0 0
180 35 32 35837.2 0 0
180 35 32 35841.4 0 0
182 34 32 35845.7 0 0
183 37 32 35849.9 0 0
181 32 32 35854.1 0 0
182 31 32 35858.3 0 0
181 33 32 35862.5 0 0
183 33 32 35866.8 0 0
181 34 32 35870.9 0 0
181 34 31 35875.2 0 0
181 33 32 35879.4 0 0
181 33 32 35883.6 0 0
179 28 32 35887.8 0 0
181 33 31 35892 0 0
182 35 32 35896.2 0 0
180 30 33 35900.4 0 0
181 32 32 35904.7 0 0
180 31 32 35908.9 0 0
180 31 0 35913.1 0 0
180 33 32 35917.3 0 0
183 30 32 35921.5 0 0
181 32 31 35926.4 0 0
182 34 31 35930.6 0 0
182 31 32 35937.1 0 0
179 38 32 35941.3 0 0
179 33 31 35945.6 0 0
180 32 32 35949.8 0 0
181 32 33 35954 0 0
182 31 32 35958.3 0 0
182 33 33 35962.5 0 0
183 33 32 35966.7 0 0
182 31 33 35970.9 0 0
183 29 32 35975.1 0 0
184 26 32 35979.3 0 0
182 30 32 35983.6 0 0
181 38 32 35987.8 0 0
182 32 33 35992 0 0
182 34 33 35996.2 0 0
183 33 33 36000.4 0 0
179 36 32 36004.8 0 0
181 34 32 36009.2 0 0
180 31 32 36013.4 0 0
183 34 32 36017.6 0 0
180 34 32 36024.5 0 0
182 32 32 36028.8 0 0
184 31 33 36033 0 0
183 31 32 36037.2 0 0
183 34 33 36041.5 0 0
181 33 33 36045.7 0 0
184 32 33 36049.9 0 0
182 34 33 36054.1 0 0
181 34 33 36058.3 0 0
183 32 32 36062.5 0 0
184 32 33 36066.7 0 0
181 30 32 36071 0 0
182 34 32 36075.2 0 0
183 36 32 36079.4 0 0
183 34 33 36083.6 0 0
182 35 33 36087.8 0 0
182 35 33 36092 0 0
182 37 34 36096.2 0 0
183 35 33 36100.5 0 0
183 34 33 36104.7 0 0
183 33 33 36108.9 0 0
180 31 32 36113.1 0 0
182 35 33 36117.3 0 0
181 39 32 36121.5 0 0
169 32 33 36125.7 0 0
173 37 33 36132.9 0 0
174 33 33 36140.9 0 0
174 33 33 36149.4 0 0
174 33 34 36156.6 0 0
172 36 33 36160.9 0 0
171 33 33 36166.1 0 0
175 37 33 36170.4 0 0
172 36 34 36174.6 0 0
174 39 33 36178.8 0 0
173 29 32 36183 0 0
174 37 33 36187.2 0 0
174 38 33 36191.5 0 0
171 35 34 36195.7 0 0
173 38 33 36199.9 0 0
172 34 33 36204.2 0 0
174 32 33 36208.4 0 0
174 34 34 36212.6 0 0
175 33 33 36216.8 0 0
176 39 34 36221 0 0
176 32 33 36225.2 0 0
176 32 34 36229.5 0 0
173 32 33 36233.7 0 0
173 34 34 36237.9 0 0
173 36 34 36242.1 0 0
172 37 34 36246.3 0 0
171 33 33 36250.5 0 0
175 35 34 36254.7 0 0
173 36 34 36259 0 0
170 40 34 36265.8 0 0
174 35 34 36270 0 0
172 31 34 36274.3 0 0
177 38 34 36278.6 0 0
175 37 34 36282.8 0 0
174 34 35 36287 0 0
172 34 34 36291.2 0 0
169 36 34 36295.5 0 0
167 34 34 36299.7 0 0
160 37 35 36303.9 0 0
161 39 34 36308.1 0 0
159 41 34 36312.3 0 0
159 37 34 36316.5 0 0
152 39 35 36320.7 0 0
149 49 34 36325 0 0
142 65 32 36329.2 0 0
142 65 0 36333.4 0 0
142 65 0 36337.6 0 0
142 65 0 36341.8 0 0
142 65 0 36346 0 0
142 65 0 36350.2 0 0
142 65 0 36354.5 0 0
142 65 0 36358.7 0 0
142 65 0 36362.9 0 0
142 65 0 36367.1 0 0
142 65 0 36371.3 0 0
142 65 0 36375.6 0 0
142 65 0 36379.8 0 0
142 65 0 36386.7 0 0
142 65 0 36390.9 0 0
142 65 0 36395.1 0 0
142 65 0 36399.3 0 0
142 65 0 36403.5 0 0
142 65 0 36407.8 0 0
142 65 0 36412 0 0
142 65 0 36416.2 0 0
142 65 0 36420.4 0 0
142 65 0 36424.7 0 0
142 65 0 36428.9 0 0
142 65 0 36433.1 0 0
142 65 0 36437.3 0 0
142 65 0 36441.5 0 0
142 65 0 36445.9 0 0
142 65 0 36450.1 0 0
142 65 0 36454.3 0 0
142 65 0 36458.6 0 0
142 65 0 36462.8 0 0
142 65 0 36466.9 0 0
142 65 0 36471.2 0 0
142 65 0 36475.4 0 0
142 65 0 36482.3 0 0
142 65 0 36486.5 0 0
142 65 0 36490.8 0 0
142 65 0 36495 0 0
142 65 0 36499.2 0 0
142 65 0 36503.4 0 0
142 65 0 36507.6 0 0
142 65 0 36511.9 0 0
142 65 0 36516.1 0 0
142 65 0 36520.3 0 0
142 65 0 36524.5 0 0
142 65 0 36528.7 0 0
67 228 30 36578.2 0 0
67 228 0 36582.5 0 0
76 225 32 36586.7 0 0
72 217 32 36590.9 0 0
73 219 31 36595.1 0 0
74 218 32 36599.3 0 0
72 221 32 36603.6 0 0
75 221 32 36607.8 0 0
74 219 31 36612 0 0
72 218 32 36616.2 0 0
73 218 33 36620.4 0 0
71 219 32 36624.6 0 0
73 214 31 36628.8 0 0
73 214 31 36633.1 0 0
73 216 31 36637.4 0 0
74 220 31 36641.6 0 0
73 214 32 36645.8 0 0
72 218 32 36650 0 0
76 217 31 36654.2 0 0
72 222 32 36658.4 0 0
74 220 31 36662.6 0 0
72 221 32 36666.8 0 0
73 220 31 36671.1 0 0
73 222 32 36675.3 0 0
73 223 32 36682.3 0 0
72 219 31 36686.6 0 0
73 218 31 36690.8 0 0
70 219 32 36695.1 0 0
72 219 31 36699.6 0 0
73 220 31 36703.8 0 0
71 221 31 36708 0 0
70 218 31 36712.2 0 0
73 221 31 36716.4 0 0
72 221 31 36720.6 0 0
70 222 31 36724.9 0 0
71 218 31 36729.1 0 0
72 220 31 36733.3 0 0
70 219 31 36737.5 0 0
70 225 31 36741.7 0 0
71 219 31 36746 0 0
73 223 31 36750.2 0 0
70 223 31 36754.4 0 0
73 231 32 36765.5 0 0
73 231 32 36774 0 0
81 218 31 36782 0 0
87 215 30 36786.2 0 0
81 226 31 36790.5 0 0
84 213 30 36794.7 0 0
82 214 30 36798.9 0 0
83 211 31 36803.1 0 0
84 218 30 36807.3 0 0
82 211 30 36811.5 0 0
85 219 30 36815.8 0 0
83 222 31 36820 0 0
81 218 30 36824.2 0 0
82 219 31 36828.4 0 0
85 217 31 36832.7 0 0
82 213 31 36836.9 0 0
82 222 30 36841.1 0 0
86 213 31 36845.3 0 0
84 221 31 36849.5 0 0
85 207 30 36853.7 0 0
82 219 30 36858 0 0
84 214 31 36862.2 0 0
82 217 31 36866.4 0 0
80 216 31 36870.6 0 0
83 219 31 36874.8 0 0
82 214 31 36879 0 0
83 213 31 36883.2 0 0
85 218 31 36890.2 0 0
83 214 31 36894.4 0 0
81 214 32 36898.8 0 0
82 221 31 36903.1 0 0
87 212 31 36907.3 0 0
83 215 31 36911.5 0 0
82 215 31 36915.7 0 0
84 216 31 36920 0 0
83 213 31 36924.2 0 0
82 213 31 36928.4 0 0
84 213 31 36932.6 0 0
82 214 31 36936.8 0 0
82 214 31 36941 0 0
82 209 32 36945.2 0 0
84 213 31 36949.4 0 0
84 209 32 36953.7 0 0
87 210 31 36957.9 0 0
82 218 31 36962.1 0 0
85 213 31 36966.3 0 0
83 212 32 36970.5 0 0
85 213 31 36974.7 0 0
82 218 31 36978.9 0 0
83 210 31 36983.2 0 0
83 211 31 36987.4 0 0
83 211 31 36994.5 0 0
83 209 32 37000.4 0 0
94 199 32 37004.6 0 0
101 203 31 37011 0 0
107 189 32 37015.3 0 0
110 190 32 37019.5 0 0
117 201 32 37023.7 0 0
122 190 31 37027.9 0 0
124 184 32 37032.1 0 0
120 187 32 37036.3 0 0
121 177 32 37040.6 0 0
120 176 32 37044.8 0 0
121 181 32 37049 0 0
122 171 32 37053.2 0 0
124 175 32 37057.4 0 0
121 178 32 37061.7 0 0
122 171 32 37065.9 0 0
126 176 32 37070.1 0 0
124 176 32 37074.3 0 0
121 179 32 37078.6 0 0
125 178 33 37082.8 0 0
120 179 33 37087 0 0
123 172 32 37091.2 0 0
123 174 32 37095.4 0 0
123 181 32 37099.7 0 0
123 175 32 37103.9 0 0
121 182 32 37108.2 0 0
121 181 33 37112.4 0 0
123 175 32 37116.6 0 0
123 175 32 37120.8 0 0
127 178 32 37125.4 0 0
122 179 32 37129.6 0 0
123 185 32 37133.8 0 0
124 179 32 37138.1 0 0
121 177 33 37142.3 0 0
122 176 32 37146.5 0 0
122 178 31 37150.7 0 0
120 185 32 37154.9 0 0
124 179 32 37159.1 0 0
124 175 33 37163.3 0 0
122 185 32 37167.5 0 0
122 179 32 37171.8 0 0
123 174 32 37176 0 0
124 182 32 37180.2 0 0
123 176 32 37184.4 0 0
125 175 32 37188.6 0 0
123 170 32 37192.8 0 0
120 181 32 37197.1 0 0
125 178 32 37201.3 0 0
122 188 31 37205.5 0 0
122 199 30 37209.8 0 0
122 199 0 37214 0 0
122 199 0 37218.2 0 0
131 239 24 37222.4 0 0
131 239 0 37226.6 0 0
131 239 0 37231.1 0 0
120 223 25 37235.3 0 0
120 223 0 37239.5 0 0
120 223 0 37243.7 0 0
120 223 0 37247.9 0 0
120 223 0 37252.1 0 0
120 223 0 37256.3 0 0
120 223 0 37260.6 0 0
120 223 0 37264.8 0 0
120 223 0 37269 0 0
120 223 0 37273.2 0 0
120 223 0 37277.4 0 0
120 223 0 37281.8 0 0
120 223 0 37286 0 0
120 223 0 37290.2 0 0
120 223 0 37294.5 0 0
120 223 0 37298.7 0 0
120 223 0 37302.9 0 0
120 223 0 37307.1 0 0
120 223 0 37311.3 0 0
120 223 0 37315.5 0 0
120 223 0 37319.7 0 0
120 223 0 37324.3 0 0
120 223 0 37328.5 0 0
120 223 0 37332.7 0 0
120 223 0 37336.9 0 0
120 223 0 37341.2 0 0
120 223 0 37345.4 0 0
120 223 0 37349.6 0 0
120 223 0 37353.8 0 0
120 223 0 37358 0 0
120 223 0 37362.3 0 0
120 223 0 37366.5 0 0
120 223 0 37373.4 0 0
120 223 0 37381.9 0 0
120 223 0 37390.1 0 0
120 223 0 37398.4 0 0
120 223 0 37406.6 0 0
120 223 0 37410.8 0 0
120 223 0 37415.1 0 0
128 104 29 37419.3 0 0
128 104 0 37423.5 0 0
128 104 0 37427.7 0 0
128 104 0 37431.9 0 0
128 104 0 37436.1 0 0
128 104 0 37449.6 0 0
133 119 0 37453.8 0 0
133 119 0 37458 0 0
133 119 0 37464.8 0 0
133 119 0 37469.1 0 0
133 119 0 37473.3 0 0
133 119 0 37477.5 0 0
133 119 0 37481.7 0 0
133 119 0 37486 0 0
133 119 0 37490.2 0 0
133 119 0 37494.4 0 0
133 119 0 37498.7 0 0
133 119 0 37502.9 0 0
127 126 30 37507.1 0 0
128 102 29 37511.3 0 0
129 112 30 37515.5 0 0
130 108 30 37519.8 0 0
127 113 30 37524 0 0
127 120 29 37528.2 0 0
128 118 29 37532.4 0 0
124 129 30 37536.7 0 0
129 108 31 37541.1 0 0
127 110 30 37545.3 0 0
127 125 31 37549.5 0 0
127 125 0 37553.7 0 0
127 125 0 37557.9 0 0
127 125 0 37562.1 0 0
128 108 0 37569.2 0 0
128 108 0 37577.4 0 0
128 108 0 37585.7 0 0
132 109 30 37594.3 0 0
123 97 0 37598.5 0 0
123 97 0 37602.7 0 0
123 99 22 37607 0 0
123 99 0 37611.2 0 0
123 99 0 37615.4 0 0
133 130 25 37619.6 0 0
133 130 0 37623.8 0 0
133 130 0 37628 0 0
133 130 0 37632.4 0 0
133 130 0 37637.3 0 0
135 100 0 37641.5 0 0
139 99 24 37648.1 0 0
139 99 0 37652.3 0 0
139 99 0 37656.5 0 0
139 99 0 37660.8 0 0
125 112 28 37665 0 0
125 112 0 37669.2 0 0
125 112 0 37673.4 0 0
125 112 0 37677.7 0 0
125 112 0 37681.9 0 0
125 112 0 37686.1 0 0
125 112 0 37690.3 0 0
125 112 0 37694.5 0 0
125 112 0 37698.7 0 0
135 76 22 37702.9 0 0
135 76 0 37707.2 0 0
135 76 0 37711.4 0 0
135 76 0 37715.6 0 0
135 76 0 37719.8 0 0
135 76 0 37724 0 0
127 84 28 37728.3 0 0
127 84 0 37732.5 0 0
127 84 0 37736.7 0 0
136 94 22 37740.9 0 0
136 94 22 37745.1 0 0
115 129 24 37750.4 0 0
115 129 0 37754.7 0 0
138 113 27 37759 0 0
138 113 0 37763.2 0 0
138 113 0 37767.5 0 0
138 113 0 37771.7 0 0
138 113 0 37775.9 0 0
123 126 28 37780.1 0 0
123 126 0 37784.3 0 0
125 106 29 37788.5 0 0
130 132 29 37792.7 0 0
130 132 0 37796.9 0 0
130 132 0 37801.2 0 0
129 115 30 37805.4 0 0
129 115 0 37809.6 0 0
129 119 30 37813.8 0 0
129 119 0 37818 0 0
129 119 0 37822.3 0 0
129 119 0 37826.5 0 0
129 108 31 37830.7 0 0
129 108 0 37834.9 0 0
129 108 0 37839.1 0 0
129 108 0 37843.3 0 0
129 108 0 37847.6 0 0
128 122 30 37851.8 0 0
128 122 0 37856.2 0 0
130 118 29 37860.4 0 0
130 118 0 37864.6 0 0
129 139 29 37868.8 0 0
121 154 22 37873 0 0
126 88 25 37877.2 0 0
128 133 27 37881.7 0 0
128 144 25 37885.9 0 0
118 109 20 37890.1 0 0
129 118 27 37894.3 0 0
129 118 0 37898.5 0 0
118 132 28 37902.7 0 0
118 132 0 37906.9 0 0
113 148 25 37911.1 0 0
120 120 21 37915.4 0 0
131 152 26 37919.6 0 0
131 94 28 37923.9 0 0
131 94 0 37928.1 0 0
131 94 0 37932.3 0 0
131 94 0 37936.5 0 0
130 102 28 37940.7 0 0
130 102 0 37944.9 0 0
133 78 28 37949.1 0 0
133 78 0 37953.4 0 0
133 78 0 37957.6 0 0
133 78 0 37964.5 0 0
133 78 0 37968.8 0 0
129 120 30 37973 0 0
129 120 0 37977.2 0 0
129 120 0 37981.4 0 0
129 120 0 37985.7 0 0
129 120 0 37989.9 0 0
129 120 0 37994.1 0 0
129 120 0 37998.3 0 0
129 120 0 38002.5 0 0
129 120 0 38006.7 0 0
129 120 0 38011 0 0
131 111 30 38015.2 0 0
133 118 30 38019.4 0 0
133 118 0 38023.6 0 0
133 118 0 38027.8 0 0
133 118 0 38032.1 0 0
133 118 0 38036.3 0 0
133 118 0 38040.5 0 0
130 106 29 38044.8 0 0
131 126 30 38049 0 0
115 149 21 38053.2 0 0
110 79 21 38060.2 0 0
116 116 26 38064.4 0 0
116 116 0 38068.7 0 0
119 120 25 38072.9 0 0
134 113 27 38077.1 0 0
134 113 0 38081.3 0 0
128 110 30 38085.6 0 0
130 63 22 38089.8 0 0
136 100 28 38093.9 0 0
125 113 26 38098.2 0 0
125 113 0 38102.4 0 0
138 113 25 38106.6 0 0
138 113 0 38110.8 0 0
117 131 28 38115.1 0 0
117 131 0 38119.3 0 0
117 131 0 38123.5 0 0
117 131 0 38127.7 0 0
129 78 24 38131.9 0 0
121 146 26 38136.2 0 0
121 146 0 38140.4 0 0
129 122 30 38144.6 0 0
129 122 0 38148.8 0 0
127 127 30 38153 0 0
130 119 30 38157.2 0 0
130 121 30 38161.4 0 0
127 123 30 38165.6 0 0
128 118 31 38169.9 0 0
131 134 30 38174.1 0 0
131 134 0 38178.3 0 0
131 134 0 38182.5 0 0
129 127 30 38188.1 0 0
129 127 0 38192.3 0 0
129 127 0 38196.9 0 0
129 116 30 38201.1 0 0
129 122 31 38205.3 0 0
129 122 0 38209.5 0 0
126 128 30 38213.7 0 0
130 116 31 38217.9 0 0
130 116 0 38222.2 0 0
127 129 30 38226.4 0 0
128 123 30 38230.6 0 0
129 123 30 38234.8 0 0
129 123 0 38239.1 0 0
129 123 0 38243.3 0 0
133 107 29 38247.5 0 0
133 107 0 38251.8 0 0
133 107 0 38256 0 0
132 120 29 38260.2 0 0
122 140 29 38264.4 0 0
122 140 0 38268.7 0 0
122 140 0 38272.9 0 0
122 140 0 38277.1 0 0
122 140 0 38281.3 0 0
122 140 0 38285.5 0 0
122 140 0 38289.7 0 0
122 140 0 38293.9 0 0
126 122 31 38298.2 0 0
126 122 0 38302.4 0 0
129 129 30 38306.6 0 0
129 129 0 38310.8 0 0
128 121 31 38315 0 0
128 121 0 38319.2 0 0
128 121 0 38323.4 0 0
128 121 0 38327.7 0 0
129 117 30 38331.9 0 0
127 121 31 38336.1 0 0
129 124 32 38340.3 0 0
128 124 31 38344.5 0 0
128 126 31 38348.8 0 0
131 117 31 38353.1 0 0
127 119 31 38357.3 0 0
129 122 31 38361.5 0 0
132 115 32 38365.8 0 0
126 123 31 38369.9 0 0
131 120 31 38374.2 0 0
129 112 32 38378.4 0 0
129 120 31 38382.7 0 0
129 119 32 38386.9 0 0
127 126 32 38391.2 0 0
128 123 31 38395.4 0 0
129 125 32 38399.6 0 0
130 120 31 38403.8 0 0
129 122 32 38408 0 0
129 122 32 38412.2 0 0
130 118 32 38416.6 0 0
131 120 31 38420.8 0 0
129 124 31 38425.1 0 0
130 125 31 38429.3 0 0
130 125 0 38433.5 0 0
130 118 32 38437.7 0 0
129 116 31 38442 0 0
129 116 0 38446.2 0 0
130 124 31 38450.4 0 0
130 114 31 38454.7 0 0
130 114 0 38458.9 0 0
128 124 31 38463.1 0 0
128 124 0 38467.3 0 0
128 124 0 38471.5 0 0
128 124 0 38475.7 0 0
129 117 31 38479.9 0 0
128 121 32 38484.2 0 0
128 117 32 38488.4 0 0
128 117 0 38492.6 0 0
128 117 0 38496.8 0 0
129 124 31 38501 0 0
127 120 32 38505.3 0 0
127 120 0 38509.5 0 0
126 121 32 38513.8 0 0
131 125 33 38518 0 0
127 126 32 38522.2 0 0
127 124 33 38526.4 0 0
124 122 32 38530.6 0 0
128 119 32 38534.8 0 0
128 124 32 38539 0 0
126 123 32 38543.4 0 0
128 123 33 38547.6 0 0
129 121 32 38551.8 0 0
130 119 32 38556 0 0
126 121 32 38560.2 0 0
128 120 33 38564.5 0 0
130 120 33 38568.7 0 0
127 125 32 38573 0 0
127 129 33 38577.2 0 0
130 121 34 38581.4 0 0
128 124 33 38585.6 0 0
128 123 32 38589.8 0 0
126 124 33 38594 0 0
128 121 32 38598.2 0 0
126 121 33 38602.5 0 0
125 122 32 38606.7 0 0
127 127 31 38610.9 0 0
128 115 32 38615.2 0 0
129 120 31 38619.3 0 0
126 121 33 38623.6 0 0
130 116 32 38627.9 0 0
129 119 32 38632.2 0 0
129 119 32 38636.6 0 0
129 118 33 38640.8 0 0
132 119 32 38645 0 0
127 125 32 38649.2 0 0
126 123 32 38653.4 0 0
130 117 31 38657.6 0 0
127 126 32 38661.8 0 0
131 122 31 38666.1 0 0
131 122 0 38670.3 0 0
129 116 32 38674.6 0 0
126 116 32 38678.8 0 0
129 124 33 38683 0 0
127 121 32 38687.2 0 0
125 130 33 38691.4 0 0
131 122 33 38695.6 0 0
128 131 32 38699.9 0 0
128 121 31 38704.2 0 0
124 124 33 38708.4 0 0
124 124 0 38712.6 0 0
129 123 32 38716.8 0 0
128 121 32 38721 0 0
127 125 32 38725.2 0 0
129 124 32 38729.5 0 0
128 124 32 38733.7 0 0
130 120 31 38737.9 0 0
128 125 32 38742.1 0 0
131 125 33 38746.3 0 0
126 125 32 38750.5 0 0
128 124 32 38754.8 0 0
128 128 32 38759 0 0
128 120 33 38763.2 0 0
129 119 32 38767.4 0 0
126 130 33 38771.6 0 0
126 128 32 38775.8 0 0
125 116 31 38780.1 0 0
131 126 32 38784.3 0 0
131 126 0 38788.5 0 0
130 123 31 38792.9 0 0
127 120 32 38797.1 0 0
129 123 32 38801.3 0 0
131 119 32 38805.5 0 0
127 124 32 38809.8 0 0
128 118 33 38814 0 0
128 118 0 38818.2 0 0
128 118 0 38822.4 0 0
128 118 0 38826.7 0 0
127 122 33 38830.9 0 0
127 122 0 38835.1 0 0
127 122 0 38839.3 0 0
127 118 33 38843.5 0 0
128 122 32 38847.7 0 0
126 122 32 38852.1 0 0
129 118 33 38856.3 0 0
127 120 32 38860.5 0 0
127 123 32 38864.7 0 0
128 122 31 38869 0 0
126 117 33 38873.2 0 0
126 122 33 38877.4 0 0
127 116 32 38881.6 0 0
129 125 33 38885.8 0 0
129 118 33 38890 0 0
127 122 32 38894.3 0 0
127 124 32 38898.5 0 0
127 123 33 38902.7 0 0
127 127 32 38906.9 0 0
127 127 0 38911.1 0 0
130 122 32 38915.3 0 0
129 119 33 38919.6 0 0
126 123 33 38923.8 0 0
131 122 33 38928 0 0
128 124 32 38932.2 0 0
128 124 0 38936.4 0 0
127 120 33 38940.6 0 0
127 125 32 38944.8 0 0
128 116 33 38949 0 0
131 120 32 38953.3 0 0
130 121 32 38957.5 0 0
130 121 33 38961.7 0 0
130 118 33 38965.9 0 0
128 122 33 38970.1 0 0
130 121 32 38974.3 0 0
127 118 33 38978.5 0 0
129 125 32 38982.8 0 0
129 123 32 38987 0 0
128 129 33 38991.2 0 0
128 126 33 38995.5 0 0
128 126 33 38999.7 0 0
129 123 33 39003.9 0 0
130 122 33 39008.1 0 0
127 121 33 39012.3 0 0
128 122 33 39016.6 0 0
128 118 34 39020.8 0 0
127 118 32 39025 0 0
131 126 33 39029.2 0 0
131 122 33 39033.4 0 0
129 121 33 39037.6 0 0
128 125 33 39042 0 0
127 125 33 39046.2 0 0
131 121 33 39050.4 0 0
129 122 33 39054.6 0 0
128 125 33 39058.8 0 0
128 120 33 39063 0 0
128 128 33 39067.2 0 0
127 124 33 39071.5 0 0
128 121 33 39075.7 0 0
128 120 33 39079.9 0 0
128 121 33 39084.1 0 0
131 122 33 39088.3 0 0
131 121 32 39092.5 0 0
129 121 33 39096.8 0 0
128 121 33 39101 0 0
128 121 0 39105.9 0 0
127 124 33 39110.2 0 0
128 128 33 39114.4 0 0
131 121 33 39118.6 0 0
128 127 33 39122.8 0 0
128 125 32 39127 0 0
127 128 33 39131.2 0 0
129 119 33 39135.4 0 0
125 127 33 39139.6 0 0
128 124 33 39143.8 0 0
127 125 33 39148.1 0 0
129 121 33 39152.3 0 0
126 126 33 39156.5 0 0
128 125 33 39160.7 0 0
129 123 33 39165 0 0
129 118 33 39169.2 0 0
130 126 33 39173.4 0 0
129 119 33 39177.6 0 0
128 127 33 39181.8 0 0
128 124 34 39186 0 0
129 123 33 39190.3 0 0
128 123 34 39194.5 0 0
125 124 33 39198.7 0 0
127 125 34 39202.9 0 0
128 124 35 39207.2 0 0
127 122 33 39211.4 0 0
127 123 33 39215.6 0 0
128 125 33 39219.8 0 0
128 124 33 39224 0 0
129 127 34 39228.2 0 0
129 123 34 39232.4 0 0
129 124 33 39236.7 0 0
128 120 34 39240.9 0 0
129 126 33 39245.2 0 0
127 120 33 39249.4 0 0
129 119 34 39253.6 0 0
129 123 33 39257.8 0 0
128 122 34 39262.1 0 0
130 123 34 39266.3 0 0
129 122 33 39270.5 0 0
128 124 33 39274.7 0 0
128 123 34 39278.9 0 0
130 122 34 39283.2 0 0
129 121 34 39287.4 0 0
129 121 33 39291.7 0 0
128 123 34 39296 0 0
128 119 34 39300.2 0 0
130 122 34 39304.4 0 0
129 122 34 39308.6 0 0
128 127 34 39312.8 0 0
127 126 34 39317 0 0
130 128 34 39321.2 0 0
128 125 34 39325.5 0 0
127 124 34 39329.7 0 0
130 126 34 39334 0 0
130 124 33 39338.2 0 0
131 126 34 39342.4 0 0
128 124 34 39346.6 0 0
128 124 35 39350.8 0 0
130 125 34 39355.1 0 0
131 125 34 39359.3 0 0
126 126 34 39363.5 0 0
130 123 35 39367.7 0 0
127 124 34 39371.9 0 0
131 123 34 39376.1 0 0
128 125 34 39380.4 0 0
127 126 34 39384.6 0 0
128 124 34 39388.8 0 0
127 126 34 39393.1 0 0
130 123 35 39397.3 0 0
130 123 35 39401.5 0 0
127 125 34 39405.7 0 0
128 127 34 39409.9 0 0
128 124 34 39414.1 0 0
128 126 34 39418.3 0 0
127 125 35 39422.6 0 0
130 123 34 39426.8 0 0
129 123 35 39430.9 0 0
130 125 34 39445.7 0 0
128 122 35 39450 0 0
126 124 34 39454.2 0 0
127 124 35 39458.4 0 0
127 123 34 39462.6 0 0
128 126 35 39466.8 0 0
123 136 35 39471 0 0
120 148 34 39475.2 0 0
114 147 34 39479.5 0 0
112 161 35 39483.7 0 0
113 160 35 39488 0 0
111 170 35 39492.2 0 0
112 172 35 39496.4 0 0
111 173 35 39500.7 0 0
112 172 35 39504.9 0 0
111 173 35 39509.2 0 0
112 172 35 39513.4 0 0
110 172 35 39517.6 0 0
112 174 35 39521.8 0 0
114 173 35 39526.1 0 0
112 171 35 39530.2 0 0
110 175 35 39534.5 0 0
111 172 35 39538.7 0 0
111 175 35 39543 0 0
111 172 35 39547.3 0 0
110 173 35 39551.5 0 0
112 170 35 39555.7 0 0
112 173 36 39559.9 0 0
110 172 36 39564.1 0 0
111 173 35 39568.3 0 0
109 173 35 39572.6 0 0
116 170 35 39576.8 0 0
109 174 35 39581 0 0
110 170 35 39585.2 0 0
110 169 35 39589.4 0 0
112 172 35 39593.6 0 0
113 170 35 39597.9 0 0
110 172 35 39602.1 0 0
109 170 36 39606.3 0 0
112 171 35 39610.6 0 0
109 171 35 39614.8 0 0
110 169 35 39619 0 0
113 170 35 39623.2 0 0
110 174 35 39627.4 0 0
112 171 36 39631.6 0 0
108 172 36 39635.9 0 0
110 172 36 39640.1 0 0
112 173 35 39644.3 0 0
111 170 35 39648.5 0 0
112 169 36 39652.7 0 0
109 174 36 39656.9 0 0
111 174 36 39661.2 0 0
112 173 35 39665.4 0 0
110 171 36 39669.6 0 0
112 173 36 39673.8 0 0
109 171 36 39678.1 0 0
111 170 36 39682.3 0 0
110 173 36 39686.5 0 0
113 172 35 39690.7 0 0
112 171 35 39694.9 0 0
111 169 35 39699.1 0 0
113 175 36 39703.3 0 0
112 166 36 39707.6 0 0
113 172 36 39711.8 0 0
111 175 36 39716 0 0
112 172 35 39720.2 0 0
111 172 36 39724.4 0 0
110 169 36 39728.6 0 0
110 169 36 39732.8 0 0
110 170 35 39737.1 0 0
111 175 35 39741.3 0 0
110 170 36 39745.5 0 0
113 172 36 39749.7 0 0
109 169 36 39753.9 0 0
109 173 35 39758.2 0 0
111 173 35 39762.4 0 0
107 171 36 39766.6 0 0
110 173 35 39770.8 0 0
111 168 35 39775 0 0
110 172 36 39779.2 0 0
111 168 36 39783.4 0 0
112 176 36 39787.8 0 0
112 173 35 39792 0 0
110 170 35 39796.3 0 0
113 171 35 39800.5 0 0
111 172 35 39804.7 0 0
109 170 35 39808.9 0 0
112 171 35 39813.1 0 0
113 171 35 39817.3 0 0
110 171 35 39821.6 0 0
113 169 35 39825.8 0 0
113 166 35 39830.1 0 0
110 172 35 39834.2 0 0
111 170 35 39838.4 0 0
113 173 35 39842.7 0 0
111 172 34 39846.9 0 0
112 170 35 39851.1 0 0
112 168 35 39855.3 0 0
115 172 35 39859.6 0 0
119 169 34 39863.8 0 0
126 164 35 39868 0 0
130 165 35 39872.2 0 0
128 162 34 39876.4 0 0
125 162 33 39880.6 0 0
128 153 33 39884.8 0 0
126 170 32 39889.1 0 0
124 164 33 39895.9 0 0
127 161 33 39900.1 0 0
126 171 32 39904.3 0 0
131 173 33 39908.5 0 0
128 177 33 39912.8 0 0
124 163 33 39917 0 0
124 168 32 39921.2 0 0
125 171 31 39925.4 0 0
127 163 32 39929.6 0 0
127 164 33 39933.8 0 0
127 165 32 39938.1 0 0
128 176 32 39942.4 0 0
128 168 33 39946.6 0 0
126 166 33 39950.9 0 0
127 162 33 39955.1 0 0
130 168 32 39959.3 0 0
130 168 0 39963.5 0 0
126 167 32 39967.7 0 0
126 167 0 39971.9 0 0
125 157 33 39976.1 0 0
129 159 33 39980.3 0 0
127 165 33 39984.6 0 0
129 157 33 39988.8 0 0
128 157 33 39993 0 0
127 158 33 39997.2 0 0
123 167 33 40001.4 0 0
126 167 32 40005.6 0 0
126 165 33 40009.9 0 0
124 159 33 40014.1 0 0
124 165 32 40021 0 0
131 157 33 40025.2 0 0
128 164 32 40029.4 0 0
127 173 33 40033.7 0 0
129 169 33 40037.9 0 0
132 163 32 40042.1 0 0
130 161 32 40046.3 0 0
129 156 32 40050.6 0 0
125 176 32 40054.8 0 0
130 162 33 40059 0 0
132 161 32 40063.2 0 0
125 181 32 40067.4 0 0
125 181 0 40071.6 0 0
125 181 0 40075.9 0 0
125 181 0 40080.1 0 0
125 181 0 40084.3 0 0
125 181 0 40088.5 0 0
128 130 33 40092.7 0 0
128 130 0 40096.9 0 0
126 135 32 40101.1 0 0
127 139 32 40105.3 0 0
127 136 32 40109.6 0 0
127 136 0 40113.8 0 0
123 143 32 40120.7 0 0
127 137 32 40124.9 0 0
125 146 32 40129.2 0 0
125 140 32 40133.6 0 0
128 141 32 40137.8 0 0
127 149 33 40142 0 0
124 140 33 40146.2 0 0
127 132 32 40150.4 0 0
127 129 33 40154.6 0 0
124 133 31 40158.9 0 0
126 132 32 40163.2 0 0
125 132 32 40167.5 0 0
125 132 0 40171.7 0 0
125 132 33 40175.9 0 0
127 138 33 40180.1 0 0
127 138 0 40184.3 0 0
122 135 32 40188.6 0 0
122 135 0 40192.8 0 0
128 132 33 40197 0 0
125 137 32 40201.2 0 0
127 130 0 40205.5 0 0
124 129 32 40212.3 0 0
126 132 32 40216.6 0 0
125 129 32 40220.8 0 0
125 129 33 40225 0 0
125 129 0 40229.3 0 0
126 133 34 40233.5 0 0
125 130 33 40237.7 0 0
123 129 32 40241.9 0 0
127 131 33 40246.2 0 0
127 127 33 40250.4 0 0
126 135 33 40254.6 0 0
125 134 33 40258.9 0 0
126 135 32 40263.1 0 0
120 135 32 40267.3 0 0
126 137 33 40271.5 0 0
126 137 0 40275.7 0 0
126 137 0 40279.9 0 0
129 119 32 40284.1 0 0
131 118 33 40288.3 0 0
126 125 33 40292.6 0 0
128 124 32 40296.8 0 0
130 124 33 40301 0 0
131 123 33 40305.2 0 0
130 125 33 40309.4 0 0
130 126 33 40316.5 0 0
127 123 33 40320.7 0 0
131 126 32 40325 0 0
129 121 33 40329.2 0 0
130 128 32 40333.4 0 0
127 127 33 40337.6 0 0
131 121 33 40341.8 0 0
129 122 33 40346 0 0
129 121 33 40350.2 0 0
128 120 33 40354.5 0 0
128 121 33 40358.7 0 0
129 118 33 40362.9 0 0
129 125 33 40367.1 0 0
129 124 32 40371.3 0 0
129 122 32 40375.6 0 0
132 122 33 40380.1 0 0
128 126 33 40384.5 0 0
128 122 32 40388.7 0 0
129 122 33 40395.6 0 0
128 117 33 40399.8 0 0
127 125 33 40404 0 0
130 120 33 40408.2 0 0
129 120 34 40412.4 0 0
130 125 33 40416.7 0 0
130 117 33 40420.9 0 0
128 122 33 40425.1 0 0
129 122 33 40429.3 0 0
127 121 32 40433.5 0 0
127 126 32 40437.7 0 0
130 121 33 40442 0 0
129 123 32 40446.3 0 0
129 121 32 40450.6 0 0
130 121 32 40454.8 0 0
127 123 33 40459 0 0
128 121 32 40463.2 0 0
128 123 33 40467.4 0 0
128 117 33 40471.6 0 0
128 117 0 40475.8 0 0
129 115 33 40480.1 0 0
129 121 33 40484.3 0 0
128 123 32 40488.5 0 0
130 119 33 40492.7 0 0
126 116 32 40499.5 0 0
129 119 33 40503.8 0 0
128 118 33 40508 0 0
128 124 32 40512.3 0 0
128 119 33 40516.5 0 0
127 123 33 40520.7 0 0
127 125 33 40524.9 0 0
129 116 33 40529.1 0 0
127 121 33 40533.3 0 0
128 122 33 40537.7 0 0
128 120 33 40542.1 0 0
128 121 33 40546.3 0 0
128 121 33 40550.5 0 0
128 124 33 40554.7 0 0
128 119 32 40558.9 0 0
127 121 32 40563.1 0 0
128 115 34 40567.3 0 0
128 118 33 40571.6 0 0
128 119 33 40575.8 0 0
128 116 33 40580 0 0
128 116 33 40586.9 0 0
124 120 33 40594.1 0 0
126 107 34 40598.4 0 0
126 106 34 40603.7 0 0
129 111 33 40607.9 0 0
129 108 34 40612.2 0 0
128 111 34 40616.4 0 0
127 106 33 40620.6 0 0
127 108 33 40624.8 0 0
127 109 33 40629 0 0
128 106 33 40633.2 0 0
130 106 33 40637.4 0 0
126 103 33 40641.7 0 0
127 108 34 40645.9 0 0
130 100 34 40650.1 0 0
127 108 34 40654.3 0 0
128 107 34 40658.5 0 0
128 104 33 40662.7 0 0
129 108 33 40666.9 0 0
126 107 34 40671.2 0 0
128 106 34 40675.4 0 0
129 108 34 40679.6 0 0
126 112 34 40683.9 0 0
127 107 34 40688.1 0 0
126 106 34 40692.3 0 0
125 109 34 40696.6 0 0
129 108 33 40700.9 0 0
127 111 34 40705.1 0 0
127 109 33 40712.1 0 0
127 107 33 40716.2 0 0
128 106 33 40720.5 0 0
130 110 33 40724.7 0 0
127 110 34 40728.9 0 0
128 104 34 40733.2 0 0
126 111 34 40737.4 0 0
126 108 34 40741.6 0 0
127 110 33 40745.8 0 0
126 107 34 40750 0 0
128 109 34 40754.2 0 0
127 104 34 40758.8 0 0
124 103 33 40763 0 0
130 107 34 40767.2 0 0
125 106 33 40771.4 0 0
125 106 33 40775.6 0 0
128 106 33 40781.6 0 0
128 104 34 40785.8 0 0
128 108 33 40790.1 0 0
128 107 34 40794.3 0 0
129 106 33 40798.6 0 0
125 109 34 40802.8 0 0
128 105 34 40807 0 0
128 111 34 40811.2 0 0
127 108 34 40815.5 0 0
128 107 34 40819.7 0 0
128 110 34 40824 0 0
125 111 33 40828.2 0 0
126 109 34 40832.4 0 0
127 108 33 40836.6 0 0
126 109 33 40840.8 0 0
127 108 34 40845.1 0 0
128 111 34 40849.3 0 0
127 109 35 40853.5 0 0
129 110 34 40857.7 0 0
127 111 34 40861.9 0 0
127 107 34 40866.2 0 0
128 107 34 40870.3 0 0
125 108 34 40874.6 0 0
129 108 34 40878.8 0 0
125 105 34 40883 0 0
126 109 34 40887.3 0 0
130 101 34 40891.6 0 0
127 109 34 40895.8 0 0
128 105 34 40899.9 0 0
125 109 34 40904.2 0 0
128 102 33 40908.4 0 0
126 112 34 40912.6 0 0
128 107 34 40916.8 0 0
128 109 34 40921.1 0 0
123 109 34 40925.3 0 0
126 106 34 40929.5 0 0
121 101 34 40933.7 0 0
128 99 34 40937.9 0 0
130 102 34 40942.2 0 0
126 109 33 40946.4 0 0
126 109 0 40950.7 0 0
126 109 0 40954.9 0 0
126 109 0 40959.1 0 0
126 109 0 40963.3 0 0
126 109 0 40967.5 0 0
126 109 0 40971.7 0 0
126 109 0 40975.9 0 0
142 90 31 41039.7 0 0
124 95 33 41043.9 0 0
123 104 33 41048.2 0 0
125 104 33 41052.4 0 0
123 101 33 41056.6 0 0
120 102 33 41060.8 0 0
121 102 33 41065 0 0
121 102 33 41069.2 0 0
119 98 34 41073.4 0 0
120 101 34 41077.6 0 0
119 103 34 41081.8 0 0
120 99 34 41086 0 0
123 101 34 41090.2 0 0
121 102 33 41094.5 0 0
121 102 33 41098.7 0 0
121 100 33 41102.9 0 0
121 106 34 41107.1 0 0
119 101 33 41111.4 0 0
119 101 33 41115.6 0 0
122 103 33 41119.8 0 0
122 103 33 41124 0 0
122 101 34 41128.2 0 0
120 105 33 41132.4 0 0
121 105 33 41137.1 0 0
121 101 34 41141.3 0 0
121 106 34 41145.5 0 0
118 105 34 41149.7 0 0
123 102 32 41153.9 0 0
123 102 33 41158.1 0 0
121 103 33 41162.3 0 0
121 105 33 41166.6 0 0
119 104 33 41170.8 0 0
122 108 33 41175 0 0
124 104 33 41179.2 0 0
122 103 33 41183.4 0 0
121 102 33 41187.6 0 0
124 104 33 41191.8 0 0
121 106 33 41196.1 0 0
123 105 33 41200.3 0 0
120 111 33 41204.5 0 0
123 103 33 41208.7 0 0
120 107 33 41213 0 0
121 106 33 41217.2 0 0
121 105 33 41221.4 0 0
121 101 33 41225.6 0 0
122 102 33 41229.8 0 0
120 100 32 41234 0 0
123 101 33 41238.2 0 0
123 105 32 41242.5 0 0
120 105 32 41246.7 0 0
123 104 33 41250.9 0 0
120 101 32 41255.2 0 0
123 101 32 41259.5 0 0
123 105 33 41263.8 0 0
122 105 32 41268 0 0
122 104 33 41272.2 0 0
124 107 32 41276.4 0 0
123 103 32 41280.6 0 0
123 107 32 41284.8 0 0
122 104 32 41289 0 0
123 104 33 41293.8 0 0
122 103 32 41298 0 0
121 103 33 41302.2 0 0
123 108 32 41306.4 0 0
119 107 32 41310.6 0 0
124 105 33 41314.8 0 0
119 108 32 41319 0 0
122 103 32 41323.3 0 0
124 108 32 41327.5 0 0
124 104 32 41331.7 0 0
120 105 33 41335.9 0 0
123 103 32 41340.1 0 0
122 101 32 41344.4 0 0
122 101 0 41348.6 0 0
122 105 33 41352.8 0 0
123 106 32 41357.1 0 0
122 107 32 41361.3 0 0
122 101 32 41365.5 0 0
123 99 33 41369.7 0 0
123 99 0 41373.9 0 0
121 100 32 41378.1 0 0
120 100 32 41382.3 0 0
121 106 31 41387 0 0
123 108 32 41391.2 0 0
122 103 32 41395.5 0 0
122 101 32 41399.7 0 0
123 104 32 41403.9 0 0
121 100 32 41408.1 0 0
122 103 33 41412.3 0 0
121 102 32 41416.6 0 0
120 103 33 41420.8 0 0
122 102 33 41425.1 0 0
123 102 32 41429.3 0 0
124 103 32 41433.5 0 0
118 102 32 41437.7 0 0
123 105 32 41449.8 0 0
121 110 33 41454 0 0
123 100 32 41458.2 0 0
120 107 32 41462.4 0 0
119 106 33 41466.6 0 0
120 102 32 41470.9 0 0
122 104 33 41475.1 0 0
121 103 32 41481.8 0 0
121 106 32 41486.1 0 0
121 108 33 41490.3 0 0
123 107 32 41494.5 0 0
121 105 33 41498.8 0 0
121 107 33 41503 0 0
121 105 32 41507.2 0 0
123 108 33 41511.4 0 0
121 105 32 41515.6 0 0
121 106 33 41519.8 0 0
120 110 33 41524.1 0 0
121 99 33 41528.2 0 0
121 107 33 41532.5 0 0
121 107 32 41536.7 0 0
119 105 33 41541 0 0
121 100 33 41545.2 0 0
123 109 32 41549.4 0 0
121 103 33 41553.8 0 0
121 108 32 41558 0 0
120 109 33 41562.2 0 0
118 104 32 41566.4 0 0
121 106 33 41570.7 0 0
119 106 32 41577.7 0 0
121 103 33 41581.9 0 0
120 107 33 41586.1 0 0
118 109 33 41590.3 0 0
120 101 33 41594.6 0 0
120 101 0 41598.8 0 0
123 106 33 41603 0 0
119 107 33 41607.2 0 0
121 107 33 41611.5 0 0
121 105 32 41615.7 0 0
120 108 33 41619.9 0 0
120 104 34 41624.1 0 0
121 107 33 41628.3 0 0
119 113 33 41632.6 0 0
121 109 33 41636.8 0 0
120 107 33 41641.1 0 0
124 113 32 41645.3 0 0
124 113 0 41649.5 0 0
135 111 33 41653.8 0 0
134 106 33 41658 0 0
133 116 33 41662.2 0 0
133 116 33 41666.4 0 0
128 121 33 41672.2 0 0
130 113 33 41676.5 0 0
130 113 0 41680.7 0 0
129 123 32 41684.9 0 0
130 111 32 41689.2 0 0
131 112 33 41693.4 0 0
130 111 33 41697.8 0 0
130 111 33 41702 0 0
130 111 0 41706.2 0 0
130 114 32 41710.4 0 0
130 114 0 41714.7 0 0
128 120 32 41718.9 0 0
131 110 33 41723.1 0 0
129 113 32 41727.3 0 0
129 113 0 41731.6 0 0
132 106 33 41736.1 0 0
129 121 32 41740.3 0 0
129 122 33 41744.5 0 0
129 122 0 41748.7 0 0
130 112 32 41752.9 0 0
132 119 31 41757.1 0 0
132 119 0 41761.4 0 0
131 119 33 41765.6 0 0
132 117 32 41769.8 0 0
132 117 0 41774 0 0
132 117 0 41778.2 0 0
132 117 0 41782.4 0 0
132 117 0 41786.6 0 0
130 120 32 41790.8 0 0
130 110 33 41795.1 0 0
130 110 0 41799.3 0 0
130 110 0 41803.5 0 0
132 111 32 41807.7 0 0
131 115 33 41811.9 0 0
131 115 0 41816.1 0 0
129 117 33 41820.3 0 0
131 119 33 41824.6 0 0
131 115 33 41828.8 0 0
130 120 33 41833 0 0
128 116 33 41837.2 0 0
130 122 33 41841.4 0 0
130 115 33 41848.4 0 0
130 115 0 41852.7 0 0
130 122 33 41856.9 0 0
127 113 33 41861.1 0 0
129 120 33 41865.3 0 0
130 120 33 41869.5 0 0
129 119 33 41873.7 0 0
131 121 33 41877.9 0 0
129 115 33 41882.2 0 0
131 118 33 41886.4 0 0
130 115 33 41890.6 0 0
132 117 33 41894.8 0 0
134 118 33 41899 0 0
128 119 32 41903.2 0 0
130 123 33 41907.4 0 0
132 114 33 41911.6 0 0
130 121 34 41915.9 0 0
132 117 32 41920.1 0 0
129 117 33 41924.4 0 0
129 122 33 41928.6 0 0
131 121 33 41932.8 0 0
130 120 32 41937 0 0
129 122 33 41941.2 0 0
132 123 33 41948.1 0 0
131 116 33 41952.4 0 0
129 117 32 41956.6 0 0
129 115 33 41960.8 0 0
125 120 33 41965.2 0 0
128 111 33 41969.4 0 0
126 116 33 41973.7 0 0
128 115 33 41977.9 0 0
127 121 32 41982.1 0 0
128 119 32 41986.4 0 0
130 121 33 41990.6 0 0
130 116 33 41994.8 0 0
130 126 33 41999 0 0
130 119 33 42003.2 0 0
127 121 33 42007.4 0 0
130 119 33 42011.9 0 0
130 119 33 42016.1 0 0
127 116 34 42023.2 0 0
128 119 33 42027.5 0 0
130 117 33 42031.7 0 0
126 119 33 42035.9 0 0
131 118 33 42040.2 0 0
127 118 33 42044.4 0 0
128 117 33 42048.6 0 0
128 117 0 42052.8 0 0
126 115 33 42057 0 0
131 109 33 42061.2 0 0
128 115 33 42065.4 0 0
128 116 34 42069.7 0 0
129 113 33 42074.2 0 0
127 117 33 42078.4 0 0
130 113 34 42082.6 0 0
130 114 33 42086.8 0 0
126 115 33 42091 0 0
127 123 33 42095.2 0 0
129 120 33 42099.4 0 0
129 120 33 42103.7 0 0
131 115 33 42110.1 0 0
128 116 33 42114.3 0 0
127 123 33 42118.5 0 0
131 114 33 42122.7 0 0
127 111 33 42127 0 0
128 122 33 42131.2 0 0
129 121 33 42135.5 0 0
127 117 33 42139.7 0 0
129 117 34 42144 0 0
131 117 33 42148.2 0 0
127 115 33 42152.4 0 0
127 117 34 42156.6 0 0
129 115 33 42160.8 0 0
127 116 32 42165 0 0
129 116 34 42169.3 0 0
127 115 33 42173.5 0 0
128 112 33 42177.7 0 0
130 115 33 42181.9 0 0
128 113 33 42186.1 0 0
129 114 34 42190.3 0 0
129 115 34 42194.6 0 0
131 113 33 42199.5 0 0
129 111 34 42203.8 0 0
128 113 34 42208 0 0
128 115 33 42212.2 0 0
130 117 33 42216.4 0 0
129 115 33 42220.6 0 0
128 111 33 42224.8 0 0
129 114 34 42229.1 0 0
120 113 33 42233.3 0 0
124 108 33 42237.5 0 0
120 105 33 42241.7 0 0
118 111 33 42245.9 0 0
118 98 33 42250.1 0 0
119 102 33 42254.4 0 0
115 96 33 42258.6 0 0
118 96 33 42262.9 0 0
116 98 33 42267.1 0 0
115 102 32 42271.3 0 0
118 98 33 42275.5 0 0
115 103 33 42279.7 0 0
116 98 33 42283.9 0 0
116 98 33 42288.2 0 0
116 105 33 42292.4 0 0
113 97 33 42296.6 0 0
114 100 33 42300.8 0 0
116 99 33 42305.1 0 0
116 98 33 42309.3 0 0
116 100 33 42313.5 0 0
117 101 33 42317.7 0 0
115 103 33 42321.9 0 0
118 103 33 42326.1 0 0
116 97 33 42330.4 0 0
117 96 33 42334.6 0 0
115 104 34 42338.8 0 0
118 97 33 42343 0 0
119 97 33 42347.2 0 0
116 102 33 42351.4 0 0
119 99 33 42355.6 0 0
117 96 33 42359.9 0 0
117 99 33 42364.1 0 0
115 104 32 42368.3 0 0
116 100 33 42372.5 0 0
118 96 33 42376.7 0 0
117 98 33 42380.9 0 0
118 100 33 42385.1 0 0
115 101 33 42389.4 0 0
115 102 33 42393.6 0 0
116 98 33 42397.8 0 0
116 101 33 42402 0 0
115 98 33 42406.2 0 0
116 101 33 42410.4 0 0
117 97 33 42414.6 0 0
119 95 32 42418.9 0 0
116 102 33 42423.1 0 0
116 99 33 42427.3 0 0
116 101 32 42431.5 0 0
114 100 33 42435.7 0 0
116 103 32 42439.9 0 0
117 95 32 42444.2 0 0
116 98 33 42448.4 0 0
115 101 32 42452.6 0 0
115 100 32 42456.8 0 0
117 99 33 42461 0 0
118 104 33 42465.2 0 0
115 98 32 42469.4 0 0
118 95 32 42473.6 0 0
117 101 32 42477.9 0 0
116 96 32 42482.1 0 0
117 95 33 42486.4 0 0
118 96 33 42490.6 0 0
114 99 33 42494.8 0 0
117 97 32 42499 0 0
117 101 33 42503.2 0 0
115 103 32 42507.5 0 0
117 99 32 42512.3 0 0
116 99 32 42516.5 0 0
117 97 32 42520.7 0 0
115 99 32 42525 0 0
115 100 32 42529.2 0 0
117 104 32 42533.4 0 0
114 101 32 42537.6 0 0
116 99 32 42541.8 0 0
116 99 33 42546.1 0 0
116 102 32 42550.3 0 0
117 101 32 42554.5 0 0
118 102 32 42558.9 0 0
115 102 33 42563.1 0 0
116 99 33 42567.4 0 0
116 99 32 42571.8 0 0
116 99 32 42576 0 0
118 102 32 42580.2 0 0
115 98 32 42584.4 0 0
119 105 32 42588.6 0 0
116 100 31 42592.8 0 0
116 102 32 42597.1 0 0
118 102 32 42601.3 0 0
117 98 33 42606 0 0
117 100 31 42610.2 0 0
117 101 32 42614.4 0 0
116 103 32 42618.7 0 0
119 100 32 42622.9 0 0
119 99 31 42627.1 0 0
115 102 32 42631.4 0 0
116 92 32 42635.7 0 0
116 98 32 42640 0 0
118 99 31 42644.2 0 0
116 95 31 42648.4 0 0
116 101 33 42652.6 0 0
116 100 32 42656.8 0 0
112 105 32 42661 0 0
115 105 32 42665.2 0 0
116 98 32 42669.5 0 0
116 96 32 42673.7 0 0
118 101 32 42677.9 0 0
118 94 31 42682.1 0 0
118 97 31 42686.3 0 0
116 104 32 42690.5 0 0
117 98 32 42694.7 0 0
114 104 31 42699.3 0 0
122 108 32 42703.6 0 0
128 115 32 42707.8 0 0
126 121 32 42712 0 0
126 126 31 42716.2 0 0
124 122 31 42720.4 0 0
124 121 32 42724.6 0 0
122 124 32 42728.9 0 0
126 116 32 42733.1 0 0
123 119 32 42737.4 0 0
125 119 31 42741.6 0 0
126 113 31 42745.8 0 0
121 124 32 42750 0 0
121 117 32 42754.2 0 0
123 115 32 42758.5 0 0
124 117 31 42762.7 0 0
126 115 32 42766.9 0 0
122 118 31 42771.1 0 0
124 116 31 42775.3 0 0
127 115 32 42779.5 0 0
125 120 32 42783.7 0 0
126 117 31 42787.9 0 0
120 117 32 42792.2 0 0
120 117 31 42796.4 0 0
123 117 31 42800.6 0 0
123 112 31 42804.8 0 0
127 115 31 42809 0 0
129 114 31 42813.2 0 0
126 122 31 42817.5 0 0
125 125 31 42821.7 0 0
126 121 31 42825.9 0 0
126 121 0 42830.2 0 0
126 120 31 42834.4 0 0
126 126 30 42838.6 0 0
126 126 0 42842.8 0 0
125 127 31 42847 0 0
119 137 30 42851.2 0 0
125 110 30 42855.4 0 0
126 119 31 42859.7 0 0
124 116 30 42863.9 0 0
125 113 30 42868.1 0 0
125 113 0 42872.3 0 0
126 129 30 42876.5 0 0
122 126 30 42880.7 0 0
127 109 30 42885 0 0
127 109 0 42889.2 0 0
124 129 30 42893.4 0 0
122 117 30 42897.6 0 0
126 115 31 42901.8 0 0
125 104 30 42906 0 0
125 104 0 42910.2 0 0
125 111 31 42914.4 0 0
125 111 0 42918.7 0 0
122 128 30 42922.9 0 0
122 128 0 42927.1 0 0
123 112 30 42931.3 0 0
123 112 0 42935.5 0 0
123 112 0 42939.7 0 0
123 112 0 42943.9 0 0
123 112 0 42948.2 0 0
123 131 29 42952.4 0 0
128 103 29 42956.6 0 0
128 103 0 42960.8 0 0
128 103 0 42965 0 0
125 106 30 42969.2 0 0
123 136 30 42973.4 0 0
126 116 30 42977.7 0 0
126 116 0 42981.9 0 0
126 116 0 42986.2 0 0
123 138 0 42990.4 0 0
123 138 0 42994.6 0 0
111 74 19 42998.8 0 0
121 109 26 43003 0 0
123 117 26 43007.3 0 0
123 117 0 43011.5 0 0
131 100 23 43015.7 0 0
131 100 0 43019.9 0 0
131 100 0 43024.1 0 0
131 100 0 43028.4 0 0
131 100 0 43032.6 0 0
131 100 0 43036.8 0 0
131 100 0 43041 0 0
131 100 0 43045.3 0 0
131 100 0 43049.5 0 0
148 65 21 43053.7 0 0
148 65 0 43057.9 0 0
148 65 0 43062.1 0 0
148 65 0 43066.3 0 0
148 65 0 43070.6 0 0
148 65 0 43074.8 0 0
148 65 0 43079 0 0
148 65 0 43083.2 0 0
148 65 0 43087.4 0 0
148 65 0 43091.6 0 0
127 95 27 43095.8 0 0
125 128 27 43100.1 0 0
125 128 0 43104.3 0 0
131 98 28 43108.5 0 0
131 98 0 43112.7 0 0
136 77 28 43116.9 0 0
135 84 27 43121.1 0 0
135 84 0 43125.3 0 0
135 84 0 43129.6 0 0
125 118 28 43133.8 0 0
125 118 0 43138 0 0
135 83 29 43142.2 0 0
127 105 26 43146.4 0 0
126 120 27 43150.6 0 0
136 83 27 43154.8 0 0
136 83 0 43159.1 0 0
128 102 28 43163.3 0 0
128 102 0 43167.6 0 0
126 113 28 43171.8 0 0
119 160 24 43176 0 0
127 92 28 43180.2 0 0
127 92 0 43184.4 0 0
127 92 0 43188.6 0 0
128 120 30 43192.8 0 0
128 120 0 43197.1 0 0
128 120 0 43201.3 0 0
131 104 29 43205.6 0 0
131 104 0 43209.8 0 0
132 109 30 43214 0 0
133 106 31 43218.2 0 0
128 98 30 43222.4 0 0
128 98 0 43226.7 0 0
128 98 0 43230.9 0 0
126 109 29 43235.1 0 0
126 109 0 43239.4 0 0
126 109 0 43243.6 0 0
126 109 0 43247.8 0 0
130 104 31 43252 0 0
130 104 0 43256.2 0 0
130 104 0 43260.4 0 0
130 104 0 43264.7 0 0
130 104 0 43268.9 0 0
130 104 0 43273.1 0 0
131 106 26 43277.3 0 0
131 106 0 43281.5 0 0
130 79 23 43285.7 0 0
135 80 26 43289.9 0 0
122 124 27 43294.2 0 0
130 101 27 43298.4 0 0
127 122 27 43302.6 0 0
127 122 0 43309.5 0 0
138 74 21 43313.7 0 0
138 74 0 43318 0 0
123 71 23 43322.3 0 0
123 71 0 43326.5 0 0
123 71 0 43330.7 0 0
123 71 0 43334.9 0 0
127 86 24 43339.1 0 0
127 86 0 43343.3 0 0
126 89 24 43347.5 0 0
143 99 24 43351.8 0 0
143 99 0 43356 0 0
131 90 27 43360.2 0 0
132 114 29 43364.4 0 0
131 103 30 43368.6 0 0
126 108 28 43372.8 0 0
133 110 29 43377 0 0
130 103 29 43381.2 0 0
130 114 30 43385.5 0 0
129 117 30 43389.7 0 0
129 111 30 43393.9 0 0
131 109 30 43398.1 0 0
131 109 0 43402.3 0 0
130 112 30 43406.5 0 0
133 110 31 43410.7 0 0
128 108 31 43415 0 0
128 123 0 43419.2 0 0
133 111 31 43426.3 0 0
128 112 31 43430.5 0 0
130 114 30 43434.7 0 0
128 119 30 43450.3 0 0
127 131 30 43454.5 0 0
127 131 0 43459.6 0 0
127 131 0 43463.8 0 0
127 131 0 43467.9 0 0
127 131 0 43472.2 0 0
133 116 28 43476.4 0 0
133 102 29 43480.6 0 0
133 102 0 43484.9 0 0
133 102 0 43489.1 0 0
122 113 31 43493.3 0 0
121 117 30 43497.5 0 0
125 107 30 43501.7 0 0
124 106 30 43505.9 0 0
126 110 31 43510.2 0 0
131 101 30 43514.4 0 0
125 115 31 43518.6 0 0
122 113 30 43522.8 0 0
127 108 31 43527 0 0
125 106 31 43531.2 0 0
124 113 30 43535.4 0 0
125 100 30 43539.7 0 0
126 113 30 43543.9 0 0
125 108 31 43548.1 0 0
126 109 30 43552.3 0 0
126 106 31 43556.5 0 0
123 111 31 43560.7 0 0
126 112 31 43567.7 0 0
126 106 32 43575.9 0 0
126 107 31 43584.4 0 0
128 108 31 43592.9 0 0
127 110 31 43601.1 0 0
126 111 31 43609.4 0 0
126 111 31 43617.9 0 0
126 107 31 43625.4 0 0
126 111 31 43629.6 0 0
127 114 31 43634.4 0 0
125 107 31 43638.6 0 0
126 109 31 43642.8 0 0
122 115 31 43647 0 0
126 103 31 43651.2 0 0
125 107 30 43655.4 0 0
125 109 31 43659.7 0 0
126 112 31 43663.9 0 0
126 108 31 43668.2 0 0
125 107 31 43672.4 0 0
126 108 31 43676.6 0 0
127 110 31 43680.8 0 0
126 110 31 43685 0 0
126 115 31 43689.2 0 0
127 110 31 43693.5 0 0
125 104 31 43697.7 0 0
128 109 31 43701.9 0 0
126 114 31 43706.1 0 0
126 117 31 43710.3 0 0
125 114 31 43714.6 0 0
126 112 31 43718.8 0 0
126 111 30 43723 0 0
126 115 30 43727.2 0 0
126 115 0 43733.8 0 0
126 115 0 43738.1 0 0
124 110 31 43742.3 0 0
124 110 0 43746.5 0 0
125 105 30 43750.8 0 0
129 101 30 43755 0 0
129 101 0 43759.2 0 0
128 98 32 43763.5 0 0
128 98 0 43767.7 0 0
125 110 30 43771.9 0 0
125 110 0 43776.1 0 0
125 110 0 43780.3 0 0
123 125 30 43784.5 0 0
128 96 30 43788.7 0 0
125 108 30 43793.2 0 0
125 108 0 43797.4 0 0
129 106 30 43801.6 0 0
129 106 0 43805.8 0 0
129 109 31 43810.1 0 0
128 103 31 43814.3 0 0
128 103 0 43818.5 0 0
128 103 0 43822.7 0 0
126 116 30 43828.6 0 0
126 116 0 43832.8 0 0
126 116 0 43837 0 0
127 117 31 43841.2 0 0
122 118 31 43845.4 0 0
122 118 0 43849.6 0 0
131 107 32 43853.9 0 0
127 102 31 43858.1 0 0
126 110 31 43862.3 0 0
130 108 31 43866.5 0 0
124 118 32 43870.7 0 0
131 108 31 43874.9 0 0
126 118 32 43879.2 0 0
124 117 31 43883.4 0 0
126 112 31 43887.6 0 0
126 112 0 43891.8 0 0
130 114 31 43896.1 0 0
129 103 31 43900.2 0 0
126 116 32 43904.5 0 0
125 114 31 43908.7 0 0
124 116 32 43912.9 0 0
127 112 31 43917.1 0 0
127 109 31 43921.4 0 0
126 109 32 43925.6 0 0
129 118 31 43929.8 0 0
129 116 31 43934 0 0
128 110 31 43938.2 0 0
128 115 31 43942.5 0 0
128 115 0 43946.7 0 0
128 116 32 43950.9 0 0
129 108 31 43955.2 0 0
124 113 32 43959.4 0 0
129 112 31 43963.6 0 0
129 107 31 43967.8 0 0
126 114 32 43972 0 0
126 114 0 43976.2 0 0
125 124 31 43981 0 0
125 124 0 43985.2 0 0
128 115 0 43989.4 0 0
127 105 32 43993.6 0 0
123 108 31 43997.8 0 0
124 114 32 44002 0 0
126 107 32 44006.2 0 0
126 106 33 44010.5 0 0
125 114 32 44014.7 0 0
128 112 31 44018.9 0 0
128 109 32 44023.1 0 0
128 111 32 44027.3 0 0
129 111 32 44031.5 0 0
128 112 32 44035.7 0 0
131 111 32 44040 0 0
129 110 32 44044.2 0 0
126 112 32 44048.4 0 0
130 112 32 44052.6 0 0
127 114 32 44056.8 0 0
128 115 31 44061 0 0
128 111 32 44065.3 0 0
128 111 33 44069.5 0 0
125 114 32 44073.7 0 0
128 112 32 44077.9 0 0
124 120 33 44082.1 0 0
123 115 33 44086.3 0 0
126 115 32 44090.6 0 0
128 114 33 44094.8 0 0
127 111 32 44099 0 0
127 115 32 44103.2 0 0
127 115 33 44107.5 0 0
125 114 32 44111.7 0 0
126 113 32 44115.9 0 0
126 117 34 44120.1 0 0
125 111 32 44124.3 0 0
128 112 32 44128.5 0 0
124 116 33 44132.8 0 0
128 111 33 44137 0 0
128 113 32 44141.2 0 0
126 113 32 44145.4 0 0
128 112 32 44149.6 0 0
125 116 33 44153.8 0 0
130 108 32 44158 0 0
127 115 33 44162.2 0 0
126 113 32 44166.5 0 0
126 109 33 44170.7 0 0
125 108 33 44174.9 0 0
124 110 32 44179.1 0 0
127 118 33 44183.3 0 0
124 113 33 44187.5 0 0
127 116 33 44191.7 0 0
127 117 33 44196 0 0
125 112 33 44200.2 0 0
128 116 33 44204.4 0 0
124 115 33 44208.7 0 0
129 112 33 44212.9 0 0
126 112 33 44217.1 0 0
126 114 33 44221.3 0 0
124 114 34 44225.6 0 0
126 112 33 44229.8 0 0
125 116 33 44234 0 0
128 112 34 44238.2 0 0
123 111 33 44242.4 0 0
127 115 34 44246.7 0 0
126 115 33 44250.9 0 0
122 109 33 44255.1 0 0
127 114 34 44259.4 0 0
126 115 33 44263.6 0 0
125 114 33 44267.8 0 0
125 114 0 44272 0 0
126 117 34 44276.3 0 0
128 113 33 44280.5 0 0
128 113 0 44284.7 0 0
127 112 33 44289 0 0
125 111 34 44293.2 0 0
124 114 34 44297.5 0 0
127 111 33 44301.7 0 0
127 111 34 44305.9 0 0
124 114 33 44310.1 0 0
127 110 34 44314.4 0 0
126 111 34 44318.6 0 0
122 115 33 44322.8 0 0
125 111 33 44327.1 0 0
125 114 34 44331.3 0 0
124 117 34 44335.5 0 0
125 113 34 44339.7 0 0
125 109 33 44343.9 0 0
123 114 33 44348.1 0 0
125 109 33 44352.3 0 0
127 113 34 44356.6 0 0
124 112 34 44360.8 0 0
125 114 34 44365 0 0
125 110 33 44369.2 0 0
124 111 33 44373.4 0 0
126 109 34 44377.7 0 0
124 113 35 44381.9 0 0
123 111 33 44386.1 0 0
128 112 34 44390.3 0 0
127 110 34 44394.6 0 0
125 112 34 44398.8 0 0
125 115 34 44402.9 0 0
127 110 34 44407.2 0 0
126 113 34 44411.4 0 0
127 108 34 44415.6 0 0
125 112 34 44419.8 0 0
125 111 34 44424.1 0 0
125 112 34 44428.3 0 0
127 112 34 44432.5 0 0
126 115 33 44436.7 0 0
124 113 34 44440.9 0 0
126 112 34 44445.2 0 0
124 115 34 44449.4 0 0
125 114 34 44453.7 0 0
126 116 34 44457.9 0 0
127 113 33 44462.1 0 0
125 113 34 44466.3 0 0
124 111 34 44470.5 0 0
127 107 34 44474.7 0 0
125 116 34 44478.9 0 0
124 112 34 44483.3 0 0
126 112 34 44487.5 0 0
124 114 34 44491.7 0 0
125 113 34 44495.9 0 0
127 108 34 44500.1 0 0
126 111 34 44504.3 0 0
127 109 35 44508.6 0 0
125 112 34 44512.8 0 0
126 113 34 44517 0 0
124 115 34 44521.2 0 0
127 113 34 44525.4 0 0
125 114 35 44529.6 0 0
124 113 34 44533.8 0 0
124 110 34 44538.1 0 0
123 108 34 44542.5 0 0
125 109 34 44546.7 0 0
127 108 35 44550.9 0 0
124 113 34 44555.1 0 0
126 110 34 44559.3 0 0
124 111 35 44563.5 0 0
125 112 35 44567.7 0 0
125 110 35 44572 0 0
125 110 34 44576.2 0 0
124 114 35 44580.4 0 0
124 114 0 44584.6 0 0
126 108 34 44588.8 0 0
128 113 35 44593 0 0
125 111 34 44597.2 0 0
124 109 35 44601.5 0 0
125 111 34 44605.8 0 0
125 113 35 44610.1 0 0
125 108 35 44614.3 0 0
126 109 35 44618.6 0 0
127 112 35 44622.8 0 0
125 109 35 44627 0 0
126 112 34 44631.2 0 0
126 110 34 44635.4 0 0
125 110 34 44639.7 0 0
126 112 35 44643.9 0 0
122 111 34 44648.1 0 0
125 112 35 44652.3 0 0
127 110 34 44656.5 0 0
125 107 35 44660.7 0 0
126 111 34 44664.9 0 0
123 112 34 44669.1 0 0
125 113 35 44673.4 0 0
127 110 35 44677.6 0 0
124 113 35 44681.8 0 0
127 110 35 44686 0 0
125 115 35 44690.2 0 0
125 111 35 44694.4 0 0
125 114 34 44698.6 0 0
126 114 35 44702.8 0 0
125 115 35 44707.1 0 0
129 109 34 44711.3 0 0
124 112 34 44715.5 0 0
124 111 35 44719.7 0 0
125 113 34 44723.9 0 0
125 109 35 44728.2 0 0
126 113 34 44732.4 0 0
126 111 35 44736.6 0 0
125 109 35 44740.8 0 0
125 113 35 44745 0 0
123 110 35 44749.2 0 0
124 111 34 44753.5 0 0
126 115 35 44757.7 0 0
126 113 35 44762 0 0
126 110 35 44766.2 0 0
125 113 35 44770.4 0 0
125 112 36 44774.6 0 0
125 116 35 44778.8 0 0
125 114 35 44783 0 0
126 111 35 44787.3 0 0
125 112 35 44791.5 0 0
124 113 35 44795.7 0 0
126 115 34 44799.9 0 0
123 115 35 44804.1 0 0
125 114 36 44808.3 0 0
123 108 35 44812.6 0 0
124 109 35 44816.8 0 0
125 112 35 44821 0 0
125 112 35 44825.3 0 0
125 113 34 44829.5 0 0
125 114 34 44833.7 0 0
121 112 35 44837.9 0 0
124 114 34 44842.1 0 0
123 110 35 44846.3 0 0
123 117 35 44850.5 0 0
126 109 35 44854.8 0 0
125 114 35 44859 0 0
127 113 34 44863.2 0 0
124 114 35 44867.4 0 0
126 114 36 44871.6 0 0
124 117 34 44875.8 0 0
127 112 34 44880.1 0 0
125 113 35 44884.3 0 0
125 114 35 44888.5 0 0
124 112 35 44892.7 0 0
126 112 35 44896.9 0 0
124 114 35 44901.1 0 0
122 118 35 44905.3 0 0
125 116 35 44909.6 0 0
128 110 35 44913.8 0 0
125 115 35 44918 0 0
126 117 35 44922.2 0 0
127 114 35 44926.4 0 0
123 111 35 44930.6 0 0
126 111 34 44934.8 0 0
127 110 34 44939 0 0
123 114 35 44943.2 0 0
126 112 35 44947.5 0 0
126 110 34 44951.7 0 0
126 115 35 44955.9 0 0
125 114 35 44960.1 0 0
125 112 35 44964.3 0 0
125 110 34 44968.6 0 0
126 108 34 44972.8 0 0
122 111 34 44977 0 0
126 113 34 44981.2 0 0
125 112 34 44985.4 0 0
126 112 34 44989.7 0 0
125 108 35 44993.9 0 0
125 113 34 44998.1 0 0
126 111 34 45002.3 0 0
124 115 34 45006.5 0 0
127 113 34 45010.7 0 0
129 114 35 45014.9 0 0
124 114 35 45019.2 0 0
124 115 34 45023.4 0 0
129 119 34 45027.8 0 0
130 124 34 45032 0 0
130 121 34 45036.2 0 0
127 127 34 45040.4 0 0
125 129 34 45044.7 0 0
128 125 34 45048.9 0 0
128 127 34 45053.1 0 0
126 124 34 45057.3 0 0
125 125 34 45061.5 0 0
125 123 33 45065.7 0 0
129 126 34 45069.9 0 0
126 123 34 45074.2 0 0
128 117 33 45078.4 0 0
125 126 34 45082.6 0 0
128 128 35 45086.8 0 0
128 127 34 45091 0 0
126 127 34 45095.2 0 0
124 130 34 45099.5 0 0
128 127 34 45103.7 0 0
126 124 34 45107.9 0 0
127 123 33 45112.2 0 0
130 125 34 45116.4 0 0
129 126 33 45120.6 0 0
126 130 34 45124.8 0 0
129 129 34 45129 0 0
127 124 34 45133.2 0 0
133 126 34 45137.5 0 0
129 133 34 45141.7 0 0
130 124 33 45145.9 0 0
128 130 34 45150.1 0 0
129 127 34 45154.3 0 0
128 125 33 45158.6 0 0
131 126 33 45162.8 0 0
127 130 34 45167 0 0
127 125 33 45171.2 0 0
129 125 34 45175.4 0 0
125 129 33 45179.6 0 0
130 127 34 45183.8 0 0
127 128 34 45188.1 0 0
128 123 33 45192.4 0 0
129 129 34 45196.6 0 0
131 129 33 45200.8 0 0
128 133 33 45205.1 0 0
128 132 34 45209.3 0 0
127 131 34 45213.5 0 0
130 125 34 45217.7 0 0
130 126 33 45221.9 0 0
126 131 34 45226.1 0 0
128 121 34 45230.3 0 0
130 133 34 45234.6 0 0
125 125 33 45238.8 0 0
128 125 33 45243.1 0 0
129 123 34 45247.2 0 0
126 129 34 45251.5 0 0
130 131 34 45255.7 0 0
127 127 34 45259.9 0 0
129 124 34 45264.2 0 0
129 127 34 45268.4 0 0
129 129 34 45272.6 0 0
129 126 33 45276.8 0 0
127 130 33 45281 0 0
129 127 33 45285.2 0 0
128 129 34 45289.5 0 0
131 125 34 45293.7 0 0
124 123 33 45297.9 0 0
131 122 34 45302.2 0 0
128 130 33 45306.4 0 0
126 132 34 45310.6 0 0
128 133 33 45314.8 0 0
130 130 34 45319 0 0
127 132 34 45323.2 0 0
129 127 34 45327.4 0 0
129 127 33 45331.6 0 0
129 129 33 45335.8 0 0
127 130 35 45340.1 0 0
129 129 33 45344.3 0 0
129 127 33 45349.4 0 0
128 129 33 45353.6 0 0
131 126 33 45357.8 0 0
126 129 34 45362.1 0 0
124 130 33 45366.3 0 0
129 123 34 45370.5 0 0
129 122 34 45374.7 0 0
127 123 34 45378.9 0 0
128 127 34 45383.2 0 0
130 128 34 45387.4 0 0
129 127 33 45391.6 0 0
129 128 33 45395.8 0 0
129 126 33 45400 0 0
127 129 33 45404.2 0 0
130 124 33 45408.5 0 0
129 127 34 45412.8 0 0
130 122 34 45417 0 0
129 123 33 45421.2 0 0
126 123 33 45425.5 0 0
126 126 33 45429.7 0 0
131 124 33 45433.9 0 0
128 124 34 45438.1 0 0
128 124 34 45449.1 0 0
128 122 34 45453.5 0 0
130 127 32 45457.7 0 0
131 123 33 45461.9 0 0
128 129 33 45466.1 0 0
128 122 33 45470.4 0 0
127 129 33 45474.6 0 0
125 123 34 45478.8 0 0
127 125 32 45483.1 0 0
128 121 33 45487.3 0 0
127 125 33 45491.5 0 0
129 127 32 45495.7 0 0
129 122 33 45499.9 0 0
126 125 33 45504.1 0 0
128 122 33 45508.4 0 0
130 123 33 45512.6 0 0
127 127 33 45516.8 0 0
127 129 33 45521 0 0
132 123 33 45525.2 0 0
126 126 32 45529.4 0 0
129 120 33 45533.6 0 0
128 122 32 45537.8 0 0
126 129 33 45544.8 0 0
129 122 33 45549 0 0
128 122 32 45553.2 0 0
128 122 0 45557.5 0 0
127 126 32 45561.7 0 0
128 128 33 45565.9 0 0
129 127 32 45570.1 0 0
123 128 32 45574.9 0 0
127 130 32 45579.1 0 0
129 126 31 45583.3 0 0
129 126 0 45587.5 0 0
126 117 32 45591.7 0 0
126 110 32 45595.9 0 0
122 106 32 45600.1 0 0
124 104 33 45604.3 0 0
124 102 33 45608.6 0 0
125 104 32 45612.8 0 0
126 100 32 45617 0 0
125 103 33 45621.2 0 0
127 106 32 45628.2 0 0
127 106 32 45636.4 0 0
126 109 32 45641 0 0
125 103 33 45645.2 0 0
126 103 32 45649.4 0 0
125 107 32 45653.6 0 0
126 101 32 45657.8 0 0
127 106 32 45662 0 0
123 104 32 45666.3 0 0
124 101 32 45670.5 0 0
125 106 32 45674.7 0 0
124 105 32 45678.9 0 0
124 99 32 45683.1 0 0
124 103 32 45687.3 0 0
126 101 33 45691.5 0 0
127 103 33 45695.8 0 0
127 102 32 45700 0 0
124 110 32 45704.2 0 0
126 106 33 45708.4 0 0
125 101 33 45712.7 0 0
126 101 32 45716.9 0 0
126 109 33 45724.1 0 0
126 101 33 45732.1 0 0
125 97 33 45740.6 0 0
125 101 32 45749 0 0
125 103 33 45757.3 0 0
127 100 32 45765.5 0 0
127 100 32 45774 0 0
123 101 33 45781.6 0 0
122 105 32 45785.8 0 0
123 103 33 45790.5 0 0
125 98 32 45794.8 0 0
121 106 33 45799 0 0
125 101 32 45803.2 0 0
125 102 32 45807.4 0 0
127 101 33 45811.6 0 0
126 103 32 45815.8 0 0
127 103 33 45820 0 0
125 100 33 45824.4 0 0
125 100 33 45828.6 0 0
126 102 32 45832.8 0 0
122 102 33 45837 0 0
125 106 33 45841.2 0 0
126 104 33 45845.5 0 0
124 102 33 45849.7 0 0
125 104 33 45854.1 0 0
125 110 32 45858.3 0 0
125 103 33 45862.6 0 0
125 104 33 45866.8 0 0
125 104 33 45871 0 0
126 102 33 45875.4 0 0
124 104 33 45879.6 0 0
125 104 33 45886.2 0 0
124 107 33 45890.4 0 0
124 102 33 45894.7 0 0
120 103 33 45898.9 0 0
123 109 33 45903.1 0 0
125 105 32 45907.3 0 0
124 106 34 45911.5 0 0
125 102 32 45915.8 0 0
127 103 33 45920 0 0
126 103 33 45924.2 0 0
124 109 32 45928.4 0 0
126 104 32 45932.6 0 0
125 104 33 45936.8 0 0
124 105 33 45941.1 0 0
125 101 33 45945.3 0 0
126 109 33 45949.6 0 0
127 105 33 45953.9 0 0
125 102 32 45958.1 0 0
126 107 33 45962.3 0 0
126 106 32 45966.5 0 0
124 105 32 45970.7 0 0
125 103 33 45974.9 0 0
125 103 33 45979.1 0 0
127 99 33 45984.8 0 0
125 100 33 45989 0 0
126 106 33 45993.2 0 0
127 102 32 45997.4 0 0
124 104 33 46001.7 0 0
127 105 33 46005.9 0 0
128 104 32 46010.1 0 0
123 107 32 46014.3 0 0
124 106 33 46018.5 0 0
127 104 32 46022.7 0 0
123 110 32 46026.9 0 0
122 111 32 46031.1 0 0
118 113 32 46035.4 0 0
110 113 32 46039.6 0 0
102 124 31 46043.8 0 0
97 126 31 46048 0 0
92 127 31 46052.2 0 0
86 129 31 46056.4 0 0
86 128 32 46060.6 0 0
89 127 31 46064.8 0 0
90 126 31 46069.1 0 0
88 132 32 46073.4 0 0
89 127 32 46077.6 0 0
88 131 32 46081.8 0 0
86 130 32 46086 0 0
90 130 31 46090.2 0 0
86 128 31 46094.5 0 0
86 128 0 46098.7 0 0
86 135 32 46102.9 0 0
87 132 32 46107.2 0 0
87 130 31 46111.4 0 0
87 131 31 46115.6 0 0
87 130 31 46119.8 0 0
84 135 31 46124 0 0
85 135 32 46128.2 0 0
90 127 31 46132.4 0 0
84 137 31 46136.8 0 0
86 131 31 46141.1 0 0
86 132 31 46145.3 0 0
85 138 31 46149.6 0 0
85 138 0 46153.8 0 0
83 129 30 46158 0 0
81 123 31 46162.2 0 0
74 109 31 46166.4 0 0
69 106 31 46170.7 0 0
66 95 30 46174.9 0 0
49 68 30 46179.1 0 0
42 58 30 46185.9 0 0
35 55 30 46190.1 0 0
35 55 30 46194.3 0 0
35 55 29 46198.6 0 0
35 55 30 46202.8 0 0
35 55 30 46207 0 0
35 55 30 46211.2 0 0
35 55 31 46215.4 0 0
35 55 30 46219.7 0 0
35 55 30 46223.9 0 0
35 55 30 46228.1 0 0
35 55 30 46232.3 0 0
35 55 30 46236.6 0 0
35 55 30 46240.8 0 0
35 55 30 46245 0 0
35 55 30 46249.2 0 0
35 55 30 46253.5 0 0
35 55 30 46257.7 0 0
35 55 30 46261.9 0 0
35 55 30 46266.1 0 0
35 55 30 46273.3 0 0
35 55 30 46281.5 0 0
35 55 30 46289.8 0 0
35 55 30 46297.3 0 0
35 55 30 46301.5 0 0
35 55 30 46306.5 0 0
35 55 30 46310.7 0 0
35 55 30 46315 0 0
35 55 30 46319.3 0 0
35 55 29 46323.5 0 0
35 55 29 46327.7 0 0
35 55 31 46331.9 0 0
35 55 30 46336.1 0 0
35 55 30 46340.3 0 0
35 55 30 46344.6 0 0
35 55 30 46348.8 0 0
35 55 30 46353 0 0
35 55 30 46357.3 0 0
35 55 31 46361.5 0 0
35 55 31 46365.7 0 0
35 55 30 46369.9 0 0
35 55 30 46374.1 0 0
45 42 30 46378.3 0 0
48 41 30 46382.5 0 0
52 38 31 46386.8 0 0
56 36 30 46391 0 0
61 33 31 46395.2 0 0
65 35 31 46399.4 0 0
67 35 31 46403.6 0 0
65 39 31 46407.8 0 0
67 40 30 46412 0 0
67 40 0 46418.9 0 0
64 39 30 46423.1 0 0
66 38 30 46427.4 0 0
66 40 30 46431.6 0 0
68 37 30 46435.8 0 0
65 41 30 46440 0 0
66 40 30 46444.2 0 0
67 38 30 46448.4 0 0
66 39 31 46452.6 0 0
65 40 30 46456.8 0 0
66 38 31 46461.1 0 0
67 37 30 46465.2 0 0
66 40 30 46469.5 0 0
67 40 30 46473.7 0 0
68 35 30 46477.9 0 0
66 36 30 46482.2 0 0
68 36 31 46486.4 0 0
65 38 30 46490.6 0 0
68 38 30 46494.8 0 0
67 37 30 46499 0 0
67 37 0 46503.2 0 0
67 39 30 46507.5 0 0
69 37 29 46511.8 0 0
66 39 30 46516 0 0
68 36 30 46523 0 0
67 40 29 46527.3 0 0
67 40 30 46531.5 0 0
68 40 31 46535.7 0 0
67 38 29 46539.9 0 0
69 35 29 46544.2 0 0
68 40 29 46548.4 0 0
66 39 30 46552.7 0 0
69 40 30 46556.9 0 0
67 43 29 46561.2 0 0
71 39 30 46565.4 0 0
84 58 29 46569.6 0 0
84 58 0 46573.8 0 0
84 58 0 46578.1 0 0
107 92 28 46582.3 0 0
119 70 28 46586.5 0 0
119 70 0 46590.7 0 0
119 70 0 46597.5 0 0
119 70 0 46601.8 0 0
119 70 0 46606 0 0
119 70 0 46610.2 0 0
119 70 0 46614.4 0 0
119 70 0 46618.6 0 0
119 70 0 46622.8 0 0
119 70 0 46627.1 0 0
119 70 0 46631.3 0 0
119 70 0 46635.5 0 0
119 70 0 46639.7 0 0
119 70 0 46643.9 0 0
119 70 0 46648.2 0 0
119 70 0 46652.3 0 0
119 70 0 46656.6 0 0
119 70 0 46660.8 0 0
119 70 0 46665 0 0
119 70 0 46669.2 0 0
119 70 0 46673.6 0 0
119 70 0 46677.8 0 0
119 70 0 46682 0 0
119 70 0 46686.2 0 0
119 70 0 46690.5 0 0
119 70 0 46694.7 0 0
119 70 0 46698.9 0 0
119 70 0 46703.1 0 0
119 70 0 46707.3 0 0
119 70 0 46711.6 0 0
119 70 0 46715.8 0 0
119 70 0 46722.8 0 0
119 70 0 46727.1 0 0
119 70 0 46731.3 0 0
119 70 0 46735.5 0 0
119 70 0 46739.7 0 0
119 70 0 46743.9 0 0
119 70 0 46748.1 0 0
88 162 18 46752.4 0 0
88 162 0 46756.6 0 0
88 162 0 46760.8 0 0
88 162 0 46765 0 0
88 162 0 46769.2 0 0
88 162 0 46773.4 0 0
88 162 0 46777.6 0 0
88 162 0 46781.9 0 0
88 162 0 46786.1 0 0
88 162 0 46790.3 0 0
119 134 25 46794.5 0 0
119 134 0 46798.8 0 0
119 134 0 46803.1 0 0
119 134 0 46807.3 0 0
119 134 0 46811.5 0 0
119 134 0 46815.7 0 0
119 134 0 46819.9 0 0
119 134 0 46824.6 0 0
119 134 0 46831 0 0
119 134 0 46835.2 0 0
119 134 0 46839.4 0 0
115 158 28 46843.7 0 0
115 158 0 46848.1 0 0
115 158 0 46852.4 0 0
115 158 0 46856.6 0 0
115 158 0 46860.8 0 0
115 158 0 46865.1 0 0
115 158 0 46869.3 0 0
115 158 0 46873.5 0 0
115 158 0 46877.7 0 0
115 158 0 46881.9 0 0
120 164 27 46886.2 0 0
118 143 29 46890.4 0 0
118 143 0 46894.6 0 0
118 143 0 46898.8 0 0
118 143 0 46903 0 0
118 143 0 46907.2 0 0
118 143 0 46911.4 0 0
119 129 29 46915.7 0 0
119 129 0 46919.9 0 0
119 129 0 46924.1 0 0
119 129 0 46928.3 0 0
119 129 0 46932.5 0 0
110 174 28 46936.7 0 0
112 175 28 46943.8 0 0
112 175 0 46948.1 0 0
112 175 0 46952.3 0 0
112 175 0 46956.5 0 0
112 175 0 46960.7 0 0
112 175 0 46964.9 0 0
112 175 0 46969.1 0 0
112 175 0 46973.4 0 0
122 131 30 46977.6 0 0
122 131 0 46981.8 0 0
122 131 0 46986.1 0 0
122 131 0 46990.2 0 0
122 131 0 46994.5 0 0
122 131 0 46998.7 0 0
122 131 0 47002.9 0 0
122 131 0 47007.1 0 0
122 131 0 47011.6 0 0
122 131 0 47015.8 0 0
122 131 0 47022.8 0 0
103 194 27 47030.8 0 0
103 194 27 47039.2 0 0
104 182 26 47047.3 0 0
108 171 22 47051.5 0 0
108 171 0 47055.8 0 0
108 171 0 47060 0 0
108 171 0 47064.3 0 0
124 170 25 47068.5 0 0
124 170 0 47072.8 0 0
104 151 28 47077 0 0
104 151 0 47081.2 0 0
110 147 27 47085.4 0 0
106 199 21 47089.6 0 0
99 193 22 47093.8 0 0
99 193 0 47098 0 0
99 193 0 47102.3 0 0
104 186 25 47106.5 0 0
104 186 0 47110.7 0 0
104 186 0 47114.9 0 0
104 186 0 47119.1 0 0
104 186 0 47123.3 0 0
102 135 24 47127.6 0 0
104 164 24 47131.8 0 0
120 160 29 47136 0 0
120 160 0 47140.2 0 0
120 160 0 47144.4 0 0
120 160 0 47148.6 0 0
120 160 0 47152.8 0 0
120 160 0 47157.1 0 0
120 160 0 47161.3 0 0
120 160 0 47168.9 0 0
120 160 0 47173.2 0 0
120 160 0 47177.4 0 0
120 160 0 47181.6 0 0
120 160 0 47185.8 0 0
120 160 0 47190 0 0
120 160 0 47194.2 0 0
120 160 0 47198.5 0 0
120 160 0 47202.7 0 0
120 160 31 47206.9 0 0
120 160 32 47211.1 0 0
120 160 30 47215.3 0 0
120 160 0 47219.6 0 0
120 160 31 47223.8 0 0
120 160 32 47228.1 0 0
120 160 30 47232.3 0 0
120 160 31 47236.6 0 0
120 160 31 47243.3 0 0
120 160 31 47247.5 0 0
120 160 31 47251.8 0 0
120 160 32 47256.2 0 0
120 160 31 47260.4 0 0
120 160 32 47264.7 0 0
120 160 32 47268.9 0 0
120 160 31 47273.1 0 0
120 160 32 47277.3 0 0
120 160 32 47281.5 0 0
120 160 32 47285.7 0 0
120 160 32 47289.9 0 0
120 160 33 47294.2 0 0
120 160 32 47298.4 0 0
120 160 32 47302.6 0 0
120 160 32 47306.8 0 0
120 160 33 47311 0 0
120 160 33 47315.2 0 0
120 160 32 47319.5 0 0
120 160 31 47323.7 0 0
120 160 32 47327.9 0 0
134 136 33 47372.6 0 0
134 136 32 47377 0 0
134 136 32 47381.2 0 0
134 136 32 47385.6 0 0
134 136 33 47389.8 0 0
134 136 33 47394 0 0
134 136 33 47398.2 0 0
134 136 32 47402.4 0 0
135 137 33 47406.6 0 0
138 134 32 47410.9 0 0
134 137 33 47415.2 0 0
133 136 33 47419.4 0 0
133 133 34 47423.6 0 0
134 136 32 47427.8 0 0
134 136 32 47432.1 0 0
130 142 33 47437.9 0 0
136 134 33 47449.9 0 0
136 134 33 47454.1 0 0
134 143 33 47458.3 0 0
132 142 33 47462.5 0 0
132 142 33 47466.7 0 0
135 138 33 47470.9 0 0
133 139 33 47475.1 0 0
133 139 33 47479.4 0 0
135 143 33 47483.6 0 0
133 140 33 47487.8 0 0
131 142 33 47492.1 0 0
134 137 33 47496.3 0 0
135 137 33 47500.5 0 0
129 144 34 47504.7 0 0
134 143 33 47508.9 0 0
134 143 33 47513.2 0 0
131 144 34 47517.4 0 0
131 144 33 47521.6 0 0
131 144 33 47525.8 0 0
138 132 33 47530 0 0
138 132 33 47534.2 0 0
132 131 33 47538.4 0 0
132 139 33 47542.7 0 0
128 123 34 47546.9 0 0
127 127 34 47551.3 0 0
130 123 33 47555.5 0 0
130 121 33 47559.7 0 0
130 118 33 47563.9 0 0
129 122 34 47568.1 0 0
128 122 33 47572.3 0 0
127 120 34 47576.6 0 0
127 121 33 47580.8 0 0
125 124 34 47585 0 0
126 125 33 47589.2 0 0
128 124 33 47593.4 0 0
128 119 33 47597.6 0 0
128 121 32 47601.8 0 0
129 121 32 47606.1 0 0
123 123 33 47610.3 0 0
128 115 33 47614.5 0 0
129 127 33 47618.7 0 0
126 121 32 47622.9 0 0
130 120 33 47627.1 0 0
126 122 33 47631.3 0 0
130 119 32 47635.6 0 0
129 118 32 47639.8 0 0
127 118 33 47644 0 0
128 124 33 47648.2 0 0
126 124 33 47652.4 0 0
127 121 33 47656.6 0 0
126 127 33 47660.8 0 0
131 119 33 47665.1 0 0
126 121 32 47669.3 0 0
128 128 32 47673.5 0 0
126 122 34 47677.7 0 0
128 121 33 47681.9 0 0
129 118 33 47686.1 0 0
125 124 33 47690.3 0 0
129 124 33 47694.6 0 0
127 123 32 47698.8 0 0
128 120 33 47703 0 0
126 117 33 47707.2 0 0
126 116 33 47711.4 0 0
126 121 33 47715.7 0 0
129 119 32 47719.9 0 0
127 120 33 47724.1 0 0
127 123 32 47728.3 0 0
127 123 33 47732.5 0 0
130 123 33 47736.8 0 0
126 121 32 47741 0 0
130 123 34 47745.2 0 0
127 132 33 47749.4 0 0
127 120 33 47753.6 0 0
126 124 33 47757.8 0 0
130 118 33 47762 0 0
128 123 33 47766.3 0 0
126 129 33 47770.5 0 0
126 129 0 47774.7 0 0
127 121 32 47778.9 0 0
127 123 32 47783.1 0 0
130 121 32 47787.3 0 0
130 121 0 47791.6 0 0
131 123 32 47795.8 0 0
128 120 33 47800 0 0
127 119 33 47804.2 0 0
129 125 32 47808.4 0 0
129 114 33 47812.7 0 0
131 124 33 47816.9 0 0
127 130 33 47821.1 0 0
125 119 32 47825.3 0 0
128 128 33 47829.6 0 0
128 121 33 47833.8 0 0
126 120 32 47838 0 0
129 123 34 47842.2 0 0
127 124 32 47846.4 0 0
128 125 33 47850.6 0 0
126 123 33 47854.8 0 0
130 118 33 47859 0 0
129 118 33 47863.2 0 0
130 121 33 47867.5 0 0
130 127 33 47871.7 0 0
125 120 33 47875.9 0 0
128 121 33 47880.1 0 0
129 122 33 47884.3 0 0
128 120 33 47888.6 0 0
129 122 33 47892.8 0 0
126 119 33 47897 0 0
129 126 33 47901.2 0 0
129 118 33 47905.4 0 0
127 122 33 47909.6 0 0
129 121 33 47913.8 0 0
128 121 34 47918 0 0
129 121 32 47922.2 0 0
125 122 32 47926.4 0 0
130 121 33 47930.6 0 0
127 120 33 47934.8 0 0
127 122 33 47939.1 0 0
126 122 33 47943.3 0 0
127 120 33 47947.5 0 0
130 120 32 47951.7 0 0
127 121 33 47955.9 0 0
128 120 33 47960.1 0 0
125 121 33 47964.3 0 0
125 122 33 47968.6 0 0
125 121 33 47972.8 0 0
128 121 33 47977 0 0
127 121 33 47981.2 0 0
130 121 33 47985.5 0 0
131 114 33 47989.7 0 0
128 119 34 47993.9 0 0
126 120 33 47998.1 0 0
128 119 32 48002.3 0 0
129 116 33 48006.5 0 0
129 121 34 48013.3 0 0
130 121 34 48017.6 0 0
128 116 33 48021.8 0 0
129 118 32 48026 0 0
127 122 33 48030.2 0 0
126 120 34 48034.4 0 0
