1009.93,109,108
1014.13,109,108
1018.34,109,108
1022.56,109,108
1026.8,109,108
1031.02,109,108
1035.22,109,108
1039.43,109,108
1043.63,109,108
1057.38,109,108
1061.61,109,108
1067.51,109,108
1071.74,109,108
1075.95,109,108
1080.16,109,108
1084.39,109,108
1088.6,109,108
1092.83,109,108
1097.05,109,108
1101.25,109,108
1105.45,109,108
1109.65,109,108
1113.87,109,108
1118.09,109,108
1122.32,109,108
1126.53,109,108
1130.73,109,108
1134.93,109,108
1139.13,109,108
1143.35,109,108
1147.56,109,108
1151.78,109,108
1155.99,109,108
1160.22,109,108
1164.43,109,108
1168.64,109,108
1172.84,109,108
1177.06,109,108
1342.84,128,107
1347.05,100,101
1351.26,100,101
1355.46,100,101
1359.66,93,77
1363.87,89,81
1368.08,89,81
1372.31,80,42
1376.53,83,41
1380.73,83,41
1384.93,83,41
1389.13,83,41
1393.35,83,41
1397.85,83,41
1402.07,83,41
1408.96,83,41
1413.18,83,41
1417.38,83,41
1421.59,83,41
1425.8,83,41
1430.02,83,41
1434.25,83,41
1438.47,83,41
1442.69,83,41
1446.89,83,41
1451.11,83,41
1455.32,83,41
1459.54,83,41
1463.76,83,41
1467.97,83,41
1472.2,83,41
1476.4,83,41
1480.61,83,41
1484.81,83,41
1489.04,83,41
1493.25,83,41
1497.49,83,41
1501.71,83,41
1505.91,83,41
1512.8,83,41
1517.04,83,41
1521.32,83,41
1525.64,83,41
1529.88,83,41
1534.09,83,41
1538.29,83,41
1542.51,83,41
1546.71,83,41
1550.93,83,41
1555.14,83,41
1559.37,83,41
1563.59,83,41
1567.81,83,41
1572.01,83,41
1576.21,83,41
1597.3,77,84
1601.51,77,84
1605.71,77,84
1609.91,76,22
1614.14,76,22
1618.35,76,22
1622.58,76,22
1627.67,76,22
1631.87,76,22
1636.07,76,22
1640.27,76,22
1644.49,76,22
1648.69,76,22
1652.9,79,23
1657.13,83,25
1661.36,83,25
1665.57,83,25
1669.77,83,25
1673.97,83,25
1678.19,83,25
1682.41,83,25
1686.63,83,25
1690.84,83,25
1695.04,83,25
1699.25,83,25
1703.45,83,25
1707.66,83,25
1711.88,83,25
1716.12,83,25
1720.35,83,25
1724.55,83,25
1728.76,83,25
1732.97,68,43
1737.2,67,37
1741.41,63,39
1745.66,58,34
1749.87,49,35
1754.08,44,43
1758.28,40,51
1762.48,33,45
1766.69,31,44
1770.91,35,37
1775.15,38,34
1779.39,37,32
1783.6,35,35
1787.81,36,34
1792.02,34,36
1796.22,35,28
1800.44,37,30
1804.64,34,36
1808.87,36,37
1813.09,37,36
1817.3,38,35
1821.5,34,38
1825.7,36,35
1829.9,33,38
1834.12,33,38
1838.33,37,33
1842.55,36,37
1846.79,36,36
1850.99,36,35
1855.21,36,33
1859.41,35,37
1863.63,34,42
1867.85,34,42
1872.08,34,38
1876.3,34,38
1880.5,34,38
1884.7,34,34
1888.9,38,36
1893.1,35,41
1897.33,36,38
1901.55,35,40
1905.76,35,38
1909.98,36,41
1914.19,33,37
1918.41,35,39
1922.61,35,40
1926.82,37,35
1931.04,36,39
1935.26,37,35
1939.48,36,36
1943.68,37,40
1947.89,36,38
1952.09,35,40
1956.31,35,41
1960.53,35,41
1964.78,37,39
1968.99,37,39
1973.21,35,48
1977.41,36,36
1981.61,34,45
1985.81,37,41
1990.04,34,42
1994.25,34,42
1998.54,35,43
2002.84,36,41
2007.05,36,41
2011.26,35,41
2015.48,35,41
2019.7,36,39
2023.92,36,36
2028.17,37,35
2032.39,35,38
2036.61,37,33
2040.82,37,38
2045.02,35,42
2049.22,36,34
2053.45,38,36
2057.68,36,40
2061.91,35,37
2066.12,36,38
2070.33,38,35
2074.53,38,32
2078.73,39,34
2082.97,34,38
2087.2,35,40
2091.43,37,40
2095.65,35,40
2099.86,37,41
2104.06,36,42
2108.27,36,39
2112.51,36,37
2116.75,36,44
2120.99,35,48
2125.2,39,42
2129.41,46,44
2133.62,53,38
2137.82,61,32
2142.02,69,33
2146.25,71,25
2150.46,71,25
2154.67,71,25
2159.09,69,50
2163.29,69,50
2167.49,71,40
2171.69,72,40
2175.9,72,40
2180.12,72,40
2184.4,73,40
2188.62,73,40
2192.82,73,40
2197.03,73,40
2201.23,73,40
2205.43,73,40
2209.66,73,40
2213.89,73,40
2218.1,73,40
2222.32,73,40
2226.52,73,40
2230.72,73,40
2234.97,73,40
2239.19,73,40
2243.41,73,40
2247.64,73,40
2251.86,73,40
2256.07,73,40
2260.27,73,40
2264.47,73,40
2268.69,73,40
2272.89,73,40
2277.14,73,40
2281.36,73,40
2285.58,73,40
2289.79,73,40
2293.99,73,40
2298.19,83,20
2302.42,83,20
2306.63,83,20
2310.85,84,17
2315.07,84,17
2319.27,83,20
2323.48,83,20
2327.68,83,20
2331.91,83,20
2336.11,83,20
2340.41,78,16
2344.66,78,16
2348.87,80,24
2353.07,83,21
2357.27,81,21
2361.47,81,21
2365.69,81,21
2369.91,85,25
2374.13,85,25
2378.34,85,25
2382.55,85,25
2386.76,85,25
2390.97,85,25
2395.19,85,25
2399.4,85,25
2403.61,85,25
2407.84,85,25
2412.05,85,25
2416.25,85,25
2420.47,85,25
2424.69,85,25
2428.9,85,25
2433.13,85,25
2437.35,85,25
2441.57,85,25
2445.76,85,25
2449.96,85,25
2454.16,85,25
2458.38,85,25
2462.59,85,25
2466.81,85,25
2471.06,85,25
2475.27,85,79
2479.48,87,80
2483.68,87,81
2487.89,83,83
2492.11,83,83
2496.34,83,83
2500.56,83,83
2504.78,83,83
2508.98,83,83
2513.18,83,83
2517.38,83,83
2521.59,83,83
2525.81,83,83
2530.57,83,83
2534.78,83,83
2538.99,83,83
2543.19,83,83
2547.39,83,83
2551.61,83,83
2555.84,83,83
2560.07,83,83
2564.29,83,83
2568.51,83,83
2572.71,83,83
2576.91,83,83
2581.14,83,83
2585.36,58,99
2589.58,71,87
2593.8,72,75
2598.01,73,68
2602.21,68,44
2606.41,68,41
2610.61,68,41
2619.04,51,14
2623.25,71,26
2627.48,67,32
2631.68,64,25
2635.88,69,27
2640.08,69,27
2644.32,70,28
2648.57,70,28
2652.78,70,28
2657.03,71,32
2661.25,69,29
2665.46,71,25
2669.67,70,31
2673.87,75,59
2678.09,72,23
2682.3,69,28
2686.52,71,34
2690.72,70,28
2694.92,73,26
2699.14,74,26
2703.34,71,28
2707.56,70,26
2711.78,70,26
2716.01,71,23
2720.22,68,28
2724.43,70,34
2728.63,70,34
2732.83,77,55
2737.5,77,55
2741.71,77,61
2745.95,77,61
2750.17,77,61
2754.37,77,61
2758.57,77,61
2762.77,77,61
2766.97,77,61
2771.19,77,61
2775.41,77,61
2780.06,77,61
2784.31,77,61
2788.52,77,61
2792.73,77,61
2796.93,77,61
2801.15,77,61
2805.37,77,61
2809.61,77,61
2813.83,77,61
2818.03,77,61
2822.23,77,61
2826.43,77,61
2830.63,77,61
2834.9,77,61
2839.18,77,61
2843.45,77,61
2847.68,77,61
2851.88,77,61
2856.09,77,61
2860.29,77,61
2864.51,77,61
2868.72,77,61
2872.94,77,61
2877.16,77,61
2881.36,77,61
2885.56,77,61
2889.76,77,61
2893.98,77,61
2898.2,77,61
2902.43,77,61
2906.66,77,61
2910.9,77,61
2915.1,77,61
2919.3,77,61
2923.51,77,61
2927.72,77,61
2931.94,77,61
2936.3,77,61
2940.5,77,61
3338.86,23,106
3343.09,30,73
3347.3,27,57
3351.5,33,55
3355.71,36,36
3359.91,37,29
3364.12,28,74
3368.34,28,47
3372.56,24,57
3376.78,24,66
3380.98,24,67
3385.18,24,67
3389.38,26,52
3393.59,23,69
3397.79,31,56
3402.02,26,53
3406.25,23,71
3410.47,25,63
3414.68,22,69
3418.88,33,47
3423.08,24,69
3427.29,24,66
3431.5,33,45
3435.72,23,70
3439.93,32,50
3444.14,22,65
3448.35,24,64
3452.55,22,64
3456.76,31,52
3460.98,24,67
3465.21,21,68
3469.43,20,70
3473.66,26,60
3477.86,31,46
3482.1,21,71
3486.33,29,51
3490.61,24,73
3494.83,29,65
3499.05,22,66
3503.26,23,64
3507.46,30,51
3511.66,32,48
3515.86,20,68
3520.07,21,62
3524.32,24,59
3528.58,28,52
3532.79,20,66
3537.01,30,51
3541.21,30,50
3545.49,21,67
3549.7,22,70
3553.92,22,63
3558.14,25,63
3562.37,25,62
3566.57,30,55
3573.71,23,63
3577.91,22,63
3582.13,23,61
3586.34,23,58
3590.58,32,51
3594.8,22,62
3599.02,22,68
3603.22,21,63
3607.42,19,61
3611.62,30,51
3615.83,27,53
3620.07,22,61
3624.29,22,66
3628.51,22,69
3632.71,23,65
3636.93,25,61
3641.13,24,62
3645.39,27,56
3649.6,29,58
3653.81,23,63
3658.03,23,64
3662.24,29,59
3666.45,28,56
3670.65,26,62
3674.86,28,54
3679.07,23,60
3683.32,29,51
3690.15,25,63
3694.4,24,60
3698.61,28,52
3702.81,28,54
3707.03,26,61
3711.25,28,53
3715.49,28,55
3719.7,28,50
3723.91,28,50
3728.11,23,62
3732.31,24,67
3736.51,29,60
3740.73,28,51
3744.95,26,51
3749.19,29,52
3753.4,27,51
3757.6,29,45
3761.81,34,58
3766.01,34,90
3770.22,13,94
3774.43,13,94
3778.66,13,94
3782.89,13,94
3787.09,13,94
3791.3,13,94
3795.5,13,94
3802.52,13,94
3806.76,13,94
3811.1,13,94
3815.31,13,94
3819.51,13,94
3823.71,13,94
3827.91,13,94
3832.12,13,94
3836.33,13,94
3840.56,13,94
3844.79,13,94
3848.99,13,94
3853.19,13,94
3857.39,13,94
3861.59,13,94
3865.8,13,94
3870.02,13,94
3874.24,13,94
3878.46,13,94
3882.66,13,94
3886.86,13,94
3891.05,13,94
3898.18,13,94
3902.43,13,94
3906.67,13,94
3910.89,13,94
3915.09,13,94
3919.29,13,94
3923.49,13,94
3927.71,13,94
3931.92,13,94
3936.14,13,94
3940.37,13,94
3944.57,13,94
3948.78,13,94
3952.98,13,94
3957.2,13,94
3961.41,13,94
3965.65,13,94
3969.87,13,94
4143.27,58,96
4147.48,58,96
4152.16,58,96
4156.45,58,96
4160.68,58,96
4164.88,58,96
4169.08,58,96
4173.28,58,96
4177.49,58,96
4181.71,72,63
4186.47,70,71
4190.67,70,71
4194.87,67,70
4199.08,72,61
4203.3,67,69
4207.73,69,62
4211.94,70,66
4218.62,71,72
4222.9,67,64
4227.12,65,65
4231.35,67,70
4235.57,68,67
4239.8,68,72
4244.01,66,68
4248.22,69,72
4252.44,67,67
4256.65,68,68
4260.85,68,69
4265.05,70,60
4269.26,68,70
4273.48,67,55
4277.71,67,66
4281.93,67,64
4286.13,66,73
4290.34,71,64
4294.54,66,68
4298.73,68,63
4302.94,69,62
4307.15,66,67
4311.37,68,63
4315.64,66,67
4319.84,66,67
4324.05,66,67
4328.26,66,67
4332.46,66,67
4336.68,66,67
4340.91,66,67
4346.44,132,96
4350.64,132,96
4354.84,132,96
4359.04,171,57
4363.25,178,68
4367.46,196,54
4371.71,203,49
4375.93,212,53
4380.14,212,53
4384.35,212,53
4388.55,212,53
4392.75,212,53
4396.96,212,53
4401.17,212,53
4405.4,212,53
4409.61,212,53
4413.81,212,53
4418.01,212,53
4422.21,212,53
4426.46,212,53
4430.69,212,53
4434.93,212,53
4439.16,212,53
4443.37,212,53
4447.57,212,53
4452.09,212,53
4456.3,212,53
4460.56,212,53
4464.82,212,53
4469.03,212,53
4473.24,212,53
4477.44,212,53
4481.65,212,53
4485.84,212,53
4490.06,212,53
4494.27,212,53
4498.65,212,53
4502.86,212,53
4507.07,212,53
4511.28,212,53
4515.48,212,53
4519.7,212,53
4523.91,212,53
4528.13,212,53
4532.35,212,53
4536.57,212,53
4540.78,212,53
4547.53,212,53
4551.79,212,53
4556.02,212,53
4560.25,212,53
4564.48,212,53
4568.68,212,53
4572.89,212,53
4664.19,198,47
4672.63,199,47
4680.88,200,47
4689.13,193,49
4697.38,193,49
4705.8,194,46
4710.01,196,49
4714.21,196,49
4718.41,196,48
4722.67,196,42
4726.88,193,48
4731.1,198,47
4735.31,193,47
4739.53,193,47
4743.82,200,40
4748.05,200,40
4752.25,199,44
4756.46,192,42
4760.66,194,42
4764.86,195,44
4769.08,196,44
4773.29,196,43
4777.53,195,45
4781.74,200,41
4785.95,196,41
4790.15,195,39
4794.35,197,39
4798.59,201,40
4802.8,197,45
4807.01,196,37
4811.24,198,41
4815.45,189,43
4822.47,199,39
4826.68,195,40
4831.05,202,35
4835.26,195,38
4839.5,200,34
4843.72,194,38
4847.93,194,41
4852.14,194,37
4856.34,198,41
4860.56,192,43
4864.77,196,41
4868.98,201,37
4873.2,199,38
4877.42,196,37
4881.62,194,40
4885.83,204,37
4890.03,198,39
4894.29,198,40
4898.49,199,54
4902.71,223,53
4906.94,223,53
4911.15,223,53
4915.36,223,53
4922.16,223,53
4926.39,223,53
4930.64,223,53
4934.92,223,53
4939.12,223,53
4943.32,223,53
4947.53,223,53
4951.73,223,53
4955.94,223,53
4960.15,223,53
4964.35,223,53
4968.55,223,53
4972.76,223,53
4976.97,223,53
4981.21,223,53
4985.43,223,53
4989.65,223,53
4993.87,223,53
4998.09,223,53
5002.32,223,53
5006.52,223,53
5010.72,223,53
5014.92,223,53
5019.12,223,53
5023.35,223,53
5027.78,223,53
5032,223,53
5038.79,223,53
5043.03,223,53
5054.88,223,53
5059.13,223,53
5063.77,223,53
5068,223,53
5072.23,223,53
5076.44,223,53
5080.64,223,53
5084.86,223,53
5089.08,223,53
5093.31,223,53
5097.52,223,53
5101.73,223,53
5114.35,205,41
5118.6,197,35
5122.83,197,35
5127.04,170,47
5131.25,161,48
5135.45,148,83
5139.65,148,83
5144.18,121,127
5148.39,121,127
5154.98,121,127
5159.22,121,127
5163.47,121,127
5167.67,121,127
5171.88,121,127
5176.1,121,127
5180.32,121,127
5184.55,121,127
5188.76,121,127
5192.96,121,127
5197.16,121,127
5201.41,121,127
5205.62,42,103
5209.84,44,91
5214.05,44,91
5218.26,44,91
5222.53,53,55
5226.75,50,53
5230.95,48,56
5235.15,50,53
5239.36,50,50
5243.58,48,55
5247.86,52,56
5252.08,45,56
5256.29,48,64
5260.49,46,65
5264.71,45,63
5268.92,52,56
5273.13,49,69
5277.37,54,71
5281.6,53,73
5285.8,52,73
5290.01,54,75
5294.21,54,75
5299.53,52,77
5303.74,50,71
5307.96,51,75
5312.2,53,76
5316.42,49,73
5320.62,51,75
5324.82,47,72
5329.02,50,72
5333.24,54,74
5337.49,41,66
5341.72,50,74
5345.92,49,71
5350.12,56,81
5354.33,52,76
5358.53,52,76
5362.74,50,71
5366.97,49,74
5371.2,51,76
5375.41,51,76
5379.61,50,78
5383.81,57,79
5388.02,48,75
5392.22,50,81
5396.44,47,79
5400.65,50,79
5404.99,47,81
5409.34,45,71
5413.55,42,76
5417.75,39,71
5421.95,56,26
5426.16,48,79
5430.39,56,31
5434.62,61,27
5438.83,50,23
5443.04,50,23
5447.24,50,23
5451.44,50,23
5455.64,50,23
5459.85,78,57
5464.1,74,53
5468.31,64,62
5472.56,73,25
5476.77,76,21
5480.97,71,26
5485.17,61,62
5489.39,63,59
5493.6,62,58
5497.83,57,61
5502.04,66,58
5506.25,61,56
5510.45,57,61
5514.65,61,60
5518.88,58,59
5523.1,71,25
5527.31,70,30
5531.55,76,20
5538.31,73,34
5542.55,71,32
5546.78,57,57
5550.99,71,29
5555.2,65,63
5559.43,63,63
5563.65,60,57
5567.85,63,61
5572.05,63,61
5576.26,67,57
5580.46,74,31
5584.68,57,60
5588.9,62,56
5593.13,59,64
5597.34,65,66
5601.54,70,45
5605.74,74,27
5609.94,64,60
5614.17,66,59
5618.39,77,28
5622.62,64,58
5626.84,68,59
5631.05,61,61
5635.25,70,48
5639.46,65,61
5643.69,69,51
5647.9,72,51
5652.11,66,50
5659,69,53
5663.23,72,44
5667.46,72,44
5671.69,72,36
5675.9,72,36
5680.12,73,48
5684.34,75,34
5688.55,75,34
5692.77,69,56
5696.97,67,50
5701.17,63,62
5705.37,87,79
5709.61,87,79
5713.83,74,55
5718.05,73,72
5722.36,90,84
5726.58,67,51
5730.8,71,75
5735,55,64
5739.23,75,75
5743.44,86,83
5747.67,86,83
5752.67,80,76
5756.87,86,82
5761.07,84,88
5765.27,81,92
5769.48,78,83
5773.7,75,73
5777.92,75,73
5782.16,75,73
5786.38,75,73
5790.58,75,73
5794.78,75,73
5798.98,75,73
5803.19,75,73
5807.41,75,73
5811.63,75,73
5815.84,75,73
5820.04,75,73
5824.25,75,73
5828.46,75,73
5832.67,75,73
5836.88,75,73
5841.1,75,73
5845.31,75,73
5849.53,80,224
5853.75,80,224
5857.96,80,224
5862.16,80,224
5866.37,80,224
5870.61,80,224
5874.83,80,224
5879.04,80,224
5883.24,80,224
5887.44,80,224
5891.64,83,224
5895.86,83,224
5900.14,83,224
5904.36,83,224
5908.65,83,224
5912.86,83,224
5917.07,83,224
5921.27,87,217
5925.5,87,217
5929.73,81,226
5933.95,81,226
5938.18,81,226
5942.4,81,226
5946.6,81,226
5950.8,79,225
5955,80,224
5959.24,80,224
5963.48,80,224
5967.69,80,224
5971.93,75,231
5976.14,77,230
5980.36,72,234
5984.56,72,234
5988.82,72,234
5993.05,73,235
5997.43,73,235
6001.65,78,225
6005.85,77,229
6010.05,81,232
6017.05,79,235
6021.27,74,235
6025.48,74,239
6030.04,73,240
6034.25,77,233
6038.46,74,234
6042.74,76,231
6046.94,76,230
6051.15,72,232
6055.36,77,235
6059.6,73,237
6063.82,80,230
6068.02,80,230
6072.22,80,230
6076.42,80,230
6080.63,79,229
6084.85,79,229
6089.06,79,229
6096.23,79,229
6104.03,79,229
6112.07,79,229
6116.28,79,229
6120.55,79,229
6124.79,79,229
6129.22,79,229
6133.45,79,229
6137.65,79,229
6141.86,79,229
6146.08,79,229
6150.29,79,229
6154.52,79,229
6158.75,79,229
6162.95,79,229
6167.15,79,229
6171.35,79,229
6175.56,79,229
6179.77,79,229
6184.01,79,229
6188.24,142,113
6192.44,141,108
6196.66,139,90
6200.86,139,82
6205.07,140,79
6209.27,141,76
6213.48,145,71
6217.69,146,70
6221.94,147,74
6226.15,148,70
6230.36,147,71
6234.57,149,68
6238.78,148,70
6243.01,151,73
6247.24,151,71
6251.45,152,73
6255.67,150,72
6259.87,149,70
6264.07,150,70
6271.04,150,68
6275.29,154,67
6279.51,150,67
6283.72,152,66
6287.93,150,63
6292.13,152,63
6296.34,152,67
6300.55,154,68
6304.76,152,66
6309,153,63
6313.23,153,66
6317.44,157,63
6321.65,154,88
6325.85,157,64
6330.06,156,88
6334.27,153,91
6338.48,159,93
6342.81,154,90
6347.01,155,90
6351.22,155,92
6355.42,149,48
6359.62,154,90
6363.84,154,91
6370.97,154,91
6377.67,154,91
6381.89,156,90
6387.67,151,51
6391.9,151,51
6396.11,151,51
6400.32,151,51
6404.55,171,54
6408.78,177,54
6413.41,182,44
6417.65,184,41
6421.85,185,44
6426.07,184,45
6430.28,183,45
6434.51,183,45
6438.72,182,52
6442.93,183,45
6447.13,182,47
6451.33,182,47
6455.81,184,48
6460.05,184,46
6464.25,184,48
6468.46,183,51
6472.73,183,50
6476.94,181,47
6481.16,182,46
6485.37,183,51
6489.59,183,46
6493.8,181,52
6498.02,183,50
6502.22,183,51
6506.43,181,49
6510.64,182,54
6514.84,181,51
6519.06,182,51
6523.28,183,49
6527.51,182,51
6531.74,184,53
6535.95,182,53
6540.15,182,52
6544.35,183,50
6548.55,182,54
6552.79,182,55
6557.04,182,54
6561.36,180,54
6565.58,184,53
6569.78,182,52
6573.99,183,52
6578.19,183,53
6582.39,183,53
6586.61,184,57
6590.84,181,50
6595.06,186,61
6599.26,184,57
6603.47,181,50
6607.67,182,55
6611.88,185,55
6616.1,182,53
6620.32,185,58
6624.6,184,57
6628.82,181,60
6633.02,182,57
6637.22,185,58
6641.44,185,61
6645.7,184,59
6649.97,182,58
6654.2,182,57
6658.42,183,56
6662.63,184,61
6666.83,181,56
6671.04,183,55
6675.24,180,51
6679.46,169,48
6683.7,158,50
6687.92,158,50
6692.12,158,50
6696.32,158,50
6700.52,158,50
6704.72,158,50
6709.23,158,50
6713.44,158,50
6717.71,158,50
6721.99,158,50
6726.22,158,50
6730.43,158,50
6734.63,158,50
6738.84,158,50
6743.08,158,50
6747.32,158,50
6751.53,158,50
6755.73,158,50
6759.93,158,50
6764.16,158,50
6768.38,158,50
6772.6,158,50
6776.83,158,50
6781.05,158,50
6785.26,158,50
6789.46,158,50
6793.66,158,50
6797.87,158,50
6802.09,158,50
6806.3,158,50
6810.53,158,50
6814.73,158,50
6818.95,158,50
6823.16,158,50
6827.35,158,50
6831.59,158,50
6835.8,158,50
6840.04,158,50
6844.28,158,50
6848.48,158,50
6852.69,158,50
6856.89,158,50
6861.09,158,50
6865.3,158,50
6869.52,158,50
6873.78,158,50
6877.99,158,50
6882.19,158,50
7506.75,172,85
7510.95,175,59
7515.16,184,51
7519.38,198,40
7523.59,202,43
7527.84,203,43
7532.06,203,43
7536.29,201,37
7540.5,196,45
7544.7,193,46
7548.9,195,43
7553.11,192,42
7557.33,196,46
7561.56,193,46
7565.77,196,47
7569.98,198,48
7574.18,198,48
7578.38,197,43
7582.59,198,46
7586.82,198,46
7591.04,194,45
7595.26,194,45
7599.48,195,43
7603.68,191,44
7607.89,194,41
7612.12,193,46
7616.33,194,43
7620.57,200,44
7624.8,196,46
7629,194,44
7633.21,195,44
7637.41,193,47
7641.61,195,41
7645.87,193,43
7650.08,194,45
7654.32,197,42
7658.55,198,44
7662.75,199,45
7666.96,194,44
7671.17,197,44
7675.38,194,40
7682.15,192,41
7686.43,197,44
7690.69,200,36
7694.89,200,36
7699.1,213,56
7703.31,230,56
7707.54,231,52
7711.74,231,52
7715.94,231,52
7720.15,231,52
7724.46,231,52
7728.66,231,52
7732.89,231,52
7737.11,231,52
7741.33,231,52
7745.57,231,52
7749.79,231,52
7753.99,231,52
7758.19,231,52
7762.4,231,52
7766.61,231,52
7770.83,231,52
7775.04,231,52
7779.27,231,52
7783.48,231,52
7787.69,231,52
7794.53,231,52
7798.76,231,52
7802.98,231,52
7807.19,231,52
7811.43,231,52
7815.68,231,52
7819.88,231,52
7824.08,231,52
7828.29,231,52
7832.5,231,52
7836.71,231,52
7840.94,231,52
7845.15,231,52
7849.35,231,52
7853.55,231,52
7857.75,231,52
7861.95,231,52
7866.17,231,52
7870.4,231,52
7874.62,231,52
7878.83,231,52
7883.03,231,52
7887.23,231,52
7891.43,231,52
7896.19,231,52
7900.4,231,52
7906.93,231,52
7932.24,247,59
7936.48,247,59
7940.68,247,59
7944.89,247,59
7949.09,247,59
7953.29,247,59
7957.5,247,59
7961.7,247,59
7965.92,247,59
7970.14,247,59
7974.37,247,59
7978.57,247,59
7982.77,247,59
7986.97,247,59
7994.12,247,59
7998.34,247,59
8002.55,247,59
8006.75,247,59
8010.96,247,59
8015.16,247,59
8019.36,247,59
8023.57,247,59
8027.8,247,59
8032.01,247,59
8036.46,247,59
8040.67,247,59
8044.87,247,59
8049.07,247,59
8053.29,247,59
8057.5,247,59
8061.72,247,59
8065.93,247,59
8070.14,247,59
8074.34,247,59
8078.54,247,59
8082.75,247,59
8087.01,247,59
8091.25,247,59
8095.47,247,59
8099.67,247,59
8103.87,247,59
8108.08,247,59
8112.3,247,59
8116.5,247,59
8123.46,247,59
8341.48,243,63
8345.69,251,66
8349.9,251,66
8698.9,252,62
8703.1,251,66
8707.34,264,66
8711.56,264,66
8718.4,264,66
8722.75,264,66
8726.99,264,66
8731.19,264,66
8735.39,264,66
8739.63,264,66
8743.84,264,66
8748.06,264,66
8752.29,264,66
8756.49,264,66
8760.69,264,66
8764.89,264,66
8769.1,264,66
8773.31,264,66
8777.55,264,66
8781.76,264,66
8785.98,264,66
8790.19,264,66
8794.39,264,66
8798.59,264,66
8802.83,264,66
8807.04,264,66
8811.26,264,66
8815.48,264,66
8819.69,264,66
8823.89,264,66
8830.77,264,66
8835.03,264,66
8839.29,264,66
8843.54,264,66
8847.75,264,66
8851.96,264,66
8856.15,264,66
8860.36,264,66
8864.58,264,66
8868.79,264,66
8873.5,264,66
8877.73,264,66
8881.94,264,66
8886.14,264,66
8890.34,264,66
8894.87,264,66
8899.09,264,66
8903.37,264,66
9541.25,234,67
9545.45,240,65
9550.08,241,70
9554.29,241,70
9558.56,245,71
9562.78,248,67
9566.99,248,67
9571.19,249,70
9575.39,253,64
9579.59,253,65
9583.81,257,68
9588.02,253,69
9592.24,255,68
9596.47,255,68
9600.68,253,71
9604.88,253,71
9609.08,253,71
9613.29,253,71
9617.52,253,72
9621.75,253,72
9625.98,253,72
9630.19,253,71
9634.39,255,68
9638.59,251,68
9642.79,254,68
9647,253,70
9651.24,254,66
9655.47,252,69
9659.68,254,66
9663.89,254,66
9668.1,254,71
9672.3,255,66
9676.51,252,68
9680.72,252,68
9684.96,253,68
9689.19,254,67
9693.39,254,64
9697.59,255,69
9701.79,256,67
9706.01,253,68
9710.21,254,67
9714.43,255,65
9718.64,256,65
9722.87,254,66
9727.07,257,64
9731.27,257,64
9735.47,257,64
9739.69,257,64
9743.9,228,58
9748.12,221,33
9752.33,206,38
9756.53,199,54
9760.74,199,54
9764.94,199,50
9769.14,200,53
9773.36,200,53
9777.59,200,53
9781.8,192,48
9786.01,188,49
9790.22,188,49
9794.42,197,54
9798.62,197,54
9802.85,193,50
9807.06,193,47
9811.64,189,45
9815.84,189,45
9820.04,189,45
9824.25,192,36
9828.45,196,42
9832.67,196,42
9836.88,196,42
9841.11,190,40
9845.33,193,38
9849.53,193,38
9853.73,197,42
9857.95,191,40
9862.16,191,40
9866.36,191,40
9870.59,191,37
9874.81,193,41
9879.03,193,41
9883.24,192,29
9887.44,190,29
9891.64,189,34
9895.85,191,29
9900.07,192,35
9904.31,194,36
9908.54,191,33
9912.76,190,33
9916.96,190,33
9921.16,193,35
9925.37,190,32
9929.59,193,32
9933.83,192,35
9938.04,188,23
9942.25,189,27
9946.45,189,31
9950.64,191,39
9954.85,190,49
9959.06,190,49
9963.27,190,49
9967.63,190,49
9971.87,190,49
9976.08,190,49
9980.28,190,49
9984.48,190,49
9988.69,190,49
9992.9,190,49
9997.12,190,49
10001.3,190,49
10005.5,190,49
10009.8,190,49
10014,190,49
10018.2,190,49
10022.4,190,49
10027,190,49
10031.2,190,49
10035.4,190,49
10039.6,190,49
10043.8,190,49
10048,190,49
10052.2,190,49
10056.4,190,49
10061.1,190,49
10065.3,190,49
10069.5,190,49
10073.7,190,49
10077.9,190,49
10082.1,190,49
10086.3,190,49
10090.5,190,49
10094.8,190,49
10099,190,49
10103.2,190,49
10107.4,190,49
10111.6,190,49
10115.8,190,49
10120,190,49
10124.9,190,49
10129.1,190,49
10133.3,190,49
10137.5,190,49
10141.7,190,49
10145.9,190,49
10150.1,190,49
10154.3,190,49
10388.8,130,177
10405.6,129,173
10409.8,126,177
10418.2,129,177
10422.5,125,175
10426.7,123,182
10439.3,128,177
10487.1,126,174
10500.6,128,179
10513.2,126,178
10517.4,126,178
10521.6,128,178
10525.9,128,177
10534.3,126,180
10555.3,128,178
10559.5,126,182
10576.4,129,179
10580.6,124,179
10584.8,122,179
10589.4,122,179
10593.6,128,175
10600.5,121,180
10604.6,121,180
10608.9,124,177
10613.2,118,180
10617.4,120,180
10621.7,120,180
10625.9,120,180
10659.7,179,63
10663.9,180,60
10668.1,179,68
10672.3,180,45
10676.5,181,50
10680.7,179,53
10684.9,178,58
10689.1,179,55
10693.4,180,55
10697.5,181,57
10701.8,179,54
10706,179,53
10712.9,180,54
10717.1,180,57
10721.3,179,54
10725.5,181,50
10729.8,181,52
10734,181,53
10738.2,179,56
10742.4,182,51
10746.6,181,52
10750.8,182,52
10755,181,57
10759.2,181,53
10763.5,178,54
10767.6,182,57
10771.9,182,54
10776.1,182,47
10780.6,182,54
10784.8,183,54
10789,182,58
10793.2,182,54
10797.4,179,54
10804.3,182,56
10808.5,181,55
10812.7,181,55
10817,180,57
10821.1,184,53
10825.4,181,55
10829.5,180,55
10833.8,181,58
10838,182,53
10842.4,182,53
10846.6,174,87
10850.8,174,87
10855,174,87
10859.2,174,87
10863.4,174,87
10867.6,174,87
10871.9,174,87
10876.1,174,87
10880.3,174,87
10884.5,174,87
10888.7,174,87
10892.9,174,87
10899.9,174,87
10904.2,174,87
10908.4,174,87
10912.6,174,87
10916.8,174,87
10921,174,87
10925.2,174,87
10929.4,174,87
10933.7,174,87
10937.9,174,87
10942.1,174,87
10946.3,174,87
10950.5,174,87
10954.7,174,87
10958.9,174,87
10963.1,174,87
10967.4,174,87
10971.6,174,87
10975.8,174,87
10980,174,87
10984.2,174,87
10988.5,174,87
10992.7,174,87
10999.8,174,87
11008.3,174,87
11016.6,174,87
11024.8,174,87
11033.1,174,87
11041.5,174,87
11454.5,210,32
11458.7,194,44
11462.9,191,55
11467.1,195,45
11471.7,194,46
11476,195,37
11482.8,194,37
11487,194,32
11491.2,194,36
11495.5,193,36
11499.7,194,35
11503.9,193,34
11508.1,193,36
11512.3,193,36
11516.5,196,37
11520.7,196,39
11524.9,196,37
11529.5,195,38
11533.7,193,38
11537.9,193,38
11542.1,193,38
11546.3,195,36
11550.5,193,36
11554.8,193,37
11559,194,35
11563.2,195,41
11567.4,192,35
11571.6,194,37
11575.8,194,37
11580.8,195,37
11585,195,37
11589.3,195,39
11593.5,193,37
11597.7,194,41
11601.9,197,38
11606.1,195,38
11610.3,194,36
11614.5,195,39
11618.8,193,37
11623,193,37
11627.2,194,40
11631.4,195,39
11635.6,194,32
11639.9,192,36
11644.2,193,34
11648.4,193,37
11652.6,196,41
11656.9,194,37
11661.1,193,39
11665.3,194,39
11669.5,193,36
11673.7,196,38
11677.9,195,37
11682.1,194,37
11686.3,194,42
11690.5,192,42
11694.7,193,40
11698.9,193,38
11703.1,193,37
11707.4,195,41
11711.5,195,41
11715.8,195,39
11720,194,38
11724.2,194,39
11728.4,194,40
11732.6,193,36
11736.8,193,40
11741.1,195,39
11745.4,197,39
11749.6,194,40
11753.8,194,37
11758,195,40
11762.2,196,39
11766.4,193,40
11770.6,195,37
11774.8,195,37
11779.1,195,32
11783.3,195,32
11787.5,183,51
11791.7,173,59
11795.9,163,88
11800.1,163,88
11804.3,163,88
11808.5,163,88
11812.8,163,88
11817,163,88
11821.2,163,88
11825.4,163,88
11829.6,163,88
11834,163,88
11838.2,163,88
11845,163,88
11849.2,163,88
11853.4,163,88
11857.6,163,88
11861.8,163,88
11866,163,88
11870.3,163,88
11874.5,163,88
11878.7,163,88
11882.9,163,88
11887.1,163,88
11891.3,163,88
11895.5,163,88
11899.8,163,88
11904,163,88
11908.2,163,88
11912.4,163,88
11916.6,163,88
11920.9,163,88
11925.1,163,88
11929.4,163,88
11933.6,163,88
11937.8,163,88
11942,163,88
11949.1,163,88
11953.3,163,88
11957.6,163,88
11961.8,163,88
11966,163,88
11970.2,163,88
11974.4,163,88
11978.6,163,88
11982.9,163,88
11987.1,163,88
11991.3,163,88
12458.1,107,168
12462.3,101,180
12466.5,95,187
12470.7,91,194
12475,90,202
12479.1,90,202
12483.4,90,202
12487.6,90,202
12491.8,90,202
12496,90,202
12500.2,90,202
12504.4,90,202
12508.6,90,202
12512.9,90,202
12517,90,202
12521.3,90,202
12525.5,90,202
12529.7,90,202
12533.9,90,202
12538.1,90,202
12542.4,90,202
12546.6,90,202
12553.6,90,202
12557.8,90,202
12562.3,90,202
12566.5,90,202
12570.7,90,202
12574.9,90,202
12579.1,90,202
12583.4,90,202
12587.6,90,200
12591.8,82,204
12596,88,201
12600.2,88,201
12604.4,88,201
12608.6,88,201
12612.9,88,201
12617.1,88,201
12621.3,88,201
12625.5,88,201
12629.7,88,201
12633.9,88,201
12638.1,88,201
12642.3,88,201
12646.6,88,201
12650.8,88,201
12655.3,88,201
12659.5,88,201
12663.7,88,201
12667.9,88,201
12672.1,88,201
12676.3,88,201
12680.5,88,201
12684.8,88,201
12689,88,201
12693.2,88,201
12697.4,88,201
12701.6,88,201
12705.8,88,201
12710,88,201
12714.3,88,201
12718.5,88,201
12722.7,88,201
12726.9,88,201
12731.1,88,201
12735.3,88,201
12739.6,88,201
12743.8,88,201
12748,88,201
12752.2,88,201
12756.5,88,201
12760.6,88,201
12764.9,88,201
12770.1,88,201
12774.4,88,201
12778.8,88,201
12783,88,201
12787.2,88,201
12791.4,88,201
12795.6,88,201
12993.7,184,43
12997.9,205,43
13002.1,207,46
13006.3,197,50
13010.5,197,50
13014.7,197,50
13018.9,193,52
13023.1,194,50
13027.4,200,45
13031.6,201,44
13035.8,200,46
13040,198,51
13044.3,202,44
13057.6,195,40
13061.8,194,42
13066,195,40
13070.2,201,40
13074.4,193,36
13085.1,195,38
13089.4,197,37
13093.6,202,36
13097.8,196,36
13102,204,38
13106.2,203,31
13110.4,198,30
13114.6,197,34
13118.8,201,28
13123.4,197,31
13127.6,202,32
13131.8,203,31
13136,204,29
13140.2,203,30
13144.4,199,25
13148.6,197,31
13152.9,199,26
13157.1,195,30
13161.3,205,30
13165.5,206,27
13169.7,202,29
13173.9,201,29
13178.1,200,27
13182.3,202,28
13186.5,203,26
13190.7,204,28
13194.9,203,29
13199.1,202,30
13203.3,204,28
13207.5,204,27
13211.8,204,27
13216,203,26
13220.2,201,23
13224.4,203,24
13228.6,204,22
13232.8,204,28
13237,199,28
13241.2,197,32
13245.4,199,29
13249.6,197,27
13253.9,203,30
13258.1,207,33
13262.3,200,29
13266.5,206,27
13270.7,208,27
13274.9,197,25
13279.1,198,25
13283.3,200,27
13287.5,200,27
13291.7,205,26
13295.9,205,28
13300.1,203,27
13304.4,205,25
13308.6,208,26
13312.8,206,30
13317,206,28
13321.2,189,57
13325.4,209,29
13329.6,204,28
13333.8,206,29
13338,210,29
13342.2,210,27
13346.5,195,58
13350.7,198,21
13354.9,196,57
13359.1,194,57
13363.3,191,59
13367.5,191,59
13371.8,192,59
13376,195,60
13380.2,191,62
13384.4,193,58
13388.6,196,62
13392.8,198,52
13397,198,50
13401.2,202,49
13405.4,214,54
13409.6,214,54
13413.9,214,54
13418,214,54
13422.2,214,54
13426.5,214,54
13430.7,214,54
13434.9,214,54
13439.1,214,54
13443.3,214,54
13447.5,214,54
13451.7,214,54
13455.9,214,54
13460.1,214,54
13464.4,214,54
13468.6,214,54
13472.8,214,54
13477,214,54
13481.2,214,54
13485.4,214,54
13489.6,214,54
13493.8,214,54
13498.3,214,54
13502.5,214,54
13506.7,214,54
13510.9,214,54
13515.1,214,54
13519.3,214,54
13523.5,214,54
13527.8,214,54
13532,214,54
13536.3,214,54
13540.5,214,54
13544.7,214,54
13548.9,214,54
13553.1,214,54
13557.3,214,54
13561.6,214,54
13565.8,214,54
13570,214,54
13574.2,214,54
13578.4,214,54
13582.6,214,54
13586.8,214,54
13591.1,214,54
13595.3,214,54
13599.5,221,57
13603.7,207,45
13607.9,194,42
13612.1,182,49
13616.3,169,46
13620.5,160,67
13624.8,160,67
13629,160,67
13633.2,160,67
13637.4,160,67
13641.6,160,67
13645.8,160,67
13650,160,67
13654.2,160,67
13658.5,160,67
13662.7,160,67
13666.9,160,67
13671.1,160,67
13675.3,160,67
13679.5,160,67
13683.7,160,67
13687.9,160,67
13692.2,160,67
13696.4,160,67
13700.6,160,67
13704.8,160,67
13709,160,67
13713.2,160,67
13717.4,160,67
13721.7,160,67
13725.9,160,67
13730.1,160,67
13734.3,160,67
13738.6,160,67
13742.8,160,67
13747,160,67
13751.2,160,67
13755.5,160,67
13759.6,160,67
13763.9,160,67
13768.1,160,67
13772.3,160,67
13776.6,160,67
13780.8,160,67
13785,160,67
13789.2,160,67
13793.5,160,67
13797.7,160,67
13801.9,160,67
13806.1,160,67
13810.4,160,67
13814.6,160,67
13818.8,160,67
13823,160,67
14110.8,71,41
14115,63,19
14119.2,63,19
14123.9,44,13
14128.1,32,57
14134.7,32,57
14138.9,41,66
14143.1,41,69
14147.3,43,67
14151.5,42,62
14155.7,39,64
14159.9,40,64
14164.1,38,66
14168.4,38,66
14172.5,38,67
14176.8,39,65
14181,43,66
14185.2,38,65
14189.5,38,63
14193.7,38,63
14197.9,37,65
14202.1,37,65
14206.3,40,64
14210.5,38,65
14214.8,38,65
14219,38,65
14223.2,37,68
14227.4,37,68
14231.6,38,64
14235.8,39,63
14240,40,64
14246.9,39,68
14251.1,39,64
14255.3,37,68
14259.6,38,68
14263.8,41,67
14268,40,67
14272.2,37,70
14276.4,38,66
14280.6,38,66
14285,39,68
14289.2,41,66
14293.4,38,63
14297.6,39,68
14301.9,41,64
14306.1,41,64
14310.3,40,66
14314.5,36,71
14318.7,41,69
14322.9,41,67
14327.1,39,68
14331.3,39,70
14335.5,38,71
14339.8,38,71
14344,37,73
14348.2,39,69
14355.2,39,69
14362.1,39,68
14366.3,37,74
14372,40,68
14376.2,39,72
14380.4,40,69
14384.6,40,73
14388.8,42,68
14393,40,71
14397.2,38,74
14401.4,42,69
14405.6,42,69
14409.9,40,72
14414.1,40,72
14418.3,40,69
14422.5,39,70
14426.7,40,71
14430.9,37,68
14435.1,37,67
14439.3,35,66
14443.5,36,66
14447.7,36,66
14451.9,35,67
14456.1,38,71
14460.4,38,70
14464.6,49,58
14468.8,49,58
14473,49,58
14479.4,49,58
14483.6,49,58
14487.9,49,58
14492.2,49,58
14496.4,49,58
14500.6,49,58
14504.8,49,58
14509,49,58
14513.2,49,58
14517.4,49,58
14521.7,49,58
14525.9,49,58
14530.1,49,58
14534.3,49,58
14538.5,49,58
14542.8,49,58
14547,49,58
14551.2,49,58
14555.4,49,58
14559.6,49,58
14563.8,49,58
14568,49,58
14572.2,49,58
14576.5,49,58
14580.6,49,58
14584.9,111,165
14589.1,110,162
14593.3,106,164
14597.5,106,164
14601.8,106,164
14606,106,164
14610.2,106,164
14614.4,106,164
14618.6,106,164
14625.5,116,144
14629.7,111,139
14634,110,151
14638.2,105,156
14642.4,111,141
14646.7,105,140
14650.9,100,147
14655.1,106,153
14659.3,104,156
14663.5,107,153
14667.7,106,154
14671.9,107,159
14676.1,101,159
14680.4,105,161
14684.6,105,157
14688.8,108,160
14693,101,169
14697.2,101,169
14701.4,101,169
14705.6,101,169
14709.8,106,157
14714,99,164
14718.3,102,160
14722.5,102,163
14726.7,102,163
14730.9,102,163
14735.1,102,163
14739.3,102,163
14743.5,102,163
14750.6,102,163
14754.8,102,163
14759,102,163
14763.2,102,163
14767.4,102,163
14771.7,102,163
14775.9,102,163
14780.2,102,163
14784.4,102,163
14788.7,102,163
14792.9,102,163
14797.1,102,163
14801.3,102,163
14805.5,102,163
14809.7,102,163
14813.9,102,163
14818.1,102,163
14822.4,102,163
14826.5,102,163
14830.8,101,165
14835,101,165
14839.2,104,164
14843.4,101,167
14850.5,101,167
14854.7,101,167
14858.9,101,167
14863.1,101,167
14867.3,101,167
14871.6,101,167
14875.8,101,167
14880,101,167
14884.2,101,167
14888.4,101,167
14892.6,123,155
14896.8,124,156
14901,124,156
14922.1,127,144
14926.3,129,141
14930.5,127,148
14934.8,128,149
14939,127,151
14943.2,127,151
14947.4,127,151
14951.6,127,151
14955.8,127,151
14960,127,151
14964.3,127,151
14968.5,127,151
14972.7,127,151
14976.9,127,151
14981.1,127,151
14985.3,127,151
14989.5,127,151
14993.8,127,151
14998,127,151
15002.2,127,151
15006.4,127,151
15010.6,127,151
15014.8,127,151
15019,127,151
15023.2,127,151
15027.4,127,151
15031.6,127,151
15036,127,151
15040.2,127,151
15044.4,127,151
15048.6,127,151
15063.8,127,151
15068,127,151
15072.2,127,151
15076.4,127,151
15080.6,127,151
15089,127,151
15093.2,127,151
15097.5,127,151
15101.7,127,151
15105.9,127,151
15110.1,127,151
15114.3,127,151
15118.5,127,151
15123.2,127,151
15127.5,127,151
15131.7,127,151
15135.9,127,151
15140.1,127,151
15586.9,26,54
15591.1,30,68
15595.4,32,68
15599.6,32,69
15603.8,31,68
15608,32,70
15612.4,32,70
15616.6,32,70
15620.8,32,72
15625.1,33,73
15629.3,34,73
15633.5,34,72
15637.7,35,73
15641.9,32,74
15646.1,36,69
15650.4,35,70
15654.7,36,70
15658.9,35,72
15663.1,32,73
15667.3,33,75
15671.5,34,72
15675.7,31,74
15680,36,70
15684.2,34,72
15688.4,33,70
15692.6,33,66
15696.8,36,70
15701,34,66
15705.2,35,66
15709.4,32,67
15713.7,36,69
15717.9,35,69
15722.1,33,70
15728.9,31,70
15733.2,34,69
15737.4,35,68
15741.6,35,68
15745.9,33,66
15750.1,33,69
15754.3,32,69
15758.5,32,68
15762.7,33,73
15766.9,36,63
15771.1,30,70
15775.3,32,67
15779.5,32,69
15783.8,34,65
15788,33,68
15792.2,32,67
15796.4,33,66
15800.6,33,66
15804.8,32,65
15809,33,66
15813.3,32,63
15817.5,33,66
15821.7,31,66
15825.9,33,66
15830.1,32,66
15837.3,33,61
15841.5,33,60
15845.7,25,44
15849.9,25,44
15854.1,25,44
15858.4,25,44
15862.6,25,44
15866.8,25,44
15871,25,44
15875.2,25,44
15879.4,25,44
15883.6,25,44
15887.8,25,44
15892,25,44
15896.3,25,44
15900.5,25,44
15904.7,25,44
15908.9,25,44
15913.1,25,44
15917.3,25,44
15921.5,25,44
15928.7,25,44
15933,25,44
15937.2,25,44
15941.4,25,44
15945.6,25,44
15949.8,25,44
15954,25,44
15958.2,25,44
15962.5,25,44
15966.7,25,44
15970.9,25,44
15975.1,25,44
15979.3,25,44
15983.5,25,44
15987.7,25,44
15991.9,25,44
15996.2,25,44
16000.4,25,44
16004.6,25,44
16008.8,25,44
16013,25,44
16017.2,25,44
16021.8,25,44
16026,25,44
16032.8,25,44
16037,25,44
16041.2,25,44
16045.4,25,44
16121.3,169,52
16125.5,176,44
16129.7,190,45
16133.9,198,41
16138.1,198,41
16142.3,207,44
16146.5,203,55
16150.7,203,52
16155,204,47
16161.9,203,44
16166.1,207,47
16170.4,205,46
16174.6,204,39
16178.9,204,39
16183.1,205,42
16187.3,205,42
16191.5,203,41
16195.7,203,42
16199.9,207,40
16204.1,207,40
16208.3,205,40
16212.6,205,37
16216.8,203,35
16221,206,39
16225.2,206,38
16229.5,207,36
16233.6,207,36
16238,207,40
16242.2,207,40
16249.1,207,43
16257.6,207,41
16265.8,204,44
16274.3,208,36
16282.6,206,39
16290.8,204,40
16299.3,208,42
16307.8,208,42
16315.2,206,40
16319.5,205,40
16324.2,206,38
16328.5,207,42
16332.8,205,35
16337,206,40
16341.2,205,45
16345.4,206,42
16349.6,206,42
16353.8,207,46
16358,206,43
16362.2,207,43
16366.4,206,41
16370.7,206,41
16374.9,206,41
16379.1,205,39
16383.3,206,44
16387.5,207,42
16391.7,204,45
16395.9,204,45
16400.1,207,37
16404.3,206,38
16408.6,206,38
16412.8,206,38
16417,205,39
16421.2,206,34
16425.4,206,34
16429.6,207,39
16433.8,207,39
16440.2,206,34
16444.4,211,29
16448.6,211,29
16452.8,211,29
16457,214,32
16461.2,214,32
16465.5,200,41
16470,200,41
16474.2,200,41
16478.4,200,41
16482.6,200,41
16486.8,200,41
16491,200,41
16495.2,200,41
16499.4,200,41
16503.6,200,41
16507.8,200,41
16512,200,41
16516.2,200,41
16520.5,200,41
16524.7,200,41
16528.9,200,41
16534,200,41
16538.2,200,41
16542.5,200,41
16546.7,200,41
16550.9,200,41
16555.1,200,41
16559.3,200,41
16563.6,200,41
16567.8,200,41
16572,200,41
16576.2,200,41
16580.4,200,41
16584.7,200,41
16589.1,200,41
16593.3,200,41
16597.6,200,41
16601.8,200,41
16606,129,138
16610.2,126,141
16614.4,127,140
16618.6,129,139
16622.8,129,139
16627,129,139
16631.2,124,141
16635.5,124,141
16639.7,127,138
16643.9,127,138
16648.1,124,139
16652.3,122,136
16656.5,124,139
16660.8,125,141
16665,122,147
16669.2,122,147
16673.3,122,147
16677.6,122,147
16681.8,122,147
16690.3,129,134
16698.7,126,140
16702.9,125,140
16707.2,123,143
16711.4,122,146
16715.6,123,146
16719.8,123,146
16724.1,123,145
16728.3,128,142
16732.5,119,145
16736.7,123,139
16740.9,124,139
16745.1,125,142
16749.3,125,141
16753.5,122,145
16757.8,123,141
16762,122,146
16766.2,121,148
16770.4,123,142
16774.7,123,145
16778.9,123,139
16783.1,119,147
16787.3,123,146
16791.5,116,151
16795.8,121,147
16800,120,144
16804.2,120,145
16808.4,120,145
16812.7,120,145
16816.9,120,145
16821.1,120,145
16825.3,120,145
16829.5,120,145
16833.7,113,152
16837.9,113,152
16842.1,113,152
16846.3,113,152
16850.5,113,152
16854.7,113,152
16858.9,113,152
16863.2,113,152
16867.4,113,152
16871.6,113,152
16875.8,113,152
16880,113,152
16884.2,113,152
16888.4,113,152
16892.6,113,152
16896.8,113,152
16901.1,113,152
16905.8,113,152
16910,113,152
16914.2,113,152
16918.4,113,152
16922.6,113,152
16926.8,113,152
16931,113,152
16935.2,113,152
16939.5,113,152
16943.7,113,152
16947.9,113,152
16952.1,113,152
16956.3,113,152
16960.5,113,152
16964.8,113,152
16969,113,152
16973.2,113,152
16977.4,113,152
16981.6,113,152
16985.8,113,152
16990,113,152
16994.3,113,152
16998.7,113,152
17003,113,152
17007.2,113,152
17011.4,113,152
17015.6,113,152
17019.8,113,152
17024.3,113,152
17028.5,113,152
17032.7,113,152
17037,113,152
17366.6,175,81
17370.8,181,39
17375,188,44
17379.2,192,37
17383.5,191,37
17387.7,191,39
17391.9,191,48
17396.1,191,48
17400.3,189,48
17405,189,48
17409.2,190,48
17413.4,189,50
17417.6,191,46
17421.8,190,49
17426,186,50
17430.2,186,50
17434.5,189,50
17438.7,188,49
17442.9,188,47
17447.1,188,48
17451.3,189,50
17455.5,188,44
17459.7,190,51
17464.2,188,47
17468.5,190,48
17472.7,190,49
17476.9,189,47
17481.1,191,49
17485.3,189,51
17489.5,188,50
17493.8,187,50
17498,187,51
17502.2,187,50
17506.4,186,46
17510.6,187,51
17514.8,188,47
17519.1,186,51
17523.3,190,51
17527.5,188,48
17531.7,191,51
17536,188,50
17540.2,191,49
17544.4,189,49
17548.6,188,52
17552.8,190,48
17557,187,49
17561.2,189,50
17565.5,191,51
17569.7,189,50
17573.9,191,49
17578.1,188,53
17582.3,189,51
17586.5,189,52
17590.7,188,46
17595,189,48
17599.2,189,50
17603.4,189,48
17607.6,189,48
17611.8,189,49
17616,189,53
17620.2,192,50
17624.5,189,50
17628.7,190,48
17632.9,188,46
17637.1,191,51
17641.3,188,48
17645.5,190,47
17649.7,189,48
17653.9,189,49
17658.2,189,51
17662.4,189,50
17666.6,188,47
17670.8,188,50
17675,189,49
17679.2,188,48
17683.5,188,47
17687.7,188,49
17691.9,185,45
17696.1,188,48
17700.3,188,49
17704.6,189,50
17708.8,187,44
17713,185,39
17717.2,193,41
17721.5,204,43
17725.7,215,47
17729.9,221,51
17734.1,234,48
17738.3,234,48
17742.5,234,48
17746.7,234,48
17751,234,48
17755.2,234,48
17759.4,234,48
17763.6,234,48
17767.8,234,48
17772.2,234,48
17776.5,234,48
17780.7,234,48
17784.9,234,48
17789.1,234,48
17793.3,234,48
17797.5,234,48
17801.7,234,48
17805.9,234,48
17810.2,234,48
17814.4,234,48
17818.6,234,48
17822.8,234,48
17827,234,48
17831.2,234,48
17835.5,234,48
17839.7,234,48
17843.9,234,48
17848.2,234,48
17852.3,234,48
17856.5,234,48
17860.8,234,48
17865,234,48
17869.2,234,48
17873.9,234,48
17878.2,234,48
17882.4,234,48
17886.6,234,48
17890.8,234,48
17895,234,48
17899.2,234,48
17903.5,234,48
17907.7,234,48
17911.9,234,48
17916.1,234,48
17920.3,234,48
17924.5,234,48
17928.7,234,48
17933.2,234,48
18955,106,200
18959.3,106,200
18963.5,106,199
18967.7,112,192
18972,105,201
18976.2,104,201
18980.4,108,199
18984.6,105,203
18988.8,106,198
18993,103,199
18997.3,109,195
19001.5,106,200
19005.7,104,197
19009.9,104,197
19014.1,104,197
19018.3,104,197
19022.5,105,198
19026.7,105,198
19031,105,198
19035.2,109,197
19039.4,103,199
19043.6,108,193
19047.8,106,197
19062,105,197
19066.2,104,197
19071.5,100,201
19075.8,105,199
19080,107,192
19089,105,196
19093.2,104,195
19097.5,111,192
19101.7,103,197
19105.9,106,195
19110.1,106,195
19114.3,104,198
19118.5,102,200
19122.7,98,202
19126.9,97,205
19134,99,199
19142.4,105,195
19150.7,102,195
19158.9,102,195
19167.4,102,195
19174.6,79,237
19178.8,87,222
19183.9,78,238
19188.2,78,238
19192.4,78,238
19196.6,78,238
19200.8,78,238
19205,83,225
19209.2,83,233
19213.4,90,217
19217.6,90,217
19221.8,87,223
19226,87,223
19230.2,87,223
19234.4,87,220
19238.6,84,222
19242.8,87,219
19247.1,83,226
19251.3,83,226
19255.5,80,232
19259.7,83,215
19263.9,85,219
19268.1,81,221
19272.3,82,224
19276.5,79,230
19280.7,75,240
19284.9,71,242
19289.1,71,242
19293.3,71,242
19297.5,71,242
19301.8,71,242
19306,71,242
19310.2,71,242
19315.2,71,242
19319.4,71,242
19323.6,71,242
19327.8,71,242
19332,92,210
19336.3,90,212
19340.5,90,218
19344.7,90,214
19348.9,92,218
19353.1,86,219
19357.3,86,219
19361.5,86,219
19365.7,86,219
19370,86,219
19374.2,86,219
19378.4,86,219
19382.6,86,219
19386.8,86,219
19391,86,219
19395.2,86,219
19399.4,78,232
19403.6,78,232
19407.8,85,220
19412,86,227
19416.2,86,227
19420.4,86,227
19424.7,86,227
19428.9,111,190
19433.1,119,182
19437.3,119,182
19445.7,130,161
19458.3,127,168
19466.8,127,167
20865.7,103,114
20870.2,94,104
20874.4,94,104
20878.6,94,104
20882.8,94,104
20887,94,104
20891.2,94,104
20895.4,94,104
20899.6,74,131
20903.8,74,131
20908,76,123
20912.2,76,123
20916.5,76,119
20920.7,73,120
20925,76,131
20929.2,76,120
20933.4,74,119
20937.6,74,129
20941.9,74,129
20946.1,74,129
20950.3,74,129
20954.5,77,117
20961.6,75,118
20965.8,76,118
20970.1,74,116
20974.3,74,116
20978.5,76,113
20982.7,76,113
20986.9,76,112
20991.1,70,119
20995.3,74,113
20999.6,75,114
21003.8,77,113
21008,72,114
21012.2,70,107
