128 155 66 43036.9 0 0
124 147 66 43041.2 0 0
126 151 66 43045.4 0 0
124 149 66 43049.6 0 0
125 150 66 43053.8 0 0
122 147 66 43058 0 0
123 150 66 43062.3 0 0
124 152 66 43066.7 0 0
123 151 66 43070.9 0 0
127 152 65 43075.2 0 0
124 150 66 43079.4 0 0
124 150 66 43083.6 0 0
123 154 67 43087.8 0 0
125 150 66 43092 0 0
124 151 66 43096.2 0 0
124 153 66 43100.4 0 0
127 151 66 43104.6 0 0
128 150 66 43108.8 0 0
123 153 66 43113 0 0
123 152 66 43117.3 0 0
124 151 66 43121.5 0 0
125 153 66 43125.7 0 0
126 150 66 43129.9 0 0
124 153 66 43134.2 0 0
126 152 66 43138.4 0 0
128 151 66 43142.7 0 0
125 148 67 43146.9 0 0
125 146 66 43151.1 0 0
127 146 66 43155.3 0 0
124 146 66 43160 0 0
123 147 67 43164.2 0 0
124 143 66 43168.4 0 0
126 140 66 43172.7 0 0
122 140 66 43176.8 0 0
126 142 66 43181.1 0 0
125 142 66 43185.3 0 0
122 141 67 43189.5 0 0
125 134 66 43193.8 0 0
127 138 66 43198 0 0
126 136 66 43202.2 0 0
125 135 66 43206.4 0 0
126 136 66 43210.6 0 0
125 134 66 43214.8 0 0
125 139 66 43219.1 0 0
125 131 66 43223.3 0 0
123 132 66 43227.5 0 0
124 134 66 43231.7 0 0
122 138 66 43235.9 0 0
125 134 66 43240.1 0 0
127 132 66 43244.3 0 0
124 132 66 43248.5 0 0
124 134 66 43252.8 0 0
128 129 67 43257 0 0
123 128 66 43261.2 0 0
123 126 67 43265.4 0 0
122 124 66 43269.6 0 0
125 128 66 43273.8 0 0
127 128 67 43278 0 0
126 121 67 43282.3 0 0
125 122 66 43286.5 0 0
124 119 66 43290.7 0 0
126 124 66 43294.9 0 0
125 123 66 43299.1 0 0
127 123 66 43303.3 0 0
127 125 66 43307.5 0 0
124 122 67 43311.7 0 0
123 117 66 43315.9 0 0
126 121 67 43320.2 0 0
126 115 66 43324.4 0 0
125 116 66 43328.6 0 0
123 118 66 43332.8 0 0
123 122 67 43337 0 0
126 118 66 43341.2 0 0
125 122 66 43345.5 0 0
126 124 66 43349.7 0 0
127 124 66 43353.9 0 0
127 124 66 43358.1 0 0
122 122 66 43362.3 0 0
123 121 66 43366.5 0 0
124 124 66 43370.8 0 0
124 124 67 43375 0 0
124 120 66 43379.3 0 0
126 126 66 43383.5 0 0
127 125 66 43387.8 0 0
124 126 66 43392 0 0
125 129 66 43396.2 0 0
127 127 65 43400.4 0 0
126 121 65 43404.6 0 0
124 127 65 43408.8 0 0
124 124 65 43413.1 0 0
126 123 65 43417.3 0 0
128 124 65 43421.5 0 0
126 124 65 43425.7 0 0
125 124 65 43429.9 0 0
125 125 65 43434.1 0 0
125 126 65 43438.3 0 0
123 124 64 43442.6 0 0
125 122 64 43446.8 0 0
121 125 64 43451 0 0
122 119 64 43455.2 0 0
121 117 64 43459.5 0 0
121 120 63 43463.7 0 0
122 126 63 43467.9 0 0
123 123 63 43472.2 0 0
121 122 63 43476.4 0 0
123 124 63 43480.6 0 0
123 123 62 43484.8 0 0
124 126 63 43489 0 0
122 125 62 43493.3 0 0
122 123 62 43497.5 0 0
124 127 62 43501.7 0 0
122 121 62 43505.9 0 0
122 120 62 43510.2 0 0
126 119 62 43514.4 0 0
123 119 62 43518.6 0 0
123 120 62 43522.8 0 0
122 119 61 43527 0 0
125 118 61 43531.2 0 0
125 119 61 43535.4 0 0
124 117 61 43539.7 0 0
124 119 61 43543.9 0 0
123 116 61 43548.1 0 0
123 119 60 43552.3 0 0
124 116 61 43559.2 0 0
124 118 60 43563.4 0 0
123 115 60 43567.7 0 0
126 116 60 43571.9 0 0
125 117 60 43576.1 0 0
124 117 60 43580.3 0 0
125 119 60 43584.6 0 0
122 117 60 43588.8 0 0
125 115 60 43593 0 0
124 117 60 43597.2 0 0
122 119 59 43601.5 0 0
125 118 59 43605.7 0 0
120 117 60 43609.9 0 0
124 124 59 43614.1 0 0
123 120 59 43618.3 0 0
121 121 59 43622.5 0 0
124 124 59 43626.7 0 0
124 122 59 43631 0 0
122 117 59 43635.8 0 0
122 117 59 43640 0 0
121 116 59 43646.6 0 0
124 115 59 43650.9 0 0
123 115 59 43655.1 0 0
123 116 59 43659.3 0 0
122 117 59 43663.5 0 0
125 119 59 43667.7 0 0
123 119 59 43671.9 0 0
123 117 59 43676.1 0 0
123 118 59 43680.3 0 0
121 117 59 43684.8 0 0
122 118 59 43689.1 0 0
123 119 59 43693.6 0 0
124 118 59 43697.8 0 0
122 120 59 43702 0 0
122 120 59 43706.2 0 0
121 118 59 43710.9 0 0
123 118 59 43715.1 0 0
121 119 59 43719.4 0 0
122 113 59 43723.6 0 0
124 116 59 43727.8 0 0
123 119 59 43732 0 0
122 119 59 43736.2 0 0
122 115 59 43740.4 0 0
121 124 59 43744.7 0 0
124 120 59 43748.9 0 0
124 120 59 43753.1 0 0
121 121 59 43757.3 0 0
123 121 59 43761.5 0 0
121 121 59 43765.7 0 0
121 117 59 43769.9 0 0
120 118 59 43774.1 0 0
124 117 59 43778.4 0 0
120 119 59 43782.8 0 0
121 119 59 43787.1 0 0
123 119 59 43791.3 0 0
124 126 59 43795.5 0 0
125 119 59 43799.7 0 0
124 121 59 43803.9 0 0
123 117 59 43808.1 0 0
121 121 59 43812.3 0 0
122 117 59 43816.6 0 0
124 118 59 43820.8 0 0
121 119 59 43825 0 0
123 119 59 43829.2 0 0
123 123 59 43833.4 0 0
121 123 59 43837.6 0 0
123 121 60 43841.8 0 0
121 122 59 43846.1 0 0
121 123 59 43850.3 0 0
122 128 60 43854.5 0 0
122 129 60 43858.7 0 0
123 130 60 43863.4 0 0
123 129 60 43867.6 0 0
121 127 60 43871.8 0 0
121 136 59 43876.1 0 0
119 133 59 43880.3 0 0
120 128 59 43884.5 0 0
119 154 59 43888.7 0 0
115 170 59 43892.9 0 0
116 198 59 43897.1 0 0
115 223 58 43901.4 0 0
123 240 62 45352 0 0
119 238 62 45364.6 0 0
122 238 62 45368.9 0 0
122 231 62 45373.1 0 0
124 231 63 45377.3 0 0
124 231 0 45381.5 0 0
124 231 0 45386 0 0
123 227 62 45390.2 0 0
121 221 62 45394.4 0 0
120 222 62 45398.6 0 0
124 219 63 45402.8 0 0
123 220 62 45407.1 0 0
123 220 0 45411.3 0 0
121 212 63 45415.6 0 0
122 217 62 45419.8 0 0
123 205 62 45424 0 0
121 211 61 45428.2 0 0
121 212 61 45432.4 0 0
123 212 62 45436.6 0 0
125 207 62 45440.8 0 0
121 207 62 45445.1 0 0
123 215 61 45449.3 0 0
123 221 62 45453.5 0 0
124 219 61 45457.7 0 0
124 219 61 45461.9 0 0
121 213 62 45466.2 0 0
123 225 62 45470.4 0 0
126 234 62 45474.6 0 0
125 226 62 45478.8 0 0
123 227 61 45483.1 0 0
124 233 61 45487.2 0 0
122 233 62 45491.5 0 0
123 235 63 45495.7 0 0
122 237 62 45499.9 0 0
123 240 62 45504.1 0 0
120 238 62 45516.8 0 0
125 234 63 45525.2 0 0
92 219 66 45561.7 0 0
87 234 63 45565.9 0 0
74 215 64 45570.1 0 0
68 221 63 45574.3 0 0
64 210 64 45578.5 0 0
56 222 62 45582.7 0 0
49 215 63 45586.9 0 0
48 202 64 45591.1 0 0
42 214 63 45595.4 0 0
46 219 61 45599.6 0 0
45 216 62 45603.8 0 0
46 215 63 45608 0 0
47 205 65 45612.2 0 0
45 216 63 45616.4 0 0
44 206 65 45620.6 0 0
42 204 64 45624.8 0 0
45 204 65 45629.1 0 0
44 204 66 45633.3 0 0
43 205 65 45637.5 0 0
43 205 64 45641.7 0 0
42 206 65 45645.9 0 0
42 218 62 45650.1 0 0
42 207 65 45654.3 0 0
42 218 62 45658.6 0 0
43 224 61 45662.8 0 0
45 205 65 45667 0 0
42 220 63 45671.2 0 0
42 220 0 45675.4 0 0
42 206 65 45679.7 0 0
45 227 61 45686.8 0 0
44 224 63 45691.3 0 0
44 213 64 45695.6 0 0
43 224 63 45699.8 0 0
46 222 62 45704 0 0
44 215 64 45708.2 0 0
45 221 63 45712.4 0 0
42 222 62 45716.6 0 0
44 210 64 45720.8 0 0
44 205 65 45725.1 0 0
45 217 62 45729.3 0 0
45 225 61 45733.5 0 0
44 215 62 45737.7 0 0
46 217 62 45741.9 0 0
44 213 62 45746.1 0 0
46 212 62 45750.3 0 0
42 214 63 45757.4 0 0
44 210 62 45761.7 0 0
48 221 61 45765.9 0 0
42 216 62 45770.1 0 0
44 218 62 45774.4 0 0
43 217 62 45778.6 0 0
46 218 63 45783 0 0
41 222 63 45787.2 0 0
45 228 61 45791.4 0 0
41 208 64 45795.7 0 0
44 212 64 45799.9 0 0
42 227 62 45804.1 0 0
40 215 64 45808.3 0 0
41 227 62 45812.5 0 0
38 228 62 45816.7 0 0
31 233 60 45820.9 0 0
18 226 62 45825.2 0 0
9 233 58 45829.4 0 0
9 233 60 45840.8 0 0
10 234 63 45849.1 0 0
8 232 61 45857.3 0 0
7 232 63 45865.6 0 0
9 233 60 45874.1 0 0
7 226 60 45882.1 0 0
7 226 60 45890.6 0 0
7 228 60 45898.6 0 0
6 224 60 45902.8 0 0
5 219 59 45907.3 0 0
6 220 60 45911.5 0 0
8 216 61 45915.8 0 0
9 220 60 45920 0 0
7 218 60 45924.2 0 0
9 219 61 45928.4 0 0
9 218 60 45932.6 0 0
9 220 57 45936.8 0 0
10 218 61 45941 0 0
10 219 61 45945.3 0 0
7 227 59 45949.5 0 0
7 218 62 45953.7 0 0
7 219 61 45957.9 0 0
11 222 59 45962.1 0 0
6 224 60 45966.3 0 0
11 233 57 45970.6 0 0
7 229 59 45974.8 0 0
6 231 60 45979 0 0
6 234 58 45987.4 0 0
7 239 57 46165 0 0
7 240 56 46173.4 0 0
6 237 57 46181.9 0 0
4 237 57 46186.1 0 0
4 240 56 46190.3 0 0
7 239 57 46194.6 0 0
6 240 57 46198.8 0 0
6 235 57 46203 0 0
6 240 56 46207.2 0 0
10 238 57 46211.4 0 0
7 240 57 46220 0 0
9 240 57 46287.5 0 0
9 238 56 46294.2 0 0
6 237 57 46298.4 0 0
11 235 57 46306.8 0 0
8 231 57 46311.1 0 0
7 232 58 46315.3 0 0
10 230 57 46319.6 0 0
8 224 57 46323.8 0 0
9 223 58 46328 0 0
5 220 59 46332.2 0 0
11 216 58 46336.4 0 0
10 224 56 46340.7 0 0
10 214 58 46345 0 0
8 208 59 46349.2 0 0
10 204 59 46353.4 0 0
10 203 59 46357.6 0 0
14 202 57 46361.8 0 0
11 198 60 46366 0 0
12 193 59 46370.3 0 0
8 196 59 46374.6 0 0
13 193 60 46378.8 0 0
10 197 58 46383 0 0
15 185 60 46387.3 0 0
11 178 61 46394.1 0 0
12 175 59 46398.3 0 0
15 179 60 46402.6 0 0
12 176 58 46406.8 0 0
10 178 60 46411.1 0 0
9 169 60 46415.3 0 0
13 168 61 46419.5 0 0
13 167 60 46423.7 0 0
14 166 61 46427.9 0 0
13 163 59 46432.1 0 0
13 162 61 46436.3 0 0
14 163 60 46440.7 0 0
14 164 60 46444.9 0 0
19 160 60 46449.1 0 0
13 166 57 46453.3 0 0
14 162 60 46457.5 0 0
11 157 60 46461.7 0 0
12 159 60 46465.9 0 0
13 167 59 46470.2 0 0
16 160 60 46474.4 0 0
18 161 60 46478.6 0 0
15 163 60 46482.8 0 0
13 170 59 46487 0 0
14 172 57 46491.2 0 0
14 171 60 46498.2 0 0
14 183 59 46506.7 0 0
12 190 59 46515 0 0
12 200 60 46523.2 0 0
12 200 60 46531.5 0 0
8 223 56 46539.1 0 0
10 231 58 46543.3 0 0
12 237 61 47244.9 0 0
10 235 61 47249.1 0 0
17 240 62 47253.3 0 0
11 234 61 47257.5 0 0
12 234 61 47261.8 0 0
9 231 62 47265.9 0 0
8 231 62 47270.2 0 0
11 231 62 47274.4 0 0
12 230 62 47278.6 0 0
14 233 62 47282.9 0 0
8 237 60 47287.1 0 0
10 232 62 47291.3 0 0
14 231 63 47295.6 0 0
14 239 61 47299.8 0 0
15 224 64 47303.9 0 0
13 238 62 47308.2 0 0
225 238 64 47806.4 0 0
227 239 64 47810.7 0 0
227 235 65 47819.1 0 0
227 239 66 47823.3 0 0
227 234 64 47831.7 0 0
226 240 64 47835.9 0 0
227 239 64 47848.6 0 0
226 237 64 47878.5 0 0
223 237 64 48103.1 0 0
225 239 64 48107.3 0 0
222 236 63 48128.3 0 0
219 222 64 48132.6 0 0
223 232 63 48136.8 0 0
225 234 63 48141 0 0
223 231 63 48145.2 0 0
219 208 64 48149.4 0 0
220 230 63 48153.7 0 0
226 226 63 48157.9 0 0
224 224 63 48162.1 0 0
221 224 63 48166.3 0 0
225 231 63 48170.5 0 0
227 231 63 48174.7 0 0
218 222 63 48178.9 0 0
219 216 64 48183.2 0 0
222 211 64 48187.4 0 0
218 205 64 48191.6 0 0
221 211 64 48195.9 0 0
220 223 63 48200.1 0 0
218 206 64 48204.3 0 0
222 223 63 48208.5 0 0
215 203 64 48212.7 0 0
220 223 63 48216.9 0 0
222 206 64 48221.2 0 0
223 221 63 48225.4 0 0
217 203 64 48229.6 0 0
223 232 63 48233.8 0 0
220 226 63 48238.3 0 0
223 234 63 48242.5 0 0
219 227 63 48246.7 0 0
220 228 63 48251 0 0
219 218 64 48255.2 0 0
218 230 63 48259.4 0 0
211 223 65 48263.6 0 0
198 216 64 48267.8 0 0
188 212 67 48272 0 0
176 210 67 48276.3 0 0
170 222 66 48280.5 0 0
156 222 66 48285 0 0
140 221 67 48289.2 0 0
140 221 0 48293.4 0 0
129 216 67 48297.7 0 0
127 224 67 48301.9 0 0
123 223 67 48306.1 0 0
123 215 68 48310.3 0 0
123 215 0 48314.5 0 0
126 211 68 48318.8 0 0
125 207 69 48323 0 0
125 207 0 48327.2 0 0
119 214 67 48331.4 0 0
119 214 0 48335.6 0 0
122 215 68 48339.8 0 0
122 215 0 48344.1 0 0
122 215 0 48348.3 0 0
121 206 69 48352.5 0 0
120 205 69 48356.7 0 0
122 207 70 48360.9 0 0
123 206 68 48365.2 0 0
119 211 67 48369.4 0 0
123 206 68 48373.6 0 0
123 205 68 48377.8 0 0
120 210 67 48382 0 0
120 210 0 48386.2 0 0
121 216 66 48390.5 0 0
121 208 69 48394.7 0 0
121 208 0 48398.9 0 0
120 209 67 48403.1 0 0
122 212 68 48407.4 0 0
123 213 68 48411.6 0 0
123 213 0 48415.8 0 0
120 213 67 48420.1 0 0
123 213 70 48424.2 0 0
123 215 68 48428.4 0 0
124 213 69 48432.7 0 0
121 212 68 48436.9 0 0
123 212 71 48441.8 0 0
123 212 0 48446 0 0
123 212 0 48450.2 0 0
123 212 0 48454.4 0 0
123 212 0 48458.6 0 0
123 212 0 48462.8 0 0
123 212 0 48467.1 0 0
123 212 0 48471.3 0 0
123 212 0 48475.5 0 0
122 221 67 48479.8 0 0
122 221 0 48484 0 0
121 214 67 48488.2 0 0
121 214 67 48492.5 0 0
121 214 0 48496.7 0 0
123 213 67 48500.9 0 0
123 213 0 48505.2 0 0
123 213 0 48509.4 0 0
123 210 67 48513.6 0 0
123 210 0 48517.8 0 0
121 203 70 48522 0 0
123 208 67 48526.2 0 0
120 200 70 48530.4 0 0
120 200 0 48534.7 0 0
125 199 67 48538.9 0 0
122 201 67 48543.1 0 0
121 200 69 48547.3 0 0
124 198 68 48551.5 0 0
123 202 67 48555.7 0 0
127 201 68 48559.9 0 0
124 199 67 48564.1 0 0
124 200 69 48568.4 0 0
122 201 69 48572.6 0 0
122 201 0 48576.8 0 0
124 199 68 48581 0 0
125 201 68 48585.2 0 0
123 200 67 48589.4 0 0
122 199 68 48593.7 0 0
125 198 67 48600.6 0 0
124 199 67 48604.8 0 0
125 200 68 48609 0 0
123 201 67 48613.2 0 0
125 200 68 48617.5 0 0
124 202 67 48621.8 0 0
123 197 68 48626 0 0
125 201 68 48630.3 0 0
125 201 0 48634.5 0 0
123 199 68 48638.7 0 0
123 200 67 48642.9 0 0
125 198 69 48647.1 0 0
124 198 68 48651.3 0 0
125 203 69 48655.6 0 0
124 202 67 48660.1 0 0
122 209 66 48664.3 0 0
122 217 64 48671.3 0 0
125 219 64 48675.5 0 0
127 221 64 48679.7 0 0
126 224 65 48683.9 0 0
127 225 65 48688.3 0 0
128 227 64 48692.5 0 0
126 223 65 48696.8 0 0
124 224 65 48701 0 0
126 237 64 48705.2 0 0
126 232 64 48709.4 0 0
127 238 64 48713.8 0 0
81 239 65 49238 0 0
77 239 64 49254.9 0 0
81 240 64 49263.3 0 0
80 237 64 49267.5 0 0
82 237 64 49280.3 0 0
79 227 64 49288.8 0 0
82 235 64 49295.7 0 0
82 226 64 49304.2 0 0
82 226 64 49312.4 0 0
79 221 64 49320.4 0 0
80 222 64 49324.6 0 0
83 231 64 49328.9 0 0
83 221 64 49333.2 0 0
80 230 65 49337.5 0 0
82 228 64 49341.7 0 0
81 222 64 49346 0 0
81 216 64 49350.2 0 0
87 212 65 49354.4 0 0
96 208 65 49358.6 0 0
103 198 66 49362.8 0 0
111 191 65 49367 0 0
118 182 65 49371.3 0 0
124 183 65 49375.5 0 0
131 181 65 49379.8 0 0
137 172 64 49384 0 0
141 169 64 49388.2 0 0
147 167 64 49392.4 0 0
153 163 64 49396.6 0 0
155 162 64 49400.8 0 0
158 187 62 49405.1 0 0
160 215 59 49411.9 0 0
167 219 51 49529.3 0 0
171 184 56 49533.6 0 0
169 167 58 49537.8 0 0
177 157 59 49542 0 0
176 151 60 49546.2 0 0
177 150 61 49550.4 0 0
180 141 62 49554.6 0 0
182 145 62 49558.8 0 0
184 126 64 49563 0 0
183 130 65 49567.3 0 0
184 150 63 49571.5 0 0
184 129 64 49575.7 0 0
181 130 64 49579.9 0 0
179 132 65 49584.1 0 0
180 137 64 49588.3 0 0
179 132 65 49595.2 0 0
182 133 65 49599.4 0 0
182 140 65 49603.7 0 0
180 136 65 49607.9 0 0
182 135 67 49612.2 0 0
181 136 65 49616.4 0 0
181 135 64 49620.6 0 0
178 133 65 49624.8 0 0
182 134 66 49629 0 0
183 138 66 49633.3 0 0
183 136 64 49637.5 0 0
179 134 65 49641.7 0 0
181 134 66 49645.9 0 0
182 128 65 49650.2 0 0
181 125 64 49654.5 0 0
183 128 65 49658.8 0 0
181 125 67 49663 0 0
178 126 65 49667.3 0 0
183 127 64 49671.5 0 0
181 128 65 49675.7 0 0
182 146 63 49685.6 0 0
178 125 64 49690.1 0 0
181 143 63 49695.3 0 0
181 138 63 49699.6 0 0
180 122 66 49703.8 0 0
180 122 64 49708 0 0
182 140 63 49712.2 0 0
189 120 64 49716.4 0 0
198 120 64 49720.8 0 0
204 136 62 49725.1 0 0
212 140 62 49729.3 0 0
213 135 61 49733.5 0 0
210 135 62 49737.7 0 0
203 133 62 49741.9 0 0
204 136 62 49746.1 0 0
202 131 61 49750.4 0 0
208 135 62 49754.6 0 0
208 132 61 49758.8 0 0
209 133 61 49763 0 0
206 131 61 49767.2 0 0
205 133 61 49771.4 0 0
206 130 61 49775.7 0 0
205 128 61 49779.9 0 0
207 127 61 49786.8 0 0
207 131 62 49791 0 0
205 127 60 49795.2 0 0
207 125 61 49799.5 0 0
205 127 61 49803.7 0 0
206 128 60 49807.9 0 0
209 130 60 49812.1 0 0
209 133 63 49816.4 0 0
205 132 61 49820.7 0 0
204 130 61 49824.9 0 0
197 136 61 49829.1 0 0
188 142 61 49833.3 0 0
177 146 62 49837.5 0 0
161 151 62 49841.7 0 0
153 166 61 49846 0 0
136 203 61 49850.2 0 0
88 238 61 49937.2 0 0
87 229 61 49941.4 0 0
86 214 61 49945.7 0 0
85 213 61 49949.9 0 0
82 212 62 49954.1 0 0
87 211 62 49958.3 0 0
87 212 62 49962.6 0 0
86 211 62 49966.8 0 0
84 211 62 49971 0 0
85 211 62 49975.3 0 0
86 212 62 49979.5 0 0
84 211 62 49983.7 0 0
86 211 62 49987.9 0 0
87 211 62 49992.1 0 0
84 210 62 49996.3 0 0
87 215 63 50000.6 0 0
84 209 62 50007.5 0 0
85 215 62 50011.7 0 0
90 217 62 50015.9 0 0
84 217 62 50020.2 0 0
85 214 62 50024.4 0 0
86 215 62 50028.6 0 0
84 212 62 50032.8 0 0
85 212 62 50037.1 0 0
85 213 62 50041.3 0 0
86 213 62 50045.5 0 0
87 212 62 50049.7 0 0
85 214 62 50053.9 0 0
83 213 62 50058.1 0 0
82 216 62 50062.3 0 0
76 220 63 50067.1 0 0
68 225 62 50071.4 0 0
71 226 62 50078.4 0 0
72 223 62 50082.6 0 0
73 226 62 50086.8 0 0
74 225 62 50091 0 0
73 228 62 50095.3 0 0
75 226 62 50099.5 0 0
72 218 62 50103.7 0 0
75 230 62 50107.9 0 0
74 226 62 50112.1 0 0
72 231 62 50116.3 0 0
74 227 63 50120.5 0 0
74 230 62 50124.8 0 0
74 226 62 50129.4 0 0
72 226 63 50133.7 0 0
73 229 62 50137.9 0 0
73 229 62 50142.1 0 0
75 226 62 50148.4 0 0
73 230 62 50152.7 0 0
77 227 62 50157.2 0 0
72 225 62 50161.4 0 0
73 226 63 50165.7 0 0
74 219 63 50169.8 0 0
70 226 62 50174.1 0 0
75 226 63 50178.3 0 0
75 231 63 50182.5 0 0
74 227 63 50186.7 0 0
74 228 62 50190.9 0 0
74 226 63 50195.1 0 0
75 228 62 50199.4 0 0
73 222 63 50203.6 0 0
75 230 63 50207.8 0 0
72 222 62 50212.1 0 0
73 222 63 50216.3 0 0
72 220 62 50220.6 0 0
75 221 63 50224.8 0 0
76 223 63 50229 0 0
74 221 63 50233.2 0 0
74 219 63 50237.4 0 0
73 222 63 50241.6 0 0
73 225 63 50245.8 0 0
73 219 63 50250 0 0
77 224 63 50254.2 0 0
73 221 63 50258.5 0 0
75 221 63 50262.7 0 0
72 225 63 50266.9 0 0
74 220 63 50271.1 0 0
73 218 63 50275.4 0 0
73 223 63 50279.7 0 0
74 219 63 50283.9 0 0
72 223 63 50288.1 0 0
73 221 63 50292.3 0 0
74 219 63 50296.6 0 0
75 220 63 50300.8 0 0
81 213 64 50305 0 0
90 205 64 50309.2 0 0
104 191 65 50313.4 0 0
112 184 65 50317.7 0 0
124 179 64 50321.9 0 0
131 169 64 50326.1 0 0
141 171 64 50330.3 0 0
154 168 64 50334.5 0 0
161 165 64 50338.8 0 0
174 167 63 50343 0 0
187 172 63 50347.2 0 0
194 171 63 50351.4 0 0
200 167 62 50355.6 0 0
208 166 61 50359.8 0 0
213 166 62 50364 0 0
216 160 62 50368.3 0 0
223 155 62 50372.5 0 0
228 153 61 50376.9 0 0
229 152 61 50381.1 0 0
228 153 61 50385.3 0 0
230 152 60 50389.6 0 0
229 152 61 50393.8 0 0
226 159 61 50397.9 0 0
227 150 61 50402.2 0 0
225 152 61 50406.4 0 0
227 150 61 50410.6 0 0
228 150 61 50414.8 0 0
227 147 60 50419 0 0
229 147 62 50423.2 0 0
227 147 61 50427.4 0 0
226 146 61 50431.7 0 0
223 147 61 50435.9 0 0
226 147 60 50440.1 0 0
229 147 61 50444.3 0 0
227 153 61 50448.6 0 0
225 147 61 50452.8 0 0
227 147 61 50457 0 0
229 148 61 50461.2 0 0
225 145 62 50465.4 0 0
224 147 61 50469.7 0 0
224 145 61 50473.9 0 0
227 146 61 50478.1 0 0
226 145 61 50482.3 0 0
227 146 60 50486.5 0 0
226 145 61 50490.7 0 0
227 146 61 50494.9 0 0
227 143 61 50499.2 0 0
225 141 60 50503.7 0 0
227 147 61 50507.9 0 0
225 141 60 50512.1 0 0
228 140 60 50516.3 0 0
226 139 61 50520.5 0 0
224 139 60 50524.7 0 0
227 139 61 50529 0 0
226 139 60 50533.2 0 0
225 140 60 50537.4 0 0
225 137 60 50541.6 0 0
225 135 61 50545.8 0 0
225 136 61 50550 0 0
226 135 61 50554.2 0 0
227 142 60 50558.4 0 0
226 135 60 50562.7 0 0
225 135 60 50566.9 0 0
227 142 60 50571.1 0 0
225 133 60 50575.3 0 0
223 134 61 50579.5 0 0
224 134 60 50583.7 0 0
228 134 60 50587.9 0 0
226 141 60 50592.1 0 0
225 134 60 50596.4 0 0
228 134 60 50600.7 0 0
225 134 60 50604.9 0 0
226 134 60 50609.1 0 0
226 132 60 50613.3 0 0
225 134 60 50617.5 0 0
226 133 61 50621.7 0 0
225 131 60 50625.9 0 0
224 132 60 50630.2 0 0
224 133 60 50634.4 0 0
225 134 60 50638.6 0 0
225 132 60 50642.8 0 0
227 140 60 50647 0 0
223 133 60 50651.2 0 0
225 137 60 50655.4 0 0
226 130 60 50659.7 0 0
226 131 60 50663.9 0 0
227 130 60 50668.1 0 0
225 131 59 50672.3 0 0
226 131 60 50676.5 0 0
226 127 60 50680.7 0 0
226 129 60 50684.9 0 0
226 134 60 50689.2 0 0
224 127 60 50693.5 0 0
225 127 59 50697.8 0 0
226 127 59 50702 0 0
223 135 60 50706.2 0 0
224 127 60 50710.4 0 0
225 130 59 50714.6 0 0
223 128 60 50718.8 0 0
224 128 60 50723.1 0 0
225 128 59 50727.3 0 0
226 130 60 50731.5 0 0
228 126 59 50735.7 0 0
223 125 60 50739.9 0 0
226 127 60 50744.1 0 0
224 124 60 50748.3 0 0
225 124 60 50752.6 0 0
224 126 59 50756.8 0 0
224 125 60 50761 0 0
228 124 60 50765.2 0 0
224 125 60 50769.4 0 0
224 124 60 50773.6 0 0
224 125 59 50777.8 0 0
224 126 60 50782.1 0 0
225 126 60 50786.3 0 0
228 123 59 50790.5 0 0
222 127 60 50794.7 0 0
224 125 60 50798.9 0 0
223 123 60 50803.1 0 0
226 122 60 50807.3 0 0
223 122 60 50811.6 0 0
224 118 60 50816.4 0 0
225 116 60 50820.7 0 0
224 123 60 50824.9 0 0
225 116 60 50829.1 0 0
225 123 60 50833.3 0 0
224 117 60 50837.5 0 0
225 118 60 50841.7 0 0
223 112 60 50846 0 0
216 124 60 50850.2 0 0
214 114 61 50854.4 0 0
204 110 62 50858.6 0 0
199 114 62 50862.8 0 0
191 108 62 50867 0 0
186 115 62 50871.2 0 0
185 113 62 50875.5 0 0
182 106 62 50879.7 0 0
178 104 63 50883.9 0 0
180 117 62 50888.1 0 0
183 112 62 50892.3 0 0
181 104 63 50896.6 0 0
181 106 62 50900.8 0 0
179 108 62 50905 0 0
178 107 62 50909.2 0 0
177 105 62 50913.5 0 0
178 108 63 50917.7 0 0
180 104 62 50921.9 0 0
178 105 62 50926.1 0 0
179 110 62 50930.3 0 0
179 106 63 50934.5 0 0
181 111 63 50938.8 0 0
180 110 62 50943 0 0
177 104 62 50947.2 0 0
181 105 62 50951.5 0 0
179 103 63 50955.7 0 0
180 104 62 50959.9 0 0
180 111 62 50964.1 0 0
180 103 62 50968.3 0 0
179 108 62 50972.6 0 0
177 103 63 50976.8 0 0
179 103 62 50981 0 0
175 101 62 50985.2 0 0
179 99 63 50989.4 0 0
179 101 63 50993.7 0 0
179 101 63 50997.9 0 0
179 109 63 51002.1 0 0
177 98 63 51006.4 0 0
179 107 63 51010.6 0 0
177 103 63 51014.8 0 0
179 107 62 51019 0 0
175 106 63 51023.2 0 0
175 114 62 51027.4 0 0
171 116 62 51031.7 0 0
169 127 62 51035.9 0 0
168 134 62 51040.1 0 0
167 148 62 51044.3 0 0
167 167 62 51048.6 0 0
164 180 62 51052.8 0 0
167 186 62 51057 0 0
161 201 62 51061.2 0 0
168 205 62 51065.4 0 0
168 205 62 51069.7 0 0
166 201 62 51073.9 0 0
168 196 62 51078.1 0 0
168 203 62 51082.3 0 0
169 203 62 51086.5 0 0
169 206 62 51090.7 0 0
167 204 62 51094.9 0 0
168 200 62 51099.2 0 0
168 202 62 51103.4 0 0
166 203 62 51107.6 0 0
168 203 62 51111.8 0 0
165 205 62 51116 0 0
167 201 62 51120.2 0 0
166 203 62 51124.4 0 0
170 202 62 51128.7 0 0
166 206 62 51132.9 0 0
168 203 62 51139.9 0 0
167 206 62 51144.1 0 0
168 206 62 51148.3 0 0
165 205 62 51152.5 0 0
172 203 62 51156.8 0 0
178 207 63 51161 0 0
189 212 62 51165.2 0 0
193 217 62 51169.4 0 0
194 222 62 51173.6 0 0
195 224 62 51177.8 0 0
193 218 62 51182 0 0
189 215 62 51186.3 0 0
190 217 62 51190.5 0 0
191 215 62 51194.7 0 0
191 212 62 51199 0 0
192 216 62 51203.2 0 0
194 219 62 51207.4 0 0
195 215 62 51211.6 0 0
193 219 62 51215.8 0 0
195 218 62 51220 0 0
191 218 62 51224.3 0 0
195 220 62 51228.5 0 0
193 218 62 51232.7 0 0
193 218 62 51236.9 0 0
193 221 62 51242.2 0 0
195 218 62 51246.5 0 0
193 217 62 51250.9 0 0
193 217 62 51255.1 0 0
194 218 62 51259.3 0 0
197 217 62 51263.6 0 0
195 215 62 51267.8 0 0
195 218 62 51271.9 0 0
195 218 62 51276.2 0 0
194 218 62 51280.4 0 0
198 224 62 51284.6 0 0
193 219 62 51288.8 0 0
196 220 62 51293 0 0
195 222 62 51297.2 0 0
194 219 62 51301.4 0 0
196 220 62 51305.6 0 0
189 216 62 51309.9 0 0
198 227 62 51314.1 0 0
193 221 62 51318.4 0 0
194 222 62 51322.6 0 0
198 225 62 51326.8 0 0
195 223 62 51331 0 0
195 223 62 51335.2 0 0
193 224 62 51339.4 0 0
195 223 62 51343.7 0 0
192 224 62 51347.9 0 0
194 224 62 51352.1 0 0
194 223 62 51356.3 0 0
193 224 62 51360.6 0 0
196 226 62 51364.8 0 0
193 224 62 51369 0 0
193 220 62 51373.2 0 0
193 216 62 51377.4 0 0
195 205 62 51381.7 0 0
195 186 62 51385.9 0 0
191 170 62 51390.1 0 0
191 154 62 51394.3 0 0
193 150 62 51398.5 0 0
191 138 63 51402.8 0 0
192 129 63 51407 0 0
193 118 64 51411.2 0 0
191 122 63 51415.4 0 0
191 115 63 51419.6 0 0
190 101 64 51423.8 0 0
187 107 63 51428.1 0 0
187 92 64 51432.3 0 0
188 112 63 51436.5 0 0
186 110 63 51440.7 0 0
185 105 63 51444.9 0 0
186 105 63 51449.2 0 0
188 110 63 51453.4 0 0
186 108 63 51460.3 0 0
188 102 63 51464.6 0 0
186 84 64 51468.8 0 0
187 100 63 51473 0 0
188 99 63 51477.2 0 0
188 99 63 51481.5 0 0
188 93 63 51485.7 0 0
186 104 63 51489.9 0 0
188 94 63 51494.1 0 0
187 92 62 51498.3 0 0
186 91 63 51502.6 0 0
186 91 63 51506.8 0 0
187 91 63 51511 0 0
185 98 63 51515.2 0 0
187 98 63 51519.5 0 0
184 95 63 51523.7 0 0
187 92 62 51527.9 0 0
189 102 63 51532.2 0 0
185 100 62 51536.4 0 0
187 94 62 51540.6 0 0
185 92 62 51547.7 0 0
187 91 62 51551.9 0 0
184 92 62 51556.2 0 0
185 95 62 51560.4 0 0
186 93 62 51564.6 0 0
187 92 62 51568.8 0 0
189 98 62 51573.1 0 0
187 105 62 51577.3 0 0
188 102 61 51581.5 0 0
185 98 62 51585.7 0 0
186 99 62 51589.9 0 0
186 102 62 51594.2 0 0
185 99 62 51598.4 0 0
184 99 61 51602.6 0 0
186 102 61 51606.8 0 0
186 95 61 51611 0 0
186 107 61 51615.2 0 0
186 102 61 51619.4 0 0
186 99 60 51623.7 0 0
186 98 61 51627.9 0 0
187 98 61 51632.1 0 0
188 96 61 51636.3 0 0
188 96 60 51640.5 0 0
186 96 60 51644.7 0 0
187 105 60 51651.9 0 0
186 93 60 51656.1 0 0
190 100 60 51660.3 0 0
186 97 60 51664.5 0 0
188 97 60 51668.7 0 0
187 94 60 51672.9 0 0
189 90 60 51677.2 0 0
186 98 60 51681.4 0 0
188 91 60 51685.6 0 0
186 100 60 51690 0 0
179 98 60 51694.3 0 0
170 100 60 51698.5 0 0
158 97 61 51702.7 0 0
151 104 61 51706.9 0 0
142 114 61 51711.2 0 0
134 114 60 51715.5 0 0
128 120 60 51719.7 0 0
122 130 60 51723.9 0 0
118 137 60 51730.8 0 0
118 146 60 51735 0 0
117 152 60 51739.3 0 0
116 160 60 51743.5 0 0
115 157 60 51747.7 0 0
115 157 60 51751.9 0 0
114 160 60 51756.2 0 0
115 157 60 51760.4 0 0
116 156 59 51764.6 0 0
117 159 59 51768.8 0 0
114 158 59 51773 0 0
117 157 59 51777.2 0 0
116 164 59 51781.5 0 0
116 163 59 51785.7 0 0
115 167 59 51790 0 0
115 165 59 51794.2 0 0
115 166 59 51798.4 0 0
115 167 59 51802.6 0 0
114 159 59 51806.8 0 0
115 165 59 51811 0 0
115 163 59 51815.3 0 0
115 165 59 51819.5 0 0
113 162 59 51823.7 0 0
113 160 59 51827.9 0 0
114 160 59 51832.1 0 0
113 160 59 51836.4 0 0
116 158 60 51843.2 0 0
116 163 59 51847.5 0 0
114 163 59 51851.7 0 0
118 164 59 51855.9 0 0
114 167 59 51860.1 0 0
113 165 59 51864.3 0 0
114 165 59 51868.5 0 0
113 156 59 51872.8 0 0
114 158 59 51877 0 0
113 158 59 51881.2 0 0
113 160 59 51885.4 0 0
111 159 59 51889.6 0 0
114 160 59 51893.8 0 0
115 159 59 51898 0 0
115 158 59 51902.3 0 0
115 159 59 51906.8 0 0
114 161 59 51911.1 0 0
114 160 59 51915.3 0 0
116 164 59 51919.5 0 0
118 169 59 51926.6 0 0
119 166 59 51930.8 0 0
120 174 59 51935 0 0
122 172 59 51939.2 0 0
119 175 59 51943.4 0 0
121 173 59 51947.7 0 0
119 169 59 51952 0 0
120 171 59 51956.2 0 0
121 172 59 51960.4 0 0
122 172 59 51964.6 0 0
123 174 59 51968.9 0 0
120 178 59 51973.1 0 0
119 173 59 51977.3 0 0
117 175 59 51981.5 0 0
120 170 59 51985.7 0 0
116 164 59 51989.9 0 0
119 174 59 51994.2 0 0
119 168 59 51998.4 0 0
120 176 59 52002.6 0 0
118 171 59 52006.8 0 0
120 170 59 52011.1 0 0
120 169 59 52015.2 0 0
121 166 59 52019.4 0 0
120 175 59 52026.5 0 0
119 170 59 52030.7 0 0
120 176 59 52034.9 0 0
123 175 59 52039.2 0 0
120 168 59 52043.4 0 0
121 174 59 52047.6 0 0
119 176 59 52051.8 0 0
120 174 59 52056 0 0
120 176 59 52060.2 0 0
121 173 59 52064.5 0 0
120 175 59 52068.7 0 0
121 171 59 52072.9 0 0
120 172 59 52077.1 0 0
119 170 60 52081.3 0 0
120 174 59 52085.5 0 0
124 171 59 52089.7 0 0
121 171 59 52094 0 0
118 176 59 52098.2 0 0
120 170 60 52102.4 0 0
122 177 59 52106.6 0 0
120 177 60 52110.8 0 0
123 178 60 52115 0 0
124 175 59 52119.3 0 0
121 176 60 52123.6 0 0
123 179 60 52130.4 0 0
123 178 60 52134.7 0 0
121 171 59 52138.9 0 0
123 176 60 52143.1 0 0
119 171 60 52147.3 0 0
119 173 60 52151.6 0 0
121 172 59 52155.8 0 0
121 172 60 52160 0 0
120 174 59 52164.3 0 0
123 174 59 52168.5 0 0
119 178 59 52172.7 0 0
122 173 60 52176.9 0 0
121 176 60 52181.1 0 0
119 171 60 52185.3 0 0
119 171 60 52189.5 0 0
120 175 60 52193.7 0 0
121 169 60 52198 0 0
120 176 60 52202.2 0 0
120 172 60 52206.4 0 0
123 174 60 52210.6 0 0
122 165 60 52214.8 0 0
123 155 60 52219 0 0
122 142 60 52223.2 0 0
125 132 60 52227.5 0 0
124 134 60 52234.6 0 0
124 134 60 52238.8 0 0
120 133 61 52243 0 0
120 129 61 52247.2 0 0
118 123 61 52251.5 0 0
112 123 60 52255.7 0 0
115 131 60 52259.9 0 0
115 123 61 52264.1 0 0
119 125 60 52268.3 0 0
118 129 60 52272.5 0 0
116 119 60 52276.8 0 0
117 119 60 52281 0 0
116 124 61 52285.2 0 0
116 120 60 52289.4 0 0
115 118 60 52293.6 0 0
117 124 60 52297.8 0 0
119 119 60 52302 0 0
116 123 60 52306.5 0 0
116 120 60 52310.7 0 0
115 121 60 52315.1 0 0
117 119 61 52319.3 0 0
116 118 61 52326.2 0 0
116 124 60 52330.4 0 0
114 126 60 52334.6 0 0
112 125 60 52338.9 0 0
106 121 61 52343.3 0 0
95 116 61 52348.1 0 0
86 106 61 52352.3 0 0
77 103 61 52356.6 0 0
77 103 61 52360.8 0 0
66 108 60 52367.2 0 0
68 103 60 52371.5 0 0
67 108 60 52376.2 0 0
71 105 60 52380.4 0 0
67 107 60 52384.7 0 0
67 102 60 52388.9 0 0
67 107 60 52393.1 0 0
68 109 60 52397.3 0 0
66 108 60 52401.5 0 0
68 106 59 52405.7 0 0
66 109 59 52410 0 0
67 103 60 52414.2 0 0
66 111 59 52418.4 0 0
65 108 60 52422.6 0 0
68 113 59 52426.8 0 0
69 106 59 52431 0 0
64 111 60 52435.2 0 0
66 111 59 52439.5 0 0
64 103 59 52443.7 0 0
66 110 60 52448.2 0 0
66 101 60 52452.5 0 0
65 104 60 52459.3 0 0
64 103 60 52463.6 0 0
66 105 59 52467.8 0 0
67 101 60 52472.2 0 0
65 100 60 52476.4 0 0
66 101 59 52480.6 0 0
66 106 59 52484.8 0 0
66 100 59 52489 0 0
65 101 59 52493.2 0 0
66 106 59 52497.4 0 0
65 101 59 52501.7 0 0
65 106 59 52505.9 0 0
67 104 59 52510.1 0 0
67 100 59 52514.3 0 0
69 100 59 52518.5 0 0
66 106 59 52522.7 0 0
66 100 59 52526.9 0 0
67 97 61 52531.2 0 0
68 96 60 52535.4 0 0
67 95 59 52539.6 0 0
66 96 59 52543.8 0 0
67 93 58 52548 0 0
68 93 59 52552.2 0 0
65 89 59 52556.4 0 0
63 97 59 52563.5 0 0
65 97 59 52567.8 0 0
64 94 58 52572 0 0
66 92 59 52576.2 0 0
66 95 59 52580.4 0 0
65 94 58 52584.6 0 0
68 91 60 52588.8 0 0
66 97 59 52593 0 0
69 94 60 52597.3 0 0
66 98 59 52601.5 0 0
66 97 58 52605.7 0 0
63 97 58 52609.9 0 0
66 92 59 52614.2 0 0
68 95 58 52618.3 0 0
66 97 58 52622.6 0 0
66 93 59 52626.8 0 0
65 98 59 52631 0 0
67 98 59 52635.3 0 0
65 93 59 52639.5 0 0
66 100 58 52643.7 0 0
66 100 59 52647.9 0 0
67 93 60 52652.1 0 0
67 98 59 52656.4 0 0
66 100 59 52660.7 0 0
68 98 59 52667.6 0 0
65 100 59 52671.8 0 0
65 102 59 52676 0 0
67 97 60 52680.2 0 0
66 93 60 52684.4 0 0
64 100 58 52688.8 0 0
66 98 59 52693.1 0 0
66 96 60 52697.3 0 0
65 102 59 52701.5 0 0
67 94 60 52705.7 0 0
68 97 60 52709.9 0 0
67 95 60 52714.1 0 0
69 101 59 52718.3 0 0
68 101 59 52722.8 0 0
65 101 58 52727 0 0
68 102 58 52731.2 0 0
68 102 58 52735.4 0 0
68 101 59 52742.2 0 0
68 101 59 52746.4 0 0
67 94 61 52750.8 0 0
68 93 60 52755.1 0 0
67 101 58 52759.3 0 0
67 101 59 52763.5 0 0
67 99 59 52767.7 0 0
69 102 59 52771.9 0 0
68 98 59 52776.1 0 0
66 100 58 52780.4 0 0
69 94 60 52784.7 0 0
66 92 60 52788.9 0 0
66 96 60 52793.2 0 0
67 95 59 52797.4 0 0
67 99 59 52801.6 0 0
65 95 60 52805.8 0 0
66 95 60 52810 0 0
65 100 59 52814.3 0 0
70 102 59 52818.5 0 0
78 102 59 52822.7 0 0
88 109 59 52826.9 0 0
88 109 59 52831.1 0 0
109 132 58 52836 0 0
111 139 59 52840.2 0 0
115 137 58 52844.4 0 0
117 148 58 52848.7 0 0
121 153 58 52852.9 0 0
122 162 57 52857.1 0 0
123 172 58 52861.3 0 0
125 173 58 52865.5 0 0
123 176 58 52869.7 0 0
126 173 58 52873.9 0 0
125 179 58 52878.2 0 0
125 168 58 52882.4 0 0
125 183 58 52886.6 0 0
124 183 58 52890.8 0 0
125 181 58 52895 0 0
125 178 58 52899.2 0 0
125 182 58 52903.4 0 0
126 178 58 52907.7 0 0
126 180 58 52911.9 0 0
126 180 58 52916.1 0 0
124 177 58 52920.3 0 0
125 183 58 52924.5 0 0
124 177 58 52928.7 0 0
124 180 58 52933 0 0
126 180 58 52937.2 0 0
123 180 58 52941.4 0 0
124 182 58 52945.6 0 0
127 181 58 52949.9 0 0
124 178 58 52954.1 0 0
126 182 58 52958.3 0 0
127 178 58 52962.5 0 0
125 178 58 52966.7 0 0
125 180 58 52970.9 0 0
125 178 58 52975.2 0 0
125 179 58 52979.4 0 0
125 180 58 52983.6 0 0
126 179 58 52987.8 0 0
126 181 58 52992 0 0
125 178 58 52996.2 0 0
127 178 58 53000.5 0 0
127 185 58 53004.7 0 0
123 179 58 53009 0 0
125 181 58 53013.2 0 0
129 182 58 53017.4 0 0
124 181 58 53021.6 0 0
125 177 58 53025.8 0 0
125 178 58 53030 0 0
124 180 59 53034.2 0 0
128 178 59 53038.5 0 0
126 181 58 53042.7 0 0
127 182 58 53046.9 0 0
125 177 58 53051.1 0 0
125 176 59 53055.3 0 0
127 170 58 53059.5 0 0
132 167 58 53063.8 0 0
132 151 59 53068 0 0
134 145 59 53072.2 0 0
136 143 59 53076.4 0 0
138 141 59 53080.6 0 0
133 139 59 53084.8 0 0
133 137 59 53089 0 0
133 136 60 53093.2 0 0
133 137 59 53097.5 0 0
131 131 59 53101.7 0 0
130 130 59 53106 0 0
129 132 59 53110.2 0 0
128 133 60 53114.4 0 0
130 132 60 53118.6 0 0
129 136 60 53122.8 0 0
130 130 60 53127 0 0
130 129 60 53131.3 0 0
131 136 60 53135.5 0 0
130 127 60 53139.7 0 0
129 131 60 53143.9 0 0
128 129 60 53148.1 0 0
129 137 61 53152.3 0 0
130 131 60 53156.6 0 0
127 130 60 53160.8 0 0
128 133 60 53165 0 0
130 131 60 53169.2 0 0
128 130 61 53173.4 0 0
128 131 60 53177.6 0 0
130 131 60 53181.8 0 0
130 133 60 53186.1 0 0
129 136 60 53190.3 0 0
128 137 60 53194.5 0 0
130 130 61 53198.7 0 0
127 132 61 53202.9 0 0
129 132 61 53207.2 0 0
132 131 60 53211.4 0 0
129 133 60 53215.7 0 0
128 133 60 53220.2 0 0
129 139 61 53224.4 0 0
129 131 60 53228.6 0 0
130 130 60 53232.8 0 0
132 129 61 53237 0 0
129 135 60 53241.2 0 0
128 141 60 53245.4 0 0
129 130 61 53249.6 0 0
127 138 60 53254 0 0
128 133 60 53258.2 0 0
129 131 60 53262.5 0 0
129 133 60 53266.7 0 0
127 134 60 53270.9 0 0
128 142 60 53275.1 0 0
130 133 60 53279.3 0 0
129 131 60 53283.6 0 0
130 131 60 53287.8 0 0
130 133 60 53292 0 0
129 136 60 53296.2 0 0
131 134 61 53300.4 0 0
128 133 61 53304.6 0 0
129 132 60 53308.9 0 0
129 130 60 53313.1 0 0
130 135 60 53317.3 0 0
128 129 61 53321.5 0 0
127 134 60 53325.7 0 0
131 132 60 53329.9 0 0
128 131 60 53334.2 0 0
128 131 60 53338.4 0 0
130 131 60 53342.7 0 0
130 135 60 53346.9 0 0
128 132 60 53351.1 0 0
130 133 60 53355.3 0 0
130 139 60 53359.5 0 0
127 132 60 53363.7 0 0
130 132 61 53367.9 0 0
128 133 60 53372.2 0 0
131 137 60 53376.4 0 0
130 133 60 53380.6 0 0
131 132 60 53384.9 0 0
130 132 61 53389.1 0 0
129 137 60 53393.3 0 0
130 129 60 53397.5 0 0
129 133 60 53401.7 0 0
128 131 60 53405.9 0 0
125 133 60 53410.2 0 0
128 132 60 53414.4 0 0
126 131 60 53418.6 0 0
129 133 61 53422.8 0 0
128 131 60 53427 0 0
128 140 60 53431.2 0 0
126 132 61 53435.4 0 0
127 131 60 53439.7 0 0
127 133 60 53443.9 0 0
130 133 60 53448.2 0 0
128 138 60 53452.4 0 0
129 135 60 53456.6 0 0
128 133 60 53460.8 0 0
129 141 60 53465 0 0
130 140 61 53469.2 0 0
127 133 60 53473.5 0 0
128 134 60 53477.7 0 0
128 132 61 53481.9 0 0
125 133 61 53486.1 0 0
117 143 61 53490.3 0 0
105 142 62 53494.5 0 0
92 137 62 53498.8 0 0
83 138 62 53503 0 0
70 145 61 53507.2 0 0
65 153 61 53511.4 0 0
51 149 60 53515.6 0 0
46 157 59 53519.8 0 0
36 167 59 53524 0 0
33 174 59 53528.2 0 0
30 178 59 53532.5 0 0
32 187 59 53536.7 0 0
33 186 59 53540.9 0 0
36 187 59 53545.1 0 0
35 188 59 53549.3 0 0
32 186 59 53553.5 0 0
34 195 59 53557.8 0 0
30 192 59 53562 0 0
30 195 59 53566.3 0 0
34 194 58 53570.5 0 0
29 193 59 53574.8 0 0
31 196 58 53578.9 0 0
31 195 59 53583.2 0 0
33 191 59 53587.4 0 0
32 194 59 53591.6 0 0
33 189 59 53596 0 0
33 195 59 53600.2 0 0
31 186 59 53604.4 0 0
31 184 59 53608.6 0 0
35 197 59 53612.8 0 0
33 187 59 53617 0 0
32 190 59 53621.2 0 0
35 194 59 53625.5 0 0
33 191 59 53629.7 0 0
29 193 59 53633.9 0 0
34 190 59 53638.1 0 0
33 186 60 53642.3 0 0
34 188 59 53646.5 0 0
31 190 59 53650.8 0 0
35 185 60 53655.1 0 0
33 188 59 53659.4 0 0
34 192 59 53663.7 0 0
34 196 59 53667.9 0 0
34 190 59 53672.1 0 0
34 192 59 53676.3 0 0
33 195 59 53680.5 0 0
33 191 59 53684.7 0 0
33 191 59 53689.1 0 0
32 188 59 53693.5 0 0
32 193 59 53697.7 0 0
32 191 59 53702 0 0
32 189 59 53706.2 0 0
32 189 59 53710.4 0 0
32 188 59 53714.6 0 0
32 195 59 53718.9 0 0
33 190 59 53723.1 0 0
32 190 59 53727.3 0 0
31 191 60 53731.5 0 0
30 194 59 53735.8 0 0
33 190 59 53740 0 0
34 192 59 53744.2 0 0
31 194 59 53748.4 0 0
34 191 60 53752.6 0 0
34 191 60 53756.8 0 0
34 194 59 53761.1 0 0
28 196 60 53765.2 0 0
30 183 59 53769.4 0 0
27 174 60 53773.7 0 0
26 163 59 53777.9 0 0
24 152 59 53782.1 0 0
24 155 59 53786.3 0 0
23 148 59 53790.5 0 0
26 151 59 53794.7 0 0
30 154 59 53798.9 0 0
28 157 59 53803.1 0 0
28 151 60 53807.3 0 0
29 154 59 53811.6 0 0
25 155 59 53816.4 0 0
26 158 59 53820.6 0 0
27 154 59 53824.8 0 0
25 154 59 53829 0 0
28 150 59 53833.2 0 0
27 152 59 53837.5 0 0
25 151 59 53841.7 0 0
27 155 59 53845.9 0 0
27 151 59 53850.2 0 0
31 154 59 53854.4 0 0
26 152 59 53858.6 0 0
27 151 60 53862.8 0 0
28 151 59 53867 0 0
27 152 59 53871.2 0 0
27 149 59 53875.4 0 0
28 153 59 53879.7 0 0
25 155 59 53883.9 0 0
27 153 59 53888.1 0 0
26 152 59 53892.3 0 0
26 157 59 53896.5 0 0
26 157 59 53900.8 0 0
29 147 59 53905 0 0
24 150 59 53909.2 0 0
25 134 59 53913.4 0 0
22 131 59 53917.6 0 0
18 126 59 53921.8 0 0
17 119 59 53926.1 0 0
13 117 59 53930.3 0 0
12 124 59 53934.5 0 0
10 129 59 53938.7 0 0
13 123 59 53942.9 0 0
10 132 59 53947.2 0 0
12 124 59 53951.4 0 0
14 126 59 53955.6 0 0
11 134 59 53959.8 0 0
13 127 59 53964.1 0 0
11 126 59 53968.3 0 0
13 124 59 53972.7 0 0
14 123 59 53976.9 0 0
12 133 59 53981.2 0 0
16 126 59 53985.4 0 0
11 133 58 53989.6 0 0
13 128 59 53993.8 0 0
11 128 59 53998 0 0
15 123 58 54002.3 0 0
11 124 59 54006.5 0 0
13 123 59 54010.7 0 0
15 124 59 54014.9 0 0
12 129 58 54019.1 0 0
13 123 58 54023.3 0 0
9 130 59 54027.5 0 0
13 131 58 54031.8 0 0
11 130 58 54036 0 0
12 130 58 54040.2 0 0
13 130 58 54044.4 0 0
15 126 58 54048.6 0 0
13 130 58 54052.8 0 0
12 127 58 54057 0 0
13 123 58 54061.2 0 0
12 128 58 54065.5 0 0
16 127 58 54069.7 0 0
11 129 58 54073.9 0 0
15 121 58 54078.1 0 0
14 124 58 54082.3 0 0
13 129 58 54086.5 0 0
14 128 58 54090.8 0 0
11 132 58 54095.2 0 0
15 124 58 54099.4 0 0
13 131 58 54103.7 0 0
12 122 59 54107.9 0 0
16 124 60 54112.1 0 0
15 132 58 54116.3 0 0
15 125 58 54120.6 0 0
12 132 58 54124.8 0 0
11 128 59 54129 0 0
12 136 58 54133.2 0 0
13 136 58 54137.4 0 0
10 133 58 54141.6 0 0
14 126 59 54145.8 0 0
11 130 59 54150.1 0 0
8 134 58 54154.3 0 0
17 130 58 54158.5 0 0
17 132 58 54162.7 0 0
23 132 58 54166.9 0 0
34 136 60 54171.1 0 0
45 140 62 54175.3 0 0
68 158 61 54179.6 0 0
86 155 61 54183.8 0 0
98 158 61 54188 0 0
111 167 61 54192.3 0 0
127 161 61 54196.5 0 0
152 168 59 54200.8 0 0
167 170 59 54205 0 0
179 169 59 54209.2 0 0
192 181 58 54213.4 0 0
202 184 57 54217.6 0 0
209 177 57 54221.9 0 0
216 184 56 54226.1 0 0
222 184 56 54230.3 0 0
229 196 55 54234.5 0 0
233 192 55 54238.7 0 0
232 196 55 54242.9 0 0
230 196 55 54247.1 0 0
223 187 56 54251.4 0 0
227 187 56 54255.6 0 0
231 185 56 54259.8 0 0
233 196 55 54264 0 0
233 188 56 54268.2 0 0
233 200 55 54272.4 0 0
232 190 56 54276.6 0 0
233 194 55 54280.8 0 0
232 195 55 54285.2 0 0
232 202 55 54289.4 0 0
233 202 55 54293.6 0 0
233 200 55 54297.8 0 0
234 195 56 54302 0 0
235 200 55 54306.2 0 0
233 200 55 54310.4 0 0
238 203 55 54314.7 0 0
235 196 56 54318.9 0 0
231 200 55 54323.1 0 0
231 195 55 54327.3 0 0
231 189 56 54331.6 0 0
232 191 56 54335.8 0 0
230 187 56 54340 0 0
230 196 55 54344.2 0 0
232 191 56 54348.5 0 0
234 194 55 54352.7 0 0
230 201 55 54356.9 0 0
234 191 56 54361.1 0 0
234 190 56 54365.3 0 0
239 188 56 54369.5 0 0
248 195 55 54373.7 0 0
250 198 55 54377.9 0 0
253 197 55 54382.1 0 0
248 198 55 54386.4 0 0
247 196 55 54390.6 0 0
246 197 55 54394.8 0 0
245 195 55 54399 0 0
250 197 55 54403.2 0 0
247 194 55 54407.5 0 0
250 197 55 54411.7 0 0
244 196 55 54415.9 0 0
249 196 55 54420.1 0 0
247 198 55 54424.3 0 0
249 195 55 54428.5 0 0
250 198 55 54432.8 0 0
248 196 55 54437 0 0
247 197 55 54441.5 0 0
251 196 55 54445.8 0 0
247 195 55 54450 0 0
247 194 55 54454.2 0 0
248 197 55 54458.4 0 0
247 198 55 54462.6 0 0
249 198 55 54466.8 0 0
247 196 55 54471.1 0 0
249 196 55 54475.3 0 0
246 197 55 54479.5 0 0
251 194 55 54483.7 0 0
249 197 55 54487.9 0 0
245 200 55 54492.1 0 0
249 199 55 54496.4 0 0
247 200 55 54500.6 0 0
248 198 55 54504.9 0 0
248 200 55 54509.1 0 0
247 195 55 54513.3 0 0
250 198 55 54517.5 0 0
246 195 55 54521.7 0 0
247 199 55 54525.9 0 0
248 201 55 54530.2 0 0
248 198 55 54534.5 0 0
248 197 55 54538.8 0 0
250 203 55 54542.9 0 0
249 197 55 54547.2 0 0
250 196 55 54551.4 0 0
250 196 55 54555.6 0 0
246 196 55 54559.8 0 0
249 199 55 54564 0 0
251 198 55 54568.2 0 0
248 198 55 54572.4 0 0
248 198 55 54576.7 0 0
252 201 55 54580.9 0 0
248 199 55 54585.1 0 0
248 199 55 54589.3 0 0
247 201 55 54593.5 0 0
251 201 55 54597.7 0 0
251 194 55 54601.9 0 0
250 200 55 54606.1 0 0
247 198 55 54610.4 0 0
250 195 55 54614.6 0 0
249 196 55 54618.8 0 0
250 198 55 54623 0 0
249 196 55 54627.2 0 0
249 198 55 54631.4 0 0
248 195 55 54635.7 0 0
250 198 55 54639.9 0 0
249 198 55 54644.1 0 0
250 198 55 54648.3 0 0
254 203 55 54652.5 0 0
248 196 54 54656.8 0 0
251 198 54 54661.1 0 0
252 198 54 54665.3 0 0
248 196 54 54669.5 0 0
251 196 54 54673.7 0 0
246 196 55 54677.9 0 0
250 198 54 54682.1 0 0
247 196 54 54686.3 0 0
252 198 54 54690.6 0 0
248 196 54 54694.8 0 0
250 196 55 54699.1 0 0
250 196 54 54703.3 0 0
249 193 54 54707.5 0 0
245 195 54 54711.7 0 0
251 199 54 54715.9 0 0
250 198 54 54720.2 0 0
249 197 54 54724.4 0 0
249 197 54 54728.6 0 0
247 192 54 54732.8 0 0
250 196 54 54737 0 0
249 196 54 54741.2 0 0
249 191 54 54745.4 0 0
248 195 54 54749.7 0 0
249 200 54 54753.9 0 0
249 201 54 54758.2 0 0
253 202 54 54762.4 0 0
248 201 54 54766.6 0 0
248 195 54 54770.8 0 0
249 199 54 54775 0 0
248 197 54 54779.2 0 0
245 194 54 54783.5 0 0
249 196 54 54787.7 0 0
246 194 54 54791.9 0 0
250 204 54 54796.1 0 0
249 200 54 54800.3 0 0
249 201 54 54804.5 0 0
246 192 54 54808.7 0 0
239 197 55 54813 0 0
229 182 55 54817.2 0 0
221 184 56 54821.4 0 0
213 175 57 54825.6 0 0
204 167 57 54829.8 0 0
198 167 58 54834 0 0
184 162 59 54838.2 0 0
174 161 59 54842.4 0 0
162 162 60 54846.7 0 0
149 157 61 54850.9 0 0
139 164 58 54855.1 0 0
130 156 60 54859.3 0 0
125 154 60 54863.5 0 0
121 153 61 54867.7 0 0
120 153 59 54871.9 0 0
118 154 60 54876.2 0 0
118 160 60 54880.4 0 0
118 154 60 54884.6 0 0
121 159 59 54888.8 0 0
115 149 59 54893 0 0
121 151 60 54897.2 0 0
117 150 60 54901.4 0 0
118 150 60 54905.7 0 0
115 148 60 54910.3 0 0
118 152 61 54914.6 0 0
119 152 60 54918.8 0 0
119 152 60 54923 0 0
118 154 58 54927.2 0 0
119 165 59 54931.4 0 0
118 157 60 54935.6 0 0
117 157 60 54939.8 0 0
120 165 59 54944 0 0
118 164 59 54948.3 0 0
119 166 59 54952.5 0 0
119 160 61 54956.7 0 0
119 159 60 54960.9 0 0
120 167 60 54965.2 0 0
121 173 59 54969.4 0 0
119 168 59 54973.7 0 0
118 165 61 54977.9 0 0
118 169 61 54982.1 0 0
119 168 60 54986.3 0 0
120 169 61 54990.5 0 0
119 171 61 54994.7 0 0
117 170 60 54998.9 0 0
119 167 60 55003.2 0 0
121 167 61 55007.4 0 0
120 167 61 55011.6 0 0
118 168 62 55015.8 0 0
122 169 61 55020 0 0
120 171 61 55024.2 0 0
118 173 62 55028.5 0 0
119 173 61 55032.7 0 0
122 175 61 55036.9 0 0
118 180 60 55041.1 0 0
120 175 61 55045.3 0 0
120 175 61 55049.6 0 0
120 175 61 55053.8 0 0
119 178 62 55058 0 0
118 177 61 55062.2 0 0
120 183 61 55066.8 0 0
120 182 62 55071.1 0 0
117 184 61 55075.3 0 0
118 185 61 55079.5 0 0
114 186 62 55083.7 0 0
106 196 60 55087.9 0 0
97 192 62 55092.1 0 0
80 194 63 55096.3 0 0
70 195 61 55100.6 0 0
60 193 60 55104.8 0 0
55 195 59 55109 0 0
52 189 59 55113.3 0 0
46 196 59 55117.5 0 0
43 198 58 55121.7 0 0
34 201 58 55125.9 0 0
32 203 58 55130.2 0 0
34 209 58 55134.4 0 0
33 207 58 55138.6 0 0
34 207 58 55142.8 0 0
34 218 58 55147.1 0 0
33 210 58 55151.3 0 0
31 215 58 55155.5 0 0
29 211 58 55159.7 0 0
30 213 58 55163.9 0 0
32 213 58 55168.2 0 0
31 219 58 55172.3 0 0
31 220 58 55176.6 0 0
30 217 58 55180.8 0 0
30 217 58 55185 0 0
30 220 58 55189.2 0 0
33 221 58 55193.5 0 0
32 228 58 55197.9 0 0
34 223 58 55202.1 0 0
33 221 58 55206.3 0 0
30 227 58 55210.5 0 0
31 228 58 55214.7 0 0
33 225 58 55218.9 0 0
32 225 58 55223.2 0 0
30 226 58 55227.4 0 0
30 230 58 55231.6 0 0
30 228 58 55235.8 0 0
30 226 58 55240 0 0
31 223 58 55244.2 0 0
31 231 58 55248.5 0 0
30 225 58 55252.7 0 0
32 226 58 55256.9 0 0
31 226 58 55261.1 0 0
31 226 58 55265.3 0 0
32 226 58 55269.6 0 0
30 224 58 55273.8 0 0
33 225 58 55278 0 0
32 227 58 55282.3 0 0
29 230 58 55286.5 0 0
31 226 58 55290.7 0 0
30 230 58 55294.9 0 0
32 223 58 55299.1 0 0
28 229 58 55303.3 0 0
30 227 58 55307.6 0 0
31 235 58 55311.8 0 0
31 230 58 55316.6 0 0
31 230 58 55320.8 0 0
31 229 58 55325.1 0 0
31 232 58 55329.2 0 0
30 235 58 55333.4 0 0
31 233 58 55337.7 0 0
31 232 58 55341.9 0 0
30 232 58 55346.1 0 0
34 231 58 55350.3 0 0
31 231 58 55354.6 0 0
28 234 58 55358.8 0 0
33 233 58 55367.2 0 0
31 232 58 55371.4 0 0
29 234 58 55375.7 0 0
31 235 58 55384.1 0 0
29 233 58 55388.3 0 0
28 233 59 55392.5 0 0
28 232 58 55396.7 0 0
33 231 59 55401 0 0
30 235 59 55405.2 0 0
40 237 59 55409.5 0 0
49 237 60 55413.7 0 0
121 238 63 55434.8 0 0
144 238 59 55447.5 0 0
147 238 59 55451.7 0 0
143 240 60 55455.9 0 0
142 239 61 55460.1 0 0
144 239 59 55472.9 0 0
142 240 60 55477.1 0 0
144 238 61 55481.4 0 0
146 240 61 55485.6 0 0
143 237 60 55489.8 0 0
143 238 59 55498.2 0 0
143 236 59 55506.7 0 0
145 232 59 55510.9 0 0
142 231 59 55515.1 0 0
143 232 61 55519.3 0 0
141 230 60 55523.6 0 0
142 238 59 55527.8 0 0
142 230 60 55532 0 0
142 237 61 55536.2 0 0
147 235 60 55540.4 0 0
145 238 60 55544.7 0 0
143 236 60 55548.9 0 0
144 234 59 55553.1 0 0
145 236 60 55557.3 0 0
145 237 59 55561.5 0 0
142 236 59 55565.7 0 0
141 235 59 55574.2 0 0
141 236 60 55578.4 0 0
141 234 60 55582.6 0 0
130 232 61 55591 0 0
126 236 60 55597.8 0 0
131 233 62 55602 0 0
127 236 59 55606.2 0 0
126 235 59 55610.5 0 0
129 235 61 55614.7 0 0
126 233 59 55618.9 0 0
125 235 61 55623.1 0 0
128 239 59 55627.3 0 0
128 238 59 55631.6 0 0
128 234 59 55635.8 0 0
129 233 59 55640 0 0
129 240 60 55644.2 0 0
130 238 61 55648.4 0 0
128 239 60 55652.6 0 0
126 239 61 55656.9 0 0
130 240 60 55661.1 0 0
131 237 60 55669.5 0 0
129 239 61 55673.7 0 0
127 236 60 55680.4 0 0
128 239 60 55691.3 0 0
123 240 60 55897.5 0 0
123 240 60 55905.9 0 0
126 240 61 55914.1 0 0
125 240 61 55964.8 0 0
125 240 60 55973.4 0 0
126 240 63 56410.7 0 0
128 240 63 56427.5 0 0
129 239 63 56434.7 0 0
126 240 60 56442.9 0 0
125 235 62 56451.4 0 0
124 229 62 56459.6 0 0
124 231 62 56467.9 0 0
126 231 62 56476.4 0 0
126 231 62 56484.6 0 0
125 229 62 56492.3 0 0
127 236 60 56496.5 0 0
128 230 62 56501.3 0 0
124 237 60 56505.6 0 0
129 230 62 56509.8 0 0
128 237 60 56514 0 0
126 231 62 56518.2 0 0
126 230 62 56522.4 0 0
127 228 62 56526.6 0 0
125 231 62 56530.8 0 0
125 230 63 56535.3 0 0
125 228 62 56539.6 0 0
128 230 62 56543.8 0 0
125 229 63 56548 0 0
129 224 62 56552.2 0 0
125 223 62 56556.4 0 0
128 225 62 56560.6 0 0
126 222 61 56564.8 0 0
125 231 61 56569.1 0 0
125 223 61 56573.3 0 0
129 223 61 56577.5 0 0
129 223 61 56581.7 0 0
126 217 62 56586 0 0
125 219 62 56590.2 0 0
125 217 62 56594.5 0 0
126 212 62 56598.7 0 0
127 216 62 56602.9 0 0
125 213 61 56607.1 0 0
129 218 61 56611.3 0 0
127 213 62 56615.5 0 0
125 215 62 56619.8 0 0
126 214 61 56624 0 0
125 208 61 56628.2 0 0
128 210 61 56632.4 0 0
127 207 62 56636.6 0 0
125 209 61 56640.8 0 0
128 209 61 56645 0 0
125 207 61 56649.2 0 0
126 206 61 56653.5 0 0
128 206 62 56657.7 0 0
127 210 61 56661.9 0 0
126 209 61 56666.2 0 0
128 207 62 56670.4 0 0
125 207 61 56674.6 0 0
125 209 61 56678.8 0 0
124 207 61 56683 0 0
125 212 62 56687.2 0 0
125 211 62 56691.4 0 0
127 212 61 56695.7 0 0
126 212 61 56699.9 0 0
124 213 62 56704.1 0 0
124 214 63 56708.3 0 0
123 214 61 56712.5 0 0
123 217 61 56716.9 0 0
124 216 61 56721.2 0 0
122 221 60 56725.4 0 0
125 240 60 56818.2 0 0
126 233 60 56822.4 0 0
124 236 62 56826.6 0 0
127 237 63 56839.3 0 0
123 240 62 56843.6 0 0
127 239 62 56847.9 0 0
126 238 62 56852.1 0 0
122 225 67 56856.3 0 0
123 225 65 56864.7 0 0
122 235 63 56873.1 0 0
124 239 63 56881.6 0 0
123 239 62 56894.2 0 0
125 240 63 56898.4 0 0
123 236 63 56909.6 0 0
121 225 65 56913.8 0 0
123 226 64 56918.1 0 0
124 223 65 56926.4 0 0
122 224 64 56930.7 0 0
123 223 64 56935 0 0
121 224 68 56939.2 0 0
124 226 65 56947.8 0 0
126 235 63 56952 0 0
123 233 63 56956.2 0 0
124 219 66 56960.4 0 0
124 237 63 56964.6 0 0
125 236 62 56968.8 0 0
123 234 63 56973.1 0 0
125 229 63 56977.3 0 0
124 217 64 56981.5 0 0
124 217 64 56985.7 0 0
123 212 64 56992.3 0 0
123 217 65 56996.5 0 0
122 217 64 57000.7 0 0
124 215 65 57005 0 0
121 216 65 57009.2 0 0
122 214 64 57013.4 0 0
121 226 63 57017.6 0 0
122 213 67 57021.8 0 0
121 213 65 57026.1 0 0
126 229 63 57030.3 0 0
124 224 63 57034.6 0 0
125 212 64 57038.8 0 0
121 209 66 57043 0 0
121 210 64 57047.2 0 0
126 209 67 57051.4 0 0
124 212 66 57055.7 0 0
121 210 67 57059.9 0 0
122 210 64 57064.2 0 0
121 210 66 57068.4 0 0
124 209 67 57072.6 0 0
121 227 63 57076.8 0 0
124 209 68 57081 0 0
125 221 63 57085.2 0 0
123 208 65 57089.4 0 0
124 209 65 57093.6 0 0
122 207 66 57097.9 0 0
125 212 65 57102.1 0 0
122 208 64 57106.3 0 0
125 220 63 57110.5 0 0
122 210 66 57114.7 0 0
123 207 66 57118.9 0 0
123 210 66 57123.2 0 0
122 206 64 57127.4 0 0
122 206 64 57131.6 0 0
123 204 64 57135.8 0 0
122 203 66 57140.1 0 0
121 214 63 57144.2 0 0
122 220 63 57148.4 0 0
125 218 63 57152.7 0 0
123 217 63 57157 0 0
123 218 63 57161.2 0 0
123 217 63 57165.4 0 0
126 216 62 57169.6 0 0
122 213 62 57173.8 0 0
123 209 63 57178 0 0
125 216 63 57182.2 0 0
122 215 63 57186.5 0 0
121 214 63 57190.7 0 0
125 211 63 57194.9 0 0
122 198 64 57199.2 0 0
125 215 63 57203.4 0 0
123 213 63 57207.6 0 0
125 215 62 57211.8 0 0
124 216 63 57216 0 0
120 214 63 57220.3 0 0
124 214 63 57224.5 0 0
128 211 63 57228.7 0 0
122 214 63 57232.9 0 0
123 208 63 57237.1 0 0
126 208 63 57241.3 0 0
123 213 63 57245.5 0 0
123 209 63 57249.8 0 0
124 214 63 57254.6 0 0
122 208 63 57258.9 0 0
122 209 63 57263.2 0 0
123 214 63 57267.4 0 0
124 214 63 57271.6 0 0
123 216 63 57275.9 0 0
125 214 63 57280.1 0 0
126 210 63 57284.3 0 0
123 216 63 57288.5 0 0
123 213 63 57292.7 0 0
124 204 64 57296.9 0 0
122 200 65 57301.1 0 0
125 219 63 57305.4 0 0
126 200 64 57309.6 0 0
122 203 64 57313.9 0 0
126 213 63 57318.1 0 0
121 213 63 57322.3 0 0
124 220 63 57326.5 0 0
122 215 63 57330.7 0 0
123 221 63 57334.9 0 0
125 216 62 57339.2 0 0
121 223 63 57343.5 0 0
124 204 64 57347.8 0 0
123 204 64 57352 0 0
125 221 62 57356.2 0 0
127 228 63 57360.4 0 0
126 221 63 57364.6 0 0
123 208 64 57368.8 0 0
124 224 63 57373.1 0 0
125 207 65 57377.3 0 0
124 220 63 57381.6 0 0
124 210 66 57385.8 0 0
124 227 63 57390 0 0
125 224 63 57394.2 0 0
123 222 63 57398.4 0 0
124 210 64 57402.6 0 0
123 225 63 57406.8 0 0
123 208 65 57411.1 0 0
124 226 63 57415.3 0 0
122 228 63 57419.5 0 0
123 226 62 57423.7 0 0
124 224 63 57427.9 0 0
126 225 63 57432.1 0 0
124 224 63 57436.3 0 0
120 225 63 57440.6 0 0
123 221 63 57444.8 0 0
123 224 63 57449.1 0 0
124 226 63 57453.3 0 0
122 224 62 57457.5 0 0
124 226 62 57461.7 0 0
123 210 65 57465.9 0 0
124 206 65 57470.1 0 0
126 224 63 57474.3 0 0
124 220 63 57478.6 0 0
121 206 64 57482.8 0 0
123 221 62 57487 0 0
125 221 63 57491.2 0 0
121 219 63 57495.4 0 0
126 219 63 57499.6 0 0
126 218 62 57503.9 0 0
120 202 64 57508.1 0 0
121 213 62 57512.3 0 0
121 198 64 57516.5 0 0
124 217 62 57520.7 0 0
123 209 63 57524.9 0 0
123 215 62 57529.2 0 0
124 208 62 57533.4 0 0
122 197 64 57537.6 0 0
125 210 62 57541.8 0 0
123 211 62 57546 0 0
123 207 63 57550.2 0 0
126 201 63 57554.4 0 0
125 202 63 57558.6 0 0
126 208 62 57562.9 0 0
126 201 63 57567.1 0 0
125 207 62 57571.3 0 0
125 203 63 57575.6 0 0
123 205 63 57579.8 0 0
125 188 64 57584 0 0
122 206 62 57588.2 0 0
124 192 64 57592.5 0 0
125 204 63 57596.7 0 0
125 208 63 57600.9 0 0
126 208 62 57605.2 0 0
125 207 63 57609.4 0 0
125 208 62 57613.6 0 0
122 200 62 57617.8 0 0
126 201 62 57622 0 0
123 185 65 57626.2 0 0
123 204 62 57630.5 0 0
124 198 63 57634.7 0 0
123 201 63 57638.9 0 0
120 203 63 57643.1 0 0
124 198 63 57647.3 0 0
125 203 62 57651.5 0 0
124 194 62 57655.8 0 0
124 204 63 57660 0 0
124 197 62 57664.2 0 0
125 190 63 57668.4 0 0
125 192 62 57672.6 0 0
123 196 63 57676.8 0 0
123 197 62 57681 0 0
124 196 63 57685.2 0 0
122 197 63 57689.5 0 0
122 189 62 57693.7 0 0
126 195 63 57698.3 0 0
124 194 63 57702.5 0 0
125 194 63 57706.7 0 0
122 196 63 57710.9 0 0
126 190 63 57715.1 0 0
121 192 63 57719.4 0 0
126 195 62 57723.6 0 0
123 194 62 57727.8 0 0
124 191 63 57732 0 0
122 192 62 57736.2 0 0
122 195 62 57740.4 0 0
125 189 63 57744.6 0 0
125 182 63 57748.8 0 0
125 196 62 57753.1 0 0
124 183 62 57757.3 0 0
122 182 62 57761.5 0 0
124 196 62 57765.7 0 0
123 193 62 57769.9 0 0
124 196 62 57774.2 0 0
122 187 62 57778.4 0 0
124 194 62 57782.7 0 0
125 192 62 57786.9 0 0
121 190 63 57791.1 0 0
122 192 62 57795.3 0 0
122 190 62 57799.5 0 0
122 189 63 57803.7 0 0
125 188 63 57807.9 0 0
123 186 62 57812.1 0 0
125 183 62 57816.9 0 0
121 180 62 57821.2 0 0
122 186 62 57825.4 0 0
122 184 62 57829.6 0 0
123 177 62 57833.8 0 0
122 177 62 57838 0 0
125 181 62 57842.2 0 0
121 173 62 57846.4 0 0
126 179 63 57850.7 0 0
123 176 62 57854.9 0 0
123 176 62 57859.1 0 0
123 177 62 57863.3 0 0
124 171 62 57867.5 0 0
123 177 62 57871.7 0 0
123 177 62 57875.9 0 0
120 177 62 57880.2 0 0
124 187 62 57884.4 0 0
123 177 62 57888.6 0 0
122 177 62 57892.8 0 0
124 176 62 57897 0 0
123 180 61 57901.2 0 0
117 213 61 57905.4 0 0
121 219 60 58011.1 0 0
122 202 61 58015.4 0 0
123 188 61 58019.6 0 0
123 177 61 58023.9 0 0
125 184 62 58028.2 0 0
124 180 62 58032.4 0 0
121 180 62 58036.7 0 0
126 181 62 58040.8 0 0
124 176 63 58045.1 0 0
122 173 62 58049.2 0 0
123 176 63 58053.5 0 0
123 176 0 58057.7 0 0
122 167 62 58061.9 0 0
122 170 63 58066.7 0 0
123 177 62 58070.9 0 0
122 169 62 58075.1 0 0
123 169 62 58079.3 0 0
121 162 62 58083.6 0 0
123 169 63 58087.8 0 0
122 170 62 58092 0 0
124 168 62 58096.2 0 0
123 171 63 58100.4 0 0
121 169 63 58104.7 0 0
121 169 62 58108.9 0 0
121 167 62 58113.1 0 0
125 161 63 58117.3 0 0
121 163 62 58121.6 0 0
122 164 62 58125.8 0 0
121 163 63 58130.1 0 0
122 165 62 58134.3 0 0
121 161 63 58138.5 0 0
125 163 62 58142.7 0 0
122 165 62 58146.9 0 0
122 168 63 58151.1 0 0
124 160 62 58155.3 0 0
124 157 63 58159.5 0 0
123 162 63 58163.8 0 0
125 164 62 58168 0 0
121 163 63 58172.2 0 0
120 155 62 58176.4 0 0
120 155 62 58187.4 0 0
121 153 63 58195.4 0 0
123 153 63 58199.6 0 0
120 154 63 58204.1 0 0
123 154 63 58208.4 0 0
121 153 63 58212.6 0 0
121 155 62 58216.8 0 0
123 148 62 58221 0 0
120 153 62 58225.2 0 0
122 146 63 58229.5 0 0
121 153 62 58233.7 0 0
122 153 62 58237.9 0 0
124 151 62 58242.1 0 0
122 154 62 58246.3 0 0
124 156 62 58250.5 0 0
123 157 62 58254.7 0 0
123 153 62 58259 0 0
124 158 62 58263.2 0 0
121 157 62 58267.5 0 0
124 157 63 58271.7 0 0
121 158 63 58275.9 0 0
121 153 62 58280.1 0 0
122 151 62 58284.3 0 0
122 148 62 58288.5 0 0
120 155 63 58292.8 0 0
121 151 63 58297 0 0
120 151 63 58301.2 0 0
123 154 62 58308.3 0 0
122 154 62 58312.5 0 0
122 149 63 58316.7 0 0
119 144 62 58321 0 0
123 149 63 58325.2 0 0
122 144 62 58329.4 0 0
121 147 63 58333.6 0 0
122 140 62 58337.8 0 0
121 142 63 58342.1 0 0
120 147 63 58346.3 0 0
123 144 63 58350.5 0 0
121 143 63 58354.7 0 0
121 144 63 58358.9 0 0
122 145 63 58363.3 0 0
124 145 63 58367.6 0 0
119 146 63 58371.8 0 0
121 143 63 58376 0 0
122 145 62 58380.2 0 0
122 142 63 58384.4 0 0
121 148 63 58388.7 0 0
121 148 63 58392.9 0 0
121 149 63 58398.5 0 0
120 147 62 58402.8 0 0
123 145 63 58407 0 0
121 147 63 58411.2 0 0
121 146 62 58415.4 0 0
121 146 63 58419.7 0 0
121 147 63 58423.8 0 0
120 149 63 58428.1 0 0
121 154 63 58432.3 0 0
123 148 63 58436.5 0 0
121 154 63 58440.7 0 0
121 153 63 58444.9 0 0
122 152 63 58449.1 0 0
121 153 63 58453.3 0 0
121 147 63 58457.6 0 0
121 154 63 58461.8 0 0
122 155 63 58466 0 0
121 151 63 58470.4 0 0
122 153 62 58474.7 0 0
122 152 63 58478.9 0 0
119 154 63 58483.1 0 0
121 155 63 58487.3 0 0
125 153 63 58491.6 0 0
119 157 63 58495.8 0 0
120 154 62 58500 0 0
119 151 63 58504.2 0 0
121 156 63 58508.4 0 0
123 153 63 58512.6 0 0
119 155 63 58516.8 0 0
121 154 63 58521.1 0 0
121 157 63 58525.3 0 0
120 148 63 58529.5 0 0
121 153 63 58533.7 0 0
120 148 63 58537.9 0 0
118 149 63 58542.2 0 0
120 151 63 58546.4 0 0
121 152 63 58550.6 0 0
119 152 62 58554.8 0 0
120 151 63 58559 0 0
120 150 63 58563.3 0 0
119 153 63 58567.5 0 0
122 151 63 58571.7 0 0
122 151 63 58575.9 0 0
122 143 64 58580.1 0 0
123 149 63 58584.3 0 0
122 150 63 58588.6 0 0
120 149 63 58592.8 0 0
121 151 63 58597 0 0
122 151 63 58601.2 0 0
121 151 63 58605.4 0 0
119 149 63 58609.6 0 0
120 149 63 58613.8 0 0
124 151 63 58618.1 0 0
120 148 63 58622.3 0 0
120 150 63 58626.5 0 0
122 146 63 58630.7 0 0
121 139 64 58634.9 0 0
121 147 63 58639.1 0 0
122 155 63 58643.3 0 0
125 147 64 58647.5 0 0
122 156 63 58651.8 0 0
120 154 63 58656 0 0
121 148 63 58660.2 0 0
123 154 63 58664.4 0 0
123 154 63 58668.6 0 0
121 153 63 58672.8 0 0
121 148 63 58677 0 0
120 150 63 58681.3 0 0
119 158 63 58685.5 0 0
121 156 63 58689.8 0 0
119 136 64 58694.1 0 0
120 155 63 58698.6 0 0
122 147 63 58702.8 0 0
124 149 63 58707 0 0
120 149 63 58711.2 0 0
122 147 63 58715.5 0 0
124 148 63 58719.7 0 0
123 149 63 58724 0 0
121 155 63 58728.2 0 0
123 141 63 58732.4 0 0
120 141 63 58736.6 0 0
119 141 63 58740.8 0 0
121 142 63 58745 0 0
121 139 63 58749.2 0 0
121 142 63 58753.4 0 0
120 142 63 58757.7 0 0
122 140 63 58761.9 0 0
122 142 63 58766.1 0 0
121 140 63 58770.3 0 0
122 140 63 58774.6 0 0
123 146 63 58778.8 0 0
122 152 63 58783 0 0
122 141 63 58787.2 0 0
124 144 63 58791.4 0 0
120 137 64 58795.7 0 0
122 142 63 58799.9 0 0
122 148 63 58804.1 0 0
122 145 63 58808.3 0 0
122 146 63 58812.5 0 0
122 144 64 58816.7 0 0
122 144 64 58820.9 0 0
122 145 63 58825.2 0 0
122 148 63 58829.4 0 0
125 153 63 58833.6 0 0
120 152 63 58837.8 0 0
124 140 64 58842 0 0
120 154 63 58846.2 0 0
123 147 63 58850.4 0 0
121 147 63 58854.7 0 0
122 145 63 58858.9 0 0
123 144 63 58863.1 0 0
123 147 63 58867.3 0 0
123 145 64 58871.6 0 0
124 144 63 58875.8 0 0
122 137 64 58880 0 0
123 149 63 58884.2 0 0
122 147 63 58888.4 0 0
121 148 63 58892.6 0 0
122 141 63 58896.8 0 0
121 143 63 58901.1 0 0
123 142 63 58905.3 0 0
120 146 63 58909.5 0 0
122 143 63 58913.7 0 0
121 148 63 58917.9 0 0
121 142 63 58922.1 0 0
122 147 63 58926.3 0 0
124 142 63 58930.5 0 0
122 143 63 58934.8 0 0
120 139 63 58939 0 0
122 139 63 58943.2 0 0
121 142 63 58948 0 0
122 145 63 58952.2 0 0
121 143 63 58956.4 0 0
122 143 63 58960.6 0 0
123 139 63 58964.8 0 0
121 136 64 58969.1 0 0
122 143 63 58973.3 0 0
122 142 63 58977.5 0 0
123 147 63 58981.7 0 0
122 143 63 58986 0 0
120 132 64 58990.2 0 0
121 141 63 58994.4 0 0
122 142 63 58998.6 0 0
123 144 63 59002.8 0 0
121 144 63 59007.1 0 0
123 137 63 59011.6 0 0
124 142 63 59015.9 0 0
122 132 64 59020.1 0 0
124 139 63 59024.4 0 0
124 141 63 59028.7 0 0
121 140 63 59033 0 0
122 140 63 59037.3 0 0
123 139 63 59041.5 0 0
124 138 63 59045.7 0 0
124 141 63 59049.9 0 0
123 141 63 59054.1 0 0
125 139 63 59058.3 0 0
122 140 64 59062.5 0 0
122 140 63 59066.7 0 0
122 139 64 59071 0 0
122 141 63 59075.2 0 0
122 146 63 59079.4 0 0
122 130 64 59083.6 0 0
122 141 63 59087.8 0 0
120 138 63 59092 0 0
121 145 63 59096.2 0 0
119 139 63 59100.4 0 0
122 139 63 59104.7 0 0
121 132 64 59108.9 0 0
123 138 64 59113.1 0 0
121 136 63 59117.6 0 0
122 138 63 59121.8 0 0
122 133 64 59126 0 0
122 140 63 59130.2 0 0
123 148 63 59134.5 0 0
124 140 64 59138.7 0 0
124 139 64 59142.9 0 0
124 146 63 59147.1 0 0
124 137 64 59151.3 0 0
121 144 63 59155.6 0 0
120 146 63 59159.8 0 0
124 135 64 59164 0 0
122 138 64 59168.2 0 0
122 138 64 59172.4 0 0
121 142 63 59176.7 0 0
121 144 63 59180.9 0 0
120 146 63 59185.1 0 0
120 148 63 59189.3 0 0
121 137 64 59193.5 0 0
122 137 64 59198 0 0
120 138 64 59202.2 0 0
123 140 64 59206.4 0 0
121 145 63 59210.7 0 0
121 139 64 59214.9 0 0
125 138 64 59219.1 0 0
120 137 64 59223.3 0 0
124 143 63 59227.6 0 0
120 143 63 59231.8 0 0
122 152 63 59236 0 0
121 145 63 59240.2 0 0
120 138 64 59244.4 0 0
125 143 63 59248.6 0 0
122 151 63 59252.8 0 0
122 149 63 59257 0 0
124 144 64 59261.2 0 0
123 149 63 59265.4 0 0
123 142 64 59269.7 0 0
123 144 64 59273.9 0 0
125 138 64 59278.1 0 0
120 144 64 59282.4 0 0
121 143 64 59286.6 0 0
122 149 63 59290.8 0 0
123 152 63 59295 0 0
121 151 63 59299.2 0 0
124 156 63 59303.4 0 0
123 153 63 59307.6 0 0
121 146 64 59311.8 0 0
126 140 64 59316.1 0 0
122 155 63 59320.2 0 0
123 151 63 59324.5 0 0
122 150 63 59328.7 0 0
121 150 63 59332.9 0 0
122 147 63 59337.1 0 0
123 142 64 59341.4 0 0
120 152 63 59345.8 0 0
122 144 64 59350 0 0
123 150 64 59354.2 0 0
124 135 64 59358.4 0 0
125 152 63 59362.6 0 0
121 141 64 59366.8 0 0
123 144 64 59371 0 0
122 146 64 59375.3 0 0
122 146 64 59379.5 0 0
122 139 64 59383.7 0 0
125 142 64 59387.9 0 0
123 142 64 59392.1 0 0
122 140 64 59396.3 0 0
125 145 64 59400.5 0 0
125 145 64 59404.8 0 0
124 144 64 59409 0 0
122 145 64 59413.2 0 0
121 150 64 59417.4 0 0
123 141 64 59421.6 0 0
122 144 63 59425.8 0 0
123 134 64 59430 0 0
122 138 64 59434.3 0 0
122 138 64 59438.5 0 0
123 142 64 59442.7 0 0
124 136 64 59447.2 0 0
124 137 64 59451.4 0 0
123 148 63 59455.6 0 0
124 134 64 59459.8 0 0
123 139 64 59464.1 0 0
123 137 64 59468.3 0 0
124 141 64 59472.7 0 0
122 143 64 59476.9 0 0
125 137 64 59481.1 0 0
123 136 64 59485.3 0 0
124 137 64 59489.5 0 0
123 141 64 59493.8 0 0
123 144 64 59498 0 0
124 141 64 59502.2 0 0
125 136 64 59506.4 0 0
124 146 64 59510.6 0 0
123 141 64 59514.8 0 0
125 138 64 59519 0 0
123 144 64 59523.2 0 0
123 139 64 59527.5 0 0
123 141 64 59531.7 0 0
121 144 64 59535.9 0 0
124 140 64 59540.1 0 0
123 138 64 59544.4 0 0
124 142 64 59548.6 0 0
124 137 65 59552.8 0 0
122 145 64 59557 0 0
126 139 64 59561.2 0 0
123 140 64 59565.4 0 0
126 141 64 59569.7 0 0
125 145 64 59573.9 0 0
124 140 64 59578.1 0 0
124 144 64 59582.3 0 0
124 144 64 59586.5 0 0
124 140 65 59590.8 0 0
125 138 64 59595 0 0
123 140 64 59599.2 0 0
126 144 64 59603.4 0 0
123 140 64 59607.6 0 0
125 138 64 59611.8 0 0
123 139 64 59616.1 0 0
122 142 64 59620.3 0 0
123 139 64 59624.5 0 0
125 139 65 59628.7 0 0
123 136 64 59633 0 0
124 139 64 59637.2 0 0
123 137 64 59641.4 0 0
123 135 64 59645.6 0 0
123 134 64 59649.8 0 0
124 138 64 59654.1 0 0
122 138 64 59658.3 0 0
125 131 64 59662.5 0 0
121 138 64 59666.7 0 0
124 131 64 59670.9 0 0
123 132 64 59675.1 0 0
122 131 64 59679.3 0 0
122 132 64 59684.7 0 0
124 141 64 59689.2 0 0
122 132 64 59693.4 0 0
126 143 64 59697.7 0 0
122 137 65 59701.9 0 0
121 138 64 59706.2 0 0
125 138 64 59710.3 0 0
125 138 64 59714.6 0 0
125 138 65 59718.8 0 0
125 144 64 59723 0 0
125 142 64 59727.2 0 0
125 144 65 59731.4 0 0
124 136 65 59735.7 0 0
124 138 64 59739.8 0 0
124 144 65 59744.1 0 0
123 134 64 59748.3 0 0
125 138 64 59752.5 0 0
123 137 64 59756.8 0 0
122 143 65 59761 0 0
123 140 64 59765.2 0 0
124 134 64 59769.4 0 0
124 135 64 59773.6 0 0
126 135 64 59777.9 0 0
126 136 65 59782.2 0 0
126 134 64 59786.5 0 0
125 135 64 59790.7 0 0
125 131 64 59794.9 0 0
123 138 64 59799.1 0 0
122 132 64 59803.3 0 0
123 133 64 59807.5 0 0
123 135 64 59811.7 0 0
123 136 64 59815.9 0 0
122 135 64 59820.2 0 0
122 139 64 59824.4 0 0
125 132 64 59828.6 0 0
125 133 64 59832.8 0 0
123 130 64 59837 0 0
124 141 64 59841.2 0 0
123 142 64 59845.5 0 0
122 138 64 59849.7 0 0
124 135 65 59853.9 0 0
123 136 64 59858.1 0 0
122 143 64 59862.3 0 0
121 139 64 59866.5 0 0
123 139 64 59870.8 0 0
123 143 64 59875 0 0
125 151 63 59879.2 0 0
123 145 64 59883.4 0 0
125 157 63 59887.7 0 0
125 153 63 59891.9 0 0
124 159 63 59896.1 0 0
125 162 63 59900.3 0 0
124 165 63 59904.6 0 0
127 162 63 59908.9 0 0
125 163 63 59913.1 0 0
123 161 63 59917.3 0 0
122 158 63 59921.6 0 0
124 158 63 59925.8 0 0
124 146 63 59929.9 0 0
123 147 63 59934.2 0 0
124 141 64 59938.4 0 0
125 139 64 59942.6 0 0
124 146 64 59946.9 0 0
125 140 64 59951.1 0 0
124 144 64 59955.3 0 0
124 141 65 59959.5 0 0
122 143 64 59963.8 0 0
123 142 64 59968.1 0 0
124 142 64 59972.4 0 0
125 138 64 59976.6 0 0
123 136 64 59980.8 0 0
124 137 64 59985 0 0
124 138 64 59989.2 0 0
123 136 64 59993.5 0 0
123 140 64 59997.7 0 0
124 138 64 60001.9 0 0
126 138 64 60006.2 0 0
124 146 64 60010.4 0 0
123 138 64 60014.7 0 0
124 137 64 60018.9 0 0
127 141 64 60023.1 0 0
123 136 64 60027.3 0 0
122 141 64 60031.7 0 0
122 141 64 60035.9 0 0
123 136 64 60040.1 0 0
124 142 64 60044.3 0 0
124 137 64 60048.5 0 0
122 139 64 60052.7 0 0
124 139 64 60056.9 0 0
124 140 64 60061.2 0 0
124 138 64 60065.4 0 0
123 139 64 60069.7 0 0
123 139 65 60073.9 0 0
125 137 64 60078.1 0 0
125 142 64 60082.3 0 0
123 135 64 60086.5 0 0
125 141 65 60090.8 0 0
124 140 64 60095 0 0
122 142 64 60099.2 0 0
126 138 65 60103.5 0 0
125 138 64 60107.7 0 0
126 141 64 60111.9 0 0
127 140 65 60116.1 0 0
122 137 65 60120.3 0 0
124 137 64 60124.5 0 0
123 135 64 60128.8 0 0
126 137 64 60133 0 0
125 137 64 60139.7 0 0
125 136 64 60143.9 0 0
125 135 65 60148.2 0 0
125 139 64 60152.4 0 0
125 136 65 60156.7 0 0
123 137 65 60160.9 0 0
123 135 64 60165.1 0 0
126 145 65 60169.3 0 0
123 138 65 60173.5 0 0
126 139 64 60177.7 0 0
125 140 65 60182 0 0
125 138 64 60186.2 0 0
124 135 65 60190.4 0 0
122 136 65 60194.7 0 0
123 134 64 60198.9 0 0
126 140 64 60203.1 0 0
123 138 64 60207.3 0 0
126 144 64 60211.5 0 0
123 138 65 60215.8 0 0
124 136 64 60220.2 0 0
124 135 65 60224.5 0 0
125 139 64 60231.4 0 0
123 134 64 60235.6 0 0
122 138 64 60239.8 0 0
127 136 64 60244 0 0
126 137 65 60248.2 0 0
120 140 65 60252.5 0 0
124 141 64 60256.7 0 0
124 134 64 60260.9 0 0
123 133 64 60265.2 0 0
124 137 65 60269.6 0 0
123 141 64 60273.8 0 0
122 135 65 60278.1 0 0
125 140 64 60282.3 0 0
123 133 65 60286.5 0 0
122 133 65 60290.7 0 0
125 132 64 60294.9 0 0
121 134 64 60299.1 0 0
122 129 64 60303.3 0 0
125 141 64 60307.6 0 0
121 136 65 60311.8 0 0
126 138 64 60316 0 0
125 136 64 60320.2 0 0
126 137 65 60327.3 0 0
126 137 65 60331.5 0 0
123 136 65 60335.7 0 0
125 139 65 60339.9 0 0
123 138 64 60344.2 0 0
125 140 64 60348.5 0 0
125 139 65 60352.7 0 0
123 139 65 60356.9 0 0
123 136 65 60361.1 0 0
122 137 64 60365.3 0 0
124 140 65 60369.5 0 0
123 139 64 60373.7 0 0
125 136 65 60378 0 0
125 133 65 60382.2 0 0
125 142 64 60386.4 0 0
123 134 64 60390.6 0 0
124 137 65 60394.8 0 0
124 144 64 60399 0 0
123 136 65 60403.2 0 0
126 138 64 60407.5 0 0
124 139 65 60411.7 0 0
120 139 65 60415.9 0 0
121 141 65 60420.1 0 0
125 136 64 60426.9 0 0
121 129 65 60431.2 0 0
124 131 65 60435.5 0 0
125 140 65 60439.7 0 0
122 132 64 60444 0 0
124 135 65 60448.2 0 0
122 137 65 60452.4 0 0
123 134 64 60456.6 0 0
123 132 64 60460.8 0 0
124 136 65 60465 0 0
123 134 64 60469.3 0 0
121 136 64 60473.5 0 0
123 132 64 60477.8 0 0
124 132 65 60482 0 0
125 130 65 60486.2 0 0
124 135 65 60490.4 0 0
126 130 65 60494.6 0 0
122 131 65 60498.8 0 0
123 134 64 60503.1 0 0
124 140 65 60507.3 0 0
125 133 65 60511.5 0 0
124 132 64 60515.7 0 0
124 134 64 60522.6 0 0
124 131 64 60526.8 0 0
123 137 64 60531.1 0 0
124 136 64 60535.4 0 0
123 133 64 60539.6 0 0
125 142 64 60543.8 0 0
124 139 64 60548.1 0 0
123 132 64 60552.2 0 0
124 132 64 60556.5 0 0
122 132 65 60560.7 0 0
124 133 64 60564.9 0 0
126 132 65 60569.2 0 0
123 134 65 60573.4 0 0
123 131 64 60577.6 0 0
123 134 64 60581.8 0 0
127 132 65 60586 0 0
124 138 64 60590.3 0 0
127 132 65 60594.6 0 0
123 133 64 60598.8 0 0
124 135 64 60603 0 0
124 135 64 60607.2 0 0
124 135 64 60611.4 0 0
124 134 64 60617.3 0 0
124 135 64 60622.7 0 0
126 134 64 60627 0 0
123 136 64 60631.2 0 0
124 134 64 60635.4 0 0
123 134 64 60639.6 0 0
125 133 64 60643.8 0 0
125 133 64 60648 0 0
126 133 64 60652.3 0 0
125 135 64 60656.6 0 0
125 135 64 60660.8 0 0
122 134 64 60665 0 0
126 133 64 60669.2 0 0
125 132 64 60673.4 0 0
124 135 65 60677.6 0 0
123 134 64 60681.9 0 0
127 141 63 60686.2 0 0
126 138 64 60690.5 0 0
125 132 64 60694.7 0 0
125 130 64 60698.9 0 0
122 135 63 60703.1 0 0
125 134 64 60709.9 0 0
126 134 64 60714.2 0 0
124 139 63 60718.4 0 0
125 135 64 60723 0 0
126 142 63 60727.2 0 0
126 132 64 60731.4 0 0
122 132 64 60735.6 0 0
125 135 64 60739.8 0 0
127 143 63 60744 0 0
125 131 64 60748.2 0 0
123 135 64 60752.5 0 0
125 130 64 60756.7 0 0
124 134 64 60760.9 0 0
125 134 64 60765.2 0 0
123 138 64 60769.4 0 0
124 132 64 60773.9 0 0
126 132 64 60778.1 0 0
126 132 64 60782.3 0 0
125 143 63 60789.2 0 0
127 129 64 60793.4 0 0
126 141 63 60797.6 0 0
125 134 64 60801.8 0 0
126 130 64 60806 0 0
125 134 64 60810.2 0 0
125 134 64 60814.5 0 0
124 142 63 60818.7 0 0
127 140 63 60822.9 0 0
126 133 64 60827.1 0 0
125 129 64 60831.3 0 0
123 128 64 60835.5 0 0
124 129 64 60839.7 0 0
127 139 64 60844 0 0
125 140 63 60848.2 0 0
125 132 64 60852.4 0 0
125 140 63 60856.6 0 0
124 145 63 60860.8 0 0
126 131 64 60865 0 0
123 134 64 60869.2 0 0
124 130 64 60873.4 0 0
124 142 63 60877.8 0 0
123 142 63 60882.1 0 0
122 136 64 60886.3 0 0
123 135 64 60890.5 0 0
124 136 64 60894.7 0 0
121 145 63 60898.9 0 0
122 142 64 60903.1 0 0
122 143 64 60907.4 0 0
122 136 64 60911.6 0 0
125 145 63 60915.8 0 0
123 140 64 60920 0 0
124 136 64 60924.2 0 0
124 136 64 60928.4 0 0
121 135 64 60932.6 0 0
125 131 64 60936.9 0 0
125 137 64 60941.1 0 0
122 137 64 60945.3 0 0
125 144 63 60949.6 0 0
123 134 64 60953.8 0 0
124 134 64 60958 0 0
123 145 63 60962.2 0 0
122 142 63 60966.4 0 0
125 146 63 60970.6 0 0
123 144 63 60974.8 0 0
123 145 63 60979.1 0 0
124 141 64 60983.3 0 0
125 138 64 60987.5 0 0
123 139 64 60991.7 0 0
125 140 63 60995.9 0 0
122 147 63 61000.2 0 0
120 144 63 61004.4 0 0
125 136 64 61008.7 0 0
122 138 64 61012.9 0 0
125 144 63 61017.1 0 0
123 134 64 61021.3 0 0
124 148 63 61025.5 0 0
121 145 63 61029.8 0 0
122 136 64 61034 0 0
124 139 64 61038.2 0 0
125 132 64 61042.4 0 0
123 142 63 61046.6 0 0
124 133 64 61051 0 0
122 150 63 61055.3 0 0
122 146 63 61059.6 0 0
125 140 64 61063.8 0 0
122 144 64 61068.1 0 0
120 139 64 61072.3 0 0
123 138 64 61076.6 0 0
125 142 64 61080.8 0 0
123 132 64 61084.9 0 0
123 138 64 61089.2 0 0
122 134 64 61093.4 0 0
123 132 64 61097.6 0 0
124 135 64 61101.8 0 0
124 129 64 61106 0 0
123 140 63 61110.2 0 0
121 144 63 61114.4 0 0
124 133 64 61118.7 0 0
122 135 64 61122.9 0 0
124 132 64 61127.1 0 0
122 133 64 61131.3 0 0
122 147 63 61135.5 0 0
124 152 63 61139.8 0 0
124 144 63 61143.9 0 0
125 134 64 61148.2 0 0
123 146 63 61152.4 0 0
123 147 63 61156.6 0 0
124 142 63 61160.8 0 0
123 143 63 61165.1 0 0
123 132 64 61169.3 0 0
124 135 64 61173.5 0 0
123 134 64 61177.7 0 0
124 142 63 61184.7 0 0
123 144 63 61188.9 0 0
126 143 63 61193.2 0 0
121 145 63 61197.6 0 0
127 146 63 61201.8 0 0
125 143 63 61206 0 0
125 143 63 61210.2 0 0
123 144 63 61214.5 0 0
122 142 63 61218.8 0 0
123 149 63 61223.1 0 0
125 148 63 61227.3 0 0
122 136 64 61231.5 0 0
125 144 63 61235.7 0 0
120 146 63 61239.9 0 0
124 141 63 61244.1 0 0
123 133 64 61248.3 0 0
123 141 63 61252.6 0 0
124 139 63 61256.8 0 0
124 146 63 61261 0 0
121 141 63 61267.8 0 0
126 145 63 61272 0 0
123 139 63 61276.3 0 0
124 145 63 61280.5 0 0
122 131 64 61284.7 0 0
122 147 63 61288.9 0 0
123 142 63 61293.1 0 0
125 138 63 61297.3 0 0
122 141 63 61301.5 0 0
123 142 63 61305.7 0 0
122 142 63 61309.9 0 0
123 146 63 61314.2 0 0
124 134 64 61318.4 0 0
121 143 63 61322.7 0 0
124 142 63 61326.9 0 0
121 141 63 61331.1 0 0
122 143 63 61335.3 0 0
123 141 63 61339.5 0 0
125 138 64 61343.7 0 0
123 143 63 61348.1 0 0
124 139 63 61352.3 0 0
122 140 63 61356.5 0 0
124 142 63 61360.7 0 0
121 140 63 61364.9 0 0
124 148 63 61372 0 0
123 141 63 61376.3 0 0
121 149 63 61380.5 0 0
121 143 63 61384.7 0 0
122 147 63 61388.9 0 0
124 149 63 61393.1 0 0
123 153 63 61397.3 0 0
123 143 63 61401.5 0 0
122 143 63 61405.7 0 0
123 153 63 61410.7 0 0
123 151 62 61414.9 0 0
122 145 62 61419.1 0 0
124 143 63 61426 0 0
122 143 63 61430.2 0 0
121 142 63 61434.5 0 0
123 146 62 61438.7 0 0
123 146 62 61442.9 0 0
122 143 62 61447.2 0 0
120 143 63 61451.4 0 0
122 153 63 61455.6 0 0
123 144 62 61459.8 0 0
123 145 62 61464 0 0
122 145 62 61468.2 0 0
122 146 62 61472.4 0 0
120 143 62 61476.7 0 0
122 145 62 61480.9 0 0
124 144 62 61485.1 0 0
122 145 62 61489.3 0 0
121 150 62 61493.5 0 0
120 144 62 61497.7 0 0
120 147 63 61502 0 0
119 149 62 61506.2 0 0
123 150 62 61510.4 0 0
125 149 62 61514.6 0 0
121 149 62 61518.8 0 0
121 153 62 61523 0 0
122 148 62 61527.2 0 0
124 143 62 61531.5 0 0
122 147 62 61538.6 0 0
122 151 62 61542.8 0 0
123 147 63 61547 0 0
123 144 63 61551.2 0 0
119 145 62 61555.4 0 0
121 145 63 61559.6 0 0
121 143 62 61563.8 0 0
122 146 62 61568.1 0 0
121 147 62 61572.3 0 0
123 145 62 61576.5 0 0
122 146 62 61580.7 0 0
123 144 62 61584.9 0 0
124 145 62 61589.1 0 0
125 145 62 61593.3 0 0
119 148 62 61597.6 0 0
119 145 62 61601.8 0 0
123 145 62 61606 0 0
121 145 62 61610.2 0 0
121 145 62 61614.4 0 0
121 146 62 61618.6 0 0
122 147 63 61622.8 0 0
122 145 62 61627 0 0
124 145 62 61631.2 0 0
122 144 62 61635.5 0 0
119 145 62 61639.7 0 0
119 145 62 61643.9 0 0
123 143 62 61648.6 0 0
122 143 62 61652.8 0 0
125 151 62 61657.2 0 0
123 153 62 61661.4 0 0
120 151 62 61665.6 0 0
120 152 62 61669.8 0 0
122 149 62 61674 0 0
120 160 62 61678.2 0 0
124 151 62 61682.5 0 0
123 149 62 61686.7 0 0
122 145 62 61690.9 0 0
122 146 62 61695.1 0 0
123 146 62 61699.3 0 0
124 146 61 61703.5 0 0
121 147 62 61707.8 0 0
122 150 62 61712 0 0
124 152 62 61716.2 0 0
121 144 62 61720.4 0 0
125 151 62 61724.6 0 0
122 149 61 61728.8 0 0
124 150 62 61733.1 0 0
121 146 62 61737.2 0 0
121 152 62 61741.4 0 0
121 155 62 61745.7 0 0
122 147 62 61749.9 0 0
123 148 62 61754.5 0 0
123 146 62 61758.8 0 0
121 148 62 61763 0 0
125 149 62 61767.2 0 0
123 148 62 61771.4 0 0
122 151 62 61775.7 0 0
124 153 62 61779.9 0 0
121 145 62 61784.1 0 0
122 155 63 61788.3 0 0
122 151 63 61792.6 0 0
121 153 62 61796.8 0 0
123 147 63 61801 0 0
123 145 62 61805.2 0 0
122 147 62 61809.4 0 0
125 145 62 61813.6 0 0
124 146 62 61817.8 0 0
121 145 62 61822.1 0 0
121 146 62 61826.3 0 0
124 143 62 61830.5 0 0
121 147 62 61834.7 0 0
122 147 62 61838.9 0 0
124 146 62 61843.1 0 0
122 142 63 61847.5 0 0
121 143 63 61851.8 0 0
125 141 63 61856 0 0
124 146 62 61860.2 0 0
124 140 63 61864.4 0 0
124 142 62 61868.6 0 0
122 137 63 61872.8 0 0
121 142 63 61877.1 0 0
123 134 62 61881.3 0 0
122 139 63 61885.5 0 0
122 141 62 61889.7 0 0
124 135 62 61893.9 0 0
124 141 63 61898.1 0 0
124 134 62 61902.3 0 0
121 141 63 61906.6 0 0
123 140 63 61910.8 0 0
123 137 63 61915 0 0
123 137 63 61919.2 0 0
123 137 63 61923.4 0 0
123 144 63 61927.6 0 0
123 138 63 61931.8 0 0
123 138 63 61936.1 0 0
121 145 63 61940.3 0 0
126 135 63 61944.5 0 0
125 144 63 61948.7 0 0
125 146 63 61952.9 0 0
124 137 63 61957.1 0 0
122 139 63 61961.3 0 0
122 137 63 61965.6 0 0
123 138 63 61970 0 0
122 128 64 61974.2 0 0
123 137 63 61978.4 0 0
122 142 63 61982.7 0 0
122 144 63 61986.9 0 0
124 129 64 61991.1 0 0
124 142 63 61995.3 0 0
125 144 63 61999.6 0 0
125 136 63 62004.3 0 0
123 132 64 62008.5 0 0
126 142 63 62012.8 0 0
122 130 64 62017 0 0
124 141 63 62021.2 0 0
126 132 64 62025.4 0 0
123 134 64 62029.6 0 0
126 140 63 62033.9 0 0
123 144 63 62038.1 0 0
126 130 64 62042.3 0 0
124 140 63 62046.5 0 0
126 138 63 62050.7 0 0
122 142 63 62054.9 0 0
126 133 64 62059.2 0 0
123 136 64 62063.4 0 0
124 151 63 62067.6 0 0
125 146 63 62071.8 0 0
124 153 63 62076 0 0
127 137 64 62080.2 0 0
121 145 63 62084.5 0 0
124 141 63 62088.7 0 0
124 135 64 62092.9 0 0
123 140 64 62097.8 0 0
125 139 63 62101.9 0 0
123 129 64 62106.2 0 0
126 136 64 62110.4 0 0
126 133 64 62114.6 0 0
124 130 64 62118.8 0 0
126 146 63 62123 0 0
125 139 64 62127.2 0 0
124 136 65 62131.5 0 0
126 146 63 62135.7 0 0
123 141 64 62139.9 0 0
126 138 64 62144.1 0 0
125 142 64 62148.3 0 0
125 142 64 62152.6 0 0
124 139 64 62156.8 0 0
125 136 64 62161.1 0 0
126 140 64 62165.3 0 0
127 134 64 62169.5 0 0
127 138 64 62173.7 0 0
123 133 64 62177.9 0 0
125 136 64 62182.1 0 0
123 139 64 62186.3 0 0
127 136 64 62190.6 0 0
123 136 64 62194.8 0 0
125 135 64 62199 0 0
124 140 64 62203.2 0 0
124 138 64 62207.4 0 0
121 146 64 62211.6 0 0
124 144 64 62215.8 0 0
126 138 64 62220.1 0 0
123 145 64 62224.3 0 0
124 138 64 62228.5 0 0
126 142 64 62232.7 0 0
125 144 64 62236.9 0 0
125 148 64 62241.1 0 0
123 137 65 62245.3 0 0
123 147 64 62249.5 0 0
124 143 65 62253.7 0 0
123 146 64 62258 0 0
125 146 65 62262.3 0 0
123 144 64 62266.5 0 0
124 144 64 62270.7 0 0
124 142 64 62275.3 0 0
123 144 64 62279.5 0 0
124 143 64 62283.8 0 0
124 147 65 62288 0 0
125 142 65 62292.2 0 0
122 153 65 62296.4 0 0
122 147 65 62300.9 0 0
125 144 64 62305.1 0 0
126 150 64 62309.3 0 0
123 155 64 62313.7 0 0
123 152 64 62317.9 0 0
125 147 64 62322.1 0 0
122 148 65 62326.3 0 0
125 149 64 62330.6 0 0
126 156 64 62334.8 0 0
124 152 65 62339 0 0
122 148 65 62343.2 0 0
125 148 64 62347.8 0 0
126 148 65 62352.1 0 0
123 153 65 62356.2 0 0
125 149 64 62360.5 0 0
124 150 64 62364.7 0 0
123 150 65 62368.9 0 0
125 148 65 62373.1 0 0
126 149 65 62377.3 0 0
122 149 65 62381.6 0 0
127 154 65 62385.8 0 0
126 155 65 62390 0 0
124 156 65 62394.2 0 0
124 157 65 62398.4 0 0
123 159 65 62402.7 0 0
121 156 65 62407.1 0 0
122 162 65 62411.3 0 0
123 164 64 62415.5 0 0
119 169 64 62419.7 0 0
124 177 64 62423.9 0 0
122 193 63 62428.1 0 0
114 208 63 62432.3 0 0
127 238 67 62609.7 0 0
127 238 0 62613.9 0 0
124 237 67 62618.1 0 0
126 236 0 62622.4 0 0
125 235 66 62626.6 0 0
124 234 66 62630.8 0 0
126 222 67 62635 0 0
127 219 67 62639.2 0 0
128 216 68 62643.4 0 0
127 218 67 62647.6 0 0
127 210 67 62651.8 0 0
124 210 66 62656.1 0 0
125 213 68 62660.3 0 0
124 209 66 62664.5 0 0
129 209 66 62668.7 0 0
125 204 66 62672.9 0 0
127 209 66 62677.1 0 0
126 210 66 62681.3 0 0
127 209 66 62685.6 0 0
128 204 67 62690 0 0
128 212 67 62694.2 0 0
126 210 66 62698.4 0 0
127 211 66 62702.6 0 0
128 212 66 62706.8 0 0
126 210 67 62711 0 0
127 210 67 62715.2 0 0
127 205 67 62719.5 0 0
125 204 66 62723.7 0 0
127 205 68 62727.9 0 0
126 207 67 62732.1 0 0
127 207 66 62736.3 0 0
127 206 66 62740.5 0 0
127 205 66 62744.8 0 0
125 209 66 62749 0 0
125 204 67 62753.2 0 0
128 208 66 62757.4 0 0
126 207 66 62761.7 0 0
128 204 67 62765.9 0 0
126 207 66 62770.1 0 0
128 205 66 62774.3 0 0
127 214 66 62778.6 0 0
125 201 66 62782.8 0 0
129 207 68 62787 0 0
124 201 67 62791.2 0 0
126 200 66 62795.4 0 0
128 201 66 62799.6 0 0
125 198 67 62803.8 0 0
128 200 66 62808.1 0 0
126 198 67 62812.3 0 0
128 199 66 62816.5 0 0
127 200 66 62820.8 0 0
129 198 66 62825 0 0
124 193 66 62829.2 0 0
127 195 66 62833.4 0 0
128 193 66 62837.6 0 0
127 197 66 62841.9 0 0
125 194 66 62846.2 0 0
128 193 66 62850.5 0 0
128 196 66 62854.7 0 0
125 192 66 62858.9 0 0
126 194 66 62863.1 0 0
127 195 66 62867.3 0 0
124 193 66 62871.5 0 0
127 194 66 62875.7 0 0
127 199 66 62880 0 0
129 201 66 62884.2 0 0
125 201 66 62888.4 0 0
129 201 65 62892.6 0 0
128 204 67 62896.8 0 0
130 203 66 62901 0 0
128 209 66 62905.2 0 0
127 210 67 62909.4 0 0
128 219 67 62913.7 0 0
127 219 67 62917.9 0 0
126 218 66 62922.1 0 0
131 224 66 62926.3 0 0
128 223 66 62930.5 0 0
129 225 66 62934.7 0 0
129 223 67 62938.9 0 0
128 222 66 62943.2 0 0
127 224 67 62947.4 0 0
129 224 66 62951.6 0 0
127 227 66 62955.8 0 0
128 228 67 62960 0 0
129 228 66 62964.2 0 0
126 230 66 62968.4 0 0
128 228 66 62972.7 0 0
130 230 67 62976.9 0 0
128 232 66 62981.1 0 0
129 234 66 62985.3 0 0
128 231 66 62989.5 0 0
128 230 68 62993.7 0 0
130 231 65 62997.9 0 0
128 234 66 63002.2 0 0
127 230 68 63006.4 0 0
126 232 67 63010.7 0 0
130 232 66 63014.9 0 0
126 225 66 63019.1 0 0
128 222 66 63023.3 0 0
126 220 65 63027.6 0 0
128 230 67 63031.8 0 0
128 221 65 63036 0 0
127 217 65 63040.2 0 0
