127 128 43 34048.4 0 0
128 128 44 34052.7 0 0
132 133 43 34056.9 0 0
132 129 43 34061.1 0 0
131 129 44 34065.3 0 0
129 129 43 34069.6 0 0
129 127 43 34073.8 0 0
133 133 43 34077.9 0 0
130 129 43 34082.2 0 0
131 131 43 34086.4 0 0
130 129 43 34090.6 0 0
130 129 44 34094.9 0 0
129 130 43 34099.4 0 0
130 127 43 34103.6 0 0
130 131 44 34107.8 0 0
128 126 44 34112 0 0
130 131 43 34116.2 0 0
131 129 43 34120.4 0 0
130 129 44 34124.7 0 0
127 131 43 34128.9 0 0
129 130 44 34133.1 0 0
136 131 43 34137.3 0 0
132 130 43 34141.5 0 0
132 134 43 34145.7 0 0
134 133 43 34149.9 0 0
129 130 44 34154.1 0 0
130 134 43 34158.3 0 0
131 131 43 34162.5 0 0
127 132 44 34166.8 0 0
132 134 44 34170.9 0 0
131 130 43 34175.2 0 0
130 131 44 34179.4 0 0
134 133 44 34183.7 0 0
129 130 44 34187.9 0 0
133 137 44 34192.1 0 0
128 130 43 34196.3 0 0
133 134 43 34200.5 0 0
131 131 43 34204.7 0 0
131 133 44 34208.9 0 0
132 136 44 34213.1 0 0
131 122 44 34217.4 0 0
132 136 43 34221.6 0 0
131 126 43 34225.8 0 0
132 127 44 34230 0 0
129 128 44 34234.2 0 0
132 123 43 34238.4 0 0
131 128 44 34242.8 0 0
129 126 43 34247.1 0 0
134 125 43 34251.3 0 0
131 136 43 34255.5 0 0
133 127 43 34259.7 0 0
132 125 44 34263.9 0 0
128 127 43 34268.1 0 0
132 126 44 34272.3 0 0
130 124 43 34276.6 0 0
134 135 43 34280.8 0 0
135 132 43 34285.1 0 0
131 130 44 34289.3 0 0
130 132 44 34293.5 0 0
132 133 43 34297.7 0 0
135 131 44 34301.9 0 0
133 133 43 34306.1 0 0
129 130 43 34310.4 0 0
130 131 43 34314.6 0 0
129 130 43 34318.8 0 0
134 126 44 34323 0 0
128 124 43 34327.2 0 0
128 115 43 34331.4 0 0
129 109 43 34335.6 0 0
128 106 44 34339.9 0 0
127 97 44 34344.1 0 0
126 98 44 34348.3 0 0
131 91 43 34352.5 0 0
125 87 44 34356.7 0 0
122 87 44 34360.9 0 0
122 93 44 34365.2 0 0
126 94 44 34369.4 0 0
126 97 44 34373.6 0 0
127 97 44 34377.8 0 0
125 93 44 34382 0 0
126 95 43 34386.2 0 0
129 92 43 34390.4 0 0
125 90 43 34394.7 0 0
122 89 43 34398.9 0 0
122 91 43 34403.1 0 0
127 89 42 34407.3 0 0
121 88 43 34411.6 0 0
128 92 42 34415.8 0 0
127 93 42 34420 0 0
126 92 42 34424.2 0 0
128 89 42 34428.4 0 0
128 92 42 34432.6 0 0
126 91 42 34436.9 0 0
127 90 42 34441.1 0 0
124 92 41 34445.3 0 0
126 91 41 34449.5 0 0
126 94 41 34453.7 0 0
126 94 41 34457.9 0 0
122 93 41 34462.5 0 0
127 93 41 34466.8 0 0
129 92 40 34471 0 0
122 93 41 34475.2 0 0
124 94 40 34479.4 0 0
129 97 40 34483.9 0 0
128 99 40 34488.1 0 0
126 99 40 34492.4 0 0
125 98 40 34496.6 0 0
126 99 40 34500.9 0 0
125 97 39 34505.1 0 0
126 95 40 34509.3 0 0
125 97 39 34513.5 0 0
127 98 39 34517.7 0 0
127 96 39 34521.9 0 0
123 95 39 34526.2 0 0
121 93 39 34530.4 0 0
126 95 39 34534.6 0 0
124 101 39 34538.9 0 0
123 95 38 34543.1 0 0
128 99 38 34547.3 0 0
127 98 38 34551.5 0 0
123 99 38 34555.7 0 0
127 100 38 34560 0 0
125 98 38 34564.2 0 0
124 99 38 34568.4 0 0
125 100 38 34572.6 0 0
126 95 37 34576.8 0 0
125 100 37 34581 0 0
127 97 37 34585.2 0 0
120 97 37 34589.5 0 0
125 99 37 34593.7 0 0
124 96 37 34597.9 0 0
123 99 37 34602.1 0 0
124 98 37 34606.3 0 0
122 99 37 34610.5 0 0
124 102 37 34614.7 0 0
123 97 37 34618.9 0 0
122 98 37 34623.2 0 0
122 99 37 34627.4 0 0
126 101 36 34631.6 0 0
124 102 36 34635.8 0 0
122 101 37 34640 0 0
127 98 36 34644.2 0 0
121 103 36 34648.4 0 0
125 100 36 34652.7 0 0
123 98 36 34656.9 0 0
126 98 36 34661.1 0 0
127 101 36 34665.3 0 0
123 103 36 34669.5 0 0
122 101 36 34673.7 0 0
123 99 36 34677.9 0 0
125 100 36 34682.2 0 0
121 101 36 34686.4 0 0
125 100 36 34690.6 0 0
121 101 35 34694.8 0 0
119 100 36 34699.1 0 0
124 99 36 34703.3 0 0
121 102 36 34707.5 0 0
124 99 35 34711.7 0 0
121 102 36 34715.9 0 0
121 106 35 34720.1 0 0
124 108 35 34724.3 0 0
125 126 35 34728.6 0 0
124 125 35 34732.8 0 0
128 143 35 34736.9 0 0
130 152 35 34741.2 0 0
139 190 34 34745.4 0 0
132 231 34 34749.6 0 0
124 225 33 34762.3 0 0
121 215 32 34774.9 0 0
127 231 32 34779.2 0 0
126 221 33 34893 0 0
127 222 33 34897.2 0 0
130 214 33 34901.4 0 0
130 214 0 34905.7 0 0
130 211 34 34909.9 0 0
130 211 0 34914.1 0 0
130 211 0 34918.3 0 0
130 211 0 34922.5 0 0
130 211 0 34926.8 0 0
130 211 0 34931 0 0
127 205 34 34935.2 0 0
123 193 35 34939.5 0 0
125 190 35 34943.7 0 0
123 168 35 34947.9 0 0
124 162 35 34952.1 0 0
122 157 35 34956.3 0 0
127 155 35 34960.5 0 0
127 155 36 34964.8 0 0
126 158 36 34969 0 0
125 164 35 34973.2 0 0
122 151 35 34977.4 0 0
123 156 35 34981.6 0 0
125 157 35 34985.8 0 0
122 146 36 34992.6 0 0
125 153 36 34996.9 0 0
120 145 36 35001.1 0 0
125 148 36 35005.3 0 0
121 149 36 35009.5 0 0
114 147 36 35013.7 0 0
118 145 36 35017.9 0 0
117 140 36 35022.2 0 0
113 132 37 35026.4 0 0
112 132 36 35031 0 0
110 129 36 35035.2 0 0
103 122 37 35039.4 0 0
99 117 36 35043.6 0 0
97 123 36 35047.8 0 0
95 125 36 35052 0 0
94 127 36 35056.2 0 0
93 125 37 35060.5 0 0
97 123 37 35064.7 0 0
99 124 37 35071.8 0 0
95 120 37 35076 0 0
96 119 37 35080.2 0 0
95 123 37 35084.4 0 0
93 116 37 35088.6 0 0
90 119 37 35092.9 0 0
88 116 37 35097.1 0 0
94 118 37 35101.3 0 0
100 118 37 35105.5 0 0
96 121 37 35109.7 0 0
95 116 38 35113.9 0 0
96 116 37 35118.1 0 0
93 118 38 35122.4 0 0
87 113 38 35126.6 0 0
78 109 38 35130.8 0 0
78 103 38 35135 0 0
70 105 38 35139.2 0 0
69 100 37 35143.4 0 0
65 101 38 35147.6 0 0
66 96 38 35151.8 0 0
66 96 37 35156.1 0 0
69 94 37 35160.3 0 0
67 99 37 35164.5 0 0
68 98 38 35168.7 0 0
67 106 37 35172.9 0 0
65 97 37 35177.1 0 0
63 99 38 35181.4 0 0
63 99 38 35185.6 0 0
66 94 37 35190.9 0 0
63 89 38 35195.1 0 0
63 95 38 35199.3 0 0
64 96 38 35203.5 0 0
66 93 38 35207.7 0 0
65 97 37 35211.9 0 0
68 94 38 35216.2 0 0
69 95 38 35220.4 0 0
65 95 38 35224.6 0 0
70 97 38 35228.8 0 0
69 99 38 35233 0 0
65 96 38 35237.2 0 0
65 96 38 35241.4 0 0
68 97 38 35245.7 0 0
65 94 38 35249.9 0 0
66 95 38 35254.1 0 0
62 95 38 35258.3 0 0
58 92 39 35262.5 0 0
51 88 38 35266.7 0 0
51 83 39 35270.9 0 0
45 78 38 35275.2 0 0
43 74 38 35279.4 0 0
38 72 39 35283.6 0 0
37 68 38 35287.8 0 0
35 70 38 35292 0 0
36 73 38 35296.2 0 0
37 80 38 35300.4 0 0
40 75 38 35304.6 0 0
38 79 38 35308.9 0 0
39 77 38 35314 0 0
35 77 38 35318.2 0 0
32 73 38 35322.4 0 0
33 72 38 35326.6 0 0
32 72 38 35330.8 0 0
35 72 38 35335 0 0
33 66 38 35339.3 0 0
33 70 38 35343.9 0 0
32 70 38 35348.1 0 0
33 72 38 35352.4 0 0
35 74 38 35356.6 0 0
36 72 38 35360.8 0 0
33 74 38 35365 0 0
36 77 38 35369.2 0 0
34 73 38 35373.4 0 0
35 73 38 35377.6 0 0
36 71 38 35381.9 0 0
33 73 38 35386.1 0 0
33 72 38 35390.3 0 0
30 72 38 35394.5 0 0
36 73 38 35398.7 0 0
35 72 38 35402.9 0 0
35 73 38 35407.2 0 0
32 75 38 35411.4 0 0
28 75 38 35415.6 0 0
30 77 38 35419.8 0 0
35 73 38 35424 0 0
33 75 38 35428.2 0 0
32 77 38 35432.5 0 0
34 69 38 35436.7 0 0
35 71 38 35441 0 0
33 70 38 35445.2 0 0
30 70 38 35449.4 0 0
32 73 39 35453.6 0 0
31 71 38 35457.8 0 0
30 70 38 35462 0 0
30 73 39 35466.3 0 0
33 71 38 35470.5 0 0
34 76 39 35474.7 0 0
37 76 39 35478.9 0 0
32 73 39 35483.1 0 0
37 77 38 35487.3 0 0
33 73 39 35491.5 0 0
35 73 39 35495.8 0 0
32 72 39 35500 0 0
39 70 39 35504.2 0 0
46 71 39 35508.4 0 0
57 66 39 35512.6 0 0
66 56 40 35516.8 0 0
78 53 39 35521.1 0 0
81 50 40 35525.3 0 0
89 53 40 35529.5 0 0
96 45 40 35533.8 0 0
100 50 40 35538 0 0
106 39 40 35542.2 0 0
108 35 40 35546.4 0 0
109 31 40 35550.6 0 0
107 30 40 35554.8 0 0
108 34 39 35559.1 0 0
105 35 40 35563.3 0 0
107 33 40 35567.5 0 0
114 35 40 35571.7 0 0
112 31 40 35575.9 0 0
114 37 40 35580.1 0 0
110 32 40 35584.3 0 0
113 33 40 35588.6 0 0
113 36 40 35592.8 0 0
108 32 40 35597 0 0
111 45 40 35601.2 0 0
112 34 40 35605.4 0 0
109 37 40 35609.7 0 0
106 35 40 35613.9 0 0
114 29 40 35618.1 0 0
125 33 40 35622.3 0 0
138 39 41 35626.5 0 0
145 44 41 35630.8 0 0
161 56 41 35635 0 0
165 61 41 35639.2 0 0
167 61 40 35643.4 0 0
182 71 39 35647.6 0 0
177 72 38 35651.8 0 0
176 64 38 35656 0 0
170 51 38 35660.3 0 0
173 56 39 35664.5 0 0
173 57 39 35668.7 0 0
178 65 40 35672.9 0 0
178 64 40 35677.1 0 0
181 64 40 35681.3 0 0
182 74 40 35685.6 0 0
185 79 39 35689.8 0 0
183 81 39 35694 0 0
182 74 39 35698.2 0 0
178 73 39 35702.4 0 0
180 79 38 35706.7 0 0
183 76 39 35710.9 0 0
183 69 39 35715.1 0 0
182 65 39 35719.3 0 0
184 69 39 35723.6 0 0
180 66 39 35727.8 0 0
180 67 39 35732 0 0
182 62 39 35736.2 0 0
181 70 40 35740.4 0 0
187 70 39 35744.6 0 0
177 72 39 35749.5 0 0
185 73 40 35753.8 0 0
183 75 39 35757.9 0 0
182 76 40 35762.2 0 0
179 74 40 35766.4 0 0
179 76 40 35770.6 0 0
181 72 39 35774.8 0 0
177 72 39 35779 0 0
182 73 39 35783.3 0 0
177 70 39 35787.5 0 0
174 70 40 35791.7 0 0
181 68 40 35795.9 0 0
177 70 40 35800.1 0 0
184 74 40 35804.3 0 0
180 67 40 35808.6 0 0
180 73 40 35812.8 0 0
185 77 40 35817 0 0
186 68 40 35821.2 0 0
183 76 40 35825.4 0 0
179 68 40 35829.6 0 0
176 68 40 35833.8 0 0
187 73 40 35838 0 0
180 69 40 35842.3 0 0
183 70 40 35846.5 0 0
180 74 40 35850.8 0 0
177 69 40 35855.1 0 0
183 71 40 35859.2 0 0
179 68 40 35863.5 0 0
183 72 40 35867.7 0 0
185 76 41 35871.9 0 0
182 69 41 35876.2 0 0
182 66 40 35880.4 0 0
182 68 40 35884.6 0 0
186 65 40 35888.8 0 0
178 69 41 35893 0 0
182 65 41 35897.2 0 0
172 62 41 35901.4 0 0
162 73 41 35905.6 0 0
155 90 42 35909.9 0 0
139 100 42 35914.1 0 0
134 120 42 35918.3 0 0
131 140 42 35922.5 0 0
135 153 42 35926.7 0 0
144 161 43 35930.9 0 0
142 161 43 35935.2 0 0
146 163 43 35939.4 0 0
145 163 43 35943.6 0 0
137 159 42 35947.8 0 0
134 150 42 35952 0 0
131 153 42 35956.2 0 0
131 158 42 35960.4 0 0
127 156 42 35964.7 0 0
131 162 42 35968.9 0 0
131 161 42 35973.1 0 0
130 162 42 35977.3 0 0
134 160 42 35981.5 0 0
129 159 43 35985.7 0 0
130 161 42 35989.9 0 0
136 160 42 35994.2 0 0
136 159 42 35998.4 0 0
138 154 42 36002.6 0 0
133 157 42 36006.8 0 0
134 155 42 36011.1 0 0
128 158 42 36015.2 0 0
132 152 42 36019.5 0 0
128 159 42 36023.7 0 0
128 150 42 36027.9 0 0
132 159 42 36032.2 0 0
135 163 42 36036.4 0 0
134 163 42 36040.6 0 0
137 161 42 36044.8 0 0
132 159 42 36049 0 0
139 158 42 36053.2 0 0
134 161 43 36057.4 0 0
137 160 43 36061.6 0 0
132 157 42 36065.8 0 0
131 157 42 36070.1 0 0
137 157 42 36074.3 0 0
135 160 42 36078.5 0 0
134 155 42 36082.7 0 0
135 157 42 36086.9 0 0
132 154 42 36091.2 0 0
135 156 42 36095.4 0 0
135 155 42 36099.6 0 0
130 157 42 36103.8 0 0
129 158 43 36108 0 0
132 155 42 36112.2 0 0
131 159 42 36116.4 0 0
136 157 42 36120.6 0 0
135 154 42 36124.9 0 0
134 163 43 36129.1 0 0
134 150 42 36133.3 0 0
138 146 42 36137.5 0 0
134 138 43 36141.7 0 0
135 135 42 36146 0 0
146 131 43 36150.2 0 0
134 131 43 36154.4 0 0
135 129 43 36158.7 0 0
135 135 43 36162.9 0 0
137 137 43 36167.1 0 0
136 141 43 36171.3 0 0
139 136 42 36175.5 0 0
140 139 43 36179.7 0 0
138 137 43 36183.9 0 0
140 133 43 36188.9 0 0
132 135 43 36193.1 0 0
136 129 43 36197.3 0 0
134 131 43 36201.5 0 0
136 130 43 36205.7 0 0
135 134 43 36210 0 0
134 133 43 36214.2 0 0
139 130 43 36218.4 0 0
132 134 43 36222.6 0 0
135 131 43 36227 0 0
140 133 43 36231.2 0 0
139 134 43 36235.4 0 0
139 129 43 36239.6 0 0
137 136 42 36244 0 0
135 128 43 36248.2 0 0
134 134 43 36252.4 0 0
136 130 43 36256.7 0 0
143 130 43 36260.9 0 0
132 133 43 36265.1 0 0
137 129 43 36269.3 0 0
137 132 43 36273.5 0 0
135 129 42 36277.9 0 0
137 133 43 36282.1 0 0
139 131 43 36286.3 0 0
135 139 43 36290.6 0 0
137 132 43 36294.8 0 0
139 126 43 36298.9 0 0
133 136 43 36303.2 0 0
135 125 43 36307.4 0 0
137 131 43 36311.6 0 0
137 137 43 36315.8 0 0
137 126 43 36320.1 0 0
139 127 43 36324.3 0 0
137 131 43 36328.5 0 0
127 131 43 36332.7 0 0
127 131 43 36336.9 0 0
120 135 44 36341.1 0 0
101 146 43 36345.4 0 0
96 167 44 36349.6 0 0
75 172 43 36353.8 0 0
80 190 43 36358 0 0
80 209 43 36362.2 0 0
72 215 43 36366.5 0 0
72 213 44 36370.8 0 0
74 215 44 36375 0 0
78 214 44 36379.2 0 0
82 215 44 36383.4 0 0
78 213 44 36387.6 0 0
74 210 44 36391.8 0 0
71 212 44 36396 0 0
64 213 43 36400.2 0 0
66 219 43 36404.5 0 0
59 216 42 36408.7 0 0
63 220 42 36412.9 0 0
60 221 42 36417.2 0 0
67 224 42 36421.3 0 0
67 221 42 36425.6 0 0
66 224 42 36429.8 0 0
75 224 42 36434.1 0 0
65 216 43 36438.3 0 0
69 225 42 36442.5 0 0
70 221 42 36446.7 0 0
73 226 43 36450.9 0 0
66 222 43 36455.1 0 0
66 218 42 36459.3 0 0
70 220 42 36463.6 0 0
68 219 42 36467.8 0 0
66 220 42 36472 0 0
68 222 42 36476.2 0 0
70 222 42 36480.4 0 0
69 221 42 36484.6 0 0
70 221 42 36488.8 0 0
66 224 42 36493 0 0
67 221 42 36497.3 0 0
67 224 42 36501.5 0 0
69 221 42 36505.7 0 0
68 223 42 36509.9 0 0
67 217 42 36514.1 0 0
60 220 42 36518.3 0 0
69 217 42 36522.5 0 0
69 220 42 36526.8 0 0
72 216 42 36531 0 0
82 213 42 36535.2 0 0
80 218 42 36539.4 0 0
80 216 42 36543.6 0 0
77 219 42 36547.8 0 0
74 214 42 36552 0 0
80 216 42 36556.2 0 0
71 216 42 36560.5 0 0
75 218 42 36564.7 0 0
78 214 42 36568.9 0 0
72 216 42 36573.1 0 0
81 216 42 36577.3 0 0
79 214 42 36581.5 0 0
75 218 42 36585.7 0 0
78 215 42 36590 0 0
74 216 42 36594.2 0 0
77 214 42 36598.4 0 0
71 220 42 36602.6 0 0
80 210 42 36606.8 0 0
78 196 42 36611.1 0 0
77 177 42 36615.3 0 0
75 163 42 36619.5 0 0
79 140 42 36623.8 0 0
84 133 42 36628 0 0
83 115 42 36632.2 0 0
86 110 42 36636.4 0 0
85 100 43 36640.6 0 0
90 97 43 36644.8 0 0
89 95 43 36649.1 0 0
88 94 43 36653.3 0 0
93 91 42 36657.6 0 0
91 82 43 36661.8 0 0
90 82 43 36666 0 0
95 77 43 36670.2 0 0
85 79 43 36674.4 0 0
92 75 43 36678.7 0 0
92 74 43 36682.9 0 0
92 70 43 36687.2 0 0
88 70 43 36691.4 0 0
89 74 43 36695.6 0 0
88 65 43 36699.8 0 0
92 68 43 36704 0 0
94 64 43 36708.2 0 0
97 64 43 36712.5 0 0
89 70 43 36716.7 0 0
89 70 43 36720.9 0 0
87 73 43 36725.1 0 0
89 72 43 36729.3 0 0
92 71 43 36733.5 0 0
90 73 43 36737.7 0 0
90 72 43 36741.9 0 0
88 77 43 36746.2 0 0
86 73 43 36750.4 0 0
91 73 43 36754.6 0 0
91 71 43 36758.8 0 0
93 74 43 36763 0 0
89 77 43 36767.2 0 0
90 73 43 36771.4 0 0
90 75 43 36775.7 0 0
90 73 43 36779.9 0 0
85 75 43 36784.1 0 0
84 76 43 36788.3 0 0
90 73 43 36792.5 0 0
86 74 43 36796.7 0 0
89 69 43 36800.9 0 0
89 68 43 36805.2 0 0
88 76 43 36809.4 0 0
90 72 43 36813.6 0 0
87 62 43 36817.8 0 0
88 63 43 36822 0 0
79 54 43 36826.2 0 0
86 44 43 36830.4 0 0
78 48 43 36834.7 0 0
76 43 43 36838.9 0 0
77 42 43 36843.1 0 0
78 42 43 36847.3 0 0
76 43 42 36851.5 0 0
82 49 42 36855.7 0 0
79 49 43 36859.9 0 0
80 47 42 36864.1 0 0
82 45 42 36868.3 0 0
76 40 43 36872.6 0 0
79 40 43 36876.8 0 0
78 38 43 36881 0 0
82 41 43 36885.2 0 0
79 29 42 36889.4 0 0
77 40 42 36893.6 0 0
83 40 42 36897.8 0 0
77 38 42 36902.1 0 0
80 44 42 36906.3 0 0
79 38 42 36910.5 0 0
82 43 42 36914.7 0 0
85 43 42 36918.9 0 0
81 46 42 36923.2 0 0
80 44 42 36927.4 0 0
78 40 42 36931.6 0 0
81 45 42 36935.9 0 0
75 43 42 36940.1 0 0
81 46 42 36944.3 0 0
82 44 42 36948.5 0 0
77 36 42 36952.7 0 0
78 42 42 36956.9 0 0
76 41 42 36961.1 0 0
83 42 42 36965.4 0 0
77 41 42 36969.6 0 0
76 43 42 36973.8 0 0
81 41 42 36978 0 0
76 44 42 36982.2 0 0
79 47 42 36986.4 0 0
80 44 42 36990.7 0 0
76 46 42 36994.9 0 0
81 45 42 36999.1 0 0
76 42 42 37003.4 0 0
77 45 42 37007.6 0 0
83 44 42 37011.9 0 0
85 44 42 37016.1 0 0
88 46 42 37020.3 0 0
104 49 42 37024.5 0 0
113 51 43 37028.7 0 0
125 60 43 37033 0 0
126 81 43 37037.2 0 0
136 81 42 37041.4 0 0
139 87 42 37045.6 0 0
123 86 41 37049.8 0 0
125 80 41 37054 0 0
123 80 41 37058.2 0 0
122 69 42 37062.5 0 0
127 65 42 37066.7 0 0
131 71 42 37070.9 0 0
135 74 42 37075.1 0 0
130 79 42 37079.3 0 0
136 78 42 37083.5 0 0
132 90 42 37087.8 0 0
132 84 42 37092 0 0
131 87 42 37096.2 0 0
133 84 42 37100.4 0 0
128 81 41 37104.6 0 0
131 80 41 37108.8 0 0
132 72 41 37113.1 0 0
129 75 41 37117.3 0 0
131 70 41 37121.5 0 0
132 75 41 37125.8 0 0
132 71 42 37130 0 0
132 73 41 37134.2 0 0
128 78 41 37138.4 0 0
131 77 42 37142.6 0 0
134 75 42 37146.8 0 0
129 80 42 37151 0 0
127 77 41 37155.2 0 0
127 82 41 37159.4 0 0
130 76 42 37163.6 0 0
134 79 41 37167.8 0 0
133 77 42 37172 0 0
132 72 42 37176.3 0 0
129 73 42 37180.5 0 0
133 74 42 37184.8 0 0
126 76 42 37189 0 0
130 72 41 37193.2 0 0
131 75 41 37197.4 0 0
133 78 42 37201.6 0 0
132 77 42 37205.8 0 0
136 82 42 37210 0 0
127 81 42 37214.2 0 0
133 82 42 37218.5 0 0
128 78 42 37222.7 0 0
128 84 41 37226.9 0 0
130 77 42 37231.2 0 0
127 78 42 37235.4 0 0
126 82 42 37239.6 0 0
131 75 42 37243.8 0 0
131 83 42 37248 0 0
132 79 42 37252.2 0 0
129 79 42 37256.4 0 0
126 79 42 37260.7 0 0
130 78 42 37264.9 0 0
127 82 42 37269.1 0 0
129 79 42 37273.3 0 0
135 80 42 37277.5 0 0
126 80 42 37281.8 0 0
131 80 42 37286 0 0
128 77 42 37290.2 0 0
129 75 42 37294.4 0 0
129 76 42 37298.6 0 0
127 76 42 37302.9 0 0
129 73 42 37307.1 0 0
128 76 42 37311.3 0 0
129 73 42 37315.6 0 0
132 75 42 37319.8 0 0
127 75 42 37324 0 0
132 73 42 37328.2 0 0
125 77 42 37332.4 0 0
127 75 42 37336.7 0 0
129 75 42 37340.9 0 0
130 74 42 37345.1 0 0
135 74 43 37349.3 0 0
126 75 42 37353.5 0 0
130 78 42 37357.7 0 0
135 70 43 37361.9 0 0
131 74 42 37366.2 0 0
129 72 42 37370.4 0 0
131 71 43 37374.7 0 0
126 74 42 37378.9 0 0
130 75 43 37383.1 0 0
131 73 43 37387.3 0 0
127 75 43 37391.7 0 0
124 72 42 37396 0 0
128 72 43 37400.2 0 0
127 73 42 37404.4 0 0
118 69 43 37408.7 0 0
116 68 44 37412.9 0 0
98 70 44 37417.1 0 0
89 72 44 37421.3 0 0
79 72 44 37425.5 0 0
68 68 43 37429.7 0 0
69 67 43 37434 0 0
67 72 43 37438.2 0 0
71 73 43 37442.4 0 0
75 81 43 37446.6 0 0
81 79 44 37450.8 0 0
78 81 44 37455 0 0
73 82 44 37459.2 0 0
74 87 44 37463.5 0 0
70 90 44 37467.7 0 0
64 80 44 37471.9 0 0
62 75 43 37476.1 0 0
63 72 42 37480.3 0 0
61 68 43 37484.6 0 0
63 70 42 37488.8 0 0
62 66 42 37493 0 0
60 67 42 37497.2 0 0
68 68 42 37501.4 0 0
64 71 42 37505.7 0 0
65 72 42 37509.9 0 0
71 72 43 37514.1 0 0
61 74 42 37518.3 0 0
66 74 43 37522.5 0 0
70 70 43 37526.8 0 0
63 74 42 37531 0 0
63 75 43 37535.2 0 0
66 75 43 37539.4 0 0
63 74 43 37543.6 0 0
67 74 43 37547.8 0 0
63 75 42 37552.1 0 0
69 73 43 37556.3 0 0
61 76 42 37560.5 0 0
64 73 42 37564.7 0 0
65 70 42 37568.9 0 0
62 74 42 37573.1 0 0
66 75 43 37577.3 0 0
62 74 42 37581.6 0 0
63 77 43 37585.8 0 0
68 74 42 37590.1 0 0
62 72 42 37594.3 0 0
68 72 43 37598.6 0 0
64 74 42 37602.8 0 0
61 71 43 37607 0 0
68 70 43 37611.2 0 0
67 74 42 37615.4 0 0
63 74 42 37619.7 0 0
65 72 43 37623.9 0 0
64 75 42 37628.1 0 0
65 75 42 37632.3 0 0
64 77 43 37636.5 0 0
60 71 43 37640.7 0 0
51 71 43 37644.9 0 0
52 65 43 37649.2 0 0
52 67 42 37653.4 0 0
51 68 42 37657.6 0 0
50 71 42 37661.8 0 0
53 74 42 37666 0 0
56 72 42 37670.2 0 0
51 77 42 37674.4 0 0
53 73 42 37678.6 0 0
55 78 42 37682.8 0 0
53 77 42 37687 0 0
51 72 42 37691.2 0 0
50 76 42 37695.4 0 0
53 71 42 37699.8 0 0
51 73 41 37704 0 0
47 71 42 37708.2 0 0
47 69 41 37712.4 0 0
47 69 41 37716.7 0 0
59 69 41 37722.2 0 0
47 72 42 37726.4 0 0
54 71 42 37730.6 0 0
55 75 42 37734.8 0 0
54 74 42 37739 0 0
50 74 41 37743.2 0 0
56 77 42 37747.5 0 0
49 74 42 37751.7 0 0
48 66 42 37755.9 0 0
53 74 41 37760.1 0 0
48 69 42 37764.3 0 0
50 68 41 37768.5 0 0
53 72 41 37772.7 0 0
51 68 42 37776.9 0 0
48 71 41 37781.3 0 0
56 75 41 37785.5 0 0
51 74 41 37789.7 0 0
51 70 41 37793.9 0 0
58 74 41 37798.1 0 0
44 71 41 37802.3 0 0
52 69 41 37806.6 0 0
59 73 41 37810.8 0 0
45 74 41 37815.1 0 0
52 72 41 37819.3 0 0
50 71 41 37823.5 0 0
48 71 41 37827.7 0 0
50 73 41 37831.9 0 0
48 69 41 37836.2 0 0
49 72 41 37840.4 0 0
57 74 41 37844.6 0 0
46 80 42 37848.8 0 0
31 88 42 37853 0 0
23 99 41 37857.2 0 0
24 116 40 37861.4 0 0
19 130 40 37865.7 0 0
25 153 40 37869.9 0 0
34 176 40 37874.1 0 0
46 179 41 37878.3 0 0
58 185 42 37882.5 0 0
64 187 42 37886.7 0 0
59 192 43 37890.9 0 0
55 188 43 37895.1 0 0
43 183 42 37899.4 0 0
42 177 42 37903.6 0 0
37 178 41 37907.8 0 0
44 185 41 37912 0 0
45 189 40 37916.3 0 0
52 193 40 37920.5 0 0
51 199 41 37924.7 0 0
55 205 41 37928.9 0 0
53 199 41 37935.7 0 0
50 198 41 37939.9 0 0
50 195 41 37944.2 0 0
47 194 42 37948.4 0 0
50 195 42 37952.6 0 0
49 183 41 37956.9 0 0
42 185 41 37961.1 0 0
47 188 40 37965.3 0 0
52 184 41 37969.5 0 0
48 192 40 37973.7 0 0
48 188 40 37977.9 0 0
47 191 40 37982.1 0 0
48 193 41 37986.4 0 0
52 193 40 37990.6 0 0
62 196 41 37994.8 0 0
71 198 40 37999.1 0 0
96 202 41 38003.2 0 0
104 210 42 38007.5 0 0
123 205 42 38011.7 0 0
133 211 42 38015.9 0 0
147 214 41 38020.1 0 0
159 214 41 38024.3 0 0
168 221 40 38028.5 0 0
173 211 39 38032.8 0 0
178 212 39 38037 0 0
191 212 39 38041.2 0 0
194 209 39 38045.4 0 0
210 211 39 38049.6 0 0
220 209 39 38053.8 0 0
216 201 39 38058 0 0
217 199 39 38064.8 0 0
220 193 38 38069 0 0
212 202 38 38073.3 0 0
215 199 38 38077.5 0 0
213 200 39 38081.7 0 0
212 204 39 38085.9 0 0
219 206 39 38090.2 0 0
213 206 39 38094.4 0 0
222 206 40 38099.8 0 0
217 205 39 38104 0 0
221 202 39 38110.7 0 0
214 206 39 38115 0 0
216 203 39 38119.2 0 0
216 205 39 38123.5 0 0
220 203 39 38127.7 0 0
218 203 39 38131.9 0 0
220 203 39 38136.1 0 0
217 204 39 38140.3 0 0
220 204 39 38144.5 0 0
217 205 39 38148.7 0 0
219 204 39 38153 0 0
220 202 39 38157.2 0 0
217 203 40 38161.4 0 0
220 204 39 38165.6 0 0
223 205 40 38169.8 0 0
220 203 40 38174 0 0
217 202 40 38178.2 0 0
218 203 40 38182.4 0 0
224 203 39 38186.7 0 0
223 203 39 38190.9 0 0
216 204 40 38195.1 0 0
220 204 40 38199.3 0 0
220 201 40 38203.6 0 0
218 203 40 38207.8 0 0
221 204 40 38212 0 0
218 203 40 38218.9 0 0
219 205 40 38223.1 0 0
218 205 40 38227.4 0 0
222 204 40 38231.6 0 0
220 206 40 38235.8 0 0
223 205 40 38240 0 0
218 203 40 38244.2 0 0
222 203 40 38248.6 0 0
218 207 40 38252.8 0 0
217 204 40 38257 0 0
214 208 40 38261.2 0 0
212 203 40 38265.4 0 0
217 206 40 38269.7 0 0
217 205 40 38273.9 0 0
220 206 40 38278.1 0 0
213 205 40 38282.3 0 0
222 205 40 38286.6 0 0
220 206 40 38290.8 0 0
219 210 40 38295 0 0
221 208 40 38299.2 0 0
220 206 40 38303.4 0 0
220 210 40 38307.6 0 0
220 208 40 38311.8 0 0
220 208 40 38316.1 0 0
217 211 40 38320.2 0 0
219 211 40 38324.5 0 0
215 212 40 38331.3 0 0
218 209 40 38335.5 0 0
218 208 40 38339.8 0 0
218 205 40 38344 0 0
215 209 39 38348.6 0 0
207 210 39 38352.8 0 0
198 206 40 38357 0 0
198 207 40 38361.2 0 0
198 208 40 38365.5 0 0
202 210 41 38369.7 0 0
205 207 41 38373.9 0 0
207 208 41 38378.1 0 0
201 213 41 38382.3 0 0
201 213 41 38386.5 0 0
202 219 41 38390.7 0 0
206 219 40 38394.9 0 0
201 215 40 38399.2 0 0
200 212 40 38403.4 0 0
199 206 40 38407.6 0 0
192 199 40 38411.8 0 0
185 167 39 38416 0 0
179 160 40 38422.9 0 0
166 143 41 38427.2 0 0
165 138 41 38431.4 0 0
163 120 41 38435.6 0 0
161 119 42 38439.8 0 0
149 113 42 38444.1 0 0
143 106 42 38448.2 0 0
149 101 42 38452.5 0 0
135 99 42 38456.7 0 0
124 94 42 38460.9 0 0
129 87 42 38465.1 0 0
124 73 42 38469.4 0 0
113 74 42 38473.6 0 0
117 71 42 38477.8 0 0
110 70 42 38482 0 0
107 64 42 38486.2 0 0
109 69 42 38490.4 0 0
114 66 42 38494.6 0 0
112 70 42 38498.8 0 0
103 69 42 38503.1 0 0
108 70 42 38507.3 0 0
116 69 42 38511.5 0 0
110 66 43 38515.7 0 0
108 73 42 38519.9 0 0
109 67 42 38524.1 0 0
109 67 42 38528.3 0 0
107 67 42 38534.7 0 0
112 66 42 38538.9 0 0
108 66 42 38543.1 0 0
108 68 42 38547.3 0 0
106 69 42 38551.5 0 0
109 69 42 38555.8 0 0
107 63 42 38560 0 0
111 71 42 38564.2 0 0
102 64 42 38568.4 0 0
105 64 43 38572.6 0 0
111 70 42 38576.8 0 0
104 64 42 38581.1 0 0
110 63 43 38585.3 0 0
112 63 42 38589.5 0 0
106 61 42 38593.8 0 0
109 66 43 38598 0 0
108 62 42 38602.2 0 0
108 60 42 38606.4 0 0
108 64 43 38610.6 0 0
106 64 43 38614.8 0 0
104 60 43 38619 0 0
95 60 43 38623.2 0 0
90 53 43 38627.4 0 0
85 50 43 38631.7 0 0
81 43 42 38635.9 0 0
81 44 43 38640.1 0 0
78 52 42 38644.3 0 0
79 50 42 38648.5 0 0
79 56 42 38652.8 0 0
84 52 43 38657 0 0
82 54 42 38661.2 0 0
81 54 43 38665.4 0 0
79 58 43 38669.6 0 0
79 53 43 38673.8 0 0
75 60 43 38678.1 0 0
75 48 42 38682.3 0 0
79 54 42 38686.5 0 0
77 40 42 38690.8 0 0
75 45 42 38694.9 0 0
78 43 42 38699.2 0 0
78 45 42 38703.4 0 0
75 47 42 38707.6 0 0
78 48 43 38711.8 0 0
77 52 42 38716.4 0 0
79 53 42 38720.6 0 0
77 50 42 38724.8 0 0
77 52 42 38729.1 0 0
75 55 42 38733.3 0 0
79 51 43 38737.5 0 0
77 53 42 38741.7 0 0
77 46 42 38746 0 0
76 47 42 38750.2 0 0
82 50 42 38754.4 0 0
78 46 42 38758.6 0 0
74 44 42 38762.8 0 0
79 55 42 38767 0 0
76 46 42 38771.2 0 0
76 46 42 38775.5 0 0
82 55 42 38779.7 0 0
75 49 42 38783.9 0 0
69 50 43 38788.1 0 0
59 57 43 38792.3 0 0
55 48 43 38796.5 0 0
34 51 43 38800.7 0 0
31 55 43 38805 0 0
27 61 42 38809.2 0 0
19 62 41 38814.4 0 0
27 65 40 38818.6 0 0
36 65 41 38822.8 0 0
37 60 41 38827 0 0
34 63 42 38831.2 0 0
31 65 42 38835.4 0 0
24 69 43 38839.7 0 0
26 69 43 38843.9 0 0
22 67 42 38848.1 0 0
19 62 42 38852.3 0 0
18 60 41 38856.5 0 0
19 62 40 38860.7 0 0
20 58 41 38864.9 0 0
24 62 40 38869.2 0 0
23 62 40 38873.4 0 0
25 59 40 38877.6 0 0
27 62 40 38881.8 0 0
25 61 41 38886 0 0
21 64 40 38890.2 0 0
29 59 41 38894.4 0 0
24 62 41 38898.7 0 0
24 64 41 38902.9 0 0
24 62 41 38907.1 0 0
25 58 41 38911.4 0 0
22 59 41 38915.6 0 0
19 60 40 38919.8 0 0
24 60 40 38924.1 0 0
26 61 40 38928.3 0 0
26 60 40 38932.5 0 0
24 62 40 38936.7 0 0
25 58 40 38941.2 0 0
25 66 41 38945.4 0 0
25 59 40 38949.6 0 0
25 64 41 38953.8 0 0
28 59 41 38958 0 0
25 58 40 38962.2 0 0
27 63 40 38966.4 0 0
26 58 40 38970.7 0 0
24 64 40 38974.9 0 0
26 63 40 38979.1 0 0
29 62 40 38983.3 0 0
25 63 40 38987.5 0 0
29 62 41 38991.7 0 0
31 60 40 38996 0 0
22 62 40 39000.2 0 0
25 59 40 39004.4 0 0
23 62 40 39008.6 0 0
29 62 40 39012.8 0 0
26 63 40 39017 0 0
28 63 40 39021.2 0 0
27 58 40 39025.4 0 0
27 63 40 39029.7 0 0
31 63 40 39033.9 0 0
23 57 40 39038.1 0 0
19 62 40 39042.3 0 0
26 63 40 39046.5 0 0
23 62 40 39050.7 0 0
24 62 40 39054.9 0 0
23 62 40 39059.2 0 0
28 60 40 39063.4 0 0
26 57 40 39067.6 0 0
27 56 40 39071.8 0 0
31 58 40 39076 0 0
26 62 40 39080.2 0 0
26 59 40 39084.5 0 0
29 61 40 39088.7 0 0
24 63 40 39092.9 0 0
27 65 40 39097.1 0 0
22 67 40 39101.3 0 0
20 74 40 39105.6 0 0
19 79 40 39109.8 0 0
21 96 40 39114 0 0
24 113 39 39118.2 0 0
32 136 39 39122.5 0 0
40 159 40 39126.7 0 0
48 162 40 39130.9 0 0
47 184 41 39135.1 0 0
54 187 41 39139.3 0 0
53 187 42 39143.5 0 0
44 187 42 39147.8 0 0
37 179 41 39152 0 0
38 174 41 39156.2 0 0
46 176 41 39160.4 0 0
47 181 41 39164.6 0 0
49 185 40 39168.8 0 0
48 192 40 39173.1 0 0
47 196 41 39177.3 0 0
54 199 41 39181.5 0 0
49 204 41 39185.7 0 0
45 198 41 39189.9 0 0
48 207 41 39194.1 0 0
48 196 41 39198.3 0 0
51 197 41 39202.6 0 0
48 196 41 39206.8 0 0
47 191 41 39211 0 0
39 191 41 39215.3 0 0
42 191 41 39219.5 0 0
40 190 41 39223.7 0 0
48 195 41 39227.9 0 0
49 199 41 39232.1 0 0
46 197 41 39236.3 0 0
49 186 41 39240.5 0 0
46 197 41 39244.8 0 0
46 189 41 39249 0 0
49 193 41 39253.2 0 0
48 188 41 39257.4 0 0
46 188 41 39261.6 0 0
47 187 41 39265.8 0 0
44 185 41 39270.1 0 0
42 185 41 39274.3 0 0
41 187 41 39278.6 0 0
44 191 41 39282.8 0 0
43 191 41 39287 0 0
43 184 41 39291.2 0 0
30 180 42 39295.4 0 0
30 185 41 39299.6 0 0
24 181 41 39303.8 0 0
26 179 41 39308 0 0
29 180 40 39312.3 0 0
33 175 40 39316.5 0 0
34 180 41 39320.7 0 0
37 180 41 39324.9 0 0
34 185 41 39329.1 0 0
37 184 40 39333.3 0 0
28 182 40 39337.5 0 0
35 184 41 39341.8 0 0
27 180 41 39346 0 0
25 179 41 39350.4 0 0
26 179 41 39354.6 0 0
27 175 41 39358.9 0 0
34 175 41 39363.1 0 0
29 177 41 39367.3 0 0
32 177 41 39371.5 0 0
34 181 41 39375.8 0 0
35 184 41 39380 0 0
33 184 41 39384.2 0 0
29 172 41 39388.4 0 0
36 175 41 39392.6 0 0
31 175 41 39396.8 0 0
29 173 41 39401 0 0
34 173 41 39406 0 0
31 174 41 39410.2 0 0
27 171 41 39414.4 0 0
33 171 41 39418.6 0 0
30 175 41 39422.9 0 0
29 177 41 39427.1 0 0
31 173 41 39431.3 0 0
27 179 41 39435.6 0 0
31 181 41 39439.8 0 0
42 170 41 39444 0 0
50 170 41 39448.2 0 0
65 160 42 39452.4 0 0
83 159 42 39456.6 0 0
90 162 43 39460.8 0 0
92 146 43 39465.1 0 0
80 138 43 39469.3 0 0
75 141 42 39473.5 0 0
75 131 43 39477.7 0 0
79 130 43 39481.9 0 0
75 132 43 39486.1 0 0
82 137 42 39490.4 0 0
84 137 42 39494.6 0 0
87 140 42 39498.8 0 0
85 140 43 39503 0 0
90 136 43 39507.2 0 0
91 134 43 39511.4 0 0
101 119 43 39515.6 0 0
109 118 43 39519.9 0 0
96 101 43 39524.1 0 0
92 100 43 39528.3 0 0
87 89 42 39532.5 0 0
90 95 42 39536.8 0 0
79 92 42 39540.9 0 0
83 92 42 39545.2 0 0
91 93 42 39549.4 0 0
85 101 41 39553.6 0 0
89 101 41 39557.8 0 0
90 104 42 39562 0 0
91 99 42 39566.3 0 0
88 100 43 39570.5 0 0
93 97 43 39574.7 0 0
92 94 43 39578.9 0 0
85 95 43 39583.1 0 0
85 90 42 39587.3 0 0
84 94 42 39591.5 0 0
83 87 42 39595.8 0 0
89 90 42 39600.2 0 0
85 91 42 39604.4 0 0
87 89 42 39608.6 0 0
85 90 42 39612.8 0 0
83 93 42 39617 0 0
87 91 42 39621.3 0 0
91 100 41 39625.5 0 0
90 94 42 39629.7 0 0
90 98 42 39634 0 0
91 98 41 39638.2 0 0
90 97 42 39642.4 0 0
88 97 42 39646.6 0 0
87 92 42 39650.8 0 0
83 95 42 39655 0 0
91 95 42 39659.2 0 0
83 95 42 39663.5 0 0
82 93 42 39667.7 0 0
89 97 41 39671.9 0 0
87 88 41 39676.1 0 0
87 98 42 39680.3 0 0
89 92 41 39684.6 0 0
91 90 41 39688.8 0 0
83 95 42 39693 0 0
89 94 41 39697.2 0 0
90 87 41 39701.4 0 0
84 97 41 39705.6 0 0
94 86 41 39709.9 0 0
90 82 41 39714.1 0 0
104 71 42 39718.3 0 0
112 74 42 39722.5 0 0
105 65 42 39726.7 0 0
108 64 42 39730.9 0 0
107 55 42 39735.1 0 0
108 51 42 39739.4 0 0
100 45 42 39743.6 0 0
95 43 42 39747.8 0 0
94 50 42 39752 0 0
91 54 41 39756.2 0 0
96 53 41 39760.4 0 0
104 54 42 39764.6 0 0
102 50 42 39768.8 0 0
101 47 42 39773.1 0 0
99 54 42 39779.8 0 0
102 50 42 39784.1 0 0
97 47 42 39788.3 0 0
97 44 41 39792.6 0 0
95 41 42 39796.8 0 0
102 40 41 39801 0 0
96 43 41 39805.2 0 0
104 44 41 39809.5 0 0
98 39 41 39813.7 0 0
103 43 41 39817.9 0 0
99 48 41 39822.1 0 0
101 43 42 39826.3 0 0
99 42 41 39830.5 0 0
100 48 42 39834.7 0 0
99 42 41 39839 0 0
96 46 41 39843.5 0 0
100 40 42 39847.7 0 0
99 43 41 39851.9 0 0
102 41 41 39856.1 0 0
99 45 41 39860.3 0 0
93 43 41 39867.5 0 0
103 44 41 39875.7 0 0
102 44 41 39884 0 0
100 42 41 39892.4 0 0
98 46 41 39900.7 0 0
97 46 41 39908.9 0 0
97 46 41 39917.4 0 0
95 43 41 39925.3 0 0
98 43 41 39929.5 0 0
100 42 41 39933.9 0 0
100 42 42 39938.2 0 0
92 45 41 39942.4 0 0
100 41 42 39946.6 0 0
105 42 41 39950.8 0 0
92 46 41 39955 0 0
105 39 41 39959.2 0 0
103 44 41 39963.5 0 0
97 47 41 39967.7 0 0
94 47 42 39971.9 0 0
87 54 42 39976.1 0 0
77 62 42 39980.3 0 0
64 73 41 39984.5 0 0
61 87 41 39988.7 0 0
55 89 41 39992.9 0 0
50 95 41 39997.2 0 0
45 106 41 40001.4 0 0
44 120 40 40005.6 0 0
54 120 41 40009.8 0 0
52 115 41 40014 0 0
54 114 42 40018.2 0 0
56 113 41 40022.5 0 0
48 110 42 40026.7 0 0
41 110 42 40030.9 0 0
41 114 41 40038.1 0 0
44 115 40 40046.3 0 0
46 124 40 40054.6 0 0
53 114 40 40063.1 0 0
46 115 41 40071.3 0 0
45 112 41 40079.8 0 0
47 110 41 40088 0 0
49 112 40 40096.3 0 0
49 112 40 40104.7 0 0
46 114 40 40112.8 0 0
49 113 40 40117 0 0
48 116 40 40121.3 0 0
49 112 41 40125.5 0 0
50 113 40 40129.7 0 0
46 111 40 40133.9 0 0
50 112 40 40138.1 0 0
49 113 40 40142.3 0 0
52 114 41 40146.6 0 0
44 114 41 40150.8 0 0
53 116 41 40155 0 0
54 99 41 40159.2 0 0
61 86 41 40163.4 0 0
64 75 41 40167.6 0 0
73 72 41 40171.8 0 0
78 59 41 40176 0 0
79 52 42 40180.3 0 0
80 44 42 40184.5 0 0
79 51 42 40188.8 0 0
80 35 42 40193 0 0
79 34 42 40197.2 0 0
83 40 42 40201.4 0 0
85 38 42 40205.6 0 0
87 39 42 40209.8 0 0
81 40 42 40214 0 0
85 33 42 40218.3 0 0
91 34 42 40222.5 0 0
91 34 42 40226.8 0 0
94 27 42 40237.8 0 0
90 20 42 40242.1 0 0
83 32 42 40246.3 0 0
77 29 42 40250.6 0 0
90 23 42 40254.8 0 0
84 31 42 40259 0 0
89 30 42 40263.2 0 0
83 30 42 40267.4 0 0
90 26 42 40271.6 0 0
81 30 42 40275.8 0 0
88 27 42 40280 0 0
81 24 43 40284.3 0 0
88 23 42 40288.5 0 0
79 28 42 40292.7 0 0
86 28 42 40296.9 0 0
84 28 43 40301.1 0 0
81 22 43 40305.4 0 0
88 21 42 40309.6 0 0
85 27 42 40313.8 0 0
87 30 43 40318.1 0 0
80 33 43 40322.2 0 0
80 25 43 40326.5 0 0
89 27 42 40330.7 0 0
81 30 43 40334.9 0 0
85 30 43 40339.1 0 0
85 31 43 40346.2 0 0
87 30 43 40350.4 0 0
84 29 43 40354.7 0 0
83 25 43 40358.8 0 0
90 24 43 40363.1 0 0
85 26 43 40367.3 0 0
90 23 43 40371.5 0 0
82 35 43 40375.8 0 0
84 29 43 40380 0 0
81 32 43 40384.2 0 0
88 29 43 40388.4 0 0
80 32 43 40392.6 0 0
80 26 43 40396.8 0 0
83 28 43 40401 0 0
81 26 43 40405.2 0 0
78 28 43 40409.4 0 0
82 26 43 40413.6 0 0
86 27 43 40417.8 0 0
83 25 43 40422.1 0 0
82 28 43 40426.3 0 0
87 32 44 40430.5 0 0
83 31 43 40434.8 0 0
86 26 43 40439 0 0
89 26 43 40443.2 0 0
85 32 43 40447.4 0 0
85 32 43 40451.6 0 0
90 26 44 40456.6 0 0
85 32 43 40460.8 0 0
89 30 44 40465 0 0
82 36 43 40469.2 0 0
86 32 44 40473.5 0 0
86 32 44 40477.7 0 0
82 25 44 40481.9 0 0
88 28 44 40486.1 0 0
82 29 43 40490.3 0 0
88 28 44 40494.5 0 0
84 33 43 40498.7 0 0
85 29 44 40503 0 0
86 34 44 40507.2 0 0
85 31 44 40511.4 0 0
87 33 44 40515.6 0 0
82 33 44 40519.8 0 0
83 29 44 40524 0 0
79 30 44 40528.3 0 0
80 30 44 40532.6 0 0
81 29 44 40536.8 0 0
80 29 44 40541 0 0
88 32 44 40545.2 0 0
87 29 44 40549.4 0 0
90 33 44 40553.6 0 0
86 35 44 40557.8 0 0
85 30 44 40562.1 0 0
87 32 44 40566.3 0 0
84 32 44 40570.5 0 0
86 36 44 40574.7 0 0
84 33 43 40578.9 0 0
88 31 44 40583.1 0 0
79 33 44 40587.3 0 0
84 31 44 40591.6 0 0
84 34 44 40595.8 0 0
85 29 44 40600 0 0
85 32 44 40604.2 0 0
84 31 44 40608.4 0 0
79 29 44 40612.6 0 0
82 30 44 40616.9 0 0
82 28 44 40621.1 0 0
79 29 44 40625.4 0 0
83 29 44 40629.6 0 0
82 26 44 40633.8 0 0
79 30 44 40638 0 0
83 31 44 40642.2 0 0
81 29 44 40646.4 0 0
83 33 44 40650.6 0 0
84 31 44 40654.9 0 0
81 28 44 40659.1 0 0
80 36 44 40663.3 0 0
82 31 44 40667.5 0 0
87 30 44 40671.7 0 0
78 41 44 40675.9 0 0
79 30 44 40680.2 0 0
82 38 44 40684.4 0 0
83 35 44 40688.7 0 0
86 34 44 40692.9 0 0
81 37 44 40697.1 0 0
81 28 44 40701.3 0 0
78 37 44 40705.5 0 0
80 38 44 40709.7 0 0
83 35 44 40713.9 0 0
84 34 44 40718.1 0 0
80 27 44 40724.9 0 0
82 34 44 40729.1 0 0
83 32 44 40733.4 0 0
78 31 45 40737.6 0 0
81 33 44 40741.8 0 0
81 35 44 40746.1 0 0
91 30 45 40750.3 0 0
104 30 45 40754.5 0 0
120 31 45 40758.7 0 0
125 38 46 40762.9 0 0
133 40 46 40767.1 0 0
143 52 46 40771.4 0 0
145 49 46 40775.6 0 0
156 58 45 40779.8 0 0
164 63 43 40784 0 0
152 53 43 40788.2 0 0
155 52 43 40792.5 0 0
152 49 43 40796.7 0 0
150 45 44 40800.9 0 0
153 54 45 40805.1 0 0
155 57 45 40809.4 0 0
157 54 45 40813.6 0 0
161 63 45 40817.8 0 0
160 61 45 40822 0 0
160 63 44 40826.2 0 0
161 62 44 40830.4 0 0
160 61 44 40837.5 0 0
160 59 44 40841.8 0 0
158 62 44 40846 0 0
161 58 44 40850.3 0 0
154 54 44 40854.5 0 0
162 57 44 40858.7 0 0
158 55 44 40862.9 0 0
162 56 44 40867.1 0 0
156 55 44 40871.4 0 0
159 52 44 40875.6 0 0
164 59 44 40879.8 0 0
158 59 44 40884 0 0
164 57 44 40888.2 0 0
157 57 44 40892.4 0 0
159 57 44 40896.6 0 0
167 60 44 40900.8 0 0
155 57 44 40905.1 0 0
160 55 44 40909.3 0 0
161 58 44 40913.5 0 0
159 52 45 40917.7 0 0
162 53 44 40921.9 0 0
158 54 44 40926.1 0 0
158 51 44 40930.3 0 0
158 51 44 40934.6 0 0
158 52 45 40940.9 0 0
163 54 45 40945.2 0 0
158 53 44 40949.4 0 0
160 48 44 40953.6 0 0
159 61 45 40957.8 0 0
159 51 45 40962 0 0
159 57 45 40966.3 0 0
158 53 45 40970.5 0 0
156 56 44 40974.7 0 0
157 51 45 40978.9 0 0
161 53 45 40983.1 0 0
159 55 44 40987.3 0 0
157 49 45 40991.6 0 0
157 51 45 40995.8 0 0
158 48 45 41000.1 0 0
157 50 46 41004.3 0 0
169 52 46 41008.5 0 0
183 68 46 41012.7 0 0
181 67 45 41016.9 0 0
185 71 45 41021.1 0 0
189 84 44 41025.3 0 0
181 82 44 41029.6 0 0
176 75 43 41033.8 0 0
175 67 43 41038 0 0
175 60 44 41042.2 0 0
178 96 44 41046.4 0 0
170 54 44 41050.7 0 0
168 79 45 41054.9 0 0
159 90 45 41059.3 0 0
155 115 45 41063.6 0 0
139 131 44 41067.8 0 0
130 159 44 41072 0 0
135 168 45 41076.2 0 0
133 172 45 41080.4 0 0
141 173 45 41084.6 0 0
137 169 46 41088.8 0 0
149 162 46 41093.1 0 0
142 158 46 41097.3 0 0
141 158 45 41101.5 0 0
137 161 45 41105.7 0 0
133 164 45 41109.9 0 0
137 171 45 41114.1 0 0
125 176 44 41118.4 0 0
132 173 45 41122.6 0 0
130 178 44 41126.8 0 0
133 174 45 41131.1 0 0
136 180 45 41135.2 0 0
130 169 45 41139.4 0 0
132 173 45 41143.7 0 0
133 169 45 41147.9 0 0
134 171 45 41152.1 0 0
134 166 44 41156.3 0 0
128 171 45 41160.6 0 0
129 164 44 41164.8 0 0
130 169 44 41169 0 0
130 165 45 41173.2 0 0
134 164 44 41177.4 0 0
132 166 45 41181.6 0 0
139 169 44 41185.9 0 0
133 169 45 41190.1 0 0
130 165 45 41194.3 0 0
135 174 45 41198.5 0 0
127 168 45 41202.7 0 0
131 173 45 41206.9 0 0
130 173 45 41211.2 0 0
131 173 44 41215.4 0 0
129 167 45 41219.6 0 0
132 169 45 41223.8 0 0
132 167 45 41228.1 0 0
132 168 44 41232.3 0 0
133 168 45 41236.5 0 0
133 165 45 41240.7 0 0
130 168 45 41244.9 0 0
131 166 45 41249.2 0 0
136 173 44 41253.4 0 0
133 171 45 41257.6 0 0
139 173 44 41261.8 0 0
133 168 45 41266 0 0
141 169 45 41270.2 0 0
134 166 45 41274.4 0 0
141 167 45 41278.7 0 0
136 166 45 41282.9 0 0
134 165 45 41287.1 0 0
130 169 45 41291.3 0 0
132 164 45 41295.5 0 0
128 170 45 41299.7 0 0
131 168 45 41303.9 0 0
129 171 45 41308.2 0 0
129 165 45 41312.4 0 0
135 166 45 41316.6 0 0
134 166 45 41320.8 0 0
132 164 45 41325 0 0
129 169 45 41329.2 0 0
129 166 45 41333.5 0 0
136 169 45 41337.7 0 0
133 170 45 41341.9 0 0
131 167 45 41346.1 0 0
133 170 45 41350.3 0 0
133 165 45 41354.6 0 0
133 167 45 41358.8 0 0
134 163 45 41363 0 0
130 157 45 41367.2 0 0
135 158 45 41371.4 0 0
131 166 45 41375.6 0 0
138 161 45 41379.9 0 0
136 152 45 41384.1 0 0
132 159 45 41388.3 0 0
135 156 45 41392.5 0 0
131 163 45 41396.7 0 0
130 158 45 41400.9 0 0
134 159 45 41407.7 0 0
138 156 45 41411.9 0 0
130 166 45 41416.3 0 0
136 162 45 41420.5 0 0
138 162 46 41424.7 0 0
133 163 45 41428.9 0 0
132 162 45 41433.1 0 0
134 164 45 41437.4 0 0
131 164 45 41441.6 0 0
133 163 45 41445.8 0 0
129 154 46 41450 0 0
140 151 45 41454.2 0 0
138 143 45 41458.4 0 0
140 130 45 41462.6 0 0
144 116 46 41466.9 0 0
133 112 46 41471.1 0 0
133 103 45 41475.3 0 0
124 106 46 41479.5 0 0
121 106 46 41483.7 0 0
124 110 46 41488 0 0
125 110 45 41492.2 0 0
125 110 45 41496.5 0 0
123 113 46 41503.5 0 0
131 108 46 41507.7 0 0
132 110 47 41511.9 0 0
129 105 47 41516.1 0 0
133 108 46 41520.3 0 0
133 101 46 41524.6 0 0
127 103 46 41528.8 0 0
130 100 46 41533 0 0
120 103 45 41537.3 0 0
125 94 45 41541.5 0 0
122 105 45 41545.7 0 0
127 104 45 41549.9 0 0
124 102 45 41554.1 0 0
124 97 45 41558.3 0 0
127 95 46 41562.5 0 0
129 110 46 41566.7 0 0
128 101 46 41570.9 0 0
130 100 46 41575.2 0 0
121 97 46 41579.4 0 0
128 105 46 41583.6 0 0
129 100 46 41587.8 0 0
128 96 45 41592 0 0
122 101 46 41596.2 0 0
127 99 45 41600.4 0 0
128 98 46 41604.6 0 0
127 105 45 41608.8 0 0
125 96 46 41613.1 0 0
126 105 46 41617.3 0 0
127 95 46 41621.9 0 0
127 96 46 41628.2 0 0
127 95 46 41632.5 0 0
141 97 47 41636.7 0 0
145 84 47 41640.9 0 0
151 75 47 41645.1 0 0
162 76 47 41649.3 0 0
165 70 46 41653.6 0 0
164 69 45 41657.8 0 0
157 59 44 41662.1 0 0
150 58 44 41666.2 0 0
149 61 44 41670.4 0 0
146 66 45 41674.7 0 0
150 74 45 41678.9 0 0
153 77 46 41683.1 0 0
160 78 46 41687.3 0 0
161 76 46 41691.5 0 0
158 76 46 41695.8 0 0
159 72 46 41700 0 0
152 77 46 41704.2 0 0
143 85 46 41708.4 0 0
126 105 45 41712.6 0 0
115 122 45 41716.8 0 0
101 136 45 41721.1 0 0
104 159 44 41725.3 0 0
105 192 45 41729.5 0 0
101 195 46 41736.6 0 0
104 208 46 41744.9 0 0
99 203 45 41753.1 0 0
99 203 45 41761.6 0 0
95 197 45 41769.4 0 0
90 204 44 41773.7 0 0
91 207 44 41778.3 0 0
93 208 44 41782.6 0 0
92 209 44 41786.8 0 0
90 213 45 41791 0 0
95 213 45 41795.2 0 0
96 208 44 41799.4 0 0
96 210 45 41803.6 0 0
98 210 44 41807.8 0 0
95 208 44 41812.1 0 0
100 207 44 41816.3 0 0
96 208 44 41820.5 0 0
93 203 44 41824.7 0 0
97 208 44 41828.9 0 0
96 204 44 41833.1 0 0
93 205 44 41837.3 0 0
91 209 44 41841.6 0 0
92 204 44 41845.8 0 0
98 203 44 41850 0 0
92 209 44 41854.2 0 0
91 208 44 41858.4 0 0
93 207 44 41862.6 0 0
100 209 45 41866.8 0 0
94 209 45 41871.1 0 0
100 212 44 41878 0 0
95 203 44 41882.2 0 0
91 204 44 41886.5 0 0
92 205 44 41890.7 0 0
91 203 44 41894.9 0 0
91 205 44 41899.1 0 0
93 204 44 41903.3 0 0
90 204 44 41907.5 0 0
93 207 44 41911.8 0 0
95 202 44 41915.9 0 0
92 204 44 41920.2 0 0
93 202 44 41924.4 0 0
93 207 44 41928.6 0 0
93 204 44 41932.8 0 0
97 208 44 41937 0 0
97 207 44 41941.2 0 0
96 206 44 41945.4 0 0
113 210 44 41949.7 0 0
123 207 45 41953.8 0 0
142 208 45 41958.1 0 0
150 205 45 41962.3 0 0
165 208 45 41966.5 0 0
174 208 45 41970.8 0 0
183 201 43 41975 0 0
191 208 43 41979.2 0 0
191 208 42 41983.4 0 0
200 212 42 41987.6 0 0
196 205 41 41991.8 0 0
199 207 41 41996 0 0
200 202 42 42002.9 0 0
199 206 42 42007.1 0 0
200 204 43 42011.3 0 0
199 198 43 42015.6 0 0
204 200 43 42019.8 0 0
209 203 43 42024 0 0
206 202 43 42028.3 0 0
210 206 43 42032.5 0 0
207 204 42 42036.7 0 0
207 208 42 42040.9 0 0
203 207 42 42045.1 0 0
208 207 42 42049.3 0 0
202 200 42 42053.5 0 0
207 207 42 42057.8 0 0
203 196 42 42062 0 0
209 206 42 42066.2 0 0
206 200 42 42070.4 0 0
204 204 42 42074.6 0 0
204 196 42 42078.8 0 0
204 203 43 42083 0 0
205 199 42 42087.2 0 0
205 203 42 42091.5 0 0
206 199 42 42095.7 0 0
201 198 43 42099.9 0 0
202 207 42 42104.1 0 0
202 207 42 42108.3 0 0
207 201 42 42112.8 0 0
205 205 42 42117 0 0
202 205 42 42123.7 0 0
203 205 42 42127.9 0 0
208 209 42 42132.2 0 0
212 207 43 42136.4 0 0
219 206 43 42140.6 0 0
228 197 43 42144.8 0 0
237 195 43 42149 0 0
241 187 43 42153.2 0 0
246 184 42 42157.5 0 0
241 176 41 42161.7 0 0
242 181 40 42165.9 0 0
237 185 40 42170.1 0 0
238 185 40 42174.3 0 0
238 185 40 42178.5 0 0
232 184 41 42182.7 0 0
241 187 41 42187 0 0
243 185 42 42191.2 0 0
244 191 42 42195.4 0 0
241 182 42 42199.6 0 0
244 184 41 42203.8 0 0
243 181 41 42208 0 0
242 183 40 42212.2 0 0
235 181 40 42216.5 0 0
243 183 40 42220.7 0 0
245 185 40 42225 0 0
247 181 41 42229.2 0 0
248 185 41 42236.1 0 0
246 182 41 42240.4 0 0
249 182 41 42244.7 0 0
243 180 41 42248.9 0 0
249 181 41 42253.1 0 0
242 182 41 42257.3 0 0
242 181 41 42261.5 0 0
247 188 41 42265.8 0 0
249 184 40 42270 0 0
244 182 41 42274.2 0 0
244 182 41 42278.4 0 0
245 189 40 42282.7 0 0
246 182 41 42286.9 0 0
240 179 40 42291.1 0 0
243 181 41 42295.3 0 0
237 178 40 42299.5 0 0
244 180 41 42303.7 0 0
244 183 41 42307.9 0 0
244 183 41 42312.2 0 0
245 178 41 42316.4 0 0
237 152 40 42320.6 0 0
235 146 40 42324.8 0 0
226 133 40 42329 0 0
231 125 40 42333.2 0 0
221 102 41 42337.4 0 0
214 94 42 42344.3 0 0
211 78 42 42348.5 0 0
216 69 42 42352.7 0 0
219 66 42 42356.9 0 0
219 66 42 42361.2 0 0
226 98 41 42365.4 0 0
226 90 41 42369.6 0 0
219 85 41 42373.9 0 0
221 87 41 42378.1 0 0
211 81 41 42382.3 0 0
222 83 41 42386.5 0 0
215 79 41 42390.7 0 0
221 81 41 42394.9 0 0
218 82 41 42399.2 0 0
219 80 41 42403.4 0 0
223 81 41 42407.6 0 0
222 80 41 42412.1 0 0
224 85 41 42416.3 0 0
220 84 41 42420.5 0 0
221 87 41 42424.7 0 0
224 87 41 42431.9 0 0
221 88 41 42439.9 0 0
221 88 41 42448.4 0 0
225 85 41 42456.6 0 0
217 77 41 42460.8 0 0
226 85 41 42465.1 0 0
221 79 41 42469.4 0 0
222 87 41 42473.6 0 0
224 82 41 42477.8 0 0
220 84 41 42482.1 0 0
224 83 41 42486.2 0 0
219 82 41 42490.5 0 0
222 88 41 42494.7 0 0
217 85 41 42498.9 0 0
225 87 41 42503.1 0 0
220 85 41 42507.3 0 0
222 84 40 42511.5 0 0
219 88 41 42515.8 0 0
222 83 41 42520 0 0
222 87 41 42524.2 0 0
223 82 40 42528.5 0 0
220 84 40 42532.7 0 0
221 87 40 42536.9 0 0
222 82 41 42541.1 0 0
213 81 40 42545.3 0 0
220 80 40 42549.5 0 0
221 82 40 42553.7 0 0
229 82 41 42557.9 0 0
234 81 41 42565 0 0
229 80 40 42569.2 0 0
234 75 40 42573.4 0 0
230 74 39 42577.6 0 0
227 79 39 42581.8 0 0
231 80 39 42586.1 0 0
226 75 39 42590.3 0 0
230 78 39 42594.5 0 0
227 75 39 42598.8 0 0
229 76 40 42602.9 0 0
231 81 40 42607.2 0 0
228 78 40 42611.3 0 0
230 81 40 42615.6 0 0
230 84 40 42619.8 0 0
228 79 39 42624 0 0
232 82 40 42628.2 0 0
229 81 40 42632.4 0 0
229 78 39 42636.7 0 0
231 79 39 42640.9 0 0
226 76 39 42645.1 0 0
229 78 39 42649.3 0 0
229 78 39 42653.5 0 0
228 76 39 42657.7 0 0
222 79 39 42661.9 0 0
229 76 39 42666.1 0 0
231 76 39 42670.3 0 0
232 77 39 42674.6 0 0
232 79 39 42681.7 0 0
224 75 39 42685.9 0 0
226 80 39 42690.1 0 0
227 72 39 42694.3 0 0
227 80 39 42698.5 0 0
228 83 39 42702.7 0 0
228 73 39 42706.9 0 0
229 79 39 42711.1 0 0
227 80 39 42715.4 0 0
224 80 39 42719.6 0 0
225 80 39 42723.8 0 0
234 78 39 42728 0 0
231 83 39 42732.2 0 0
228 78 39 42736.4 0 0
226 76 39 42740.7 0 0
233 80 39 42744.9 0 0
229 79 39 42749.2 0 0
228 79 39 42753.4 0 0
232 78 39 42757.6 0 0
230 83 39 42761.8 0 0
229 77 39 42766 0 0
230 81 39 42770.2 0 0
230 79 39 42774.4 0 0
231 77 39 42781.3 0 0
231 79 39 42789.8 0 0
225 77 39 42798.1 0 0
230 80 39 42806.5 0 0
231 81 39 42814.8 0 0
229 79 39 42823.1 0 0
225 72 39 42831.5 0 0
225 72 39 42839.8 0 0
232 75 39 42847.2 0 0
235 74 39 42851.4 0 0
228 81 39 42856.5 0 0
236 77 39 42860.7 0 0
235 80 39 42864.9 0 0
231 78 39 42869.1 0 0
229 74 39 42873.4 0 0
225 77 39 42877.6 0 0
234 78 39 42881.8 0 0
230 77 39 42886 0 0
235 79 39 42890.2 0 0
227 80 39 42894.4 0 0
225 76 39 42898.6 0 0
227 78 39 42902.9 0 0
227 78 39 42907.1 0 0
230 75 39 42911.3 0 0
229 80 39 42915.5 0 0
222 74 39 42919.7 0 0
226 73 39 42923.9 0 0
231 78 39 42928.2 0 0
223 75 39 42932.4 0 0
231 80 39 42936.6 0 0
231 80 39 42940.8 0 0
229 78 39 42945 0 0
228 78 39 42949.2 0 0
230 80 39 42953.4 0 0
225 77 39 42957.6 0 0
230 80 39 42961.9 0 0
230 80 39 42966.1 0 0
226 76 39 42972.2 0 0
229 79 39 42976.4 0 0
223 77 39 42980.6 0 0
226 74 39 42984.8 0 0
232 78 39 42989 0 0
221 73 39 42993.2 0 0
227 73 39 42997.5 0 0
231 77 39 43001.7 0 0
227 74 39 43005.9 0 0
229 77 39 43010.1 0 0
224 72 39 43014.3 0 0
232 75 40 43018.5 0 0
230 75 40 43022.8 0 0
228 73 40 43027 0 0
228 75 40 43031.2 0 0
234 73 40 43035.4 0 0
223 72 40 43039.6 0 0
232 83 40 43043.8 0 0
227 76 40 43048.1 0 0
224 77 40 43052.3 0 0
224 77 40 43056.5 0 0
228 77 40 43060.7 0 0
223 75 40 43064.9 0 0
226 75 40 43069.2 0 0
229 77 40 43073.4 0 0
223 73 40 43077.6 0 0
223 73 40 43081.8 0 0
230 78 40 43086 0 0
227 73 40 43090.2 0 0
227 75 40 43094.5 0 0
229 78 40 43098.7 0 0
221 73 40 43102.9 0 0
227 75 40 43107.1 0 0
232 76 40 43111.3 0 0
226 76 40 43115.5 0 0
228 80 40 43119.7 0 0
231 75 40 43123.9 0 0
224 76 40 43128.2 0 0
230 78 40 43132.4 0 0
231 74 40 43136.6 0 0
224 76 40 43140.8 0 0
232 74 40 43145 0 0
225 78 40 43149.2 0 0
227 79 41 43153.5 0 0
222 70 41 43157.7 0 0
218 76 41 43162.1 0 0
228 75 41 43166.3 0 0
226 82 40 43170.6 0 0
227 80 41 43174.8 0 0
228 75 41 43179 0 0
224 81 41 43183.2 0 0
230 80 41 43187.4 0 0
231 82 41 43191.6 0 0
225 79 41 43195.8 0 0
230 74 41 43200.1 0 0
233 78 41 43204.2 0 0
223 79 41 43208.5 0 0
223 70 41 43212.7 0 0
223 80 41 43216.9 0 0
227 74 41 43221.1 0 0
229 77 41 43225.3 0 0
227 73 41 43229.6 0 0
222 73 41 43233.8 0 0
229 78 41 43238 0 0
227 74 41 43242.2 0 0
228 77 41 43246.4 0 0
227 77 41 43250.6 0 0
228 77 41 43254.9 0 0
225 76 41 43259.1 0 0
231 80 41 43263.3 0 0
226 77 41 43267.5 0 0
231 77 41 43271.7 0 0
229 81 41 43275.9 0 0
223 76 41 43280.2 0 0
223 80 41 43284.4 0 0
219 78 41 43288.6 0 0
218 71 41 43292.8 0 0
205 63 42 43297 0 0
211 72 42 43301.2 0 0
197 63 42 43305.4 0 0
188 60 42 43309.7 0 0
184 61 42 43313.9 0 0
179 63 43 43318.1 0 0
179 67 43 43322.3 0 0
181 71 44 43326.5 0 0
182 68 44 43330.7 0 0
186 65 44 43335 0 0
183 74 44 43339.2 0 0
181 71 44 43343.4 0 0
180 74 43 43347.6 0 0
177 70 43 43351.8 0 0
175 68 43 43356 0 0
172 67 43 43360.3 0 0
175 60 43 43364.5 0 0
176 63 43 43368.7 0 0
174 55 43 43373 0 0
177 59 44 43377.2 0 0
177 61 44 43381.4 0 0
176 59 44 43385.6 0 0
176 68 44 43389.8 0 0
175 62 44 43394 0 0
183 69 44 43398.3 0 0
179 67 44 43402.6 0 0
173 61 44 43407.4 0 0
181 71 44 43411.6 0 0
181 60 43 43415.8 0 0
182 65 43 43420.1 0 0
175 62 44 43424.3 0 0
178 57 43 43428.5 0 0
175 61 44 43432.7 0 0
181 63 44 43436.9 0 0
178 65 44 43441.2 0 0
178 61 44 43445.4 0 0
178 65 44 43449.6 0 0
182 64 44 43453.8 0 0
178 64 44 43458 0 0
178 59 44 43462.2 0 0
178 63 44 43466.4 0 0
174 63 44 43470.6 0 0
180 60 44 43474.8 0 0
179 63 44 43479.1 0 0
178 60 44 43483.3 0 0
176 64 44 43487.5 0 0
175 61 44 43491.7 0 0
183 66 44 43495.9 0 0
179 67 44 43500.2 0 0
174 59 44 43504.4 0 0
185 67 44 43508.6 0 0
177 63 44 43512.8 0 0
182 65 44 43517 0 0
182 66 44 43521.2 0 0
178 59 44 43525.5 0 0
183 65 44 43529.7 0 0
181 64 44 43533.9 0 0
174 60 44 43538.1 0 0
178 65 44 43542.3 0 0
180 64 44 43546.5 0 0
182 67 44 43550.8 0 0
177 65 44 43555 0 0
176 59 44 43559.2 0 0
181 66 44 43563.5 0 0
181 64 44 43567.7 0 0
178 59 44 43571.9 0 0
178 67 44 43576.1 0 0
181 64 44 43580.3 0 0
180 66 44 43584.5 0 0
178 67 44 43588.7 0 0
175 61 44 43593 0 0
178 66 44 43597.2 0 0
176 65 44 43601.4 0 0
180 63 44 43605.8 0 0
180 69 44 43610 0 0
176 63 44 43614.2 0 0
178 59 44 43618.5 0 0
177 63 44 43622.7 0 0
179 61 44 43626.9 0 0
178 66 44 43631.1 0 0
179 64 44 43635.3 0 0
183 66 44 43639.5 0 0
181 64 43 43643.7 0 0
183 68 44 43648 0 0
184 64 44 43652.2 0 0
178 63 43 43656.4 0 0
183 68 43 43660.6 0 0
176 63 44 43664.8 0 0
176 64 43 43669.1 0 0
181 66 43 43673.3 0 0
179 65 44 43677.5 0 0
175 62 44 43681.7 0 0
181 66 43 43685.9 0 0
179 68 44 43690.2 0 0
177 64 43 43694.4 0 0
177 70 43 43698.6 0 0
178 65 44 43702.8 0 0
181 67 43 43707 0 0
178 66 43 43711.2 0 0
182 70 43 43715.4 0 0
179 63 43 43719.7 0 0
174 68 43 43723.9 0 0
181 69 43 43728.1 0 0
179 68 43 43732.3 0 0
181 69 43 43736.5 0 0
176 64 43 43740.7 0 0
176 63 43 43744.9 0 0
182 70 43 43749.2 0 0
179 66 43 43753.4 0 0
182 66 43 43757.6 0 0
184 69 43 43761.8 0 0
178 68 43 43766 0 0
182 68 43 43770.2 0 0
180 67 43 43774.4 0 0
177 68 43 43778.7 0 0
179 68 43 43782.9 0 0
180 66 43 43787.1 0 0
182 65 43 43791.3 0 0
183 67 43 43795.5 0 0
175 64 43 43799.7 0 0
186 70 43 43803.9 0 0
180 61 43 43808.2 0 0
178 65 43 43812.4 0 0
177 63 42 43816.7 0 0
181 64 42 43820.9 0 0
176 63 43 43825.1 0 0
180 69 43 43829.3 0 0
182 62 42 43833.5 0 0
176 62 43 43837.7 0 0
181 65 43 43841.9 0 0
175 64 43 43846.2 0 0
178 67 42 43850.4 0 0
177 63 42 43854.6 0 0
174 60 42 43858.8 0 0
181 65 43 43863 0 0
178 67 43 43867.2 0 0
182 67 43 43871.4 0 0
180 71 42 43875.7 0 0
174 66 42 43879.9 0 0
181 69 43 43884.1 0 0
180 68 43 43888.3 0 0
182 67 42 43892.5 0 0
182 67 42 43896.7 0 0
175 66 42 43900.9 0 0
181 69 43 43905.2 0 0
178 67 42 43909.4 0 0
179 66 42 43913.6 0 0
180 67 42 43917.8 0 0
171 65 42 43922.1 0 0
179 69 43 43926.3 0 0
181 69 43 43930.5 0 0
178 66 42 43934.7 0 0
180 69 42 43939 0 0
178 67 43 43943.2 0 0
182 65 42 43947.4 0 0
181 68 42 43951.6 0 0
179 67 43 43955.8 0 0
178 64 42 43960 0 0
178 66 42 43964.2 0 0
175 62 43 43968.5 0 0
181 64 43 43972.7 0 0
178 63 43 43976.9 0 0
174 62 43 43981.1 0 0
182 68 43 43985.3 0 0
177 65 42 43989.5 0 0
173 62 43 43993.7 0 0
179 63 43 43998 0 0
178 63 43 44002.2 0 0
178 67 43 44006.4 0 0
178 63 43 44010.6 0 0
174 59 43 44014.8 0 0
182 66 43 44019 0 0
178 66 43 44023.3 0 0
174 64 43 44027.5 0 0
179 58 43 44031.8 0 0
177 65 43 44036 0 0
176 62 43 44040.2 0 0
179 62 43 44044.4 0 0
178 64 43 44048.6 0 0
