125 118 38 64044.9 0 0
124 122 38 64049.2 0 0
124 117 38 64053.4 0 0
124 121 38 64057.6 0 0
123 119 38 64061.8 0 0
124 120 38 64066 0 0
122 119 39 64070.2 0 0
124 118 39 64074.4 0 0
124 119 39 64078.6 0 0
124 119 39 64082.8 0 0
125 120 39 64087.1 0 0
121 120 39 64091.3 0 0
124 118 39 64095.7 0 0
125 119 38 64099.9 0 0
123 117 39 64104.1 0 0
124 119 39 64108.3 0 0
124 118 39 64112.5 0 0
125 118 39 64116.7 0 0
123 120 39 64120.9 0 0
123 120 39 64125.2 0 0
123 121 38 64129.4 0 0
123 119 39 64133.6 0 0
120 131 39 64137.8 0 0
120 131 0 64142 0 0
120 131 0 64146.3 0 0
120 131 0 64150.5 0 0
120 131 0 64154.8 0 0
120 131 0 64159 0 0
120 131 0 64163.3 0 0
120 131 0 64167.5 0 0
120 131 0 64171.7 0 0
120 131 0 64175.9 0 0
120 131 0 64180.1 0 0
120 131 0 64184.3 0 0
120 131 0 64188.6 0 0
120 131 0 64192.8 0 0
120 131 0 64197 0 0
120 131 0 64201.2 0 0
120 131 0 64205.4 0 0
120 131 0 64209.6 0 0
120 131 0 64213.8 0 0
120 131 0 64218.3 0 0
120 131 0 64222.5 0 0
120 131 0 64226.7 0 0
120 131 0 64230.9 0 0
120 131 0 64235.1 0 0
120 131 0 64239.3 0 0
120 131 0 64243.5 0 0
120 131 0 64247.8 0 0
120 131 0 64252 0 0
120 131 0 64256.2 0 0
120 131 0 64260.4 0 0
118 140 39 64264.6 0 0
119 133 39 64268.8 0 0
116 127 40 64273.1 0 0
121 124 40 64277.3 0 0
121 121 40 64281.5 0 0
121 124 40 64285.7 0 0
120 124 40 64289.9 0 0
120 123 40 64294.1 0 0
121 125 40 64298.3 0 0
119 124 41 64302.5 0 0
119 124 40 64306.8 0 0
121 126 40 64311 0 0
120 124 41 64315.2 0 0
123 125 41 64319.4 0 0
118 125 41 64323.6 0 0
120 127 41 64327.8 0 0
121 126 41 64332.1 0 0
120 123 41 64336.3 0 0
121 123 41 64340.5 0 0
120 125 41 64344.7 0 0
119 124 41 64348.9 0 0
121 123 41 64353.1 0 0
121 126 42 64357.3 0 0
122 125 41 64361.5 0 0
121 125 41 64365.7 0 0
120 123 41 64369.9 0 0
119 125 41 64374.8 0 0
119 124 41 64379.1 0 0
119 123 41 64383.2 0 0
122 124 41 64387.4 0 0
121 125 41 64391.7 0 0
122 123 42 64395.9 0 0
120 123 41 64400.1 0 0
118 125 42 64404.3 0 0
121 123 41 64408.5 0 0
121 122 42 64412.7 0 0
123 124 41 64416.9 0 0
121 123 41 64421.1 0 0
121 123 41 64425.4 0 0
121 124 41 64429.6 0 0
122 124 41 64433.8 0 0
122 122 41 64438 0 0
123 121 42 64442.2 0 0
121 123 41 64446.4 0 0
123 122 41 64450.7 0 0
122 121 42 64454.8 0 0
122 126 42 64459.1 0 0
121 122 41 64463.3 0 0
118 116 41 64467.5 0 0
112 107 42 64471.8 0 0
107 95 42 64476 0 0
99 89 42 64480.2 0 0
99 78 42 64484.4 0 0
94 75 41 64488.6 0 0
90 66 42 64492.8 0 0
88 61 41 64497.1 0 0
90 61 41 64501.3 0 0
90 60 42 64505.5 0 0
91 63 42 64509.7 0 0
88 61 41 64513.9 0 0
88 61 41 64518.1 0 0
89 60 41 64522.3 0 0
88 59 41 64526.5 0 0
89 62 41 64530.8 0 0
91 65 41 64535 0 0
89 63 42 64539.2 0 0
88 61 41 64543.4 0 0
88 59 41 64547.6 0 0
87 63 41 64551.8 0 0
88 61 41 64556 0 0
87 59 41 64560.2 0 0
89 60 41 64564.4 0 0
88 60 41 64568.7 0 0
87 62 41 64572.9 0 0
88 59 40 64577.1 0 0
86 61 41 64581.3 0 0
87 59 41 64585.5 0 0
87 60 40 64589.7 0 0
87 60 41 64594 0 0
87 61 40 64598.2 0 0
88 61 41 64602.4 0 0
88 61 40 64606.6 0 0
87 60 41 64610.8 0 0
87 62 40 64615 0 0
89 61 40 64619.2 0 0
85 61 41 64623.4 0 0
87 61 40 64627.7 0 0
86 62 40 64631.9 0 0
88 58 40 64636.1 0 0
86 59 40 64640.3 0 0
87 61 40 64644.5 0 0
86 59 40 64648.8 0 0
88 61 41 64653 0 0
87 57 40 64657.2 0 0
87 61 40 64661.4 0 0
85 60 41 64665.6 0 0
86 59 40 64669.8 0 0
87 59 40 64674 0 0
86 60 40 64678.3 0 0
87 59 40 64682.5 0 0
87 60 40 64686.7 0 0
85 62 40 64690.9 0 0
86 61 40 64695.1 0 0
88 59 40 64699.3 0 0
86 63 40 64703.5 0 0
87 61 40 64707.7 0 0
87 59 40 64712 0 0
86 59 40 64716.2 0 0
86 60 40 64720.4 0 0
89 59 41 64724.6 0 0
87 59 40 64728.8 0 0
88 61 40 64733 0 0
94 65 40 64737.2 0 0
96 73 40 64741.5 0 0
107 78 40 64745.7 0 0
113 78 41 64749.9 0 0
122 83 40 64754.2 0 0
126 84 40 64758.4 0 0
133 88 40 64762.6 0 0
127 91 40 64766.8 0 0
125 89 40 64771 0 0
125 89 40 64775.2 0 0
125 90 40 64779.4 0 0
127 92 39 64783.6 0 0
126 89 40 64787.8 0 0
124 90 40 64792 0 0
124 90 40 64796.2 0 0
126 91 40 64800.4 0 0
125 90 39 64804.7 0 0
125 90 39 64808.9 0 0
127 90 39 64813.1 0 0
126 93 39 64817.3 0 0
126 92 39 64821.5 0 0
126 89 39 64825.7 0 0
126 89 39 64829.9 0 0
127 91 39 64834.2 0 0
127 91 40 64838.4 0 0
125 90 39 64842.6 0 0
124 90 39 64846.8 0 0
126 89 39 64851.1 0 0
126 90 39 64855.2 0 0
125 90 39 64859.4 0 0
126 88 39 64863.7 0 0
127 91 39 64867.9 0 0
126 93 39 64872.1 0 0
125 90 39 64876.3 0 0
124 89 39 64880.6 0 0
126 90 39 64884.8 0 0
127 88 39 64888.9 0 0
128 92 39 64893.2 0 0
126 93 39 64897.4 0 0
125 90 39 64901.6 0 0
126 92 39 64905.9 0 0
127 91 39 64910.2 0 0
125 91 39 64914.4 0 0
126 89 39 64918.6 0 0
128 90 39 64922.8 0 0
124 90 38 64927 0 0
126 90 38 64931.2 0 0
126 90 39 64935.5 0 0
123 91 38 64939.7 0 0
127 89 38 64943.9 0 0
128 89 39 64948.1 0 0
125 90 39 64952.3 0 0
125 93 38 64956.5 0 0
126 88 38 64960.7 0 0
127 89 38 64965 0 0
126 91 39 64969.2 0 0
125 89 39 64973.4 0 0
126 91 38 64977.6 0 0
127 91 38 64981.8 0 0
124 89 38 64986 0 0
127 89 38 64990.3 0 0
126 87 38 64994.5 0 0
126 90 38 64999.4 0 0
126 89 38 65003.7 0 0
127 87 38 65007.9 0 0
127 90 38 65012.1 0 0
125 89 38 65016.3 0 0
126 89 38 65020.6 0 0
126 93 38 65024.8 0 0
126 90 38 65029 0 0
126 89 38 65033.2 0 0
127 89 38 65037.4 0 0
127 92 38 65041.7 0 0
123 92 38 65045.9 0 0
126 90 38 65050.1 0 0
128 90 38 65062 0 0
126 91 38 65066.2 0 0
127 91 38 65070.4 0 0
125 93 38 65074.6 0 0
127 90 38 65078.8 0 0
126 90 38 65083.1 0 0
126 89 38 65087.3 0 0
127 89 37 65091.5 0 0
126 90 37 65095.7 0 0
125 95 37 65099.9 0 0
125 107 38 65104.1 0 0
127 117 38 65108.3 0 0
129 131 37 65112.6 0 0
129 137 37 65116.8 0 0
129 137 0 65121 0 0
129 137 0 65125.2 0 0
124 159 37 65129.4 0 0
124 159 0 65133.7 0 0
124 165 36 65137.8 0 0
124 165 0 65142.1 0 0
126 155 37 65146.3 0 0
126 155 0 65150.5 0 0
126 155 0 65154.8 0 0
126 155 0 65159 0 0
126 155 0 65163.2 0 0
125 155 36 65167.4 0 0
129 153 37 65171.6 0 0
129 153 0 65175.8 0 0
129 153 0 65180.1 0 0
129 153 0 65184.3 0 0
129 153 0 65188.5 0 0
129 153 0 65192.7 0 0
129 149 37 65196.9 0 0
130 146 37 65201.1 0 0
128 151 37 65205.3 0 0
128 153 37 65209.5 0 0
124 152 37 65213.7 0 0
124 152 0 65218 0 0
124 152 0 65222.2 0 0
128 151 37 65226.4 0 0
129 151 37 65230.6 0 0
129 151 0 65234.8 0 0
126 151 37 65239 0 0
126 152 37 65243.2 0 0
128 151 37 65247.4 0 0
130 148 37 65251.7 0 0
129 152 37 65255.9 0 0
129 151 37 65260.1 0 0
129 151 0 65264.3 0 0
125 153 38 65268.5 0 0
127 150 37 65272.7 0 0
127 151 37 65276.9 0 0
128 150 37 65281.2 0 0
125 153 37 65285.4 0 0
127 151 37 65289.6 0 0
128 155 37 65293.8 0 0
129 151 38 65298 0 0
130 152 38 65302.2 0 0
128 151 37 65306.5 0 0
127 150 37 65310.7 0 0
128 154 38 65314.9 0 0
129 153 38 65319.1 0 0
127 151 37 65323.3 0 0
127 148 37 65327.5 0 0
126 154 37 65331.8 0 0
128 152 37 65336 0 0
127 151 37 65340.2 0 0
127 151 38 65344.4 0 0
125 154 37 65348.7 0 0
126 152 37 65352.9 0 0
125 146 37 65357.1 0 0
124 137 37 65361.3 0 0
124 124 38 65365.5 0 0
125 113 38 65369.7 0 0
123 108 38 65374.2 0 0
123 97 37 65378.4 0 0
125 91 38 65382.6 0 0
125 89 38 65386.8 0 0
124 91 38 65391 0 0
124 93 37 65395.2 0 0
125 94 38 65399.5 0 0
125 95 37 65403.7 0 0
121 93 38 65407.9 0 0
122 95 38 65412.2 0 0
125 96 39 65416.4 0 0
122 93 38 65420.6 0 0
123 93 38 65424.8 0 0
121 95 38 65429 0 0
121 94 38 65433.2 0 0
122 94 38 65437.5 0 0
125 92 38 65441.7 0 0
122 94 38 65445.9 0 0
121 93 38 65450.1 0 0
123 94 38 65454.3 0 0
121 94 39 65458.5 0 0
122 92 38 65462.7 0 0
121 94 38 65466.9 0 0
124 93 38 65471.2 0 0
124 95 38 65475.4 0 0
122 93 38 65479.6 0 0
122 91 38 65483.8 0 0
123 93 38 65488 0 0
120 91 38 65492.2 0 0
124 93 38 65496.5 0 0
122 93 38 65500.7 0 0
123 90 38 65504.9 0 0
122 91 38 65511.6 0 0
120 94 38 65515.9 0 0
124 92 38 65520.1 0 0
123 91 38 65524.4 0 0
124 92 38 65528.6 0 0
124 92 38 65532.8 0 0
122 93 38 65537 0 0
123 90 37 65541.2 0 0
124 90 38 65545.4 0 0
123 91 38 65549.6 0 0
122 96 38 65553.9 0 0
123 93 38 65558.1 0 0
122 89 38 65562.3 0 0
124 92 38 65566.5 0 0
124 92 0 65570.7 0 0
122 94 37 65574.9 0 0
121 92 38 65579.1 0 0
123 91 38 65583.4 0 0
122 93 38 65587.6 0 0
122 92 38 65591.8 0 0
121 92 37 65596.1 0 0
121 95 38 65600.3 0 0
122 93 37 65604.5 0 0
123 93 37 65611.3 0 0
124 95 37 65615.6 0 0
123 94 38 65619.8 0 0
121 95 37 65624.4 0 0
121 98 38 65628.6 0 0
123 96 37 65632.8 0 0
122 99 37 65637 0 0
124 95 37 65641.2 0 0
122 99 37 65645.8 0 0
122 99 37 65649.9 0 0
120 100 37 65654.2 0 0
123 99 37 65658.4 0 0
122 107 37 65662.6 0 0
127 130 37 65666.8 0 0
126 148 36 65678 0 0
126 148 0 65682.3 0 0
126 148 0 65686.5 0 0
126 148 0 65690.7 0 0
126 148 0 65694.9 0 0
126 148 0 65699.1 0 0
126 148 0 65703.3 0 0
126 148 0 65707.6 0 0
126 148 0 65711.8 0 0
126 148 0 65716 0 0
126 148 0 65720.2 0 0
126 148 0 65724.4 0 0
126 148 0 65728.6 0 0
126 148 0 65732.8 0 0
126 148 0 65737 0 0
126 148 0 65741.2 0 0
119 181 35 65745.5 0 0
119 181 0 65749.7 0 0
122 177 36 65753.9 0 0
122 177 0 65758.1 0 0
122 177 0 65762.3 0 0
125 173 36 65766.5 0 0
125 173 0 65770.7 0 0
120 180 36 65774.9 0 0
120 180 0 65779.2 0 0
120 180 0 65783.4 0 0
120 180 0 65787.6 0 0
120 180 0 65791.8 0 0
120 180 0 65796 0 0
120 180 0 65803.1 0 0
120 180 0 65807.3 0 0
120 180 0 65811.9 0 0
120 180 0 65816.1 0 0
122 176 36 65820.3 0 0
122 176 0 65824.5 0 0
122 176 0 65828.7 0 0
122 176 0 65833 0 0
122 176 0 65837.2 0 0
122 176 0 65841.4 0 0
122 176 0 65845.6 0 0
122 176 0 65849.9 0 0
122 176 0 65854.1 0 0
122 176 0 65858.3 0 0
122 176 0 65862.5 0 0
122 176 0 65866.7 0 0
122 176 0 65873.8 0 0
122 176 0 65878 0 0
122 176 0 65882.2 0 0
122 176 0 65886.4 0 0
122 176 0 65890.6 0 0
122 176 0 65895.1 0 0
122 176 0 65899.3 0 0
122 176 0 65903.6 0 0
122 176 0 65907.8 0 0
122 176 0 65912 0 0
122 176 0 65916.2 0 0
122 176 0 65920.4 0 0
122 176 0 65924.6 0 0
172 69 36 65945.7 0 0
172 57 36 65949.9 0 0
178 54 36 65954.1 0 0
179 36 36 65958.3 0 0
178 32 36 65962.5 0 0
176 25 36 65966.8 0 0
175 35 37 65971 0 0
174 36 36 65975.2 0 0
177 33 36 65979.4 0 0
175 34 36 65983.6 0 0
175 35 36 65987.8 0 0
175 34 37 65994.6 0 0
175 33 36 65998.9 0 0
175 35 36 66003.2 0 0
176 35 36 66007.4 0 0
174 35 36 66011.6 0 0
175 35 37 66015.8 0 0
173 32 37 66020 0 0
177 34 36 66024.2 0 0
175 34 35 66028.4 0 0
174 35 36 66032.6 0 0
175 36 36 66036.9 0 0
176 35 36 66041.1 0 0
177 34 36 66045.3 0 0
177 36 36 66049.5 0 0
174 38 36 66053.7 0 0
176 37 36 66057.9 0 0
176 37 0 66062.1 0 0
176 36 36 66066.3 0 0
176 37 35 66070.5 0 0
176 36 36 66074.7 0 0
177 36 36 66078.9 0 0
177 37 37 66083.2 0 0
175 35 36 66087.4 0 0
176 35 35 66091.6 0 0
177 36 36 66095.8 0 0
176 37 36 66100 0 0
177 36 36 66104.2 0 0
177 39 36 66111.3 0 0
178 37 37 66115.5 0 0
178 38 36 66119.7 0 0
180 37 36 66124.1 0 0
178 38 36 66128.3 0 0
177 39 36 66132.5 0 0
178 40 36 66136.7 0 0
176 39 36 66140.9 0 0
178 35 36 66145.1 0 0
178 35 0 66149.4 0 0
179 37 36 66153.6 0 0
177 37 36 66157.8 0 0
177 37 0 66162 0 0
180 36 36 66166.2 0 0
178 40 36 66170.4 0 0
177 38 36 66174.6 0 0
177 37 36 66178.9 0 0
177 39 36 66183.1 0 0
178 39 36 66187.3 0 0
176 38 36 66194.4 0 0
176 38 0 66198.7 0 0
178 35 35 66202.9 0 0
179 35 36 66207.1 0 0
177 38 36 66211.3 0 0
177 38 0 66215.5 0 0
177 37 36 66219.8 0 0
180 36 36 66224 0 0
180 39 36 66228.2 0 0
180 39 0 66232.4 0 0
178 37 35 66236.6 0 0
180 36 36 66240.8 0 0
179 37 35 66245 0 0
180 34 35 66249.3 0 0
176 43 35 66253.5 0 0
178 41 35 66257.7 0 0
178 41 0 66261.9 0 0
179 46 36 66266.1 0 0
179 46 0 66270.3 0 0
178 37 36 66274.6 0 0
179 40 36 66278.8 0 0
180 37 36 66283 0 0
180 37 0 66287.2 0 0
180 37 0 66291.4 0 0
179 35 35 66295.6 0 0
177 38 36 66299.8 0 0
177 39 36 66304 0 0
180 37 35 66308.2 0 0
177 38 36 66315.1 0 0
178 37 36 66319.3 0 0
179 38 36 66323.6 0 0
178 35 36 66327.8 0 0
179 39 36 66332.1 0 0
179 36 35 66336.3 0 0
178 39 36 66340.5 0 0
179 40 36 66344.7 0 0
179 44 35 66348.9 0 0
181 35 36 66353.1 0 0
177 42 36 66357.3 0 0
179 35 36 66361.5 0 0
180 37 36 66365.7 0 0
180 38 36 66369.9 0 0
180 37 35 66374.2 0 0
180 37 35 66378.4 0 0
179 37 36 66382.6 0 0
179 39 35 66386.8 0 0
179 39 0 66391 0 0
180 34 35 66395.2 0 0
181 42 35 66399.4 0 0
181 42 0 66403.7 0 0
180 41 35 66407.9 0 0
178 34 35 66412.1 0 0
179 38 35 66416.3 0 0
179 38 35 66420.5 0 0
180 37 35 66424.9 0 0
180 38 35 66429.1 0 0
180 38 0 66435.9 0 0
181 40 35 66440.2 0 0
181 40 35 66444.4 0 0
181 40 0 66448.6 0 0
181 40 0 66452.8 0 0
180 47 35 66457 0 0
180 47 0 66461.2 0 0
179 41 35 66465.4 0 0
179 41 0 66469.7 0 0
180 42 35 66473.9 0 0
179 43 35 66478.1 0 0
179 43 0 66482.3 0 0
179 43 0 66486.5 0 0
179 43 0 66490.7 0 0
193 85 35 66494.9 0 0
193 83 35 66499.1 0 0
194 90 35 66503.3 0 0
194 90 0 66507.5 0 0
194 90 0 66511.7 0 0
194 90 0 66515.9 0 0
194 90 0 66520.1 0 0
192 107 0 66539.9 0 0
192 107 0 66548.3 0 0
191 119 35 66556.6 0 0
191 119 0 66564.8 0 0
191 119 0 66573.1 0 0
191 120 0 66581.1 0 0
191 120 0 66585.4 0 0
191 120 0 66589.8 0 0
193 115 35 66594 0 0
193 115 0 66598.2 0 0
188 118 35 66602.4 0 0
188 118 0 66606.6 0 0
188 118 0 66610.8 0 0
189 112 35 66615.1 0 0
189 112 0 66619.3 0 0
189 112 0 66623.8 0 0
186 111 35 66628.1 0 0
186 111 0 66632.4 0 0
186 111 0 66636.6 0 0
186 111 0 66640.8 0 0
186 111 0 66645 0 0
189 111 35 66649.2 0 0
191 111 36 66657.6 0 0
191 111 0 66664.7 0 0
189 120 0 66673.2 0 0
189 120 0 66681.4 0 0
191 119 0 66689.7 0 0
191 119 0 66698 0 0
191 119 0 66706.1 0 0
189 116 35 66710.3 0 0
189 116 0 66714.7 0 0
189 116 0 66719 0 0
188 113 36 66723.2 0 0
188 113 0 66727.4 0 0
188 113 0 66731.6 0 0
191 115 35 66735.8 0 0
190 116 35 66740 0 0
194 118 35 66744.2 0 0
190 118 35 66748.9 0 0
188 117 35 66757.3 0 0
188 117 0 66761.5 0 0
188 117 0 66765.7 0 0
188 117 0 66769.9 0 0
188 117 0 66774.1 0 0
188 117 0 66778.4 0 0
185 109 36 67003.4 0 0
181 102 36 67007.6 0 0
181 102 36 67011.8 0 0
182 92 35 67018.6 0 0
180 84 36 67022.9 0 0
180 84 0 67027.1 0 0
180 84 0 67031.4 0 0
180 84 0 67035.6 0 0
180 84 0 67039.8 0 0
180 84 0 67044 0 0
180 84 0 67052.8 0 0
180 84 0 67057 0 0
180 84 0 67061.2 0 0
180 84 0 67065.4 0 0
189 36 36 67069.7 0 0
189 36 0 67073.9 0 0
180 42 36 67078.1 0 0
182 38 36 67082.2 0 0
182 38 0 67086.5 0 0
182 38 0 67090.7 0 0
183 43 36 67094.9 0 0
181 36 36 67099.1 0 0
182 36 36 67103.3 0 0
182 36 0 67107.5 0 0
182 41 36 67111.7 0 0
186 38 36 67115.9 0 0
186 38 0 67120.2 0 0
183 44 37 67124.4 0 0
182 42 36 67128.6 0 0
183 35 37 67132.8 0 0
184 36 36 67137 0 0
183 34 36 67141.2 0 0
184 41 36 67145.5 0 0
184 41 0 67149.7 0 0
182 37 36 67153.9 0 0
181 35 37 67158.1 0 0
184 35 36 67162.4 0 0
180 39 37 67166.6 0 0
180 39 0 67171 0 0
180 39 0 67175.3 0 0
182 35 36 67179.5 0 0
182 38 37 67183.7 0 0
184 36 36 67187.9 0 0
184 36 0 67192.2 0 0
183 37 36 67196.4 0 0
183 38 37 67200.6 0 0
181 38 36 67204.8 0 0
182 42 36 67209 0 0
181 37 36 67213.2 0 0
184 38 36 67217.4 0 0
182 36 37 67221.7 0 0
182 36 0 67225.9 0 0
180 39 36 67230.1 0 0
180 41 36 67234.3 0 0
180 41 0 67238.5 0 0
181 40 36 67242.7 0 0
180 40 36 67246.9 0 0
183 34 37 67251.2 0 0
181 38 36 67255.4 0 0
184 38 36 67259.6 0 0
183 41 36 67263.8 0 0
180 39 37 67268 0 0
181 38 36 67272.2 0 0
182 41 37 67276.4 0 0
182 41 0 67281 0 0
180 42 36 67285.2 0 0
180 37 36 67289.4 0 0
182 39 36 67293.6 0 0
184 44 36 67297.8 0 0
184 44 0 67302 0 0
181 40 36 67306.2 0 0
180 40 36 67310.5 0 0
183 41 36 67314.7 0 0
181 35 36 67318.9 0 0
185 39 36 67323.1 0 0
183 41 36 67327.3 0 0
181 40 37 67331.5 0 0
181 40 0 67335.8 0 0
181 42 36 67340 0 0
182 38 36 67344.2 0 0
181 33 36 67348.4 0 0
181 33 0 67352.6 0 0
181 38 37 67356.8 0 0
181 38 0 67361 0 0
182 43 36 67365.2 0 0
180 36 36 67369.4 0 0
182 39 36 67373.7 0 0
178 38 36 67377.9 0 0
186 31 36 67382.1 0 0
182 39 36 67386.3 0 0
182 39 0 67390.5 0 0
182 39 0 67394.7 0 0
180 37 36 67398.9 0 0
180 35 36 67403.2 0 0
183 37 36 67407.4 0 0
182 42 37 67411.6 0 0
180 37 36 67415.8 0 0
180 37 0 67420 0 0
180 37 0 67424.2 0 0
178 28 36 67428.5 0 0
182 40 36 67432.7 0 0
182 40 0 67437.3 0 0
184 45 35 67441.5 0 0
184 45 0 67445.7 0 0
182 40 36 67449.9 0 0
182 40 36 67454.1 0 0
181 42 36 67458.4 0 0
179 36 36 67462.6 0 0
189 39 36 67466.8 0 0
189 39 0 67471 0 0
189 39 0 67475.2 0 0
189 39 0 67479.4 0 0
189 39 0 67483.6 0 0
226 60 35 67487.8 0 0
226 60 0 67492 0 0
226 60 0 67496.2 0 0
254 90 33 67500.4 0 0
254 90 0 67504.7 0 0
254 90 0 67508.9 0 0
254 90 0 67513.1 0 0
254 90 0 67517.3 0 0
254 90 0 67521.5 0 0
254 90 0 67525.8 0 0
254 90 0 67530 0 0
254 90 0 67534.3 0 0
254 90 0 67538.5 0 0
254 90 0 67542.7 0 0
254 90 0 67546.9 0 0
254 90 0 67551.1 0 0
254 90 0 67555.4 0 0
249 98 35 67559.6 0 0
249 98 0 67563.8 0 0
249 98 0 67568 0 0
249 98 0 67572.2 0 0
249 98 0 67576.4 0 0
249 98 0 67580.6 0 0
249 98 0 67584.8 0 0
249 98 0 67589.1 0 0
249 98 0 67593.3 0 0
249 98 0 67597.5 0 0
249 98 0 67601.7 0 0
249 98 0 67605.9 0 0
249 98 0 67610.1 0 0
249 98 0 67614.3 0 0
249 98 0 67618.5 0 0
249 98 0 67622.8 0 0
249 98 0 67627 0 0
249 98 0 67631.2 0 0
249 98 0 67635.4 0 0
249 98 0 67639.6 0 0
249 98 0 67643.8 0 0
249 98 0 67648 0 0
249 98 0 67652.2 0 0
249 98 0 67656.4 0 0
249 98 0 67660.7 0 0
249 98 0 67664.9 0 0
249 98 0 67669.1 0 0
249 98 0 67673.3 0 0
251 94 34 67677.6 0 0
251 94 0 67681.8 0 0
251 94 0 67686.2 0 0
251 94 0 67690.4 0 0
250 102 35 67697.2 0 0
250 102 0 67701.4 0 0
250 102 0 67705.7 0 0
250 102 0 67709.9 0 0
250 102 0 67714.1 0 0
250 102 0 67718.3 0 0
250 102 0 67722.5 0 0
250 102 0 67726.7 0 0
250 102 0 67730.9 0 0
250 102 0 67735.1 0 0
242 51 36 68079.5 0 0
242 50 36 68083.7 0 0
245 53 36 68087.9 0 0
245 55 35 68092.1 0 0
241 55 36 68096.3 0 0
241 55 0 68100.6 0 0
248 49 36 68104.8 0 0
244 50 36 68109 0 0
243 53 36 68113.2 0 0
243 51 36 68117.4 0 0
243 50 36 68121.6 0 0
243 52 36 68125.8 0 0
244 50 35 68130.1 0 0
244 50 0 68134.3 0 0
244 50 0 68138.5 0 0
242 63 35 68142.7 0 0
244 52 36 68146.9 0 0
244 52 0 68151.1 0 0
246 52 35 68155.4 0 0
248 53 35 68159.6 0 0
246 52 35 68163.8 0 0
241 54 36 68168 0 0
244 54 36 68172.2 0 0
242 50 35 68176.4 0 0
244 52 36 68180.7 0 0
246 49 35 68184.9 0 0
243 52 36 68189.1 0 0
243 52 0 68193.3 0 0
244 52 36 68197.5 0 0
242 50 36 68201.7 0 0
242 50 0 68205.9 0 0
244 50 36 68210.2 0 0
242 53 35 68214.4 0 0
246 53 35 68218.6 0 0
242 53 36 68222.8 0 0
245 53 35 68227 0 0
245 53 0 68231.2 0 0
248 54 35 68235.4 0 0
248 54 0 68239.7 0 0
245 54 35 68243.9 0 0
245 54 35 68248.1 0 0
244 61 36 68253 0 0
244 61 0 68257.2 0 0
244 61 0 68261.4 0 0
245 48 36 68265.6 0 0
245 48 0 68269.8 0 0
245 48 0 68274.1 0 0
245 48 0 68278.3 0 0
245 48 0 68282.5 0 0
244 61 36 68286.7 0 0
244 61 0 68290.9 0 0
244 51 35 68295.1 0 0
244 54 36 68299.3 0 0
244 54 0 68303.5 0 0
242 51 36 68307.7 0 0
242 51 0 68312.5 0 0
246 57 35 68316.7 0 0
245 53 35 68320.9 0 0
250 77 35 68325.1 0 0
245 75 36 68329.3 0 0
245 75 0 68333.5 0 0
245 75 0 68337.7 0 0
245 75 0 68342 0 0
245 75 0 68346.2 0 0
245 75 0 68350.4 0 0
250 63 36 68354.6 0 0
250 63 0 68358.8 0 0
250 63 0 68363 0 0
250 63 0 68367.2 0 0
250 63 0 68371.4 0 0
250 63 0 68375.7 0 0
250 63 0 68379.9 0 0
250 63 0 68384.1 0 0
250 63 0 68388.3 0 0
250 63 0 68392.5 0 0
250 63 0 68396.7 0 0
250 63 0 68400.9 0 0
250 63 0 68405.2 0 0
247 60 34 68409.5 0 0
247 60 0 68413.7 0 0
247 60 0 68417.9 0 0
247 60 0 68422.1 0 0
246 58 36 68426.3 0 0
247 62 34 68430.5 0 0
247 62 0 68434.7 0 0
247 62 0 68439 0 0
247 62 0 68443.2 0 0
247 62 0 68447.4 0 0
247 62 0 68451.6 0 0
247 69 34 68455.8 0 0
247 69 0 68460 0 0
247 69 0 68464.2 0 0
247 69 0 68468.4 0 0
249 59 36 68472.7 0 0
249 59 0 68476.9 0 0
249 59 0 68481.1 0 0
249 59 0 68485.3 0 0
250 68 35 68489.5 0 0
243 52 35 68493.7 0 0
243 52 35 68497.9 0 0
245 57 35 68503 0 0
245 55 35 68507.2 0 0
245 54 35 68511.4 0 0
242 54 35 68515.6 0 0
249 53 35 68519.8 0 0
248 64 35 68524 0 0
246 55 34 68549.3 0 0
244 51 35 68553.5 0 0
248 59 36 68557.8 0 0
242 50 34 68562 0 0
244 57 35 68570.4 0 0
245 55 35 68574.6 0 0
250 77 34 68591.5 0 0
250 77 0 68595.7 0 0
250 77 0 68599.9 0 0
249 63 35 68604.1 0 0
249 63 0 68608.3 0 0
249 63 0 68612.5 0 0
249 63 0 68616.7 0 0
249 63 0 68620.9 0 0
250 89 35 68625.2 0 0
250 89 0 68629.4 0 0
250 89 0 68633.6 0 0
250 89 0 68637.8 0 0
249 85 34 68642.1 0 0
249 85 0 68646.3 0 0
249 85 0 68650.5 0 0
250 103 33 68654.7 0 0
250 103 0 68658.9 0 0
244 64 35 68663.2 0 0
244 64 0 68667.4 0 0
244 64 0 68671.6 0 0
244 64 0 68675.8 0 0
243 59 35 68680 0 0
246 52 35 68684.3 0 0
243 63 35 68696.9 0 0
243 58 35 68701.1 0 0
243 58 0 68705.3 0 0
244 59 35 68717.9 0 0
246 55 35 68730.6 0 0
244 63 36 68734.8 0 0
245 53 35 68739 0 0
243 55 34 68751.6 0 0
242 58 35 68760.1 0 0
244 61 34 68768.5 0 0
249 78 35 68776.9 0 0
249 78 0 68781.2 0 0
249 78 0 68785.4 0 0
249 78 0 68789.6 0 0
249 78 0 68793.8 0 0
249 78 0 68798 0 0
249 78 0 68802.2 0 0
249 78 18 68806.4 0 0
249 78 0 68810.6 0 0
249 83 34 68886.4 0 0
249 83 0 68890.7 0 0
249 83 0 68894.9 0 0
249 83 0 68899.3 0 0
247 63 35 68903.5 0 0
244 62 34 68907.8 0 0
244 62 0 68912 0 0
244 62 0 68916.2 0 0
247 60 35 68920.4 0 0
247 60 0 68924.6 0 0
247 60 0 68928.8 0 0
247 60 0 68933.1 0 0
247 60 0 68937.3 0 0
247 60 0 68941.5 0 0
247 60 0 68945.7 0 0
247 60 0 68949.9 0 0
247 60 0 68954.1 0 0
247 60 0 68958.3 0 0
247 60 0 68962.5 0 0
247 60 0 68966.8 0 0
246 67 34 68971 0 0
246 67 0 68975.2 0 0
246 67 0 68979.4 0 0
246 67 0 68983.6 0 0
246 67 0 68987.8 0 0
246 67 0 68992.1 0 0
246 67 0 68996.3 0 0
246 67 0 69000.5 0 0
246 67 0 69004.7 0 0
246 67 0 69009 0 0
246 67 0 69013.2 0 0
245 59 35 69017.4 0 0
245 59 0 69021.6 0 0
244 54 35 69025.8 0 0
244 54 0 69030.1 0 0
244 54 0 69034.3 0 0
244 54 0 69038.6 0 0
246 55 35 69042.8 0 0
246 55 0 69053.1 0 0
246 55 0 69059.8 0 0
244 60 0 69064 0 0
243 56 0 69068.2 0 0
243 56 0 69072.4 0 0
247 59 35 69076.6 0 0
245 58 35 69080.8 0 0
245 58 0 69085 0 0
247 62 35 69089.2 0 0
247 62 0 69093.5 0 0
248 65 35 69097.7 0 0
248 65 0 69101.9 0 0
248 62 35 69106.1 0 0
248 62 0 69110.3 0 0
244 57 35 69114.5 0 0
244 57 0 69118.7 0 0
244 57 0 69122.9 0 0
244 57 0 69127.2 0 0
247 64 36 69131.4 0 0
247 64 0 69135.6 0 0
249 61 36 69139.8 0 0
245 60 35 69144 0 0
245 62 36 69148.2 0 0
245 62 0 69152.4 0 0
245 62 0 69156.6 0 0
247 48 35 69160.9 0 0
245 59 36 69165.1 0 0
245 59 0 69169.3 0 0
246 56 35 69173.5 0 0
246 56 0 69177.7 0 0
247 58 36 69181.9 0 0
247 58 0 69186.1 0 0
245 60 36 69190.4 0 0
245 60 0 69194.6 0 0
245 60 0 69198.8 0 0
245 55 35 69203 0 0
243 54 36 69207.2 0 0
245 54 36 69211.4 0 0
245 54 0 69215.6 0 0
245 54 0 69219.8 0 0
245 54 0 69224 0 0
246 57 36 69228.2 0 0
246 61 36 69232.5 0 0
246 61 0 69236.7 0 0
246 61 0 69240.9 0 0
244 56 36 69245.1 0 0
246 62 36 69249.4 0 0
248 60 35 69253.6 0 0
248 60 0 69257.8 0 0
248 60 0 69262 0 0
248 60 36 69266.2 0 0
245 51 36 69270.4 0 0
249 51 35 69274.6 0 0
244 53 36 69278.9 0 0
251 51 35 69283.1 0 0
246 52 36 69287.3 0 0
244 51 36 69291.5 0 0
244 51 36 69295.7 0 0
247 52 36 69299.9 0 0
244 53 36 69304.1 0 0
244 53 0 69308.4 0 0
245 50 35 69312.6 0 0
246 50 36 69316.8 0 0
244 47 36 69321 0 0
245 52 36 69325.2 0 0
248 54 35 69329.4 0 0
248 54 0 69333.7 0 0
242 53 36 69337.9 0 0
245 53 36 69342.2 0 0
245 53 0 69346.4 0 0
244 51 35 69350.6 0 0
245 52 36 69354.8 0 0
248 58 36 69359 0 0
246 55 36 69363.2 0 0
246 55 0 69367.4 0 0
242 52 36 69371.7 0 0
245 49 35 69375.9 0 0
244 51 36 69380.1 0 0
245 53 36 69384.3 0 0
246 50 36 69388.5 0 0
246 50 0 69392.7 0 0
246 51 36 69397.2 0 0
246 51 0 69401.4 0 0
248 50 0 69405.6 0 0
248 50 0 69409.8 0 0
248 50 0 69414.1 0 0
248 50 0 69418.3 0 0
248 50 0 69422.5 0 0
248 54 35 69426.7 0 0
248 54 0 69430.9 0 0
248 54 0 69435.1 0 0
248 54 0 69439.4 0 0
248 54 0 69443.6 0 0
245 55 36 69447.8 0 0
245 55 0 69452 0 0
245 55 0 69456.2 0 0
245 55 0 69460.4 0 0
245 55 0 69464.6 0 0
245 55 0 69468.8 0 0
245 50 36 69473.1 0 0
249 54 35 69477.3 0 0
249 54 0 69481.4 0 0
249 54 0 69485.7 0 0
249 54 0 69489.9 0 0
250 52 35 69494.1 0 0
248 53 36 69498.3 0 0
248 54 36 69502.6 0 0
248 54 0 69506.8 0 0
248 54 0 69511 0 0
248 54 0 69515.2 0 0
248 54 0 69519.5 0 0
249 59 35 69523.7 0 0
249 52 36 69527.9 0 0
248 53 36 69532.2 0 0
248 53 0 69536.4 0 0
251 60 36 69540.6 0 0
246 51 35 69544.8 0 0
250 50 36 69549 0 0
250 50 0 69553.2 0 0
247 52 35 69557.4 0 0
247 53 36 69561.6 0 0
246 52 36 69565.8 0 0
246 52 0 69570.1 0 0
246 52 0 69574.2 0 0
246 52 0 69578.4 0 0
246 50 35 69582.7 0 0
246 50 0 69586.9 0 0
246 50 0 69591.1 0 0
246 51 37 69595.4 0 0
246 51 0 69599.6 0 0
247 49 36 69603.8 0 0
247 49 0 69608 0 0
248 50 36 69612.2 0 0
251 48 35 69616.4 0 0
246 51 36 69620.6 0 0
247 52 36 69625.4 0 0
249 67 36 69629.6 0 0
248 49 36 69633.8 0 0
248 49 0 69638.1 0 0
248 49 0 69642.2 0 0
248 53 36 69646.4 0 0
246 62 36 69650.7 0 0
245 51 36 69654.9 0 0
245 52 36 69659.1 0 0
247 52 0 69663.3 0 0
246 49 36 69667.5 0 0
246 49 0 69674.5 0 0
247 53 37 69678.7 0 0
246 52 36 69682.9 0 0
246 52 0 69687.2 0 0
245 57 36 69691.4 0 0
248 50 36 69695.6 0 0
247 49 36 69699.8 0 0
247 49 0 69704 0 0
246 52 36 69708.2 0 0
248 54 36 69712.4 0 0
247 59 36 69716.7 0 0
247 52 36 69720.9 0 0
247 52 0 69725.1 0 0
247 52 0 69729.3 0 0
249 52 37 69733.5 0 0
247 59 37 69737.7 0 0
247 53 36 69741.9 0 0
249 53 36 69746.2 0 0
246 51 36 69750.4 0 0
246 54 36 69754.6 0 0
248 49 36 69758.8 0 0
245 53 36 69763 0 0
245 53 0 69767.2 0 0
250 57 35 69771.5 0 0
248 54 36 69775.7 0 0
245 55 36 69779.9 0 0
248 53 36 69784.1 0 0
247 52 36 69788.3 0 0
248 52 37 69792.5 0 0
244 52 36 69799.4 0 0
246 51 36 69803.6 0 0
248 50 36 69807.9 0 0
249 51 36 69812.2 0 0
244 53 36 69816.4 0 0
245 57 36 69820.6 0 0
246 49 36 69824.9 0 0
245 53 36 69829.1 0 0
248 56 36 69833.3 0 0
246 58 37 69837.5 0 0
247 55 36 69841.7 0 0
247 51 36 69846 0 0
246 51 36 69850.2 0 0
245 53 37 69854.4 0 0
246 51 36 69858.6 0 0
247 56 36 69862.8 0 0
248 49 36 69867 0 0
245 52 36 69871.3 0 0
247 49 36 69875.5 0 0
244 54 36 69879.7 0 0
244 54 0 69883.9 0 0
244 54 0 69888.1 0 0
243 52 36 69893.6 0 0
243 52 24 69897.9 0 0
247 53 36 69902.1 0 0
243 53 37 69906.3 0 0
247 51 37 69910.5 0 0
244 52 37 69914.7 0 0
246 53 36 69918.9 0 0
245 52 36 69923.1 0 0
244 52 36 69927.3 0 0
247 53 36 69931.6 0 0
246 53 36 69935.8 0 0
246 52 37 69940 0 0
246 52 0 69944.2 0 0
245 48 37 69948.4 0 0
245 50 37 69952.6 0 0
247 51 37 69956.8 0 0
245 49 37 69961 0 0
247 52 36 69965.3 0 0
247 52 0 69969.5 0 0
246 52 36 69973.7 0 0
246 53 37 69977.9 0 0
247 53 37 69982.1 0 0
243 53 37 69986.3 0 0
246 50 37 69990.5 0 0
242 57 37 69994.7 0 0
246 56 37 69999 0 0
245 52 37 70003.2 0 0
247 54 37 70007.4 0 0
244 53 36 70011.6 0 0
246 52 37 70015.8 0 0
245 54 36 70020 0 0
245 54 37 70024.2 0 0
245 50 37 70028.4 0 0
244 52 37 70032.6 0 0
244 53 37 70036.9 0 0
244 53 0 70041.1 0 0
247 58 37 70045.3 0 0
244 52 36 70049.5 0 0
245 54 37 70053.7 0 0
246 53 37 70057.9 0 0
242 48 36 70062.1 0 0
243 55 37 70066.3 0 0
243 52 37 70070.5 0 0
246 53 37 70074.7 0 0
246 53 37 70078.9 0 0
242 57 37 70083.2 0 0
246 54 37 70087.4 0 0
245 51 37 70091.6 0 0
245 53 37 70095.8 0 0
245 52 37 70100 0 0
247 53 37 70104.2 0 0
246 52 37 70108.4 0 0
247 51 37 70112.7 0 0
244 56 37 70116.9 0 0
246 54 37 70121.1 0 0
244 54 37 70125.3 0 0
245 52 37 70129.5 0 0
251 57 37 70133.7 0 0
251 63 37 70137.9 0 0
259 76 37 70142.1 0 0
259 76 0 70146.3 0 0
259 76 0 70150.6 0 0
259 76 18 70154.8 0 0
259 76 0 70159 0 0
259 76 0 70163.2 0 0
259 76 0 70167.4 0 0
259 76 0 70171.6 0 0
259 76 0 70175.8 0 0
259 76 0 70180.1 0 0
259 76 0 70184.3 0 0
259 76 0 70188.5 0 0
259 76 0 70192.7 0 0
259 76 0 70196.9 0 0
259 76 0 70201.1 0 0
259 76 0 70205.3 0 0
259 76 0 70209.5 0 0
259 76 0 70213.8 0 0
259 76 0 70218.4 0 0
259 76 0 70222.6 0 0
240 64 34 70226.8 0 0
240 64 0 70231 0 0
240 64 0 70235.2 0 0
240 64 0 70239.4 0 0
240 64 0 70243.6 0 0
240 64 0 70247.8 0 0
240 64 0 70252 0 0
240 64 0 70256.2 0 0
240 64 0 70260.5 0 0
240 64 0 70264.7 0 0
240 64 20 70268.9 0 0
240 64 0 70273.1 0 0
240 64 0 70277.3 0 0
246 116 37 70327.8 0 0
246 116 21 70332 0 0
246 116 0 70336.3 0 0
246 116 0 70340.5 0 0
245 113 37 70344.7 0 0
245 113 22 70348.9 0 0
250 111 36 70353.1 0 0
250 111 0 70357.3 0 0
246 117 36 70365.8 0 0
243 111 37 70370 0 0
245 108 37 70374.2 0 0
245 108 0 70378.5 0 0
245 108 0 70382.7 0 0
245 108 0 70386.9 0 0
247 113 37 70391.1 0 0
246 114 36 70395.4 0 0
246 114 20 70399.6 0 0
246 114 20 70403.8 0 0
243 112 36 70408.1 0 0
243 112 0 70412.3 0 0
243 112 0 70416.5 0 0
243 112 0 70420.7 0 0
243 112 0 70424.9 0 0
245 113 37 70437.6 0 0
51 119 37 70843.2 0 0
52 107 37 70847.4 0 0
52 102 38 70851.6 0 0
52 93 38 70855.8 0 0
51 95 38 70860 0 0
51 94 38 70864.3 0 0
51 94 0 70868.5 0 0
50 91 38 70872.7 0 0
52 90 38 70876.9 0 0
53 88 38 70881.1 0 0
51 88 38 70885.3 0 0
53 88 38 70889.6 0 0
50 87 38 70893.8 0 0
51 86 38 70898.1 0 0
50 87 38 70902.3 0 0
52 86 38 70906.5 0 0
51 86 38 70910.8 0 0
53 84 38 70915 0 0
52 89 38 70919.2 0 0
49 86 38 70923.4 0 0
52 86 38 70927.6 0 0
51 87 38 70931.8 0 0
52 85 37 70936 0 0
53 87 38 70940.2 0 0
49 86 38 70944.4 0 0
53 89 37 70948.6 0 0
51 88 37 70952.9 0 0
53 87 38 70957.1 0 0
52 86 38 70961.3 0 0
52 84 38 70965.5 0 0
52 84 37 70969.7 0 0
50 86 38 70973.9 0 0
50 86 37 70978.1 0 0
53 85 38 70982.3 0 0
52 86 37 70986.5 0 0
55 88 37 70990.8 0 0
52 87 37 70995 0 0
51 84 37 70999.2 0 0
52 84 38 71003.4 0 0
52 86 38 71007.6 0 0
51 85 37 71011.8 0 0
54 87 38 71016 0 0
53 87 37 71020.2 0 0
52 86 37 71024.5 0 0
52 86 0 71028.7 0 0
52 86 38 71032.9 0 0
50 83 37 71037.1 0 0
44 84 37 71041.3 0 0
41 72 37 71045.5 0 0
38 64 37 71053.1 0 0
32 60 38 71057.3 0 0
33 65 37 71061.8 0 0
34 66 37 71066 0 0
33 67 37 71070.2 0 0
35 67 37 71074.4 0 0
35 68 37 71078.6 0 0
35 64 37 71082.8 0 0
33 67 37 71087 0 0
35 64 37 71091.3 0 0
36 66 37 71095.5 0 0
34 64 37 71099.7 0 0
34 68 38 71103.9 0 0
35 63 37 71108.1 0 0
34 68 37 71112.3 0 0
33 65 37 71116.6 0 0
34 62 37 71120.8 0 0
34 68 37 71125 0 0
33 65 37 71129.2 0 0
34 63 37 71133.4 0 0
35 67 36 71137.6 0 0
34 65 37 71141.8 0 0
37 69 37 71146.2 0 0
32 70 37 71150.4 0 0
35 67 37 71154.7 0 0
35 70 37 71158.9 0 0
35 67 37 71163.1 0 0
36 67 37 71167.3 0 0
32 70 37 71171.5 0 0
36 68 37 71175.7 0 0
35 70 37 71179.9 0 0
34 68 36 71184.2 0 0
37 66 37 71188.4 0 0
34 68 37 71192.6 0 0
35 66 37 71196.8 0 0
33 69 37 71201 0 0
34 67 37 71205.2 0 0
34 70 37 71209.4 0 0
35 65 37 71213.6 0 0
36 68 37 71217.9 0 0
34 68 37 71222.1 0 0
36 66 36 71226.3 0 0
36 69 37 71230.5 0 0
34 68 37 71234.7 0 0
34 67 37 71239 0 0
34 67 37 71243.2 0 0
36 67 37 71247.4 0 0
34 71 37 71251.6 0 0
34 68 36 71255.9 0 0
34 70 37 71260.1 0 0
35 71 37 71264.3 0 0
33 67 37 71268.5 0 0
35 65 37 71272.7 0 0
32 67 37 71277 0 0
33 69 37 71281.2 0 0
36 70 36 71285.4 0 0
33 69 37 71289.6 0 0
34 72 36 71293.8 0 0
32 71 36 71298 0 0
37 67 37 71302.2 0 0
34 68 36 71306.5 0 0
36 69 36 71310.7 0 0
35 68 37 71314.9 0 0
34 70 37 71319.1 0 0
32 73 36 71323.3 0 0
35 70 37 71327.5 0 0
34 69 36 71331.8 0 0
34 70 36 71336 0 0
34 71 37 71340.2 0 0
34 70 36 71344.4 0 0
35 68 36 71348.6 0 0
35 69 36 71352.8 0 0
35 67 37 71357 0 0
35 68 36 71361.2 0 0
33 69 36 71365.4 0 0
34 69 36 71369.7 0 0
34 70 36 71373.9 0 0
36 70 36 71378.1 0 0
34 70 36 71382.3 0 0
35 73 36 71386.5 0 0
36 80 36 71390.7 0 0
36 81 35 71394.9 0 0
36 81 35 71399.1 0 0
37 92 35 71403.4 0 0
39 97 36 71407.6 0 0
38 110 35 71411.8 0 0
38 120 36 71416 0 0
36 141 36 71420.2 0 0
30 152 36 71424.4 0 0
29 176 36 71428.6 0 0
28 187 35 71432.9 0 0
31 196 35 71437.1 0 0
29 197 36 71441.3 0 0
34 190 35 71445.5 0 0
33 186 35 71449.7 0 0
31 187 36 71453.9 0 0
32 184 35 71458.1 0 0
31 188 35 71462.4 0 0
33 183 35 71466.6 0 0
34 185 35 71470.8 0 0
32 194 35 71475.2 0 0
32 186 35 71479.4 0 0
32 185 35 71483.6 0 0
32 186 35 71487.8 0 0
31 187 35 71492.1 0 0
31 183 34 71496.3 0 0
28 187 36 71500.5 0 0
29 184 35 71504.7 0 0
32 186 35 71508.9 0 0
32 190 34 71513.1 0 0
32 189 35 71517.3 0 0
30 186 35 71521.5 0 0
33 187 35 71525.8 0 0
31 190 34 71530 0 0
30 192 34 71534.2 0 0
31 189 34 71538.4 0 0
32 185 34 71542.6 0 0
31 180 35 71546.8 0 0
33 192 34 71551 0 0
32 193 34 71555.3 0 0
29 189 34 71559.5 0 0
30 189 34 71563.7 0 0
32 187 34 71567.9 0 0
33 190 35 71572.1 0 0
30 192 34 71576.3 0 0
30 192 0 71580.5 0 0
31 190 35 71584.8 0 0
31 192 35 71589 0 0
33 193 34 71593.2 0 0
28 189 34 71597.4 0 0
30 191 34 71601.6 0 0
32 186 34 71605.8 0 0
30 190 34 71610 0 0
31 187 35 71614.2 0 0
31 187 34 71618.5 0 0
28 183 34 71622.7 0 0
31 193 34 71626.9 0 0
31 187 35 71631.1 0 0
31 190 34 71635.3 0 0
32 192 34 71639.8 0 0
31 190 33 71644 0 0
31 186 34 71648.3 0 0
27 189 34 71652.5 0 0
32 184 34 71656.8 0 0
31 187 34 71661 0 0
29 189 34 71665.2 0 0
29 187 34 71669.4 0 0
30 189 34 71673.6 0 0
29 188 34 71677.8 0 0
29 188 34 71682 0 0
31 188 34 71686.2 0 0
28 188 34 71690.4 0 0
31 189 34 71694.6 0 0
25 191 34 71698.9 0 0
30 193 34 71703.1 0 0
28 187 34 71707.3 0 0
31 193 33 71711.5 0 0
31 188 34 71715.8 0 0
30 186 34 71720 0 0
31 191 33 71724.4 0 0
30 184 34 71728.6 0 0
31 187 34 71732.8 0 0
33 181 34 71737 0 0
34 162 34 71741.2 0 0
36 134 33 71745.4 0 0
37 126 34 71749.6 0 0
37 111 34 71753.9 0 0
38 104 33 71758.1 0 0
35 98 33 71762.2 0 0
28 96 32 71766.4 0 0
31 87 31 71770.7 0 0
31 87 0 71774.9 0 0
31 87 0 71779.1 0 0
38 63 33 71783.3 0 0
35 68 33 71787.6 0 0
36 68 32 71791.8 0 0
36 72 33 71795.9 0 0
34 75 33 71800.2 0 0
36 74 32 71804.5 0 0
35 74 33 71808.7 0 0
36 76 33 71812.9 0 0
34 73 32 71817.2 0 0
35 76 33 71821.4 0 0
38 73 33 71825.6 0 0
34 73 33 71829.8 0 0
37 69 32 71834 0 0
36 72 33 71838.2 0 0
35 76 33 71842.4 0 0
34 75 33 71846.6 0 0
37 71 33 71850.8 0 0
34 76 33 71855 0 0
33 73 32 71859.2 0 0
35 69 33 71863.4 0 0
35 76 33 71867.6 0 0
34 75 32 71871.9 0 0
36 71 33 71876.1 0 0
35 76 33 71880.3 0 0
37 77 33 71884.6 0 0
36 76 32 71888.8 0 0
35 78 33 71892.9 0 0
33 82 32 71897.2 0 0
34 77 33 71901.4 0 0
35 79 33 71905.6 0 0
36 72 33 71909.9 0 0
36 75 33 71914.1 0 0
34 77 32 71918.3 0 0
33 76 32 71922.5 0 0
36 77 33 71926.8 0 0
36 75 32 71931 0 0
35 75 32 71935.2 0 0
35 74 32 71939.4 0 0
35 76 33 71943.6 0 0
37 76 32 71947.8 0 0
36 81 33 71952.1 0 0
34 81 32 71956.3 0 0
34 81 0 71960.5 0 0
35 80 33 71964.8 0 0
32 78 33 71969 0 0
36 81 32 71973.3 0 0
34 80 32 71977.5 0 0
35 80 32 71981.7 0 0
33 75 33 71985.9 0 0
34 78 32 71990.1 0 0
36 76 32 71994.4 0 0
34 79 32 71998.6 0 0
35 75 31 72002.8 0 0
36 77 32 72007 0 0
44 79 32 72011.2 0 0
56 76 32 72015.4 0 0
66 72 33 72019.6 0 0
76 66 34 72023.8 0 0
77 61 34 72028.1 0 0
80 60 33 72032.3 0 0
86 63 34 72036.5 0 0
86 61 34 72040.7 0 0
85 58 34 72044.9 0 0
83 56 33 72049.1 0 0
85 57 34 72053.4 0 0
84 59 33 72057.6 0 0
84 57 33 72061.8 0 0
87 61 34 72066 0 0
83 57 34 72070.2 0 0
82 63 34 72074.4 0 0
84 58 33 72078.6 0 0
84 59 33 72082.8 0 0
81 61 33 72087.1 0 0
84 57 33 72091.3 0 0
84 60 33 72095.5 0 0
81 62 34 72099.7 0 0
83 59 34 72103.9 0 0
84 61 34 72108.1 0 0
84 60 33 72112.3 0 0
82 60 33 72116.6 0 0
81 60 34 72120.8 0 0
83 61 34 72125 0 0
81 61 33 72129.2 0 0
81 66 33 72133.4 0 0
81 64 33 72137.6 0 0
83 63 34 72141.8 0 0
80 64 33 72146.1 0 0
83 60 33 72150.3 0 0
79 62 33 72154.5 0 0
81 64 33 72158.7 0 0
82 62 33 72162.9 0 0
80 65 34 72167.1 0 0
81 62 33 72171.3 0 0
81 64 33 72175.6 0 0
79 64 33 72179.8 0 0
82 63 33 72184 0 0
83 61 33 72188.3 0 0
81 66 34 72192.5 0 0
80 65 32 72196.7 0 0
82 64 33 72200.9 0 0
83 65 34 72205.1 0 0
82 64 33 72209.3 0 0
79 65 33 72213.6 0 0
81 65 33 72217.8 0 0
81 59 33 72222 0 0
80 66 33 72226.2 0 0
82 66 33 72230.5 0 0
80 65 33 72234.7 0 0
81 65 33 72238.9 0 0
82 64 34 72243.2 0 0
82 63 33 72247.4 0 0
79 60 33 72251.6 0 0
80 61 33 72255.8 0 0
79 64 33 72260 0 0
83 62 33 72264.2 0 0
81 64 33 72268.4 0 0
82 62 33 72272.6 0 0
81 63 33 72276.9 0 0
81 61 33 72281.1 0 0
81 62 32 72285.3 0 0
83 61 33 72289.5 0 0
82 59 34 72293.7 0 0
84 64 33 72297.9 0 0
83 63 33 72302.1 0 0
85 62 34 72306.4 0 0
82 65 33 72310.6 0 0
85 64 33 72314.8 0 0
83 69 33 72319 0 0
87 69 32 72323.2 0 0
82 86 30 72327.4 0 0
82 86 0 72331.6 0 0
82 86 0 72335.8 0 0
107 89 33 72340.1 0 0
107 89 0 72344.4 0 0
107 89 0 72348.6 0 0
107 89 0 72352.8 0 0
107 89 0 72357 0 0
107 89 0 72361.2 0 0
107 89 0 72365.4 0 0
107 89 0 72369.6 0 0
107 89 0 72373.8 0 0
107 89 0 72378.1 0 0
107 89 0 72382.3 0 0
107 89 0 72386.4 0 0
107 89 0 72390.7 0 0
107 89 0 72394.9 0 0
107 89 0 72399.1 0 0
110 108 32 72403.4 0 0
110 108 0 72407.6 0 0
110 108 0 72411.8 0 0
110 108 0 72416.1 0 0
110 108 0 72420.3 0 0
110 108 0 72424.4 0 0
110 108 0 72428.7 0 0
110 108 0 72432.9 0 0
110 108 0 72437.1 0 0
110 108 0 72441.3 0 0
112 103 34 72445.5 0 0
112 103 0 72449.7 0 0
111 104 33 72453.9 0 0
110 113 32 72458.2 0 0
110 113 0 72462.4 0 0
110 113 0 72466.6 0 0
110 113 0 72470.8 0 0
110 113 0 72475.1 0 0
112 98 33 72479.3 0 0
115 99 33 72483.5 0 0
115 99 0 72487.7 0 0
113 106 33 72491.9 0 0
113 106 0 72496.2 0 0
113 106 0 72500.4 0 0
109 95 33 72504.6 0 0
106 95 34 72508.8 0 0
106 95 0 72513 0 0
106 95 0 72517.2 0 0
74 87 33 72521.4 0 0
67 94 34 72525.6 0 0
60 90 33 72529.9 0 0
51 93 33 72534.1 0 0
44 92 33 72538.3 0 0
37 91 32 72542.5 0 0
34 88 32 72546.7 0 0
30 92 33 72550.9 0 0
30 92 0 72555.1 0 0
36 88 33 72559.4 0 0
34 88 33 72563.6 0 0
36 90 33 72567.8 0 0
33 88 33 72572 0 0
30 91 34 72576.2 0 0
33 86 33 72580.4 0 0
33 88 33 72584.6 0 0
35 87 33 72588.8 0 0
34 87 34 72593.1 0 0
34 89 33 72597.3 0 0
33 87 34 72601.5 0 0
31 88 33 72605.7 0 0
34 86 34 72609.9 0 0
33 91 33 72614.1 0 0
32 88 33 72618.3 0 0
30 89 33 72622.6 0 0
33 89 33 72626.8 0 0
30 87 33 72631 0 0
32 88 33 72635.2 0 0
31 87 33 72639.4 0 0
31 87 0 72643.6 0 0
33 88 33 72647.9 0 0
31 91 34 72652.1 0 0
32 89 33 72656.4 0 0
31 91 33 72663.3 0 0
33 91 33 72667.5 0 0
36 90 33 72671.7 0 0
31 89 34 72675.9 0 0
32 88 34 72680.2 0 0
31 91 33 72684.4 0 0
34 90 33 72688.6 0 0
31 88 34 72692.9 0 0
34 87 33 72697.1 0 0
30 90 34 72701.2 0 0
31 88 34 72705.4 0 0
33 89 33 72709.7 0 0
32 89 34 72714.2 0 0
31 80 33 72718.4 0 0
31 75 34 72722.7 0 0
32 63 34 72726.9 0 0
34 53 34 72731.1 0 0
31 57 34 72735.3 0 0
31 57 34 72742.4 0 0
29 55 34 72750.7 0 0
30 58 34 72758.9 0 0
34 60 34 72767.4 0 0
32 55 34 72775.7 0 0
31 57 34 72784.1 0 0
31 57 34 72792.4 0 0
33 56 34 72799.9 0 0
32 57 34 72804.1 0 0
32 55 34 72809.1 0 0
31 57 34 72813.3 0 0
32 56 34 72817.6 0 0
31 59 34 72821.8 0 0
32 56 34 72826 0 0
31 54 33 72830.2 0 0
32 55 33 72834.4 0 0
32 56 34 72838.6 0 0
32 57 33 72842.8 0 0
30 55 34 72847 0 0
31 61 34 72851.2 0 0
31 53 34 72855.4 0 0
32 59 34 72859.6 0 0
30 63 33 72863.8 0 0
30 56 34 72868.1 0 0
31 59 34 72872.3 0 0
31 58 34 72876.5 0 0
31 56 34 72880.7 0 0
32 60 34 72884.9 0 0
32 59 34 72889.1 0 0
31 58 34 72893.3 0 0
31 58 34 72897.6 0 0
32 52 34 72901.8 0 0
33 54 34 72906 0 0
34 53 34 72910.2 0 0
33 57 35 72914.4 0 0
33 57 34 72921.2 0 0
33 57 0 72925.5 0 0
33 57 0 72929.7 0 0
31 59 34 72934 0 0
30 55 34 72938.2 0 0
31 57 34 72942.4 0 0
30 62 34 72946.6 0 0
33 60 34 72950.8 0 0
33 56 34 72955 0 0
32 59 34 72959.5 0 0
32 63 34 72963.7 0 0
32 59 35 72967.9 0 0
34 56 34 72972.1 0 0
32 58 34 72976.4 0 0
32 60 34 72980.6 0 0
31 56 34 72984.8 0 0
33 59 34 72989 0 0
33 58 34 72993.2 0 0
31 56 34 72997.4 0 0
33 59 34 73001.6 0 0
32 59 34 73005.9 0 0
32 57 34 73010.1 0 0
32 57 34 73014.2 0 0
32 58 34 73018.6 0 0
33 58 35 73022.9 0 0
33 55 35 73027.1 0 0
31 59 34 73031.3 0 0
31 59 34 73035.6 0 0
32 56 34 73039.8 0 0
32 59 34 73043.9 0 0
32 60 34 73048.1 0 0
32 59 34 73057.7 0 0
30 56 34 73062.3 0 0
34 56 34 73066.5 0 0
32 59 34 73070.7 0 0
33 62 35 73074.9 0 0
32 59 34 73079.1 0 0
30 58 35 73083.3 0 0
26 56 35 73087.6 0 0
26 54 34 73091.8 0 0
24 55 34 73096 0 0
25 54 35 73100.2 0 0
25 55 34 73104.4 0 0
23 60 34 73108.6 0 0
27 57 34 73113.1 0 0
26 54 35 73117.3 0 0
25 55 34 73121.6 0 0
28 55 35 73125.8 0 0
27 53 34 73130 0 0
26 54 34 73134.2 0 0
24 55 34 73138.4 0 0
27 53 34 73142.6 0 0
26 56 34 73146.8 0 0
28 56 34 73151 0 0
27 53 34 73155.3 0 0
27 58 34 73159.5 0 0
27 58 35 73163.7 0 0
27 55 35 73167.9 0 0
24 61 35 73172.1 0 0
27 55 34 73176.3 0 0
26 54 34 73180.5 0 0
26 53 35 73184.8 0 0
28 54 34 73189 0 0
26 55 34 73193.2 0 0
26 56 34 73197.4 0 0
28 54 35 73201.6 0 0
24 59 34 73205.8 0 0
27 56 35 73210.1 0 0
28 54 35 73214.3 0 0
26 59 34 73218.5 0 0
28 59 34 73222.7 0 0
27 55 34 73227 0 0
28 54 34 73231.2 0 0
27 56 35 73235.4 0 0
29 56 34 73239.6 0 0
27 58 34 73243.8 0 0
27 55 34 73248.1 0 0
27 55 0 73252.2 0 0
27 52 35 73256.4 0 0
27 52 0 73260.7 0 0
27 56 35 73264.9 0 0
29 52 35 73269.1 0 0
25 58 35 73273.3 0 0
30 54 35 73277.6 0 0
27 54 34 73281.8 0 0
27 54 35 73286 0 0
26 57 34 73290.2 0 0
25 54 35 73294.4 0 0
28 53 34 73298.6 0 0
28 56 35 73302.8 0 0
27 52 34 73307 0 0
27 58 35 73311.2 0 0
27 57 35 73315.4 0 0
27 58 35 73319.6 0 0
27 57 34 73323.9 0 0
27 56 35 73328.1 0 0
25 54 34 73332.3 0 0
25 55 35 73336.5 0 0
27 57 35 73340.7 0 0
27 54 34 73344.9 0 0
27 56 35 73349.2 0 0
27 54 35 73353.4 0 0
28 56 35 73357.6 0 0
27 56 35 73361.8 0 0
28 56 35 73366 0 0
28 53 36 73370.2 0 0
28 56 35 73374.4 0 0
30 53 35 73378.6 0 0
29 56 35 73382.8 0 0
27 58 35 73387 0 0
26 59 35 73391.2 0 0
27 57 35 73395.4 0 0
26 59 35 73399.7 0 0
28 54 35 73403.9 0 0
27 59 35 73408.7 0 0
27 54 35 73412.9 0 0
28 55 35 73417.1 0 0
27 57 34 73421.3 0 0
28 52 35 73425.5 0 0
27 53 35 73429.8 0 0
28 52 35 73434 0 0
26 52 34 73438.2 0 0
26 54 35 73442.4 0 0
27 55 36 73446.7 0 0
28 56 35 73450.9 0 0
28 52 35 73455.1 0 0
27 53 35 73459.4 0 0
26 53 36 73463.7 0 0
27 55 35 73467.9 0 0
26 58 35 73472.1 0 0
26 52 36 73476.4 0 0
26 49 35 73480.6 0 0
25 55 35 73484.8 0 0
27 55 35 73489 0 0
27 53 35 73493.2 0 0
25 53 35 73497.4 0 0
27 56 36 73501.6 0 0
29 52 35 73505.8 0 0
27 51 35 73510 0 0
24 55 35 73514.2 0 0
23 56 36 73518.4 0 0
26 54 35 73522.6 0 0
26 56 35 73526.9 0 0
25 50 35 73531.1 0 0
26 51 35 73535.3 0 0
26 53 35 73539.5 0 0
26 53 35 73543.7 0 0
29 53 35 73547.9 0 0
27 51 35 73552.2 0 0
28 54 35 73556.4 0 0
24 53 35 73560.6 0 0
27 55 35 73564.8 0 0
25 54 35 73569 0 0
27 52 35 73573.2 0 0
26 54 35 73577.4 0 0
25 52 35 73581.7 0 0
27 53 35 73585.9 0 0
24 53 35 73590.1 0 0
27 56 35 73594.3 0 0
29 53 35 73598.5 0 0
25 53 35 73602.7 0 0
26 49 35 73606.9 0 0
27 53 35 73611.1 0 0
26 56 35 73615.4 0 0
25 51 35 73619.6 0 0
27 51 36 73624.2 0 0
27 54 36 73628.4 0 0
24 56 35 73632.6 0 0
27 53 35 73636.8 0 0
25 50 35 73641 0 0
27 55 35 73645.2 0 0
26 52 35 73649.4 0 0
24 53 35 73653.7 0 0
26 52 36 73657.9 0 0
26 51 35 73662.1 0 0
26 51 0 73666.3 0 0
27 53 35 73670.5 0 0
25 50 36 73674.7 0 0
26 51 35 73678.9 0 0
25 49 36 73683.2 0 0
26 53 35 73687.4 0 0
26 51 35 73691.6 0 0
25 53 35 73695.8 0 0
25 54 35 73700 0 0
25 51 36 73704.2 0 0
25 53 36 73708.4 0 0
29 53 35 73712.6 0 0
27 52 36 73716.9 0 0
27 54 35 73721.3 0 0
26 51 36 73725.5 0 0
27 50 36 73729.8 0 0
26 51 35 73733.9 0 0
27 52 36 73738.1 0 0
26 52 35 73742.4 0 0
25 49 35 73746.6 0 0
27 50 35 73750.8 0 0
26 52 35 73755 0 0
28 49 36 73759.2 0 0
27 50 36 73763.4 0 0
28 51 36 73767.6 0 0
27 55 35 73771.8 0 0
27 57 35 73776 0 0
26 61 35 73780.3 0 0
27 62 0 73784.5 0 0
26 63 36 73788.7 0 0
25 79 35 73792.9 0 0
25 79 0 73797.1 0 0
25 79 0 73801.3 0 0
25 79 0 73805.5 0 0
25 79 0 73809.8 0 0
25 79 0 73814 0 0
25 79 0 73818.2 0 0
25 79 0 73822.4 0 0
25 79 0 73826.6 0 0
25 79 0 73830.8 0 0
25 79 0 73835 0 0
25 79 0 73839.2 0 0
25 79 0 73843.4 0 0
25 79 0 73847.7 0 0
25 79 0 73851.9 0 0
25 79 0 73856.1 0 0
25 79 0 73860.3 0 0
25 79 0 73864.5 0 0
25 79 0 73868.7 0 0
25 79 0 73872.9 0 0
25 79 0 73877.1 0 0
25 79 0 73881.3 0 0
25 79 0 73885.6 0 0
25 79 0 73889.8 0 0
25 79 0 73894 0 0
25 79 0 73898.2 0 0
25 79 0 73902.4 0 0
25 74 34 73906.7 0 0
26 71 35 73910.9 0 0
29 61 36 73915.1 0 0
28 55 36 73919.3 0 0
30 52 36 73923.5 0 0
30 49 36 73927.7 0 0
29 49 36 73931.9 0 0
29 49 36 73936.1 0 0
30 49 36 73940.4 0 0
30 50 36 73944.6 0 0
31 48 36 73948.8 0 0
29 51 36 73953 0 0
30 49 36 73957.2 0 0
31 47 36 73961.4 0 0
29 48 36 73965.6 0 0
29 48 0 73969.8 0 0
30 47 36 73974 0 0
29 44 37 73978.2 0 0
29 44 0 73982.4 0 0
31 48 36 73986.6 0 0
29 48 36 73990.9 0 0
29 48 0 73995.1 0 0
31 48 36 73999.3 0 0
30 49 36 74003.5 0 0
30 49 0 74007.7 0 0
31 49 36 74011.9 0 0
30 47 37 74016.1 0 0
27 50 36 74020.4 0 0
28 48 36 74024.6 0 0
29 48 37 74028.9 0 0
30 50 36 74033.1 0 0
28 48 36 74037.3 0 0
29 44 36 74041.5 0 0
28 46 36 74045.7 0 0
31 45 37 74050.1 0 0
30 48 37 74054.4 0 0
30 48 37 74058.6 0 0
28 50 37 74062.8 0 0
28 50 0 74067 0 0
28 50 0 74071.2 0 0
27 49 37 74075.4 0 0
30 50 37 74079.6 0 0
29 48 37 74083.8 0 0
28 49 37 74088.1 0 0
29 47 37 74092.3 0 0
29 47 0 74096.5 0 0
29 47 0 74100.7 0 0
29 47 0 74104.9 0 0
28 46 37 74109.1 0 0
28 46 0 74113.4 0 0
26 50 37 74120.3 0 0
26 50 0 74124.5 0 0
29 50 37 74128.8 0 0
28 49 37 74132.9 0 0
27 51 37 74137.2 0 0
28 50 37 74141.4 0 0
29 48 37 74145.6 0 0
28 46 37 74149.8 0 0
29 48 37 74154 0 0
28 49 37 74158.2 0 0
28 48 37 74162.4 0 0
30 46 37 74166.6 0 0
28 48 37 74170.8 0 0
29 47 37 74175.1 0 0
28 49 37 74179.3 0 0
28 45 37 74183.5 0 0
30 47 37 74187.8 0 0
31 46 37 74192 0 0
32 48 37 74196.2 0 0
28 49 37 74200.4 0 0
27 45 37 74204.6 0 0
29 49 37 74208.8 0 0
27 48 37 74213 0 0
27 49 37 74217.2 0 0
26 47 37 74221.9 0 0
24 68 38 74226.1 0 0
30 48 37 74232.9 0 0
30 48 0 74237.1 0 0
28 46 38 74241.3 0 0
28 46 0 74245.5 0 0
29 49 37 74249.8 0 0
29 47 37 74253.9 0 0
29 48 37 74258.2 0 0
29 46 37 74262.4 0 0
31 47 37 74266.6 0 0
29 49 37 74270.8 0 0
26 49 37 74275 0 0
29 47 37 74279.2 0 0
29 48 37 74283.4 0 0
30 50 37 74287.6 0 0
28 53 37 74291.8 0 0
26 51 37 74296 0 0
27 47 38 74300.3 0 0
25 45 37 74304.5 0 0
29 49 37 74308.7 0 0
27 52 37 74312.9 0 0
28 47 38 74320.1 0 0
28 51 37 74328.3 0 0
27 46 38 74336.6 0 0
29 50 38 74345.1 0 0
29 48 37 74353.3 0 0
28 45 38 74361.6 0 0
28 45 38 74370.1 0 0
29 46 38 74378.1 0 0
25 45 38 74382.3 0 0
28 50 38 74386.6 0 0
28 46 38 74390.8 0 0
26 46 38 74395.1 0 0
27 47 38 74399.4 0 0
27 47 0 74403.6 0 0
27 48 38 74408 0 0
27 45 38 74412.2 0 0
28 48 38 74416.4 0 0
27 47 38 74420.6 0 0
27 50 38 74424.8 0 0
30 48 38 74429.1 0 0
29 44 38 74433.3 0 0
28 45 39 74437.9 0 0
29 48 38 74442.1 0 0
29 48 0 74449 0 0
32 47 38 74453.2 0 0
30 49 38 74457.4 0 0
30 49 0 74461.6 0 0
29 50 38 74465.8 0 0
27 47 38 74470 0 0
27 47 0 74474.3 0 0
27 47 0 74478.5 0 0
27 47 0 74482.7 0 0
30 51 39 74486.9 0 0
31 50 38 74491.1 0 0
29 49 38 74495.3 0 0
29 50 38 74499.6 0 0
27 52 39 74503.8 0 0
28 50 38 74508 0 0
30 49 38 74512.2 0 0
27 47 38 74516.4 0 0
29 48 38 74520.6 0 0
27 47 38 74524.8 0 0
29 50 38 74529 0 0
29 47 39 74533.3 0 0
28 49 39 74537.5 0 0
27 50 38 74541.7 0 0
28 50 38 74545.9 0 0
28 49 39 74550.1 0 0
30 47 38 74554.4 0 0
28 50 39 74558.6 0 0
29 47 38 74562.8 0 0
29 48 39 74567 0 0
27 51 39 74571.2 0 0
29 49 38 74578.1 0 0
28 48 39 74582.3 0 0
28 49 39 74586.6 0 0
30 49 39 74590.8 0 0
28 50 39 74595.1 0 0
28 50 0 74599.3 0 0
29 49 39 74603.5 0 0
29 48 38 74607.7 0 0
28 49 38 74611.9 0 0
28 50 38 74616.1 0 0
28 50 0 74620.3 0 0
27 50 39 74624.5 0 0
29 49 38 74628.7 0 0
28 44 38 74632.9 0 0
30 49 38 74637.1 0 0
30 48 39 74641.3 0 0
31 49 39 74645.6 0 0
31 50 39 74649.9 0 0
29 47 38 74654.1 0 0
30 50 38 74658.3 0 0
30 49 39 74662.5 0 0
29 49 38 74666.7 0 0
29 49 38 74670.9 0 0
31 50 39 74675.2 0 0
30 51 39 74679.4 0 0
30 51 39 74683.6 0 0
28 51 39 74690.5 0 0
29 49 38 74694.8 0 0
30 51 38 74699 0 0
28 52 38 74703.2 0 0
31 46 38 74707.4 0 0
29 49 39 74711.6 0 0
29 49 39 74715.8 0 0
28 52 39 74720 0 0
28 52 0 74724.2 0 0
29 50 38 74728.4 0 0
28 46 38 74732.7 0 0
28 52 38 74736.9 0 0
30 53 39 74741.1 0 0
28 48 38 74745.3 0 0
29 49 38 74749.5 0 0
29 50 38 74753.8 0 0
27 49 38 74757.9 0 0
29 47 38 74762.1 0 0
32 48 38 74766.4 0 0
30 49 38 74770.6 0 0
30 49 38 74774.8 0 0
30 47 38 74779 0 0
28 49 39 74783.2 0 0
30 50 38 74787.4 0 0
28 51 38 74791.6 0 0
28 50 38 74795.8 0 0
31 50 39 74800.1 0 0
29 50 38 74804.3 0 0
29 50 38 74808.6 0 0
29 50 38 74812.8 0 0
29 51 38 74817 0 0
29 48 38 74821.2 0 0
30 50 38 74825.4 0 0
28 49 38 74829.6 0 0
30 49 38 74833.8 0 0
29 51 38 74838 0 0
29 51 38 74842.2 0 0
28 49 38 74846.4 0 0
30 48 38 74850.7 0 0
30 52 38 74854.9 0 0
30 49 38 74859.1 0 0
30 50 38 74863.3 0 0
29 50 38 74867.5 0 0
31 52 38 74871.7 0 0
31 49 38 74875.9 0 0
30 51 38 74880.1 0 0
30 46 38 74884.4 0 0
31 51 38 74888.6 0 0
31 51 38 74892.8 0 0
29 50 38 74897 0 0
32 48 38 74901.2 0 0
29 49 38 74905.4 0 0
31 50 38 74909.7 0 0
32 47 38 74913.9 0 0
29 49 38 74918.1 0 0
30 52 39 74922.3 0 0
29 50 39 74926.5 0 0
31 52 38 74930.7 0 0
30 50 38 74934.9 0 0
29 47 39 74939.2 0 0
30 50 38 74943.4 0 0
31 51 38 74947.6 0 0
30 53 38 74951.8 0 0
31 50 38 74956 0 0
31 50 0 74960.2 0 0
32 50 38 74964.4 0 0
31 50 38 74968.6 0 0
32 51 38 74972.9 0 0
31 50 38 74977.1 0 0
31 50 38 74981.3 0 0
31 51 38 74985.5 0 0
29 48 38 74989.7 0 0
28 50 38 74993.9 0 0
31 48 38 74998.2 0 0
30 53 38 75002.4 0 0
29 49 38 75006.6 0 0
29 49 0 75010.8 0 0
30 51 38 75015 0 0
33 52 38 75019.2 0 0
30 53 38 75023.4 0 0
29 62 38 75027.7 0 0
28 78 38 75031.9 0 0
27 91 38 75036.2 0 0
25 107 38 75040.4 0 0
26 118 38 75044.6 0 0
28 143 38 75048.8 0 0
32 160 38 75062.2 0 0
33 176 38 75066.4 0 0
31 202 38 75070.6 0 0
33 201 38 75074.8 0 0
32 199 38 75079 0 0
35 197 38 75083.2 0 0
33 195 38 75087.4 0 0
30 198 38 75091.7 0 0
33 197 37 75095.9 0 0
29 193 37 75100.1 0 0
33 196 37 75104.3 0 0
33 199 38 75108.5 0 0
31 198 38 75112.7 0 0
31 195 37 75116.9 0 0
30 197 38 75121.2 0 0
31 197 38 75125.4 0 0
30 195 38 75129.6 0 0
32 194 38 75133.8 0 0
32 196 38 75138 0 0
29 196 37 75142.2 0 0
33 195 37 75146.4 0 0
28 192 38 75150.6 0 0
30 186 37 75154.9 0 0
33 178 38 75159.1 0 0
35 171 38 75163.3 0 0
37 164 37 75167.5 0 0
35 175 37 75171.7 0 0
33 179 37 75175.9 0 0
33 176 37 75180.1 0 0
31 177 37 75184.3 0 0
35 175 37 75188.6 0 0
33 174 38 75192.8 0 0
35 174 37 75197 0 0
34 170 37 75201.2 0 0
34 174 38 75205.4 0 0
34 175 37 75209.7 0 0
34 176 38 75214 0 0
32 174 38 75218.2 0 0
34 172 38 75222.6 0 0
33 173 38 75226.8 0 0
34 170 37 75231.1 0 0
35 175 37 75235.2 0 0
33 174 37 75239.5 0 0
34 172 37 75243.7 0 0
34 171 38 75247.9 0 0
34 173 37 75252.1 0 0
34 177 37 75256.3 0 0
34 175 37 75260.5 0 0
32 177 37 75264.7 0 0
36 176 37 75268.9 0 0
34 178 38 75273.2 0 0
36 177 37 75277.4 0 0
35 174 37 75281.6 0 0
33 176 37 75285.9 0 0
35 180 37 75290.1 0 0
35 178 37 75294.3 0 0
35 177 37 75298.5 0 0
36 173 37 75302.7 0 0
33 173 37 75306.9 0 0
33 171 37 75311.1 0 0
37 175 37 75315.4 0 0
35 174 37 75319.6 0 0
34 174 37 75323.8 0 0
33 173 37 75328 0 0
33 175 37 75332.3 0 0
33 174 37 75336.5 0 0
35 179 37 75340.7 0 0
33 175 37 75344.9 0 0
35 176 37 75349.1 0 0
34 179 37 75353.3 0 0
33 173 37 75357.5 0 0
35 178 37 75361.7 0 0
35 179 37 75366 0 0
34 173 37 75370.2 0 0
36 179 37 75374.4 0 0
36 176 37 75378.6 0 0
33 175 37 75382.8 0 0
34 177 37 75387 0 0
34 176 36 75391.2 0 0
34 173 37 75395.4 0 0
35 173 37 75402.3 0 0
36 176 36 75407.1 0 0
34 179 37 75411.3 0 0
34 176 37 75415.5 0 0
35 176 37 75419.7 0 0
36 175 37 75423.9 0 0
34 173 37 75428.1 0 0
35 175 37 75432.3 0 0
34 178 36 75436.6 0 0
36 174 37 75440.8 0 0
33 175 36 75445 0 0
34 175 36 75449.2 0 0
33 178 37 75453.4 0 0
35 180 37 75458.1 0 0
35 178 36 75462.3 0 0
34 178 37 75468.9 0 0
34 172 37 75473.2 0 0
34 176 36 75477.4 0 0
33 176 36 75481.6 0 0
36 171 36 75485.8 0 0
33 174 36 75490 0 0
35 174 37 75494.2 0 0
32 176 36 75498.5 0 0
33 168 36 75502.7 0 0
35 177 36 75506.9 0 0
33 171 36 75511.1 0 0
33 172 36 75515.3 0 0
38 172 36 75519.6 0 0
36 173 36 75523.8 0 0
36 173 36 75528 0 0
33 169 36 75532.3 0 0
32 174 36 75536.5 0 0
35 170 36 75540.7 0 0
37 174 36 75544.9 0 0
36 173 35 75549.1 0 0
37 177 35 75553.3 0 0
34 175 36 75557.5 0 0
36 174 36 75561.7 0 0
36 172 36 75568.9 0 0
36 172 35 75577.3 0 0
33 172 35 75585.6 0 0
37 178 35 75593.8 0 0
35 173 35 75602.3 0 0
34 172 35 75610.6 0 0
34 172 35 75618.8 0 0
36 173 36 75627.1 0 0
36 173 36 75635.5 0 0
34 177 35 75643.7 0 0
34 175 35 75647.9 0 0
34 179 35 75652.2 0 0
34 176 35 75656.5 0 0
36 175 35 75660.7 0 0
37 175 35 75664.9 0 0
34 175 35 75669.1 0 0
33 171 35 75673.3 0 0
38 176 35 75677.5 0 0
34 171 35 75681.7 0 0
35 173 35 75685.9 0 0
34 174 35 75690.2 0 0
33 170 35 75694.4 0 0
33 175 35 75698.6 0 0
36 169 35 75702.8 0 0
37 172 35 75707 0 0
34 174 35 75711.2 0 0
35 171 36 75715.4 0 0
35 171 35 75719.6 0 0
33 174 36 75723.8 0 0
34 173 35 75728 0 0
35 173 35 75732.2 0 0
35 178 35 75736.4 0 0
35 174 35 75740.6 0 0
36 172 35 75744.9 0 0
35 169 35 75749.1 0 0
35 179 35 75753.3 0 0
34 173 35 75760.4 0 0
36 179 35 75764.6 0 0
36 170 35 75768.9 0 0
35 174 35 75773.1 0 0
35 177 35 75777.3 0 0
33 173 36 75781.5 0 0
36 175 35 75785.7 0 0
36 173 35 75789.9 0 0
33 174 36 75794.1 0 0
34 177 35 75798.3 0 0
36 173 36 75802.6 0 0
35 176 35 75806.8 0 0
34 174 35 75811 0 0
35 173 35 75815.2 0 0
37 174 35 75819.4 0 0
34 176 35 75823.6 0 0
34 172 35 75827.8 0 0
35 176 36 75832 0 0
33 177 36 75836.3 0 0
34 178 35 75840.5 0 0
36 166 36 75844.7 0 0
34 175 35 75848.9 0 0
34 177 35 75853.1 0 0
36 178 36 75857.3 0 0
34 179 35 75861.5 0 0
33 177 36 75865.8 0 0
32 172 36 75870 0 0
35 170 36 75876.8 0 0
33 176 35 75881.1 0 0
34 173 36 75885.3 0 0
34 173 35 75889.6 0 0
34 172 35 75893.8 0 0
36 174 36 75898.1 0 0
36 176 36 75902.3 0 0
35 173 36 75906.6 0 0
34 173 36 75910.9 0 0
34 173 35 75915.1 0 0
37 172 36 75919.3 0 0
32 171 35 75923.4 0 0
33 177 36 75927.7 0 0
36 175 36 75931.9 0 0
35 171 36 75936.7 0 0
34 175 36 75940.9 0 0
34 172 36 75947.7 0 0
36 169 35 75951.9 0 0
34 170 36 75956.2 0 0
36 172 36 75960.4 0 0
35 174 36 75964.6 0 0
37 171 36 75968.8 0 0
33 177 36 75973.3 0 0
33 175 36 75977.5 0 0
34 170 36 75981.7 0 0
34 170 36 75985.9 0 0
34 172 36 75990.1 0 0
34 177 36 75994.3 0 0
35 174 36 75998.5 0 0
34 173 36 76002.8 0 0
35 172 36 76007 0 0
38 164 36 76011.2 0 0
48 144 36 76015.4 0 0
54 127 37 76019.6 0 0
67 106 37 76023.8 0 0
68 97 37 76030.9 0 0
77 91 38 76035.1 0 0
76 85 38 76039.3 0 0
79 77 38 76043.5 0 0
84 70 38 76047.7 0 0
82 64 39 76051.9 0 0
82 57 38 76056.1 0 0
81 58 38 76060.4 0 0
83 58 39 76064.6 0 0
82 55 38 76068.8 0 0
78 34 38 76073 0 0
79 32 38 76077.2 0 0
77 31 38 76081.4 0 0
76 31 38 76085.6 0 0
78 31 38 76089.8 0 0
81 57 38 76094 0 0
78 30 38 76098.2 0 0
76 34 38 76102.4 0 0
77 38 38 76106.7 0 0
78 34 38 76110.9 0 0
79 32 38 76115.1 0 0
83 58 39 76119.3 0 0
74 35 38 76123.5 0 0
75 32 38 76127.7 0 0
75 32 0 76131.9 0 0
78 56 38 76136.1 0 0
81 57 38 76140.4 0 0
77 33 38 76144.6 0 0
77 36 38 76148.8 0 0
77 36 38 76153 0 0
76 33 38 76159.3 0 0
79 57 38 76163.5 0 0
80 56 38 76167.7 0 0
81 55 38 76171.9 0 0
76 35 39 76176.1 0 0
78 32 39 76180.3 0 0
76 37 38 76184.6 0 0
77 33 38 76188.8 0 0
78 57 38 76193 0 0
76 33 38 76197.2 0 0
78 33 38 76201.4 0 0
76 36 38 76205.6 0 0
81 55 38 76209.8 0 0
79 54 39 76214 0 0
77 32 39 76218.2 0 0
77 35 38 76222.5 0 0
76 36 39 76226.7 0 0
77 33 39 76230.9 0 0
81 55 39 76235.1 0 0
80 56 38 76239.3 0 0
81 55 39 76243.5 0 0
78 54 39 76247.7 0 0
82 55 38 76251.9 0 0
81 56 38 76256.1 0 0
82 56 38 76260.3 0 0
79 53 38 76264.6 0 0
81 55 38 76268.8 0 0
78 54 38 76273 0 0
80 56 39 76277.2 0 0
80 53 38 76281.4 0 0
74 35 39 76285.6 0 0
77 30 39 76289.9 0 0
76 32 38 76294.1 0 0
76 34 39 76298.3 0 0
75 33 38 76302.5 0 0
75 34 38 76306.7 0 0
77 34 39 76310.9 0 0
79 53 38 76315.1 0 0
78 54 38 76319.3 0 0
79 56 39 76323.6 0 0
77 32 39 76327.7 0 0
75 37 38 76331.9 0 0
77 33 39 76336.2 0 0
74 34 38 76340.4 0 0
74 31 39 76344.6 0 0
76 54 39 76348.8 0 0
80 54 39 76353 0 0
79 56 38 76357.2 0 0
82 54 39 76361.4 0 0
79 58 39 76365.6 0 0
82 58 39 76369.9 0 0
81 57 39 76374.1 0 0
80 59 39 76378.3 0 0
76 37 38 76382.5 0 0
77 37 38 76386.7 0 0
80 54 38 76390.9 0 0
79 53 39 76395.2 0 0
78 53 38 76399.4 0 0
79 55 38 76403.6 0 0
76 35 39 76407.8 0 0
75 35 38 76412 0 0
79 55 39 76416.2 0 0
82 52 38 76420.4 0 0
79 54 38 76424.6 0 0
80 57 38 76428.8 0 0
76 36 39 76433.1 0 0
76 37 39 76437.3 0 0
76 39 39 76441.5 0 0
83 55 39 76445.7 0 0
80 54 39 76449.9 0 0
81 54 39 76454.1 0 0
81 55 38 76458.3 0 0
80 55 39 76462.6 0 0
76 33 39 76466.8 0 0
76 39 38 76471 0 0
77 31 39 76475.2 0 0
81 52 39 76479.4 0 0
81 56 39 76483.6 0 0
81 55 39 76487.9 0 0
78 30 39 76492.1 0 0
77 35 38 76496.3 0 0
75 29 38 76500.5 0 0
74 28 38 76504.7 0 0
74 26 38 76508.9 0 0
76 29 38 76513.1 0 0
77 27 38 76517.3 0 0
77 28 39 76521.6 0 0
76 27 38 76525.8 0 0
76 29 38 76530.4 0 0
76 30 38 76534.6 0 0
77 29 39 76538.9 0 0
75 33 38 76543.1 0 0
76 33 38 76547.3 0 0
75 28 38 76551.5 0 0
77 29 38 76555.7 0 0
75 27 38 76559.9 0 0
75 28 38 76564.1 0 0
74 26 39 76568.4 0 0
75 27 38 76572.6 0 0
74 30 38 76576.8 0 0
76 31 38 76581 0 0
74 27 38 76585.2 0 0
76 28 38 76589.4 0 0
75 28 39 76593.6 0 0
73 26 38 76597.8 0 0
74 30 38 76602.1 0 0
74 30 38 76606.2 0 0
75 28 38 76610.4 0 0
75 30 38 76614.7 0 0
76 29 38 76618.9 0 0
74 29 38 76623.1 0 0
75 29 38 76627.3 0 0
75 28 38 76631.5 0 0
75 32 38 76635.7 0 0
76 33 38 76640 0 0
74 33 38 76644.2 0 0
75 30 38 76648.4 0 0
75 32 38 76652.6 0 0
76 33 38 76656.8 0 0
76 30 38 76661.1 0 0
75 34 38 76665.2 0 0
75 28 38 76669.5 0 0
75 31 38 76673.7 0 0
75 29 38 76677.9 0 0
74 32 38 76682.1 0 0
75 33 38 76686.6 0 0
74 29 38 76690.8 0 0
74 30 38 76695 0 0
76 30 38 76699.2 0 0
73 28 38 76703.4 0 0
77 26 38 76707.6 0 0
75 26 38 76712 0 0
74 26 39 76716.7 0 0
76 28 38 76720.9 0 0
75 29 38 76725.3 0 0
76 28 39 76729.5 0 0
75 29 38 76733.7 0 0
74 29 39 76737.9 0 0
76 30 38 76742.1 0 0
76 30 38 76746.4 0 0
75 29 38 76750.6 0 0
74 30 38 76754.8 0 0
73 32 38 76759 0 0
76 30 38 76763.2 0 0
77 31 38 76767.4 0 0
77 28 38 76771.6 0 0
74 34 38 76775.9 0 0
73 30 38 76780.4 0 0
75 29 38 76784.6 0 0
75 27 38 76788.8 0 0
75 30 38 76793 0 0
77 31 38 76797.2 0 0
74 30 38 76801.4 0 0
75 29 38 76805.6 0 0
76 31 38 76809.8 0 0
75 28 38 76814.1 0 0
76 33 38 76818.3 0 0
74 27 38 76822.5 0 0
76 29 38 76826.7 0 0
74 28 38 76830.9 0 0
73 30 38 76835.1 0 0
75 32 38 76839.3 0 0
77 31 38 76843.5 0 0
76 33 38 76847.7 0 0
75 31 38 76851.9 0 0
75 27 38 76856.1 0 0
75 30 38 76860.3 0 0
75 31 38 76864.6 0 0
75 32 38 76868.8 0 0
75 31 38 76873 0 0
76 30 38 76877.2 0 0
73 30 38 76881.4 0 0
74 33 38 76885.6 0 0
74 32 38 76889.8 0 0
74 31 38 76894 0 0
75 30 38 76900.8 0 0
75 30 38 76905.1 0 0
76 29 39 76909.3 0 0
76 28 38 76913.5 0 0
75 28 38 76917.7 0 0
74 31 38 76921.9 0 0
76 28 38 76926.1 0 0
75 31 38 76930.4 0 0
76 33 38 76934.6 0 0
73 33 38 76938.8 0 0
75 31 38 76943 0 0
74 31 38 76947.2 0 0
75 33 38 76951.4 0 0
75 28 38 76955.6 0 0
74 31 38 76959.8 0 0
76 30 38 76964 0 0
78 30 38 76968.2 0 0
73 29 38 76972.6 0 0
74 28 38 76976.8 0 0
75 31 38 76981 0 0
75 32 38 76985.2 0 0
75 27 38 76989.4 0 0
74 32 38 76993.6 0 0
75 28 38 76997.9 0 0
75 31 38 77002.1 0 0
75 27 38 77006.3 0 0
76 29 38 77013.2 0 0
74 30 38 77017.4 0 0
76 29 38 77021.7 0 0
76 28 38 77025.9 0 0
75 29 38 77030.2 0 0
76 29 39 77034.4 0 0
76 29 38 77038.6 0 0
76 28 38 77042.8 0 0
74 31 38 77058.4 0 0
75 31 38 77062.6 0 0
75 31 38 77067.4 0 0
74 31 38 77071.6 0 0
75 27 38 77075.9 0 0
74 31 39 77080.1 0 0
75 30 38 77084.3 0 0
74 31 38 77088.5 0 0
76 28 38 77092.9 0 0
73 29 39 77097.1 0 0
74 31 38 77101.3 0 0
75 30 38 77105.5 0 0
74 29 39 77109.7 0 0
74 27 38 77113.9 0 0
75 28 39 77118.2 0 0
75 31 39 77122.4 0 0
75 30 38 77126.6 0 0
74 30 38 77130.8 0 0
73 31 38 77135 0 0
75 32 38 77139.2 0 0
75 32 39 77143.4 0 0
76 31 39 77147.7 0 0
76 29 38 77151.9 0 0
76 31 38 77159 0 0
76 31 38 77167.5 0 0
76 31 39 77174.9 0 0
75 29 38 77179.1 0 0
75 29 38 77184 0 0
75 32 38 77188.2 0 0
76 27 39 77192.4 0 0
76 30 38 77196.6 0 0
75 31 38 77200.8 0 0
77 30 39 77205 0 0
74 31 39 77209.3 0 0
74 30 39 77213.6 0 0
76 29 38 77217.8 0 0
75 29 39 77222 0 0
75 30 38 77226.2 0 0
75 30 39 77230.4 0 0
75 29 39 77234.6 0 0
76 28 39 77238.8 0 0
77 30 39 77243 0 0
76 29 38 77247.2 0 0
77 29 39 77251.5 0 0
75 29 39 77255.7 0 0
76 30 39 77259.9 0 0
74 32 38 77264.1 0 0
74 30 38 77268.3 0 0
74 30 39 77272.5 0 0
74 32 39 77276.7 0 0
75 35 39 77281 0 0
74 37 39 77285.2 0 0
74 37 39 77292.1 0 0
80 71 39 77299.9 0 0
78 93 38 77304.1 0 0
81 104 38 77308.9 0 0
81 113 38 77313.1 0 0
77 127 38 77317.3 0 0
78 140 39 77321.5 0 0
77 161 38 77325.7 0 0
78 169 38 77329.9 0 0
74 184 37 77334.1 0 0
77 186 37 77338.4 0 0
76 187 37 77343 0 0
75 186 37 77347.2 0 0
79 182 37 77351.4 0 0
77 183 38 77355.6 0 0
76 188 37 77359.8 0 0
80 182 38 77364 0 0
79 185 38 77368.2 0 0
80 183 37 77372.5 0 0
78 185 37 77376.7 0 0
79 183 38 77380.9 0 0
76 183 38 77385.1 0 0
76 187 38 77392.3 0 0
78 184 38 77396.5 0 0
77 187 37 77400.7 0 0
79 188 38 77404.9 0 0
76 183 38 77409.1 0 0
78 185 38 77413.3 0 0
78 185 38 77417.5 0 0
78 189 37 77421.7 0 0
77 189 38 77425.9 0 0
77 187 38 77430.2 0 0
74 188 38 77434.4 0 0
77 185 37 77438.6 0 0
79 186 37 77442.8 0 0
78 187 38 77447 0 0
75 185 38 77451.2 0 0
78 186 38 77455.4 0 0
79 185 38 77459.6 0 0
74 185 38 77463.9 0 0
76 190 38 77468.1 0 0
77 188 38 77472.4 0 0
76 183 38 77476.6 0 0
76 183 38 77480.8 0 0
77 183 37 77487.4 0 0
77 185 38 77491.6 0 0
79 184 38 77496.2 0 0
76 186 38 77500.4 0 0
78 189 38 77504.6 0 0
79 187 38 77508.8 0 0
77 186 38 77513.1 0 0
78 185 38 77517.2 0 0
75 190 38 77521.5 0 0
76 183 38 77525.7 0 0
77 189 38 77529.9 0 0
75 186 38 77534.1 0 0
78 187 38 77538.4 0 0
79 187 37 77542.6 0 0
77 187 38 77546.8 0 0
77 188 38 77551 0 0
77 187 39 77555.2 0 0
74 192 38 77559.4 0 0
77 185 38 77563.6 0 0
76 190 38 77567.8 0 0
75 189 38 77572 0 0
75 189 38 77576.2 0 0
78 189 38 77580.4 0 0
75 193 38 77584.7 0 0
77 184 38 77588.9 0 0
80 190 38 77593.1 0 0
75 191 38 77597.3 0 0
74 197 38 77601.5 0 0
74 197 38 77605.7 0 0
73 205 38 77612.4 0 0
74 210 37 77616.6 0 0
73 211 38 77620.9 0 0
72 212 37 77625.1 0 0
73 208 38 77629.4 0 0
73 208 38 77633.6 0 0
76 204 38 77637.8 0 0
75 209 37 77642 0 0
76 208 38 77646.2 0 0
75 210 37 77650.4 0 0
76 208 37 77654.7 0 0
72 213 38 77658.9 0 0
73 207 37 77663.1 0 0
76 209 37 77667.3 0 0
72 211 38 77671.5 0 0
71 213 37 77675.7 0 0
70 209 37 77679.9 0 0
74 209 37 77684.2 0 0
77 206 37 77688.4 0 0
72 206 37 77692.6 0 0
74 207 37 77696.8 0 0
75 212 37 77701 0 0
75 208 36 77705.2 0 0
73 213 38 77709.4 0 0
75 208 38 77713.7 0 0
72 211 37 77717.9 0 0
78 211 37 77722.2 0 0
73 208 37 77726.4 0 0
73 207 37 77730.6 0 0
71 214 37 77734.8 0 0
71 211 37 77739 0 0
73 210 37 77743.2 0 0
73 210 37 77747.5 0 0
69 218 36 77753.1 0 0
73 217 37 77757.3 0 0
72 217 36 77761.5 0 0
72 219 37 77765.7 0 0
66 220 37 77769.9 0 0
68 221 37 77774.1 0 0
71 216 37 77778.3 0 0
69 227 36 77782.6 0 0
67 226 36 77786.8 0 0
70 220 37 77791 0 0
66 220 37 77795.2 0 0
72 215 36 77799.4 0 0
69 224 37 77803.6 0 0
69 216 36 77807.8 0 0
69 216 0 77812.1 0 0
68 220 37 77816.3 0 0
61 234 36 77820.5 0 0
67 221 36 77824.7 0 0
71 230 36 77828.9 0 0
74 209 36 77837.3 0 0
73 209 37 77841.5 0 0
75 217 36 77845.8 0 0
75 211 37 77849.9 0 0
71 219 37 77854.2 0 0
74 215 36 77858.4 0 0
73 213 37 77862.6 0 0
70 219 36 77866.9 0 0
72 211 36 77871.1 0 0
73 221 37 77875.3 0 0
73 212 37 77879.6 0 0
69 217 36 77883.8 0 0
71 219 36 77887.9 0 0
68 212 36 77892.1 0 0
73 217 37 77896.4 0 0
67 223 36 77900.6 0 0
71 218 37 77904.8 0 0
74 213 36 77909.1 0 0
66 221 35 77913.3 0 0
71 231 35 77917.5 0 0
69 219 36 77921.7 0 0
68 223 35 77925.9 0 0
65 218 34 77930.2 0 0
68 223 35 77934.4 0 0
70 222 36 77938.7 0 0
70 224 34 77942.9 0 0
67 222 36 77947.1 0 0
71 215 35 77951.3 0 0
66 232 36 77955.5 0 0
66 218 36 77959.9 0 0
68 220 35 77964.1 0 0
69 214 36 77968.3 0 0
66 221 36 77972.6 0 0
68 217 36 77976.8 0 0
71 216 36 77981 0 0
70 221 36 77985.2 0 0
66 227 36 77989.4 0 0
64 220 34 77993.6 0 0
64 220 0 77997.8 0 0
68 231 36 78002.1 0 0
70 218 35 78006.3 0 0
73 220 35 78010.5 0 0
70 227 35 78014.7 0 0
73 210 37 78018.9 0 0
74 208 36 78023.1 0 0
74 214 36 78027.4 0 0
77 214 36 78031.6 0 0
71 213 36 78035.8 0 0
73 210 37 78040 0 0
73 212 36 78044.2 0 0
71 213 36 78048.4 0 0
76 209 37 78052.6 0 0
76 209 36 78056.9 0 0
75 212 36 78061.1 0 0
73 214 35 78065.3 0 0
76 210 36 78069.5 0 0
74 212 36 78073.7 0 0
74 214 36 78077.9 0 0
73 207 36 78082.1 0 0
74 213 35 78086.3 0 0
71 216 36 78090.6 0 0
73 209 36 78094.8 0 0
73 214 36 78099 0 0
74 209 35 78103.2 0 0
76 216 36 78107.4 0 0
81 182 35 78111.6 0 0
94 172 36 78115.8 0 0
104 152 35 78120.1 0 0
110 138 37 78124.3 0 0
113 129 37 78128.5 0 0
119 116 37 78132.7 0 0
118 109 38 78136.9 0 0
123 102 38 78141.1 0 0
120 96 37 78145.4 0 0
120 90 37 78149.6 0 0
120 93 37 78153.8 0 0
121 88 37 78158.1 0 0
119 87 37 78162.3 0 0
121 91 37 78166.5 0 0
119 89 37 78170.7 0 0
120 91 37 78174.9 0 0
120 90 37 78179.1 0 0
119 91 37 78183.3 0 0
118 90 37 78187.6 0 0
121 92 37 78191.8 0 0
120 90 37 78196 0 0
119 91 37 78200.2 0 0
122 89 37 78204.4 0 0
118 85 37 78208.6 0 0
120 89 37 78212.9 0 0
121 88 37 78217.1 0 0
121 87 37 78221.4 0 0
121 90 38 78225.6 0 0
122 86 37 78229.8 0 0
119 89 37 78234 0 0
121 88 38 78238.2 0 0
120 89 37 78242.4 0 0
121 91 37 78246.7 0 0
122 87 37 78250.9 0 0
121 90 37 78255.1 0 0
123 87 37 78259.3 0 0
121 87 37 78263.5 0 0
122 90 38 78267.7 0 0
119 88 37 78271.9 0 0
119 90 37 78276.1 0 0
121 89 37 78280.4 0 0
122 90 38 78284.6 0 0
121 88 37 78288.8 0 0
120 88 37 78295.4 0 0
122 87 37 78299.6 0 0
119 87 37 78303.9 0 0
120 88 37 78308.1 0 0
119 91 36 78312.3 0 0
119 87 37 78316.5 0 0
120 87 37 78320.7 0 0
121 88 37 78324.9 0 0
122 89 37 78329.1 0 0
119 86 37 78333.3 0 0
121 86 37 78337.6 0 0
121 86 37 78341.8 0 0
119 89 37 78346 0 0
119 90 37 78350.2 0 0
122 88 37 78354.4 0 0
121 90 36 78358.6 0 0
118 88 37 78362.9 0 0
121 88 37 78367.1 0 0
118 91 37 78371.3 0 0
120 90 37 78375.6 0 0
119 89 37 78379.8 0 0
120 89 36 78384 0 0
120 89 36 78388.2 0 0
121 89 37 78393.7 0 0
121 89 0 78397.9 0 0
119 87 37 78402.1 0 0
120 88 36 78406.3 0 0
120 87 36 78410.6 0 0
122 88 36 78414.8 0 0
119 90 36 78419 0 0
120 91 37 78423.2 0 0
120 86 37 78427.4 0 0
118 92 37 78431.6 0 0
120 88 36 78435.8 0 0
120 88 37 78440 0 0
119 89 36 78444.2 0 0
118 87 36 78448.4 0 0
118 91 36 78452.7 0 0
121 90 36 78456.9 0 0
122 91 36 78461.2 0 0
120 91 36 78465.4 0 0
120 93 37 78469.6 0 0
121 94 36 78473.8 0 0
118 91 36 78478.1 0 0
120 86 36 78482.3 0 0
119 87 36 78486.4 0 0
122 89 36 78490.7 0 0
119 89 37 78494.9 0 0
122 92 36 78499.5 0 0
119 90 36 78503.7 0 0
120 93 37 78507.9 0 0
121 90 36 78512.1 0 0
119 89 36 78516.3 0 0
123 89 36 78520.5 0 0
120 90 36 78524.8 0 0
121 91 36 78529 0 0
122 90 36 78533.2 0 0
119 90 36 78537.4 0 0
121 94 36 78541.6 0 0
122 91 37 78545.8 0 0
120 88 36 78550.1 0 0
120 91 37 78554.4 0 0
122 91 36 78558.6 0 0
119 91 37 78562.8 0 0
123 92 36 78567 0 0
122 89 36 78571.2 0 0
122 92 36 78575.4 0 0
121 95 36 78579.6 0 0
122 92 36 78583.8 0 0
121 93 36 78588.1 0 0
121 91 36 78592.3 0 0
119 91 36 78596.5 0 0
120 93 36 78600.7 0 0
121 94 36 78604.9 0 0
122 90 36 78609.1 0 0
121 91 36 78613.3 0 0
120 93 36 78617.6 0 0
121 93 36 78621.8 0 0
122 90 37 78626 0 0
120 93 36 78630.2 0 0
119 92 36 78634.4 0 0
122 94 36 78638.6 0 0
121 92 36 78642.8 0 0
122 90 36 78647.1 0 0
119 91 36 78651.4 0 0
121 91 37 78655.6 0 0
120 93 36 78659.8 0 0
120 93 36 78664.1 0 0
121 94 36 78668.2 0 0
122 91 36 78672.4 0 0
119 95 36 78676.7 0 0
122 89 36 78680.9 0 0
121 96 36 78685.1 0 0
123 96 36 78689.4 0 0
120 92 36 78693.6 0 0
122 92 37 78697.8 0 0
122 92 36 78702 0 0
121 93 36 78706.2 0 0
123 91 36 78710.4 0 0
121 94 36 78714.8 0 0
119 92 36 78719.1 0 0
122 92 37 78723.3 0 0
120 89 36 78727.5 0 0
119 90 37 78731.7 0 0
121 92 36 78735.9 0 0
121 92 36 78740.2 0 0
120 92 37 78744.4 0 0
121 92 37 78748.6 0 0
120 90 37 78752.8 0 0
120 92 37 78757 0 0
122 91 37 78761.2 0 0
119 89 37 78765.4 0 0
118 93 37 78769.6 0 0
121 92 36 78773.8 0 0
119 89 36 78778.1 0 0
121 91 37 78782.3 0 0
120 90 37 78786.5 0 0
121 91 37 78790.7 0 0
123 94 37 78794.9 0 0
118 93 36 78799.1 0 0
120 92 37 78803.4 0 0
122 95 37 78807.6 0 0
120 94 37 78811.8 0 0
119 90 37 78816.1 0 0
121 93 37 78820.2 0 0
121 90 37 78824.4 0 0
120 94 37 78828.6 0 0
122 92 38 78832.9 0 0
120 93 37 78837.1 0 0
120 90 37 78841.3 0 0
117 89 37 78845.5 0 0
118 91 37 78849.7 0 0
121 99 37 78853.9 0 0
126 110 37 78858.1 0 0
127 119 37 78862.3 0 0
127 138 37 78870.8 0 0
127 142 37 78875 0 0
121 161 36 78879.2 0 0
123 157 37 78883.4 0 0
123 157 0 78887.6 0 0
127 151 37 78891.8 0 0
127 154 37 78896.1 0 0
124 152 37 78900.4 0 0
126 157 37 78904.6 0 0
126 157 0 78908.8 0 0
123 157 37 78913 0 0
129 152 37 78919.8 0 0
128 153 37 78924 0 0
128 153 0 78928.3 0 0
126 158 37 78932.5 0 0
127 152 37 78936.7 0 0
126 158 37 78940.9 0 0
126 158 0 78945.1 0 0
124 156 37 78949.3 0 0
124 155 37 78953.5 0 0
126 149 37 78958.1 0 0
128 149 37 78962.3 0 0
127 152 37 78966.5 0 0
129 151 37 78970.8 0 0
127 151 38 78975 0 0
129 155 38 78979.2 0 0
126 152 37 78983.5 0 0
128 151 37 78987.7 0 0
125 151 38 78991.9 0 0
125 151 0 78996.1 0 0
128 151 38 79000.4 0 0
125 152 37 79007.4 0 0
130 152 38 79011.6 0 0
126 152 37 79015.8 0 0
128 152 38 79020.1 0 0
129 151 38 79024.3 0 0
127 154 38 79028.6 0 0
129 151 38 79032.8 0 0
129 149 38 79037.1 0 0
126 152 38 79045.5 0 0
128 149 38 79049.7 0 0
129 150 38 79053.9 0 0
126 151 38 79058.1 0 0
130 150 38 79062.3 0 0
127 151 38 79066.6 0 0
126 152 39 79070.8 0 0
127 152 39 79074.9 0 0
129 149 38 79079.1 0 0
128 149 39 79083.4 0 0
125 150 38 79087.6 0 0
126 154 38 79091.8 0 0
128 150 39 79096 0 0
128 150 0 79103.1 0 0
129 149 38 79107.3 0 0
128 151 39 79111.5 0 0
130 151 39 79115.7 0 0
127 149 38 79119.9 0 0
128 152 39 79124.1 0 0
127 152 38 79128.3 0 0
127 150 38 79132.6 0 0
129 151 38 79136.8 0 0
125 153 39 79141 0 0
127 154 39 79145.2 0 0
123 159 39 79149.4 0 0
120 155 39 79153.7 0 0
118 161 38 79157.9 0 0
118 161 0 79162.1 0 0
118 161 0 79166.3 0 0
118 161 0 79170.5 0 0
118 161 0 79174.7 0 0
118 161 0 79178.9 0 0
118 161 0 79183.1 0 0
118 161 0 79190 0 0
118 161 0 79194.3 0 0
118 161 0 79198.5 0 0
118 161 0 79202.7 0 0
118 161 0 79207.1 0 0
118 161 0 79211.3 0 0
118 161 0 79215.5 0 0
118 161 0 79219.7 0 0
118 161 0 79223.9 0 0
118 161 0 79228.1 0 0
118 161 0 79232.3 0 0
118 161 0 79236.6 0 0
118 161 0 79240.8 0 0
118 161 0 79245 0 0
158 57 39 79249.7 0 0
160 45 39 79253.9 0 0
161 37 40 79258.1 0 0
163 32 39 79262.3 0 0
164 32 40 79266.5 0 0
163 33 40 79270.7 0 0
162 33 40 79275 0 0
162 31 40 79279.2 0 0
165 36 40 79283.4 0 0
164 32 40 79287.6 0 0
166 33 40 79291.8 0 0
166 35 39 79296 0 0
165 36 39 79302.9 0 0
164 35 39 79307.1 0 0
165 40 40 79311.5 0 0
165 35 40 79315.7 0 0
166 36 40 79319.9 0 0
165 35 40 79324.1 0 0
168 35 40 79328.3 0 0
166 40 39 79332.5 0 0
167 39 40 79336.7 0 0
164 37 39 79340.9 0 0
165 40 40 79345.2 0 0
164 38 40 79349.4 0 0
164 43 40 79353.6 0 0
161 44 40 79357.8 0 0
161 44 0 79362 0 0
161 44 40 79366.2 0 0
162 41 39 79370.4 0 0
163 44 40 79374.7 0 0
164 39 40 79378.9 0 0
166 36 40 79383.1 0 0
171 35 40 79387.3 0 0
176 34 40 79391.5 0 0
178 85 40 79395.7 0 0
178 35 39 79399.9 0 0
178 35 39 79404.1 0 0
177 41 40 79409.4 0 0
175 45 39 79413.6 0 0
177 46 39 79417.8 0 0
176 47 39 79422 0 0
175 43 39 79426.2 0 0
175 43 39 79430.4 0 0
175 40 39 79434.7 0 0
178 44 39 79438.9 0 0
179 45 39 79443.1 0 0
178 42 39 79447.3 0 0
177 44 39 79451.5 0 0
179 45 39 79455.7 0 0
178 42 39 79460 0 0
178 46 39 79464.2 0 0
175 41 39 79468.4 0 0
178 46 39 79472.6 0 0
178 44 39 79476.8 0 0
177 41 39 79481.1 0 0
179 44 39 79485.2 0 0
176 45 39 79489.4 0 0
176 49 39 79493.7 0 0
177 46 39 79497.9 0 0
178 50 39 79502.1 0 0
177 48 39 79506.3 0 0
178 47 39 79510.5 0 0
179 48 38 79514.7 0 0
177 44 38 79519.1 0 0
176 49 39 79523.3 0 0
175 49 39 79527.6 0 0
177 48 39 79531.8 0 0
177 47 39 79536 0 0
174 47 38 79540.2 0 0
177 44 38 79544.4 0 0
178 44 39 79548.6 0 0
178 49 38 79552.8 0 0
178 47 39 79557.1 0 0
177 44 38 79561.3 0 0
178 47 38 79565.5 0 0
178 44 38 79569.7 0 0
176 45 38 79573.9 0 0
178 44 38 79578.1 0 0
175 47 38 79582.3 0 0
177 46 38 79586.5 0 0
178 44 39 79590.7 0 0
178 44 38 79595 0 0
179 46 38 79599.2 0 0
177 47 38 79603.4 0 0
177 52 38 79607.6 0 0
178 46 38 79611.8 0 0
177 44 38 79616 0 0
178 47 38 79620.2 0 0
177 43 39 79624.5 0 0
178 45 38 79628.7 0 0
177 48 38 79632.9 0 0
179 48 39 79637.1 0 0
177 46 38 79641.3 0 0
179 47 38 79645.9 0 0
177 48 38 79650.1 0 0
179 47 39 79654.4 0 0
176 48 38 79658.6 0 0
178 47 38 79662.8 0 0
178 46 38 79667.1 0 0
176 46 39 79671.2 0 0
177 49 39 79675.5 0 0
178 46 39 79679.7 0 0
178 46 39 79683.9 0 0
176 48 39 79688.2 0 0
179 48 39 79692.4 0 0
178 46 39 79696.6 0 0
176 50 39 79700.8 0 0
177 48 39 79705 0 0
178 44 38 79709.2 0 0
178 44 0 79713.4 0 0
177 47 39 79717.8 0 0
176 45 39 79722 0 0
177 48 39 79726.2 0 0
179 50 38 79730.4 0 0
179 47 38 79734.6 0 0
175 51 39 79738.8 0 0
176 49 39 79743 0 0
177 47 38 79747.3 0 0
178 47 39 79751.5 0 0
178 51 39 79755.7 0 0
177 47 39 79759.9 0 0
177 50 39 79764.1 0 0
177 49 39 79768.3 0 0
179 46 39 79772.6 0 0
177 45 38 79776.9 0 0
177 48 38 79781.1 0 0
177 48 39 79785.4 0 0
177 46 39 79789.7 0 0
177 47 38 79793.9 0 0
176 44 38 79798.1 0 0
176 48 38 79802.3 0 0
178 49 38 79806.5 0 0
177 50 38 79810.8 0 0
178 48 38 79815 0 0
178 51 38 79819.2 0 0
176 45 38 79823.4 0 0
177 48 39 79827.6 0 0
177 49 39 79831.8 0 0
176 52 38 79836 0 0
178 48 39 79840.3 0 0
176 44 39 79844.5 0 0
178 47 39 79848.7 0 0
178 50 39 79852.9 0 0
175 50 38 79857.1 0 0
177 46 39 79861.3 0 0
178 47 38 79865.5 0 0
177 51 38 79869.8 0 0
177 51 0 79874.6 0 0
178 49 38 79878.8 0 0
178 49 0 79883 0 0
177 49 38 79887.2 0 0
177 45 38 79891.4 0 0
179 48 38 79895.6 0 0
178 51 38 79899.8 0 0
177 50 38 79904.1 0 0
179 49 38 79908.3 0 0
179 49 38 79912.5 0 0
176 48 38 79916.7 0 0
180 48 38 79920.9 0 0
177 46 38 79925.2 0 0
181 39 38 79929.4 0 0
183 22 38 79933.6 0 0
182 24 38 79937.8 0 0
187 26 38 79942.1 0 0
188 23 37 79946.3 0 0
185 12 38 79950.4 0 0
185 14 38 79954.7 0 0
182 23 38 79958.9 0 0
184 28 38 79963.1 0 0
186 30 38 79967.3 0 0
185 31 37 79972 0 0
188 30 37 79976.2 0 0
188 28 37 79980.4 0 0
187 27 37 79984.6 0 0
186 27 38 79988.8 0 0
187 29 38 79993 0 0
186 27 38 79997.2 0 0
186 27 37 80001.5 0 0
187 31 38 80005.7 0 0
186 25 37 80009.9 0 0
184 33 38 80014.1 0 0
185 31 38 80018.3 0 0
185 35 38 80022.6 0 0
186 27 37 80026.9 0 0
186 28 38 80031.1 0 0
185 31 37 80035.4 0 0
185 31 37 80039.7 0 0
187 29 37 80043.9 0 0
187 29 37 80048.1 0 0
184 25 37 80052.3 0 0
186 29 37 80056.5 0 0
186 28 37 80060.8 0 0
185 29 37 80065 0 0
186 26 37 80069.2 0 0
187 30 37 80073.4 0 0
186 30 37 80077.6 0 0
185 29 37 80081.8 0 0
188 32 37 80086 0 0
187 29 37 80090.3 0 0
187 30 37 80094.5 0 0
184 33 37 80098.7 0 0
186 28 37 80102.9 0 0
187 28 38 80107.1 0 0
185 31 37 80111.3 0 0
183 31 37 80115.5 0 0
185 25 37 80119.7 0 0
184 27 37 80124 0 0
187 31 37 80128.2 0 0
186 28 37 80132.4 0 0
186 30 37 80136.6 0 0
184 31 38 80140.8 0 0
186 31 37 80145 0 0
185 32 37 80149.2 0 0
185 30 37 80153.4 0 0
185 32 37 80157.7 0 0
183 29 37 80161.9 0 0
185 30 37 80166.1 0 0
188 28 37 80170.3 0 0
183 30 37 80174.5 0 0
188 27 37 80178.7 0 0
185 28 38 80182.9 0 0
188 27 37 80187.1 0 0
187 30 37 80191.4 0 0
184 30 37 80195.6 0 0
185 25 37 80199.8 0 0
186 30 37 80203.9 0 0
185 31 37 80208.2 0 0
183 30 37 80212.4 0 0
185 28 37 80216.6 0 0
184 27 37 80220.8 0 0
186 29 37 80225.1 0 0
186 27 37 80229.3 0 0
186 28 37 80233.5 0 0
187 24 37 80237.7 0 0
186 26 37 80242 0 0
186 28 37 80246.2 0 0
185 27 37 80250.4 0 0
186 26 37 80254.6 0 0
187 26 37 80258.8 0 0
187 26 37 80263 0 0
189 30 37 80267.2 0 0
186 26 37 80271.8 0 0
188 30 37 80275.9 0 0
186 32 37 80280.2 0 0
185 28 37 80284.4 0 0
186 29 37 80288.6 0 0
185 27 37 80292.8 0 0
186 29 37 80297 0 0
188 29 37 80301.2 0 0
186 31 37 80305.5 0 0
184 31 37 80309.7 0 0
185 31 37 80314 0 0
184 28 37 80318.2 0 0
185 28 37 80322.4 0 0
185 30 36 80326.6 0 0
185 28 37 80330.8 0 0
185 33 37 80335 0 0
186 30 37 80339.2 0 0
186 31 37 80343.4 0 0
186 29 37 80347.7 0 0
187 27 37 80351.9 0 0
187 29 37 80356.1 0 0
187 27 37 80360.3 0 0
186 29 37 80364.5 0 0
187 26 37 80368.7 0 0
187 28 37 80372.9 0 0
183 28 37 80377.1 0 0
187 26 37 80381.3 0 0
187 25 37 80385.6 0 0
185 29 36 80389.8 0 0
187 25 37 80394 0 0
185 31 37 80398.2 0 0
186 28 37 80402.5 0 0
185 29 37 80406.7 0 0
184 31 37 80410.9 0 0
185 27 37 80415.1 0 0
187 28 37 80419.3 0 0
185 23 37 80423.5 0 0
185 30 37 80427.7 0 0
187 30 37 80431.9 0 0
187 23 37 80436.2 0 0
187 28 37 80440.4 0 0
187 26 37 80444.6 0 0
185 26 37 80448.8 0 0
185 27 37 80453 0 0
187 27 37 80457.3 0 0
186 28 37 80461.6 0 0
188 28 37 80465.8 0 0
185 25 37 80470 0 0
186 29 37 80474.2 0 0
185 25 37 80481.2 0 0
186 27 37 80485.4 0 0
187 27 37 80489.6 0 0
186 26 36 80493.8 0 0
186 26 37 80498 0 0
187 31 37 80502.2 0 0
187 25 37 80506.4 0 0
185 31 37 80510.6 0 0
187 29 37 80514.8 0 0
184 31 37 80519.1 0 0
187 26 37 80523.4 0 0
185 30 37 80527.6 0 0
184 30 37 80531.8 0 0
186 30 37 80536.1 0 0
184 28 37 80540.3 0 0
186 28 37 80544.5 0 0
185 28 37 80548.7 0 0
189 26 37 80552.9 0 0
183 27 37 80557.2 0 0
183 30 37 80561.4 0 0
186 27 37 80565.6 0 0
187 26 37 80569.8 0 0
186 26 37 80574.1 0 0
186 23 37 80580.8 0 0
186 29 37 80585.1 0 0
187 25 37 80589.3 0 0
187 25 37 80593.6 0 0
184 25 37 80597.8 0 0
186 23 37 80602 0 0
188 27 37 80606.2 0 0
187 28 37 80610.4 0 0
188 24 37 80614.6 0 0
187 26 37 80618.8 0 0
187 26 37 80623.1 0 0
187 27 37 80627.3 0 0
186 27 37 80631.5 0 0
186 28 37 80635.7 0 0
187 26 37 80639.9 0 0
187 26 37 80644.1 0 0
186 27 37 80648.4 0 0
187 27 38 80652.6 0 0
188 29 37 80656.8 0 0
185 26 38 80661 0 0
190 25 37 80665.2 0 0
188 25 37 80669.4 0 0
186 28 37 80673.6 0 0
187 27 37 80677.9 0 0
186 27 37 80682.1 0 0
186 23 37 80686.3 0 0
186 27 37 80690.5 0 0
188 24 37 80694.7 0 0
188 29 37 80698.9 0 0
187 28 37 80705.7 0 0
185 29 37 80710 0 0
187 29 37 80714.2 0 0
189 30 38 80718.5 0 0
186 27 38 80722.7 0 0
188 27 38 80726.9 0 0
186 31 37 80731.1 0 0
186 27 37 80735.3 0 0
186 27 38 80739.6 0 0
187 27 37 80743.8 0 0
187 27 37 80748 0 0
187 26 38 80752.2 0 0
185 27 37 80756.4 0 0
185 25 38 80760.6 0 0
187 27 38 80764.8 0 0
187 26 37 80769.1 0 0
186 28 38 80773.7 0 0
187 27 38 80777.9 0 0
188 25 38 80782.1 0 0
186 32 38 80786.5 0 0
186 30 38 80790.7 0 0
186 27 38 80797.6 0 0
186 28 38 80801.8 0 0
185 27 38 80806 0 0
187 24 38 80810.2 0 0
188 27 38 80814.4 0 0
184 30 38 80818.6 0 0
185 26 38 80822.8 0 0
188 29 38 80827 0 0
184 27 38 80831.3 0 0
186 28 38 80835.5 0 0
185 26 38 80839.7 0 0
187 27 38 80844 0 0
186 25 38 80848.2 0 0
186 28 39 80852.4 0 0
186 30 38 80856.6 0 0
185 24 38 80860.8 0 0
186 29 38 80865 0 0
186 27 38 80869.2 0 0
188 29 38 80873.4 0 0
184 27 38 80877.7 0 0
185 24 38 80881.9 0 0
176 77 38 80886.1 0 0
183 52 38 80890.3 0 0
186 65 38 80894.5 0 0
188 82 38 80898.7 0 0
188 82 38 80902.9 0 0
197 107 38 80909.3 0 0
196 112 38 80913.5 0 0
245 55 35 81575.4 0 0
245 55 0 81579.6 0 0
245 55 0 81583.8 0 0
245 55 0 81588 0 0
245 55 0 81592.3 0 0
245 55 0 81596.5 0 0
245 55 0 81600.7 0 0
245 55 0 81604.9 0 0
245 55 0 81609.1 0 0
245 55 0 81613.3 0 0
245 55 0 81617.6 0 0
245 55 0 81621.8 0 0
245 55 0 81626 0 0
245 55 0 81630.2 0 0
245 55 0 81634.4 0 0
245 55 0 81638.6 0 0
245 55 0 81642.8 0 0
245 55 0 81647.1 0 0
245 55 0 81651.3 0 0
251 55 34 81655.5 0 0
251 55 0 81659.7 0 0
251 55 0 81663.9 0 0
251 55 0 81668.1 0 0
251 55 0 81672.3 0 0
251 55 0 81676.5 0 0
251 55 0 81680.7 0 0
243 44 35 81685 0 0
243 46 35 81689.2 0 0
245 49 34 81693.4 0 0
245 53 34 81697.6 0 0
246 48 35 81701.8 0 0
246 48 0 81706 0 0
246 48 0 81710.3 0 0
246 48 34 81714.5 0 0
247 50 35 81718.8 0 0
244 46 35 81723 0 0
244 46 0 81727.2 0 0
242 48 34 81731.4 0 0
240 48 34 81735.6 0 0
243 47 34 81739.8 0 0
243 47 0 81744 0 0
245 47 35 81748.3 0 0
246 45 34 81752.5 0 0
246 45 0 81756.7 0 0
243 47 35 81760.9 0 0
244 52 35 81765.1 0 0
241 46 35 81769.3 0 0
241 46 0 81773.6 0 0
241 46 0 81777.8 0 0
245 42 35 81782 0 0
245 42 0 81786.3 0 0
244 47 35 81790.5 0 0
245 47 35 81794.7 0 0
244 49 35 81798.9 0 0
242 48 35 81803.1 0 0
242 41 35 81807.3 0 0
244 49 35 81812.1 0 0
245 46 35 81816.2 0 0
245 49 34 81820.4 0 0
245 49 0 81824.7 0 0
245 49 0 81828.9 0 0
245 49 0 81833.1 0 0
248 45 35 81837.3 0 0
244 46 34 81841.5 0 0
244 46 0 81845.8 0 0
240 45 35 81850 0 0
245 43 34 81854.2 0 0
247 48 35 81858.5 0 0
247 48 0 81862.7 0 0
247 48 0 81866.9 0 0
247 48 0 81871.1 0 0
247 48 0 81875.4 0 0
247 48 0 81879.7 0 0
247 48 0 81883.9 0 0
247 48 0 81888.1 0 0
249 69 34 81892.3 0 0
249 69 0 81896.5 0 0
249 69 0 81900.7 0 0
253 71 35 81904.9 0 0
253 71 0 81909.2 0 0
253 71 0 81913.4 0 0
249 49 35 81917.6 0 0
249 49 0 81921.8 0 0
249 49 0 81926 0 0
249 49 0 81930.2 0 0
249 49 0 81934.4 0 0
249 49 0 81938.6 0 0
249 49 0 81942.9 0 0
249 49 0 81947.1 0 0
249 49 0 81951.3 0 0
249 49 0 81955.4 0 0
245 42 35 81959.7 0 0
247 47 35 81963.9 0 0
243 43 35 81968.1 0 0
243 43 0 81972.4 0 0
245 51 34 81976.6 0 0
246 53 35 81980.8 0 0
246 53 0 81985 0 0
246 50 35 81989.2 0 0
245 46 34 81993.4 0 0
244 47 35 81997.7 0 0
247 58 35 82001.9 0 0
253 60 35 82006.1 0 0
253 60 0 82012.9 0 0
253 60 0 82017.1 0 0
253 60 0 82021.4 0 0
253 60 0 82025.7 0 0
253 60 0 82029.9 0 0
253 60 0 82034.2 0 0
253 60 0 82038.4 0 0
253 60 0 82042.6 0 0
253 60 0 82046.8 0 0
253 60 0 82051 0 0
253 60 0 82055.2 0 0
253 60 0 82059.5 0 0
253 60 0 82063.7 0 0
253 60 0 82067.9 0 0
253 60 0 82072.1 0 0
253 60 0 82076.3 0 0
253 60 0 82080.5 0 0
253 60 0 82084.7 0 0
253 60 0 82091.9 0 0
253 60 0 82096.1 0 0
253 60 0 82100.3 0 0
253 60 0 82104.5 0 0
253 60 0 82108.7 0 0
253 60 0 82112.9 0 0
253 60 0 82117.2 0 0
253 60 0 82121.4 0 0
253 60 0 82125.6 0 0
253 60 0 82129.8 0 0
253 60 0 82134 0 0
253 60 0 82138.2 0 0
253 60 0 82142.4 0 0
253 60 0 82146.6 0 0
253 60 0 82150.9 0 0
253 60 0 82155.1 0 0
253 60 0 82159.3 0 0
253 60 0 82163.5 0 0
253 60 0 82167.7 0 0
253 60 0 82171.9 0 0
185 105 37 83808.2 0 0
169 103 37 83812.4 0 0
161 97 37 83819.4 0 0
155 97 37 83823.6 0 0
146 91 38 83827.9 0 0
139 89 38 83832.1 0 0
132 85 39 83836.4 0 0
127 83 38 83840.6 0 0
127 83 0 83844.8 0 0
113 78 39 83849 0 0
107 76 38 83853.2 0 0
106 78 38 83857.4 0 0
102 77 38 83861.6 0 0
104 76 38 83865.8 0 0
105 76 38 83870.1 0 0
105 76 39 83874.3 0 0
107 79 39 83878.5 0 0
106 78 39 83882.7 0 0
106 79 39 83886.9 0 0
105 80 39 83891.1 0 0
106 80 39 83895.3 0 0
104 81 39 83899.5 0 0
106 78 39 83903.8 0 0
104 78 39 83908 0 0
104 82 39 83912.2 0 0
103 83 39 83916.4 0 0
103 79 39 83920.6 0 0
106 82 39 83924.8 0 0
107 81 39 83931.8 0 0
104 82 38 83940 0 0
104 82 38 83948.5 0 0
106 82 39 83956.2 0 0
102 79 39 83960.4 0 0
103 79 39 83965.2 0 0
103 82 38 83969.7 0 0
105 81 39 83973.9 0 0
104 81 39 83978.1 0 0
103 82 39 83982.3 0 0
105 81 39 83986.5 0 0
104 81 39 83990.7 0 0
103 83 39 83994.9 0 0
103 82 39 83999.2 0 0
103 81 39 84003.4 0 0
102 80 38 84007.6 0 0
102 80 39 84011.8 0 0
104 81 39 84016 0 0
102 82 39 84020.2 0 0
103 84 39 84024.4 0 0
105 82 38 84028.6 0 0
104 83 39 84032.8 0 0
104 78 39 84037.1 0 0
103 82 39 84041.3 0 0
103 80 39 84045.5 0 0
