103 167 0 64048 0 0
103 167 0 64052.2 0 0
103 167 0 64056.4 0 0
103 167 0 64060.7 0 0
103 167 0 64064.9 0 0
103 167 0 64069.1 0 0
103 167 0 64073.3 0 0
103 167 0 64077.5 0 0
103 167 0 64081.7 0 0
103 167 0 64085.9 0 0
103 167 0 64090.2 0 0
103 167 0 64094.4 0 0
103 167 0 64098.6 0 0
103 167 0 64102.8 0 0
103 167 0 64107 0 0
103 167 0 64111.3 0 0
103 167 0 64115.5 0 0
103 167 0 64119.7 0 0
103 167 0 64123.9 0 0
103 167 0 64128.1 0 0
103 167 0 64132.3 0 0
103 167 0 64136.5 0 0
103 167 0 64140.7 0 0
103 167 0 64145 0 0
103 167 0 64149.2 0 0
103 167 0 64153.4 0 0
96 181 39 64157.6 0 0
106 160 42 64161.8 0 0
110 152 41 64166 0 0
115 143 42 64170.3 0 0
117 131 43 64174.5 0 0
121 130 43 64178.7 0 0
123 123 43 64182.9 0 0
127 120 43 64187.1 0 0
126 121 43 64191.3 0 0
127 117 43 64195.6 0 0
126 121 44 64199.8 0 0
126 120 43 64204 0 0
128 119 43 64208.2 0 0
127 117 43 64212.4 0 0
126 119 43 64216.6 0 0
122 118 44 64220.8 0 0
128 116 44 64225.1 0 0
127 119 44 64229.3 0 0
128 120 43 64233.5 0 0
127 118 44 64237.7 0 0
128 115 44 64241.9 0 0
130 118 44 64246.1 0 0
128 116 44 64250.4 0 0
127 120 44 64254.7 0 0
126 116 43 64258.9 0 0
125 121 44 64263.1 0 0
127 119 43 64267.4 0 0
127 120 43 64271.6 0 0
125 118 43 64275.8 0 0
125 118 0 64280 0 0
128 120 43 64284.2 0 0
126 122 43 64288.4 0 0
130 116 44 64292.6 0 0
131 116 44 64296.8 0 0
128 122 43 64301.1 0 0
129 119 43 64305.3 0 0
126 118 44 64309.5 0 0
127 120 43 64313.8 0 0
126 121 43 64318 0 0
130 118 43 64322.2 0 0
127 115 43 64326.5 0 0
126 118 43 64330.7 0 0
128 117 43 64334.9 0 0
127 118 43 64339.1 0 0
127 113 43 64343.3 0 0
127 118 43 64347.5 0 0
129 120 44 64351.7 0 0
127 122 44 64356 0 0
127 116 44 64360.2 0 0
127 119 44 64364.4 0 0
130 115 44 64368.6 0 0
126 119 44 64372.8 0 0
128 120 43 64377 0 0
126 118 43 64381.3 0 0
127 121 43 64385.5 0 0
126 118 44 64389.7 0 0
126 118 43 64393.9 0 0
126 120 44 64398.2 0 0
127 118 44 64402.4 0 0
125 120 44 64406.6 0 0
128 117 44 64410.8 0 0
125 120 44 64415 0 0
127 116 44 64419.2 0 0
126 121 45 64423.5 0 0
123 126 45 64427.7 0 0
127 116 44 64431.9 0 0
122 123 44 64436.1 0 0
126 120 44 64440.4 0 0
126 122 44 64444.6 0 0
123 117 44 64448.8 0 0
126 119 44 64453 0 0
126 118 44 64457.2 0 0
124 121 45 64461.4 0 0
126 120 45 64465.6 0 0
116 138 44 64469.8 0 0
99 171 42 64474.1 0 0
99 171 0 64478.3 0 0
99 171 0 64482.6 0 0
99 171 0 64486.8 0 0
99 171 0 64491.1 0 0
99 171 0 64495.3 0 0
99 171 0 64499.5 0 0
99 171 0 64503.7 0 0
99 171 0 64507.9 0 0
99 171 0 64512.2 0 0
99 171 0 64516.4 0 0
99 171 0 64520.6 0 0
99 171 0 64524.8 0 0
99 171 0 64529 0 0
99 171 0 64533.2 0 0
99 171 0 64537.4 0 0
99 171 0 64541.6 0 0
99 171 0 64545.9 0 0
99 171 0 64550.1 0 0
99 171 0 64554.3 0 0
99 171 0 64558.5 0 0
99 171 0 64562.7 0 0
99 171 0 64566.9 0 0
99 171 0 64571.1 0 0
99 171 0 64575.4 0 0
99 171 0 64579.6 0 0
99 171 0 64583.8 0 0
99 171 0 64588 0 0
83 211 39 64592.2 0 0
91 190 41 64596.4 0 0
100 170 44 64600.6 0 0
107 154 44 64604.8 0 0
112 145 45 64609.1 0 0
119 136 45 64613.3 0 0
120 134 45 64617.5 0 0
121 130 45 64621.7 0 0
120 131 45 64625.9 0 0
123 127 44 64630.2 0 0
122 128 45 64634.4 0 0
122 125 44 64638.7 0 0
121 125 44 64642.9 0 0
124 127 45 64647.1 0 0
122 129 45 64651.3 0 0
123 131 45 64655.5 0 0
123 131 0 64659.7 0 0
123 128 45 64663.9 0 0
119 130 44 64668.1 0 0
120 129 44 64672.3 0 0
121 126 44 64676.6 0 0
122 126 45 64680.8 0 0
122 126 45 64684.9 0 0
119 131 45 64689.2 0 0
119 131 45 64693.4 0 0
122 129 45 64697.6 0 0
122 126 46 64701.8 0 0
121 128 45 64706.1 0 0
120 129 44 64710.2 0 0
120 127 45 64714.4 0 0
119 131 44 64718.7 0 0
121 132 45 64722.9 0 0
120 128 45 64727.1 0 0
121 129 45 64731.3 0 0
121 125 44 64735.5 0 0
121 128 44 64739.7 0 0
119 128 45 64743.9 0 0
119 127 44 64748.2 0 0
119 131 44 64752.4 0 0
120 127 45 64756.6 0 0
120 130 44 64760.8 0 0
122 129 45 64765 0 0
118 133 45 64769.2 0 0
121 126 44 64773.4 0 0
119 132 44 64777.6 0 0
122 125 44 64781.8 0 0
121 129 45 64786.1 0 0
119 127 44 64790.3 0 0
120 130 44 64794.5 0 0
120 130 45 64798.7 0 0
121 129 44 64802.9 0 0
118 127 45 64807.1 0 0
121 128 45 64811.3 0 0
119 134 44 64815.6 0 0
123 127 45 64819.8 0 0
121 130 45 64824 0 0
118 132 44 64828.2 0 0
120 129 44 64832.4 0 0
118 128 45 64836.6 0 0
118 128 44 64840.8 0 0
117 132 44 64845 0 0
118 131 44 64849.2 0 0
119 129 44 64853.5 0 0
118 132 45 64857.7 0 0
123 125 45 64861.9 0 0
119 129 44 64866.1 0 0
120 127 44 64870.3 0 0
118 128 44 64874.5 0 0
119 132 44 64878.7 0 0
119 129 45 64883 0 0
120 128 44 64887.2 0 0
119 131 44 64891.4 0 0
119 127 44 64895.6 0 0
120 127 44 64899.8 0 0
121 128 44 64904.1 0 0
121 127 44 64908.3 0 0
117 130 44 64912.5 0 0
118 132 44 64916.7 0 0
120 129 44 64920.9 0 0
120 131 44 64925.1 0 0
117 130 44 64929.4 0 0
118 130 44 64933.6 0 0
117 127 44 64937.8 0 0
120 129 44 64942 0 0
116 131 44 64946.2 0 0
118 135 44 64950.4 0 0
116 131 44 64954.7 0 0
117 135 44 64958.9 0 0
114 134 45 64963.1 0 0
118 132 44 64967.3 0 0
120 128 44 64971.6 0 0
118 130 44 64975.8 0 0
117 131 45 64980 0 0
117 132 44 64984.2 0 0
118 131 44 64988.5 0 0
118 130 44 64992.7 0 0
119 132 44 64996.9 0 0
121 125 45 65001.1 0 0
120 126 44 65005.3 0 0
118 131 44 65009.6 0 0
120 130 44 65013.8 0 0
120 130 44 65018 0 0
123 128 44 65022.2 0 0
119 130 44 65026.4 0 0
118 126 44 65030.6 0 0
121 125 44 65034.8 0 0
118 127 44 65039 0 0
120 125 44 65043.3 0 0
118 123 45 65047.6 0 0
122 122 44 65051.8 0 0
121 126 43 65056 0 0
123 122 43 65060.2 0 0
122 124 44 65064.5 0 0
121 122 44 65071.2 0 0
123 122 44 65075.5 0 0
122 125 44 65079.7 0 0
121 123 44 65083.9 0 0
119 123 44 65088.1 0 0
121 125 44 65092.3 0 0
121 120 44 65096.6 0 0
122 124 44 65100.8 0 0
121 124 44 65105 0 0
119 127 44 65109.2 0 0
122 123 44 65113.4 0 0
121 127 44 65117.7 0 0
126 122 44 65121.9 0 0
121 125 44 65126.1 0 0
123 122 44 65130.3 0 0
120 122 44 65134.6 0 0
120 122 44 65138.8 0 0
118 128 43 65143 0 0
118 127 44 65147.2 0 0
121 126 44 65151.4 0 0
120 128 44 65155.6 0 0
121 125 44 65159.8 0 0
124 121 43 65164 0 0
121 123 44 65168.3 0 0
119 122 44 65175.4 0 0
122 120 44 65179.6 0 0
123 120 44 65183.8 0 0
122 124 44 65188.1 0 0
122 123 44 65192.3 0 0
121 125 44 65196.5 0 0
119 125 44 65200.8 0 0
121 126 44 65205 0 0
117 126 44 65209.2 0 0
122 122 44 65213.4 0 0
121 126 44 65217.6 0 0
124 124 43 65221.8 0 0
124 121 44 65226.1 0 0
121 124 44 65230.3 0 0
120 127 45 65234.5 0 0
122 122 44 65238.7 0 0
123 122 44 65242.9 0 0
122 125 43 65247.1 0 0
119 125 44 65251.3 0 0
123 121 44 65255.5 0 0
121 125 43 65259.8 0 0
120 125 44 65264 0 0
125 118 43 65268.2 0 0
120 120 44 65272.4 0 0
119 126 44 65279.5 0 0
118 126 44 65283.8 0 0
122 123 44 65288 0 0
122 124 43 65292.2 0 0
122 122 44 65296.4 0 0
121 123 44 65300.6 0 0
117 126 44 65304.8 0 0
120 123 43 65309 0 0
120 121 44 65313.2 0 0
120 120 44 65317.5 0 0
120 123 44 65321.7 0 0
121 125 43 65325.9 0 0
120 123 44 65330.1 0 0
121 122 44 65334.3 0 0
120 123 43 65338.6 0 0
121 123 44 65342.8 0 0
122 122 44 65347 0 0
121 122 43 65351.2 0 0
121 121 43 65355.4 0 0
120 123 43 65359.6 0 0
121 122 43 65364 0 0
121 122 43 65368.2 0 0
119 126 44 65372.4 0 0
122 123 44 65376.6 0 0
122 119 44 65383.4 0 0
119 122 43 65387.7 0 0
122 122 44 65391.9 0 0
123 121 43 65396.1 0 0
122 119 43 65400.4 0 0
119 123 44 65404.6 0 0
120 125 43 65408.8 0 0
121 125 43 65413.1 0 0
120 123 43 65417.3 0 0
122 119 43 65421.5 0 0
122 121 43 65425.7 0 0
121 123 43 65429.9 0 0
121 120 44 65434.1 0 0
123 124 43 65438.4 0 0
120 119 44 65442.6 0 0
122 123 44 65446.9 0 0
120 122 43 65451.1 0 0
121 120 43 65455.3 0 0
121 120 43 65459.5 0 0
119 125 43 65463.7 0 0
119 126 42 65467.9 0 0
119 126 43 65472.1 0 0
120 125 43 65476.3 0 0
123 116 43 65480.8 0 0
130 102 44 65487.6 0 0
132 101 43 65491.8 0 0
135 74 44 65496 0 0
130 67 44 65500.2 0 0
130 68 44 65504.4 0 0
131 71 44 65508.7 0 0
130 73 44 65512.9 0 0
129 75 44 65517.1 0 0
133 88 43 65521.3 0 0
128 78 43 65525.5 0 0
127 73 44 65529.7 0 0
130 77 43 65534 0 0
128 79 44 65538.2 0 0
131 79 43 65542.4 0 0
130 80 43 65546.6 0 0
133 82 44 65550.8 0 0
132 79 44 65555 0 0
130 76 44 65559.2 0 0
128 80 44 65563.4 0 0
128 77 44 65567.6 0 0
126 80 43 65571.9 0 0
135 78 44 65576.1 0 0
134 80 44 65580.3 0 0
132 75 44 65584.5 0 0
130 80 43 65588.7 0 0
130 80 0 65592.9 0 0
129 78 43 65597.1 0 0
128 77 43 65604 0 0
131 80 43 65608.2 0 0
131 76 44 65612.4 0 0
126 78 43 65616.7 0 0
130 79 43 65620.9 0 0
127 76 44 65625.1 0 0
133 77 43 65629.3 0 0
133 76 43 65633.6 0 0
129 78 43 65637.8 0 0
135 80 43 65642 0 0
134 78 43 65646.2 0 0
132 76 44 65650.4 0 0
133 77 43 65654.6 0 0
128 77 44 65658.8 0 0
128 76 43 65663 0 0
127 80 43 65667.2 0 0
125 71 43 65671.4 0 0
125 73 43 65675.7 0 0
111 68 44 65679.9 0 0
101 68 44 65684.1 0 0
89 65 44 65688.3 0 0
90 64 44 65692.6 0 0
93 72 44 65696.8 0 0
81 57 43 65701 0 0
81 57 0 65705.2 0 0
86 57 44 65709.5 0 0
88 61 44 65716.6 0 0
78 67 44 65720.8 0 0
84 66 44 65725 0 0
84 70 44 65729.3 0 0
87 64 44 65733.5 0 0
84 64 43 65737.7 0 0
79 61 44 65741.9 0 0
81 60 44 65746.1 0 0
79 61 44 65750.4 0 0
84 62 44 65754.6 0 0
82 63 44 65758.9 0 0
86 65 44 65763.1 0 0
84 69 43 65767.3 0 0
82 67 43 65771.5 0 0
83 66 44 65775.7 0 0
85 67 44 65779.9 0 0
80 69 44 65784.2 0 0
86 66 44 65788.4 0 0
86 66 44 65792.6 0 0
84 67 43 65797.2 0 0
87 72 44 65801.5 0 0
91 68 43 65808 0 0
89 69 44 65812.2 0 0
82 69 43 65816.5 0 0
85 73 43 65820.7 0 0
82 70 44 65824.9 0 0
88 73 44 65829.2 0 0
92 72 44 65833.4 0 0
79 71 44 65837.6 0 0
82 67 43 65841.8 0 0
79 68 44 65846 0 0
79 68 43 65850.2 0 0
80 68 44 65854.5 0 0
92 69 43 65858.7 0 0
87 70 44 65862.9 0 0
90 69 43 65867.1 0 0
88 72 43 65871.3 0 0
86 71 43 65875.6 0 0
88 74 43 65879.8 0 0
91 63 43 65884 0 0
92 72 43 65888.2 0 0
91 70 43 65892.4 0 0
93 67 43 65896.7 0 0
91 67 43 65900.9 0 0
90 68 43 65905.1 0 0
65 75 42 65909.3 0 0
48 58 42 65916.2 0 0
48 58 43 65920.4 0 0
48 58 43 65924.6 0 0
38 84 42 65928.8 0 0
43 71 42 65933 0 0
44 75 42 65937.2 0 0
49 72 42 65941.5 0 0
49 70 43 65945.7 0 0
49 68 42 65949.9 0 0
48 72 41 65954.1 0 0
47 77 41 65958.3 0 0
45 75 42 65962.5 0 0
46 79 42 65966.7 0 0
42 75 42 65971 0 0
48 77 42 65975.2 0 0
49 79 41 65979.4 0 0
45 77 41 65983.6 0 0
45 77 42 65988.1 0 0
48 78 42 65992.3 0 0
48 75 41 65996.5 0 0
45 78 41 66000.7 0 0
45 74 41 66004.9 0 0
46 78 41 66012.1 0 0
46 73 41 66016.3 0 0
42 80 40 66020.5 0 0
43 76 41 66024.7 0 0
45 76 41 66028.9 0 0
42 75 40 66033.1 0 0
43 79 41 66037.4 0 0
45 78 40 66041.6 0 0
44 76 40 66045.8 0 0
45 80 41 66050 0 0
46 77 41 66054.2 0 0
44 78 40 66058.4 0 0
44 79 40 66062.6 0 0
42 80 40 66066.8 0 0
46 76 40 66071.1 0 0
45 72 40 66075.3 0 0
44 77 40 66079.5 0 0
43 77 40 66083.8 0 0
41 82 40 66088 0 0
42 84 40 66092.2 0 0
43 79 40 66096.4 0 0
43 81 40 66100.6 0 0
43 81 40 66104.8 0 0
43 84 40 66109.8 0 0
39 97 39 66114.1 0 0
37 102 40 66118.3 0 0
32 136 39 66122.5 0 0
33 155 38 66126.7 0 0
24 190 39 66130.9 0 0
24 190 38 66135.1 0 0
28 202 39 66139.4 0 0
33 201 38 66143.6 0 0
34 198 38 66147.8 0 0
34 203 39 66152 0 0
32 193 39 66156.2 0 0
29 194 39 66160.4 0 0
34 196 39 66164.6 0 0
32 200 38 66168.9 0 0
33 200 38 66173.1 0 0
32 195 37 66177.3 0 0
31 193 38 66181.5 0 0
29 192 38 66185.7 0 0
33 206 38 66189.9 0 0
34 202 38 66194.1 0 0
34 188 38 66198.4 0 0
31 200 38 66202.6 0 0
32 188 38 66206.8 0 0
32 201 39 66211 0 0
31 203 37 66215.2 0 0
31 195 38 66219.4 0 0
33 199 39 66223.6 0 0
32 200 38 66227.9 0 0
33 209 38 66232.1 0 0
31 206 38 66236.3 0 0
31 203 38 66240.5 0 0
31 203 38 66244.7 0 0
30 208 38 66248.9 0 0
29 197 37 66253.2 0 0
30 210 38 66257.4 0 0
31 195 38 66261.6 0 0
31 200 37 66265.9 0 0
33 206 38 66270.1 0 0
33 220 37 66274.3 0 0
34 208 38 66278.5 0 0
31 215 38 66282.7 0 0
32 214 38 66286.9 0 0
31 226 38 66291.1 0 0
32 217 37 66295.4 0 0
29 217 38 66299.6 0 0
30 225 37 66303.8 0 0
31 219 38 66308 0 0
30 213 37 66312.2 0 0
32 226 38 66316.4 0 0
30 224 37 66320.7 0 0
33 218 38 66324.9 0 0
34 231 37 66329.1 0 0
51 232 38 66337.5 0 0
54 229 39 66341.7 0 0
57 225 38 66345.9 0 0
60 225 39 66350.1 0 0
59 222 38 66354.4 0 0
56 234 39 66358.6 0 0
56 229 39 66362.8 0 0
58 224 38 66367 0 0
58 231 38 66371.2 0 0
57 225 38 66375.4 0 0
57 229 38 66379.7 0 0
59 228 38 66386.4 0 0
56 224 38 66390.7 0 0
58 227 39 66394.9 0 0
58 222 38 66399.2 0 0
55 226 38 66403.4 0 0
58 235 38 66407.6 0 0
57 230 38 66411.8 0 0
60 226 38 66420.3 0 0
56 229 38 66424.5 0 0
58 229 39 66428.7 0 0
58 228 38 66432.9 0 0
57 223 38 66437.1 0 0
58 229 38 66441.3 0 0
57 227 38 66445.6 0 0
58 226 38 66449.8 0 0
57 237 38 66454 0 0
57 228 38 66458.2 0 0
57 236 38 66462.4 0 0
54 232 38 66466.6 0 0
57 226 38 66470.8 0 0
56 232 38 66475.1 0 0
57 226 38 66479.3 0 0
59 229 38 66483.5 0 0
57 227 38 66488.4 0 0
56 233 38 66492.6 0 0
59 228 39 66499.1 0 0
57 228 38 66503.3 0 0
55 232 39 66507.5 0 0
57 231 39 66511.7 0 0
56 230 39 66515.9 0 0
58 227 39 66520.1 0 0
58 230 38 66524.4 0 0
55 229 39 66528.6 0 0
60 228 37 66532.8 0 0
61 229 39 66537 0 0
72 218 38 66541.2 0 0
78 201 38 66545.4 0 0
78 201 39 66549.6 0 0
111 148 38 66553.9 0 0
117 135 38 66558.1 0 0
147 97 38 66562.3 0 0
147 97 39 66566.5 0 0
147 97 39 66570.7 0 0
147 97 40 66576.8 0 0
176 78 40 66581 0 0
176 78 40 66586.5 0 0
176 78 40 66590.7 0 0
176 78 40 66594.9 0 0
176 78 40 66599.1 0 0
176 78 40 66603.4 0 0
176 78 40 66607.6 0 0
176 78 40 66611.8 0 0
176 78 40 66616.1 0 0
176 78 40 66620.2 0 0
176 78 41 66624.4 0 0
176 78 40 66628.7 0 0
176 78 40 66632.9 0 0
176 78 40 66637.1 0 0
176 78 40 66641.3 0 0
176 78 40 66645.5 0 0
181 78 40 66649.7 0 0
181 78 40 66653.9 0 0
181 80 40 66658.2 0 0
181 80 40 66662.4 0 0
182 78 39 66666.6 0 0
176 75 40 66670.8 0 0
184 81 40 66675.1 0 0
180 78 40 66679.3 0 0
185 79 40 66683.5 0 0
179 81 41 66687.7 0 0
181 79 40 66694.8 0 0
181 80 41 66702.9 0 0
181 80 41 66711.4 0 0
181 78 40 66719.1 0 0
182 76 41 66723.4 0 0
181 76 41 66728.1 0 0
181 76 40 66732.3 0 0
191 64 41 66736.5 0 0
189 63 40 66740.7 0 0
189 63 40 66744.9 0 0
189 63 40 66749.1 0 0
190 69 40 66753.3 0 0
190 69 39 66757.6 0 0
191 71 40 66761.8 0 0
191 71 40 66766 0 0
189 65 40 66770.2 0 0
177 63 40 66774.4 0 0
194 69 41 66778.6 0 0
190 67 40 66782.8 0 0
190 67 40 66787.1 0 0
190 67 40 66791.3 0 0
190 67 40 66795.5 0 0
189 67 40 66799.7 0 0
189 67 40 66803.9 0 0
189 63 40 66808.1 0 0
189 63 40 66812.3 0 0
189 63 40 66816.6 0 0
190 67 40 66820.8 0 0
190 67 40 66825.4 0 0
194 64 40 66829.6 0 0
194 64 40 66836 0 0
194 64 40 66840.2 0 0
194 64 40 66844.5 0 0
194 64 40 66848.7 0 0
189 66 40 66853 0 0
189 66 40 66857.2 0 0
189 66 39 66861.4 0 0
189 66 40 66865.6 0 0
193 66 40 66869.8 0 0
192 66 40 66874 0 0
192 61 40 66878.2 0 0
188 62 40 66882.4 0 0
192 63 40 66886.7 0 0
187 67 40 66890.9 0 0
192 62 40 66895.1 0 0
189 61 40 66899.3 0 0
190 63 39 66903.5 0 0
185 67 39 66907.7 0 0
190 66 40 66911.9 0 0
184 67 39 66916.2 0 0
186 63 40 66920.4 0 0
193 60 39 66924.6 0 0
184 66 40 66928.8 0 0
191 59 40 66933 0 0
186 63 40 66937.2 0 0
190 66 40 66941.4 0 0
188 63 40 66945.7 0 0
189 67 39 66949.9 0 0
193 58 40 66954.1 0 0
194 65 40 66958.3 0 0
191 63 40 66965.1 0 0
191 63 40 66969.5 0 0
191 63 39 66973.7 0 0
188 61 39 66977.9 0 0
194 59 39 66982.2 0 0
192 62 40 66986.4 0 0
201 70 39 66990.6 0 0
201 70 39 66994.8 0 0
225 75 39 66999 0 0
231 78 39 67003.2 0 0
243 87 38 67007.5 0 0
241 52 38 67011.7 0 0
246 59 38 67015.9 0 0
249 61 38 67020.1 0 0
250 63 37 67024.3 0 0
247 61 38 67028.5 0 0
245 62 38 67032.7 0 0
247 60 38 67036.9 0 0
250 64 38 67041.2 0 0
246 60 38 67045.4 0 0
248 61 38 67049.8 0 0
247 60 38 67054 0 0
247 60 38 67058.2 0 0
249 63 37 67062.9 0 0
249 64 38 67067.1 0 0
249 64 38 67071.3 0 0
249 62 37 67075.6 0 0
249 63 37 67079.8 0 0
250 62 37 67084 0 0
248 61 37 67088.2 0 0
247 61 37 67092.4 0 0
249 61 37 67096.6 0 0
250 62 37 67100.8 0 0
247 58 38 67105 0 0
251 61 37 67109.2 0 0
248 59 38 67113.4 0 0
249 62 38 67117.7 0 0
248 61 38 67121.9 0 0
249 61 38 67126.1 0 0
248 61 38 67130.3 0 0
248 59 37 67134.5 0 0
249 62 37 67138.8 0 0
246 59 37 67143 0 0
251 64 38 67147.2 0 0
250 62 37 67151.4 0 0
248 60 37 67155.6 0 0
251 61 37 67159.8 0 0
246 58 37 67164 0 0
252 62 37 67168.2 0 0
250 61 37 67172.5 0 0
246 59 37 67176.7 0 0
249 60 37 67180.9 0 0
250 63 37 67185.1 0 0
246 58 37 67189.3 0 0
249 58 37 67193.6 0 0
251 62 37 67197.8 0 0
248 57 37 67202 0 0
247 57 36 67206.2 0 0
248 59 37 67210.4 0 0
251 62 37 67214.6 0 0
250 59 37 67218.8 0 0
247 59 37 67223.1 0 0
250 63 37 67227.3 0 0
245 57 36 67231.5 0 0
248 60 37 67235.7 0 0
249 60 36 67239.9 0 0
249 60 36 67244.1 0 0
251 62 36 67248.3 0 0
250 58 37 67252.6 0 0
251 62 37 67256.8 0 0
252 62 36 67261.1 0 0
248 94 36 67265.3 0 0
248 94 37 67269.5 0 0
248 94 36 67273.7 0 0
217 114 36 67277.9 0 0
201 113 36 67282.1 0 0
201 113 36 67286.3 0 0
233 156 36 67290.6 0 0
211 171 35 67294.8 0 0
134 188 35 67299 0 0
118 208 36 67303.2 0 0
115 213 35 67307.4 0 0
115 211 35 67311.6 0 0
115 211 35 67315.8 0 0
115 211 35 67320 0 0
120 207 35 67324.3 0 0
118 207 36 67328.5 0 0
119 207 35 67332.8 0 0
118 211 35 67337 0 0
119 207 35 67341.2 0 0
122 200 35 67345.4 0 0
122 203 35 67349.6 0 0
123 199 35 67353.8 0 0
124 203 35 67358.1 0 0
118 209 34 67362.3 0 0
121 203 35 67366.5 0 0
119 208 35 67370.7 0 0
119 209 35 67374.9 0 0
120 205 34 67379.1 0 0
126 196 35 67383.4 0 0
114 212 35 67387.6 0 0
119 208 35 67391.8 0 0
115 215 35 67396 0 0
118 209 36 67400.3 0 0
121 202 35 67404.5 0 0
122 201 35 67408.8 0 0
123 201 35 67413 0 0
118 205 35 67417.2 0 0
122 199 36 67421.4 0 0
121 205 35 67425.7 0 0
124 198 35 67429.9 0 0
126 197 35 67434.1 0 0
123 203 34 67438.3 0 0
120 205 35 67442.5 0 0
126 196 35 67446.7 0 0
124 197 34 67451.9 0 0
123 199 36 67456.1 0 0
127 192 35 67460.3 0 0
128 191 35 67464.5 0 0
125 197 35 67468.7 0 0
122 201 36 67473 0 0
129 190 35 67477.2 0 0
125 195 36 67481.4 0 0
130 193 36 67485.6 0 0
119 204 36 67489.8 0 0
125 198 36 67494 0 0
120 199 36 67498.2 0 0
125 199 35 67502.5 0 0
123 199 36 67506.7 0 0
123 199 36 67510.9 0 0
126 195 35 67515.1 0 0
126 196 35 67519.3 0 0
125 195 35 67523.5 0 0
124 201 36 67527.9 0 0
120 209 35 67532.1 0 0
127 205 35 67536.4 0 0
148 202 37 67540.6 0 0
125 226 35 67544.8 0 0
207 217 36 67549.1 0 0
244 220 35 67553.3 0 0
192 226 36 67570.1 0 0
215 224 36 67574.3 0 0
242 225 36 67578.6 0 0
195 229 36 67591.2 0 0
236 223 36 67595.4 0 0
249 223 36 67608 0 0
240 223 35 67612.2 0 0
251 223 36 67616.4 0 0
208 228 35 67620.6 0 0
246 224 36 67624.9 0 0
209 226 36 67629.1 0 0
235 221 36 67633.3 0 0
250 224 36 67637.6 0 0
246 223 35 67641.8 0 0
234 225 36 67646 0 0
261 224 36 67650.2 0 0
215 229 36 67654.4 0 0
230 226 35 67658.6 0 0
228 226 36 67662.8 0 0
232 226 36 67667.1 0 0
223 226 36 67671.3 0 0
251 224 36 67675.5 0 0
139 228 36 67679.7 0 0
199 226 36 67683.9 0 0
208 222 36 67688.1 0 0
128 233 36 67692.3 0 0
113 238 36 67789.3 0 0
115 232 37 67793.5 0 0
119 224 37 67797.7 0 0
116 235 37 67801.9 0 0
116 234 37 67806.1 0 0
113 239 37 67814.5 0 0
116 234 38 67818.8 0 0
115 233 37 67823 0 0
113 239 38 67827.2 0 0
119 223 37 67831.4 0 0
114 235 37 67835.6 0 0
114 234 37 67839.8 0 0
114 237 37 67844 0 0
114 233 38 67848.3 0 0
115 232 37 67852.5 0 0
114 232 38 67856.7 0 0
115 233 38 67860.9 0 0
116 229 37 67865.1 0 0
113 234 37 67869.3 0 0
116 228 37 67873.6 0 0
115 231 38 67877.8 0 0
115 228 37 67882 0 0
116 229 38 67886.2 0 0
116 228 37 67890.5 0 0
114 231 37 67894.7 0 0
118 226 37 67898.9 0 0
114 233 37 67903.1 0 0
117 228 37 67907.3 0 0
115 230 37 67911.5 0 0
115 232 38 67915.8 0 0
115 232 38 67920 0 0
112 237 38 67924.2 0 0
113 238 37 67928.4 0 0
112 240 38 67932.6 0 0
115 232 39 67936.8 0 0
113 237 37 67941 0 0
117 224 38 67945.3 0 0
118 222 38 67949.5 0 0
117 229 38 67953.7 0 0
114 236 38 67957.9 0 0
115 233 38 67962.1 0 0
115 231 37 67966.3 0 0
116 230 39 67970.5 0 0
115 234 38 67974.7 0 0
115 233 38 67979 0 0
117 227 38 67983.2 0 0
117 225 38 67987.4 0 0
112 237 38 67991.6 0 0
116 228 38 67995.8 0 0
112 236 38 68000 0 0
114 233 38 68004.2 0 0
113 233 38 68008.5 0 0
112 239 38 68012.7 0 0
117 225 38 68016.9 0 0
113 238 38 68025.3 0 0
113 238 38 68029.6 0 0
121 232 38 68033.8 0 0
125 231 38 68038 0 0
124 238 38 68042.3 0 0
168 225 38 68046.5 0 0
254 222 38 68051.3 0 0
233 224 38 68059.7 0 0
206 228 38 68063.9 0 0
237 222 38 68068.1 0 0
252 223 38 68072.3 0 0
233 224 38 68076.6 0 0
233 224 38 68085 0 0
215 227 38 68089.2 0 0
248 222 38 68097.6 0 0
234 224 38 68110.3 0 0
222 227 38 68114.5 0 0
233 225 38 68122.9 0 0
249 223 39 68131.4 0 0
224 223 38 68139.9 0 0
227 223 38 68144.1 0 0
235 223 38 68148.3 0 0
250 224 38 68152.5 0 0
261 223 37 68156.7 0 0
221 226 38 68165.1 0 0
233 224 38 68173.6 0 0
229 227 38 68177.8 0 0
245 222 39 68186.2 0 0
249 223 38 68209.9 0 0
254 221 39 68214.1 0 0
220 227 38 68235.2 0 0
243 221 38 68239.4 0 0
246 218 38 68256.2 0 0
256 221 38 68281.5 0 0
249 222 38 68302.6 0 0
257 220 39 68315.3 0 0
236 226 39 68319.5 0 0
236 226 39 68323.7 0 0
251 168 40 68702.4 0 0
231 151 40 68706.6 0 0
182 130 40 68710.9 0 0
161 122 41 68717.6 0 0
148 122 40 68721.9 0 0
152 109 41 68726.1 0 0
152 109 41 68730.4 0 0
125 125 40 68734.6 0 0
125 125 41 68738.8 0 0
125 125 41 68743 0 0
126 111 41 68747.2 0 0
126 111 40 68751.4 0 0
126 111 41 68755.6 0 0
126 111 41 68759.9 0 0
126 111 41 68764.1 0 0
126 111 42 68768.3 0 0
126 111 41 68772.5 0 0
126 111 40 68776.7 0 0
126 111 41 68780.9 0 0
126 111 41 68785.1 0 0
126 111 41 68789.4 0 0
126 111 40 68793.6 0 0
133 112 41 68797.8 0 0
128 114 41 68802 0 0
128 114 40 68806.2 0 0
128 114 41 68810.4 0 0
126 118 40 68814.6 0 0
133 111 41 68818.8 0 0
133 111 41 68823.1 0 0
133 111 41 68827.3 0 0
137 106 41 68831.5 0 0
137 106 41 68835.7 0 0
137 106 41 68842.7 0 0
137 106 40 68846.9 0 0
137 106 41 68851.2 0 0
126 114 41 68855.4 0 0
126 114 41 68859.6 0 0
126 114 41 68863.8 0 0
126 114 41 68868 0 0
131 110 40 68872.2 0 0
136 110 41 68876.4 0 0
137 109 40 68880.7 0 0
132 114 41 68884.9 0 0
129 115 41 68889.1 0 0
130 115 41 68893.3 0 0
131 112 41 68897.6 0 0
131 109 40 68901.8 0 0
129 110 41 68906 0 0
129 110 41 68910.2 0 0
129 110 42 68914.4 0 0
127 115 40 68918.6 0 0
131 111 40 68922.8 0 0
131 111 40 68927.1 0 0
131 111 41 68931.3 0 0
130 119 41 68935.5 0 0
138 105 40 68939.7 0 0
126 115 40 68943.9 0 0
126 115 40 68948.1 0 0
133 111 41 68953.5 0 0
133 112 40 68957.7 0 0
134 107 41 68961.9 0 0
140 102 41 68966.1 0 0
138 97 42 68970.3 0 0
134 85 41 68974.6 0 0
131 71 41 68978.8 0 0
132 67 41 68983 0 0
133 65 41 68987.2 0 0
132 66 41 68991.4 0 0
134 66 41 68995.7 0 0
132 67 42 68999.9 0 0
132 69 42 69004.1 0 0
132 71 42 69008.3 0 0
130 67 41 69012.5 0 0
130 66 41 69016.7 0 0
130 69 41 69020.9 0 0
133 68 41 69025.1 0 0
132 69 41 69029.3 0 0
132 66 41 69033.6 0 0
129 64 41 69037.8 0 0
133 68 41 69042 0 0
134 72 41 69046.2 0 0
132 62 41 69050.4 0 0
130 71 42 69054.6 0 0
131 70 41 69058.8 0 0
134 70 41 69063.1 0 0
134 69 41 69067.3 0 0
136 73 41 69071.5 0 0
134 71 41 69075.8 0 0
133 68 41 69080 0 0
132 68 41 69084.2 0 0
130 69 41 69088.4 0 0
132 69 41 69092.6 0 0
131 69 41 69096.8 0 0
129 70 42 69101.1 0 0
132 67 41 69105.3 0 0
134 71 42 69109.5 0 0
135 74 41 69113.7 0 0
132 69 41 69117.9 0 0
132 72 41 69122.1 0 0
135 73 41 69126.5 0 0
134 70 41 69130.7 0 0
133 73 41 69135 0 0
131 66 40 69139.2 0 0
131 67 41 69143.4 0 0
131 66 40 69147.6 0 0
131 70 41 69151.8 0 0
134 76 40 69156 0 0
131 72 41 69160.3 0 0
130 65 41 69164.5 0 0
134 71 41 69168.7 0 0
131 68 41 69172.9 0 0
131 71 41 69183.9 0 0
130 68 42 69192.2 0 0
133 70 41 69200.7 0 0
131 67 40 69208.9 0 0
130 67 40 69217.1 0 0
133 69 40 69225.6 0 0
134 67 41 69233.9 0 0
134 67 41 69242.3 0 0
133 69 40 69250.4 0 0
130 63 40 69254.6 0 0
132 65 40 69258.9 0 0
132 67 41 69263.1 0 0
129 66 40 69267.4 0 0
132 69 40 69271.6 0 0
128 63 40 69275.8 0 0
133 65 41 69280 0 0
133 68 40 69284.2 0 0
131 64 40 69288.4 0 0
133 70 40 69292.7 0 0
134 67 40 69296.9 0 0
130 66 40 69301.2 0 0
130 68 40 69305.4 0 0
129 64 41 69309.6 0 0
129 64 40 69313.8 0 0
132 66 40 69318 0 0
130 66 40 69322.3 0 0
134 70 40 69326.5 0 0
133 71 40 69330.7 0 0
130 68 40 69334.9 0 0
132 68 40 69339.1 0 0
132 65 39 69343.3 0 0
133 69 40 69347.6 0 0
129 66 39 69351.8 0 0
130 66 39 69356 0 0
130 67 40 69360.2 0 0
130 68 39 69364.4 0 0
132 68 39 69371.2 0 0
132 66 41 69375.5 0 0
131 70 40 69379.7 0 0
130 65 40 69384 0 0
132 69 39 69388.2 0 0
130 64 39 69392.4 0 0
127 62 40 69396.6 0 0
133 70 40 69400.8 0 0
138 73 40 69405 0 0
128 71 40 69409.2 0 0
130 65 39 69413.4 0 0
130 66 40 69417.7 0 0
133 67 40 69421.9 0 0
132 68 39 69426.1 0 0
131 70 39 69430.3 0 0
131 64 39 69434.5 0 0
132 69 39 69438.7 0 0
134 63 39 69442.9 0 0
129 61 38 69447.2 0 0
132 67 39 69451.4 0 0
133 67 39 69455.6 0 0
131 72 39 69459.8 0 0
133 64 39 69464 0 0
131 66 38 69468.2 0 0
130 66 38 69472.4 0 0
133 70 38 69476.7 0 0
131 69 38 69480.9 0 0
136 92 39 69485.2 0 0
131 105 38 69492.1 0 0
131 117 37 69496.4 0 0
122 133 38 69500.7 0 0
110 159 37 69504.9 0 0
103 174 38 69509.2 0 0
94 192 37 69513.4 0 0
91 196 37 69517.6 0 0
97 189 37 69521.8 0 0
97 189 39 69526 0 0
99 185 37 69530.2 0 0
99 184 37 69534.4 0 0
99 184 38 69538.6 0 0
98 188 37 69542.9 0 0
96 189 37 69547.1 0 0
99 191 38 69551.3 0 0
99 191 38 69555.5 0 0
99 187 37 69559.7 0 0
99 187 37 69563.9 0 0
103 184 37 69568.1 0 0
103 184 37 69572.4 0 0
99 186 37 69578.5 0 0
99 186 37 69582.7 0 0
99 180 37 69586.9 0 0
99 180 37 69591.1 0 0
99 180 37 69595.3 0 0
99 180 38 69599.5 0 0
99 180 37 69603.8 0 0
99 180 37 69608 0 0
99 180 37 69612.2 0 0
109 173 37 69616.4 0 0
109 173 37 69620.6 0 0
96 182 37 69624.8 0 0
96 182 37 69629 0 0
96 182 38 69633.2 0 0
96 182 37 69638.7 0 0
103 176 37 69642.9 0 0
94 193 38 69647.1 0 0
98 185 37 69651.3 0 0
99 180 37 69655.6 0 0
97 191 37 69659.8 0 0
95 190 37 69664 0 0
97 190 37 69668.6 0 0
94 195 38 69675.2 0 0
100 187 37 69679.4 0 0
98 185 37 69683.6 0 0
90 197 37 69687.8 0 0
93 193 38 69692.1 0 0
101 181 37 69696.3 0 0
99 181 37 69700.5 0 0
84 190 37 69704.7 0 0
84 190 38 69708.9 0 0
68 196 37 69713.1 0 0
62 200 38 69717.4 0 0
59 202 37 69721.6 0 0
59 202 37 69725.8 0 0
59 202 37 69730 0 0
46 211 38 69734.2 0 0
38 197 38 69738.4 0 0
42 201 38 69742.6 0 0
47 204 38 69746.8 0 0
48 208 38 69751.1 0 0
49 215 38 69755.3 0 0
44 205 38 69759.5 0 0
48 213 37 69763.7 0 0
48 209 37 69770.8 0 0
40 205 38 69775 0 0
41 219 37 69779.2 0 0
37 230 38 69783.4 0 0
51 200 37 69787.7 0 0
50 206 38 69791.9 0 0
50 205 38 69796.1 0 0
49 193 38 69800.3 0 0
52 202 38 69804.5 0 0
53 204 38 69808.8 0 0
53 201 38 69813 0 0
54 207 38 69817.2 0 0
52 207 39 69821.4 0 0
50 210 38 69825.7 0 0
51 202 38 69829.9 0 0
50 211 38 69834.1 0 0
49 208 38 69838.3 0 0
50 206 39 69842.5 0 0
51 206 38 69846.7 0 0
53 207 37 69850.9 0 0
51 209 38 69855.2 0 0
48 209 38 69859.4 0 0
53 202 38 69863.6 0 0
52 203 38 69867.8 0 0
48 205 39 69874.7 0 0
50 203 38 69879 0 0
54 201 38 69883.3 0 0
50 207 38 69887.5 0 0
52 203 39 69891.7 0 0
50 206 38 69895.9 0 0
50 208 38 69900.1 0 0
49 202 38 69904.4 0 0
47 212 39 69908.6 0 0
45 196 38 69912.8 0 0
44 204 37 69917 0 0
44 204 38 69921.2 0 0
44 204 38 69925.4 0 0
44 204 38 69929.6 0 0
44 204 38 69933.9 0 0
44 204 38 69938.1 0 0
44 204 38 69942.3 0 0
44 204 38 69946.5 0 0
44 204 39 69950.8 0 0
44 204 38 69955 0 0
23 209 39 69959.2 0 0
25 220 39 69963.4 0 0
23 204 38 69967.6 0 0
22 212 39 69971.8 0 0
25 215 38 69976 0 0
25 215 38 69980.3 0 0
21 206 38 69984.8 0 0
28 211 39 69989 0 0
23 208 39 69993.2 0 0
24 214 39 69997.4 0 0
23 214 38 70001.7 0 0
26 214 39 70005.9 0 0
36 206 38 70010.2 0 0
31 213 39 70014.4 0 0
31 212 38 70018.6 0 0
33 212 38 70022.8 0 0
31 217 38 70027 0 0
34 209 38 70031.2 0 0
29 211 38 70035.5 0 0
34 213 39 70039.7 0 0
35 205 38 70044.1 0 0
32 215 38 70048.3 0 0
33 213 38 70052.5 0 0
33 208 39 70056.7 0 0
33 207 38 70060.9 0 0
32 205 38 70065.1 0 0
32 204 38 70069.3 0 0
34 202 38 70073.6 0 0
31 204 39 70077.8 0 0
31 209 38 70082 0 0
32 202 38 70086.2 0 0
32 213 39 70090.4 0 0
33 203 39 70094.6 0 0
32 203 40 70098.8 0 0
33 204 38 70103.1 0 0
33 202 38 70107.3 0 0
32 206 38 70111.5 0 0
33 202 39 70115.7 0 0
31 200 38 70119.9 0 0
34 197 38 70124.1 0 0
34 197 38 70128.3 0 0
36 207 38 70132.6 0 0
37 201 38 70136.8 0 0
34 202 38 70141 0 0
34 204 38 70145.2 0 0
34 204 39 70149.4 0 0
35 207 39 70153.6 0 0
33 203 38 70157.8 0 0
34 201 39 70162.1 0 0
34 198 39 70166.3 0 0
32 202 38 70170.5 0 0
33 200 39 70174.7 0 0
34 200 38 70178.9 0 0
36 196 39 70183.1 0 0
33 212 38 70187.3 0 0
33 212 38 70191.6 0 0
47 206 38 70195.8 0 0
54 218 38 70200 0 0
58 212 38 70204.2 0 0
61 212 39 70208.4 0 0
66 212 38 70212.6 0 0
64 228 39 70216.9 0 0
67 233 39 70221.1 0 0
62 234 38 70225.3 0 0
62 230 38 70233.7 0 0
64 225 38 70237.9 0 0
65 232 39 70242.1 0 0
62 235 38 70250.6 0 0
64 233 39 70254.8 0 0
63 240 38 70259 0 0
64 229 38 70274.6 0 0
66 229 37 70278.8 0 0
65 229 38 70283 0 0
62 228 38 70287.2 0 0
65 234 38 70291.4 0 0
63 234 38 70295.7 0 0
65 234 38 70299.9 0 0
65 228 38 70304.1 0 0
61 225 38 70308.3 0 0
64 231 38 70312.5 0 0
65 225 38 70316.7 0 0
66 232 38 70320.9 0 0
65 225 38 70325.1 0 0
64 239 37 70329.4 0 0
65 219 38 70333.6 0 0
63 234 37 70337.8 0 0
63 238 37 70342 0 0
59 225 38 70346.2 0 0
64 220 38 70350.4 0 0
60 227 38 70354.6 0 0
63 231 39 70358.8 0 0
66 225 39 70363 0 0
65 225 38 70367.2 0 0
65 236 38 70371.4 0 0
65 224 38 70375.7 0 0
64 226 38 70379.9 0 0
64 224 39 70384.1 0 0
65 228 38 70399.5 0 0
64 226 38 70403.7 0 0
59 233 39 70407.9 0 0
63 233 38 70412.1 0 0
65 229 38 70416.4 0 0
66 230 37 70420.6 0 0
63 233 38 70424.8 0 0
63 232 38 70429 0 0
63 218 38 70433.2 0 0
65 227 38 70437.4 0 0
64 227 38 70441.6 0 0
65 216 38 70445.9 0 0
65 240 38 70450.1 0 0
64 228 38 70454.3 0 0
66 237 38 70458.5 0 0
66 228 38 70462.7 0 0
65 222 38 70466.9 0 0
65 223 38 70471.1 0 0
65 235 38 70475.4 0 0
70 208 38 70479.6 0 0
68 211 38 70483.8 0 0
76 218 38 70488 0 0
83 213 37 70492.2 0 0
80 217 38 70496.4 0 0
76 218 38 70503.6 0 0
80 219 38 70511.9 0 0
77 224 39 70520.1 0 0
80 211 38 70528.6 0 0
83 206 38 70536.8 0 0
81 215 38 70545.1 0 0
77 218 38 70553.3 0 0
80 216 38 70561.8 0 0
79 214 39 70570.1 0 0
75 229 39 70578.5 0 0
75 229 39 70586.8 0 0
81 218 39 70594.2 0 0
109 140 37 70598.4 0 0
100 141 38 70603.3 0 0
108 125 38 70607.5 0 0
113 118 39 70611.8 0 0
104 129 39 70616 0 0
105 130 39 70620.2 0 0
101 131 39 70624.4 0 0
102 128 38 70628.6 0 0
104 132 39 70632.9 0 0
101 134 39 70637.1 0 0
107 136 39 70641.3 0 0
101 131 39 70645.5 0 0
105 127 39 70649.7 0 0
109 126 40 70653.9 0 0
107 124 39 70658.1 0 0
103 134 39 70662.4 0 0
106 123 39 70666.6 0 0
106 126 39 70670.8 0 0
103 127 39 70675 0 0
114 120 39 70679.2 0 0
118 95 39 70683.4 0 0
122 79 39 70687.6 0 0
122 79 39 70691.9 0 0
123 60 40 70696.1 0 0
114 47 40 70700.3 0 0
111 51 39 70704.5 0 0
108 50 41 70711.6 0 0
114 50 40 70715.9 0 0
112 44 40 70720.1 0 0
117 48 40 70724.3 0 0
114 45 40 70728.6 0 0
114 46 40 70732.8 0 0
112 41 40 70737 0 0
113 40 40 70741.2 0 0
113 42 40 70745.4 0 0
110 41 40 70749.6 0 0
113 39 40 70753.9 0 0
114 38 40 70758.1 0 0
113 40 40 70762.3 0 0
114 40 40 70766.5 0 0
112 38 40 70770.7 0 0
111 39 41 70774.9 0 0
111 38 40 70779.1 0 0
113 41 40 70783.3 0 0
112 41 40 70787.6 0 0
115 38 40 70791.8 0 0
116 39 41 70796 0 0
111 39 41 70800.2 0 0
111 42 40 70804.4 0 0
111 42 40 70808.6 0 0
110 40 40 70812.9 0 0
113 39 40 70817.1 0 0
113 37 40 70824 0 0
111 38 40 70828.3 0 0
106 37 41 70832.5 0 0
100 35 40 70836.7 0 0
89 30 41 70840.9 0 0
82 26 41 70845.1 0 0
77 24 40 70849.3 0 0
79 29 41 70853.6 0 0
82 35 41 70857.8 0 0
81 35 41 70862 0 0
82 38 41 70866.2 0 0
85 33 41 70870.4 0 0
83 33 41 70874.6 0 0
84 35 41 70878.9 0 0
84 33 41 70883.1 0 0
82 34 41 70887.3 0 0
83 32 41 70891.5 0 0
84 32 41 70895.7 0 0
82 34 40 70899.9 0 0
82 33 41 70904.1 0 0
84 34 40 70908.3 0 0
80 31 41 70912.6 0 0
79 33 41 70916.8 0 0
79 33 41 70921 0 0
80 30 40 70925.2 0 0
83 36 41 70929.4 0 0
83 36 41 70933.6 0 0
80 29 40 70938 0 0
82 31 40 70942.3 0 0
79 33 41 70946.5 0 0
82 32 41 70950.8 0 0
78 33 41 70955 0 0
80 30 41 70959.2 0 0
82 33 40 70963.4 0 0
81 34 41 70967.6 0 0
81 30 41 70971.8 0 0
77 33 41 70976 0 0
81 30 41 70980.3 0 0
80 34 40 70984.5 0 0
80 33 41 70988.7 0 0
81 32 40 70992.9 0 0
79 30 41 70997.1 0 0
82 32 40 71001.3 0 0
78 29 40 71005.5 0 0
80 34 41 71009.8 0 0
78 31 40 71014 0 0
82 29 41 71018.2 0 0
78 33 40 71022.4 0 0
76 30 40 71026.6 0 0
78 26 40 71030.8 0 0
80 27 40 71035.1 0 0
81 32 40 71039.3 0 0
80 34 40 71043.5 0 0
81 32 41 71047.7 0 0
79 27 40 71051.9 0 0
79 32 41 71056.1 0 0
78 32 40 71060.3 0 0
83 32 41 71064.6 0 0
78 29 40 71068.8 0 0
78 29 40 71073.1 0 0
80 31 40 71077.2 0 0
79 28 40 71081.5 0 0
79 32 40 71085.7 0 0
79 30 40 71089.9 0 0
80 29 41 71094.1 0 0
81 28 40 71098.3 0 0
76 28 40 71102.6 0 0
79 31 40 71106.8 0 0
80 30 40 71111 0 0
77 32 39 71115.2 0 0
80 28 39 71119.4 0 0
79 31 40 71123.6 0 0
82 30 40 71127.9 0 0
79 29 39 71132.1 0 0
79 29 39 71136.3 0 0
78 30 41 71140.5 0 0
78 27 40 71144.7 0 0
80 26 40 71148.9 0 0
79 30 40 71153.1 0 0
78 27 40 71157.3 0 0
80 29 40 71161.6 0 0
80 30 40 71165.8 0 0
78 29 40 71170 0 0
77 30 40 71174.3 0 0
78 30 40 71178.5 0 0
79 26 40 71182.7 0 0
81 28 40 71186.9 0 0
75 28 40 71191.1 0 0
79 28 39 71195.4 0 0
77 28 40 71199.6 0 0
80 28 40 71203.8 0 0
78 26 41 71208 0 0
79 30 40 71212.2 0 0
78 29 40 71216.4 0 0
78 26 40 71220.6 0 0
79 32 40 71224.8 0 0
80 28 41 71229.1 0 0
78 28 41 71233.3 0 0
78 27 40 71237.5 0 0
80 28 40 71241.7 0 0
79 29 40 71245.9 0 0
77 26 39 71250.1 0 0
72 23 40 71254.3 0 0
69 23 40 71259.1 0 0
58 27 40 71263.3 0 0
54 30 40 71267.6 0 0
48 31 40 71271.8 0 0
43 32 41 71276 0 0
38 31 40 71280.2 0 0
35 31 40 71284.4 0 0
30 26 39 71288.6 0 0
33 24 40 71292.8 0 0
38 20 41 71297 0 0
37 20 40 71301.2 0 0
37 21 40 71305.4 0 0
36 21 40 71309.7 0 0
35 22 40 71313.9 0 0
37 20 40 71318.1 0 0
37 20 40 71322.3 0 0
36 23 40 71326.6 0 0
37 18 39 71330.8 0 0
34 21 40 71335 0 0
30 18 39 71339.2 0 0
32 20 40 71343.4 0 0
35 18 40 71347.7 0 0
36 20 39 71351.9 0 0
37 17 40 71356.1 0 0
36 17 40 71360.4 0 0
35 17 40 71364.6 0 0
35 16 39 71368.9 0 0
34 17 39 71373.1 0 0
36 17 39 71377.3 0 0
36 18 39 71381.6 0 0
36 20 40 71385.8 0 0
37 18 39 71390 0 0
35 16 40 71394.2 0 0
36 16 39 71398.5 0 0
34 15 40 71402.7 0 0
36 18 39 71406.9 0 0
36 16 40 71411.1 0 0
32 19 40 71415.4 0 0
38 18 40 71419.7 0 0
38 19 40 71423.9 0 0
35 21 40 71428.1 0 0
35 21 40 71432.3 0 0
38 20 40 71436.5 0 0
33 20 40 71440.7 0 0
38 21 39 71444.9 0 0
35 18 40 71449.1 0 0
33 19 39 71453.4 0 0
36 20 40 71457.6 0 0
38 21 40 71461.8 0 0
35 19 40 71466 0 0
38 21 40 71470.2 0 0
36 19 40 71474.4 0 0
36 19 41 71478.7 0 0
37 20 40 71482.9 0 0
37 21 40 71487.1 0 0
35 21 40 71491.3 0 0
37 20 40 71495.5 0 0
36 20 40 71499.7 0 0
36 19 40 71503.9 0 0
37 20 40 71508.2 0 0
37 19 40 71512.4 0 0
38 21 40 71516.6 0 0
37 21 40 71520.8 0 0
37 22 40 71525 0 0
34 21 40 71529.2 0 0
32 19 40 71533.4 0 0
36 18 40 71537.7 0 0
35 19 40 71541.9 0 0
36 19 40 71546.1 0 0
33 17 40 71550.3 0 0
35 19 40 71554.5 0 0
36 19 41 71559 0 0
34 20 40 71563.2 0 0
36 20 40 71567.4 0 0
35 21 40 71571.6 0 0
33 18 40 71575.9 0 0
36 17 40 71580.1 0 0
36 19 40 71584.3 0 0
33 19 40 71588.5 0 0
35 19 41 71592.7 0 0
32 18 41 71596.9 0 0
33 19 40 71601.2 0 0
35 19 40 71605.5 0 0
35 18 40 71609.7 0 0
33 17 40 71613.9 0 0
36 20 41 71618.1 0 0
37 19 41 71622.3 0 0
34 18 40 71626.5 0 0
33 19 41 71630.7 0 0
34 17 40 71635 0 0
35 16 40 71639.2 0 0
32 18 40 71643.4 0 0
36 19 40 71647.6 0 0
35 19 41 71651.8 0 0
35 18 41 71656 0 0
32 15 40 71660.2 0 0
32 15 41 71664.5 0 0
55 65 41 71668.7 0 0
69 68 40 71672.9 0 0
78 97 40 71677.1 0 0
77 125 40 71681.3 0 0
89 130 40 71685.5 0 0
84 164 39 71689.8 0 0
84 164 39 71694 0 0
84 164 39 71698.2 0 0
74 213 39 71702.4 0 0
70 230 39 71706.7 0 0
72 229 39 71710.9 0 0
79 210 39 71715.1 0 0
74 225 39 71719.3 0 0
77 217 39 71723.5 0 0
77 220 40 71727.8 0 0
83 207 39 71732 0 0
76 222 39 71736.2 0 0
78 216 40 71740.4 0 0
75 230 40 71744.6 0 0
74 224 40 71748.8 0 0
81 217 41 71753.1 0 0
76 220 40 71757.3 0 0
79 213 40 71761.5 0 0
77 220 39 71765.7 0 0
78 216 40 71769.9 0 0
77 223 39 71774.1 0 0
76 219 40 71778.4 0 0
77 220 40 71782.6 0 0
78 219 40 71786.8 0 0
76 224 40 71791 0 0
73 231 40 71795.2 0 0
79 217 40 71799.4 0 0
78 215 39 71803.6 0 0
78 213 40 71807.9 0 0
76 221 40 71812.1 0 0
74 223 40 71819 0 0
80 213 40 71823.3 0 0
75 216 40 71827.5 0 0
78 216 40 71831.7 0 0
79 219 40 71835.9 0 0
81 210 41 71840.1 0 0
80 212 40 71844.3 0 0
76 226 41 71848.5 0 0
81 214 41 71852.8 0 0
72 223 40 71857 0 0
78 221 41 71861.2 0 0
76 222 40 71865.4 0 0
74 225 40 71869.6 0 0
80 223 41 71873.8 0 0
81 213 40 71878.1 0 0
77 218 41 71882.3 0 0
74 228 41 71886.5 0 0
76 222 41 71890.7 0 0
80 216 40 71894.9 0 0
82 212 41 71899.1 0 0
79 213 41 71903.4 0 0
76 218 40 71907.6 0 0
76 222 41 71911.8 0 0
76 222 41 71916.1 0 0
74 228 41 71922.4 0 0
76 225 40 71926.7 0 0
76 224 40 71930.9 0 0
81 219 41 71935.1 0 0
87 209 41 71939.3 0 0
85 224 41 71943.5 0 0
93 211 41 71947.8 0 0
93 207 41 71952 0 0
87 210 41 71956.2 0 0
91 207 42 71960.4 0 0
92 202 41 71964.6 0 0
92 205 41 71968.8 0 0
91 212 42 71973 0 0
92 204 41 71977.2 0 0
90 208 41 71981.5 0 0
91 211 42 71985.7 0 0
89 215 41 71989.9 0 0
90 206 41 71994.1 0 0
90 210 41 71998.3 0 0
93 199 41 72002.5 0 0
89 214 41 72006.7 0 0
91 209 41 72011 0 0
93 203 41 72015.2 0 0
91 211 41 72019.4 0 0
93 204 41 72023.6 0 0
91 207 41 72027.8 0 0
90 208 41 72032 0 0
92 202 41 72036.2 0 0
87 216 41 72040.5 0 0
89 215 41 72045.5 0 0
92 209 41 72049.7 0 0
92 204 42 72053.9 0 0
88 207 41 72058.1 0 0
91 206 41 72062.4 0 0
89 211 41 72066.6 0 0
93 206 41 72070.8 0 0
90 213 41 72075 0 0
90 211 41 72079.2 0 0
90 207 41 72083.4 0 0
91 207 42 72087.7 0 0
91 205 41 72091.9 0 0
88 215 41 72096.1 0 0
93 205 41 72100.3 0 0
90 210 41 72104.5 0 0
90 206 41 72108.8 0 0
85 206 41 72113 0 0
77 219 41 72117.2 0 0
70 217 40 72121.5 0 0
64 223 41 72125.8 0 0
62 224 40 72130 0 0
59 215 40 72134.2 0 0
58 228 40 72138.5 0 0
57 234 41 72142.7 0 0
59 230 41 72146.9 0 0
60 231 40 72151.1 0 0
61 228 41 72155.3 0 0
59 235 40 72159.5 0 0
60 230 41 72163.7 0 0
59 233 42 72167.9 0 0
58 231 40 72172.1 0 0
60 233 41 72180.5 0 0
59 232 41 72184.7 0 0
61 229 41 72188.9 0 0
60 231 40 72193.2 0 0
63 221 40 72197.4 0 0
59 231 40 72201.6 0 0
60 226 41 72205.8 0 0
60 236 41 72210.1 0 0
61 225 41 72214.2 0 0
60 232 40 72218.5 0 0
60 233 41 72222.7 0 0
61 231 41 72226.9 0 0
61 227 41 72231.2 0 0
61 220 41 72235.4 0 0
60 228 41 72239.6 0 0
60 228 41 72243.8 0 0
61 229 41 72248 0 0
61 230 41 72252.2 0 0
62 225 40 72256.4 0 0
62 222 40 72260.7 0 0
59 225 40 72264.9 0 0
59 232 40 72269.1 0 0
61 220 40 72273.3 0 0
62 218 40 72277.6 0 0
62 227 41 72281.8 0 0
61 224 40 72286 0 0
59 231 41 72290.2 0 0
60 231 41 72294.4 0 0
60 233 40 72298.7 0 0
60 223 41 72302.9 0 0
60 221 42 72307.1 0 0
61 233 41 72311.3 0 0
60 219 41 72315.5 0 0
61 227 40 72319.7 0 0
62 225 41 72323.9 0 0
61 219 41 72328.1 0 0
59 228 41 72332.4 0 0
61 227 41 72336.6 0 0
61 216 41 72340.8 0 0
61 218 41 72345 0 0
59 220 40 72349.2 0 0
60 219 41 72353.4 0 0
60 217 40 72357.7 0 0
60 220 41 72361.9 0 0
58 234 40 72366.1 0 0
61 227 40 72370.3 0 0
61 213 40 72374.5 0 0
62 217 40 72378.7 0 0
60 225 40 72382.9 0 0
61 222 40 72387.1 0 0
61 222 40 72391.4 0 0
61 230 41 72395.6 0 0
61 220 40 72399.8 0 0
62 225 40 72404 0 0
68 226 41 72408.2 0 0
76 225 40 72412.4 0 0
86 213 41 72416.7 0 0
91 213 40 72420.9 0 0
100 221 40 72429.3 0 0
102 227 40 72433.5 0 0
105 238 40 72437.7 0 0
104 237 40 72454.6 0 0
108 237 39 72463 0 0
108 232 39 72475.7 0 0
106 239 40 72479.9 0 0
107 237 39 72484.2 0 0
107 235 39 72488.4 0 0
107 232 39 72492.6 0 0
108 230 39 72496.8 0 0
106 238 40 72501 0 0
110 225 39 72505.2 0 0
105 237 39 72509.6 0 0
109 228 39 72513.9 0 0
107 236 38 72518.1 0 0
108 232 39 72522.3 0 0
107 234 39 72526.5 0 0
110 229 39 72530.7 0 0
106 231 39 72534.9 0 0
107 235 39 72539.1 0 0
104 237 39 72543.3 0 0
110 226 39 72547.6 0 0
106 232 39 72551.8 0 0
106 234 39 72556 0 0
109 234 39 72560.2 0 0
106 237 39 72564.5 0 0
109 232 39 72568.7 0 0
108 235 38 72572.9 0 0
108 229 39 72577.1 0 0
105 240 39 72581.3 0 0
107 236 39 72585.5 0 0
108 232 39 72589.7 0 0
106 240 39 72593.9 0 0
110 228 39 72598.2 0 0
107 237 39 72602.4 0 0
109 233 39 72606.6 0 0
106 238 39 72610.8 0 0
108 234 40 72615 0 0
108 235 39 72619.2 0 0
107 233 39 72623.4 0 0
107 235 39 72627.6 0 0
107 232 39 72631.9 0 0
105 239 41 72636.1 0 0
107 236 39 72640.3 0 0
105 233 40 72648.7 0 0
111 225 39 72652.9 0 0
109 228 39 72661.3 0 0
108 230 39 72665.6 0 0
108 227 40 72669.8 0 0
107 235 39 72674 0 0
108 235 39 72678.2 0 0
118 224 39 72682.4 0 0
122 224 40 72686.6 0 0
124 227 40 72690.8 0 0
125 231 39 72695.1 0 0
174 220 38 72699.3 0 0
217 218 38 72703.6 0 0
162 224 39 72707.8 0 0
236 217 38 72712 0 0
233 217 39 72716.2 0 0
191 221 39 72720.4 0 0
230 218 39 72724.6 0 0
230 217 39 72728.8 0 0
232 218 39 72733.1 0 0
232 215 39 72737.3 0 0
243 220 39 72741.5 0 0
240 217 39 72749.9 0 0
211 219 39 72754.1 0 0
243 216 39 72758.3 0 0
260 216 40 72762.6 0 0
243 216 39 72766.8 0 0
255 218 39 72771 0 0
228 215 39 72775.2 0 0
190 222 39 72779.4 0 0
261 212 39 72787.8 0 0
253 213 39 72792.1 0 0
240 216 39 72796.3 0 0
216 219 39 72800.5 0 0
250 218 39 72804.7 0 0
242 215 39 72809 0 0
236 217 39 72813.2 0 0
211 218 40 72817.4 0 0
242 216 40 72821.7 0 0
254 215 39 72830.1 0 0
249 213 39 72838.5 0 0
259 215 39 72846.9 0 0
251 216 39 72851.2 0 0
242 218 39 72855.4 0 0
225 218 39 72859.6 0 0
252 216 39 72863.8 0 0
225 218 39 72868 0 0
243 219 40 72872.2 0 0
212 222 39 72876.5 0 0
221 221 39 72880.7 0 0
233 217 40 72885 0 0
237 218 38 72889.2 0 0
241 217 39 72893.5 0 0
221 217 39 72897.7 0 0
129 226 39 72901.9 0 0
126 222 39 72906.1 0 0
122 224 40 72910.3 0 0
112 233 40 72914.6 0 0
114 221 40 73167.8 0 0
109 219 40 73172 0 0
102 222 39 73176.2 0 0
94 227 40 73180.4 0 0
96 215 40 73184.6 0 0
91 219 40 73188.9 0 0
90 212 40 73193.1 0 0
82 227 40 73197.3 0 0
82 211 40 73201.6 0 0
78 216 40 73205.8 0 0
82 210 40 73210 0 0
82 211 40 73214.2 0 0
82 216 40 73218.4 0 0
82 218 40 73222.6 0 0
81 217 40 73226.8 0 0
79 222 40 73231.1 0 0
79 221 41 73235.3 0 0
79 218 40 73239.5 0 0
82 220 41 73243.7 0 0
78 221 41 73247.9 0 0
80 219 40 73252.1 0 0
81 218 40 73256.4 0 0
81 211 40 73260.6 0 0
75 213 41 73264.8 0 0
69 227 41 73269.1 0 0
58 236 40 73273.2 0 0
57 233 41 73277.8 0 0
57 230 40 73282 0 0
57 233 41 73286.2 0 0
60 231 41 73290.5 0 0
61 220 41 73294.7 0 0
61 229 41 73298.9 0 0
61 226 41 73303.1 0 0
56 238 41 73307.3 0 0
57 226 40 73311.5 0 0
59 231 41 73315.7 0 0
59 232 41 73320 0 0
58 227 41 73324.2 0 0
59 224 41 73328.4 0 0
58 227 40 73332.6 0 0
60 240 40 73336.8 0 0
58 234 41 73341 0 0
58 227 41 73345.2 0 0
60 225 41 73349.5 0 0
58 227 40 73353.7 0 0
59 222 41 73358 0 0
59 224 41 73362.2 0 0
57 230 41 73366.5 0 0
57 229 40 73370.8 0 0
57 232 41 73374.9 0 0
59 223 41 73379.2 0 0
58 232 41 73383.4 0 0
59 226 41 73387.6 0 0
57 235 41 73396 0 0
59 219 40 73400.3 0 0
56 236 40 73404.6 0 0
58 225 40 73408.8 0 0
58 230 41 73413 0 0
56 230 40 73417.3 0 0
57 225 41 73421.5 0 0
59 227 41 73425.7 0 0
56 236 40 73429.9 0 0
58 227 40 73434.1 0 0
60 235 40 73438.3 0 0
57 234 40 73442.5 0 0
58 235 40 73447.2 0 0
58 227 41 73451.5 0 0
58 239 41 73455.7 0 0
57 240 40 73459.9 0 0
57 230 40 73464.1 0 0
57 230 40 73472.5 0 0
58 229 40 73476.8 0 0
57 231 40 73481 0 0
59 223 40 73485.2 0 0
60 228 40 73489.4 0 0
56 222 40 73493.6 0 0
59 231 40 73497.8 0 0
58 230 40 73502.1 0 0
58 233 41 73506.3 0 0
57 225 40 73510.5 0 0
58 232 40 73514.7 0 0
57 227 39 73518.9 0 0
59 231 41 73523.1 0 0
59 232 41 73527.4 0 0
59 232 40 73531.6 0 0
57 225 40 73535.8 0 0
59 230 40 73540.1 0 0
60 235 40 73552.7 0 0
57 227 40 73556.9 0 0
59 229 39 73561.1 0 0
57 226 40 73565.4 0 0
57 238 40 73569.6 0 0
57 227 40 73573.8 0 0
58 227 40 73578 0 0
59 231 40 73582.2 0 0
58 228 39 73586.4 0 0
58 227 40 73590.6 0 0
57 231 39 73594.8 0 0
59 228 39 73599 0 0
58 231 40 73603.3 0 0
59 230 39 73607.5 0 0
58 228 39 73611.7 0 0
59 228 40 73615.9 0 0
59 221 40 73620.1 0 0
58 235 40 73624.3 0 0
57 239 40 73628.6 0 0
59 227 40 73632.8 0 0
59 232 40 73637 0 0
58 237 39 73641.2 0 0
58 237 40 73649.6 0 0
57 234 39 73653.8 0 0
58 228 40 73658 0 0
59 236 39 73662.3 0 0
58 236 39 73666.5 0 0
64 231 39 73670.7 0 0
69 227 40 73674.9 0 0
76 210 39 73679.1 0 0
70 222 40 73683.3 0 0
72 224 39 73687.5 0 0
76 221 38 73691.8 0 0
74 232 39 73696 0 0
78 217 39 73700.2 0 0
74 219 38 73704.4 0 0
75 222 39 73708.6 0 0
73 221 39 73712.9 0 0
76 227 38 73717.1 0 0
75 226 39 73721.3 0 0
76 234 39 73725.5 0 0
74 233 39 73729.7 0 0
75 223 39 73733.9 0 0
77 224 38 73738.1 0 0
74 238 38 73742.4 0 0
74 226 38 73746.6 0 0
74 228 38 73750.8 0 0
80 217 38 73755 0 0
76 227 38 73759.2 0 0
74 228 38 73763.5 0 0
75 231 38 73767.7 0 0
76 220 38 73771.9 0 0
76 226 38 73776.1 0 0
75 220 38 73780.3 0 0
77 223 38 73784.6 0 0
72 230 38 73788.8 0 0
76 220 38 73793 0 0
74 223 38 73797.2 0 0
77 213 38 73801.4 0 0
76 225 38 73805.7 0 0
73 221 38 73809.9 0 0
73 229 38 73814.1 0 0
75 227 38 73818.3 0 0
75 221 39 73822.6 0 0
74 224 38 73826.8 0 0
75 220 38 73831 0 0
74 222 38 73835.2 0 0
74 224 37 73839.4 0 0
73 228 37 73843.6 0 0
77 222 39 73850.5 0 0
76 225 38 73854.7 0 0
76 227 38 73858.9 0 0
75 223 38 73863.2 0 0
76 218 38 73867.4 0 0
75 225 38 73871.6 0 0
76 220 38 73875.8 0 0
75 216 37 73880 0 0
76 222 38 73884.3 0 0
77 225 38 73888.5 0 0
84 217 39 73892.7 0 0
90 207 38 73896.9 0 0
93 195 38 73901.1 0 0
88 200 39 73905.3 0 0
89 196 38 73909.6 0 0
83 205 38 73913.8 0 0
90 197 38 73918 0 0
85 196 39 73922.2 0 0
83 204 38 73926.4 0 0
83 209 38 73930.6 0 0
84 202 38 73934.8 0 0
87 204 38 73939 0 0
82 204 38 73943.3 0 0
83 204 38 73947.5 0 0
88 203 38 73951.7 0 0
80 206 38 73955.9 0 0
95 192 38 73960.1 0 0
83 197 38 73967.2 0 0
80 191 37 73971.4 0 0
80 191 38 73975.6 0 0
77 152 37 73979.8 0 0
84 124 37 73984 0 0
74 118 38 73988.2 0 0
68 114 38 73992.4 0 0
72 91 38 73996.6 0 0
71 74 38 74000.9 0 0
68 56 38 74005.1 0 0
56 66 38 74009.3 0 0
51 65 38 74013.9 0 0
45 54 39 74018.1 0 0
44 59 38 74022.3 0 0
43 63 39 74026.5 0 0
44 62 38 74030.8 0 0
45 65 38 74037.6 0 0
45 50 38 74041.9 0 0
40 64 39 74046.1 0 0
46 49 39 74050.3 0 0
46 51 38 74054.5 0 0
43 47 38 74058.7 0 0
43 52 39 74063 0 0
43 50 38 74067.2 0 0
41 54 39 74071.4 0 0
46 51 39 74075.7 0 0
38 47 38 74079.9 0 0
43 50 39 74084.1 0 0
39 49 38 74088.3 0 0
41 52 38 74092.5 0 0
40 50 39 74096.7 0 0
42 49 39 74100.9 0 0
42 47 39 74105.1 0 0
43 51 38 74109.4 0 0
43 51 38 74113.6 0 0
43 52 39 74117.8 0 0
43 50 38 74122 0 0
45 52 38 74126.2 0 0
44 53 39 74130.4 0 0
44 53 39 74134.7 0 0
43 50 38 74141.2 0 0
42 50 40 74145.5 0 0
39 51 38 74149.7 0 0
43 49 39 74153.9 0 0
41 49 39 74158.1 0 0
42 52 39 74162.3 0 0
41 49 39 74166.6 0 0
41 49 39 74170.8 0 0
41 51 39 74175 0 0
42 50 39 74179.2 0 0
39 49 39 74183.4 0 0
41 50 38 74187.7 0 0
41 50 39 74191.9 0 0
41 49 39 74196.1 0 0
42 53 39 74200.4 0 0
41 49 40 74204.6 0 0
42 52 39 74208.8 0 0
42 52 39 74213 0 0
41 48 39 74217.2 0 0
43 46 40 74221.4 0 0
40 46 39 74225.6 0 0
42 49 39 74229.9 0 0
42 51 39 74234.1 0 0
42 46 38 74238.3 0 0
41 50 39 74242.5 0 0
41 48 39 74246.7 0 0
43 48 39 74251 0 0
42 49 39 74255.2 0 0
43 48 39 74259.4 0 0
42 51 39 74263.6 0 0
43 50 40 74267.9 0 0
40 52 39 74272.1 0 0
43 52 39 74276.3 0 0
40 53 38 74280.5 0 0
40 49 39 74284.7 0 0
41 46 39 74288.9 0 0
41 50 39 74293.1 0 0
40 49 39 74297.3 0 0
40 49 39 74301.6 0 0
43 47 39 74305.8 0 0
40 47 38 74309.9 0 0
40 49 39 74314.2 0 0
42 48 39 74318.4 0 0
38 51 39 74322.7 0 0
41 49 39 74326.9 0 0
43 50 40 74331.1 0 0
43 48 39 74335.3 0 0
41 45 39 74339.5 0 0
43 53 39 74343.7 0 0
42 48 38 74347.9 0 0
40 47 39 74352.2 0 0
42 46 39 74356.4 0 0
42 49 39 74360.6 0 0
41 50 39 74364.8 0 0
43 47 39 74369 0 0
40 45 40 74373.2 0 0
41 50 39 74377.4 0 0
42 48 39 74381.7 0 0
43 47 39 74385.9 0 0
43 49 39 74390.1 0 0
42 50 39 74394.3 0 0
43 46 39 74398.5 0 0
42 51 38 74402.7 0 0
42 49 39 74406.9 0 0
40 50 39 74411.2 0 0
43 49 39 74415.4 0 0
40 49 39 74419.6 0 0
43 45 39 74423.9 0 0
41 46 40 74428.1 0 0
42 47 39 74432.2 0 0
42 49 39 74436.4 0 0
41 45 39 74440.7 0 0
41 46 39 74444.9 0 0
41 48 39 74449.1 0 0
42 45 39 74453.3 0 0
43 47 39 74457.6 0 0
42 47 39 74461.8 0 0
41 50 39 74465.9 0 0
42 45 39 74470.2 0 0
40 47 39 74474.4 0 0
40 50 40 74478.6 0 0
40 50 39 74482.8 0 0
40 46 40 74487 0 0
40 51 39 74491.3 0 0
41 46 39 74495.5 0 0
45 48 39 74499.7 0 0
52 53 39 74503.9 0 0
66 57 39 74508.2 0 0
75 62 39 74512.4 0 0
83 66 40 74516.6 0 0
91 77 39 74520.8 0 0
98 95 40 74525 0 0
92 115 39 74529.2 0 0
99 133 39 74533.4 0 0
111 123 39 74537.7 0 0
106 135 39 74541.9 0 0
109 134 38 74546.1 0 0
96 148 37 74550.3 0 0
103 141 38 74554.5 0 0
94 147 38 74558.8 0 0
109 128 38 74563 0 0
92 148 38 74567.2 0 0
97 148 37 74571.5 0 0
108 136 38 74575.7 0 0
105 136 38 74579.9 0 0
109 132 38 74584.1 0 0
108 142 37 74588.3 0 0
106 134 38 74592.5 0 0
107 138 38 74596.7 0 0
106 140 38 74600.9 0 0
96 142 38 74605.2 0 0
102 143 38 74609.4 0 0
105 139 39 74616.5 0 0
106 135 38 74624.8 0 0
106 135 38 74633.2 0 0
102 145 38 74641 0 0
103 141 38 74645.2 0 0
101 145 38 74649.7 0 0
107 140 38 74653.9 0 0
102 145 37 74658.2 0 0
103 141 38 74662.4 0 0
108 135 38 74666.6 0 0
105 135 38 74670.9 0 0
108 131 38 74675.1 0 0
107 135 38 74679.3 0 0
105 135 38 74683.5 0 0
109 135 38 74687.7 0 0
106 138 38 74691.9 0 0
107 137 39 74696.1 0 0
105 139 39 74700.4 0 0
105 140 38 74704.6 0 0
105 141 38 74708.8 0 0
104 141 38 74713 0 0
107 141 38 74717.2 0 0
102 140 38 74721.4 0 0
105 140 39 74725.6 0 0
99 153 39 74729.8 0 0
89 166 38 74734.1 0 0
89 166 38 74738.3 0 0
58 221 38 74742.5 0 0
62 240 39 74749.6 0 0
62 240 39 74757.9 0 0
66 218 39 74766 0 0
66 215 39 74770.2 0 0
65 214 38 74774.6 0 0
66 215 38 74778.8 0 0
67 211 39 74783 0 0
68 212 38 74787.2 0 0
64 222 39 74791.5 0 0
64 218 39 74795.7 0 0
68 211 39 74799.9 0 0
64 218 39 74804.1 0 0
67 216 39 74808.3 0 0
66 218 40 74812.5 0 0
65 217 39 74816.8 0 0
65 217 39 74821 0 0
65 215 38 74825.2 0 0
66 217 39 74829.4 0 0
65 225 39 74833.6 0 0
69 207 39 74837.8 0 0
63 216 39 74842 0 0
65 216 39 74846.3 0 0
65 216 39 74850.5 0 0
67 217 39 74854.7 0 0
66 211 39 74858.9 0 0
63 226 39 74863.1 0 0
67 214 39 74867.3 0 0
66 217 40 74874.5 0 0
67 215 39 74882.8 0 0
74 223 39 74891.1 0 0
74 223 39 74899.5 0 0
89 218 40 74906.6 0 0
98 217 41 74910.9 0 0
98 217 39 74916.2 0 0
108 211 39 74920.5 0 0
129 188 39 74924.7 0 0
165 175 39 74928.9 0 0
149 178 39 74933.1 0 0
129 178 40 74937.4 0 0
129 178 40 74941.6 0 0
128 181 39 74945.8 0 0
129 179 40 74950 0 0
135 176 40 74954.2 0 0
150 176 39 74958.4 0 0
128 179 40 74962.6 0 0
148 173 39 74966.8 0 0
137 177 40 74971.1 0 0
140 177 40 74975.3 0 0
128 178 40 74979.5 0 0
134 175 40 74983.7 0 0
129 178 39 74987.9 0 0
136 178 40 74992.2 0 0
137 177 39 74996.6 0 0
129 179 39 75000.8 0 0
152 175 39 75005.1 0 0
152 175 39 75009.3 0 0
130 179 39 75016 0 0
130 179 40 75020.2 0 0
131 178 40 75024.4 0 0
150 174 39 75028.6 0 0
152 170 40 75032.9 0 0
153 172 39 75037.1 0 0
166 172 40 75041.4 0 0
142 174 39 75045.6 0 0
146 176 40 75049.8 0 0
154 177 39 75054 0 0
130 180 40 75058.2 0 0
143 176 39 75062.4 0 0
142 176 39 75066.6 0 0
160 171 39 75070.9 0 0
184 164 40 75075.1 0 0
211 156 41 75079.3 0 0
189 122 40 75083.5 0 0
187 110 40 75087.7 0 0
198 89 41 75091.9 0 0
194 88 41 75096.1 0 0
194 64 42 75100.4 0 0
194 64 41 75104.6 0 0
169 1 40 75527.2 0 0
195 67 40 75560.9 0 0
196 66 39 75565.1 0 0
193 65 40 75573.6 0 0
189 66 40 75577.8 0 0
194 66 40 75582 0 0
195 65 40 75586.2 0 0
191 64 40 75590.4 0 0
194 66 40 75594.6 0 0
170 3 40 75598.9 0 0
171 4 39 75603.1 0 0
191 68 40 75607.4 0 0
190 66 40 75611.6 0 0
195 67 40 75615.8 0 0
170 2 40 75620 0 0
190 67 39 75624.2 0 0
191 65 40 75628.4 0 0
194 68 40 75632.6 0 0
191 65 39 75641.1 0 0
190 68 39 75645.3 0 0
190 68 40 75649.5 0 0
194 66 39 75653.7 0 0
193 68 40 75657.9 0 0
170 3 39 75662.1 0 0
189 65 39 75666.4 0 0
197 70 38 75670.6 0 0
189 65 39 75674.8 0 0
185 60 39 75679 0 0
189 65 39 75683.2 0 0
191 66 39 75687.4 0 0
190 66 39 75691.6 0 0
192 67 39 75695.9 0 0
187 68 39 75700.1 0 0
193 68 39 75704.3 0 0
166 1 39 75708.6 0 0
167 2 39 75712.8 0 0
170 5 39 75717 0 0
190 61 39 75721.2 0 0
193 64 39 75725.4 0 0
186 62 38 75729.6 0 0
196 67 39 75733.8 0 0
192 62 39 75738 0 0
191 63 39 75742.2 0 0
196 65 39 75746.4 0 0
189 64 38 75750.7 0 0
195 61 39 75754.9 0 0
186 63 39 75759.2 0 0
195 65 38 75763.4 0 0
193 63 38 75767.6 0 0
195 66 39 75771.8 0 0
192 67 39 75776 0 0
192 66 39 75780.2 0 0
193 64 39 75784.4 0 0
190 62 39 75788.7 0 0
195 70 38 75792.9 0 0
190 66 38 75797.1 0 0
194 70 38 75801.3 0 0
191 66 38 75805.5 0 0
193 65 38 75809.7 0 0
196 66 38 75813.9 0 0
193 66 38 75818.1 0 0
195 64 38 75822.4 0 0
192 64 39 75826.6 0 0
195 69 38 75830.8 0 0
192 65 39 75835 0 0
188 64 39 75839.2 0 0
196 65 39 75843.4 0 0
190 64 38 75847.6 0 0
192 64 38 75851.8 0 0
193 67 38 75856.1 0 0
192 67 38 75860.3 0 0
195 66 38 75864.5 0 0
197 66 38 75868.7 0 0
194 66 38 75872.9 0 0
192 64 39 75877.2 0 0
191 64 38 75881.4 0 0
192 64 39 75885.6 0 0
189 57 38 75889.8 0 0
186 51 38 75894 0 0
163 4 38 75898.3 0 0
165 6 39 75919.4 0 0
162 7 38 75923.6 0 0
164 8 39 75927.8 0 0
162 4 38 75932 0 0
161 3 38 75936.2 0 0
160 3 38 75940.4 0 0
159 1 38 75948.9 0 0
159 2 38 75953.1 0 0
161 3 39 75961.5 0 0
161 2 38 75965.7 0 0
160 3 39 75982.8 0 0
161 3 38 75987 0 0
166 7 38 75991.2 0 0
160 2 39 75995.4 0 0
162 3 39 75999.6 0 0
162 5 38 76003.8 0 0
163 4 38 76008.1 0 0
167 7 38 76012.3 0 0
163 5 38 76016.5 0 0
164 6 38 76020.7 0 0
162 6 38 76024.9 0 0
168 11 39 76029.1 0 0
163 5 38 76033.3 0 0
168 12 38 76040.1 0 0
165 9 38 76044.4 0 0
165 6 38 76048.8 0 0
162 7 38 76053.1 0 0
164 5 39 76057.3 0 0
169 11 39 76061.5 0 0
163 6 39 76065.7 0 0
168 12 39 76069.9 0 0
161 5 39 76074.2 0 0
166 8 39 76078.4 0 0
187 56 39 76082.6 0 0
161 4 38 76086.8 0 0
160 4 38 76091 0 0
163 6 39 76095.2 0 0
165 8 38 76099.4 0 0
166 8 39 76103.7 0 0
162 7 39 76107.9 0 0
166 12 39 76112.1 0 0
165 9 39 76116.3 0 0
162 6 39 76120.5 0 0
163 7 39 76124.7 0 0
163 8 39 76128.9 0 0
162 5 39 76133.2 0 0
163 7 39 76140 0 0
165 9 39 76144.2 0 0
168 12 39 76148.5 0 0
164 8 40 76152.7 0 0
168 11 39 76156.9 0 0
162 5 39 76161.1 0 0
162 8 39 76165.3 0 0
166 10 39 76169.6 0 0
163 6 40 76173.8 0 0
165 12 40 76178 0 0
167 13 40 76182.2 0 0
168 10 39 76186.4 0 0
166 10 39 76190.6 0 0
163 8 40 76194.8 0 0
162 8 40 76199 0 0
164 8 40 76203.2 0 0
165 8 40 76207.4 0 0
165 9 39 76211.7 0 0
167 12 40 76215.9 0 0
167 12 39 76220.1 0 0
167 13 40 76224.3 0 0
167 13 39 76228.5 0 0
170 14 40 76232.8 0 0
168 11 39 76237 0 0
164 11 39 76241.2 0 0
169 14 40 76245.4 0 0
170 15 39 76249.6 0 0
166 11 40 76253.8 0 0
163 6 40 76264.9 0 0
188 55 40 76273.3 0 0
206 73 40 76281.6 0 0
206 73 40 76290.1 0 0
223 95 39 76297.3 0 0
248 131 39 76301.5 0 0
248 131 39 76306.6 0 0
158 209 38 76315.1 0 0
158 209 38 76319.4 0 0
120 229 39 76323.6 0 0
117 218 40 76675.7 0 0
261 184 40 76679.9 0 0
258 167 41 76684.1 0 0
258 167 40 76688.3 0 0
211 110 40 76692.5 0 0
211 110 41 76696.8 0 0
211 110 41 76701 0 0
224 68 41 76705.2 0 0
218 71 41 76709.4 0 0
202 28 41 76713.6 0 0
202 35 41 76717.8 0 0
202 37 41 76722 0 0
198 35 41 76726.2 0 0
198 34 42 76730.5 0 0
197 32 42 76734.7 0 0
198 32 41 76738.9 0 0
201 38 41 76743.1 0 0
199 37 42 76747.3 0 0
198 35 41 76751.5 0 0
197 34 41 76755.7 0 0
200 37 42 76760 0 0
195 33 41 76764.2 0 0
198 34 42 76768.4 0 0
197 33 42 76772.6 0 0
197 35 42 76776.9 0 0
199 37 42 76781.1 0 0
200 38 41 76785.3 0 0
199 38 41 76789.5 0 0
200 38 41 76793.7 0 0
198 36 41 76797.9 0 0
199 37 42 76802.2 0 0
199 36 42 76806.4 0 0
197 35 42 76810.6 0 0
199 38 42 76814.8 0 0
198 36 42 76819 0 0
199 37 41 76823.3 0 0
199 38 42 76827.5 0 0
200 39 42 76831.7 0 0
198 36 41 76835.9 0 0
198 37 42 76840.2 0 0
200 38 41 76844.4 0 0
197 34 42 76848.7 0 0
199 37 42 76852.9 0 0
199 36 41 76857.1 0 0
200 38 41 76861.3 0 0
194 34 42 76865.6 0 0
187 33 42 76869.8 0 0
181 31 42 76873.9 0 0
174 24 42 76878.2 0 0
173 23 42 76882.4 0 0
182 29 42 76886.6 0 0
177 25 42 76890.8 0 0
181 28 42 76895.1 0 0
180 28 42 76899.3 0 0
180 28 42 76903.5 0 0
180 25 43 76907.7 0 0
181 28 42 76911.9 0 0
180 28 42 76916.1 0 0
182 29 42 76920.4 0 0
185 33 41 76924.6 0 0
181 28 42 76928.8 0 0
179 27 41 76933 0 0
179 27 42 76937.2 0 0
181 29 42 76941.4 0 0
182 29 42 76945.6 0 0
184 28 41 76949.9 0 0
181 29 42 76954.1 0 0
182 30 42 76958.4 0 0
183 30 42 76962.6 0 0
182 30 41 76966.8 0 0
181 29 42 76971 0 0
182 31 42 76975.2 0 0
181 27 42 76979.4 0 0
178 26 42 76983.7 0 0
183 29 41 76987.9 0 0
178 24 42 76992.1 0 0
183 29 41 76996.3 0 0
181 27 42 77000.5 0 0
181 27 42 77004.7 0 0
182 26 41 77009 0 0
182 30 41 77013.2 0 0
180 26 42 77017.4 0 0
182 28 41 77021.6 0 0
182 29 41 77025.8 0 0
182 27 41 77030.1 0 0
179 27 41 77034.3 0 0
181 27 42 77038.5 0 0
181 27 41 77042.8 0 0
178 26 42 77047 0 0
180 27 41 77051.2 0 0
177 27 41 77055.4 0 0
175 23 42 77059.6 0 0
180 28 42 77063.8 0 0
177 23 41 77068 0 0
181 28 42 77072.2 0 0
178 26 41 77076.5 0 0
179 26 41 77080.7 0 0
178 25 41 77084.9 0 0
178 25 41 77089.1 0 0
180 27 42 77093.3 0 0
177 24 41 77097.6 0 0
179 25 41 77101.8 0 0
180 27 41 77106.1 0 0
176 25 41 77110.4 0 0
179 26 41 77114.6 0 0
175 23 42 77118.8 0 0
179 25 41 77123 0 0
178 25 41 77127.2 0 0
177 25 41 77131.5 0 0
176 23 41 77135.7 0 0
181 28 41 77139.9 0 0
180 25 41 77144.1 0 0
179 26 41 77148.3 0 0
178 27 41 77152.5 0 0
180 26 41 77156.7 0 0
177 24 42 77160.9 0 0
180 25 42 77165.2 0 0
175 21 42 77169.4 0 0
177 22 41 77173.6 0 0
180 26 41 77177.9 0 0
177 24 41 77182.1 0 0
180 26 41 77186.3 0 0
174 20 41 77190.5 0 0
179 25 41 77194.7 0 0
179 25 41 77198.9 0 0
180 25 42 77203.5 0 0
180 24 41 77207.7 0 0
178 23 42 77211.9 0 0
175 20 41 77216.1 0 0
179 25 41 77220.3 0 0
177 23 41 77224.6 0 0
176 23 41 77228.8 0 0
179 24 41 77233 0 0
179 26 41 77237.3 0 0
178 23 42 77241.5 0 0
178 22 41 77245.7 0 0
172 18 41 77249.9 0 0
179 25 41 77254.1 0 0
172 18 41 77258.3 0 0
180 26 41 77262.6 0 0
176 21 41 77266.8 0 0
176 23 41 77271 0 0
177 23 41 77275.2 0 0
176 21 41 77279.4 0 0
175 21 41 77283.6 0 0
174 18 41 77287.8 0 0
175 21 42 77292.1 0 0
175 21 41 77296.3 0 0
173 20 42 77300.5 0 0
176 21 40 77304.7 0 0
176 20 41 77309 0 0
175 20 41 77313.2 0 0
176 21 41 77317.4 0 0
170 17 40 77321.7 0 0
173 19 41 77325.9 0 0
177 22 40 77330.1 0 0
175 20 41 77334.3 0 0
174 18 41 77338.5 0 0
175 20 41 77342.7 0 0
177 21 41 77346.9 0 0
172 16 40 77351.2 0 0
178 23 41 77355.4 0 0
174 18 41 77359.6 0 0
177 21 40 77363.9 0 0
179 22 41 77368.1 0 0
176 20 41 77372.3 0 0
173 18 41 77376.5 0 0
175 21 40 77380.8 0 0
185 27 41 77385 0 0
196 33 41 77389.2 0 0
210 41 40 77393.4 0 0
222 45 40 77397.6 0 0
232 52 39 77401.9 0 0
235 58 39 77406.1 0 0
244 60 40 77410.3 0 0
248 55 39 77414.7 0 0
245 53 39 77418.9 0 0
247 55 39 77423.1 0 0
245 52 39 77427.3 0 0
246 54 39 77431.5 0 0
247 57 39 77435.7 0 0
249 58 39 77439.9 0 0
246 55 39 77444.1 0 0
247 55 39 77448.4 0 0
250 58 39 77452.6 0 0
245 54 39 77456.8 0 0
245 55 39 77461 0 0
248 57 40 77465.2 0 0
247 55 39 77469.4 0 0
248 56 39 77473.6 0 0
250 57 39 77477.9 0 0
248 56 39 77482.1 0 0
246 56 39 77486.3 0 0
253 61 39 77490.5 0 0
252 61 39 77494.7 0 0
246 57 39 77498.9 0 0
248 59 39 77503.1 0 0
248 56 39 77507.3 0 0
249 57 39 77511.6 0 0
246 58 38 77515.8 0 0
250 58 39 77520 0 0
249 59 38 77524.2 0 0
247 57 39 77528.4 0 0
249 59 39 77532.6 0 0
250 59 39 77536.9 0 0
250 60 39 77541.1 0 0
246 56 39 77545.3 0 0
248 57 39 77549.5 0 0
250 58 39 77553.7 0 0
248 58 39 77557.9 0 0
248 56 39 77562.1 0 0
251 60 39 77566.4 0 0
248 57 39 77570.6 0 0
248 58 39 77574.8 0 0
246 56 39 77579 0 0
248 59 39 77583.2 0 0
251 60 39 77587.4 0 0
247 57 39 77591.7 0 0
247 58 39 77595.9 0 0
247 55 39 77600.1 0 0
248 59 39 77604.3 0 0
249 59 39 77608.6 0 0
247 58 39 77613 0 0
251 60 39 77617.2 0 0
249 59 38 77621.4 0 0
253 63 39 77625.6 0 0
247 57 39 77629.9 0 0
244 55 40 77634.1 0 0
245 55 39 77638.4 0 0
248 58 39 77642.6 0 0
247 56 38 77646.8 0 0
251 61 39 77651 0 0
249 60 39 77655.2 0 0
250 60 39 77659.4 0 0
250 62 39 77663.6 0 0
250 60 39 77667.9 0 0
249 60 39 77672.1 0 0
249 58 39 77676.3 0 0
250 60 39 77680.5 0 0
248 59 39 77684.7 0 0
249 57 39 77688.9 0 0
246 57 39 77693.1 0 0
250 60 39 77697.4 0 0
249 59 39 77701.6 0 0
247 60 39 77705.8 0 0
247 59 39 77710 0 0
250 66 39 77714.2 0 0
253 72 40 77718.4 0 0
253 71 39 77722.6 0 0
257 74 39 77726.8 0 0
252 72 39 77731.1 0 0
252 71 39 77735.3 0 0
251 69 39 77739.5 0 0
252 69 39 77743.7 0 0
253 71 39 77747.9 0 0
250 68 38 77752.1 0 0
251 70 39 77756.3 0 0
253 72 39 77760.6 0 0
249 68 39 77764.8 0 0
253 71 39 77769 0 0
255 72 39 77773.2 0 0
255 72 39 77777.4 0 0
252 70 39 77781.7 0 0
253 70 39 77785.9 0 0
254 70 39 77790.1 0 0
253 73 39 77796.8 0 0
251 69 39 77801.1 0 0
252 69 39 77805.3 0 0
251 72 39 77809.6 0 0
253 70 39 77813.8 0 0
252 71 39 77818 0 0
253 70 39 77822.3 0 0
252 71 39 77826.5 0 0
253 71 40 77830.8 0 0
253 70 39 77834.9 0 0
253 71 39 77839.2 0 0
254 72 39 77843.4 0 0
250 68 39 77847.6 0 0
254 73 39 77851.8 0 0
255 73 39 77856.1 0 0
254 70 39 77860.5 0 0
252 70 39 77864.8 0 0
252 69 39 77868.9 0 0
251 71 39 77873.2 0 0
252 70 39 77877.4 0 0
251 71 39 77881.6 0 0
253 70 39 77888.5 0 0
250 69 39 77892.8 0 0
252 68 40 77897 0 0
253 70 39 77901.2 0 0
253 70 39 77905.4 0 0
251 68 39 77909.7 0 0
252 69 39 77914.4 0 0
252 70 39 77918.6 0 0
251 68 39 77922.8 0 0
251 67 39 77927.1 0 0
250 65 40 77931.2 0 0
253 71 39 77935.4 0 0
253 69 39 77939.7 0 0
251 69 39 77943.9 0 0
251 69 39 77948.1 0 0
253 70 39 77953.5 0 0
252 70 39 77957.7 0 0
254 70 39 77961.9 0 0
253 69 39 77966.1 0 0
253 70 39 77970.3 0 0
254 69 39 77974.6 0 0
251 68 39 77978.8 0 0
253 71 39 77983 0 0
254 71 39 77987.2 0 0
254 71 39 77991.4 0 0
253 70 39 77995.6 0 0
255 72 39 77999.9 0 0
252 68 39 78004.1 0 0
251 68 39 78008.3 0 0
253 70 39 78012.5 0 0
251 68 40 78016.7 0 0
255 71 40 78020.9 0 0
252 69 39 78025.2 0 0
252 67 39 78029.4 0 0
250 65 40 78033.6 0 0
254 69 39 78037.8 0 0
252 71 39 78042 0 0
251 68 39 78046.2 0 0
251 69 39 78050.4 0 0
253 70 39 78054.7 0 0
249 67 39 78058.9 0 0
254 70 39 78063.1 0 0
252 69 39 78067.3 0 0
251 68 39 78071.5 0 0
252 68 39 78075.8 0 0
255 69 39 78080 0 0
250 67 40 78084.2 0 0
252 68 39 78088.4 0 0
252 69 39 78092.6 0 0
252 67 39 78096.8 0 0
251 65 39 78101 0 0
249 67 39 78105.2 0 0
251 67 39 78109.4 0 0
250 65 39 78113.7 0 0
253 68 39 78117.9 0 0
253 68 39 78122.1 0 0
252 68 40 78126.3 0 0
252 67 39 78130.6 0 0
256 69 40 78134.8 0 0
251 66 39 78139 0 0
252 69 40 78143.2 0 0
250 66 39 78147.4 0 0
252 65 39 78151.6 0 0
252 67 39 78155.8 0 0
253 66 39 78160 0 0
258 65 39 78164.2 0 0
254 56 39 78168.5 0 0
254 56 39 78172.7 0 0
254 56 39 78176.9 0 0
254 56 39 78181.1 0 0
254 56 39 78185.3 0 0
254 56 39 78189.6 0 0
254 56 38 78193.8 0 0
254 56 39 78198 0 0
254 56 39 78202.2 0 0
254 56 39 78206.4 0 0
254 56 39 78210.6 0 0
254 56 39 78214.9 0 0
254 56 38 78219.1 0 0
254 56 39 78223.3 0 0
254 56 38 78227.5 0 0
254 56 39 78231.7 0 0
254 56 39 78235.9 0 0
254 56 39 78240.2 0 0
254 56 39 78244.4 0 0
254 56 39 78248.6 0 0
254 56 40 78252.9 0 0
254 56 39 78257.2 0 0
254 56 39 78261.4 0 0
254 56 39 78265.6 0 0
254 56 39 78269.8 0 0
254 56 39 78274 0 0
254 56 39 78278.2 0 0
254 56 39 78282.4 0 0
254 56 39 78286.6 0 0
254 56 39 78290.9 0 0
254 56 39 78295.1 0 0
254 56 39 78299.4 0 0
254 56 39 78303.6 0 0
254 56 39 78307.8 0 0
254 56 39 78312 0 0
254 56 39 78316.2 0 0
254 56 39 78320.4 0 0
254 56 39 78324.7 0 0
254 56 39 78328.9 0 0
254 56 38 78333.1 0 0
254 56 39 78337.3 0 0
254 56 39 78341.5 0 0
254 56 39 78345.8 0 0
254 56 39 78350 0 0
254 56 39 78354.2 0 0
254 56 39 78358.4 0 0
254 56 39 78363 0 0
254 56 39 78367.2 0 0
260 104 38 79238.3 0 0
260 104 38 79242.5 0 0
258 61 38 79246.7 0 0
253 63 38 79250.9 0 0
253 67 38 79255.2 0 0
255 72 38 79259.4 0 0
252 67 38 79263.6 0 0
250 66 38 79270.6 0 0
255 67 38 79274.8 0 0
254 68 38 79279 0 0
254 66 38 79283.2 0 0
253 67 38 79287.4 0 0
249 66 38 79291.7 0 0
253 67 38 79295.9 0 0
252 65 38 79300.1 0 0
253 67 39 79304.4 0 0
250 63 38 79308.6 0 0
251 63 38 79312.8 0 0
253 67 38 79317 0 0
253 65 38 79321.2 0 0
253 66 38 79325.4 0 0
248 63 38 79329.7 0 0
254 65 39 79333.9 0 0
251 64 38 79338.1 0 0
253 64 38 79342.3 0 0
250 65 38 79346.5 0 0
253 64 38 79350.7 0 0
248 64 38 79355 0 0
254 65 38 79359.2 0 0
252 63 38 79363.4 0 0
249 62 38 79370.3 0 0
252 61 37 79374.5 0 0
255 67 38 79378.8 0 0
254 64 38 79383 0 0
253 64 38 79387.2 0 0
253 63 38 79391.4 0 0
253 64 38 79395.6 0 0
248 63 39 79399.9 0 0
255 66 38 79404.1 0 0
252 63 38 79408.3 0 0
253 63 38 79412.5 0 0
253 63 38 79416.9 0 0
255 65 38 79421.1 0 0
254 65 38 79425.3 0 0
253 65 38 79429.5 0 0
251 61 37 79433.8 0 0
255 65 38 79438 0 0
251 63 38 79442.2 0 0
254 64 38 79446.5 0 0
253 64 38 79450.7 0 0
252 63 37 79454.9 0 0
253 64 37 79459.1 0 0
253 64 37 79463.3 0 0
253 65 38 79469.1 0 0
255 65 38 79473.4 0 0
254 64 38 79477.6 0 0
256 65 38 79482.8 0 0
255 64 38 79487 0 0
258 66 37 79491.2 0 0
252 63 38 79495.4 0 0
251 63 38 79499.6 0 0
254 66 38 79503.8 0 0
255 64 38 79508 0 0
252 63 37 79512.3 0 0
252 66 38 79516.5 0 0
251 66 38 79520.7 0 0
253 64 38 79524.9 0 0
251 65 37 79529.1 0 0
251 63 38 79533.3 0 0
252 66 37 79537.5 0 0
254 64 39 79541.8 0 0
251 63 39 79546 0 0
253 64 38 79550.2 0 0
254 64 38 79554.4 0 0
252 67 38 79558.6 0 0
254 64 38 79562.8 0 0
254 68 38 79567 0 0
252 68 39 79571.2 0 0
256 65 38 79575.5 0 0
252 67 37 79579.7 0 0
253 64 38 79583.9 0 0
253 63 38 79588.1 0 0
253 65 39 79592.3 0 0
253 63 38 79596.5 0 0
251 64 38 79600.7 0 0
255 66 38 79605 0 0
251 62 38 79609.2 0 0
252 63 38 79613.4 0 0
251 66 38 79617.6 0 0
250 61 38 79621.8 0 0
250 62 38 79626 0 0
253 67 38 79630.2 0 0
252 63 38 79634.5 0 0
253 67 38 79638.7 0 0
250 61 38 79642.9 0 0
253 63 38 79647.1 0 0
252 68 38 79651.3 0 0
253 64 38 79655.5 0 0
253 65 38 79659.7 0 0
249 59 39 79663.9 0 0
252 90 39 79668.2 0 0
249 91 39 79672.4 0 0
252 62 38 79676.6 0 0
249 65 38 79680.8 0 0
250 65 39 79685 0 0
253 90 38 79689.2 0 0
253 67 39 79693.4 0 0
247 88 38 79697.7 0 0
251 69 38 79701.9 0 0
252 69 38 79706.1 0 0
253 87 38 79710.3 0 0
249 64 38 79714.5 0 0
250 67 38 79725.6 0 0
250 68 38 79729.9 0 0
252 63 38 79734.1 0 0
250 66 38 79738.3 0 0
253 64 39 79742.5 0 0
252 66 38 79746.7 0 0
251 64 38 79750.9 0 0
253 62 39 79755.1 0 0
247 58 39 79759.4 0 0
250 65 38 79763.6 0 0
251 67 38 79767.8 0 0
251 63 38 79772.1 0 0
252 63 38 79776.2 0 0
252 64 39 79780.4 0 0
252 67 38 79784.7 0 0
253 63 38 79788.9 0 0
252 61 38 79793.1 0 0
254 66 38 79797.3 0 0
253 65 38 79801.6 0 0
252 64 38 79805.8 0 0
252 62 38 79809.9 0 0
253 63 38 79814.2 0 0
252 62 38 79818.4 0 0
251 63 39 79822.6 0 0
252 62 38 79826.8 0 0
251 61 38 79831 0 0
251 64 38 79835.2 0 0
249 59 38 79839.4 0 0
249 63 38 79843.6 0 0
251 62 38 79847.9 0 0
248 59 38 79852.1 0 0
250 63 39 79856.3 0 0
249 88 38 79860.5 0 0
247 59 38 79864.7 0 0
250 61 39 79868.9 0 0
254 64 39 79873.1 0 0
251 90 38 79877.3 0 0
254 62 39 79881.6 0 0
251 61 38 79885.8 0 0
253 64 39 79890 0 0
250 65 38 79894.2 0 0
246 61 38 79898.4 0 0
250 61 39 79902.7 0 0
251 64 39 79906.9 0 0
250 65 38 79911.1 0 0
250 62 38 79915.3 0 0
255 72 38 79919.6 0 0
253 69 38 79923.8 0 0
260 78 38 79936.5 0 0
259 79 38 79940.7 0 0
243 96 38 79945 0 0
247 94 38 79949.2 0 0
258 79 38 79953.4 0 0
254 74 38 79957.6 0 0
245 91 38 79961.8 0 0
258 78 39 79966 0 0
257 76 38 79970.2 0 0
255 75 38 79974.4 0 0
256 76 38 79978.7 0 0
255 73 39 79982.9 0 0
259 76 39 79987.1 0 0
258 76 38 79991.3 0 0
257 76 38 79995.5 0 0
248 95 39 79999.7 0 0
249 94 39 80003.9 0 0
259 77 38 80008.2 0 0
251 94 39 80012.4 0 0
256 73 39 80016.6 0 0
259 75 39 80020.8 0 0
249 92 39 80025 0 0
252 92 38 80029.2 0 0
256 74 38 80033.4 0 0
253 73 39 80037.7 0 0
258 75 39 80041.9 0 0
257 75 39 80046.1 0 0
247 96 39 80050.3 0 0
245 97 38 80054.5 0 0
257 76 39 80058.7 0 0
251 98 38 80063 0 0
253 96 39 80067.2 0 0
245 91 39 80071.5 0 0
248 94 39 80075.7 0 0
250 94 38 80079.9 0 0
249 95 39 80084.1 0 0
251 93 39 80088.3 0 0
246 93 39 80092.5 0 0
251 96 39 80096.8 0 0
245 96 39 80101 0 0
246 93 39 80105.2 0 0
257 74 39 80109.4 0 0
249 94 39 80113.7 0 0
256 75 39 80117.9 0 0
249 95 39 80122.1 0 0
252 96 39 80126.3 0 0
250 95 38 80130.6 0 0
247 95 39 80134.8 0 0
254 95 39 80139.1 0 0
247 92 39 80143.3 0 0
247 93 38 80147.5 0 0
246 96 39 80151.7 0 0
246 91 39 80155.9 0 0
246 95 38 80160.1 0 0
249 97 39 80164.4 0 0
247 95 38 80168.6 0 0
251 93 40 80172.8 0 0
248 93 38 80177 0 0
253 96 39 80181.2 0 0
246 96 39 80185.4 0 0
246 93 39 80189.7 0 0
250 96 39 80193.9 0 0
249 96 39 80198.1 0 0
249 95 39 80202.3 0 0
252 94 39 80206.5 0 0
249 96 39 80210.7 0 0
257 69 39 80214.9 0 0
247 96 39 80219.5 0 0
245 92 39 80223.8 0 0
248 95 39 80228 0 0
251 98 39 80232.2 0 0
252 96 39 80236.5 0 0
247 95 39 80240.7 0 0
246 94 40 80244.9 0 0
249 94 39 80249.1 0 0
249 94 39 80253.3 0 0
252 98 39 80257.5 0 0
247 98 39 80261.8 0 0
249 96 39 80266 0 0
245 94 40 80270.2 0 0
246 94 40 80274.4 0 0
249 93 39 80278.6 0 0
247 96 39 80282.8 0 0
248 95 39 80287 0 0
251 95 40 80291.3 0 0
246 94 40 80295.5 0 0
253 73 40 80299.7 0 0
249 97 39 80303.9 0 0
250 96 39 80308.1 0 0
246 93 39 80312.3 0 0
248 94 39 80316.5 0 0
252 94 39 80320.8 0 0
251 95 39 80325 0 0
248 94 39 80329.2 0 0
256 67 39 80333.4 0 0
248 95 39 80337.6 0 0
254 95 39 80341.8 0 0
251 64 39 80346 0 0
246 96 39 80350.2 0 0
249 96 39 80354.5 0 0
250 94 39 80358.8 0 0
250 95 39 80363 0 0
246 94 39 80367.2 0 0
253 94 38 80371.4 0 0
248 96 39 80375.6 0 0
251 95 39 80379.8 0 0
251 95 39 80384.1 0 0
246 96 39 80388.3 0 0
247 94 38 80392.5 0 0
250 95 39 80396.7 0 0
249 95 38 80400.9 0 0
256 72 39 80405.1 0 0
250 93 39 80409.4 0 0
248 93 39 80413.6 0 0
251 95 39 80417.8 0 0
250 95 38 80422 0 0
252 94 39 80426.2 0 0
251 95 39 80430.4 0 0
254 72 39 80434.6 0 0
249 93 38 80438.9 0 0
249 94 38 80443.1 0 0
256 73 39 80447.3 0 0
250 91 39 80451.6 0 0
246 95 39 80455.8 0 0
256 72 39 80460 0 0
254 72 38 80464.2 0 0
245 93 39 80468.4 0 0
249 91 38 80472.7 0 0
253 70 38 80476.9 0 0
250 95 39 80481.6 0 0
255 73 38 80485.9 0 0
253 96 39 80490.1 0 0
253 70 38 80494.3 0 0
248 93 38 80498.4 0 0
249 96 39 80502.7 0 0
252 96 38 80507 0 0
256 73 39 80511.2 0 0
250 95 38 80515.4 0 0
252 69 38 80519.6 0 0
249 93 38 80523.8 0 0
248 93 39 80528 0 0
254 70 38 80532.2 0 0
252 96 39 80536.4 0 0
255 74 39 80540.7 0 0
249 95 39 80544.9 0 0
253 94 38 80549.2 0 0
254 69 38 80553.4 0 0
256 69 39 80557.6 0 0
254 70 39 80561.8 0 0
254 71 39 80566 0 0
257 70 38 80570.2 0 0
258 71 39 80574.5 0 0
258 70 38 80578.7 0 0
255 69 38 80582.9 0 0
258 74 38 80587.1 0 0
258 70 38 80591.3 0 0
255 75 38 80595.5 0 0
257 74 39 80599.7 0 0
258 69 38 80604 0 0
254 70 38 80608.2 0 0
254 67 38 80612.4 0 0
259 71 39 80616.6 0 0
260 72 38 80620.8 0 0
258 71 39 80625 0 0
255 73 39 80629.2 0 0
253 70 38 80633.9 0 0
252 97 38 80638.1 0 0
248 95 39 80642.3 0 0
248 93 38 80646.5 0 0
255 74 38 80650.7 0 0
256 72 38 80654.9 0 0
248 92 39 80659.2 0 0
253 98 38 80663.4 0 0
252 96 39 80667.6 0 0
257 74 39 80671.8 0 0
251 95 39 80676.1 0 0
251 95 38 80680.2 0 0
256 73 38 80684.4 0 0
253 95 38 80688.7 0 0
256 74 39 80692.9 0 0
254 95 38 80697.1 0 0
259 75 39 80701.4 0 0
254 73 38 80705.6 0 0
256 75 39 80709.8 0 0
255 73 39 80714 0 0
256 70 38 80718.2 0 0
251 64 39 80722.4 0 0
251 64 40 80726.6 0 0
251 64 39 80730.9 0 0
251 64 39 80735.1 0 0
251 64 39 80739.3 0 0
251 64 39 80743.5 0 0
251 64 39 80747.7 0 0
251 64 39 80751.9 0 0
251 64 39 80756.1 0 0
251 64 38 80760.4 0 0
251 64 40 80764.6 0 0
251 64 39 80768.8 0 0
251 64 39 80773 0 0
251 64 39 80777.2 0 0
251 64 39 80781.4 0 0
251 64 40 80785.7 0 0
251 64 39 80789.9 0 0
251 64 39 80794.1 0 0
251 64 40 80798.4 0 0
251 64 39 80802.6 0 0
251 64 39 80806.8 0 0
251 64 39 80811 0 0
251 64 40 80815.2 0 0
251 64 40 80819.4 0 0
251 64 40 80823.6 0 0
251 64 39 80827.8 0 0
251 64 39 80832.1 0 0
251 64 39 80836.3 0 0
251 64 39 80840.4 0 0
251 64 39 80844.7 0 0
251 64 40 80848.9 0 0
251 64 39 80853.1 0 0
251 64 39 80857.4 0 0
251 64 40 80861.6 0 0
251 64 39 80865.8 0 0
251 64 40 80870 0 0
251 64 40 80874.2 0 0
251 64 40 80878.5 0 0
251 64 40 80882.8 0 0
251 64 40 80887 0 0
251 64 40 80891.2 0 0
251 64 40 80895.4 0 0
251 64 40 80899.6 0 0
251 64 40 80903.8 0 0
251 64 40 80908 0 0
251 64 39 80912.2 0 0
251 64 40 80916.5 0 0
251 64 40 80920.7 0 0
34 230 35 83399.6 0 0
31 220 35 83403.8 0 0
31 220 36 83408 0 0
33 229 35 83412.2 0 0
31 221 35 83416.7 0 0
33 220 35 83420.9 0 0
33 230 34 83425.1 0 0
33 227 35 83429.3 0 0
34 226 35 83433.5 0 0
34 226 35 83437.7 0 0
34 226 35 83442 0 0
34 226 35 83446.5 0 0
34 226 35 83450.8 0 0
34 226 35 83455 0 0
34 226 34 83459.2 0 0
34 226 35 83463.4 0 0
34 226 35 83467.6 0 0
33 225 34 83471.8 0 0
33 225 35 83476 0 0
30 226 35 83480.2 0 0
30 230 35 83484.4 0 0
30 219 35 83488.6 0 0
31 230 34 83495.5 0 0
31 217 35 83499.7 0 0
33 229 35 83503.9 0 0
31 218 34 83508.2 0 0
33 217 35 83512.4 0 0
31 233 35 83516.6 0 0
31 233 34 83520.8 0 0
31 233 34 83525.1 0 0
31 233 35 83529.2 0 0
31 233 34 83533.5 0 0
31 233 35 83537.7 0 0
33 232 34 83541.9 0 0
34 221 34 83546.1 0 0
29 225 35 83550.4 0 0
33 231 36 83554.6 0 0
31 229 35 83558.8 0 0
31 233 34 83563 0 0
33 218 35 83567.2 0 0
33 219 34 83571.4 0 0
34 225 34 83575.7 0 0
32 225 35 83579.9 0 0
31 227 35 83584.1 0 0
33 219 35 83588.3 0 0
33 231 34 83592.5 0 0
31 210 34 83599.6 0 0
32 226 35 83607.9 0 0
36 229 34 83616.3 0 0
35 227 35 83624.6 0 0
35 227 35 83632.8 0 0
34 228 35 83641 0 0
34 229 34 83645.2 0 0
33 227 34 83649.5 0 0
33 222 35 83653.7 0 0
35 225 35 83657.9 0 0
35 225 35 83662.2 0 0
35 225 34 83666.4 0 0
35 225 35 83670.6 0 0
35 225 35 83674.9 0 0
35 225 35 83679.1 0 0
35 225 35 83683.3 0 0
35 225 35 83687.4 0 0
35 225 35 83691.7 0 0
35 225 35 83695.9 0 0
35 225 35 83700.1 0 0
35 225 35 83704.4 0 0
35 225 36 83708.6 0 0
35 225 35 83712.8 0 0
35 225 35 83717 0 0
35 225 35 83721.2 0 0
35 225 35 83725.4 0 0
35 225 35 83729.7 0 0
35 225 35 83733.9 0 0
32 221 34 83738.1 0 0
32 221 35 83742.3 0 0
32 220 35 83746.5 0 0
32 220 35 83750.7 0 0
31 222 36 83754.9 0 0
35 223 35 83759.2 0 0
35 219 35 83765.9 0 0
34 219 35 83770.2 0 0
32 219 34 83774.4 0 0
34 222 35 83778.7 0 0
35 223 36 83782.9 0 0
37 233 36 83787.1 0 0
33 221 36 83791.3 0 0
30 223 35 83795.6 0 0
35 231 35 83799.8 0 0
35 231 35 83804 0 0
33 221 35 83808.2 0 0
36 227 35 83812.4 0 0
30 217 35 83816.6 0 0
32 227 35 83820.8 0 0
31 224 35 83825.1 0 0
33 220 35 83829.3 0 0
34 226 35 83833.5 0 0
33 223 35 83837.7 0 0
34 222 36 83841.9 0 0
35 215 35 83846.1 0 0
33 225 36 83850.3 0 0
33 225 35 83854.6 0 0
35 221 36 83858.8 0 0
34 219 36 83863.2 0 0
35 226 37 83867.4 0 0
33 222 35 83874.3 0 0
34 226 35 83878.6 0 0
36 224 37 83882.8 0 0
33 218 36 83887.1 0 0
33 218 36 83891.3 0 0
29 214 36 83895.5 0 0
29 214 36 83899.7 0 0
29 214 37 83903.9 0 0
29 190 36 83908.1 0 0
32 192 35 83912.4 0 0
29 193 36 83916.6 0 0
31 194 35 83920.8 0 0
28 207 36 83925 0 0
25 198 36 83929.2 0 0
25 198 36 83933.4 0 0
25 198 36 83937.6 0 0
29 198 36 83941.8 0 0
29 198 36 83946.1 0 0
29 198 37 83950.3 0 0
29 198 36 83954.5 0 0
29 198 36 83958.7 0 0
29 198 36 83962.9 0 0
29 198 36 83967.1 0 0
29 198 36 83971.3 0 0
32 185 37 83975.6 0 0
32 185 37 83979.8 0 0
32 189 37 83984.8 0 0
32 189 37 83990.9 0 0
32 203 36 83995.2 0 0
31 180 36 83999.4 0 0
31 183 36 84003.6 0 0
30 194 37 84007.8 0 0
30 194 36 84012 0 0
32 187 36 84016.2 0 0
32 187 37 84020.4 0 0
30 190 37 84024.6 0 0
30 185 36 84028.9 0 0
36 190 37 84033.1 0 0
31 186 37 84037.3 0 0
31 185 37 84041.5 0 0
30 193 36 84045.7 0 0
31 194 36 84049.9 0 0
