119 130 40 43032.4 0 0
118 135 40 43036.6 0 0
118 130 40 43040.9 0 0
119 130 40 43045.1 0 0
122 126 40 43049.3 0 0
115 135 39 43053.5 0 0
121 129 40 43057.7 0 0
120 127 40 43061.9 0 0
118 125 40 43066.1 0 0
121 125 41 43070.4 0 0
117 133 40 43074.6 0 0
118 127 40 43078.8 0 0
120 125 39 43083 0 0
118 134 40 43087.2 0 0
119 132 40 43091.4 0 0
116 129 40 43095.7 0 0
120 129 40 43099.9 0 0
122 126 40 43104.1 0 0
116 134 40 43108.3 0 0
122 131 40 43112.6 0 0
121 127 41 43116.8 0 0
119 129 40 43121 0 0
121 131 40 43125.2 0 0
118 130 41 43129.4 0 0
122 126 40 43133.6 0 0
124 131 40 43137.9 0 0
120 127 40 43142.1 0 0
118 132 41 43146.3 0 0
121 127 40 43150.5 0 0
122 128 40 43154.7 0 0
121 126 41 43158.9 0 0
120 129 41 43163.1 0 0
118 129 40 43167.4 0 0
119 124 40 43171.6 0 0
117 134 40 43175.8 0 0
117 132 40 43180 0 0
118 133 41 43184.2 0 0
117 133 41 43188.4 0 0
118 132 40 43192.6 0 0
117 129 40 43196.9 0 0
117 127 40 43201.1 0 0
120 126 41 43205.3 0 0
120 134 40 43209.5 0 0
117 128 41 43213.7 0 0
119 130 41 43217.9 0 0
118 129 40 43222.2 0 0
118 134 41 43226.4 0 0
119 131 41 43230.6 0 0
120 130 41 43234.8 0 0
122 127 40 43239.1 0 0
115 134 41 43243.2 0 0
120 128 40 43247.4 0 0
119 130 41 43251.7 0 0
114 139 41 43255.9 0 0
118 130 41 43260.1 0 0
121 126 40 43264.3 0 0
116 136 41 43268.6 0 0
119 125 41 43272.8 0 0
118 133 41 43277 0 0
120 127 40 43281.2 0 0
122 126 41 43285.4 0 0
119 131 41 43289.6 0 0
123 124 42 43293.9 0 0
121 127 41 43298.1 0 0
116 132 41 43302.3 0 0
115 134 41 43306.5 0 0
121 128 41 43310.7 0 0
117 134 42 43314.9 0 0
121 127 42 43319.1 0 0
119 133 41 43323.4 0 0
121 128 42 43327.6 0 0
121 132 42 43331.8 0 0
124 125 42 43336 0 0
119 130 41 43340.2 0 0
123 128 41 43344.4 0 0
124 126 42 43348.6 0 0
121 125 41 43352.9 0 0
122 130 42 43357.4 0 0
115 134 42 43361.6 0 0
118 131 41 43365.8 0 0
119 133 42 43370 0 0
120 132 42 43374.3 0 0
121 128 42 43378.5 0 0
122 128 42 43382.7 0 0
121 130 41 43386.9 0 0
118 135 43 43391.2 0 0
120 132 42 43395.4 0 0
119 133 42 43399.6 0 0
120 131 42 43403.8 0 0
118 131 42 43408 0 0
120 127 42 43412.3 0 0
124 131 43 43416.5 0 0
116 132 42 43420.7 0 0
119 133 42 43424.9 0 0
118 134 42 43429.1 0 0
115 136 43 43433.3 0 0
120 131 42 43437.5 0 0
118 132 41 43441.8 0 0
118 134 42 43446 0 0
120 131 42 43450.2 0 0
117 131 42 43454.4 0 0
119 131 42 43458.7 0 0
117 128 42 43462.9 0 0
118 136 43 43467.1 0 0
117 136 42 43471.3 0 0
120 132 43 43475.5 0 0
120 129 42 43479.7 0 0
122 127 41 43483.9 0 0
120 127 42 43488.2 0 0
121 124 42 43492.4 0 0
120 127 42 43496.6 0 0
122 126 42 43500.9 0 0
119 131 42 43505.1 0 0
120 128 42 43509.3 0 0
121 128 42 43513.5 0 0
121 127 42 43517.8 0 0
119 129 42 43522 0 0
125 124 42 43526.2 0 0
123 129 42 43530.4 0 0
121 130 42 43534.6 0 0
119 130 42 43538.8 0 0
121 130 42 43543.1 0 0
120 131 41 43547.3 0 0
124 125 41 43551.5 0 0
122 132 42 43555.7 0 0
121 129 41 43559.9 0 0
120 127 41 43564.2 0 0
121 130 41 43568.4 0 0
121 129 41 43572.6 0 0
120 134 41 43576.8 0 0
120 132 41 43581 0 0
120 130 41 43585.2 0 0
122 127 41 43589.4 0 0
120 133 41 43593.7 0 0
121 132 40 43597.9 0 0
121 129 40 43602.1 0 0
117 138 41 43606.3 0 0
121 123 41 43610.6 0 0
119 133 40 43614.8 0 0
120 130 40 43619 0 0
121 127 40 43623.2 0 0
119 129 40 43627.4 0 0
119 130 40 43631.6 0 0
119 136 40 43635.8 0 0
120 131 40 43640.1 0 0
122 127 40 43644.3 0 0
120 129 39 43648.5 0 0
122 131 40 43652.7 0 0
121 128 40 43656.9 0 0
119 137 39 43661.1 0 0
125 124 40 43665.3 0 0
124 124 40 43669.6 0 0
121 129 39 43673.8 0 0
122 130 39 43678 0 0
124 123 39 43682.2 0 0
121 130 39 43686.4 0 0
122 129 39 43690.6 0 0
122 122 39 43694.8 0 0
128 110 39 43699.1 0 0
130 89 39 43703.3 0 0
133 82 39 43707.5 0 0
132 83 40 43711.7 0 0
128 79 39 43716 0 0
132 86 39 43720.2 0 0
128 84 39 43724.4 0 0
131 86 39 43729.3 0 0
126 88 39 43733.6 0 0
129 87 38 43737.8 0 0
129 83 39 43742 0 0
130 83 39 43746.2 0 0
129 81 38 43750.4 0 0
130 86 39 43754.6 0 0
128 82 39 43758.9 0 0
127 82 39 43763.1 0 0
129 83 39 43767.3 0 0
128 82 39 43771.5 0 0
126 83 39 43775.7 0 0
129 85 38 43779.9 0 0
129 78 39 43784.1 0 0
125 82 38 43788.4 0 0
129 81 38 43792.6 0 0
128 79 39 43796.8 0 0
130 79 39 43801 0 0
128 81 38 43805.2 0 0
129 78 38 43809.4 0 0
130 81 38 43813.6 0 0
128 77 39 43817.8 0 0
130 80 38 43822.1 0 0
128 76 38 43826.3 0 0
128 81 38 43830.5 0 0
131 81 38 43834.7 0 0
129 79 38 43838.9 0 0
130 80 38 43843.1 0 0
130 78 38 43847.4 0 0
127 79 38 43851.6 0 0
130 83 38 43855.8 0 0
128 78 39 43860 0 0
131 80 38 43864.2 0 0
128 83 38 43868.4 0 0
129 81 39 43872.7 0 0
131 79 38 43876.9 0 0
131 85 38 43881.1 0 0
129 76 38 43885.4 0 0
128 78 38 43889.6 0 0
129 84 38 43893.8 0 0
130 85 38 43898 0 0
133 84 38 43902.2 0 0
130 75 38 43906.4 0 0
130 80 38 43910.6 0 0
132 81 38 43914.9 0 0
129 83 38 43919.1 0 0
127 80 39 43923.3 0 0
132 78 37 43927.5 0 0
131 80 38 43931.7 0 0
129 77 39 43935.9 0 0
131 86 38 43940.2 0 0
128 83 38 43944.4 0 0
131 74 38 43948.6 0 0
130 79 38 43952.8 0 0
129 77 38 43957 0 0
129 79 38 43961.2 0 0
132 81 38 43965.4 0 0
131 79 38 43969.6 0 0
130 75 39 43973.8 0 0
129 80 38 43978.1 0 0
129 79 38 43982.3 0 0
129 82 38 43986.5 0 0
132 79 39 43990.7 0 0
130 82 38 43995 0 0
131 74 37 43999.2 0 0
131 76 39 44003.4 0 0
128 82 38 44007.6 0 0
130 80 39 44011.8 0 0
132 79 38 44016.1 0 0
131 83 38 44020.3 0 0
130 80 38 44024.5 0 0
129 78 38 44028.7 0 0
130 76 39 44032.9 0 0
130 79 38 44037.2 0 0
130 78 38 44041.4 0 0
131 82 38 44045.6 0 0
130 81 37 44049.8 0 0
130 78 39 44054.1 0 0
131 77 39 44058.3 0 0
129 80 39 44062.5 0 0
131 77 38 44066.7 0 0
131 83 39 44070.9 0 0
122 82 39 44075.2 0 0
118 74 38 44079.4 0 0
108 70 39 44083.6 0 0
106 65 39 44087.8 0 0
109 59 39 44092 0 0
107 53 40 44096.2 0 0
106 56 39 44100.4 0 0
108 63 39 44104.7 0 0
108 60 39 44108.9 0 0
106 60 39 44113.4 0 0
105 59 39 44117.6 0 0
107 58 39 44121.8 0 0
108 55 39 44126 0 0
109 57 39 44130.2 0 0
107 54 39 44134.4 0 0
109 61 39 44138.7 0 0
106 59 40 44142.9 0 0
107 59 39 44147.1 0 0
107 57 39 44151.3 0 0
106 61 40 44155.5 0 0
107 57 39 44159.7 0 0
104 57 39 44163.9 0 0
111 58 39 44168.3 0 0
107 55 39 44172.5 0 0
107 59 39 44176.7 0 0
108 60 40 44180.9 0 0
109 58 39 44185.1 0 0
109 60 40 44189.4 0 0
110 59 39 44193.6 0 0
106 59 40 44197.8 0 0
109 56 39 44202 0 0
108 54 39 44206.2 0 0
108 57 39 44210.4 0 0
108 61 39 44214.7 0 0
109 57 40 44218.8 0 0
111 58 39 44223.1 0 0
108 58 40 44227.3 0 0
109 58 39 44231.6 0 0
105 60 39 44235.8 0 0
92 61 40 44240 0 0
82 59 39 44244.2 0 0
72 56 39 44248.4 0 0
64 52 40 44252.6 0 0
58 51 39 44256.9 0 0
49 51 39 44261.1 0 0
46 49 40 44265.3 0 0
44 50 40 44269.5 0 0
50 49 41 44273.7 0 0
48 51 39 44277.9 0 0
49 47 40 44282.2 0 0
49 49 39 44286.4 0 0
47 51 39 44290.6 0 0
48 53 40 44294.8 0 0
45 53 39 44299 0 0
50 49 40 44303.2 0 0
49 48 39 44307.5 0 0
47 48 40 44311.7 0 0
48 50 40 44315.9 0 0
49 49 39 44320.1 0 0
48 49 39 44324.3 0 0
48 51 40 44328.6 0 0
48 51 39 44332.8 0 0
48 49 40 44337 0 0
50 47 39 44341.2 0 0
48 49 40 44345.4 0 0
47 54 40 44349.6 0 0
48 49 39 44353.8 0 0
50 51 41 44358 0 0
45 51 40 44362.5 0 0
49 52 40 44366.9 0 0
48 52 40 44371.1 0 0
48 51 40 44375.3 0 0
49 50 40 44379.5 0 0
47 51 40 44383.8 0 0
48 50 40 44388 0 0
49 50 39 44392.2 0 0
46 49 39 44396.4 0 0
47 51 40 44400.6 0 0
50 50 39 44404.8 0 0
46 50 40 44409 0 0
51 49 40 44413.2 0 0
47 47 40 44417.5 0 0
49 50 40 44421.7 0 0
50 50 40 44425.9 0 0
49 50 40 44430.1 0 0
49 49 39 44434.3 0 0
48 51 40 44438.6 0 0
49 53 39 44442.8 0 0
49 49 40 44447 0 0
49 52 39 44451.2 0 0
49 50 39 44455.4 0 0
48 50 40 44459.6 0 0
47 52 40 44463.8 0 0
50 51 40 44468.1 0 0
47 49 40 44472.3 0 0
49 49 40 44476.5 0 0
48 49 40 44480.8 0 0
47 52 40 44485 0 0
48 50 40 44489.2 0 0
48 51 40 44493.4 0 0
52 54 40 44497.6 0 0
49 52 40 44501.8 0 0
49 57 40 44506 0 0
49 52 40 44510.3 0 0
50 51 40 44514.5 0 0
51 52 40 44518.7 0 0
45 54 40 44522.9 0 0
48 53 40 44527.1 0 0
51 60 40 44531.3 0 0
52 77 39 44535.5 0 0
50 98 39 44539.7 0 0
42 127 39 44544 0 0
39 145 39 44548.2 0 0
37 169 39 44552.4 0 0
38 177 39 44556.6 0 0
29 201 39 44560.8 0 0
37 193 38 44565 0 0
33 203 38 44569.2 0 0
32 199 38 44573.5 0 0
38 202 38 44577.7 0 0
36 208 38 44581.9 0 0
37 209 38 44586.1 0 0
38 218 39 44590.3 0 0
34 217 39 44594.5 0 0
39 218 38 44598.7 0 0
36 217 38 44603 0 0
37 211 38 44607.2 0 0
35 215 38 44611.4 0 0
39 216 38 44615.7 0 0
31 209 38 44619.9 0 0
30 218 39 44624.1 0 0
32 216 38 44628.3 0 0
31 216 39 44632.6 0 0
32 213 38 44636.8 0 0
30 215 38 44641 0 0
31 215 39 44645.3 0 0
29 214 39 44649.5 0 0
31 215 38 44653.7 0 0
31 209 38 44657.9 0 0
29 217 38 44662.1 0 0
31 212 38 44666.4 0 0
33 218 39 44670.6 0 0
29 213 39 44674.8 0 0
30 218 38 44679 0 0
31 209 38 44683.2 0 0
30 215 39 44687.4 0 0
34 218 38 44691.6 0 0
29 218 39 44695.9 0 0
30 212 38 44700.8 0 0
32 215 38 44705 0 0
29 218 38 44709.2 0 0
34 210 38 44713.4 0 0
33 211 39 44717.6 0 0
29 215 39 44721.8 0 0
35 206 38 44726 0 0
50 183 38 44730.3 0 0
35 212 39 44734.5 0 0
33 203 39 44738.7 0 0
30 214 38 44742.9 0 0
43 206 38 44747.1 0 0
31 215 39 44751.3 0 0
42 207 37 44755.5 0 0
36 223 37 44759.8 0 0
37 217 38 44764.1 0 0
40 205 38 44768.3 0 0
37 220 38 44772.5 0 0
40 209 38 44776.7 0 0
41 218 39 44780.9 0 0
44 196 38 44785.1 0 0
52 198 38 44789.4 0 0
60 212 38 44793.6 0 0
64 212 38 44797.8 0 0
66 214 38 44802 0 0
70 210 39 44806.2 0 0
68 218 38 44810.4 0 0
69 221 38 44814.6 0 0
67 217 39 44818.8 0 0
68 216 38 44823.1 0 0
69 218 39 44827.3 0 0
71 212 38 44831.5 0 0
68 215 38 44835.7 0 0
69 219 39 44839.9 0 0
67 219 38 44844.2 0 0
67 217 39 44848.4 0 0
71 216 38 44852.6 0 0
70 214 39 44856.9 0 0
69 221 38 44861.1 0 0
68 214 39 44865.3 0 0
68 217 39 44869.5 0 0
70 218 38 44873.7 0 0
70 211 38 44877.9 0 0
68 213 38 44882.1 0 0
70 213 39 44886.4 0 0
68 216 38 44890.6 0 0
68 214 39 44894.8 0 0
68 214 38 44899 0 0
69 217 39 44903.2 0 0
71 208 39 44907.4 0 0
70 214 39 44911.6 0 0
69 212 39 44915.9 0 0
70 212 38 44920.2 0 0
71 211 39 44924.4 0 0
70 210 38 44928.7 0 0
68 215 39 44932.9 0 0
69 211 39 44937.1 0 0
69 208 38 44941.3 0 0
69 208 38 44945.5 0 0
68 208 39 44949.7 0 0
71 201 39 44953.9 0 0
70 204 38 44958.2 0 0
70 202 39 44962.4 0 0
71 204 39 44966.6 0 0
71 204 38 44970.8 0 0
68 206 39 44975 0 0
69 202 39 44979.2 0 0
71 203 39 44983.4 0 0
72 200 38 44987.6 0 0
69 209 39 44991.8 0 0
70 205 38 44996 0 0
67 209 39 45000.2 0 0
70 204 38 45004.5 0 0
70 203 38 45008.7 0 0
70 208 39 45012.9 0 0
68 214 39 45017.1 0 0
64 213 39 45021.3 0 0
61 217 39 45025.6 0 0
57 222 38 45029.8 0 0
57 227 39 45034 0 0
62 217 40 45038.2 0 0
62 224 39 45042.5 0 0
64 218 39 45046.7 0 0
62 213 39 45050.9 0 0
62 208 39 45055.1 0 0
62 217 38 45059.3 0 0
63 215 39 45063.5 0 0
62 216 39 45067.7 0 0
60 215 39 45072.1 0 0
60 214 39 45076.3 0 0
61 215 39 45080.5 0 0
62 214 39 45084.7 0 0
62 217 39 45088.9 0 0
61 215 38 45093.1 0 0
60 221 39 45097.3 0 0
63 213 39 45101.5 0 0
60 212 38 45105.9 0 0
61 218 39 45110.2 0 0
62 211 39 45114.4 0 0
62 221 38 45118.7 0 0
61 213 39 45122.9 0 0
61 216 39 45127.1 0 0
61 217 40 45131.3 0 0
62 217 39 45135.6 0 0
61 214 39 45139.8 0 0
61 208 38 45144 0 0
63 214 39 45148.2 0 0
61 217 39 45152.4 0 0
61 215 39 45156.8 0 0
62 213 39 45161 0 0
61 216 39 45165.2 0 0
60 220 39 45169.4 0 0
62 211 39 45173.7 0 0
62 208 39 45177.9 0 0
62 209 38 45182.1 0 0
59 213 39 45186.3 0 0
63 207 39 45190.5 0 0
61 222 39 45194.7 0 0
61 214 39 45198.9 0 0
62 213 41 45203.1 0 0
60 211 40 45207.3 0 0
62 212 39 45211.6 0 0
63 215 39 45215.8 0 0
61 215 39 45220 0 0
63 211 39 45224.2 0 0
61 214 39 45228.5 0 0
60 215 39 45232.7 0 0
61 214 39 45236.9 0 0
62 211 39 45241.1 0 0
61 213 39 45245.3 0 0
60 219 39 45249.5 0 0
61 213 39 45253.8 0 0
62 209 40 45258 0 0
63 209 40 45262.2 0 0
62 212 39 45266.4 0 0
63 212 39 45270.6 0 0
62 215 39 45274.8 0 0
62 211 39 45279 0 0
64 204 39 45283.2 0 0
60 221 40 45287.4 0 0
62 210 40 45291.7 0 0
63 210 39 45295.9 0 0
60 214 40 45300.1 0 0
62 207 39 45304.3 0 0
60 220 39 45308.5 0 0
62 209 39 45312.7 0 0
60 212 40 45317 0 0
60 205 39 45321.2 0 0
54 201 39 45325.4 0 0
55 199 39 45329.7 0 0
57 195 40 45333.9 0 0
56 198 40 45338.1 0 0
50 200 39 45342.3 0 0
58 191 39 45346.5 0 0
51 201 39 45350.7 0 0
57 193 39 45354.9 0 0
55 193 38 45359.3 0 0
58 191 39 45363.5 0 0
47 202 39 45367.7 0 0
58 190 39 45371.9 0 0
56 193 40 45376.1 0 0
56 190 40 45380.3 0 0
55 185 39 45384.6 0 0
52 194 39 45388.8 0 0
57 190 39 45393 0 0
57 191 39 45397.2 0 0
58 190 39 45401.4 0 0
57 193 39 45405.6 0 0
55 202 39 45409.8 0 0
56 190 39 45414.1 0 0
57 189 39 45418.3 0 0
54 191 39 45422.5 0 0
58 184 38 45426.8 0 0
52 189 39 45431 0 0
50 190 40 45435.2 0 0
42 197 39 45439.4 0 0
38 192 39 45443.7 0 0
31 185 39 45447.9 0 0
31 192 39 45452.1 0 0
27 194 39 45456.3 0 0
32 194 39 45460.5 0 0
33 188 39 45464.7 0 0
33 192 39 45468.9 0 0
35 186 40 45473.1 0 0
30 193 39 45477.4 0 0
30 190 39 45481.6 0 0
32 187 39 45485.8 0 0
31 182 39 45490 0 0
30 181 38 45494.2 0 0
30 192 39 45498.4 0 0
32 188 39 45502.7 0 0
31 188 40 45506.9 0 0
34 189 39 45511.1 0 0
30 186 39 45515.4 0 0
31 192 39 45519.6 0 0
28 186 39 45523.8 0 0
32 188 39 45528 0 0
30 191 39 45532.2 0 0
33 192 39 45536.4 0 0
31 194 39 45540.7 0 0
30 194 39 45544.9 0 0
31 194 39 45549.1 0 0
32 196 39 45553.3 0 0
32 192 39 45557.5 0 0
30 188 39 45561.7 0 0
30 189 39 45565.9 0 0
33 180 39 45570.2 0 0
32 189 39 45574.4 0 0
30 188 38 45578.6 0 0
32 192 39 45582.8 0 0
31 195 38 45587 0 0
29 193 39 45591.2 0 0
31 184 39 45595.4 0 0
32 193 39 45599.7 0 0
31 191 39 45603.9 0 0
33 194 39 45608.1 0 0
32 188 39 45612.3 0 0
31 191 39 45616.5 0 0
28 184 39 45620.7 0 0
31 175 39 45624.9 0 0
35 152 39 45629.2 0 0
41 129 39 45633.4 0 0
47 101 39 45637.6 0 0
55 81 39 45641.8 0 0
56 69 39 45646 0 0
60 64 39 45650.2 0 0
60 67 39 45654.4 0 0
60 67 39 45658.7 0 0
60 67 39 45662.9 0 0
60 67 40 45667.1 0 0
60 67 40 45671.3 0 0
60 67 40 45675.6 0 0
60 67 40 45679.8 0 0
48 72 40 45684 0 0
48 72 40 45688.2 0 0
50 71 39 45692.4 0 0
52 70 40 45696.6 0 0
52 70 40 45700.8 0 0
49 72 39 45705.1 0 0
49 72 39 45709.3 0 0
49 72 39 45713.5 0 0
49 72 39 45719.8 0 0
56 66 39 45724 0 0
52 67 40 45728.2 0 0
42 65 40 45732.5 0 0
53 68 39 45736.7 0 0
51 66 39 45740.9 0 0
44 64 40 45745.1 0 0
51 70 40 45749.3 0 0
46 72 39 45753.5 0 0
51 68 39 45757.8 0 0
53 72 39 45762 0 0
51 72 39 45766.2 0 0
52 71 40 45770.4 0 0
46 68 40 45774.6 0 0
55 68 40 45778.8 0 0
56 69 39 45783 0 0
56 73 41 45787.2 0 0
61 61 40 45791.5 0 0
67 56 40 45795.7 0 0
81 76 40 45799.9 0 0
95 79 40 45804.1 0 0
97 89 40 45808.3 0 0
108 86 39 45812.5 0 0
109 98 39 45816.8 0 0
106 100 39 45821 0 0
110 104 39 45825.2 0 0
108 102 39 45829.4 0 0
106 99 39 45833.7 0 0
106 102 39 45837.9 0 0
111 97 39 45842.1 0 0
109 101 40 45846.3 0 0
110 97 39 45850.5 0 0
106 103 39 45854.8 0 0
108 99 39 45859 0 0
109 97 39 45863.2 0 0
108 100 39 45867.4 0 0
107 100 39 45871.6 0 0
107 108 39 45875.8 0 0
114 115 39 45880 0 0
118 125 39 45884.3 0 0
126 142 39 45888.5 0 0
124 147 39 45892.7 0 0
121 159 38 45896.9 0 0
113 174 38 45901.1 0 0
115 169 39 45905.3 0 0
116 162 38 45909.5 0 0
117 163 38 45913.8 0 0
118 160 38 45918 0 0
122 160 39 45922.2 0 0
116 168 39 45926.5 0 0
117 167 38 45930.7 0 0
116 167 39 45934.9 0 0
118 163 38 45939.1 0 0
116 169 38 45943.3 0 0
118 172 39 45947.6 0 0
116 170 39 45951.8 0 0
119 166 38 45956 0 0
118 167 37 45960.2 0 0
116 169 38 45964.4 0 0
118 168 38 45968.7 0 0
118 166 37 45972.9 0 0
118 167 38 45977.1 0 0
122 164 37 45981.3 0 0
116 169 37 45985.6 0 0
117 171 37 45989.8 0 0
117 164 38 45993.9 0 0
115 171 38 45998.2 0 0
116 169 37 46002.4 0 0
122 162 38 46006.6 0 0
120 165 37 46010.8 0 0
118 169 38 46015.1 0 0
120 165 37 46019.3 0 0
118 169 38 46023.5 0 0
116 171 38 46027.7 0 0
118 167 37 46031.9 0 0
116 166 37 46036.1 0 0
120 170 37 46040.3 0 0
118 169 37 46047.1 0 0
119 165 37 46051.4 0 0
124 161 37 46055.6 0 0
118 171 37 46059.8 0 0
119 167 38 46064 0 0
121 167 37 46068.2 0 0
119 166 37 46072.5 0 0
116 169 37 46076.7 0 0
120 167 37 46080.9 0 0
118 169 37 46085.1 0 0
120 164 37 46089.3 0 0
121 174 36 46093.5 0 0
118 189 36 46097.7 0 0
116 206 36 46101.9 0 0
110 226 36 46106.2 0 0
117 217 35 46110.6 0 0
114 228 37 46114.9 0 0
117 229 36 46119.1 0 0
117 228 36 46123.3 0 0
115 231 37 46127.5 0 0
117 229 37 46131.7 0 0
119 224 36 46135.9 0 0
117 229 36 46140.2 0 0
116 229 37 46147.3 0 0
118 226 36 46151.5 0 0
115 237 37 46155.7 0 0
113 238 36 46159.9 0 0
115 231 35 46168.4 0 0
116 232 36 46172.6 0 0
114 233 36 46176.8 0 0
116 235 37 46181 0 0
114 237 36 46185.2 0 0
117 230 36 46189.4 0 0
117 231 36 46193.7 0 0
116 234 36 46197.9 0 0
116 234 36 46202.1 0 0
114 234 36 46206.3 0 0
114 236 36 46210.5 0 0
120 223 36 46214.7 0 0
116 234 36 46218.9 0 0
116 234 36 46223.2 0 0
114 236 36 46227.4 0 0
115 238 37 46231.6 0 0
115 233 36 46235.8 0 0
117 226 36 46240.1 0 0
115 232 36 46246.9 0 0
119 225 36 46251.2 0 0
117 229 37 46255.4 0 0
113 240 37 46259.7 0 0
114 233 37 46263.9 0 0
118 227 36 46268.1 0 0
114 237 37 46272.3 0 0
119 223 36 46276.5 0 0
118 228 37 46280.7 0 0
114 238 36 46284.9 0 0
120 223 36 46289.2 0 0
118 226 37 46293.4 0 0
120 221 36 46297.6 0 0
115 234 37 46301.8 0 0
116 228 37 46306 0 0
115 219 36 46310.2 0 0
115 214 37 46314.4 0 0
109 214 37 46318.6 0 0
110 210 37 46322.9 0 0
109 204 38 46327.1 0 0
112 195 37 46331.3 0 0
110 196 37 46335.5 0 0
110 196 37 46339.7 0 0
114 195 38 46343.9 0 0
113 195 38 46351.1 0 0
110 199 38 46359.3 0 0
110 199 38 46367.8 0 0
98 212 37 46375.4 0 0
100 211 37 46379.6 0 0
111 198 37 46384.5 0 0
110 197 38 46388.8 0 0
110 200 38 46393 0 0
110 198 39 46397.2 0 0
109 200 38 46401.4 0 0
111 194 38 46405.6 0 0
112 196 38 46409.8 0 0
115 190 38 46414 0 0
109 205 39 46418.2 0 0
110 198 38 46422.5 0 0
112 198 38 46426.7 0 0
111 198 38 46430.9 0 0
113 195 38 46435.1 0 0
101 211 38 46439.3 0 0
110 200 38 46443.5 0 0
112 196 38 46447.8 0 0
113 190 38 46452 0 0
110 198 39 46456.2 0 0
113 191 38 46460.4 0 0
112 194 38 46464.6 0 0
110 195 38 46468.8 0 0
110 199 39 46476 0 0
121 172 38 46484.2 0 0
121 172 38 46492.7 0 0
132 137 39 46500.3 0 0
151 99 38 46504.5 0 0
153 88 38 46509.2 0 0
153 80 40 46513.4 0 0
157 77 38 46517.7 0 0
145 98 39 46521.9 0 0
139 99 39 46526.1 0 0
135 98 39 46530.3 0 0
144 96 39 46534.5 0 0
148 86 39 46538.7 0 0
148 86 0 46542.9 0 0
150 81 40 46547.1 0 0
152 85 39 46551.3 0 0
152 85 0 46555.6 0 0
150 81 39 46559.8 0 0
149 68 40 46564.1 0 0
147 74 40 46568.3 0 0
142 73 39 46572.6 0 0
145 72 39 46576.8 0 0
144 73 40 46581 0 0
146 71 39 46585.2 0 0
147 74 39 46589.4 0 0
147 72 39 46593.6 0 0
146 72 39 46597.8 0 0
143 67 39 46602 0 0
145 70 40 46606.3 0 0
146 68 39 46610.5 0 0
143 69 39 46614.7 0 0
148 71 40 46621.6 0 0
147 67 40 46625.9 0 0
145 71 39 46630.1 0 0
146 71 39 46634.3 0 0
147 70 39 46638.5 0 0
146 75 39 46642.7 0 0
147 67 39 46646.9 0 0
145 68 39 46651.1 0 0
148 72 40 46655.3 0 0
147 69 39 46659.6 0 0
145 71 39 46663.8 0 0
146 76 39 46668 0 0
146 69 40 46672.2 0 0
146 74 39 46676.5 0 0
146 69 40 46680.7 0 0
143 68 39 46684.9 0 0
146 71 40 46689.1 0 0
147 74 39 46693.3 0 0
147 72 39 46697.6 0 0
145 71 40 46701.8 0 0
146 70 39 46706 0 0
146 69 39 46710.2 0 0
146 66 39 46714.4 0 0
146 73 39 46718.6 0 0
145 68 40 46725.7 0 0
146 74 40 46730 0 0
144 74 40 46734.2 0 0
147 75 39 46738.4 0 0
146 75 40 46742.6 0 0
146 73 39 46746.8 0 0
144 70 39 46751 0 0
146 73 39 46755.2 0 0
145 69 39 46759.7 0 0
143 72 39 46763.9 0 0
145 73 39 46768.1 0 0
142 73 39 46772.3 0 0
145 77 39 46776.5 0 0
151 85 40 46780.7 0 0
151 86 39 46784.9 0 0
149 97 39 46789.1 0 0
145 92 39 46793.3 0 0
146 101 39 46797.6 0 0
146 101 39 46801.8 0 0
146 101 39 46806 0 0
146 101 39 46812.8 0 0
142 99 39 46817.1 0 0
142 99 39 46821.4 0 0
142 99 39 46825.6 0 0
142 99 40 46829.8 0 0
142 99 40 46834.1 0 0
142 99 39 46838.3 0 0
142 99 39 46842.5 0 0
142 99 40 46846.7 0 0
142 99 39 46850.9 0 0
142 99 39 46855.2 0 0
144 97 39 46859.4 0 0
142 97 39 46863.6 0 0
147 98 39 46867.8 0 0
147 95 39 46872 0 0
144 93 39 46876.2 0 0
144 94 39 46880.4 0 0
151 87 39 46884.7 0 0
152 79 39 46888.9 0 0
155 75 39 46893.1 0 0
155 75 39 46897.3 0 0
152 94 39 46901.5 0 0
136 89 39 46905.7 0 0
149 92 39 46909.9 0 0
136 93 39 46914.2 0 0
146 84 39 46918.4 0 0
141 74 39 46925.5 0 0
135 78 39 46929.8 0 0
124 87 38 46934 0 0
105 119 38 46938.2 0 0
95 130 38 46942.4 0 0
101 137 38 46946.7 0 0
101 143 38 46950.9 0 0
103 156 37 46955.1 0 0
94 166 38 46959.3 0 0
95 163 37 46963.5 0 0
89 173 38 46967.7 0 0
91 172 38 46971.9 0 0
91 167 38 46976.1 0 0
95 164 38 46980.4 0 0
92 165 37 46984.6 0 0
92 170 38 46988.8 0 0
90 174 38 46993 0 0
90 174 38 46997.2 0 0
91 169 38 47001.4 0 0
91 169 37 47005.6 0 0
91 171 38 47009.9 0 0
92 172 38 47014.1 0 0
84 176 38 47021.2 0 0
77 187 38 47025.4 0 0
67 209 37 47029.6 0 0
57 215 38 47033.8 0 0
53 225 38 47038.1 0 0
53 231 38 47042.3 0 0
58 235 39 47046.5 0 0
58 239 38 47050.7 0 0
57 234 39 47063.4 0 0
55 238 39 47080.3 0 0
58 240 39 47105.6 0 0
57 239 38 47109.9 0 0
56 226 39 47118.4 0 0
55 235 38 47125.4 0 0
53 220 38 47129.6 0 0
54 231 38 47133.8 0 0
55 225 38 47138.1 0 0
55 240 38 47142.3 0 0
54 223 38 47146.5 0 0
53 231 38 47150.7 0 0
55 221 38 47159.1 0 0
60 210 39 47163.3 0 0
64 213 38 47167.5 0 0
65 210 38 47171.8 0 0
63 217 39 47175.9 0 0
60 209 38 47180.2 0 0
60 226 38 47184.4 0 0
59 214 38 47188.6 0 0
62 217 39 47192.8 0 0
62 211 38 47197 0 0
61 214 38 47201.3 0 0
60 220 38 47205.5 0 0
60 211 38 47209.7 0 0
61 215 38 47213.9 0 0
60 214 37 47218.1 0 0
60 213 38 47225.2 0 0
61 209 39 47229.5 0 0
61 215 39 47233.7 0 0
60 212 38 47237.9 0 0
60 216 38 47242.1 0 0
60 214 38 47246.3 0 0
61 214 38 47250.5 0 0
60 212 38 47254.7 0 0
60 214 38 47259 0 0
61 214 38 47263.2 0 0
59 216 38 47267.4 0 0
61 214 39 47271.6 0 0
62 213 39 47275.8 0 0
62 212 39 47280 0 0
62 205 38 47284.2 0 0
64 207 38 47288.4 0 0
62 207 38 47292.7 0 0
60 208 38 47296.9 0 0
60 208 38 47301.1 0 0
60 211 38 47305.3 0 0
62 208 38 47309.5 0 0
62 212 38 47313.7 0 0
61 208 38 47317.9 0 0
62 209 38 47322.1 0 0
62 209 39 47326.4 0 0
62 209 38 47333.4 0 0
61 214 38 47341.6 0 0
61 209 39 47350.1 0 0
61 205 38 47358.3 0 0
62 210 39 47366.6 0 0
62 215 39 47374.9 0 0
62 215 39 47383.3 0 0
63 209 39 47390.9 0 0
61 207 39 47395.2 0 0
62 210 39 47400 0 0
61 213 38 47404.2 0 0
61 208 39 47408.5 0 0
59 211 39 47412.7 0 0
59 212 39 47416.9 0 0
62 201 38 47421.1 0 0
58 209 38 47425.4 0 0
61 208 39 47429.6 0 0
61 204 38 47433.8 0 0
59 207 38 47438 0 0
62 203 39 47442.2 0 0
60 213 38 47446.4 0 0
62 208 39 47450.7 0 0
61 213 38 47454.9 0 0
67 215 39 47459.1 0 0
77 197 39 47463.3 0 0
88 181 38 47467.5 0 0
104 159 39 47471.7 0 0
110 149 38 47475.9 0 0
122 132 38 47480.1 0 0
135 114 39 47484.3 0 0
147 95 38 47488.5 0 0
156 102 39 47492.7 0 0
164 79 40 47496.9 0 0
175 76 40 47501.1 0 0
179 67 40 47505.4 0 0
179 67 40 47509.6 0 0
194 65 40 47515.9 0 0
186 29 40 47520.2 0 0
176 15 40 47524.4 0 0
179 24 40 47528.6 0 0
181 24 39 47532.8 0 0
175 21 40 47537 0 0
179 28 40 47541.2 0 0
180 28 39 47545.5 0 0
180 29 39 47549.7 0 0
178 25 41 47553.9 0 0
177 24 40 47558.1 0 0
178 24 39 47562.3 0 0
182 29 39 47566.5 0 0
175 22 40 47570.8 0 0
181 26 40 47575 0 0
179 25 39 47579.2 0 0
177 24 40 47583.4 0 0
176 23 40 47587.6 0 0
180 29 39 47591.8 0 0
178 26 39 47596 0 0
179 26 40 47600.3 0 0
176 24 40 47604.5 0 0
179 26 40 47608.7 0 0
178 27 39 47612.9 0 0
175 22 40 47617.1 0 0
179 25 40 47621.3 0 0
180 26 40 47625.6 0 0
175 22 39 47629.8 0 0
180 27 40 47634.1 0 0
178 24 40 47638.3 0 0
179 26 40 47642.5 0 0
178 23 39 47646.7 0 0
177 24 39 47650.9 0 0
180 27 39 47655.1 0 0
177 24 40 47659.3 0 0
180 26 40 47663.5 0 0
176 24 40 47667.8 0 0
180 27 40 47672 0 0
180 27 40 47676.2 0 0
180 26 39 47680.4 0 0
175 22 39 47684.6 0 0
178 25 40 47688.8 0 0
178 25 39 47693 0 0
177 23 40 47697.3 0 0
178 26 40 47701.5 0 0
176 24 40 47705.8 0 0
181 30 39 47710 0 0
179 26 40 47714.2 0 0
179 26 39 47718.4 0 0
175 23 39 47722.6 0 0
176 23 39 47726.8 0 0
179 25 39 47731.1 0 0
177 26 40 47735.3 0 0
179 25 40 47739.5 0 0
177 24 40 47743.7 0 0
177 23 39 47747.9 0 0
177 24 39 47752.1 0 0
178 24 40 47756.3 0 0
177 24 40 47760.6 0 0
176 22 40 47764.8 0 0
177 22 39 47769 0 0
178 24 39 47773.2 0 0
178 25 40 47777.4 0 0
177 23 39 47781.6 0 0
177 21 39 47785.9 0 0
181 28 40 47790.1 0 0
178 24 40 47794.3 0 0
174 21 39 47798.5 0 0
175 22 40 47802.7 0 0
174 19 39 47806.9 0 0
173 21 39 47811.1 0 0
178 25 40 47815.4 0 0
174 21 40 47819.6 0 0
175 21 40 47823.8 0 0
169 16 40 47828.1 0 0
175 21 39 47832.3 0 0
176 23 40 47836.5 0 0
174 21 39 47840.7 0 0
177 23 40 47844.9 0 0
169 17 39 47849.1 0 0
178 24 40 47853.3 0 0
174 21 40 47857.5 0 0
177 25 40 47861.8 0 0
175 21 39 47865.9 0 0
177 24 40 47870.2 0 0
177 24 39 47874.4 0 0
176 21 39 47878.6 0 0
172 17 39 47882.9 0 0
177 24 39 47887.1 0 0
175 23 39 47891.3 0 0
177 25 40 47895.5 0 0
176 23 40 47899.7 0 0
177 23 40 47903.9 0 0
178 25 39 47908.2 0 0
177 22 39 47912.4 0 0
176 24 40 47916.6 0 0
172 20 39 47920.8 0 0
175 21 40 47925 0 0
175 22 39 47929.2 0 0
176 23 40 47933.5 0 0
178 27 40 47937.7 0 0
175 22 39 47941.9 0 0
172 19 40 47946.1 0 0
178 23 39 47950.4 0 0
175 21 40 47954.6 0 0
177 24 40 47958.8 0 0
179 24 39 47963 0 0
175 23 40 47967.2 0 0
175 21 40 47971.4 0 0
176 20 40 47975.6 0 0
176 22 39 47979.8 0 0
178 23 39 47984.1 0 0
177 21 40 47988.3 0 0
178 25 39 47992.5 0 0
177 23 40 47996.7 0 0
178 26 40 48000.9 0 0
175 22 40 48007.9 0 0
177 22 39 48012.2 0 0
175 21 40 48016.4 0 0
174 19 40 48020.6 0 0
175 21 40 48024.8 0 0
178 22 40 48029 0 0
176 22 40 48033.2 0 0
178 22 39 48037.4 0 0
175 20 40 48041.7 0 0
175 17 39 48045.9 0 0
176 20 40 48050.1 0 0
178 22 40 48054.3 0 0
179 22 40 48058.5 0 0
175 20 40 48062.7 0 0
180 24 40 48066.9 0 0
176 21 40 48071.2 0 0
172 18 39 48075.4 0 0
163 12 40 48079.6 0 0
183 55 41 48083.8 0 0
166 52 39 48088 0 0
156 52 39 48092.2 0 0
145 54 39 48096.4 0 0
139 66 40 48100.7 0 0
139 66 40 48104.9 0 0
137 76 39 48109.8 0 0
144 77 40 48114 0 0
145 76 40 48118.2 0 0
139 70 40 48122.4 0 0
145 70 40 48126.6 0 0
144 67 40 48130.8 0 0
140 74 40 48135.1 0 0
143 65 40 48139.3 0 0
147 74 40 48143.6 0 0
144 66 40 48147.8 0 0
149 68 40 48152 0 0
138 70 39 48156.2 0 0
146 74 40 48160.4 0 0
146 75 40 48164.6 0 0
145 69 40 48168.8 0 0
142 70 40 48173.1 0 0
139 72 40 48177.3 0 0
147 71 39 48181.5 0 0
147 68 40 48185.7 0 0
142 73 39 48189.9 0 0
150 69 40 48194.1 0 0
139 69 40 48198.3 0 0
143 72 40 48202.6 0 0
139 72 39 48206.8 0 0
140 70 40 48211 0 0
142 68 40 48215.2 0 0
143 70 40 48219.4 0 0
147 71 40 48223.6 0 0
140 69 40 48227.8 0 0
147 69 40 48232.1 0 0
140 70 40 48236.3 0 0
145 74 40 48240.5 0 0
145 74 40 48244.7 0 0
143 64 40 48248.9 0 0
149 70 39 48253.1 0 0
140 68 39 48257.4 0 0
150 66 40 48261.6 0 0
141 70 40 48265.8 0 0
140 74 41 48270 0 0
150 68 39 48274.2 0 0
147 69 40 48278.5 0 0
148 61 40 48282.7 0 0
148 65 40 48286.9 0 0
149 65 41 48291.1 0 0
145 74 39 48295.4 0 0
150 67 40 48299.6 0 0
137 66 40 48303.8 0 0
147 65 40 48308 0 0
147 66 40 48312.2 0 0
146 66 40 48316.4 0 0
140 75 40 48320.7 0 0
147 68 40 48324.9 0 0
148 71 40 48329.1 0 0
145 75 40 48333.3 0 0
144 70 40 48337.5 0 0
147 67 40 48341.7 0 0
139 72 39 48345.9 0 0
146 68 40 48350.1 0 0
143 76 40 48354.4 0 0
143 65 40 48358.6 0 0
146 68 40 48362.8 0 0
138 72 40 48367 0 0
146 71 40 48371.3 0 0
150 69 41 48375.5 0 0
143 74 40 48379.7 0 0
142 78 40 48383.9 0 0
146 64 40 48388.2 0 0
146 65 41 48392.4 0 0
145 65 40 48396.6 0 0
146 69 41 48400.8 0 0
145 66 40 48405 0 0
144 65 41 48409.2 0 0
145 66 41 48413.4 0 0
147 70 40 48417.6 0 0
148 68 41 48421.9 0 0
147 72 41 48426.1 0 0
146 65 40 48430.3 0 0
145 66 40 48434.5 0 0
148 69 40 48438.7 0 0
148 69 40 48442.9 0 0
145 64 40 48447.1 0 0
146 63 40 48451.4 0 0
144 70 41 48455.6 0 0
144 63 41 48459.8 0 0
147 68 41 48464 0 0
144 68 41 48468.2 0 0
140 74 41 48472.4 0 0
146 72 41 48476.6 0 0
143 64 40 48480.9 0 0
143 67 40 48485.1 0 0
144 64 40 48489.3 0 0
147 63 41 48493.5 0 0
150 64 41 48497.7 0 0
156 73 40 48501.9 0 0
161 86 40 48506.1 0 0
161 86 41 48510.3 0 0
194 94 42 48514.6 0 0
201 97 40 48518.8 0 0
216 99 40 48523 0 0
232 91 40 48527.2 0 0
235 102 40 48531.4 0 0
236 104 39 48535.6 0 0
239 106 40 48539.8 0 0
229 106 40 48544.1 0 0
228 110 39 48548.3 0 0
230 108 40 48552.5 0 0
231 108 39 48556.7 0 0
231 108 39 48560.9 0 0
231 108 40 48565.1 0 0
234 106 40 48569.3 0 0
230 107 39 48573.6 0 0
232 108 39 48577.8 0 0
234 107 39 48582 0 0
234 109 40 48586.2 0 0
234 106 39 48590.4 0 0
232 105 40 48594.6 0 0
234 104 40 48598.9 0 0
233 107 39 48603.1 0 0
237 107 39 48607.4 0 0
235 107 40 48611.6 0 0
235 107 40 48615.8 0 0
235 107 40 48620 0 0
235 107 40 48624.2 0 0
235 107 39 48628.4 0 0
235 107 40 48632.7 0 0
235 107 39 48636.9 0 0
235 107 39 48641.1 0 0
235 107 40 48645.3 0 0
238 107 40 48649.6 0 0
235 109 39 48653.8 0 0
239 106 40 48658 0 0
234 108 40 48662.2 0 0
234 108 39 48666.4 0 0
238 105 41 48670.6 0 0
235 104 40 48674.9 0 0
235 104 40 48679.1 0 0
237 103 40 48683.2 0 0
234 108 40 48687.5 0 0
236 109 39 48691.7 0 0
236 105 40 48695.9 0 0
238 104 40 48700.1 0 0
236 105 40 48704.4 0 0
234 105 39 48711.5 0 0
232 107 39 48715.7 0 0
236 108 39 48719.9 0 0
234 106 39 48724.1 0 0
234 106 40 48728.3 0 0
234 107 39 48732.6 0 0
234 107 39 48736.8 0 0
241 107 40 48741 0 0
238 106 40 48745.2 0 0
233 110 40 48749.4 0 0
238 107 40 48753.6 0 0
242 106 40 48757.9 0 0
242 106 40 48762.1 0 0
242 106 39 48766.3 0 0
231 111 39 48770.5 0 0
236 108 40 48774.7 0 0
236 108 39 48778.9 0 0
237 109 39 48783.1 0 0
237 109 39 48787.4 0 0
241 105 39 48791.6 0 0
243 104 40 48795.8 0 0
212 117 40 48802.9 0 0
240 181 39 48811.4 0 0
129 202 39 48819.6 0 0
115 223 39 48827.7 0 0
115 223 39 48836.1 0 0
128 201 39 48844.1 0 0
128 201 39 48848.3 0 0
128 201 39 48852.9 0 0
128 201 39 48857.6 0 0
119 215 38 48861.8 0 0
119 215 39 48866 0 0
119 215 39 48870.3 0 0
118 218 39 48874.5 0 0
122 212 39 48878.7 0 0
117 217 39 48882.9 0 0
117 217 39 48887.2 0 0
117 217 39 48891.4 0 0
117 217 39 48895.6 0 0
117 217 39 48899.8 0 0
116 218 39 48904 0 0
116 218 41 48908.2 0 0
114 220 39 48912.4 0 0
120 215 39 48919.3 0 0
114 224 40 48923.6 0 0
119 218 40 48927.8 0 0
113 226 39 48932 0 0
116 221 39 48936.2 0 0
119 216 39 48940.4 0 0
115 220 38 48944.7 0 0
117 217 39 48948.9 0 0
115 223 38 48953.1 0 0
120 210 39 48957.3 0 0
114 219 39 48961.5 0 0
108 205 39 48965.7 0 0
100 210 40 48969.9 0 0
97 207 39 48974.1 0 0
93 204 39 48978.4 0 0
95 199 40 48982.6 0 0
91 196 40 48986.8 0 0
90 207 39 48991 0 0
92 207 39 48995.2 0 0
91 208 39 48999.4 0 0
97 199 40 49003.6 0 0
93 202 39 49007.9 0 0
94 200 40 49012.1 0 0
93 200 39 49016.3 0 0
96 200 39 49020.5 0 0
94 201 40 49027.7 0 0
95 200 40 49035.9 0 0
96 199 39 49044.2 0 0
89 206 40 49052.7 0 0
90 207 39 49060.9 0 0
91 206 39 49069.4 0 0
93 203 39 49077.4 0 0
93 203 39 49085.9 0 0
90 209 40 49094.1 0 0
83 204 39 49098.3 0 0
81 193 39 49102.6 0 0
81 193 39 49106.8 0 0
64 198 39 49111.4 0 0
64 198 39 49115.6 0 0
64 198 39 49119.8 0 0
49 198 39 49124 0 0
43 212 39 49128.2 0 0
40 208 38 49132.4 0 0
40 208 39 49136.6 0 0
40 218 38 49140.8 0 0
42 211 39 49145.1 0 0
42 211 40 49149.3 0 0
41 219 39 49153.5 0 0
41 219 39 49157.7 0 0
42 211 39 49161.9 0 0
44 208 39 49166.2 0 0
43 214 39 49170.4 0 0
43 208 38 49177.5 0 0
44 212 38 49185.8 0 0
43 210 39 49194 0 0
45 214 38 49202.3 0 0
44 214 39 49210.8 0 0
43 211 39 49219.1 0 0
43 211 39 49227.5 0 0
42 212 39 49234.7 0 0
42 212 39 49238.9 0 0
47 211 38 49244 0 0
42 210 38 49248.2 0 0
44 215 39 49252.4 0 0
42 210 39 49256.7 0 0
45 208 39 49260.9 0 0
43 206 38 49265.1 0 0
43 206 39 49269.3 0 0
42 213 39 49273.5 0 0
44 211 39 49277.7 0 0
44 211 38 49281.9 0 0
44 211 38 49286.2 0 0
34 210 38 49290.4 0 0
31 205 38 49295.2 0 0
27 206 39 49299.4 0 0
21 211 38 49303.6 0 0
21 211 38 49307.8 0 0
28 203 39 49312.9 0 0
25 205 38 49317.1 0 0
33 212 38 49321.3 0 0
34 213 39 49325.6 0 0
23 204 39 49329.8 0 0
27 203 39 49334 0 0
23 210 39 49338.2 0 0
26 213 39 49342.4 0 0
25 214 38 49346.6 0 0
26 200 39 49350.8 0 0
32 210 39 49355.1 0 0
27 208 39 49359.4 0 0
23 207 40 49363.6 0 0
24 211 39 49367.8 0 0
30 207 39 49372 0 0
23 212 39 49376.3 0 0
25 206 39 49380.5 0 0
23 204 39 49384.8 0 0
21 208 39 49389 0 0
24 208 39 49393.2 0 0
22 205 39 49397.4 0 0
28 201 39 49401.8 0 0
30 212 39 49406 0 0
26 203 39 49410.2 0 0
29 196 39 49414.4 0 0
28 171 39 49418.6 0 0
22 134 39 49422.8 0 0
45 92 39 49427.1 0 0
47 71 41 49431.3 0 0
53 62 40 49435.5 0 0
47 48 40 49439.7 0 0
29 22 40 49443.9 0 0
21 13 40 49448.2 0 0
22 15 40 49452.4 0 0
22 19 40 49456.6 0 0
21 23 40 49460.8 0 0
21 19 40 49465 0 0
21 17 40 49469.2 0 0
21 16 40 49473.4 0 0
19 14 40 49477.7 0 0
20 16 40 49481.9 0 0
19 15 40 49486.1 0 0
19 17 40 49490.3 0 0
21 18 41 49494.5 0 0
21 15 41 49498.7 0 0
19 18 40 49502.9 0 0
21 16 40 49507.2 0 0
19 15 40 49511.4 0 0
19 15 40 49515.6 0 0
21 17 39 49519.8 0 0
19 18 40 49524 0 0
20 16 39 49528.2 0 0
20 19 40 49532.4 0 0
19 18 40 49536.6 0 0
21 18 41 49540.9 0 0
20 18 41 49545.1 0 0
21 19 40 49549.3 0 0
18 17 41 49553.5 0 0
19 16 40 49557.7 0 0
20 17 40 49561.9 0 0
19 17 41 49566.1 0 0
20 18 40 49570.3 0 0
19 17 40 49574.6 0 0
21 18 40 49578.8 0 0
20 17 40 49583 0 0
22 19 40 49587.2 0 0
19 17 40 49591.4 0 0
20 14 40 49595.6 0 0
21 17 40 49599.8 0 0
19 15 40 49604.1 0 0
18 16 40 49608.2 0 0
19 16 40 49612.5 0 0
20 16 40 49617 0 0
19 15 40 49621.2 0 0
17 14 40 49625.4 0 0
16 17 41 49629.7 0 0
17 17 40 49633.9 0 0
16 14 40 49638.1 0 0
18 18 40 49642.3 0 0
20 19 40 49646.5 0 0
18 17 41 49650.7 0 0
19 17 40 49654.9 0 0
19 18 40 49659.2 0 0
20 19 40 49663.4 0 0
20 19 40 49667.6 0 0
21 19 40 49671.8 0 0
22 18 40 49676 0 0
27 24 40 49680.2 0 0
39 35 40 49684.4 0 0
55 47 40 49688.6 0 0
67 66 41 49692.9 0 0
86 67 40 49697.1 0 0
103 87 41 49701.3 0 0
103 87 40 49705.6 0 0
108 126 40 49709.8 0 0
108 148 39 49714 0 0
108 148 40 49718.2 0 0
114 178 39 49722.4 0 0
116 188 39 49726.6 0 0
105 218 39 49730.8 0 0
108 226 39 49735 0 0
109 235 38 49739.2 0 0
112 236 38 49743.5 0 0
109 238 38 49747.7 0 0
111 240 37 49802.4 0 0
109 239 37 49954.2 0 0
98 237 39 50381.8 0 0
100 231 38 50386.1 0 0
107 210 39 50390.3 0 0
112 191 39 50394.5 0 0
109 186 39 50398.7 0 0
114 177 39 50402.9 0 0
118 167 39 50407.2 0 0
113 167 40 50411.4 0 0
117 166 39 50415.6 0 0
111 172 39 50419.8 0 0
113 171 40 50424.1 0 0
112 165 39 50428.2 0 0
111 166 39 50432.4 0 0
114 164 40 50436.7 0 0
116 162 39 50440.9 0 0
113 160 39 50445.1 0 0
111 167 40 50449.3 0 0
115 163 39 50453.5 0 0
114 162 40 50457.7 0 0
115 162 39 50461.9 0 0
117 163 40 50466.2 0 0
114 166 39 50470.4 0 0
119 161 39 50474.6 0 0
115 165 39 50478.8 0 0
115 167 39 50483 0 0
116 163 39 50487.3 0 0
115 163 40 50491.5 0 0
115 164 39 50495.7 0 0
114 168 39 50499.9 0 0
115 163 39 50504.1 0 0
116 166 39 50508.3 0 0
118 158 39 50512.6 0 0
116 162 39 50516.8 0 0
119 160 39 50521 0 0
117 165 39 50525.2 0 0
115 162 39 50529.4 0 0
117 168 39 50533.6 0 0
111 175 39 50537.8 0 0
117 165 40 50542.1 0 0
113 171 39 50546.3 0 0
111 171 39 50550.5 0 0
113 170 39 50554.7 0 0
118 160 39 50558.9 0 0
115 164 39 50563.1 0 0
113 165 39 50567.3 0 0
115 166 39 50571.6 0 0
117 162 39 50575.8 0 0
114 171 40 50580 0 0
117 166 39 50584.2 0 0
119 163 38 50588.4 0 0
114 166 39 50592.6 0 0
117 167 39 50596.8 0 0
120 164 39 50601 0 0
116 164 40 50605.2 0 0
120 160 39 50609.5 0 0
119 160 39 50613.7 0 0
118 164 39 50617.9 0 0
118 166 39 50622.1 0 0
118 169 38 50626.3 0 0
120 163 38 50630.5 0 0
117 164 39 50634.8 0 0
128 148 39 50639 0 0
106 176 39 50643.2 0 0
101 173 39 50647.4 0 0
92 181 38 50651.6 0 0
88 194 38 50655.8 0 0
92 189 39 50660 0 0
98 183 39 50664.2 0 0
98 183 39 50668.5 0 0
97 181 39 50672.7 0 0
98 180 38 50676.9 0 0
98 186 39 50681.1 0 0
94 183 39 50685.3 0 0
99 185 39 50689.5 0 0
96 183 39 50693.8 0 0
99 186 39 50698 0 0
99 184 39 50702.2 0 0
97 187 39 50706.4 0 0
99 184 38 50710.6 0 0
96 179 39 50714.8 0 0
98 182 39 50719 0 0
97 182 39 50723.2 0 0
96 182 40 50727.5 0 0
99 173 38 50734.5 0 0
101 180 39 50738.7 0 0
98 178 38 50742.9 0 0
97 185 38 50747.1 0 0
96 186 39 50751.3 0 0
98 182 39 50755.5 0 0
98 185 38 50759.8 0 0
99 177 39 50764 0 0
100 181 39 50768.2 0 0
97 184 39 50772.4 0 0
92 191 39 50776.6 0 0
100 180 39 50780.8 0 0
94 190 39 50785.1 0 0
99 181 39 50789.3 0 0
96 186 39 50793.5 0 0
103 179 39 50797.7 0 0
100 184 39 50801.9 0 0
97 186 39 50806.1 0 0
99 182 39 50810.3 0 0
101 181 38 50814.6 0 0
103 176 39 50818.8 0 0
96 177 39 50823.1 0 0
122 116 39 50827.3 0 0
122 116 40 50834.2 0 0
130 79 39 50838.4 0 0
133 80 40 50842.6 0 0
133 77 40 50846.8 0 0
131 82 40 50851 0 0
132 84 39 50855.3 0 0
135 82 40 50859.5 0 0
133 85 40 50863.7 0 0
135 84 39 50867.9 0 0
128 81 40 50872.1 0 0
132 84 40 50876.3 0 0
120 90 40 50880.6 0 0
129 95 40 50884.8 0 0
125 92 40 50889 0 0
124 94 39 50893.3 0 0
123 88 40 50897.5 0 0
124 85 40 50901.7 0 0
126 88 39 50905.9 0 0
124 92 40 50910.1 0 0
128 90 40 50914.3 0 0
124 86 40 50918.5 0 0
126 84 40 50922.7 0 0
125 84 40 50926.9 0 0
122 85 40 50931.1 0 0
128 86 41 50935.3 0 0
121 84 41 50939.6 0 0
129 87 41 50943.8 0 0
130 82 40 50948 0 0
128 95 40 50952.2 0 0
122 95 40 50959 0 0
94 123 40 50963.3 0 0
79 141 40 50967.5 0 0
79 141 39 50971.7 0 0
46 195 41 50976 0 0
45 206 40 50980.2 0 0
45 206 40 50984.4 0 0
41 214 39 50988.6 0 0
44 225 39 50992.8 0 0
44 218 40 50997 0 0
48 215 40 51001.2 0 0
45 220 39 51005.4 0 0
41 206 40 51009.7 0 0
38 217 40 51013.9 0 0
38 216 41 51018.1 0 0
42 206 39 51022.3 0 0
47 223 40 51026.5 0 0
43 212 39 51030.7 0 0
48 225 40 51035 0 0
48 224 40 51039.2 0 0
46 222 40 51044.1 0 0
46 226 40 51048.3 0 0
47 218 40 51054.9 0 0
44 225 40 51059.1 0 0
45 211 40 51063.3 0 0
44 221 40 51067.6 0 0
44 217 40 51071.8 0 0
46 216 40 51076 0 0
47 214 40 51080.3 0 0
42 220 40 51084.5 0 0
46 219 40 51088.7 0 0
45 217 40 51092.9 0 0
45 220 40 51097.1 0 0
46 224 40 51101.3 0 0
43 215 40 51105.6 0 0
45 220 40 51109.9 0 0
42 214 40 51114.1 0 0
44 226 40 51118.3 0 0
43 214 40 51122.5 0 0
40 210 40 51126.8 0 0
41 207 40 51131.1 0 0
46 220 41 51135.3 0 0
43 221 40 51139.5 0 0
42 213 40 51146.4 0 0
51 196 41 51150.6 0 0
51 196 40 51154.8 0 0
37 204 40 51159 0 0
37 204 40 51163.2 0 0
27 168 40 51167.5 0 0
27 168 40 51171.7 0 0
43 92 41 51175.9 0 0
42 87 40 51180.1 0 0
42 68 41 51184.3 0 0
25 36 44 51188.5 0 0
35 56 40 51192.8 0 0
35 60 40 51197 0 0
29 61 41 51201.2 0 0
32 66 40 51205.4 0 0
31 65 40 51209.7 0 0
30 64 41 51213.8 0 0
31 56 40 51218.1 0 0
32 52 41 51222.3 0 0
34 52 42 51226.5 0 0
33 51 40 51230.7 0 0
30 48 40 51234.9 0 0
34 48 40 51239.1 0 0
31 49 40 51243.3 0 0
31 49 40 51247.5 0 0
31 46 40 51251.8 0 0
31 47 40 51256 0 0
31 47 40 51260.2 0 0
31 45 40 51266 0 0
33 46 40 51270.2 0 0
30 44 40 51274.4 0 0
31 44 41 51278.6 0 0
30 45 40 51282.8 0 0
28 43 40 51287 0 0
33 45 40 51291.2 0 0
31 44 40 51295.4 0 0
29 44 40 51299.6 0 0
30 43 40 51303.8 0 0
29 44 40 51308 0 0
32 45 40 51312.2 0 0
29 41 40 51316.5 0 0
30 46 40 51320.7 0 0
33 43 40 51324.9 0 0
30 45 40 51329.1 0 0
32 39 39 51333.3 0 0
31 42 40 51337.5 0 0
31 43 40 51341.8 0 0
32 43 40 51346 0 0
31 41 40 51350.2 0 0
32 41 39 51354.4 0 0
32 44 40 51358.7 0 0
31 42 40 51363 0 0
30 43 40 51367.2 0 0
31 43 40 51371.5 0 0
32 40 41 51375.7 0 0
29 42 40 51379.9 0 0
31 42 40 51384.1 0 0
30 44 40 51388.4 0 0
32 43 40 51392.6 0 0
34 41 40 51396.8 0 0
32 45 40 51401.1 0 0
31 41 40 51405.3 0 0
31 45 41 51409.5 0 0
32 41 39 51413.7 0 0
33 47 40 51418 0 0
30 44 40 51422.2 0 0
30 44 40 51426.4 0 0
32 43 39 51430.6 0 0
30 43 40 51434.8 0 0
32 42 39 51439.1 0 0
31 45 40 51443.3 0 0
32 43 40 51447.5 0 0
33 50 40 51451.7 0 0
44 56 40 51455.9 0 0
52 46 40 51460.1 0 0
48 51 40 51464.3 0 0
47 51 40 51468.6 0 0
42 54 40 51472.8 0 0
43 51 40 51477 0 0
48 50 40 51481.2 0 0
46 48 40 51485.5 0 0
45 49 40 51489.7 0 0
45 47 40 51493.9 0 0
43 52 40 51498.1 0 0
45 48 39 51502.3 0 0
46 48 40 51506.5 0 0
44 56 40 51510.8 0 0
45 48 40 51515 0 0
47 49 39 51519.2 0 0
45 48 40 51523.4 0 0
46 53 40 51527.6 0 0
46 50 40 51531.8 0 0
45 49 40 51536 0 0
47 48 40 51540.3 0 0
47 51 39 51544.5 0 0
45 50 39 51548.7 0 0
46 52 40 51552.9 0 0
47 53 41 51557.2 0 0
44 51 40 51561.4 0 0
45 51 40 51565.6 0 0
44 50 39 51569.8 0 0
45 50 39 51574 0 0
43 53 39 51578.2 0 0
47 51 39 51582.4 0 0
45 48 39 51586.7 0 0
45 48 39 51590.8 0 0
47 46 39 51595.1 0 0
44 48 40 51599.3 0 0
46 48 39 51603.5 0 0
46 50 39 51607.8 0 0
43 52 40 51612 0 0
45 47 39 51616.2 0 0
47 48 39 51620.4 0 0
48 50 40 51624.6 0 0
46 49 40 51628.8 0 0
45 51 38 51633.1 0 0
48 54 39 51637.3 0 0
45 49 39 51641.5 0 0
45 49 39 51645.7 0 0
46 48 39 51649.9 0 0
46 48 38 51654.1 0 0
45 53 38 51658.4 0 0
45 47 39 51662.6 0 0
46 48 39 51666.9 0 0
47 50 38 51671.1 0 0
43 50 39 51675.3 0 0
46 45 39 51679.5 0 0
43 50 39 51683.8 0 0
43 52 38 51688 0 0
45 51 38 51692.2 0 0
47 50 38 51696.5 0 0
47 47 39 51700.7 0 0
45 49 38 51704.9 0 0
45 51 38 51709.1 0 0
46 49 39 51713.3 0 0
46 47 38 51717.5 0 0
45 48 38 51721.8 0 0
46 49 38 51726 0 0
44 49 38 51730.2 0 0
45 49 38 51734.4 0 0
48 47 38 51738.6 0 0
43 51 38 51742.8 0 0
45 48 38 51747 0 0
47 48 39 51751.2 0 0
45 49 39 51755.5 0 0
47 47 39 51759.7 0 0
46 47 38 51763.9 0 0
45 46 38 51768.1 0 0
46 49 39 51772.3 0 0
46 48 37 51776.5 0 0
47 48 38 51780.7 0 0
45 49 38 51785 0 0
44 44 38 51789.2 0 0
45 49 38 51793.4 0 0
45 48 39 51797.6 0 0
48 44 38 51801.9 0 0
46 47 38 51806.1 0 0
47 44 38 51810.3 0 0
45 44 38 51814.5 0 0
43 45 38 51818.7 0 0
45 46 38 51822.9 0 0
44 47 38 51827.2 0 0
46 47 38 51831.4 0 0
47 47 39 51835.6 0 0
46 46 38 51839.8 0 0
46 47 37 51844 0 0
45 46 37 51848.2 0 0
47 47 38 51852.4 0 0
44 47 38 51856.7 0 0
45 48 38 51860.9 0 0
46 46 38 51865.1 0 0
44 47 38 51869.3 0 0
43 49 38 51873.6 0 0
42 48 39 51877.8 0 0
44 47 37 51882 0 0
47 47 38 51886.2 0 0
45 47 38 51890.4 0 0
45 47 39 51894.6 0 0
49 47 38 51898.8 0 0
45 46 38 51903.1 0 0
47 48 38 51907.3 0 0
47 48 38 51911.5 0 0
46 49 38 51915.7 0 0
46 45 38 51920 0 0
43 50 38 51924.2 0 0
45 46 37 51928.4 0 0
44 45 37 51932.6 0 0
43 46 38 51936.8 0 0
43 47 37 51941 0 0
46 47 37 51945.2 0 0
43 49 37 51949.4 0 0
44 46 37 51953.7 0 0
46 51 37 51957.9 0 0
44 47 38 51962.1 0 0
47 44 38 51966.3 0 0
44 47 37 51970.5 0 0
44 49 38 51974.7 0 0
46 48 37 51978.9 0 0
45 45 38 51983.2 0 0
42 47 38 51987.4 0 0
44 49 37 51991.6 0 0
45 48 38 51995.8 0 0
47 46 38 52000 0 0
45 47 37 52004.2 0 0
45 47 38 52008.4 0 0
44 44 38 52012.7 0 0
45 50 38 52016.9 0 0
45 46 38 52021.1 0 0
44 50 38 52025.3 0 0
44 47 38 52029.5 0 0
45 47 37 52033.7 0 0
47 46 37 52037.9 0 0
43 44 37 52042.2 0 0
44 48 38 52046.4 0 0
43 45 38 52050.6 0 0
44 47 38 52054.8 0 0
46 44 37 52059 0 0
42 45 37 52063.2 0 0
44 48 37 52067.5 0 0
45 46 37 52071.8 0 0
42 46 38 52076 0 0
46 45 38 52080.2 0 0
42 48 38 52084.4 0 0
43 46 37 52088.7 0 0
45 47 38 52092.8 0 0
43 49 37 52097.1 0 0
43 45 38 52101.3 0 0
45 45 38 52105.5 0 0
44 47 38 52109.8 0 0
41 44 38 52114.1 0 0
43 48 38 52118.3 0 0
45 47 38 52122.5 0 0
45 46 38 52126.7 0 0
44 48 38 52130.9 0 0
43 42 38 52135.1 0 0
45 44 38 52139.4 0 0
44 47 38 52143.6 0 0
46 47 37 52147.8 0 0
44 50 37 52152 0 0
48 43 38 52156.2 0 0
42 45 38 52160.4 0 0
45 43 38 52164.6 0 0
44 49 39 52168.8 0 0
43 44 38 52173.1 0 0
44 47 39 52177.3 0 0
41 45 38 52181.5 0 0
42 48 39 52185.7 0 0
41 44 38 52189.9 0 0
43 48 38 52194.1 0 0
46 44 38 52198.4 0 0
43 45 38 52202.6 0 0
43 45 38 52206.8 0 0
44 48 38 52211 0 0
44 46 38 52215.2 0 0
42 42 38 52219.5 0 0
42 45 39 52223.7 0 0
44 45 38 52227.9 0 0
45 48 38 52232.2 0 0
43 47 39 52236.4 0 0
43 43 39 52240.7 0 0
40 47 39 52244.9 0 0
44 43 38 52249.1 0 0
44 48 39 52253.3 0 0
39 45 38 52257.5 0 0
45 46 39 52261.8 0 0
43 45 38 52266.2 0 0
41 43 39 52270.4 0 0
44 47 39 52274.6 0 0
42 44 39 52278.8 0 0
45 43 39 52283 0 0
43 48 39 52287.2 0 0
46 48 39 52291.5 0 0
48 47 39 52295.7 0 0
46 57 39 52299.9 0 0
65 44 39 52304.1 0 0
77 41 40 52308.3 0 0
85 37 39 52312.5 0 0
92 31 40 52316.7 0 0
102 32 40 52320.9 0 0
114 43 40 52325.2 0 0
117 46 40 52329.4 0 0
121 42 39 52333.6 0 0
127 43 40 52337.8 0 0
124 37 40 52342 0 0
121 39 39 52346.2 0 0
123 41 39 52350.4 0 0
123 39 40 52354.7 0 0
125 38 41 52358.9 0 0
124 40 40 52363.1 0 0
126 40 40 52367.3 0 0
125 42 40 52371.5 0 0
124 35 40 52375.8 0 0
121 41 40 52380 0 0
122 40 40 52384.2 0 0
124 39 40 52388.4 0 0
125 42 41 52392.6 0 0
126 39 40 52396.8 0 0
123 38 40 52401 0 0
124 39 41 52405.2 0 0
124 38 40 52409.5 0 0
120 38 41 52413.7 0 0
125 37 40 52417.9 0 0
126 39 41 52422.1 0 0
125 36 41 52426.3 0 0
124 38 40 52430.5 0 0
125 39 40 52434.7 0 0
129 40 40 52438.9 0 0
125 43 40 52443.1 0 0
128 39 40 52447.4 0 0
126 40 40 52451.6 0 0
125 39 41 52455.8 0 0
126 40 41 52460 0 0
126 37 40 52464.2 0 0
123 40 41 52468.4 0 0
125 43 40 52472.6 0 0
127 38 41 52476.9 0 0
125 36 41 52481.1 0 0
126 40 42 52485.3 0 0
126 41 41 52489.5 0 0
124 39 41 52493.7 0 0
125 40 41 52497.9 0 0
127 37 41 52502.1 0 0
127 41 41 52506.4 0 0
124 40 41 52510.6 0 0
126 38 41 52514.8 0 0
127 39 41 52519 0 0
129 40 41 52523.2 0 0
127 41 41 52527.4 0 0
130 43 41 52531.7 0 0
125 37 41 52535.9 0 0
129 42 41 52540.1 0 0
123 42 41 52544.4 0 0
130 41 41 52548.6 0 0
133 46 41 52552.8 0 0
146 68 41 52557 0 0
146 68 41 52561.2 0 0
162 80 41 52565.4 0 0
159 82 41 52569.6 0 0
149 80 41 52573.8 0 0
143 75 40 52578 0 0
146 73 41 52582.2 0 0
144 74 41 52586.4 0 0
151 72 41 52590.6 0 0
150 79 41 52594.8 0 0
143 70 41 52599.1 0 0
128 64 40 52603.3 0 0
120 64 41 52607.5 0 0
115 63 41 52611.8 0 0
110 57 41 52615.9 0 0
106 58 41 52620.2 0 0
108 58 41 52624.3 0 0
112 63 41 52628.6 0 0
113 60 42 52632.8 0 0
114 61 41 52637 0 0
111 58 41 52641.2 0 0
109 60 41 52645.5 0 0
109 59 42 52649.7 0 0
111 58 41 52653.9 0 0
113 61 42 52658.1 0 0
110 61 41 52662.3 0 0
109 62 41 52666.5 0 0
111 60 41 52670.8 0 0
112 58 41 52675.1 0 0
113 58 41 52679.3 0 0
112 57 41 52683.5 0 0
111 56 41 52687.7 0 0
113 60 41 52691.9 0 0
109 58 41 52696.2 0 0
111 51 41 52700.4 0 0
111 55 41 52704.6 0 0
113 56 41 52708.8 0 0
113 56 41 52713 0 0
110 56 41 52719.1 0 0
116 59 41 52723.3 0 0
112 58 42 52727.5 0 0
107 58 41 52731.8 0 0
106 73 41 52736 0 0
91 87 41 52740.2 0 0
58 121 41 52744.4 0 0
52 126 41 52748.6 0 0
38 159 40 52752.8 0 0
38 159 40 52757 0 0
38 159 39 52761.3 0 0
23 202 39 52765.5 0 0
23 202 39 52769.7 0 0
23 202 40 52773.9 0 0
34 197 40 52778.1 0 0
32 192 39 52782.3 0 0
29 184 40 52786.5 0 0
29 199 40 52790.8 0 0
32 210 40 52795.4 0 0
28 204 40 52799.6 0 0
33 197 40 52803.8 0 0
26 195 40 52808.1 0 0
28 200 39 52812.2 0 0
30 198 40 52816.6 0 0
28 197 40 52820.8 0 0
31 199 40 52825 0 0
29 196 40 52829.2 0 0
32 201 40 52833.4 0 0
29 201 40 52837.7 0 0
28 203 40 52841.8 0 0
27 194 39 52846.1 0 0
29 200 40 52850.3 0 0
26 196 40 52854.6 0 0
26 194 40 52858.8 0 0
30 200 40 52863 0 0
28 195 40 52867.2 0 0
28 199 39 52871.5 0 0
29 201 41 52875.7 0 0
24 201 40 52879.9 0 0
27 201 40 52884.2 0 0
23 202 39 52888.4 0 0
27 202 40 52892.6 0 0
30 208 40 52896.8 0 0
23 206 40 52901 0 0
25 201 40 52905.2 0 0
24 201 40 52909.4 0 0
20 206 40 52913.6 0 0
23 202 39 52917.9 0 0
28 212 40 52922.1 0 0
22 207 40 52926.3 0 0
25 203 40 52930.5 0 0
23 201 40 52934.8 0 0
22 202 40 52939 0 0
26 209 40 52943.2 0 0
22 200 40 52947.5 0 0
24 200 40 52951.7 0 0
28 209 40 52955.9 0 0
27 209 39 52960.1 0 0
27 204 40 52964.3 0 0
26 203 40 52968.5 0 0
26 210 40 52972.7 0 0
31 212 39 52976.9 0 0
28 211 39 52981.2 0 0
28 211 40 52985.4 0 0
28 211 40 52989.6 0 0
28 211 40 52993.8 0 0
32 212 40 52998 0 0
32 212 39 53002.2 0 0
31 205 40 53006.4 0 0
31 205 40 53010.7 0 0
27 212 40 53014.9 0 0
27 212 40 53019.1 0 0
27 212 40 53023.3 0 0
31 205 39 53027.5 0 0
26 200 40 53031.7 0 0
30 209 39 53035.9 0 0
27 214 40 53040.2 0 0
32 214 40 53044.4 0 0
32 220 40 53048.6 0 0
34 225 39 53052.8 0 0
31 209 40 53057 0 0
33 205 40 53061.2 0 0
28 209 39 53065.5 0 0
32 215 40 53069.7 0 0
31 229 41 53073.9 0 0
31 218 40 53078.1 0 0
32 223 40 53082.3 0 0
33 215 40 53086.6 0 0
31 211 39 53090.8 0 0
32 209 40 53095 0 0
29 222 40 53099.2 0 0
30 220 41 53103.4 0 0
31 220 40 53107.6 0 0
32 227 41 53111.9 0 0
31 217 41 53116.1 0 0
33 233 40 53120.3 0 0
33 231 40 53124.6 0 0
32 224 40 53128.8 0 0
34 213 40 53133 0 0
31 219 40 53137.2 0 0
34 214 40 53141.4 0 0
29 215 40 53145.7 0 0
30 215 40 53149.8 0 0
34 210 40 53154.1 0 0
29 217 40 53158.3 0 0
33 215 40 53162.5 0 0
32 215 40 53166.8 0 0
31 219 40 53171 0 0
32 213 40 53175.3 0 0
29 216 40 53179.5 0 0
32 217 40 53183.7 0 0
29 216 40 53187.9 0 0
33 215 40 53192.2 0 0
32 220 41 53196.4 0 0
27 217 40 53200.7 0 0
31 211 40 53204.9 0 0
30 211 40 53209.1 0 0
33 229 40 53213.3 0 0
29 217 40 53217.5 0 0
29 210 40 53221.7 0 0
27 210 40 53225.9 0 0
27 217 39 53230.1 0 0
31 213 40 53234.3 0 0
31 211 40 53238.6 0 0
27 212 41 53242.8 0 0
32 219 40 53247 0 0
31 217 40 53251.2 0 0
29 216 40 53255.4 0 0
34 218 40 53259.6 0 0
23 208 40 53263.9 0 0
28 212 40 53268.1 0 0
25 214 40 53272.3 0 0
28 210 40 53276.5 0 0
28 210 40 53280.7 0 0
33 206 40 53284.9 0 0
31 224 40 53289.2 0 0
32 216 41 53293.4 0 0
30 216 40 53297.6 0 0
27 213 41 53301.8 0 0
30 219 40 53306 0 0
31 220 40 53310.2 0 0
31 212 40 53314.4 0 0
33 213 40 53318.7 0 0
33 208 40 53322.9 0 0
31 215 40 53327.1 0 0
32 206 40 53331.3 0 0
32 208 40 53335.5 0 0
29 211 40 53339.7 0 0
32 212 40 53343.9 0 0
30 208 39 53348.1 0 0
30 213 40 53352.4 0 0
31 205 39 53356.6 0 0
30 215 40 53360.9 0 0
34 210 40 53365.1 0 0
34 211 40 53369.3 0 0
32 220 40 53373.6 0 0
33 214 40 53377.8 0 0
31 218 40 53382 0 0
32 214 39 53386.2 0 0
32 214 40 53390.4 0 0
32 208 40 53394.6 0 0
33 213 40 53398.8 0 0
32 210 39 53403 0 0
28 214 40 53407.2 0 0
26 212 40 53411.5 0 0
31 215 40 53415.7 0 0
32 214 40 53419.9 0 0
28 213 39 53424.2 0 0
32 214 39 53428.4 0 0
26 218 40 53432.6 0 0
25 216 40 53436.8 0 0
27 215 39 53441 0 0
25 207 40 53445.2 0 0
26 212 40 53449.5 0 0
26 213 39 53453.7 0 0
26 212 40 53457.9 0 0
29 216 40 53462.1 0 0
33 216 39 53466.3 0 0
31 219 40 53470.5 0 0
31 216 40 53474.8 0 0
23 208 40 53479 0 0
31 212 40 53483.2 0 0
30 217 41 53487.4 0 0
30 220 39 53491.6 0 0
30 212 40 53495.8 0 0
31 213 39 53500 0 0
32 216 40 53504.2 0 0
30 210 40 53508.5 0 0
28 213 39 53512.7 0 0
33 220 39 53516.9 0 0
30 215 39 53521.1 0 0
30 212 40 53525.3 0 0
32 220 40 53529.6 0 0
29 214 40 53533.8 0 0
34 217 39 53538 0 0
42 220 39 53542.2 0 0
46 209 40 53546.4 0 0
46 209 40 53550.6 0 0
67 204 39 53554.8 0 0
72 209 40 53559 0 0
81 208 40 53563.3 0 0
86 220 41 53567.5 0 0
87 221 40 53571.7 0 0
92 231 41 53575.9 0 0
98 236 41 53580.2 0 0
108 237 40 53597 0 0
239 217 40 53903.4 0 0
160 216 39 54144.5 0 0
185 195 39 54148.7 0 0
120 209 39 54152.9 0 0
120 209 39 54157.1 0 0
113 203 39 54161.3 0 0
118 194 39 54165.5 0 0
115 198 39 54169.8 0 0
114 205 40 54174 0 0
115 203 40 54178.2 0 0
115 203 40 54182.4 0 0
117 199 39 54187.9 0 0
117 199 39 54192.3 0 0
114 205 39 54196.5 0 0
117 195 40 54200.7 0 0
116 202 39 54205 0 0
113 207 39 54209.2 0 0
115 200 39 54213.4 0 0
117 203 39 54217.6 0 0
116 200 39 54221.8 0 0
116 198 39 54226 0 0
117 200 40 54230.3 0 0
117 203 39 54234.5 0 0
114 203 39 54238.7 0 0
113 205 39 54242.9 0 0
114 201 39 54247.1 0 0
116 200 40 54251.3 0 0
116 199 40 54255.6 0 0
116 199 40 54259.8 0 0
113 205 39 54264 0 0
121 196 39 54268.2 0 0
117 198 39 54272.5 0 0
117 197 39 54276.7 0 0
116 200 38 54280.9 0 0
116 199 39 54285.1 0 0
115 199 39 54289.3 0 0
112 206 39 54293.6 0 0
115 202 39 54297.8 0 0
111 205 39 54302 0 0
114 202 38 54306.2 0 0
112 210 39 54310.4 0 0
113 205 39 54314.6 0 0
115 199 39 54318.8 0 0
115 201 39 54323.1 0 0
113 202 40 54327.3 0 0
115 187 39 54331.5 0 0
103 193 38 54335.7 0 0
98 190 39 54340 0 0
97 191 39 54344.2 0 0
93 196 38 54348.4 0 0
94 197 40 54352.6 0 0
96 196 39 54356.9 0 0
94 197 38 54361.1 0 0
94 192 39 54365.3 0 0
96 195 38 54369.5 0 0
91 205 39 54373.7 0 0
91 205 39 54377.9 0 0
91 205 38 54382.2 0 0
101 187 39 54386.4 0 0
98 188 39 54390.6 0 0
96 188 39 54394.8 0 0
102 185 39 54399 0 0
98 193 39 54403.2 0 0
96 189 39 54407.5 0 0
97 191 40 54411.7 0 0
95 193 39 54416 0 0
101 188 38 54420.2 0 0
98 190 39 54424.4 0 0
95 197 38 54428.6 0 0
96 192 39 54432.8 0 0
94 199 38 54437 0 0
100 182 39 54441.3 0 0
99 191 39 54445.5 0 0
96 191 39 54449.7 0 0
99 190 38 54453.9 0 0
98 191 39 54458.1 0 0
98 183 38 54462.3 0 0
98 190 39 54466.6 0 0
96 194 38 54470.8 0 0
100 184 38 54475 0 0
99 191 39 54479.9 0 0
100 190 39 54484.1 0 0
100 189 39 54488.3 0 0
98 193 39 54492.5 0 0
99 192 39 54496.7 0 0
100 188 38 54500.9 0 0
98 193 39 54505.2 0 0
98 192 39 54509.4 0 0
94 195 38 54513.6 0 0
100 190 38 54517.8 0 0
98 192 39 54522 0 0
96 191 38 54526.2 0 0
95 193 39 54530.4 0 0
97 196 38 54534.6 0 0
95 197 38 54538.9 0 0
97 194 38 54543.1 0 0
103 186 39 54547.3 0 0
96 193 38 54551.5 0 0
103 191 38 54555.7 0 0
99 192 38 54559.9 0 0
101 193 39 54564.2 0 0
104 180 38 54568.4 0 0
98 197 38 54572.7 0 0
98 192 38 54576.9 0 0
95 195 38 54581.1 0 0
100 191 38 54585.3 0 0
96 198 38 54589.5 0 0
101 189 38 54593.7 0 0
93 192 38 54597.9 0 0
101 191 39 54602.2 0 0
98 194 38 54606.4 0 0
93 190 39 54610.8 0 0
103 185 38 54615 0 0
100 189 38 54619.2 0 0
98 185 38 54623.4 0 0
100 188 38 54627.6 0 0
102 186 38 54631.8 0 0
100 189 39 54636.1 0 0
99 186 38 54640.3 0 0
100 187 38 54644.5 0 0
100 192 39 54648.7 0 0
99 192 38 54652.9 0 0
101 193 38 54657.1 0 0
105 180 38 54661.3 0 0
112 176 39 54668.3 0 0
112 176 38 54672.5 0 0
112 176 39 54676.8 0 0
112 176 38 54680.9 0 0
171 118 38 54685.2 0 0
165 131 38 54689.4 0 0
187 143 39 54693.6 0 0
187 143 38 54697.8 0 0
187 143 38 54702.1 0 0
187 143 40 54706.3 0 0
187 143 39 54710.5 0 0
187 143 39 54714.7 0 0
187 143 39 54718.9 0 0
187 143 39 54723.1 0 0
187 143 39 54727.3 0 0
187 143 39 54731.6 0 0
187 143 39 54735.8 0 0
187 143 39 54740 0 0
187 143 39 54744.2 0 0
187 143 39 54748.4 0 0
187 143 39 54752.6 0 0
192 152 39 54756.9 0 0
192 152 39 54761.1 0 0
192 152 39 54766 0 0
192 152 39 54770.2 0 0
192 152 39 54774.4 0 0
192 152 39 54778.6 0 0
209 156 39 54782.8 0 0
182 164 38 54787 0 0
195 173 38 54791.2 0 0
143 194 38 54795.5 0 0
121 217 37 54799.7 0 0
113 239 37 54803.9 0 0
117 234 38 54884.1 0 0
120 224 39 54968.4 0 0
114 240 38 55049 0 0
226 193 38 55053.2 0 0
213 120 38 55070.1 0 0
214 110 39 55074.3 0 0
214 110 39 55078.5 0 0
207 118 39 55082.7 0 0
214 116 39 55086.9 0 0
207 118 39 55091.1 0 0
217 124 39 55095.3 0 0
210 114 39 55099.6 0 0
212 116 39 55103.8 0 0
210 114 39 55108 0 0
213 113 40 55112.2 0 0
210 114 40 55116.4 0 0
214 114 39 55120.7 0 0
209 117 39 55124.8 0 0
211 115 39 55129.1 0 0
206 117 39 55133.3 0 0
209 115 39 55137.5 0 0
209 114 40 55141.8 0 0
211 111 40 55146 0 0
209 118 39 55150.2 0 0
207 119 39 55154.4 0 0
207 116 40 55158.6 0 0
211 113 40 55162.8 0 0
212 113 39 55167 0 0
206 119 39 55171.3 0 0
208 115 39 55175.5 0 0
210 114 40 55179.7 0 0
209 116 39 55183.9 0 0
210 114 39 55188.1 0 0
210 114 39 55192.3 0 0
211 112 40 55196.6 0 0
210 114 39 55200.8 0 0
212 111 40 55205 0 0
209 113 39 55209.2 0 0
208 114 39 55213.4 0 0
205 116 40 55217.7 0 0
209 116 39 55221.9 0 0
235 128 40 55226.1 0 0
217 117 39 55230.3 0 0
243 100 40 55234.6 0 0
243 105 40 55238.8 0 0
243 105 40 55243 0 0
257 68 40 55247.2 0 0
255 69 39 55251.4 0 0
252 66 39 55255.6 0 0
250 67 40 55259.9 0 0
255 69 39 55264.1 0 0
254 68 40 55268.3 0 0
258 72 39 55272.5 0 0
257 69 39 55276.7 0 0
254 66 39 55280.9 0 0
252 64 40 55285.1 0 0
255 67 40 55289.3 0 0
254 66 40 55293.6 0 0
256 67 39 55297.8 0 0
254 66 39 55302 0 0
258 71 39 55306.2 0 0
255 67 39 55310.4 0 0
254 65 40 55314.6 0 0
254 66 39 55318.8 0 0
253 65 39 55323.1 0 0
251 64 39 55327.3 0 0
253 63 39 55331.5 0 0
252 66 40 55335.7 0 0
254 66 39 55339.9 0 0
254 65 40 55344.2 0 0
253 65 39 55348.4 0 0
255 66 39 55352.6 0 0
254 66 40 55356.9 0 0
255 65 39 55361.3 0 0
254 67 39 55365.5 0 0
254 66 39 55369.7 0 0
255 67 39 55373.9 0 0
253 62 39 55378.2 0 0
254 66 40 55382.4 0 0
254 64 39 55386.6 0 0
256 66 39 55390.8 0 0
252 64 38 55395 0 0
254 63 39 55399.2 0 0
255 67 39 55403.5 0 0
252 62 38 55407.7 0 0
253 62 39 55411.9 0 0
254 65 38 55416.2 0 0
252 63 39 55420.7 0 0
256 63 39 55424.9 0 0
255 65 38 55429.1 0 0
255 63 38 55433.3 0 0
252 60 39 55437.5 0 0
254 61 38 55441.7 0 0
255 65 38 55446 0 0
256 63 39 55450.2 0 0
255 65 38 55454.4 0 0
257 63 39 55458.6 0 0
253 60 38 55462.8 0 0
254 61 39 55467 0 0
253 61 39 55471.2 0 0
253 62 38 55475.5 0 0
252 60 38 55479.7 0 0
253 61 38 55483.9 0 0
253 61 38 55488.1 0 0
256 62 38 55492.3 0 0
253 59 38 55496.5 0 0
253 61 38 55500.8 0 0
254 61 38 55505.1 0 0
251 60 38 55509.3 0 0
254 60 39 55513.6 0 0
257 64 38 55517.8 0 0
253 61 39 55522 0 0
256 63 38 55526.2 0 0
253 61 38 55530.4 0 0
252 60 38 55534.6 0 0
254 61 38 55538.8 0 0
256 61 38 55543.1 0 0
254 61 38 55547.5 0 0
254 60 38 55551.7 0 0
254 62 38 55555.9 0 0
255 60 38 55560.1 0 0
253 61 38 55564.3 0 0
254 60 38 55568.5 0 0
255 60 39 55572.8 0 0
253 60 38 55577 0 0
257 62 38 55581.2 0 0
253 60 39 55585.4 0 0
254 61 38 55589.6 0 0
256 62 38 55593.8 0 0
256 62 38 55598 0 0
257 63 39 55602.2 0 0
252 60 38 55606.5 0 0
253 60 38 55610.8 0 0
254 61 38 55615 0 0
254 60 38 55619.2 0 0
257 61 39 55623.4 0 0
250 57 38 55627.6 0 0
254 60 38 55631.8 0 0
254 60 38 55636 0 0
255 60 38 55640.2 0 0
255 61 38 55644.5 0 0
251 59 38 55648.7 0 0
257 64 38 55652.9 0 0
254 62 38 55657.1 0 0
254 61 38 55661.3 0 0
255 60 38 55665.5 0 0
254 59 38 55669.8 0 0
256 61 38 55674 0 0
254 61 38 55678.2 0 0
255 61 39 55682.4 0 0
256 61 38 55686.6 0 0
255 60 38 55690.8 0 0
256 61 38 55695.1 0 0
255 60 38 55699.3 0 0
256 62 39 55703.6 0 0
256 62 39 55707.8 0 0
255 60 38 55712 0 0
257 60 38 55716.2 0 0
256 60 38 55720.4 0 0
256 61 39 55724.6 0 0
254 58 38 55728.9 0 0
255 57 38 55733.1 0 0
254 61 38 55737.3 0 0
256 60 37 55741.5 0 0
254 58 37 55745.7 0 0
254 59 38 55749.9 0 0
257 59 37 55754.1 0 0
257 61 38 55758.4 0 0
255 58 37 55762.6 0 0
255 58 38 55766.8 0 0
256 60 38 55771 0 0
253 57 38 55775.2 0 0
256 60 37 55779.4 0 0
254 57 37 55783.6 0 0
255 57 38 55787.8 0 0
258 62 37 55792.1 0 0
255 59 37 55796.3 0 0
255 58 38 55800.5 0 0
254 60 37 55804.7 0 0
252 54 37 55808.9 0 0
258 59 37 55813.2 0 0
253 58 37 55817.4 0 0
253 57 38 55821.7 0 0
256 57 37 55825.9 0 0
257 59 38 55830.1 0 0
256 59 37 55834.3 0 0
258 62 38 55838.5 0 0
257 58 37 55842.7 0 0
252 56 37 55846.9 0 0
254 56 37 55851.1 0 0
257 58 37 55855.4 0 0
256 58 37 55859.6 0 0
254 56 37 55863.8 0 0
254 58 37 55868 0 0
256 57 37 55872.2 0 0
256 57 38 55876.5 0 0
259 62 37 55880.7 0 0
255 59 37 55884.9 0 0
253 56 37 55889.1 0 0
253 56 37 55893.3 0 0
255 58 37 55897.5 0 0
255 58 37 55901.7 0 0
256 58 37 55905.9 0 0
255 58 36 55910.2 0 0
256 59 37 55914.4 0 0
254 57 37 55918.6 0 0
255 58 38 55925.3 0 0
256 57 37 55929.6 0 0
255 57 37 55934 0 0
255 55 37 55938.2 0 0
254 57 37 55942.4 0 0
254 57 37 55946.6 0 0
255 56 37 55950.9 0 0
255 57 37 55955.1 0 0
254 56 38 55959.3 0 0
255 57 37 55963.5 0 0
258 58 37 55967.7 0 0
254 56 37 55971.9 0 0
256 57 37 55976.1 0 0
256 57 37 55980.4 0 0
254 57 37 55984.6 0 0
257 58 36 55988.8 0 0
252 56 37 55993 0 0
255 57 37 55997.2 0 0
253 56 37 56001.4 0 0
257 58 37 56005.6 0 0
255 58 37 56009.9 0 0
257 58 37 56014.1 0 0
258 61 37 56018.3 0 0
255 58 37 56022.5 0 0
257 59 37 56026.7 0 0
255 57 37 56030.9 0 0
256 58 37 56038 0 0
253 56 37 56042.2 0 0
255 56 38 56046.4 0 0
255 57 37 56050.6 0 0
253 56 38 56054.8 0 0
254 58 37 56059 0 0
254 56 37 56063.2 0 0
255 56 38 56067.4 0 0
256 58 37 56071.7 0 0
258 58 37 56075.9 0 0
253 57 37 56080.1 0 0
256 57 37 56084.3 0 0
253 56 37 56088.5 0 0
257 59 38 56092.7 0 0
253 56 37 56097 0 0
256 60 38 56101.2 0 0
256 57 37 56105.4 0 0
257 59 37 56109.6 0 0
255 56 37 56113.8 0 0
256 57 37 56118 0 0
255 57 37 56122.2 0 0
255 57 37 56126.4 0 0
258 59 37 56130.7 0 0
255 58 37 56134.9 0 0
256 59 37 56139.2 0 0
254 55 38 56146.1 0 0
258 59 37 56150.4 0 0
256 57 37 56154.6 0 0
255 56 37 56158.8 0 0
254 55 37 56163 0 0
255 57 37 56167.2 0 0
256 57 37 56171.4 0 0
255 57 37 56175.7 0 0
256 56 37 56179.9 0 0
255 56 37 56184.1 0 0
256 57 38 56188.3 0 0
255 57 37 56192.5 0 0
257 59 38 56196.7 0 0
255 56 37 56201 0 0
256 55 37 56205.2 0 0
256 57 37 56209.4 0 0
254 56 37 56213.6 0 0
254 56 37 56217.8 0 0
254 55 37 56222 0 0
256 57 37 56226.2 0 0
252 53 37 56230.5 0 0
250 52 38 56234.7 0 0
254 54 38 56238.9 0 0
255 55 37 56243.1 0 0
256 57 38 56247.3 0 0
258 59 37 56251.5 0 0
258 59 37 56255.7 0 0
258 59 37 56259.9 0 0
256 57 37 56266 0 0
253 53 37 56270.2 0 0
256 56 38 56274.4 0 0
254 55 37 56278.6 0 0
256 55 38 56282.8 0 0
254 55 37 56287 0 0
253 54 37 56291.2 0 0
255 55 38 56295.5 0 0
254 55 37 56299.7 0 0
256 57 37 56303.9 0 0
256 57 37 56308.1 0 0
256 56 37 56312.3 0 0
255 55 37 56316.5 0 0
253 54 37 56320.7 0 0
256 55 38 56325 0 0
255 57 38 56329.2 0 0
256 56 38 56333.4 0 0
255 55 38 56337.7 0 0
256 56 37 56341.9 0 0
256 57 37 56346.1 0 0
258 58 37 56350.3 0 0
255 55 37 56354.6 0 0
256 57 38 56358.8 0 0
257 57 37 56363 0 0
258 58 37 56367.2 0 0
255 55 37 56371.4 0 0
257 56 37 56375.7 0 0
253 53 37 56379.9 0 0
255 54 37 56384.1 0 0
257 56 37 56388.3 0 0
256 55 37 56392.5 0 0
255 54 37 56396.8 0 0
255 54 38 56401 0 0
258 57 38 56405.2 0 0
260 60 38 56409.4 0 0
257 55 38 56413.6 0 0
254 54 38 56417.8 0 0
256 56 37 56422 0 0
255 55 38 56426.2 0 0
256 56 37 56430.4 0 0
253 54 38 56434.7 0 0
256 55 37 56438.9 0 0
259 57 37 56443.1 0 0
259 57 37 56447.3 0 0
237 40 38 56453.5 0 0
222 24 39 56457.7 0 0
221 52 39 56461.9 0 0
214 49 39 56466.1 0 0
204 52 38 56470.3 0 0
190 48 38 56474.5 0 0
181 27 39 56478.8 0 0
183 44 39 56483 0 0
184 45 39 56487.2 0 0
189 51 39 56491.4 0 0
190 49 39 56495.6 0 0
188 49 38 56499.8 0 0
188 46 39 56504.1 0 0
189 46 38 56508.3 0 0
193 50 39 56512.5 0 0
191 51 39 56516.8 0 0
192 50 39 56521 0 0
189 48 39 56525.2 0 0
188 47 39 56529.4 0 0
190 49 39 56533.6 0 0
190 49 39 56537.8 0 0
189 48 39 56542.1 0 0
187 45 39 56546.3 0 0
189 47 39 56550.5 0 0
190 48 40 56554.7 0 0
187 48 39 56558.9 0 0
189 48 39 56563.1 0 0
187 46 39 56567.3 0 0
189 47 39 56571.6 0 0
188 47 39 56575.8 0 0
189 47 39 56580 0 0
187 44 39 56584.2 0 0
188 48 40 56588.4 0 0
186 45 39 56592.6 0 0
190 48 39 56596.8 0 0
191 47 40 56601.1 0 0
188 47 40 56605.3 0 0
188 46 40 56609.5 0 0
190 50 39 56613.7 0 0
186 45 39 56617.9 0 0
187 45 40 56622.1 0 0
187 44 40 56629.1 0 0
187 46 39 56633.4 0 0
188 47 40 56637.6 0 0
188 46 39 56641.8 0 0
188 47 39 56646 0 0
187 45 40 56650.2 0 0
190 48 40 56654.4 0 0
191 49 40 56658.6 0 0
187 47 40 56662.9 0 0
188 47 40 56667.1 0 0
188 45 40 56671.3 0 0
189 45 40 56675.5 0 0
187 44 40 56679.7 0 0
189 46 39 56683.9 0 0
187 45 40 56688.1 0 0
187 44 40 56692.4 0 0
187 44 40 56696.6 0 0
187 45 40 56700.8 0 0
190 46 39 56705 0 0
188 45 40 56709.2 0 0
189 46 39 56713.4 0 0
186 44 40 56717.6 0 0
189 46 40 56721.9 0 0
189 46 40 56728.8 0 0
189 43 39 56734.7 0 0
189 46 40 56738.9 0 0
190 46 41 56745.5 0 0
189 44 40 56749.8 0 0
188 43 40 56754 0 0
190 42 40 56758.2 0 0
194 38 40 56762.5 0 0
194 38 40 56766.7 0 0
194 38 40 56770.9 0 0
194 38 39 56775.1 0 0
194 38 39 56779.3 0 0
194 38 38 56783.5 0 0
194 38 38 56787.7 0 0
194 38 38 56792 0 0
194 38 37 56796.2 0 0
194 38 38 56800.4 0 0
194 38 38 56804.6 0 0
194 38 38 56808.8 0 0
194 38 38 56813 0 0
194 38 38 56817.2 0 0
194 38 38 56821.5 0 0
194 38 38 56825.7 0 0
194 38 38 56829.9 0 0
194 38 39 56834.1 0 0
194 38 38 56838.3 0 0
194 38 39 56842.5 0 0
194 38 38 56846.7 0 0
194 38 38 56853.7 0 0
194 38 39 56859.7 0 0
194 38 38 56864 0 0
194 38 38 56870.4 0 0
194 38 38 56874.6 0 0
194 38 38 56878.9 0 0
194 38 38 56883.2 0 0
194 38 39 56887.4 0 0
194 38 38 56891.6 0 0
194 38 39 56895.8 0 0
194 38 38 56900 0 0
194 38 40 56904.2 0 0
194 38 39 56908.4 0 0
194 38 39 56912.7 0 0
194 38 38 56916.9 0 0
194 38 39 56921.1 0 0
194 38 38 56925.3 0 0
194 38 38 56929.5 0 0
194 38 38 56933.7 0 0
194 38 38 56938.1 0 0
194 38 38 56942.3 0 0
194 38 38 56946.6 0 0
194 38 38 56950.8 0 0
194 38 38 56955 0 0
194 38 38 56962.1 0 0
157 230 38 57024.9 0 0
159 229 38 57029.1 0 0
177 229 38 57033.3 0 0
128 232 38 57037.6 0 0
132 233 38 57041.8 0 0
220 224 38 57046 0 0
178 229 39 57050.2 0 0
178 229 38 57054.4 0 0
142 230 38 57058.6 0 0
142 230 38 57063 0 0
130 231 38 57067.2 0 0
130 231 38 57071.4 0 0
130 231 38 57075.7 0 0
142 231 38 57079.9 0 0
142 231 37 57084.1 0 0
142 231 37 57088.3 0 0
142 231 37 57094.1 0 0
142 231 38 57098.3 0 0
142 231 38 57102.6 0 0
142 231 38 57106.8 0 0
142 231 38 57111 0 0
160 230 39 57115.2 0 0
234 227 38 57119.4 0 0
129 231 38 57123.6 0 0
228 224 38 57127.9 0 0
199 227 38 57132.1 0 0
214 224 38 57136.3 0 0
184 226 38 57140.5 0 0
157 227 38 57144.7 0 0
129 233 38 57149 0 0
140 231 38 57153.2 0 0
128 235 38 57157.4 0 0
161 229 38 57161.6 0 0
161 229 38 57165.8 0 0
161 229 38 57170.4 0 0
161 229 38 57175 0 0
161 229 38 57179.2 0 0
161 229 38 57183.4 0 0
161 229 39 57187.6 0 0
161 229 38 57191.8 0 0
161 229 38 57196 0 0
161 229 38 57200.3 0 0
161 229 38 57204.5 0 0
161 229 38 57208.7 0 0
241 223 38 57212.9 0 0
217 224 38 57217.1 0 0
230 224 38 57221.3 0 0
194 230 39 57225.6 0 0
192 230 38 57229.8 0 0
234 222 38 57234 0 0
129 234 38 57238.2 0 0
213 226 39 57242.4 0 0
171 228 38 57246.7 0 0
184 229 38 57250.9 0 0
164 229 39 57255.1 0 0
129 233 38 57259.3 0 0
171 230 38 57263.5 0 0
202 225 38 57267.8 0 0
213 226 38 57271.9 0 0
165 229 38 57276.2 0 0
137 230 38 57280.4 0 0
198 227 38 57284.6 0 0
165 229 38 57288.8 0 0
197 227 38 57293.1 0 0
161 228 38 57297.3 0 0
130 232 38 57301.5 0 0
133 232 38 57305.7 0 0
127 237 38 57309.9 0 0
183 225 38 57314.1 0 0
144 231 38 57318.3 0 0
146 228 38 57322.6 0 0
133 232 38 57326.8 0 0
133 232 38 57331 0 0
129 234 38 57335.2 0 0
137 231 38 57339.4 0 0
137 231 38 57343.6 0 0
127 236 39 57347.9 0 0
127 236 38 57352.1 0 0
127 236 38 57356.3 0 0
202 229 38 57360.6 0 0
242 221 38 57364.8 0 0
207 114 38 57702.3 0 0
207 114 38 57706.5 0 0
207 114 38 57710.7 0 0
207 114 38 57714.9 0 0
207 114 39 57719.2 0 0
207 114 40 57723.4 0 0
192 67 39 57727.6 0 0
192 57 39 57731.8 0 0
131 74 40 58019.1 0 0
125 79 39 58023.2 0 0
125 79 39 58027.5 0 0
125 79 39 58031.8 0 0
125 79 39 58036 0 0
125 79 38 58040.3 0 0
125 79 39 58044.9 0 0
125 79 39 58049.1 0 0
125 79 38 58053.3 0 0
125 79 39 58057.5 0 0
125 79 39 58061.7 0 0
125 79 39 58065.9 0 0
125 79 39 58070.1 0 0
125 79 38 58074.4 0 0
125 79 38 58078.6 0 0
125 79 39 58082.8 0 0
125 79 39 58087 0 0
125 79 39 58091.2 0 0
125 79 39 58095.4 0 0
125 79 40 58099.6 0 0
125 79 39 58103.9 0 0
125 79 39 58108.1 0 0
125 79 39 58112.3 0 0
125 79 39 58116.5 0 0
125 79 39 58120.7 0 0
125 79 39 58124.9 0 0
125 79 39 58129.1 0 0
125 79 39 58133.4 0 0
125 79 38 58137.6 0 0
125 79 39 58141.8 0 0
125 79 39 58146 0 0
125 79 39 58150.2 0 0
125 79 39 58154.4 0 0
125 79 38 58158.6 0 0
125 79 0 58162.8 0 0
125 79 39 58167.1 0 0
125 79 39 58171.3 0 0
125 79 39 58175.6 0 0
125 79 39 58179.8 0 0
125 79 38 58184 0 0
125 79 38 58188.2 0 0
125 79 39 58192.4 0 0
125 79 38 58196.7 0 0
125 79 39 58200.9 0 0
125 79 38 58205.1 0 0
125 79 39 58209.3 0 0
125 79 39 58213.5 0 0
125 79 39 58217.7 0 0
125 79 38 58221.9 0 0
118 62 39 58259.9 0 0
107 60 39 58264.1 0 0
101 60 39 58268.3 0 0
101 60 38 58272.5 0 0
101 60 38 58276.7 0 0
101 60 39 58280.9 0 0
101 60 38 58285.2 0 0
82 41 40 58289.4 0 0
78 38 39 58293.6 0 0
81 39 40 58297.8 0 0
89 42 39 58302 0 0
89 44 39 58306.2 0 0
84 43 38 58310.4 0 0
87 47 39 58314.7 0 0
85 42 39 58318.9 0 0
90 45 39 58323.1 0 0
84 43 39 58327.3 0 0
86 44 39 58331.5 0 0
83 44 39 58335.7 0 0
87 46 39 58339.9 0 0
80 44 40 58344.2 0 0
79 45 39 58348.4 0 0
78 43 39 58352.6 0 0
80 42 39 58356.8 0 0
78 45 39 58361.1 0 0
84 45 39 58365.3 0 0
79 39 39 58369.5 0 0
82 46 39 58373.7 0 0
83 42 39 58377.9 0 0
80 41 38 58382.1 0 0
82 42 39 58386.4 0 0
56 6 39 58390.6 0 0
82 46 39 58394.8 0 0
86 41 39 58399 0 0
79 40 39 58403.2 0 0
82 41 39 58407.4 0 0
79 42 39 58411.7 0 0
80 41 38 58415.9 0 0
82 43 38 58420.1 0 0
81 41 40 58424.3 0 0
85 44 39 58428.5 0 0
79 42 39 58432.7 0 0
83 46 39 58436.9 0 0
81 48 39 58441.4 0 0
85 47 39 58445.6 0 0
79 44 39 58449.9 0 0
83 47 39 58454.1 0 0
80 48 39 58458.3 0 0
81 44 39 58462.5 0 0
81 43 39 58466.7 0 0
81 44 40 58470.9 0 0
82 44 39 58475.1 0 0
85 42 39 58479.4 0 0
80 44 39 58483.6 0 0
86 43 39 58487.8 0 0
82 43 39 58492.1 0 0
80 43 39 58496.3 0 0
81 42 39 58500.5 0 0
85 45 39 58504.7 0 0
85 44 39 58508.9 0 0
82 44 40 58513.2 0 0
80 44 39 58517.4 0 0
81 43 39 58521.6 0 0
78 43 39 58525.8 0 0
81 47 39 58530 0 0
81 41 38 58534.2 0 0
78 41 39 58538.4 0 0
66 9 39 58542.7 0 0
82 38 39 58546.9 0 0
68 9 39 58551.1 0 0
78 47 39 58555.3 0 0
68 8 39 58559.5 0 0
87 44 39 58563.7 0 0
84 43 39 58567.9 0 0
83 42 40 58572.2 0 0
84 46 38 58576.4 0 0
82 41 39 58580.6 0 0
86 45 39 58584.8 0 0
80 44 39 58589 0 0
85 47 39 58593.2 0 0
85 47 39 58597.4 0 0
85 47 39 58601.6 0 0
85 47 39 58605.9 0 0
85 47 39 58610.1 0 0
85 47 38 58614.3 0 0
121 61 38 58618.5 0 0
120 64 40 58622.7 0 0
119 64 38 58626.9 0 0
115 66 39 58631.2 0 0
121 62 38 58635.4 0 0
119 60 39 58639.6 0 0
116 63 39 58643.8 0 0
123 63 39 58648.1 0 0
116 63 39 58652.3 0 0
117 62 38 58656.5 0 0
121 65 39 58660.7 0 0
120 63 38 58664.9 0 0
114 63 39 58669.1 0 0
122 62 38 58673.3 0 0
121 63 38 58677.5 0 0
116 63 39 58681.8 0 0
117 59 39 58685.9 0 0
118 60 38 58690.2 0 0
124 66 39 58694.4 0 0
121 60 38 58698.7 0 0
117 63 39 58702.9 0 0
120 63 39 58707.1 0 0
122 61 39 58711.3 0 0
121 59 39 58715.5 0 0
121 64 39 58719.7 0 0
121 63 38 58723.9 0 0
118 63 39 58728.2 0 0
119 66 38 58732.4 0 0
122 62 39 58736.6 0 0
123 64 38 58740.8 0 0
121 62 38 58745 0 0
124 63 39 58749.2 0 0
118 65 39 58756.1 0 0
119 64 38 58760.3 0 0
122 62 38 58764.6 0 0
121 64 39 58768.8 0 0
122 60 38 58773 0 0
119 66 38 58777.2 0 0
121 65 39 58781.4 0 0
119 66 39 58785.6 0 0
123 61 39 58789.8 0 0
123 63 38 58794.1 0 0
122 64 39 58798.4 0 0
127 63 38 58802.6 0 0
119 62 38 58806.8 0 0
122 62 38 58811 0 0
123 64 39 58815.2 0 0
119 63 39 58819.4 0 0
123 62 38 58823.7 0 0
121 62 38 58827.9 0 0
125 62 38 58832.1 0 0
123 62 38 58836.3 0 0
112 64 38 58840.5 0 0
112 64 38 58844.7 0 0
112 64 38 58848.9 0 0
112 64 38 58853.2 0 0
85 49 38 58857.4 0 0
85 31 38 58864.2 0 0
77 21 38 58868.4 0 0
81 20 38 58872.6 0 0
84 22 40 58876.8 0 0
88 34 38 58881 0 0
81 27 38 58885.3 0 0
87 33 38 58889.5 0 0
87 30 38 58893.7 0 0
87 32 39 58897.9 0 0
85 34 38 58902.1 0 0
89 34 39 58906.3 0 0
87 34 38 58910.5 0 0
87 32 38 58914.8 0 0
87 29 39 58919 0 0
89 30 39 58923.2 0 0
87 29 39 58927.4 0 0
82 39 39 58931.6 0 0
84 37 38 58935.8 0 0
85 37 38 58940.1 0 0
84 30 38 58944.3 0 0
85 30 39 58948.5 0 0
86 34 38 58952.7 0 0
84 33 38 58956.9 0 0
86 29 39 58961.1 0 0
84 35 39 58965.3 0 0
81 33 38 58969.5 0 0
89 32 39 58973.7 0 0
85 32 39 58978 0 0
83 34 39 58982.2 0 0
85 33 39 58989.1 0 0
87 32 38 58993.3 0 0
84 32 39 58997.5 0 0
81 25 39 59001.7 0 0
84 31 39 59005.9 0 0
81 38 38 59010.2 0 0
82 33 38 59014.4 0 0
84 33 38 59018.6 0 0
85 33 39 59022.8 0 0
79 23 39 59027 0 0
85 31 38 59031.2 0 0
88 32 38 59035.4 0 0
86 33 39 59039.7 0 0
85 30 38 59043.9 0 0
87 33 38 59048.1 0 0
83 35 39 59052.4 0 0
86 28 38 59056.6 0 0
86 28 39 59060.8 0 0
86 28 38 59065 0 0
86 28 39 59069.2 0 0
86 28 38 59073.4 0 0
127 65 39 59077.6 0 0
139 64 38 59081.9 0 0
142 65 38 59086.1 0 0
144 73 38 59090.3 0 0
133 88 38 59094.5 0 0
129 83 37 59098.7 0 0
140 67 38 59102.9 0 0
143 65 38 59107.2 0 0
143 74 38 59111.4 0 0
140 71 38 59118.2 0 0
142 69 38 59122.4 0 0
141 69 38 59126.6 0 0
141 71 38 59130.8 0 0
141 75 38 59135.1 0 0
139 73 37 59139.3 0 0
142 76 38 59143.5 0 0
140 73 38 59147.7 0 0
141 72 38 59151.9 0 0
143 70 38 59156.1 0 0
140 72 38 59160.3 0 0
144 74 38 59164.6 0 0
143 70 38 59168.8 0 0
143 74 38 59173.1 0 0
141 72 38 59177.3 0 0
140 72 37 59181.5 0 0
144 74 38 59185.7 0 0
142 69 38 59189.9 0 0
141 72 38 59194.1 0 0
143 75 38 59198.3 0 0
139 71 38 59202.5 0 0
139 67 38 59206.8 0 0
142 73 38 59210.9 0 0
140 73 38 59215.3 0 0
140 73 38 59219.5 0 0
142 69 38 59226.6 0 0
144 76 38 59230.8 0 0
140 70 38 59235.1 0 0
141 70 38 59239.3 0 0
142 72 38 59243.5 0 0
144 68 39 59247.7 0 0
141 73 39 59251.9 0 0
143 77 38 59256.1 0 0
144 72 38 59260.4 0 0
142 73 38 59264.6 0 0
141 68 39 59268.8 0 0
142 75 38 59273 0 0
141 74 38 59277.2 0 0
142 66 38 59281.4 0 0
141 75 38 59285.6 0 0
144 75 38 59289.8 0 0
142 79 38 59294.1 0 0
141 74 38 59298.3 0 0
144 68 38 59302.5 0 0
144 70 38 59306.7 0 0
141 69 38 59310.9 0 0
140 72 38 59315.1 0 0
139 76 37 59319.3 0 0
142 71 38 59326.4 0 0
143 72 38 59330.7 0 0
138 71 38 59334.9 0 0
143 70 38 59339.1 0 0
142 73 38 59343.3 0 0
139 69 38 59347.5 0 0
144 64 37 59351.7 0 0
143 75 37 59357.4 0 0
141 70 37 59361.7 0 0
143 68 37 59367.9 0 0
143 73 38 59372.2 0 0
143 74 38 59376.4 0 0
141 67 37 59380.6 0 0
140 63 38 59384.9 0 0
138 71 38 59389.1 0 0
143 70 37 59393.3 0 0
142 73 37 59397.6 0 0
143 71 37 59401.9 0 0
143 70 37 59406.1 0 0
141 79 37 59410.3 0 0
144 70 37 59414.5 0 0
141 73 37 59418.7 0 0
144 78 37 59422.9 0 0
143 68 38 59427.1 0 0
142 72 37 59431.3 0 0
143 72 37 59435.6 0 0
138 75 38 59439.8 0 0
142 75 38 59444 0 0
142 74 37 59448.2 0 0
143 77 38 59452.4 0 0
141 66 36 59456.6 0 0
142 78 37 59460.8 0 0
142 64 37 59465.1 0 0
141 69 38 59469.3 0 0
141 69 37 59473.5 0 0
145 68 38 59480.3 0 0
140 63 37 59484.6 0 0
141 74 38 59488.8 0 0
141 75 38 59493 0 0
145 71 37 59497.2 0 0
142 72 37 59501.4 0 0
141 71 38 59505.6 0 0
142 69 38 59509.9 0 0
142 74 38 59514.1 0 0
140 78 37 59518.3 0 0
143 72 38 59522.5 0 0
142 70 37 59526.7 0 0
143 75 38 59530.9 0 0
142 76 38 59535.1 0 0
143 77 37 59539.3 0 0
143 76 38 59543.6 0 0
144 74 37 59547.8 0 0
144 77 37 59552 0 0
134 83 38 59556.2 0 0
140 77 38 59560.4 0 0
138 89 37 59564.6 0 0
134 85 37 59568.8 0 0
142 77 38 59573.1 0 0
135 85 37 59577.3 0 0
142 80 38 59581.5 0 0
143 75 37 59585.7 0 0
136 86 37 59589.9 0 0
137 85 37 59594.3 0 0
143 68 37 59601.2 0 0
140 78 37 59605.4 0 0
141 71 38 59609.7 0 0
138 79 37 59613.9 0 0
141 75 38 59618.1 0 0
138 78 38 59622.3 0 0
143 69 38 59626.5 0 0
141 74 38 59630.7 0 0
143 71 38 59634.9 0 0
141 72 38 59639.1 0 0
142 72 38 59643.4 0 0
142 75 38 59647.6 0 0
140 77 38 59651.8 0 0
140 75 38 59656 0 0
144 76 38 59660.2 0 0
141 69 38 59664.4 0 0
143 78 38 59668.6 0 0
144 71 37 59672.8 0 0
141 75 38 59677.1 0 0
142 69 38 59681.3 0 0
139 72 37 59685.5 0 0
142 77 38 59689.7 0 0
139 77 38 59693.9 0 0
138 74 38 59698.1 0 0
138 84 38 59702.4 0 0
142 75 38 59706.6 0 0
134 89 38 59710.8 0 0
143 76 38 59715.1 0 0
137 81 38 59721.8 0 0
144 72 38 59726.1 0 0
145 70 38 59730.3 0 0
139 76 38 59734.5 0 0
145 70 38 59738.7 0 0
143 68 38 59742.9 0 0
142 71 38 59747.1 0 0
143 75 39 59751.3 0 0
145 75 38 59755.6 0 0
140 76 38 59759.8 0 0
143 75 38 59764 0 0
138 81 37 59768.2 0 0
143 80 39 59772.4 0 0
144 71 38 59776.6 0 0
141 74 38 59780.8 0 0
142 76 39 59785.1 0 0
145 73 37 59789.3 0 0
144 75 38 59793.5 0 0
141 75 38 59797.9 0 0
144 74 38 59802.1 0 0
140 75 38 59806.4 0 0
139 72 38 59810.6 0 0
136 86 38 59817.5 0 0
144 75 38 59826 0 0
142 74 37 59834.2 0 0
144 77 38 59842.5 0 0
143 74 38 59850.9 0 0
137 81 37 59859.2 0 0
137 81 37 59867.7 0 0
144 72 38 59875.4 0 0
143 75 37 59879.6 0 0
140 70 38 59884.2 0 0
143 77 38 59888.4 0 0
137 83 38 59892.7 0 0
140 72 37 59896.9 0 0
145 73 38 59901.2 0 0
131 88 38 59905.4 0 0
145 70 38 59909.6 0 0
145 75 37 59913.8 0 0
140 85 37 59918 0 0
143 76 38 59922.3 0 0
143 74 38 59926.5 0 0
136 83 38 59930.7 0 0
136 83 38 59934.9 0 0
136 83 38 59939.1 0 0
142 78 37 59943.3 0 0
144 72 38 59947.6 0 0
145 68 37 59951.8 0 0
136 81 37 59956 0 0
140 80 38 59960.2 0 0
144 75 38 59964.4 0 0
140 82 37 59968.6 0 0
136 88 37 59972.8 0 0
143 72 38 59977.1 0 0
143 71 38 59981.3 0 0
134 84 37 59988.3 0 0
141 77 38 59992.5 0 0
133 86 38 59996.8 0 0
140 87 38 60000.9 0 0
138 80 38 60005.2 0 0
137 85 38 60009.4 0 0
145 78 37 60013.6 0 0
131 83 37 60017.8 0 0
136 85 37 60022.1 0 0
138 84 38 60026.2 0 0
133 85 38 60030.4 0 0
138 84 37 60034.7 0 0
137 84 38 60038.9 0 0
137 85 38 60043.1 0 0
136 84 39 60047.3 0 0
142 85 37 60051.5 0 0
139 91 37 60055.7 0 0
137 81 37 60059.9 0 0
140 89 37 60064.2 0 0
139 86 38 60068.4 0 0
133 87 38 60072.6 0 0
138 84 38 60076.8 0 0
140 83 38 60081 0 0
131 86 37 60085.2 0 0
132 82 38 60089.4 0 0
137 81 37 60093.6 0 0
136 88 38 60097.8 0 0
134 87 38 60104.7 0 0
135 85 38 60109 0 0
131 86 38 60113.2 0 0
132 88 37 60117.4 0 0
142 84 38 60121.6 0 0
142 84 38 60125.9 0 0
135 89 38 60130.1 0 0
137 86 38 60134.3 0 0
139 85 38 60138.6 0 0
136 86 38 60142.8 0 0
132 86 38 60147 0 0
129 87 38 60151.2 0 0
128 90 38 60155.4 0 0
135 86 38 60159.6 0 0
130 85 38 60163.8 0 0
130 85 39 60168.3 0 0
148 59 38 60172.5 0 0
147 56 38 60176.7 0 0
137 85 38 60180.9 0 0
135 81 38 60185.1 0 0
135 81 39 60189.4 0 0
135 81 38 60193.6 0 0
135 81 38 60197.8 0 0
141 86 38 60203.5 0 0
135 85 38 60207.7 0 0
141 82 38 60211.9 0 0
135 88 39 60216.1 0 0
135 88 39 60220.3 0 0
138 86 38 60224.5 0 0
148 59 38 60228.8 0 0
148 59 38 60233 0 0
148 59 39 60237.6 0 0
148 59 38 60241.8 0 0
148 59 38 60246 0 0
148 59 38 60250.2 0 0
152 59 39 60254.4 0 0
139 88 39 60258.6 0 0
136 89 38 60262.9 0 0
134 83 39 60267.1 0 0
136 87 39 60271.3 0 0
131 89 39 60275.5 0 0
133 86 39 60279.8 0 0
132 84 39 60284 0 0
133 87 39 60288.2 0 0
135 85 38 60292.4 0 0
133 90 39 60296.6 0 0
135 92 39 60300.8 0 0
134 88 39 60305 0 0
135 91 38 60309.2 0 0
135 90 38 60313.4 0 0
129 88 38 60317.7 0 0
137 87 39 60322.2 0 0
133 86 39 60326.4 0 0
129 89 39 60330.7 0 0
138 89 39 60334.9 0 0
136 92 38 60339.1 0 0
135 89 40 60343.3 0 0
138 86 39 60347.5 0 0
134 86 39 60351.7 0 0
137 88 39 60356 0 0
132 89 39 60360.2 0 0
134 88 39 60364.4 0 0
131 87 39 60368.6 0 0
138 89 39 60372.8 0 0
131 89 40 60377 0 0
129 88 39 60381.3 0 0
134 89 40 60385.5 0 0
133 94 40 60389.7 0 0
134 87 40 60393.9 0 0
131 87 40 60398.2 0 0
135 89 40 60402.4 0 0
135 89 40 60406.8 0 0
133 86 40 60411 0 0
134 87 40 60415.2 0 0
132 89 39 60419.5 0 0
136 89 39 60423.7 0 0
130 86 40 60427.9 0 0
132 86 39 60432.1 0 0
133 87 39 60436.3 0 0
133 86 40 60440.5 0 0
130 87 40 60444.7 0 0
130 87 40 60448.9 0 0
130 87 40 60453.2 0 0
130 87 39 60457.4 0 0
130 87 40 60461.6 0 0
130 87 39 60465.8 0 0
130 87 40 60470 0 0
130 87 39 60474.2 0 0
130 87 40 60478.5 0 0
131 89 40 60482.7 0 0
132 93 40 60487.2 0 0
132 93 40 60491.4 0 0
132 93 41 60495.6 0 0
132 93 41 60499.8 0 0
132 93 40 60504 0 0
132 93 40 60508.2 0 0
132 93 41 60512.4 0 0
132 93 41 60516.7 0 0
132 93 40 60520.8 0 0
132 93 40 60525.1 0 0
132 93 40 60529.2 0 0
132 93 40 60533.5 0 0
132 93 40 60537.7 0 0
132 93 40 60541.9 0 0
132 93 41 60546.1 0 0
132 93 40 60550.4 0 0
130 91 40 60554.6 0 0
134 92 40 60558.8 0 0
130 90 40 60563 0 0
134 91 41 60567.2 0 0
131 90 41 60571.4 0 0
134 92 40 60575.7 0 0
136 92 40 60579.9 0 0
134 87 40 60584.1 0 0
133 91 41 60588.3 0 0
134 92 41 60592.5 0 0
131 89 41 60596.7 0 0
136 91 40 60600.9 0 0
131 89 41 60605.2 0 0
134 87 40 60609.4 0 0
137 93 41 60613.6 0 0
139 86 41 60617.8 0 0
129 89 40 60622 0 0
131 84 40 60626.2 0 0
135 89 41 60630.4 0 0
137 91 41 60634.7 0 0
131 88 40 60638.9 0 0
134 89 40 60643.1 0 0
129 91 40 60647.3 0 0
135 87 41 60651.5 0 0
131 87 41 60655.8 0 0
133 86 40 60660 0 0
130 86 41 60664.2 0 0
133 89 41 60670 0 0
133 91 40 60674.2 0 0
131 85 42 60678.4 0 0
133 88 41 60682.7 0 0
133 83 42 60686.9 0 0
129 86 41 60691.1 0 0
134 89 41 60695.3 0 0
133 85 41 60699.6 0 0
137 90 41 60703.8 0 0
132 90 41 60708 0 0
135 89 41 60712.2 0 0
138 86 41 60716.4 0 0
131 91 41 60720.6 0 0
134 89 41 60724.8 0 0
130 83 41 60729.1 0 0
131 90 41 60733.3 0 0
132 85 41 60737.5 0 0
132 87 41 60741.7 0 0
130 81 41 60745.9 0 0
130 87 41 60750.1 0 0
137 89 41 60754.3 0 0
137 89 41 60758.5 0 0
137 89 41 60762.8 0 0
137 89 40 60767 0 0
137 89 41 60771.2 0 0
137 89 41 60775.4 0 0
137 89 41 60779.6 0 0
131 90 41 60783.8 0 0
131 90 41 60788.1 0 0
129 91 41 60792.3 0 0
129 91 41 60796.5 0 0
129 91 40 60800.7 0 0
129 91 41 60804.9 0 0
129 91 42 60809.1 0 0
133 94 41 60813.3 0 0
133 94 42 60817.6 0 0
133 94 41 60821.9 0 0
127 92 41 60826.1 0 0
127 92 41 60830.3 0 0
131 86 41 60834.5 0 0
131 86 41 60838.7 0 0
132 84 41 60842.9 0 0
128 85 42 60847.1 0 0
128 85 41 60851.3 0 0
131 87 41 60855.6 0 0
133 88 41 60859.8 0 0
130 89 41 60864 0 0
129 83 41 60868.2 0 0
133 90 42 60872.4 0 0
132 88 42 60876.7 0 0
134 88 41 60880.9 0 0
129 88 41 60885.1 0 0
132 89 41 60889.4 0 0
131 84 41 60893.6 0 0
132 90 41 60897.8 0 0
133 86 41 60902 0 0
130 87 41 60906.2 0 0
138 87 41 60910.4 0 0
133 87 41 60914.7 0 0
133 89 41 60918.9 0 0
134 89 41 60923.1 0 0
128 88 41 60927.3 0 0
132 88 42 60931.5 0 0
134 89 41 60935.7 0 0
133 89 41 60939.9 0 0
135 85 41 60944.2 0 0
136 90 41 60948.4 0 0
136 88 41 60952.6 0 0
134 89 41 60956.8 0 0
128 84 41 60961 0 0
134 87 41 60965.2 0 0
129 87 41 60969.5 0 0
136 88 41 60973.7 0 0
138 86 41 60977.9 0 0
133 87 41 60982.2 0 0
139 87 41 60986.4 0 0
131 85 41 60990.6 0 0
130 88 40 60994.8 0 0
129 87 41 60999.1 0 0
136 87 41 61003.3 0 0
133 85 41 61007.5 0 0
136 86 41 61011.8 0 0
131 81 41 61016.2 0 0
129 86 41 61020.4 0 0
134 89 41 61024.6 0 0
152 61 41 61028.8 0 0
141 83 41 61033 0 0
135 86 41 61037.3 0 0
135 84 41 61041.5 0 0
135 84 41 61045.8 0 0
133 86 41 61050 0 0
133 86 41 61054.2 0 0
148 59 41 61058.4 0 0
148 59 41 61062.6 0 0
137 86 41 61066.8 0 0
136 84 41 61071 0 0
136 84 41 61075.3 0 0
127 91 41 61079.5 0 0
131 93 41 61083.7 0 0
140 89 41 61087.9 0 0
128 92 41 61092.1 0 0
137 89 41 61096.3 0 0
131 88 41 61100.5 0 0
133 89 41 61104.8 0 0
132 89 41 61109 0 0
131 90 41 61113.2 0 0
133 87 40 61117.4 0 0
132 88 41 61121.6 0 0
135 88 40 61125.8 0 0
129 85 41 61130 0 0
133 88 41 61134.3 0 0
137 89 41 61138.5 0 0
133 85 41 61142.7 0 0
132 87 41 61146.9 0 0
132 87 41 61151.1 0 0
133 82 41 61156.6 0 0
135 84 41 61160.9 0 0
142 86 41 61165.1 0 0
142 86 41 61169.3 0 0
142 86 42 61173.6 0 0
133 91 41 61177.8 0 0
133 91 41 61182 0 0
133 85 41 61186.2 0 0
133 90 41 61190.4 0 0
132 88 42 61194.6 0 0
135 88 42 61198.9 0 0
130 87 41 61203.1 0 0
134 89 41 61207.3 0 0
131 88 41 61211.5 0 0
132 90 42 61215.7 0 0
131 86 42 61219.9 0 0
136 91 41 61224.1 0 0
133 88 41 61228.4 0 0
131 85 42 61232.6 0 0
135 90 41 61236.9 0 0
131 89 41 61241.1 0 0
134 88 41 61245.3 0 0
135 88 41 61249.6 0 0
130 86 42 61253.8 0 0
135 84 41 61258.1 0 0
134 83 42 61262.3 0 0
130 88 42 61266.5 0 0
133 87 41 61270.7 0 0
133 90 41 61274.9 0 0
135 87 42 61279.1 0 0
134 85 41 61283.3 0 0
136 88 42 61287.5 0 0
134 82 41 61291.8 0 0
137 87 42 61296 0 0
133 85 42 61300.2 0 0
128 83 41 61304.4 0 0
133 91 42 61308.6 0 0
135 89 42 61312.8 0 0
134 89 41 61317 0 0
139 88 42 61321.3 0 0
132 88 42 61325.6 0 0
137 88 41 61329.8 0 0
137 90 41 61334 0 0
135 91 41 61338.2 0 0
136 89 42 61342.4 0 0
133 88 41 61346.6 0 0
135 89 42 61350.8 0 0
134 88 42 61355.1 0 0
130 88 41 61359.3 0 0
133 88 42 61363.7 0 0
132 85 42 61367.9 0 0
138 88 42 61372.1 0 0
132 92 42 61376.3 0 0
137 91 41 61380.5 0 0
134 89 41 61384.8 0 0
134 90 42 61389 0 0
131 90 42 61393.2 0 0
132 88 42 61397.4 0 0
138 88 42 61401.7 0 0
133 86 42 61405.9 0 0
138 89 42 61410.1 0 0
135 87 42 61414.3 0 0
136 86 42 61418.6 0 0
135 90 42 61422.8 0 0
138 88 41 61427 0 0
134 90 43 61431.2 0 0
136 88 42 61435.4 0 0
135 90 42 61439.6 0 0
135 89 42 61443.8 0 0
135 90 42 61448.1 0 0
132 95 42 61452.3 0 0
135 87 42 61456.5 0 0
136 87 43 61460.7 0 0
134 91 43 61464.9 0 0
129 86 42 61469.2 0 0
137 88 42 61473.4 0 0
132 87 42 61477.7 0 0
152 60 42 61481.9 0 0
141 87 42 61486.1 0 0
149 62 42 61490.3 0 0
149 61 42 61494.5 0 0
142 87 42 61498.7 0 0
144 51 42 61502.9 0 0
144 51 42 61507.2 0 0
148 60 42 61511.4 0 0
137 91 42 61515.7 0 0
145 61 42 61519.9 0 0
147 59 42 61524.1 0 0
147 60 43 61528.3 0 0
145 61 42 61532.5 0 0
147 61 43 61536.7 0 0
146 60 42 61540.9 0 0
129 92 42 61545.3 0 0
129 92 42 61549.5 0 0
129 92 42 61553.7 0 0
129 92 42 61557.9 0 0
132 93 42 61562.1 0 0
132 93 42 61566.5 0 0
132 93 42 61570.8 0 0
132 93 42 61575 0 0
115 141 41 61579.2 0 0
109 151 41 61583.4 0 0
109 151 42 61587.7 0 0
104 161 42 61591.9 0 0
104 161 42 61596.1 0 0
104 161 42 61600.3 0 0
104 161 41 61604.5 0 0
104 161 42 61608.8 0 0
104 161 42 61612.9 0 0
106 156 42 61617.2 0 0
117 146 42 61621.4 0 0
108 149 42 61625.7 0 0
113 150 42 61629.9 0 0
114 150 42 61634.2 0 0
113 148 41 61638.4 0 0
113 140 42 61642.6 0 0
117 147 43 61646.8 0 0
115 146 42 61651 0 0
115 142 42 61655.2 0 0
113 149 42 61659.4 0 0
114 146 42 61663.7 0 0
118 147 42 61667.9 0 0
115 146 41 61672.1 0 0
116 149 42 61676.3 0 0
117 144 41 61680.5 0 0
120 145 41 61684.7 0 0
120 145 41 61688.9 0 0
118 144 42 61693.2 0 0
118 150 42 61697.4 0 0
116 146 42 61701.6 0 0
116 146 42 61705.8 0 0
110 153 42 61710 0 0
115 148 42 61714.2 0 0
115 140 41 61718.4 0 0
119 137 42 61722.7 0 0
118 137 42 61726.9 0 0
114 139 42 61731.8 0 0
119 139 41 61736 0 0
115 138 42 61740.2 0 0
110 142 42 61744.4 0 0
112 142 42 61748.6 0 0
112 142 42 61752.8 0 0
115 134 41 61757.1 0 0
115 134 41 61761.3 0 0
111 148 42 61765.5 0 0
110 144 42 61769.7 0 0
113 146 42 61773.9 0 0
110 146 42 61778.1 0 0
112 146 43 61782.3 0 0
116 140 42 61786.5 0 0
117 139 43 61790.8 0 0
111 144 42 61795 0 0
112 139 42 61799.2 0 0
116 137 42 61803.4 0 0
115 141 41 61807.7 0 0
115 138 42 61811.8 0 0
116 142 41 61816.1 0 0
115 141 42 61820.3 0 0
119 141 42 61824.5 0 0
116 137 41 61828.7 0 0
118 141 41 61832.9 0 0
113 138 42 61837.1 0 0
117 141 42 61841.3 0 0
111 139 41 61845.6 0 0
118 138 41 61849.8 0 0
116 136 42 61854 0 0
118 137 41 61858.2 0 0
117 140 42 61862.4 0 0
119 136 41 61866.6 0 0
120 134 41 61870.8 0 0
120 134 41 61875.1 0 0
115 137 41 61879.3 0 0
110 146 41 61883.5 0 0
111 140 41 61887.7 0 0
114 145 42 61891.9 0 0
113 142 41 61896.2 0 0
115 144 41 61900.4 0 0
112 141 41 61904.6 0 0
120 140 42 61908.8 0 0
116 138 41 61913 0 0
114 140 42 61917.2 0 0
120 133 41 61921.5 0 0
119 135 41 61925.7 0 0
116 141 41 61929.9 0 0
118 140 41 61934.1 0 0
114 141 42 61938.3 0 0
116 140 41 61942.6 0 0
120 129 41 61946.8 0 0
114 143 41 61951.1 0 0
119 138 42 61955.3 0 0
117 138 41 61959.5 0 0
116 135 41 61963.7 0 0
118 138 42 61967.9 0 0
120 134 41 61972.1 0 0
118 136 41 61976.3 0 0
115 137 41 61980.5 0 0
115 137 41 61985 0 0
115 137 41 61989.2 0 0
115 137 41 61993.4 0 0
115 137 41 61997.6 0 0
115 137 41 62001.8 0 0
114 149 41 62006 0 0
112 152 41 62010.3 0 0
110 157 41 62014.5 0 0
108 164 41 62018.7 0 0
108 162 41 62022.9 0 0
108 162 41 62027.1 0 0
108 162 41 62031.3 0 0
111 157 41 62035.5 0 0
111 157 41 62039.8 0 0
115 148 40 62044 0 0
114 155 40 62048.2 0 0
112 152 41 62052.4 0 0
108 156 41 62056.6 0 0
115 153 41 62060.9 0 0
115 153 41 62065.1 0 0
115 153 41 62069.3 0 0
115 153 41 62073.5 0 0
113 154 41 62077.7 0 0
111 153 40 62081.9 0 0
115 149 40 62086.1 0 0
115 149 40 62090.4 0 0
115 149 40 62094.6 0 0
115 149 40 62098.8 0 0
111 154 40 62103 0 0
114 154 41 62107.2 0 0
113 153 40 62111.5 0 0
114 154 40 62115.7 0 0
114 154 40 62119.9 0 0
111 150 40 62124.1 0 0
111 150 40 62128.3 0 0
111 150 40 62132.5 0 0
116 152 40 62136.8 0 0
113 148 40 62140.9 0 0
109 155 40 62145.2 0 0
118 150 40 62149.3 0 0
118 150 40 62153.6 0 0
118 150 40 62157.8 0 0
118 150 41 62162 0 0
118 150 40 62166.3 0 0
114 155 41 62170.5 0 0
114 155 41 62174.7 0 0
114 155 40 62178.9 0 0
114 155 40 62183.1 0 0
114 155 39 62187.3 0 0
112 149 40 62191.6 0 0
114 148 40 62195.8 0 0
113 158 40 62200 0 0
114 155 40 62204.2 0 0
108 160 39 62208.4 0 0
112 151 40 62212.7 0 0
113 151 40 62216.8 0 0
107 155 40 62221.1 0 0
107 155 40 62225.3 0 0
109 152 40 62229.5 0 0
109 152 40 62233.7 0 0
109 152 40 62237.9 0 0
109 152 40 62242.1 0 0
109 152 39 62246.3 0 0
109 152 40 62250.6 0 0
109 152 41 62254.8 0 0
109 152 39 62259 0 0
109 152 40 62263.2 0 0
109 152 40 62267.4 0 0
119 145 40 62271.6 0 0
119 145 39 62275.8 0 0
119 145 39 62280.1 0 0
115 151 40 62284.3 0 0
110 152 40 62288.5 0 0
114 152 39 62292.7 0 0
107 156 40 62296.9 0 0
112 152 40 62301.1 0 0
113 151 40 62305.3 0 0
113 151 40 62309.5 0 0
110 155 40 62313.8 0 0
110 155 40 62318 0 0
110 155 41 62322.2 0 0
110 155 40 62326.4 0 0
115 150 40 62330.6 0 0
115 150 41 62334.9 0 0
115 150 40 62339.1 0 0
115 150 40 62343.3 0 0
115 150 40 62347.5 0 0
115 150 40 62351.7 0 0
115 150 40 62356 0 0
115 150 39 62360.2 0 0
116 152 40 62364.4 0 0
116 152 40 62368.7 0 0
116 139 40 62372.9 0 0
109 156 40 62377.1 0 0
116 147 40 62381.3 0 0
113 152 40 62385.5 0 0
109 153 41 62389.7 0 0
113 152 40 62393.9 0 0
117 146 40 62398.2 0 0
110 150 40 62402.4 0 0
112 148 41 62406.6 0 0
116 154 40 62410.8 0 0
112 145 40 62415 0 0
105 156 40 62420.3 0 0
108 156 40 62424.5 0 0
110 154 40 62428.7 0 0
111 150 40 62432.9 0 0
112 149 40 62437.1 0 0
113 156 40 62441.4 0 0
113 160 40 62445.6 0 0
109 155 40 62449.8 0 0
110 156 40 62454 0 0
110 157 40 62458.2 0 0
108 151 40 62462.4 0 0
105 155 40 62466.6 0 0
112 156 40 62470.8 0 0
117 150 40 62475.1 0 0
109 158 40 62479.3 0 0
108 155 40 62483.5 0 0
107 161 40 62487.7 0 0
110 150 40 62491.9 0 0
113 155 40 62496.1 0 0
110 152 40 62500.3 0 0
114 150 41 62504.5 0 0
118 148 40 62508.8 0 0
116 147 40 62513 0 0
118 146 41 62517.2 0 0
117 148 41 62521.4 0 0
108 154 40 62525.6 0 0
117 150 41 62529.8 0 0
114 143 41 62534 0 0
107 153 41 62538.3 0 0
110 144 40 62542.5 0 0
107 147 40 62546.7 0 0
112 138 40 62550.9 0 0
112 142 40 62555.1 0 0
106 150 39 62559.3 0 0
106 167 39 62563.5 0 0
102 179 37 62567.8 0 0
102 179 0 62572 0 0
102 179 0 62576.2 0 0
102 179 0 62580.4 0 0
102 179 0 62584.6 0 0
102 179 0 62588.8 0 0
102 179 0 62593 0 0
102 179 0 62597.3 0 0
102 179 0 62601.5 0 0
102 179 0 62605.7 0 0
102 179 0 62609.9 0 0
102 179 0 62614.1 0 0
102 179 0 62618.3 0 0
98 185 35 62622.5 0 0
103 172 38 62626.7 0 0
101 174 38 62630.9 0 0
109 153 40 62635.2 0 0
114 147 40 62639.4 0 0
116 146 40 62643.6 0 0
108 153 40 62647.8 0 0
115 151 41 62652 0 0
111 154 40 62656.2 0 0
115 150 40 62660.4 0 0
114 152 41 62664.7 0 0
120 145 40 62668.9 0 0
118 148 40 62673.1 0 0
121 144 40 62677.3 0 0
116 146 41 62681.5 0 0
112 150 40 62685.7 0 0
114 148 40 62689.9 0 0
117 148 41 62694.2 0 0
112 151 40 62698.4 0 0
111 150 41 62702.6 0 0
117 152 40 62706.8 0 0
112 156 40 62711 0 0
120 144 40 62715.2 0 0
110 150 40 62719.4 0 0
118 146 40 62723.6 0 0
115 152 40 62727.9 0 0
113 148 40 62732.1 0 0
115 148 40 62736.3 0 0
116 149 40 62740.6 0 0
111 153 41 62744.8 0 0
114 150 41 62749 0 0
113 154 40 62753.2 0 0
119 149 41 62757.5 0 0
115 150 40 62761.7 0 0
111 156 41 62765.9 0 0
114 149 40 62770.1 0 0
114 152 40 62774.3 0 0
117 147 40 62778.5 0 0
114 153 41 62782.7 0 0
109 159 41 62786.9 0 0
111 157 40 62791.2 0 0
110 154 40 62795.4 0 0
117 145 41 62799.6 0 0
116 150 40 62803.8 0 0
114 156 40 62808 0 0
114 151 41 62812.2 0 0
117 146 41 62816.5 0 0
115 152 40 62820.7 0 0
117 150 40 62824.9 0 0
110 155 41 62829.1 0 0
108 157 41 62833.3 0 0
114 143 41 62837.5 0 0
113 148 40 62841.7 0 0
106 154 40 62845.9 0 0
94 195 37 62850.2 0 0
94 195 0 62854.4 0 0
94 195 0 62858.7 0 0
94 195 0 62862.9 0 0
94 195 0 62867.1 0 0
94 195 0 62871.3 0 0
94 195 0 62875.5 0 0
94 195 0 62879.8 0 0
94 195 0 62884 0 0
94 195 0 62888.2 0 0
94 195 0 62892.5 0 0
94 195 0 62896.7 0 0
94 195 0 62900.9 0 0
94 195 0 62905.1 0 0
94 195 0 62909.3 0 0
94 195 0 62913.5 0 0
94 195 0 62917.8 0 0
94 195 0 62922 0 0
94 195 0 62926.2 0 0
94 195 0 62930.4 0 0
94 195 0 62934.6 0 0
94 195 0 62938.8 0 0
94 195 0 62943 0 0
94 195 0 62947.4 0 0
94 195 0 62951.6 0 0
94 195 0 62955.8 0 0
94 195 0 62960.1 0 0
94 195 0 62964.2 0 0
94 195 0 62968.4 0 0
94 195 0 62972.7 0 0
94 195 0 62976.9 0 0
94 195 0 62981.2 0 0
94 195 0 62985.4 0 0
105 159 38 62989.6 0 0
116 140 41 62993.8 0 0
121 128 41 62998 0 0
123 123 42 63002.2 0 0
127 119 42 63006.4 0 0
126 116 42 63010.7 0 0
127 114 42 63014.9 0 0
125 119 42 63019.1 0 0
125 120 42 63023.3 0 0
123 123 41 63027.8 0 0
125 119 42 63032 0 0
122 122 42 63036.2 0 0
