150 52 57 34049.6 0 0
154 52 57 34053.8 0 0
154 53 57 34058 0 0
154 51 57 34062.2 0 0
154 52 57 34066.5 0 0
154 53 57 34070.7 0 0
154 51 57 34074.9 0 0
155 52 57 34079.2 0 0
153 50 57 34083.4 0 0
155 52 57 34087.6 0 0
154 52 57 34091.8 0 0
155 52 57 34096 0 0
155 52 57 34100.2 0 0
153 51 57 34104.5 0 0
156 51 57 34108.7 0 0
155 52 57 34115.5 0 0
155 53 57 34120 0 0
153 52 57 34124.2 0 0
156 53 57 34128.4 0 0
155 52 57 34132.6 0 0
151 51 57 34136.8 0 0
154 52 57 34141.1 0 0
155 51 57 34145.3 0 0
155 51 57 34149.5 0 0
155 52 57 34153.7 0 0
154 52 57 34157.9 0 0
155 53 57 34162.1 0 0
154 52 57 34166.3 0 0
155 51 57 34170.6 0 0
153 51 57 34174.8 0 0
155 51 57 34179 0 0
155 53 57 34183.2 0 0
155 51 57 34187.4 0 0
153 52 57 34191.6 0 0
154 50 57 34195.8 0 0
154 52 57 34200.1 0 0
154 52 57 34204.3 0 0
154 51 57 34211.4 0 0
153 51 57 34219.9 0 0
152 51 57 34228.1 0 0
153 51 57 34236.4 0 0
153 52 57 34244.8 0 0
155 51 57 34253.1 0 0
155 51 57 34261.4 0 0
154 52 57 34269.2 0 0
154 51 57 34273.4 0 0
153 51 57 34278.1 0 0
152 51 57 34282.3 0 0
153 52 57 34286.5 0 0
152 52 57 34290.7 0 0
154 52 57 34295 0 0
155 52 57 34299.2 0 0
154 53 57 34303.4 0 0
154 52 57 34307.6 0 0
154 52 57 34311.8 0 0
152 51 58 34316 0 0
153 51 57 34320.2 0 0
156 50 57 34324.5 0 0
159 47 57 34328.7 0 0
160 43 57 34332.9 0 0
163 43 57 34337.1 0 0
161 41 57 34341.3 0 0
162 42 57 34345.6 0 0
162 41 57 34349.8 0 0
162 40 57 34354 0 0
162 40 57 34358.2 0 0
163 43 57 34362.5 0 0
161 41 57 34366.7 0 0
163 42 57 34370.9 0 0
163 42 57 34375.1 0 0
164 40 57 34382.2 0 0
163 40 57 34386.4 0 0
164 41 57 34390.7 0 0
162 40 57 34395 0 0
161 42 57 34399.2 0 0
161 40 57 34403.4 0 0
163 42 57 34407.6 0 0
162 41 57 34411.8 0 0
164 41 57 34416 0 0
164 41 57 34420.2 0 0
163 40 57 34424.4 0 0
162 41 57 34428.7 0 0
162 40 57 34432.9 0 0
164 40 57 34437.1 0 0
162 40 57 34441.3 0 0
163 40 57 34445.5 0 0
163 40 57 34449.7 0 0
162 41 57 34453.9 0 0
163 40 57 34458.2 0 0
163 40 57 34462.4 0 0
165 41 57 34466.6 0 0
162 40 57 34470.8 0 0
162 40 57 34477.9 0 0
164 40 57 34482.2 0 0
164 39 57 34486.4 0 0
163 41 57 34490.6 0 0
163 40 57 34494.8 0 0
163 39 57 34499 0 0
163 40 57 34503.2 0 0
161 40 57 34507.4 0 0
163 39 57 34511.7 0 0
163 40 57 34515.9 0 0
162 39 57 34520.1 0 0
162 40 57 34524.3 0 0
161 39 57 34528.5 0 0
163 41 57 34532.7 0 0
163 40 57 34536.9 0 0
162 40 57 34541.2 0 0
160 40 57 34545.4 0 0
163 40 57 34549.6 0 0
162 40 57 34553.8 0 0
161 40 57 34558 0 0
163 40 57 34562.2 0 0
163 39 57 34566.5 0 0
161 41 57 34570.7 0 0
161 41 57 34574.9 0 0
162 39 57 34581.7 0 0
165 39 57 34585.9 0 0
163 39 57 34590.1 0 0
163 40 57 34594.3 0 0
165 39 57 34598.6 0 0
162 39 57 34602.8 0 0
162 39 57 34607.1 0 0
163 39 57 34611.3 0 0
162 39 57 34615.5 0 0
162 40 57 34619.7 0 0
164 40 57 34623.9 0 0
165 39 57 34628.1 0 0
161 38 57 34632.3 0 0
163 39 57 34636.5 0 0
162 39 57 34640.8 0 0
163 40 57 34645 0 0
163 38 57 34649.2 0 0
162 39 57 34653.4 0 0
162 40 57 34657.6 0 0
162 40 57 34661.8 0 0
163 40 57 34666 0 0
163 39 57 34670.2 0 0
164 40 57 34674.5 0 0
164 40 57 34678.7 0 0
164 39 57 34682.9 0 0
161 39 57 34687.1 0 0
163 40 57 34691.3 0 0
162 38 57 34695.5 0 0
162 39 57 34699.8 0 0
161 37 57 34704 0 0
162 38 57 34708.2 0 0
165 40 57 34712.4 0 0
161 39 57 34716.6 0 0
160 38 57 34720.8 0 0
161 39 57 34725.1 0 0
161 38 56 34729.3 0 0
163 39 57 34733.5 0 0
165 39 57 34737.7 0 0
163 38 57 34741.9 0 0
163 39 57 34746.1 0 0
164 39 57 34750.3 0 0
161 40 56 34754.5 0 0
162 39 57 34758.7 0 0
162 39 57 34763 0 0
164 39 57 34767.2 0 0
162 40 56 34771.4 0 0
162 41 57 34775.6 0 0
170 42 57 34779.8 0 0
178 48 57 34784 0 0
183 55 56 34788.2 0 0
190 64 56 34792.4 0 0
194 73 56 34796.7 0 0
200 77 55 34800.9 0 0
208 88 54 34805.1 0 0
209 96 54 34809.3 0 0
211 103 54 34813.6 0 0
222 114 54 34817.8 0 0
223 123 54 34822 0 0
224 122 54 34826.3 0 0
221 127 54 34830.5 0 0
224 127 54 34834.7 0 0
223 143 54 34838.9 0 0
221 143 54 34843.1 0 0
223 143 54 34847.3 0 0
220 144 54 34851.6 0 0
222 148 54 34855.8 0 0
223 149 54 34860 0 0
221 148 54 34864.2 0 0
224 148 54 34868.4 0 0
222 153 54 34872.6 0 0
221 155 54 34876.8 0 0
223 154 54 34881.1 0 0
223 153 54 34885.3 0 0
223 155 54 34889.5 0 0
223 155 54 34893.7 0 0
223 153 54 34897.9 0 0
224 154 54 34902.1 0 0
225 154 54 34906.3 0 0
223 153 54 34910.5 0 0
227 151 54 34914.8 0 0
224 153 54 34919 0 0
228 153 54 34923.2 0 0
223 153 54 34927.5 0 0
226 153 54 34931.7 0 0
224 152 54 34935.9 0 0
224 152 54 34940.1 0 0
226 153 54 34944.3 0 0
224 152 54 34948.5 0 0
222 148 54 34952.8 0 0
223 144 54 34957 0 0
224 145 54 34961.2 0 0
225 145 54 34965.4 0 0
224 145 54 34969.6 0 0
221 149 54 34973.8 0 0
223 148 54 34978.1 0 0
226 148 54 34982.3 0 0
225 148 54 34986.5 0 0
225 149 54 34990.7 0 0
223 148 54 34994.9 0 0
225 149 54 34999.1 0 0
222 149 54 35003.3 0 0
223 147 54 35007.6 0 0
225 147 54 35011.8 0 0
223 148 54 35016 0 0
222 147 54 35020.2 0 0
224 147 54 35024.4 0 0
224 145 54 35028.6 0 0
225 149 54 35032.8 0 0
225 148 54 35037 0 0
220 146 54 35044.1 0 0
227 145 54 35048.3 0 0
225 147 54 35052.6 0 0
222 145 54 35056.8 0 0
223 149 54 35061 0 0
224 149 54 35065.2 0 0
224 147 54 35069.4 0 0
224 145 54 35073.6 0 0
223 145 54 35077.8 0 0
224 148 54 35082 0 0
222 146 54 35086.2 0 0
223 144 54 35090.4 0 0
223 146 54 35094.7 0 0
223 146 54 35098.9 0 0
221 152 54 35103.1 0 0
219 147 54 35107.3 0 0
211 142 55 35111.6 0 0
196 134 56 35115.8 0 0
186 129 57 35120 0 0
173 125 58 35124.2 0 0
160 116 58 35128.4 0 0
149 111 58 35132.6 0 0
129 98 59 35136.8 0 0
117 93 59 35143.7 0 0
110 91 59 35148 0 0
97 90 59 35152.2 0 0
87 85 59 35156.4 0 0
80 84 58 35160.7 0 0
77 80 58 35164.9 0 0
68 78 58 35169.1 0 0
69 78 58 35173.3 0 0
63 73 58 35177.5 0 0
58 71 58 35181.8 0 0
59 69 58 35185.9 0 0
57 68 58 35190.2 0 0
56 69 58 35194.4 0 0
57 68 58 35198.6 0 0
56 71 58 35202.9 0 0
55 70 57 35207.1 0 0
55 70 57 35211.3 0 0
57 69 57 35215.5 0 0
54 69 58 35219.7 0 0
54 69 57 35223.9 0 0
57 69 57 35228.1 0 0
52 69 57 35232.3 0 0
55 68 57 35236.6 0 0
52 69 58 35240.8 0 0
53 69 57 35245 0 0
53 69 57 35249.2 0 0
56 68 58 35253.6 0 0
54 69 57 35257.8 0 0
55 69 57 35264.4 0 0
54 70 58 35268.6 0 0
53 68 57 35272.9 0 0
52 68 57 35277.1 0 0
56 70 57 35281.3 0 0
53 68 57 35285.5 0 0
52 69 57 35289.8 0 0
56 70 57 35294 0 0
54 67 58 35298.2 0 0
47 66 58 35302.4 0 0
44 60 58 35306.7 0 0
39 59 57 35310.8 0 0
35 55 57 35315.1 0 0
31 53 57 35319.3 0 0
31 52 57 35323.5 0 0
30 52 57 35327.7 0 0
30 50 57 35331.9 0 0
31 51 57 35336.1 0 0
30 49 57 35340.3 0 0
31 50 57 35344.5 0 0
33 52 57 35348.7 0 0
31 50 57 35352.9 0 0
30 51 57 35357.2 0 0
31 52 57 35361.4 0 0
29 50 57 35365.6 0 0
30 49 57 35369.8 0 0
31 51 57 35374 0 0
32 51 57 35378.2 0 0
29 50 57 35382.5 0 0
31 50 57 35386.7 0 0
31 50 57 35393.5 0 0
31 51 57 35397.7 0 0
29 50 57 35402 0 0
29 49 57 35406.2 0 0
29 50 57 35410.4 0 0
32 50 57 35414.6 0 0
30 50 57 35418.9 0 0
30 51 57 35423.1 0 0
29 50 57 35427.3 0 0
29 50 57 35431.5 0 0
30 50 57 35435.7 0 0
32 49 57 35439.9 0 0
33 53 57 35444.1 0 0
38 51 58 35448.3 0 0
48 53 59 35452.6 0 0
58 55 60 35456.8 0 0
69 63 59 35461 0 0
75 64 59 35465.2 0 0
84 67 59 35469.4 0 0
90 67 58 35473.6 0 0
100 68 58 35477.8 0 0
103 73 58 35482.1 0 0
106 72 57 35486.3 0 0
106 72 58 35490.5 0 0
107 73 58 35494.7 0 0
102 74 58 35498.9 0 0
104 73 58 35503.1 0 0
102 73 58 35507.3 0 0
104 73 57 35511.6 0 0
105 74 58 35518.4 0 0
102 72 58 35522.6 0 0
106 74 57 35526.9 0 0
105 72 57 35531.1 0 0
104 71 58 35535.3 0 0
104 75 57 35539.5 0 0
106 71 58 35543.8 0 0
105 70 57 35548 0 0
105 73 58 35552.2 0 0
103 72 58 35556.4 0 0
105 72 57 35560.6 0 0
106 71 57 35564.8 0 0
103 72 58 35569.1 0 0
104 71 58 35573.3 0 0
106 73 58 35577.8 0 0
104 71 58 35582 0 0
106 73 57 35586.2 0 0
106 71 58 35590.4 0 0
105 71 57 35594.6 0 0
104 71 58 35598.8 0 0
104 71 58 35603 0 0
104 71 58 35607.3 0 0
105 78 58 35612.9 0 0
104 74 58 35617.2 0 0
104 76 57 35621.4 0 0
101 79 58 35625.6 0 0
104 79 57 35629.8 0 0
105 76 58 35634 0 0
101 75 58 35638.2 0 0
104 74 57 35642.4 0 0
103 73 58 35646.7 0 0
104 75 58 35650.9 0 0
107 76 57 35655.1 0 0
104 83 57 35659.3 0 0
108 82 58 35663.5 0 0
110 90 57 35667.7 0 0
116 98 57 35672 0 0
113 110 57 35676.2 0 0
117 125 57 35680.4 0 0
118 135 57 35684.6 0 0
121 149 57 35688.8 0 0
117 153 57 35693 0 0
118 155 57 35697.2 0 0
116 158 57 35701.4 0 0
117 156 57 35705.7 0 0
115 157 57 35709.9 0 0
115 160 57 35714.1 0 0
117 160 57 35718.3 0 0
118 161 57 35722.5 0 0
118 159 57 35726.7 0 0
120 161 57 35730.9 0 0
117 160 57 35735.2 0 0
120 161 57 35739.4 0 0
117 163 57 35743.6 0 0
117 161 57 35747.8 0 0
115 164 57 35752 0 0
119 163 57 35756.2 0 0
118 164 57 35760.5 0 0
118 165 57 35764.7 0 0
116 163 57 35768.9 0 0
118 166 57 35773.1 0 0
117 161 57 35777.3 0 0
117 165 57 35781.6 0 0
116 163 57 35785.8 0 0
117 165 57 35790 0 0
115 162 57 35794.2 0 0
117 165 57 35798.5 0 0
115 162 57 35802.7 0 0
117 164 57 35806.9 0 0
113 162 57 35811.1 0 0
116 164 57 35815.3 0 0
116 161 57 35819.5 0 0
117 163 57 35823.7 0 0
118 160 57 35828 0 0
119 163 57 35832.2 0 0
115 161 57 35836.4 0 0
117 164 58 35840.6 0 0
115 158 57 35844.8 0 0
115 160 57 35849 0 0
118 160 57 35853.2 0 0
116 157 57 35857.4 0 0
116 160 57 35861.7 0 0
118 160 57 35865.9 0 0
117 156 57 35870.1 0 0
117 162 57 35874.3 0 0
116 159 57 35878.5 0 0
117 160 57 35882.7 0 0
118 161 57 35886.9 0 0
118 158 57 35891.2 0 0
117 161 57 35895.4 0 0
118 160 57 35899.6 0 0
115 161 57 35903.8 0 0
114 159 57 35908 0 0
118 161 57 35912.2 0 0
118 152 57 35916.4 0 0
118 144 57 35920.7 0 0
115 131 57 35924.9 0 0
113 117 57 35929.2 0 0
111 106 57 35933.4 0 0
116 95 57 35937.6 0 0
114 89 57 35941.8 0 0
115 83 58 35946.1 0 0
113 78 58 35950.3 0 0
114 78 58 35954.6 0 0
113 76 57 35958.8 0 0
113 76 58 35963 0 0
110 80 57 35967.2 0 0
115 79 58 35971.4 0 0
111 79 58 35975.6 0 0
112 81 57 35979.8 0 0
113 76 57 35984.1 0 0
113 79 58 35988.3 0 0
114 80 58 35992.5 0 0
112 81 58 35996.7 0 0
111 77 58 36000.9 0 0
115 77 58 36005.1 0 0
113 80 58 36009.3 0 0
114 79 58 36013.6 0 0
113 78 58 36017.8 0 0
114 78 58 36022 0 0
113 81 57 36026.2 0 0
111 79 57 36030.4 0 0
113 77 58 36034.7 0 0
114 79 58 36038.9 0 0
112 81 58 36043.1 0 0
113 79 58 36047.4 0 0
113 79 58 36051.6 0 0
113 82 58 36055.8 0 0
112 79 58 36060 0 0
114 80 58 36064.2 0 0
111 79 58 36068.4 0 0
114 80 57 36072.6 0 0
111 78 58 36076.9 0 0
113 79 58 36081.1 0 0
111 81 58 36085.3 0 0
113 79 58 36089.5 0 0
112 79 58 36093.7 0 0
116 78 58 36097.9 0 0
113 80 57 36102.1 0 0
112 80 58 36106.4 0 0
114 83 57 36110.6 0 0
114 80 58 36114.8 0 0
111 81 57 36119 0 0
113 81 58 36123.2 0 0
112 83 58 36127.4 0 0
114 80 58 36131.7 0 0
112 80 58 36135.9 0 0
111 80 58 36140.1 0 0
113 79 58 36144.3 0 0
112 82 58 36148.5 0 0
113 77 58 36152.7 0 0
111 83 58 36156.9 0 0
113 77 58 36161.1 0 0
112 76 58 36165.3 0 0
114 77 58 36169.6 0 0
113 74 58 36173.8 0 0
114 77 58 36178 0 0
111 79 58 36182.2 0 0
109 84 58 36186.4 0 0
103 86 58 36190.6 0 0
98 91 58 36194.8 0 0
93 100 58 36199.1 0 0
87 107 58 36203.3 0 0
83 112 58 36207.5 0 0
78 128 58 36211.7 0 0
78 134 58 36215.9 0 0
77 145 57 36220.1 0 0
76 153 57 36224.3 0 0
73 160 57 36228.6 0 0
75 160 58 36232.8 0 0
74 161 58 36237 0 0
77 159 58 36241.2 0 0
75 159 57 36245.5 0 0
76 155 58 36249.7 0 0
78 158 57 36253.9 0 0
75 155 58 36258.1 0 0
75 155 57 36262.3 0 0
76 158 58 36266.5 0 0
72 155 57 36270.7 0 0
75 157 57 36274.9 0 0
74 166 57 36279.1 0 0
73 163 57 36283.3 0 0
74 157 57 36287.6 0 0
75 158 57 36291.8 0 0
75 158 57 36296 0 0
76 155 57 36300.2 0 0
73 160 57 36304.4 0 0
75 158 57 36308.6 0 0
74 164 57 36312.8 0 0
75 157 57 36317.1 0 0
75 158 58 36321.3 0 0
76 157 57 36325.5 0 0
73 158 58 36329.8 0 0
73 164 58 36334 0 0
74 160 57 36338.2 0 0
77 160 57 36342.4 0 0
77 160 57 36346.6 0 0
74 162 58 36350.8 0 0
74 161 57 36355 0 0
75 161 57 36359.2 0 0
75 161 57 36363.5 0 0
75 158 58 36367.7 0 0
76 155 57 36371.9 0 0
73 159 57 36376.1 0 0
74 159 57 36380.3 0 0
75 161 57 36384.5 0 0
73 157 57 36388.8 0 0
74 160 57 36393 0 0
72 157 57 36397.2 0 0
73 154 57 36401.4 0 0
75 159 57 36405.6 0 0
75 159 58 36410 0 0
75 158 57 36414.2 0 0
73 158 57 36418.5 0 0
74 157 57 36422.7 0 0
73 160 57 36426.9 0 0
74 162 57 36431.1 0 0
71 166 58 36435.3 0 0
74 157 57 36439.5 0 0
75 159 57 36443.8 0 0
75 160 58 36448 0 0
75 157 58 36452.2 0 0
76 162 57 36456.4 0 0
76 165 57 36460.6 0 0
76 168 57 36464.8 0 0
72 166 57 36469 0 0
75 165 57 36473.2 0 0
78 161 57 36477.4 0 0
74 163 58 36481.7 0 0
74 162 57 36485.9 0 0
72 169 57 36490.1 0 0
74 166 57 36494.3 0 0
74 169 58 36498.5 0 0
74 165 57 36502.7 0 0
75 170 57 36507 0 0
77 171 57 36511.2 0 0
74 167 57 36515.4 0 0
72 167 57 36519.7 0 0
75 169 57 36523.9 0 0
76 165 57 36528.1 0 0
74 170 57 36532.3 0 0
77 170 58 36536.5 0 0
74 167 57 36540.7 0 0
75 173 57 36545 0 0
77 163 57 36549.2 0 0
75 165 57 36553.4 0 0
74 162 57 36557.6 0 0
75 163 57 36561.8 0 0
73 155 57 36566 0 0
75 156 57 36570.2 0 0
77 140 57 36574.5 0 0
76 129 57 36578.7 0 0
78 118 58 36582.9 0 0
74 116 58 36587.1 0 0
77 105 58 36591.3 0 0
82 100 58 36595.5 0 0
81 94 57 36599.8 0 0
80 89 58 36604 0 0
77 86 58 36608.2 0 0
79 79 58 36612.4 0 0
82 72 58 36616.6 0 0
82 69 58 36620.8 0 0
81 59 58 36625 0 0
79 54 58 36629.2 0 0
82 48 58 36633.5 0 0
85 45 58 36637.7 0 0
86 39 58 36641.9 0 0
83 39 58 36646.2 0 0
84 40 58 36650.4 0 0
83 40 58 36654.6 0 0
83 40 58 36658.8 0 0
82 41 58 36663 0 0
83 41 58 36667.2 0 0
84 40 58 36671.4 0 0
86 41 58 36675.7 0 0
83 41 58 36679.9 0 0
85 40 58 36684.1 0 0
83 40 58 36688.3 0 0
83 41 58 36692.5 0 0
86 39 58 36696.7 0 0
83 42 58 36700.9 0 0
83 41 58 36705.2 0 0
84 41 58 36709.4 0 0
84 42 58 36713.6 0 0
84 41 58 36717.8 0 0
82 41 58 36722 0 0
86 41 58 36726.2 0 0
85 42 58 36730.5 0 0
84 40 58 36734.7 0 0
83 41 58 36738.9 0 0
83 41 58 36743.1 0 0
83 41 58 36747.3 0 0
84 41 58 36751.6 0 0
85 42 58 36755.8 0 0
83 41 58 36760 0 0
83 41 58 36764.2 0 0
83 42 58 36768.4 0 0
92 43 59 36772.7 0 0
99 45 59 36776.8 0 0
109 44 59 36781.1 0 0
115 45 59 36785.3 0 0
130 48 58 36789.5 0 0
136 48 58 36793.7 0 0
140 49 57 36797.9 0 0
141 51 57 36802.1 0 0
140 51 57 36806.3 0 0
141 50 57 36810.6 0 0
141 51 57 36814.8 0 0
140 51 57 36819 0 0
143 54 57 36823.2 0 0
141 52 57 36827.4 0 0
142 52 57 36831.6 0 0
140 52 57 36835.8 0 0
143 51 57 36840 0 0
141 52 57 36844.2 0 0
144 51 57 36848.4 0 0
140 52 57 36852.6 0 0
146 51 57 36856.9 0 0
142 51 57 36861.1 0 0
145 50 57 36865.3 0 0
141 51 57 36869.5 0 0
143 52 57 36873.7 0 0
142 50 57 36877.9 0 0
142 51 57 36882.2 0 0
143 51 57 36886.4 0 0
143 51 57 36890.6 0 0
143 52 57 36894.9 0 0
142 50 57 36899.1 0 0
142 50 57 36903.3 0 0
142 51 57 36907.5 0 0
141 50 57 36911.7 0 0
140 51 57 36915.9 0 0
140 50 57 36920.2 0 0
144 50 57 36924.4 0 0
142 50 57 36928.7 0 0
142 50 57 36932.9 0 0
142 49 57 36937.1 0 0
141 50 57 36941.3 0 0
144 53 57 36945.5 0 0
141 50 57 36949.8 0 0
144 49 57 36954 0 0
140 52 57 36958.2 0 0
142 51 57 36962.4 0 0
143 50 57 36966.6 0 0
142 50 57 36970.8 0 0
143 50 57 36975 0 0
142 49 57 36979.2 0 0
142 54 57 36983.5 0 0
142 50 57 36987.7 0 0
143 52 57 36991.9 0 0
143 51 57 36996.1 0 0
142 51 57 37000.3 0 0
141 49 57 37004.5 0 0
143 52 57 37008.7 0 0
143 52 57 37012.9 0 0
144 54 57 37017.2 0 0
143 52 57 37021.4 0 0
143 55 57 37025.6 0 0
143 53 57 37029.8 0 0
144 56 57 37034 0 0
141 52 57 37038.3 0 0
143 54 57 37042.5 0 0
143 52 57 37046.7 0 0
140 52 57 37050.9 0 0
144 53 57 37055.1 0 0
141 52 57 37059.3 0 0
144 53 57 37063.5 0 0
139 52 57 37067.7 0 0
144 53 57 37071.9 0 0
144 51 57 37076.2 0 0
141 51 57 37080.4 0 0
144 50 57 37084.6 0 0
141 50 57 37088.8 0 0
141 54 57 37093 0 0
143 50 57 37097.2 0 0
139 53 57 37101.5 0 0
142 51 57 37105.7 0 0
141 52 57 37109.9 0 0
141 51 57 37114.2 0 0
143 52 57 37118.4 0 0
144 51 57 37122.6 0 0
139 51 57 37126.8 0 0
141 51 57 37131 0 0
145 50 57 37135.2 0 0
141 50 57 37139.4 0 0
141 53 57 37143.6 0 0
144 52 57 37147.8 0 0
142 52 57 37152.1 0 0
145 52 57 37156.2 0 0
145 50 57 37160.5 0 0
142 52 57 37164.7 0 0
144 52 57 37168.9 0 0
144 51 57 37173.2 0 0
143 51 57 37177.4 0 0
143 52 57 37181.6 0 0
142 53 57 37185.8 0 0
141 50 57 37190 0 0
142 55 57 37194.2 0 0
137 54 58 37198.4 0 0
132 56 58 37202.7 0 0
122 57 59 37206.9 0 0
117 60 58 37211.1 0 0
109 59 58 37215.3 0 0
107 60 58 37219.5 0 0
110 62 58 37223.7 0 0
106 63 58 37227.9 0 0
109 62 58 37232.2 0 0
109 64 57 37236.4 0 0
108 64 58 37240.6 0 0
108 61 58 37244.8 0 0
109 60 58 37249 0 0
108 62 57 37253.2 0 0
109 61 58 37257.4 0 0
108 61 58 37261.6 0 0
108 59 57 37265.9 0 0
108 59 58 37270.1 0 0
109 61 58 37274.3 0 0
109 59 58 37278.5 0 0
109 60 58 37282.7 0 0
107 61 58 37286.9 0 0
109 60 58 37291.1 0 0
109 61 57 37295.4 0 0
108 60 58 37299.6 0 0
110 60 58 37303.8 0 0
110 62 58 37308 0 0
106 63 57 37312.2 0 0
109 62 58 37316.4 0 0
109 59 58 37320.7 0 0
107 63 57 37324.9 0 0
108 60 58 37329.1 0 0
109 60 58 37333.4 0 0
107 62 58 37337.6 0 0
109 62 58 37341.8 0 0
106 62 58 37346 0 0
108 60 58 37350.2 0 0
107 61 57 37354.4 0 0
108 60 58 37358.7 0 0
110 61 58 37362.9 0 0
109 59 57 37367.1 0 0
110 62 58 37371.3 0 0
110 61 57 37375.5 0 0
107 62 58 37379.7 0 0
106 63 58 37383.9 0 0
109 63 58 37388.2 0 0
106 61 58 37392.4 0 0
105 61 58 37396.6 0 0
107 62 58 37400.8 0 0
110 61 58 37405 0 0
108 60 58 37409.2 0 0
107 61 58 37413.4 0 0
107 60 58 37417.7 0 0
110 60 58 37421.9 0 0
108 60 57 37426.1 0 0
109 60 58 37430.3 0 0
109 62 58 37434.5 0 0
107 60 58 37438.7 0 0
109 61 57 37442.9 0 0
108 60 57 37447.1 0 0
107 60 58 37451.4 0 0
112 61 57 37455.6 0 0
108 62 57 37459.8 0 0
109 63 58 37464 0 0
106 62 57 37468.2 0 0
108 60 57 37472.4 0 0
110 60 58 37476.6 0 0
108 61 58 37480.9 0 0
109 60 57 37485.1 0 0
108 60 58 37489.3 0 0
109 60 58 37493.5 0 0
109 61 58 37497.8 0 0
107 61 58 37501.9 0 0
108 62 58 37506.2 0 0
107 63 58 37510.4 0 0
108 63 58 37514.6 0 0
107 60 58 37518.8 0 0
111 60 58 37523 0 0
109 60 58 37527.2 0 0
106 60 58 37531.4 0 0
110 61 58 37535.7 0 0
108 60 57 37539.9 0 0
111 60 58 37544.1 0 0
108 60 57 37548.3 0 0
109 62 58 37552.6 0 0
107 62 58 37556.8 0 0
109 61 58 37561 0 0
107 62 58 37565.2 0 0
109 61 58 37569.4 0 0
107 60 58 37573.6 0 0
108 61 58 37578.1 0 0
112 60 58 37582.3 0 0
107 63 58 37586.5 0 0
109 62 58 37590.7 0 0
110 62 57 37594.9 0 0
109 60 58 37599.1 0 0
111 61 58 37603.3 0 0
107 61 58 37607.6 0 0
110 62 58 37611.8 0 0
112 62 57 37616 0 0
108 62 58 37620.2 0 0
111 62 58 37624.4 0 0
110 62 57 37628.6 0 0
107 60 58 37632.8 0 0
112 63 58 37637.1 0 0
108 62 58 37641.3 0 0
109 61 58 37645.6 0 0
108 62 58 37649.8 0 0
107 61 58 37654 0 0
108 60 58 37658.2 0 0
107 62 58 37662.4 0 0
105 62 58 37666.7 0 0
110 69 58 37670.9 0 0
108 72 58 37675.1 0 0
108 81 58 37679.3 0 0
105 96 58 37683.5 0 0
109 107 58 37687.7 0 0
106 120 57 37691.9 0 0
106 136 57 37696.2 0 0
104 142 58 37700.4 0 0
102 142 57 37704.6 0 0
102 153 58 37708.9 0 0
100 150 58 37713.1 0 0
102 152 58 37717.3 0 0
106 153 57 37721.5 0 0
105 155 58 37725.7 0 0
104 146 57 37729.9 0 0
102 147 58 37734.1 0 0
100 146 57 37738.3 0 0
103 151 57 37742.5 0 0
104 151 57 37746.7 0 0
105 156 57 37751 0 0
105 156 58 37755.2 0 0
103 149 58 37759.4 0 0
104 152 58 37763.7 0 0
102 150 58 37767.9 0 0
86 153 59 37772.1 0 0
77 160 58 37776.3 0 0
77 163 58 37780.5 0 0
71 173 58 37784.7 0 0
70 179 57 37788.9 0 0
71 178 58 37793.2 0 0
73 176 58 37797.4 0 0
74 175 57 37801.7 0 0
74 167 57 37805.9 0 0
74 172 58 37810.1 0 0
75 175 57 37814.3 0 0
72 173 57 37818.5 0 0
73 169 57 37822.7 0 0
73 173 57 37826.9 0 0
74 175 58 37831.2 0 0
71 173 57 37835.4 0 0
73 170 57 37839.6 0 0
70 170 57 37843.8 0 0
72 170 57 37848 0 0
72 171 57 37852.2 0 0
72 169 58 37856.5 0 0
73 176 57 37860.7 0 0
71 162 57 37865 0 0
72 167 58 37869.2 0 0
72 167 57 37873.4 0 0
74 167 57 37877.6 0 0
74 170 57 37881.8 0 0
72 162 57 37886 0 0
70 173 57 37890.2 0 0
70 170 57 37894.4 0 0
70 169 58 37898.7 0 0
71 172 57 37902.9 0 0
72 172 57 37907.1 0 0
71 170 57 37911.3 0 0
71 170 57 37915.5 0 0
66 170 58 37919.7 0 0
57 168 58 37924 0 0
51 162 58 37928.2 0 0
41 163 58 37932.4 0 0
36 162 58 37936.6 0 0
31 157 58 37940.8 0 0
29 152 57 37945 0 0
27 153 57 37949.3 0 0
28 151 57 37953.5 0 0
27 151 57 37957.7 0 0
31 152 57 37961.9 0 0
30 150 57 37966.1 0 0
29 150 57 37970.3 0 0
30 154 57 37974.6 0 0
29 161 57 37978.8 0 0
29 158 57 37983 0 0
29 161 57 37987.2 0 0
29 155 57 37991.4 0 0
31 158 57 37995.6 0 0
27 159 57 37999.8 0 0
28 160 57 38004.1 0 0
29 152 57 38008.3 0 0
29 152 57 38012.5 0 0
27 153 57 38016.8 0 0
28 152 57 38021 0 0
28 150 57 38025.2 0 0
28 159 57 38029.4 0 0
27 161 57 38033.6 0 0
28 154 57 38037.8 0 0
28 152 57 38042 0 0
29 150 57 38046.2 0 0
30 152 57 38050.5 0 0
27 152 57 38054.7 0 0
30 151 57 38058.9 0 0
31 154 57 38063.2 0 0
35 159 58 38067.4 0 0
39 156 58 38071.6 0 0
51 158 58 38075.8 0 0
66 165 58 38080.1 0 0
67 174 58 38084.2 0 0
71 176 57 38088.5 0 0
76 184 57 38092.7 0 0
75 182 57 38096.9 0 0
73 184 57 38101.1 0 0
72 182 58 38105.3 0 0
74 183 57 38109.5 0 0
74 182 57 38113.8 0 0
72 185 58 38118 0 0
74 184 57 38122.2 0 0
75 185 58 38126.4 0 0
73 182 57 38130.6 0 0
73 182 57 38134.8 0 0
75 184 57 38139.1 0 0
73 186 57 38143.3 0 0
73 180 58 38147.5 0 0
74 184 57 38151.7 0 0
76 183 57 38155.9 0 0
74 185 57 38160.1 0 0
76 185 58 38164.3 0 0
74 182 58 38168.5 0 0
75 184 57 38172.8 0 0
73 181 57 38177 0 0
74 185 58 38181.2 0 0
74 186 58 38185.4 0 0
73 179 58 38189.6 0 0
75 179 58 38193.8 0 0
72 185 58 38198 0 0
72 178 58 38202.2 0 0
74 174 58 38206.5 0 0
74 177 57 38210.7 0 0
74 178 58 38214.9 0 0
71 183 58 38219.1 0 0
73 180 57 38223.3 0 0
73 176 58 38227.5 0 0
73 176 58 38231.8 0 0
72 178 58 38236 0 0
74 176 57 38240.2 0 0
71 175 58 38244.4 0 0
75 174 58 38248.6 0 0
72 184 58 38252.8 0 0
71 175 58 38257 0 0
73 172 58 38261.2 0 0
81 162 58 38265.5 0 0
89 151 58 38269.7 0 0
92 142 58 38273.9 0 0
95 126 58 38278.1 0 0
100 116 58 38282.3 0 0
103 107 58 38286.6 0 0
104 100 58 38290.8 0 0
105 96 58 38295 0 0
108 86 58 38299.2 0 0
105 82 58 38303.5 0 0
108 82 58 38307.7 0 0
108 76 58 38312.4 0 0
110 74 58 38316.6 0 0
109 72 58 38320.8 0 0
110 71 58 38325.1 0 0
110 72 58 38329.3 0 0
110 74 58 38333.6 0 0
113 76 58 38337.8 0 0
110 73 58 38342.1 0 0
112 74 58 38346.2 0 0
111 77 58 38350.5 0 0
109 74 58 38354.7 0 0
111 75 58 38358.9 0 0
111 76 58 38363.1 0 0
111 74 58 38367.4 0 0
111 77 58 38371.6 0 0
108 76 58 38375.8 0 0
112 75 58 38380 0 0
109 73 58 38384.2 0 0
110 74 58 38388.4 0 0
110 71 58 38392.7 0 0
110 75 58 38396.9 0 0
112 73 58 38401.1 0 0
110 75 58 38405.3 0 0
108 76 58 38409.5 0 0
109 75 58 38413.8 0 0
111 72 58 38418 0 0
111 75 58 38422.2 0 0
109 71 58 38426.4 0 0
111 75 58 38430.6 0 0
111 75 58 38434.8 0 0
109 75 58 38439 0 0
112 75 58 38443.2 0 0
112 74 58 38447.4 0 0
112 73 58 38451.7 0 0
109 75 58 38455.9 0 0
109 76 58 38460.1 0 0
111 78 58 38464.3 0 0
112 74 58 38468.5 0 0
108 74 58 38472.7 0 0
108 75 58 38476.9 0 0
111 76 58 38481.2 0 0
111 74 58 38485.4 0 0
113 72 58 38489.6 0 0
110 73 58 38493.8 0 0
111 74 58 38498 0 0
110 77 58 38502.2 0 0
110 73 58 38506.5 0 0
110 77 58 38510.7 0 0
111 74 58 38514.9 0 0
113 74 58 38519.1 0 0
109 75 58 38523.4 0 0
109 71 58 38527.6 0 0
111 74 58 38531.8 0 0
110 75 58 38536.1 0 0
111 73 58 38540.3 0 0
110 72 58 38544.5 0 0
110 76 58 38548.7 0 0
110 74 58 38552.9 0 0
109 74 58 38557.1 0 0
109 76 58 38561.3 0 0
110 73 58 38565.6 0 0
110 75 58 38569.8 0 0
110 74 58 38574 0 0
110 74 58 38578.2 0 0
110 74 58 38582.4 0 0
111 74 58 38586.6 0 0
110 76 58 38590.8 0 0
109 76 58 38595 0 0
109 75 58 38599.3 0 0
111 77 58 38603.5 0 0
109 74 58 38607.7 0 0
112 76 58 38611.9 0 0
110 75 58 38616.1 0 0
112 77 58 38620.3 0 0
111 72 58 38624.5 0 0
110 76 58 38628.8 0 0
109 74 58 38633 0 0
112 73 58 38637.2 0 0
108 73 58 38641.4 0 0
111 72 58 38645.6 0 0
112 72 58 38649.8 0 0
112 73 58 38654.1 0 0
111 74 58 38658.2 0 0
111 74 0 38662.5 0 0
111 76 58 38666.7 0 0
110 75 58 38670.9 0 0
112 75 58 38675.1 0 0
111 75 58 38679.3 0 0
111 74 58 38683.5 0 0
110 74 58 38687.7 0 0
108 73 58 38692 0 0
109 74 58 38696.2 0 0
112 74 58 38703 0 0
112 73 58 38707.2 0 0
112 72 58 38711.4 0 0
110 73 58 38715.6 0 0
109 74 58 38719.8 0 0
112 74 58 38724.1 0 0
109 74 58 38728.3 0 0
113 71 58 38732.5 0 0
109 74 58 38736.7 0 0
112 74 58 38740.9 0 0
110 76 58 38745.1 0 0
112 74 58 38749.3 0 0
111 74 58 38753.6 0 0
111 74 58 38757.8 0 0
110 74 58 38762 0 0
113 72 58 38766.3 0 0
112 71 58 38770.5 0 0
112 73 58 38774.7 0 0
111 73 58 38778.9 0 0
111 75 58 38783.1 0 0
109 73 58 38787.3 0 0
109 73 58 38791.5 0 0
111 73 58 38795.8 0 0
110 74 58 38800 0 0
110 75 58 38804.2 0 0
110 74 58 38808.4 0 0
111 73 58 38815.3 0 0
108 73 58 38819.6 0 0
108 73 58 38823.8 0 0
106 79 58 38828.1 0 0
100 77 58 38832.3 0 0
99 77 58 38836.5 0 0
98 73 58 38840.7 0 0
100 75 58 38844.9 0 0
106 68 58 38849.2 0 0
104 71 58 38853.4 0 0
103 72 58 38857.6 0 0
102 72 58 38861.8 0 0
101 72 58 38866.1 0 0
101 71 58 38870.3 0 0
100 72 58 38874.5 0 0
103 72 58 38878.7 0 0
100 71 58 38882.9 0 0
102 71 58 38887.2 0 0
100 71 58 38891.4 0 0
101 73 58 38895.6 0 0
103 70 58 38899.8 0 0
102 72 58 38904 0 0
99 70 58 38908.2 0 0
99 71 58 38912.4 0 0
100 73 58 38916.7 0 0
101 71 58 38923.7 0 0
101 72 58 38927.9 0 0
103 70 58 38932.2 0 0
101 71 58 38936.4 0 0
102 71 58 38940.6 0 0
100 72 58 38944.8 0 0
103 70 58 38949 0 0
102 69 58 38953.2 0 0
101 72 58 38957.4 0 0
101 75 58 38961.7 0 0
106 72 59 38965.8 0 0
115 72 59 38970.1 0 0
124 67 60 38974.3 0 0
135 63 59 38978.5 0 0
142 54 59 38982.7 0 0
148 53 58 38986.9 0 0
158 48 58 38991.2 0 0
163 42 57 38995.4 0 0
167 41 57 38999.6 0 0
170 41 57 39003.8 0 0
175 40 56 39008 0 0
178 36 56 39012.2 0 0
177 36 56 39016.5 0 0
178 39 56 39023.6 0 0
179 38 56 39031.9 0 0
179 37 56 39040.3 0 0
179 40 56 39048.6 0 0
177 40 56 39056.9 0 0
177 39 56 39065.1 0 0
177 39 56 39073.6 0 0
178 38 56 39081.7 0 0
178 39 56 39085.9 0 0
177 39 56 39090.3 0 0
179 40 56 39094.5 0 0
180 39 56 39098.7 0 0
178 39 56 39102.9 0 0
178 39 56 39107.2 0 0
178 38 56 39111.4 0 0
178 40 56 39115.6 0 0
178 39 56 39119.8 0 0
179 41 56 39124 0 0
179 38 56 39128.2 0 0
179 40 56 39132.5 0 0
176 38 56 39136.7 0 0
178 39 56 39140.9 0 0
177 39 56 39145.2 0 0
179 40 56 39149.4 0 0
179 38 56 39153.6 0 0
181 39 56 39157.8 0 0
179 38 56 39162 0 0
180 38 56 39166.2 0 0
178 39 56 39170.5 0 0
178 38 56 39174.7 0 0
179 40 56 39178.9 0 0
182 39 56 39183.1 0 0
189 41 56 39190.2 0 0
196 43 56 39194.4 0 0
204 42 55 39198.6 0 0
207 45 55 39202.9 0 0
208 47 55 39207.1 0 0
211 49 54 39211.3 0 0
211 51 54 39215.5 0 0
210 57 54 39219.7 0 0
208 57 54 39223.9 0 0
207 57 54 39228.2 0 0
206 55 54 39232.4 0 0
207 55 54 39236.6 0 0
209 54 54 39241 0 0
209 53 54 39245.2 0 0
211 53 54 39249.4 0 0
209 54 54 39253.7 0 0
208 54 54 39257.9 0 0
208 55 54 39262.1 0 0
208 56 54 39266.3 0 0
209 54 54 39273.4 0 0
209 54 54 39277.6 0 0
208 54 54 39281.8 0 0
209 55 54 39286 0 0
208 55 54 39290.2 0 0
209 56 54 39294.5 0 0
209 55 54 39298.7 0 0
209 57 54 39302.9 0 0
209 59 54 39307.1 0 0
206 58 54 39311.3 0 0
209 60 54 39315.5 0 0
206 62 54 39319.7 0 0
207 71 55 39324 0 0
203 80 55 39328.2 0 0
205 89 55 39332.4 0 0
199 107 55 39336.6 0 0
196 116 55 39340.8 0 0
191 132 56 39345.1 0 0
189 143 56 39349.3 0 0
187 152 56 39353.5 0 0
184 169 56 39357.7 0 0
183 171 56 39361.9 0 0
184 169 56 39366.1 0 0
184 173 56 39370.3 0 0
185 176 56 39374.6 0 0
183 185 56 39378.9 0 0
183 184 56 39383.1 0 0
184 183 56 39390 0 0
183 181 56 39394.3 0 0
181 185 56 39398.5 0 0
183 174 56 39402.7 0 0
184 183 56 39406.9 0 0
183 179 56 39411.1 0 0
183 176 56 39415.3 0 0
182 179 56 39419.5 0 0
182 176 56 39423.8 0 0
181 180 56 39428 0 0
182 176 56 39432.2 0 0
186 179 56 39436.4 0 0
183 175 56 39440.6 0 0
184 176 56 39444.8 0 0
182 173 56 39449 0 0
183 178 56 39453.2 0 0
183 184 56 39457.5 0 0
186 181 56 39461.7 0 0
185 183 56 39465.9 0 0
185 181 56 39470.1 0 0
185 189 56 39474.3 0 0
181 182 56 39478.5 0 0
185 187 56 39482.7 0 0
183 189 56 39486.9 0 0
184 184 56 39491.5 0 0
183 187 56 39495.7 0 0
185 186 56 39502.4 0 0
181 188 56 39506.7 0 0
185 185 56 39510.9 0 0
182 179 56 39515.2 0 0
180 176 56 39519.4 0 0
185 186 56 39523.7 0 0
182 180 56 39527.9 0 0
184 174 56 39532.1 0 0
182 187 56 39536.3 0 0
181 177 56 39540.5 0 0
184 178 56 39544.8 0 0
183 183 56 39549 0 0
182 176 56 39553.2 0 0
185 178 56 39557.4 0 0
183 179 56 39561.6 0 0
184 175 56 39565.8 0 0
183 175 56 39570 0 0
180 179 56 39574.3 0 0
183 181 56 39578.5 0 0
180 183 56 39582.7 0 0
180 183 56 39589.8 0 0
179 185 56 39597.4 0 0
179 200 56 39601.6 0 0
182 206 56 39606.5 0 0
178 205 56 39610.8 0 0
183 200 56 39615 0 0
178 199 56 39619.2 0 0
180 195 56 39623.4 0 0
183 200 56 39627.6 0 0
179 195 56 39631.8 0 0
182 197 56 39636 0 0
181 202 56 39640.3 0 0
182 193 56 39644.5 0 0
181 198 56 39648.7 0 0
178 198 56 39652.9 0 0
182 195 56 39657.1 0 0
181 197 56 39661.3 0 0
180 195 56 39665.5 0 0
180 195 56 39669.8 0 0
180 200 56 39674 0 0
181 197 56 39678.2 0 0
180 198 56 39682.4 0 0
182 201 56 39686.6 0 0
181 197 56 39690.8 0 0
181 201 56 39695.1 0 0
181 201 56 39699.3 0 0
181 202 56 39706.2 0 0
181 202 56 39714.7 0 0
182 202 56 39722.4 0 0
179 198 56 39726.6 0 0
182 199 56 39731.2 0 0
182 195 56 39735.4 0 0
179 187 56 39739.7 0 0
175 169 56 39743.9 0 0
177 145 56 39748.1 0 0
174 127 56 39752.3 0 0
173 114 56 39756.5 0 0
169 101 56 39760.7 0 0
169 89 57 39765 0 0
167 79 56 39769.2 0 0
168 72 57 39773.4 0 0
166 63 57 39777.6 0 0
166 55 57 39781.8 0 0
168 49 57 39786 0 0
165 44 57 39790.2 0 0
166 43 57 39794.5 0 0
165 42 57 39798.7 0 0
168 41 57 39802.9 0 0
165 42 57 39807.1 0 0
164 43 57 39811.3 0 0
165 43 57 39815.5 0 0
166 43 57 39819.8 0 0
166 42 57 39824 0 0
166 41 57 39828.2 0 0
166 42 57 39832.4 0 0
165 42 56 39839.3 0 0
166 41 57 39843.6 0 0
164 42 56 39847.8 0 0
164 40 57 39852 0 0
164 40 57 39856.3 0 0
162 41 57 39860.5 0 0
164 41 57 39864.8 0 0
166 40 57 39869 0 0
165 41 57 39873.2 0 0
166 41 57 39877.4 0 0
165 43 57 39881.6 0 0
164 40 57 39885.8 0 0
163 42 57 39890.1 0 0
165 42 56 39894.3 0 0
164 42 57 39898.6 0 0
165 43 57 39902.8 0 0
166 42 57 39907 0 0
165 42 57 39911.2 0 0
166 43 57 39915.4 0 0
165 42 57 39919.6 0 0
166 42 57 39923.9 0 0
166 42 57 39928.2 0 0
164 43 56 39932.4 0 0
163 42 57 39939.2 0 0
164 44 57 39943.5 0 0
165 42 56 39947.7 0 0
162 42 57 39952 0 0
164 42 57 39956.2 0 0
165 43 57 39960.4 0 0
164 42 57 39964.7 0 0
164 41 57 39968.9 0 0
166 42 57 39973.1 0 0
164 41 57 39977.3 0 0
162 43 57 39981.5 0 0
163 42 57 39985.8 0 0
165 43 57 39990 0 0
164 42 57 39994.2 0 0
164 42 57 39998.4 0 0
164 42 57 40002.6 0 0
162 43 57 40006.9 0 0
163 42 57 40011.1 0 0
164 42 57 40015.3 0 0
163 42 57 40019.5 0 0
163 42 57 40023.8 0 0
165 41 57 40028 0 0
163 44 57 40032.2 0 0
164 42 57 40036.4 0 0
166 41 57 40040.6 0 0
162 41 57 40047.6 0 0
166 42 57 40051.8 0 0
166 42 57 40056.1 0 0
165 39 57 40060.3 0 0
164 41 57 40064.5 0 0
165 42 56 40068.7 0 0
164 41 57 40072.9 0 0
165 42 57 40077.1 0 0
163 41 57 40081.3 0 0
162 40 57 40085.5 0 0
164 40 57 40089.7 0 0
164 41 57 40093.9 0 0
165 39 57 40098.2 0 0
162 40 57 40102.4 0 0
166 40 57 40106.7 0 0
166 40 57 40110.9 0 0
173 44 57 40115.1 0 0
177 47 57 40119.3 0 0
182 56 56 40123.5 0 0
188 64 56 40127.7 0 0
191 65 55 40132 0 0
200 72 55 40136.2 0 0
207 80 55 40140.4 0 0
220 92 54 40144.6 0 0
218 90 54 40151.5 0 0
227 101 53 40155.8 0 0
230 110 54 40160 0 0
228 114 54 40164.2 0 0
229 121 54 40168.5 0 0
229 131 54 40172.8 0 0
227 131 54 40177 0 0
229 133 54 40181.2 0 0
227 129 54 40185.4 0 0
227 131 54 40189.6 0 0
229 125 54 40193.8 0 0
229 124 54 40198 0 0
230 124 54 40202.3 0 0
227 127 54 40206.5 0 0
229 126 54 40210.7 0 0
228 129 54 40214.9 0 0
229 128 54 40219.1 0 0
229 131 54 40223.3 0 0
229 130 54 40227.5 0 0
227 133 54 40231.8 0 0
229 127 54 40236 0 0
228 127 54 40240.2 0 0
227 128 54 40244.4 0 0
230 126 54 40248.6 0 0
224 127 54 40252.8 0 0
227 127 54 40257 0 0
226 128 54 40261.2 0 0
227 127 54 40268.4 0 0
228 125 54 40272.6 0 0
229 131 54 40276.8 0 0
228 132 54 40281 0 0
230 131 54 40285.2 0 0
229 132 54 40289.4 0 0
230 130 54 40293.7 0 0
227 133 54 40297.9 0 0
228 124 54 40302.2 0 0
232 125 54 40306.4 0 0
228 128 54 40310.6 0 0
230 124 54 40314.8 0 0
228 126 54 40319 0 0
229 126 54 40323.2 0 0
229 125 54 40327.4 0 0
230 129 54 40331.7 0 0
231 128 54 40335.9 0 0
229 132 54 40340.1 0 0
231 128 54 40344.3 0 0
229 132 54 40348.5 0 0
231 128 54 40352.8 0 0
230 130 54 40357 0 0
230 131 54 40361.2 0 0
227 132 54 40368.3 0 0
228 130 54 40372.5 0 0
231 129 54 40376.7 0 0
227 127 54 40380.9 0 0
229 126 54 40385.1 0 0
229 124 54 40389.4 0 0
230 120 54 40393.6 0 0
222 104 54 40397.8 0 0
217 91 54 40402 0 0
217 86 54 40406.2 0 0
216 72 54 40410.4 0 0
213 64 54 40414.6 0 0
210 57 54 40418.9 0 0
214 51 54 40423.1 0 0
216 46 54 40427.4 0 0
214 49 54 40431.6 0 0
214 49 54 40435.8 0 0
214 50 54 40440 0 0
215 51 54 40444.2 0 0
215 51 54 40448.4 0 0
214 50 54 40452.6 0 0
213 50 54 40456.8 0 0
213 50 54 40461.1 0 0
212 50 54 40468 0 0
213 49 54 40472.2 0 0
213 48 54 40476.5 0 0
215 48 54 40480.7 0 0
214 49 54 40484.9 0 0
210 49 54 40489.1 0 0
212 50 54 40493.3 0 0
211 50 54 40497.5 0 0
215 51 54 40501.8 0 0
215 50 54 40506 0 0
214 51 54 40510.2 0 0
212 50 54 40514.4 0 0
213 50 54 40518.6 0 0
211 51 54 40522.8 0 0
211 50 54 40527.1 0 0
215 50 54 40531.2 0 0
214 51 55 40535.5 0 0
212 50 54 40539.7 0 0
214 51 54 40543.9 0 0
213 51 54 40548.1 0 0
214 50 54 40552.4 0 0
214 49 54 40556.6 0 0
213 50 54 40560.8 0 0
215 48 54 40565 0 0
215 48 54 40569.2 0 0
214 49 54 40573.4 0 0
214 49 54 40580.4 0 0
214 49 54 40588.8 0 0
213 48 54 40597.1 0 0
213 48 54 40605.6 0 0
214 49 55 40613 0 0
214 48 54 40617.2 0 0
215 48 54 40622.1 0 0
215 49 54 40626.3 0 0
214 49 55 40630.5 0 0
216 50 54 40634.8 0 0
215 49 54 40639 0 0
213 49 54 40643.2 0 0
217 49 54 40647.4 0 0
217 50 54 40651.6 0 0
216 51 54 40655.8 0 0
212 50 54 40660 0 0
213 49 54 40664.2 0 0
213 48 54 40668.5 0 0
213 50 54 40672.7 0 0
214 49 55 40677.2 0 0
215 48 55 40681.4 0 0
208 50 55 40685.6 0 0
202 53 56 40689.8 0 0
191 55 57 40694 0 0
178 56 58 40698.2 0 0
178 56 58 40702.4 0 0
149 59 59 40706.8 0 0
135 56 60 40711 0 0
123 56 60 40715.2 0 0
108 57 60 40719.4 0 0
98 56 60 40723.6 0 0
87 58 59 40727.8 0 0
80 57 59 40732.1 0 0
70 59 59 40736.3 0 0
64 58 58 40740.5 0 0
61 56 58 40744.7 0 0
58 59 58 40748.9 0 0
56 58 58 40753.1 0 0
52 59 58 40757.3 0 0
52 60 58 40761.5 0 0
55 60 58 40765.8 0 0
54 60 58 40770 0 0
54 59 58 40774.2 0 0
54 60 58 40778.4 0 0
54 60 58 40782.6 0 0
54 60 58 40786.8 0 0
55 59 58 40791 0 0
54 58 58 40795.2 0 0
53 59 58 40799.5 0 0
51 58 58 40803.7 0 0
52 59 58 40807.9 0 0
53 59 58 40812.1 0 0
54 57 58 40816.3 0 0
51 59 58 40820.6 0 0
54 60 58 40824.8 0 0
53 59 58 40829.1 0 0
54 59 58 40833.3 0 0
53 59 58 40837.5 0 0
54 58 58 40841.7 0 0
52 59 58 40845.9 0 0
57 58 58 40850.1 0 0
56 59 58 40854.3 0 0
52 58 58 40858.5 0 0
53 60 58 40862.8 0 0
50 58 58 40867 0 0
52 60 58 40871.2 0 0
52 59 58 40875.4 0 0
51 58 58 40879.6 0 0
54 59 58 40883.8 0 0
51 59 58 40888.1 0 0
54 59 58 40892.3 0 0
51 59 58 40896.5 0 0
53 57 58 40900.8 0 0
53 59 58 40905 0 0
54 58 58 40909.2 0 0
51 58 58 40913.4 0 0
52 58 58 40917.6 0 0
52 59 58 40921.8 0 0
53 58 58 40926.1 0 0
54 60 58 40930.3 0 0
53 59 58 40934.5 0 0
53 59 58 40938.7 0 0
53 58 58 40942.9 0 0
52 59 58 40947.2 0 0
53 59 58 40951.4 0 0
54 55 58 40955.6 0 0
52 58 58 40959.8 0 0
55 58 58 40964 0 0
52 60 58 40968.2 0 0
54 59 58 40972.4 0 0
53 57 58 40976.7 0 0
53 59 58 40980.9 0 0
52 59 58 40985.1 0 0
54 59 58 40989.3 0 0
56 58 58 40993.6 0 0
55 58 58 40997.8 0 0
55 53 58 41002 0 0
60 50 58 41006.2 0 0
64 45 59 41010.4 0 0
69 41 58 41014.6 0 0
68 38 58 41018.8 0 0
68 37 58 41023.1 0 0
70 35 58 41027.3 0 0
67 36 58 41031.5 0 0
68 36 58 41035.7 0 0
67 37 58 41039.9 0 0
67 37 58 41044.2 0 0
67 38 58 41048.4 0 0
69 37 58 41052.6 0 0
67 37 58 41056.8 0 0
70 37 59 41061 0 0
67 37 58 41065.2 0 0
70 35 58 41069.4 0 0
68 37 58 41073.7 0 0
69 37 58 41077.9 0 0
68 35 58 41082.1 0 0
67 36 58 41086.3 0 0
70 35 58 41090.5 0 0
67 36 58 41094.7 0 0
67 36 58 41098.9 0 0
68 36 58 41103.1 0 0
69 35 58 41107.4 0 0
68 36 58 41111.6 0 0
67 35 58 41115.8 0 0
66 35 58 41120 0 0
67 36 58 41124.2 0 0
67 36 58 41128.4 0 0
70 35 58 41132.6 0 0
68 35 58 41136.9 0 0
68 35 58 41141.1 0 0
67 35 58 41145.3 0 0
69 36 58 41149.5 0 0
68 36 58 41153.7 0 0
67 35 58 41157.9 0 0
67 37 58 41162.2 0 0
68 36 58 41166.4 0 0
68 36 58 41170.6 0 0
69 36 58 41174.8 0 0
67 36 58 41179.1 0 0
68 36 58 41183.3 0 0
69 36 58 41187.5 0 0
67 35 58 41191.7 0 0
68 37 59 41195.9 0 0
66 36 58 41200.2 0 0
67 37 58 41204.4 0 0
68 36 58 41208.6 0 0
68 35 58 41212.8 0 0
67 35 58 41217 0 0
67 36 58 41221.2 0 0
68 35 58 41225.4 0 0
68 36 58 41229.7 0 0
67 36 58 41234.1 0 0
70 35 59 41238.3 0 0
68 36 58 41242.6 0 0
69 35 58 41246.8 0 0
67 36 59 41251 0 0
67 36 58 41255.2 0 0
70 36 58 41259.4 0 0
68 36 59 41263.7 0 0
69 36 59 41267.9 0 0
69 36 58 41272.1 0 0
68 36 59 41276.3 0 0
69 36 58 41280.5 0 0
68 35 58 41284.7 0 0
68 36 58 41288.9 0 0
66 36 58 41293.2 0 0
68 36 58 41297.4 0 0
67 36 58 41301.6 0 0
69 35 59 41305.8 0 0
68 35 59 41310 0 0
69 34 58 41314.2 0 0
69 36 59 41318.5 0 0
69 36 59 41322.7 0 0
70 36 58 41326.9 0 0
68 35 59 41331.2 0 0
68 34 59 41335.4 0 0
70 35 59 41339.6 0 0
69 35 58 41346.3 0 0
68 36 59 41350.6 0 0
69 36 59 41354.8 0 0
69 35 58 41359.4 0 0
70 35 59 41363.6 0 0
69 36 59 41367.8 0 0
70 35 58 41372 0 0
70 36 59 41376.2 0 0
69 36 58 41380.5 0 0
67 36 58 41384.7 0 0
68 35 58 41388.9 0 0
69 35 59 41393.1 0 0
68 36 58 41397.4 0 0
70 35 58 41401.6 0 0
67 36 58 41405.8 0 0
68 35 58 41410 0 0
69 35 59 41414.2 0 0
67 35 59 41418.4 0 0
68 36 58 41425.6 0 0
69 35 59 41429.8 0 0
68 34 59 41434 0 0
68 35 58 41438.2 0 0
71 35 59 41442.4 0 0
68 36 58 41446.6 0 0
68 36 58 41450.9 0 0
66 36 59 41455.1 0 0
70 36 59 41459.3 0 0
69 35 58 41463.5 0 0
68 36 59 41467.7 0 0
68 35 58 41471.9 0 0
69 35 58 41476.1 0 0
67 35 58 41480.3 0 0
69 35 58 41484.6 0 0
69 35 59 41488.8 0 0
69 36 59 41493 0 0
69 36 59 41497.2 0 0
69 36 58 41501.4 0 0
69 36 58 41505.6 0 0
70 36 59 41509.8 0 0
69 35 58 41514.1 0 0
69 35 58 41518.3 0 0
69 35 59 41522.5 0 0
69 35 59 41529.4 0 0
69 36 58 41533.7 0 0
69 35 59 41537.9 0 0
68 35 59 41542.1 0 0
68 36 59 41546.5 0 0
66 36 59 41550.7 0 0
61 36 59 41554.9 0 0
57 35 59 41559.1 0 0
51 36 59 41563.3 0 0
44 37 59 41567.6 0 0
39 38 58 41571.8 0 0
32 39 58 41576 0 0
31 42 58 41580.2 0 0
28 42 58 41584.5 0 0
30 44 58 41588.7 0 0
32 44 58 41592.9 0 0
34 43 58 41597.1 0 0
31 44 58 41601.3 0 0
31 43 58 41605.5 0 0
31 43 58 41609.7 0 0
32 44 58 41613.9 0 0
34 43 58 41618.2 0 0
31 44 58 41622.4 0 0
32 42 57 41626.6 0 0
29 44 58 41630.8 0 0
31 43 58 41635 0 0
31 43 58 41639.2 0 0
33 42 57 41644.3 0 0
31 43 58 41648.5 0 0
29 43 58 41652.7 0 0
31 42 58 41656.9 0 0
30 43 58 41661.1 0 0
31 42 58 41665.3 0 0
31 43 58 41669.6 0 0
31 43 58 41673.8 0 0
30 43 58 41678 0 0
29 43 57 41682.2 0 0
30 43 58 41686.4 0 0
30 44 58 41690.6 0 0
30 44 58 41694.8 0 0
30 44 58 41699 0 0
32 43 58 41703.5 0 0
32 43 58 41707.7 0 0
31 43 58 41711.9 0 0
30 43 58 41716.1 0 0
28 43 58 41720.3 0 0
30 44 58 41724.6 0 0
29 44 58 41728.8 0 0
31 44 58 41733 0 0
30 43 58 41737.2 0 0
31 43 58 41741.5 0 0
32 44 58 41745.7 0 0
34 45 58 41749.9 0 0
41 47 59 41754.1 0 0
54 48 60 41758.3 0 0
69 51 61 41762.6 0 0
79 52 61 41766.8 0 0
95 51 61 41771 0 0
109 51 61 41775.2 0 0
122 50 60 41779.4 0 0
136 50 60 41783.6 0 0
142 51 59 41787.8 0 0
155 51 58 41792.1 0 0
164 52 58 41796.3 0 0
173 52 57 41800.6 0 0
182 52 57 41804.8 0 0
189 51 56 41809 0 0
194 51 56 41813.2 0 0
198 48 55 41817.4 0 0
205 46 55 41821.7 0 0
205 45 55 41825.9 0 0
206 46 55 41830.2 0 0
204 45 55 41834.4 0 0
204 45 55 41838.6 0 0
205 47 55 41842.8 0 0
206 46 55 41847 0 0
202 46 55 41851.2 0 0
205 46 55 41855.4 0 0
203 46 55 41859.7 0 0
206 46 55 41863.9 0 0
204 46 54 41868.1 0 0
205 47 55 41872.3 0 0
206 46 55 41876.5 0 0
201 46 55 41880.7 0 0
204 47 55 41884.9 0 0
201 47 55 41889.2 0 0
204 47 55 41893.4 0 0
202 47 55 41897.6 0 0
206 48 55 41901.8 0 0
204 48 55 41906.1 0 0
203 46 55 41910.3 0 0
206 48 55 41914.5 0 0
203 47 55 41918.8 0 0
205 47 55 41923 0 0
204 47 55 41927.2 0 0
207 47 55 41931.4 0 0
205 48 55 41935.6 0 0
205 47 55 41939.8 0 0
203 48 55 41944.1 0 0
202 48 55 41948.3 0 0
203 47 55 41952.5 0 0
200 48 55 41956.7 0 0
203 47 55 41960.9 0 0
202 47 55 41965.1 0 0
204 48 55 41969.3 0 0
202 48 55 41973.5 0 0
206 48 55 41977.7 0 0
203 48 55 41982 0 0
207 48 55 41986.2 0 0
200 47 55 41990.6 0 0
202 48 55 41994.8 0 0
202 47 55 41999 0 0
203 48 55 42003.2 0 0
203 48 55 42007.4 0 0
202 49 55 42011.6 0 0
204 47 55 42015.8 0 0
202 48 55 42020.1 0 0
204 48 55 42024.3 0 0
201 47 55 42028.5 0 0
203 48 55 42032.7 0 0
202 48 55 42036.9 0 0
203 49 55 42041.1 0 0
204 49 55 42045.3 0 0
203 48 55 42049.6 0 0
203 48 55 42053.8 0 0
203 48 55 42058 0 0
205 48 55 42062.2 0 0
207 47 55 42066.4 0 0
205 47 55 42070.6 0 0
207 48 55 42075.1 0 0
211 46 55 42079.4 0 0
216 44 54 42083.6 0 0
218 43 54 42087.8 0 0
219 43 54 42092 0 0
215 43 54 42096.2 0 0
216 42 54 42100.4 0 0
215 43 54 42104.6 0 0
215 42 54 42108.9 0 0
215 44 54 42113.1 0 0
214 44 54 42117.3 0 0
217 44 55 42121.5 0 0
216 44 54 42125.7 0 0
214 44 55 42129.9 0 0
215 42 54 42134.1 0 0
214 44 54 42138.4 0 0
212 43 54 42142.6 0 0
215 42 54 42146.8 0 0
215 43 54 42151 0 0
215 43 54 42155.2 0 0
215 42 55 42159.4 0 0
216 43 54 42163.6 0 0
215 43 54 42167.8 0 0
216 41 54 42172.1 0 0
215 43 54 42176.3 0 0
215 43 55 42180.5 0 0
215 43 55 42184.7 0 0
217 44 54 42191.1 0 0
217 42 54 42195.3 0 0
213 43 54 42199.6 0 0
215 43 54 42203.8 0 0
217 43 54 42208.1 0 0
216 43 54 42212.2 0 0
216 43 54 42216.5 0 0
214 43 54 42220.7 0 0
217 43 54 42224.9 0 0
214 43 55 42229.2 0 0
214 45 54 42233.4 0 0
208 46 55 42237.6 0 0
199 52 56 42242 0 0
193 59 57 42246.2 0 0
180 60 58 42250.4 0 0
168 66 58 42254.7 0 0
158 69 59 42258.9 0 0
147 71 59 42263.1 0 0
137 74 60 42267.3 0 0
126 76 60 42271.6 0 0
114 78 59 42275.8 0 0
104 79 59 42280 0 0
95 84 59 42284.2 0 0
90 85 59 42288.4 0 0
82 86 59 42292.6 0 0
77 90 58 42296.9 0 0
74 92 59 42301.1 0 0
70 90 59 42305.3 0 0
70 91 58 42309.5 0 0
71 95 58 42313.7 0 0
73 96 58 42317.9 0 0
70 95 58 42322.1 0 0
69 96 58 42326.4 0 0
70 97 58 42330.6 0 0
69 94 58 42334.8 0 0
69 99 58 42339 0 0
71 96 58 42343.2 0 0
71 95 58 42347.4 0 0
69 95 58 42351.7 0 0
69 99 58 42355.9 0 0
69 97 58 42360.1 0 0
71 95 58 42364.3 0 0
67 96 58 42368.5 0 0
67 102 58 42372.7 0 0
66 100 58 42376.9 0 0
70 99 58 42381.2 0 0
69 96 58 42385.4 0 0
70 99 58 42389.6 0 0
71 102 58 42393.8 0 0
70 101 58 42398 0 0
68 101 58 42402.2 0 0
66 100 58 42406.4 0 0
68 101 58 42410.6 0 0
69 98 58 42414.8 0 0
65 98 58 42419.1 0 0
67 105 58 42423.3 0 0
68 105 58 42427.5 0 0
69 101 58 42431.7 0 0
66 103 58 42435.9 0 0
68 101 58 42440.1 0 0
69 100 58 42444.4 0 0
69 104 58 42448.6 0 0
66 103 58 42452.8 0 0
65 103 58 42457 0 0
65 103 58 42461.2 0 0
67 104 58 42465.4 0 0
65 102 58 42469.6 0 0
65 102 58 42473.8 0 0
68 103 58 42478.1 0 0
67 105 58 42482.3 0 0
64 100 58 42486.5 0 0
66 107 58 42490.9 0 0
69 105 58 42495.2 0 0
66 103 58 42499.4 0 0
66 95 58 42503.6 0 0
65 94 59 42507.8 0 0
58 95 59 42512 0 0
53 97 58 42516.2 0 0
45 103 59 42520.5 0 0
42 106 58 42524.7 0 0
38 107 58 42528.9 0 0
33 117 58 42533.1 0 0
30 118 58 42537.3 0 0
33 121 58 42541.5 0 0
34 121 58 42545.8 0 0
37 116 58 42550 0 0
37 118 58 42554.2 0 0
37 120 58 42558.4 0 0
35 119 58 42562.6 0 0
33 123 58 42566.8 0 0
34 115 58 42571 0 0
33 121 58 42575.3 0 0
37 118 58 42579.5 0 0
34 120 57 42583.7 0 0
31 120 58 42587.9 0 0
34 118 58 42592.1 0 0
34 122 58 42596.3 0 0
35 119 58 42600.6 0 0
32 123 57 42604.8 0 0
36 114 58 42609 0 0
33 117 58 42613.2 0 0
31 119 58 42617.4 0 0
34 120 57 42621.7 0 0
34 117 58 42625.8 0 0
33 122 58 42630.1 0 0
36 117 58 42641.1 0 0
35 115 58 42649.5 0 0
33 121 58 42657.8 0 0
36 116 58 42666 0 0
34 122 58 42674.3 0 0
35 119 58 42682.8 0 0
35 119 58 42691 0 0
35 119 58 42699.5 0 0
32 122 58 42706.8 0 0
33 119 58 42711 0 0
35 119 58 42716 0 0
36 117 58 42720.2 0 0
33 120 58 42724.5 0 0
35 118 58 42728.7 0 0
37 116 58 42732.9 0 0
34 117 58 42737.1 0 0
34 106 58 42741.3 0 0
35 97 58 42745.5 0 0
34 94 58 42749.7 0 0
35 86 58 42753.9 0 0
37 82 58 42758.1 0 0
35 76 58 42762.4 0 0
35 72 58 42766.6 0 0
36 64 58 42770.8 0 0
37 58 58 42775 0 0
36 59 58 42779.2 0 0
37 56 58 42783.4 0 0
36 59 58 42787.6 0 0
35 58 58 42791.8 0 0
36 58 58 42796.1 0 0
38 58 58 42800.3 0 0
35 59 58 42804.5 0 0
38 56 58 42808.7 0 0
37 56 58 42812.9 0 0
38 59 58 42817.1 0 0
38 59 58 42821.4 0 0
35 58 58 42825.6 0 0
37 58 58 42829.8 0 0
37 59 58 42836.6 0 0
35 58 58 42840.8 0 0
35 58 58 42845 0 0
34 59 58 42849.3 0 0
37 57 58 42853.5 0 0
38 56 58 42857.7 0 0
40 57 58 42861.9 0 0
39 57 58 42866.2 0 0
38 58 58 42870.4 0 0
37 56 58 42874.6 0 0
36 56 58 42878.8 0 0
37 58 58 42883 0 0
37 56 58 42887.2 0 0
37 57 58 42891.4 0 0
40 57 58 42895.7 0 0
35 56 58 42899.9 0 0
35 57 58 42904.1 0 0
36 57 58 42908.3 0 0
38 58 58 42912.5 0 0
36 56 58 42916.7 0 0
37 58 58 42920.9 0 0
38 56 58 42925.2 0 0
38 58 58 42929.4 0 0
35 57 58 42933.6 0 0
37 58 58 42937.8 0 0
35 57 58 42942 0 0
36 57 58 42946.2 0 0
38 58 58 42950.4 0 0
36 56 58 42954.7 0 0
36 58 58 42958.9 0 0
38 57 58 42965.7 0 0
37 57 58 42970 0 0
37 57 58 42974.2 0 0
35 58 58 42978.4 0 0
35 58 58 42982.6 0 0
36 58 58 42986.9 0 0
36 59 58 42991.1 0 0
39 58 58 42995.3 0 0
37 57 58 42999.5 0 0
36 55 58 43003.8 0 0
36 55 58 43008 0 0
37 56 58 43012.2 0 0
37 57 58 43016.4 0 0
35 60 58 43020.6 0 0
35 61 58 43024.8 0 0
34 71 58 43029.1 0 0
29 80 58 43033.2 0 0
28 88 58 43037.5 0 0
29 98 58 43041.7 0 0
28 102 58 43045.9 0 0
25 114 58 43050.2 0 0
29 122 58 43054.4 0 0
30 134 58 43058.6 0 0
31 135 58 43062.8 0 0
31 142 57 43069.9 0 0
30 141 58 43074.1 0 0
32 140 58 43078.4 0 0
31 140 58 43082.7 0 0
30 140 58 43086.9 0 0
33 139 58 43091.1 0 0
32 143 58 43095.3 0 0
30 141 57 43099.5 0 0
30 142 57 43103.7 0 0
30 146 57 43108 0 0
31 140 58 43112.2 0 0
29 137 58 43116.4 0 0
29 140 58 43120.6 0 0
31 139 58 43124.8 0 0
30 137 58 43129 0 0
32 139 58 43133.3 0 0
30 141 57 43137.5 0 0
32 137 58 43141.8 0 0
30 140 58 43146 0 0
32 139 58 43150.2 0 0
32 139 58 43154.4 0 0
31 137 58 43159.9 0 0
32 139 58 43164.1 0 0
30 138 58 43169.8 0 0
31 139 58 43174.1 0 0
31 140 58 43178.3 0 0
32 136 58 43182.5 0 0
31 138 58 43186.7 0 0
29 139 58 43190.9 0 0
30 139 58 43195.1 0 0
31 143 58 43199.3 0 0
30 141 57 43203.6 0 0
31 142 58 43207.8 0 0
32 146 58 43212 0 0
30 141 58 43216.2 0 0
29 141 58 43220.4 0 0
32 143 58 43224.6 0 0
31 142 58 43228.8 0 0
29 141 58 43233.1 0 0
29 143 58 43237.3 0 0
32 140 58 43241.5 0 0
29 141 58 43245.7 0 0
30 143 58 43249.9 0 0
27 145 58 43254.1 0 0
27 140 58 43258.3 0 0
27 146 57 43262.6 0 0
25 149 57 43266.8 0 0
25 148 58 43273.9 0 0
26 149 58 43278.1 0 0
26 147 58 43282.3 0 0
27 148 57 43286.5 0 0
26 151 58 43290.8 0 0
28 150 57 43295 0 0
26 153 58 43299.2 0 0
28 151 58 43303.4 0 0
24 146 58 43307.6 0 0
29 146 58 43311.8 0 0
25 147 58 43316 0 0
24 149 58 43320.2 0 0
23 155 57 43324.5 0 0
25 153 58 43328.7 0 0
27 153 58 43332.9 0 0
28 148 58 43337.1 0 0
23 148 58 43341.3 0 0
26 146 58 43345.5 0 0
24 149 58 43349.7 0 0
25 152 58 43354 0 0
26 153 58 43358.2 0 0
27 153 58 43362.4 0 0
24 152 58 43366.6 0 0
23 151 58 43370.8 0 0
29 150 58 43375.1 0 0
28 149 58 43382.1 0 0
26 150 57 43386.3 0 0
25 153 58 43390.5 0 0
24 152 58 43394.8 0 0
25 153 58 43399 0 0
24 152 57 43403.2 0 0
26 151 58 43407.4 0 0
23 155 57 43411.6 0 0
26 150 58 43415.8 0 0
24 147 58 43420 0 0
25 148 58 43424.2 0 0
27 146 57 43428.5 0 0
26 147 58 43432.7 0 0
26 145 58 43436.9 0 0
25 149 58 43441.1 0 0
26 154 58 43445.3 0 0
25 153 58 43449.5 0 0
26 156 58 43453.7 0 0
27 154 58 43457.9 0 0
23 151 58 43462.2 0 0
25 154 58 43466.4 0 0
27 152 58 43470.6 0 0
27 152 58 43474.8 0 0
27 152 58 43479 0 0
25 152 58 43483.2 0 0
25 147 58 43487.4 0 0
27 149 58 43491.7 0 0
28 154 57 43498.5 0 0
27 154 58 43502.7 0 0
26 152 57 43506.9 0 0
24 149 58 43511.2 0 0
26 149 58 43515.4 0 0
27 147 57 43519.6 0 0
25 148 58 43523.8 0 0
25 148 57 43528 0 0
26 148 58 43532.2 0 0
26 149 57 43536.5 0 0
26 146 58 43540.7 0 0
23 144 58 43544.9 0 0
26 155 58 43549.1 0 0
27 148 58 43553.4 0 0
26 152 58 43557.6 0 0
25 155 57 43561.8 0 0
26 153 58 43566 0 0
25 148 58 43570.2 0 0
26 148 58 43574.4 0 0
25 146 58 43578.6 0 0
25 147 58 43582.8 0 0
24 154 58 43587.1 0 0
28 152 57 43591.2 0 0
27 153 57 43595.4 0 0
26 148 58 43599.7 0 0
27 150 58 43603.9 0 0
24 149 58 43608.1 0 0
29 148 58 43612.3 0 0
25 146 58 43616.6 0 0
24 148 58 43623.3 0 0
26 147 57 43627.6 0 0
25 146 58 43631.8 0 0
24 148 58 43636.1 0 0
25 147 57 43640.3 0 0
27 153 58 43644.5 0 0
26 152 58 43648.7 0 0
25 149 58 43652.9 0 0
25 147 58 43657.1 0 0
26 146 57 43661.3 0 0
25 148 58 43665.6 0 0
25 148 58 43669.8 0 0
25 144 58 43674 0 0
25 147 58 43678.2 0 0
26 148 57 43682.4 0 0
25 144 58 43686.6 0 0
25 149 58 43690.8 0 0
27 145 58 43695.1 0 0
28 147 58 43699.3 0 0
25 148 58 43703.5 0 0
26 146 58 43707.7 0 0
27 148 58 43711.9 0 0
26 147 58 43716.1 0 0
28 147 58 43720.3 0 0
25 138 58 43724.6 0 0
24 130 58 43728.8 0 0
23 118 58 43733 0 0
24 108 58 43737.2 0 0
26 95 58 43741.4 0 0
23 90 58 43748.2 0 0
27 80 58 43752.4 0 0
26 79 58 43756.7 0 0
28 72 58 43760.9 0 0
28 71 58 43765.2 0 0
28 68 58 43769.4 0 0
29 63 58 43773.6 0 0
30 62 58 43777.8 0 0
26 64 58 43782 0 0
28 67 58 43786.2 0 0
28 65 58 43790.4 0 0
28 65 58 43794.7 0 0
29 62 58 43798.9 0 0
29 65 58 43803.1 0 0
28 62 58 43807.3 0 0
27 66 58 43811.5 0 0
27 64 58 43815.7 0 0
27 63 58 43819.9 0 0
26 63 58 43824.1 0 0
31 64 58 43828.4 0 0
30 62 58 43832.6 0 0
27 64 58 43836.8 0 0
27 64 58 43841 0 0
28 63 58 43845.2 0 0
30 64 58 43849.4 0 0
30 62 58 43853.6 0 0
28 63 58 43857.9 0 0
29 63 58 43862.1 0 0
27 64 58 43866.3 0 0
29 62 58 43873.1 0 0
29 64 58 43877.3 0 0
28 63 58 43881.6 0 0
30 64 58 43885.8 0 0
26 67 58 43890.1 0 0
27 66 58 43894.4 0 0
28 65 58 43898.6 0 0
28 65 58 43902.8 0 0
29 63 58 43907 0 0
27 64 58 43911.2 0 0
31 64 58 43915.4 0 0
28 64 58 43919.6 0 0
29 63 58 43923.9 0 0
30 64 58 43928.1 0 0
29 64 58 43932.3 0 0
31 64 58 43936.5 0 0
30 63 58 43940.7 0 0
30 63 58 43944.9 0 0
27 64 58 43949.1 0 0
29 64 58 43953.4 0 0
30 62 58 43957.6 0 0
29 64 58 43961.8 0 0
28 62 58 43966 0 0
28 63 58 43970.2 0 0
27 64 58 43974.4 0 0
28 65 58 43978.7 0 0
29 64 58 43985.7 0 0
30 65 58 43990 0 0
29 63 58 43994.2 0 0
30 63 58 43998.4 0 0
28 65 58 44002.6 0 0
30 64 58 44006.8 0 0
29 64 58 44011 0 0
27 65 58 44015.2 0 0
28 62 58 44019.5 0 0
28 65 58 44023.7 0 0
28 63 58 44027.9 0 0
30 62 58 44032.1 0 0
28 63 58 44036.3 0 0
31 62 58 44040.5 0 0
28 62 58 44044.8 0 0
27 64 58 44049 0 0
28 64 58 44053.2 0 0
