129 118 55 1011.14 0 0
128 117 55 1015.37 0 0
129 117 55 1019.59 0 0
129 117 55 1023.81 0 0
130 115 55 1028.04 0 0
130 118 55 1032.28 0 0
130 118 55 1036.49 0 0
131 115 55 1040.69 0 0
128 117 55 1044.9 0 0
130 116 55 1049.11 0 0
130 115 55 1053.33 0 0
128 116 55 1057.55 0 0
130 116 55 1061.82 0 0
128 115 55 1066.04 0 0
128 117 55 1070.24 0 0
128 116 55 1074.45 0 0
129 117 55 1078.66 0 0
128 115 55 1082.87 0 0
130 116 55 1087.09 0 0
129 116 55 1091.34 0 0
130 115 55 1095.57 0 0
129 117 55 1099.79 0 0
129 115 55 1104 0 0
130 114 55 1108.2 0 0
129 113 55 1112.41 0 0
129 115 55 1116.62 0 0
128 114 55 1120.84 0 0
129 115 55 1125.08 0 0
129 116 55 1129.31 0 0
129 116 55 1133.54 0 0
130 115 55 1137.74 0 0
128 116 55 1141.94 0 0
130 114 55 1146.15 0 0
130 115 55 1150.37 0 0
129 113 55 1154.61 0 0
129 114 55 1158.83 0 0
131 115 55 1163.04 0 0
129 115 55 1167.24 0 0
129 113 55 1171.45 0 0
129 115 55 1175.66 0 0
132 112 55 1179.87 0 0
128 120 56 1184.07 0 0
129 115 55 1188.28 0 0
131 114 55 1192.49 0 0
129 115 55 1196.7 0 0
129 115 55 1200.98 0 0
130 112 55 1205.22 0 0
129 115 55 1209.46 0 0
130 113 55 1213.68 0 0
129 113 55 1217.93 0 0
129 113 55 1222.15 0 0
131 114 55 1226.36 0 0
130 114 55 1230.56 0 0
128 113 55 1234.77 0 0
127 113 55 1239.02 0 0
127 114 55 1243.23 0 0
129 113 55 1247.48 0 0
129 113 55 1251.72 0 0
130 114 55 1255.94 0 0
130 119 56 1260.15 0 0
128 115 55 1264.35 0 0
129 112 55 1268.58 0 0
128 113 55 1272.86 0 0
128 114 55 1277.08 0 0
129 113 55 1281.83 0 0
130 114 55 1286.05 0 0
130 114 55 1290.25 0 0
127 121 56 1294.47 0 0
129 121 56 1298.67 0 0
129 115 55 1302.89 0 0
129 116 55 1307.1 0 0
130 116 55 1311.35 0 0
128 115 55 1315.57 0 0
130 114 55 1319.79 0 0
128 115 55 1324 0 0
129 116 55 1328.2 0 0
129 115 55 1332.41 0 0
130 115 55 1336.63 0 0
128 114 55 1340.85 0 0
128 115 55 1345.16 0 0
128 115 54 1349.38 0 0
131 115 54 1353.58 0 0
129 118 54 1357.8 0 0
130 116 54 1362 0 0
129 120 53 1366.21 0 0
130 118 54 1370.43 0 0
131 119 53 1374.65 0 0
130 117 53 1379.51 0 0
129 118 53 1383.73 0 0
128 117 53 1387.94 0 0
127 120 53 1392.14 0 0
128 119 52 1396.36 0 0
128 118 52 1400.59 0 0
128 119 52 1404.91 0 0
130 120 52 1409.14 0 0
128 121 51 1413.35 0 0
128 123 51 1417.56 0 0
129 121 51 1421.76 0 0
129 122 51 1425.96 0 0
127 120 51 1430.18 0 0
128 121 50 1434.39 0 0
128 122 50 1438.6 0 0
129 125 50 1442.82 0 0
128 123 50 1447.02 0 0
130 123 50 1451.22 0 0
128 123 49 1455.43 0 0
128 123 49 1459.66 0 0
129 124 49 1463.87 0 0
128 120 49 1468.11 0 0
128 121 49 1472.33 0 0
128 123 49 1476.54 0 0
130 125 48 1480.74 0 0
128 124 48 1484.95 0 0
127 121 48 1489.17 0 0
130 119 48 1493.49 0 0
128 124 48 1497.85 0 0
129 122 48 1502.09 0 0
127 119 47 1506.3 0 0
126 125 48 1510.5 0 0
129 122 47 1514.7 0 0
129 119 47 1518.9 0 0
129 121 47 1523.14 0 0
128 122 47 1527.35 0 0
127 121 47 1531.57 0 0
129 122 47 1535.8 0 0
128 120 47 1540 0 0
128 122 47 1544.2 0 0
129 120 46 1548.41 0 0
129 122 47 1552.61 0 0
127 120 46 1558.05 0 0
130 121 47 1562.29 0 0
128 122 46 1566.52 0 0
128 120 46 1570.73 0 0
129 119 46 1574.94 0 0
127 124 46 1579.14 0 0
128 121 46 1583.35 0 0
127 122 46 1587.57 0 0
129 119 46 1591.81 0 0
127 121 46 1596.05 0 0
129 122 46 1600.26 0 0
128 122 45 1604.46 0 0
128 121 46 1608.66 0 0
128 120 46 1612.86 0 0
127 123 46 1617.18 0 0
128 123 46 1621.4 0 0
127 120 45 1625.61 0 0
128 121 45 1629.87 0 0
129 120 45 1634.08 0 0
127 122 45 1638.28 0 0
127 121 45 1642.48 0 0
127 123 45 1646.71 0 0
126 120 45 1650.94 0 0
129 117 45 1655.17 0 0
127 119 45 1659.39 0 0
129 120 45 1663.6 0 0
129 121 45 1667.81 0 0
129 121 45 1672.01 0 0
129 121 45 1676.21 0 0
128 119 45 1680.43 0 0
128 120 45 1684.64 0 0
127 122 45 1688.86 0 0
125 120 45 1693.16 0 0
128 123 45 1697.43 0 0
127 120 45 1701.63 0 0
128 122 45 1705.83 0 0
130 121 46 1710.12 0 0
127 119 45 1714.37 0 0
128 120 45 1718.61 0 0
129 120 45 1722.84 0 0
128 118 45 1727.04 0 0
129 119 45 1731.25 0 0
129 120 45 1735.45 0 0
130 118 45 1739.67 0 0
128 121 45 1743.89 0 0
128 118 45 1748.16 0 0
127 119 45 1752.39 0 0
129 120 45 1756.6 0 0
127 117 45 1760.8 0 0
127 118 45 1765.01 0 0
128 118 45 1769.21 0 0
128 120 45 1773.44 0 0
126 118 45 1777.66 0 0
128 117 45 1781.88 0 0
129 119 45 1786.11 0 0
128 119 45 1790.31 0 0
128 118 45 1797.05 0 0
127 119 45 1801.34 0 0
127 119 45 1805.58 0 0
129 117 45 1809.83 0 0
128 119 45 1814.06 0 0
128 118 46 1818.28 0 0
126 121 46 1822.48 0 0
129 120 46 1826.68 0 0
129 117 46 1830.89 0 0
128 119 46 1835.11 0 0
126 119 45 1839.33 0 0
128 120 46 1843.56 0 0
127 121 46 1847.77 0 0
128 119 46 1851.98 0 0
128 120 46 1856.18 0 0
127 120 46 1860.39 0 0
129 118 46 1864.6 0 0
126 119 46 1868.81 0 0
128 120 46 1873.02 0 0
127 120 46 1877.27 0 0
128 121 46 1881.49 0 0
130 119 46 1885.7 0 0
127 122 46 1889.9 0 0
129 118 46 1894.1 0 0
127 121 46 1898.31 0 0
127 121 46 1902.53 0 0
128 120 46 1906.75 0 0
127 120 46 1910.97 0 0
127 120 46 1915.17 0 0
127 120 46 1919.38 0 0
125 118 46 1926.27 0 0
121 117 47 1930.48 0 0
119 113 47 1934.69 0 0
115 112 47 1938.93 0 0
114 108 47 1943.26 0 0
111 105 47 1947.47 0 0
108 106 46 1951.7 0 0
107 105 47 1955.9 0 0
110 104 47 1960.13 0 0
108 105 47 1964.4 0 0
109 106 47 1968.64 0 0
107 105 47 1972.86 0 0
110 105 47 1977.06 0 0
110 105 47 1981.3 0 0
109 105 47 1985.5 0 0
106 106 47 1989.74 0 0
107 107 47 1993.97 0 0
110 105 47 1998.22 0 0
108 104 48 2002.44 0 0
109 104 47 2006.66 0 0
111 104 48 2010.86 0 0
111 104 48 2015.07 0 0
108 104 47 2020.02 0 0
109 107 48 2024.25 0 0
110 104 48 2028.5 0 0
110 107 48 2032.73 0 0
108 107 48 2036.95 0 0
108 109 48 2041.15 0 0
108 106 48 2045.35 0 0
108 109 48 2049.55 0 0
109 105 48 2053.78 0 0
107 109 48 2058.01 0 0
109 105 48 2062.28 0 0
107 109 48 2066.52 0 0
109 107 48 2070.72 0 0
109 106 48 2074.92 0 0
108 108 48 2079.13 0 0
109 108 48 2083.34 0 0
109 106 48 2087.56 0 0
108 108 48 2091.81 0 0
109 107 48 2096.04 0 0
109 106 48 2100.26 0 0
109 107 49 2104.48 0 0
110 107 48 2108.68 0 0
109 105 48 2112.88 0 0
108 107 48 2117.61 0 0
110 106 49 2121.83 0 0
110 106 48 2126.08 0 0
109 105 48 2130.31 0 0
108 106 48 2134.52 0 0
111 105 48 2138.72 0 0
109 107 48 2142.92 0 0
109 107 49 2147.15 0 0
108 107 49 2151.37 0 0
107 107 49 2155.6 0 0
108 106 48 2159.83 0 0
107 109 49 2164.03 0 0
103 110 49 2168.23 0 0
98 115 49 2172.73 0 0
87 122 50 2176.94 0 0
80 128 49 2181.15 0 0
71 135 49 2185.35 0 0
63 139 49 2189.56 0 0
55 150 48 2193.84 0 0
45 160 48 2198.06 0 0
33 168 48 2202.27 0 0
23 173 47 2206.48 0 0
23 173 47 2210.71 0 0
23 173 47 2214.92 0 0
23 173 47 2219.15 0 0
23 173 47 2223.37 0 0
23 173 47 2227.59 0 0
23 173 47 2231.8 0 0
23 173 47 2236 0 0
23 173 47 2240.23 0 0
23 173 47 2244.45 0 0
23 173 47 2248.69 0 0
23 173 47 2252.93 0 0
23 173 47 2257.14 0 0
23 173 47 2261.34 0 0
23 173 47 2265.54 0 0
23 173 47 2269.74 0 0
23 173 47 2273.96 0 0
23 173 47 2278.17 0 0
23 173 47 2282.4 0 0
23 173 47 2286.61 0 0
23 173 47 2290.81 0 0
23 173 47 2295.02 0 0
25 173 47 2299.25 0 0
26 173 47 2303.46 0 0
31 173 47 2307.68 0 0
27 172 47 2311.91 0 0
32 175 47 2316.12 0 0
28 173 47 2320.33 0 0
29 173 47 2324.53 0 0
30 173 47 2328.75 0 0
27 180 48 2332.95 0 0
30 172 47 2337.17 0 0
29 173 47 2341.43 0 0
31 173 47 2345.66 0 0
31 173 47 2349.87 0 0
31 180 48 2354.07 0 0
27 172 47 2358.27 0 0
31 173 47 2362.47 0 0
29 172 47 2366.75 0 0
23 180 48 2370.96 0 0
30 168 47 2375.19 0 0
27 169 47 2379.5 0 0
29 168 47 2383.71 0 0
28 168 47 2387.91 0 0
29 168 47 2392.13 0 0
31 168 47 2396.34 0 0
27 175 48 2400.56 0 0
29 174 48 2404.79 0 0
29 175 48 2409.01 0 0
28 175 48 2413.22 0 0
32 175 48 2417.42 0 0
30 163 47 2421.63 0 0
30 171 48 2425.83 0 0
29 171 48 2430.05 0 0
27 173 48 2434.26 0 0
29 171 48 2438.48 0 0
29 171 48 2442.79 0 0
29 171 48 2447.01 0 0
30 170 48 2451.22 0 0
26 172 48 2455.43 0 0
26 169 48 2459.65 0 0
30 172 48 2463.86 0 0
28 172 48 2468.09 0 0
27 170 48 2472.32 0 0
30 170 48 2476.53 0 0
31 172 48 2480.77 0 0
30 169 48 2484.97 0 0
28 171 48 2489.19 0 0
27 170 48 2493.4 0 0
28 172 48 2497.65 0 0
30 169 48 2501.87 0 0
28 168 48 2506.08 0 0
29 169 48 2510.28 0 0
30 171 48 2514.49 0 0
32 170 48 2518.7 0 0
29 168 48 2522.93 0 0
29 172 48 2527.2 0 0
28 168 48 2531.44 0 0
31 170 48 2535.9 0 0
31 172 48 2540.12 0 0
34 169 48 2544.33 0 0
30 169 48 2548.53 0 0
30 169 48 2552.73 0 0
30 168 48 2556.95 0 0
30 172 48 2561.32 0 0
31 169 48 2565.54 0 0
29 168 48 2569.75 0 0
32 173 48 2573.96 0 0
32 169 48 2578.17 0 0
29 170 48 2582.37 0 0
30 171 48 2586.6 0 0
30 171 48 2590.84 0 0
29 171 48 2595.07 0 0
31 171 48 2599.28 0 0
30 170 48 2603.48 0 0
29 170 48 2607.68 0 0
32 167 48 2611.89 0 0
28 169 48 2616.11 0 0
30 168 48 2620.33 0 0
29 168 48 2624.55 0 0
30 167 48 2628.77 0 0
32 168 48 2632.98 0 0
32 168 48 2637.2 0 0
31 168 48 2641.4 0 0
33 169 48 2645.61 0 0
30 168 48 2649.83 0 0
32 161 47 2654.07 0 0
30 162 47 2658.31 0 0
32 168 48 2662.53 0 0
28 167 48 2666.73 0 0
31 169 48 2670.93 0 0
32 160 47 2675.14 0 0
29 170 48 2679.37 0 0
32 168 48 2683.57 0 0
28 169 48 2687.78 0 0
30 168 48 2692.02 0 0
34 164 47 2696.24 0 0
31 170 48 2700.47 0 0
32 165 47 2704.67 0 0
31 172 48 2708.94 0 0
32 170 48 2713.19 0 0
31 163 47 2717.51 0 0
29 172 48 2721.73 0 0
34 164 47 2725.94 0 0
29 172 48 2730.15 0 0
33 171 48 2734.37 0 0
30 171 48 2738.57 0 0
29 171 48 2742.79 0 0
33 173 48 2747.03 0 0
31 170 48 2751.27 0 0
30 171 48 2755.48 0 0
31 172 48 2759.69 0 0
31 170 48 2763.89 0 0
31 169 48 2768.09 0 0
27 170 48 2772.31 0 0
30 167 48 2776.53 0 0
32 168 48 2780.75 0 0
29 168 48 2784.97 0 0
34 167 48 2789.18 0 0
29 167 48 2793.38 0 0
31 169 48 2797.58 0 0
29 169 48 2801.79 0 0
29 169 48 2806.01 0 0
30 169 48 2810.25 0 0
30 169 48 2814.66 0 0
29 169 48 2818.87 0 0
27 167 48 2823.07 0 0
25 168 48 2827.27 0 0
27 167 48 2831.47 0 0
26 168 48 2835.7 0 0
25 168 48 2839.92 0 0
27 166 48 2844.15 0 0
29 165 48 2848.36 0 0
27 168 48 2852.58 0 0
28 166 48 2856.78 0 0
28 166 48 2860.98 0 0
27 167 48 2865.23 0 0
26 167 49 2870.99 0 0
28 168 48 2876.02 0 0
29 169 48 2880.26 0 0
28 166 48 2884.47 0 0
30 168 49 2888.68 0 0
28 166 48 2892.89 0 0
29 168 49 2897.12 0 0
28 166 48 2901.34 0 0
29 167 49 2905.58 0 0
30 166 49 2910.74 0 0
30 166 49 2914.94 0 0
27 165 49 2919.15 0 0
27 166 49 2923.37 0 0
30 167 49 2927.62 0 0
30 166 49 2931.91 0 0
29 167 49 2936.16 0 0
30 165 49 2940.38 0 0
29 165 49 2944.64 0 0
28 166 50 2948.85 0 0
27 165 49 2953.05 0 0
28 166 49 2957.25 0 0
28 165 49 2961.48 0 0
29 168 49 2965.71 0 0
29 165 49 2969.94 0 0
28 167 49 2974.17 0 0
30 165 49 2978.38 0 0
30 167 49 2982.58 0 0
31 165 49 2986.78 0 0
32 166 49 2991.02 0 0
30 166 49 2995.24 0 0
29 166 49 2999.47 0 0
25 166 49 3003.69 0 0
29 165 50 3007.9 0 0
28 167 49 3012.1 0 0
29 166 49 3016.31 0 0
31 165 49 3020.52 0 0
27 166 49 3024.74 0 0
30 165 50 3028.99 0 0
29 165 49 3033.22 0 0
28 167 50 3037.44 0 0
27 165 49 3041.66 0 0
32 165 49 3045.86 0 0
28 164 49 3050.07 0 0
28 164 50 3054.31 0 0
29 165 49 3058.52 0 0
26 165 49 3062.79 0 0
29 165 50 3067.01 0 0
30 165 50 3071.21 0 0
30 166 50 3075.41 0 0
31 164 50 3079.63 0 0
30 164 50 3083.88 0 0
30 166 49 3088.09 0 0
30 164 50 3092.33 0 0
31 166 50 3096.57 0 0
30 165 50 3100.77 0 0
31 163 50 3104.98 0 0
29 166 50 3109.19 0 0
30 165 50 3113.39 0 0
29 164 50 3117.65 0 0
30 166 50 3121.87 0 0
30 165 50 3126.12 0 0
29 164 50 3130.36 0 0
28 166 50 3134.57 0 0
28 168 50 3138.77 0 0
30 165 50 3142.98 0 0
30 164 50 3147.2 0 0
32 163 50 3154.23 0 0
28 166 50 3158.47 0 0
31 162 50 3162.69 0 0
29 164 50 3166.9 0 0
32 163 50 3171.1 0 0
31 162 50 3175.3 0 0
29 167 50 3179.51 0 0
32 164 50 3183.71 0 0
31 165 50 3188.27 0 0
28 165 50 3192.52 0 0
30 164 50 3196.75 0 0
29 165 50 3200.96 0 0
31 166 50 3205.17 0 0
26 165 50 3209.39 0 0
29 165 50 3213.61 0 0
29 164 50 3217.85 0 0
31 166 50 3222.08 0 0
30 165 50 3226.29 0 0
29 165 50 3233.14 0 0
28 164 50 3237.37 0 0
28 166 50 3241.6 0 0
33 165 50 3245.82 0 0
27 166 50 3250.05 0 0
30 165 50 3254.27 0 0
31 162 50 3258.47 0 0
31 165 50 3262.68 0 0
28 163 50 3266.88 0 0
29 164 50 3271.13 0 0
31 162 50 3275.44 0 0
30 165 50 3279.68 0 0
31 163 50 3283.9 0 0
29 166 50 3288.11 0 0
30 163 50 3292.32 0 0
30 165 50 3296.52 0 0
33 163 50 3300.73 0 0
32 166 50 3304.95 0 0
28 165 50 3309.28 0 0
30 166 50 3313.51 0 0
28 164 50 3317.73 0 0
28 164 50 3321.94 0 0
29 164 50 3328.79 0 0
28 163 50 3333.03 0 0
32 166 50 3337.28 0 0
34 162 50 3341.58 0 0
39 159 51 3345.81 0 0
50 148 51 3350.01 0 0
55 146 51 3354.22 0 0
60 140 51 3358.42 0 0
65 135 52 3362.62 0 0
67 127 52 3366.85 0 0
70 115 52 3371.07 0 0
73 107 52 3375.36 0 0
74 101 52 3379.59 0 0
76 92 51 3383.84 0 0
78 80 52 3388.04 0 0
81 74 52 3392.24 0 0
81 66 52 3396.47 0 0
84 58 52 3400.68 0 0
84 57 52 3404.94 0 0
83 59 52 3409.18 0 0
80 63 52 3413.4 0 0
80 64 52 3417.6 0 0
78 61 52 3421.8 0 0
81 61 52 3426.01 0 0
80 57 52 3430.23 0 0
81 59 52 3434.44 0 0
80 58 52 3438.66 0 0
80 58 52 3442.94 0 0
79 58 52 3447.2 0 0
80 59 52 3453.9 0 0
82 56 52 3458.14 0 0
81 59 52 3462.4 0 0
79 57 52 3466.64 0 0
82 59 52 3470.88 0 0
80 58 52 3475.1 0 0
80 59 52 3479.3 0 0
80 55 52 3483.5 0 0
79 59 52 3487.7 0 0
81 58 52 3491.93 0 0
80 60 52 3496.15 0 0
80 59 52 3500.38 0 0
81 56 52 3504.6 0 0
82 52 52 3508.82 0 0
81 47 52 3513.02 0 0
84 39 52 3517.23 0 0
85 29 52 3521.44 0 0
84 25 52 3525.68 0 0
83 21 52 3529.93 0 0
82 22 52 3534.17 0 0
84 7 52 3538.37 0 0
85 6 52 3542.58 0 0
84 8 52 3546.8 0 0
81 12 52 3551 0 0
81 10 52 3555.23 0 0
82 11 52 3559.46 0 0
81 12 52 3566.29 0 0
81 11 52 3570.54 0 0
83 11 52 3574.77 0 0
81 13 52 3579 0 0
83 13 52 3583.27 0 0
83 11 52 3587.49 0 0
83 15 52 3591.73 0 0
82 14 52 3595.96 0 0
82 15 52 3600.17 0 0
83 14 52 3604.37 0 0
82 15 52 3608.57 0 0
82 15 52 3612.78 0 0
82 16 52 3617 0 0
84 13 52 3621.23 0 0
83 16 52 3625.48 0 0
84 14 51 3629.72 0 0
83 19 52 3633.94 0 0
82 16 52 3638.14 0 0
83 17 52 3642.35 0 0
81 22 52 3646.56 0 0
82 21 51 3650.77 0 0
83 22 51 3655 0 0
81 22 51 3659.23 0 0
82 22 52 3663.43 0 0
82 21 51 3667.65 0 0
83 21 52 3671.85 0 0
83 23 52 3676.05 0 0
82 21 51 3683.15 0 0
83 18 51 3687.37 0 0
84 22 51 3691.58 0 0
83 21 51 3695.87 0 0
83 22 51 3700.09 0 0
83 23 51 3704.29 0 0
83 21 51 3708.5 0 0
82 22 51 3712.75 0 0
83 23 51 3717.01 0 0
82 24 51 3721.25 0 0
81 23 51 3725.46 0 0
82 22 51 3729.67 0 0
83 23 51 3733.87 0 0
83 25 51 3738.08 0 0
82 23 51 3742.31 0 0
82 26 51 3746.52 0 0
81 24 51 3750.75 0 0
82 24 50 3754.96 0 0
83 23 50 3759.2 0 0
82 23 51 3763.4 0 0
82 25 50 3767.6 0 0
81 24 51 3771.81 0 0
84 23 51 3776.03 0 0
84 23 51 3780.26 0 0
82 23 50 3785.68 0 0
81 25 50 3789.89 0 0
81 23 51 3794.09 0 0
81 25 51 3798.29 0 0
81 24 50 3802.5 0 0
82 24 50 3806.73 0 0
80 26 50 3810.98 0 0
82 25 50 3815.25 0 0
82 25 50 3819.46 0 0
83 24 50 3823.68 0 0
83 24 50 3827.88 0 0
83 23 50 3832.08 0 0
82 24 50 3836.3 0 0
82 23 50 3840.53 0 0
83 23 50 3844.76 0 0
83 22 50 3848.97 0 0
83 24 50 3853.17 0 0
82 23 50 3857.38 0 0
86 21 50 3861.58 0 0
86 23 50 3865.78 0 0
81 23 50 3870.01 0 0
83 21 50 3874.23 0 0
85 23 50 3878.46 0 0
87 20 50 3882.67 0 0
82 23 50 3886.88 0 0
85 20 50 3891.07 0 0
83 19 49 3895.34 0 0
83 22 49 3899.56 0 0
83 23 50 3903.82 0 0
81 24 49 3908.05 0 0
83 22 49 3912.29 0 0
83 21 49 3916.5 0 0
83 23 50 3920.7 0 0
84 22 49 3924.91 0 0
83 22 50 3929.14 0 0
83 22 50 3933.35 0 0
84 20 50 3938.33 0 0
84 22 50 3942.6 0 0
84 23 50 3946.83 0 0
84 23 49 3951.04 0 0
85 23 50 3955.24 0 0
83 22 49 3959.47 0 0
83 23 50 3963.7 0 0
83 23 49 3967.94 0 0
83 23 49 3972.16 0 0
84 23 49 3976.36 0 0
83 23 49 3980.57 0 0
84 22 50 3984.77 0 0
83 21 50 3988.99 0 0
84 20 50 3993.2 0 0
86 20 50 3997.44 0 0
84 20 49 4001.69 0 0
85 18 49 4005.9 0 0
84 20 49 4010.1 0 0
83 21 49 4014.31 0 0
85 21 50 4018.51 0 0
84 21 49 4022.79 0 0
84 19 49 4027.01 0 0
85 20 49 4031.32 0 0
86 19 49 4035.53 0 0
84 19 49 4039.75 0 0
85 21 50 4043.96 0 0
84 20 50 4048.16 0 0
84 21 50 4052.37 0 0
85 22 50 4056.6 0 0
85 20 49 4060.87 0 0
83 19 50 4065.1 0 0
85 19 50 4069.31 0 0
84 20 49 4073.53 0 0
84 22 50 4077.74 0 0
85 20 50 4081.94 0 0
84 21 50 4086.17 0 0
84 21 50 4090.41 0 0
84 21 50 4094.66 0 0
84 22 49 4098.88 0 0
84 22 50 4103.08 0 0
84 20 49 4107.28 0 0
83 21 50 4111.49 0 0
88 19 50 4115.7 0 0
91 20 51 4119.99 0 0
96 20 51 4124.38 0 0
101 19 51 4128.63 0 0
103 19 51 4132.86 0 0
106 17 51 4137.07 0 0
108 19 51 4141.29 0 0
110 19 51 4145.54 0 0
109 19 51 4149.75 0 0
106 20 51 4154 0 0
106 19 50 4158.23 0 0
107 21 51 4162.45 0 0
107 21 50 4166.65 0 0
109 21 50 4170.85 0 0
108 20 51 4175.07 0 0
109 21 51 4179.29 0 0
107 22 51 4183.52 0 0
105 22 51 4187.92 0 0
108 21 50 4192.19 0 0
108 18 51 4196.44 0 0
107 18 51 4200.64 0 0
108 20 51 4204.84 0 0
108 19 51 4209.05 0 0
108 19 51 4213.28 0 0
109 20 51 4217.52 0 0
109 19 51 4221.75 0 0
108 19 51 4225.97 0 0
110 18 51 4230.18 0 0
110 19 51 4234.38 0 0
110 18 51 4238.58 0 0
110 20 51 4242.83 0 0
108 19 51 4247.14 0 0
109 20 51 4251.39 0 0
109 18 51 4255.61 0 0
109 18 51 4259.81 0 0
109 19 50 4264.01 0 0
112 21 51 4268.21 0 0
120 25 52 4272.49 0 0
129 28 53 4276.71 0 0
138 28 53 4280.94 0 0
148 32 53 4285.17 0 0
155 34 53 4289.38 0 0
160 34 53 4293.58 0 0
171 35 53 4297.79 0 0
177 37 52 4302.01 0 0
182 39 52 4306.23 0 0
183 38 52 4310.48 0 0
182 38 52 4314.72 0 0
181 37 52 4318.99 0 0
178 38 52 4323.19 0 0
178 37 52 4327.4 0 0
179 38 52 4331.6 0 0
180 39 52 4335.83 0 0
179 38 52 4340.04 0 0
179 40 52 4344.27 0 0
180 39 52 4348.48 0 0
180 37 52 4352.7 0 0
180 38 52 4356.9 0 0
181 40 51 4361.11 0 0
179 39 52 4365.33 0 0
181 38 52 4369.55 0 0
181 38 52 4373.77 0 0
178 38 52 4377.99 0 0
180 38 52 4382.22 0 0
180 38 52 4386.42 0 0
181 40 52 4390.63 0 0
181 39 52 4394.83 0 0
180 37 52 4399.05 0 0
180 39 52 4403.28 0 0
179 39 52 4407.55 0 0
180 41 52 4411.76 0 0
182 39 51 4415.96 0 0
180 38 52 4420.17 0 0
181 40 51 4424.37 0 0
180 38 52 4428.58 0 0
181 39 52 4432.78 0 0
180 40 52 4437.03 0 0
179 38 52 4441.28 0 0
181 39 52 4445.52 0 0
182 41 52 4449.76 0 0
182 40 52 4453.96 0 0
179 41 52 4458.19 0 0
182 40 52 4462.42 0 0
181 41 52 4466.87 0 0
181 42 51 4471.1 0 0
178 39 52 4475.32 0 0
181 42 52 4479.52 0 0
181 41 52 4483.72 0 0
180 43 52 4487.93 0 0
180 40 52 4492.15 0 0
180 39 52 4496.37 0 0
180 40 52 4500.6 0 0
180 40 52 4504.84 0 0
180 40 52 4509.05 0 0
182 40 52 4513.25 0 0
180 39 51 4517.45 0 0
182 40 51 4521.67 0 0
180 40 52 4525.88 0 0
179 40 52 4530.12 0 0
181 40 52 4534.34 0 0
181 40 52 4538.55 0 0
179 42 52 4542.75 0 0
181 42 51 4546.97 0 0
180 43 52 4551.18 0 0
181 42 52 4555.42 0 0
180 42 52 4559.65 0 0
182 42 52 4563.87 0 0
178 41 51 4568.09 0 0
180 42 52 4572.29 0 0
178 39 52 4576.49 0 0
181 44 52 4580.69 0 0
181 40 51 4584.92 0 0
181 44 52 4589.15 0 0
180 42 52 4593.38 0 0
180 40 51 4597.6 0 0
180 40 51 4601.8 0 0
180 41 52 4606.01 0 0
181 42 51 4610.21 0 0
179 39 51 4614.43 0 0
179 42 51 4618.85 0 0
172 45 52 4623.06 0 0
162 58 52 4627.3 0 0
154 67 53 4631.51 0 0
144 79 52 4635.72 0 0
139 97 52 4639.93 0 0
131 105 51 4644.14 0 0
130 115 51 4651.04 0 0
126 123 51 4655.32 0 0
125 137 51 4659.54 0 0
127 141 51 4663.77 0 0
124 141 51 4667.97 0 0
125 140 51 4672.17 0 0
125 135 51 4676.4 0 0
126 139 52 4680.62 0 0
124 137 51 4684.83 0 0
126 142 51 4689.09 0 0
125 141 51 4693.36 0 0
124 139 51 4697.58 0 0
124 143 51 4701.78 0 0
124 140 51 4706 0 0
125 140 51 4710.23 0 0
124 138 51 4714.49 0 0
124 138 51 4718.73 0 0
122 139 51 4722.95 0 0
124 138 51 4727.16 0 0
123 140 51 4731.37 0 0
125 140 51 4735.57 0 0
125 138 51 4739.8 0 0
122 141 51 4744.01 0 0
124 139 51 4748.28 0 0
123 142 51 4752.51 0 0
123 140 51 4756.72 0 0
126 142 51 4760.93 0 0
124 141 51 4765.13 0 0
123 141 51 4769.33 0 0
124 139 51 4773.58 0 0
123 141 51 4777.83 0 0
124 141 51 4782.06 0 0
123 141 51 4786.26 0 0
124 136 51 4790.47 0 0
125 142 51 4794.68 0 0
123 138 51 4798.89 0 0
122 140 51 4803.11 0 0
123 137 51 4807.37 0 0
124 139 51 4811.6 0 0
122 143 51 4815.82 0 0
125 140 51 4820.03 0 0
123 143 51 4824.24 0 0
122 140 51 4828.55 0 0
124 139 51 4832.76 0 0
125 144 51 4836.99 0 0
124 145 51 4841.21 0 0
126 148 51 4845.43 0 0
127 154 51 4849.65 0 0
129 158 51 4853.85 0 0
127 156 51 4858.05 0 0
127 155 51 4862.27 0 0
126 153 51 4866.56 0 0
127 155 51 4870.79 0 0
126 156 51 4875.04 0 0
125 156 51 4879.27 0 0
128 158 51 4883.48 0 0
126 156 51 4887.68 0 0
127 155 51 4891.88 0 0
126 157 51 4896.1 0 0
125 156 51 4900.34 0 0
126 155 51 4904.63 0 0
126 156 51 4908.85 0 0
127 155 51 4913.06 0 0
128 154 51 4917.27 0 0
126 155 51 4921.47 0 0
128 155 51 4925.67 0 0
126 154 51 4929.93 0 0
125 155 51 4934.16 0 0
128 155 51 4938.54 0 0
126 157 51 4942.88 0 0
126 160 51 4947.12 0 0
128 158 51 4951.32 0 0
125 155 51 4955.57 0 0
126 157 51 4959.79 0 0
126 156 51 4964 0 0
126 156 51 4968.24 0 0
129 156 51 4972.46 0 0
126 156 51 4976.67 0 0
127 155 51 4980.88 0 0
127 155 51 4985.09 0 0
127 158 51 4989.32 0 0
124 156 51 4993.53 0 0
127 157 52 4997.77 0 0
126 155 51 5001.99 0 0
126 157 51 5006.21 0 0
128 157 51 5010.42 0 0
126 156 51 5014.62 0 0
126 156 51 5018.82 0 0
128 155 51 5023.06 0 0
126 157 51 5027.27 0 0
128 155 51 5031.5 0 0
127 157 51 5035.72 0 0
127 157 51 5039.92 0 0
127 156 51 5044.13 0 0
125 157 51 5048.33 0 0
128 155 51 5052.58 0 0
127 156 51 5056.83 0 0
127 158 51 5061.08 0 0
127 155 51 5065.3 0 0
128 156 51 5069.51 0 0
127 156 52 5073.72 0 0
128 155 51 5077.92 0 0
127 157 51 5082.12 0 0
128 155 52 5086.34 0 0
129 157 51 5090.57 0 0
128 156 51 5094.81 0 0
127 156 52 5099.01 0 0
126 155 51 5103.23 0 0
129 155 52 5107.44 0 0
128 152 52 5111.64 0 0
129 144 52 5115.85 0 0
130 138 52 5120.17 0 0
130 135 52 5124.57 0 0
128 131 52 5128.79 0 0
129 127 52 5133 0 0
128 130 51 5137.21 0 0
130 130 52 5141.42 0 0
128 130 52 5148.21 0 0
129 133 52 5152.47 0 0
127 132 52 5157.12 0 0
130 129 52 5161.34 0 0
126 132 52 5165.56 0 0
128 132 52 5169.76 0 0
129 133 52 5173.97 0 0
129 133 52 5178.19 0 0
129 131 52 5182.4 0 0
130 134 52 5186.62 0 0
128 132 52 5190.87 0 0
129 134 52 5195.23 0 0
128 132 52 5199.44 0 0
126 133 52 5203.65 0 0
129 133 52 5207.89 0 0
128 132 52 5214.87 0 0
129 131 52 5219.13 0 0
129 130 52 5223.34 0 0
129 134 52 5227.55 0 0
128 132 52 5231.76 0 0
130 131 52 5235.99 0 0
127 132 51 5240.25 0 0
129 134 51 5244.51 0 0
130 133 52 5248.82 0 0
131 132 51 5253.05 0 0
128 135 52 5257.25 0 0
128 133 52 5261.46 0 0
127 135 52 5265.66 0 0
128 133 51 5269.87 0 0
129 134 52 5274.1 0 0
129 132 52 5278.31 0 0
126 136 52 5282.72 0 0
128 134 52 5286.92 0 0
127 132 52 5294.04 0 0
130 131 52 5298.24 0 0
129 128 52 5302.47 0 0
131 124 52 5306.71 0 0
129 121 52 5310.98 0 0
131 119 52 5315.22 0 0
128 118 52 5319.43 0 0
129 119 52 5323.64 0 0
129 121 52 5327.84 0 0
129 120 51 5332.05 0 0
128 121 52 5336.28 0 0
128 123 52 5340.52 0 0
131 121 52 5344.76 0 0
128 123 52 5348.98 0 0
130 119 52 5353.18 0 0
129 125 52 5357.38 0 0
130 121 52 5361.59 0 0
129 122 52 5365.81 0 0
129 123 52 5370.02 0 0
129 123 52 5374.28 0 0
128 121 52 5378.51 0 0
129 124 52 5385.48 0 0
127 123 52 5393.73 0 0
127 122 52 5402.2 0 0
127 122 52 5410.44 0 0
127 122 52 5418.91 0 0
128 124 52 5426.29 0 0
131 124 52 5430.5 0 0
129 121 52 5435.42 0 0
128 122 52 5439.66 0 0
128 122 52 5443.94 0 0
128 121 52 5448.16 0 0
130 121 52 5452.37 0 0
130 120 52 5456.57 0 0
129 123 52 5460.79 0 0
129 122 52 5465 0 0
129 121 52 5469.46 0 0
130 123 52 5473.7 0 0
128 122 52 5477.92 0 0
128 121 52 5482.13 0 0
129 121 52 5486.34 0 0
128 122 52 5490.56 0 0
128 120 52 5494.78 0 0
126 122 52 5499.01 0 0
127 121 52 5503.24 0 0
129 119 52 5507.44 0 0
129 121 52 5511.64 0 0
129 121 52 5515.86 0 0
128 121 52 5520.1 0 0
128 118 52 5524.31 0 0
128 121 52 5531.08 0 0
129 120 52 5535.34 0 0
129 123 52 5539.56 0 0
127 121 52 5543.76 0 0
130 120 52 5547.96 0 0
127 121 52 5552.19 0 0
128 119 52 5556.45 0 0
129 120 52 5560.82 0 0
128 120 52 5565.06 0 0
128 119 52 5569.27 0 0
129 122 52 5573.48 0 0
126 120 53 5577.68 0 0
130 121 52 5581.88 0 0
129 120 52 5586.11 0 0
127 122 52 5590.33 0 0
129 121 52 5594.55 0 0
129 118 52 5598.77 0 0
129 118 52 5602.97 0 0
128 119 52 5607.17 0 0
127 117 52 5611.38 0 0
127 121 52 5615.58 0 0
127 120 52 5619.8 0 0
130 120 52 5624.03 0 0
128 121 52 5628.26 0 0
127 119 52 5632.47 0 0
127 120 52 5636.67 0 0
133 120 53 5640.96 0 0
137 115 53 5647.71 0 0
142 114 53 5651.96 0 0
149 105 53 5656.75 0 0
153 98 53 5660.97 0 0
157 96 53 5665.18 0 0
161 87 53 5669.38 0 0
166 80 53 5673.58 0 0
173 70 53 5677.79 0 0
176 63 53 5682.03 0 0
178 58 52 5686.24 0 0
179 53 53 5690.48 0 0
179 52 53 5694.7 0 0
179 53 53 5698.91 0 0
178 55 53 5703.11 0 0
176 54 52 5707.31 0 0
175 53 53 5711.64 0 0
178 55 53 5715.86 0 0
176 55 52 5722.64 0 0
176 54 53 5726.88 0 0
177 54 53 5731.11 0 0
176 53 53 5735.35 0 0
175 53 53 5739.59 0 0
177 54 53 5743.81 0 0
177 55 52 5748.06 0 0
177 53 53 5752.29 0 0
177 56 52 5756.5 0 0
178 53 52 5760.72 0 0
177 53 52 5764.92 0 0
176 55 53 5769.12 0 0
179 52 53 5773.34 0 0
177 54 53 5777.55 0 0
178 53 53 5781.78 0 0
178 53 53 5786 0 0
177 53 53 5790.21 0 0
177 54 52 5794.42 0 0
177 55 53 5798.63 0 0
178 53 53 5802.85 0 0
177 54 53 5807.06 0 0
179 51 53 5811.3 0 0
176 53 53 5815.52 0 0
178 52 52 5819.73 0 0
177 55 53 5823.94 0 0
177 55 53 5828.14 0 0
176 54 53 5832.55 0 0
180 51 53 5836.77 0 0
184 48 53 5841.01 0 0
185 42 53 5845.24 0 0
187 42 53 5849.45 0 0
185 39 53 5853.65 0 0
185 37 53 5857.86 0 0
184 41 53 5862.06 0 0
184 40 53 5866.28 0 0
182 42 53 5870.51 0 0
183 41 53 5874.75 0 0
181 41 53 5878.99 0 0
183 42 53 5883.21 0 0
183 43 53 5887.41 0 0
182 41 53 5891.61 0 0
183 42 53 5895.83 0 0
184 41 53 5900.04 0 0
183 41 53 5904.28 0 0
183 41 53 5908.5 0 0
183 41 53 5912.73 0 0
183 41 53 5916.93 0 0
183 42 53 5921.13 0 0
184 41 53 5925.33 0 0
182 41 53 5929.62 0 0
182 41 53 5933.84 0 0
183 40 53 5938.06 0 0
183 42 53 5942.38 0 0
182 41 53 5946.59 0 0
185 42 53 5950.8 0 0
183 39 53 5955 0 0
182 41 53 5959.23 0 0
183 42 53 5963.44 0 0
183 43 53 5967.68 0 0
182 41 53 5971.91 0 0
181 41 53 5976.12 0 0
181 42 53 5980.33 0 0
182 42 54 5984.54 0 0
185 42 53 5988.74 0 0
182 41 53 5992.96 0 0
181 42 53 5997.2 0 0
183 42 53 6001.42 0 0
182 42 53 6005.64 0 0
183 40 53 6009.84 0 0
184 44 53 6014.04 0 0
185 40 53 6018.24 0 0
184 43 53 6022.48 0 0
183 40 53 6026.69 0 0
184 40 53 6030.92 0 0
184 42 53 6035.14 0 0
183 41 53 6039.37 0 0
183 41 53 6043.57 0 0
185 43 53 6047.79 0 0
185 44 53 6052 0 0
184 42 53 6056.22 0 0
182 43 53 6060.5 0 0
184 41 53 6064.73 0 0
183 41 53 6068.94 0 0
183 41 53 6073.16 0 0
184 41 53 6077.36 0 0
183 42 53 6081.56 0 0
185 43 53 6085.79 0 0
182 42 53 6090.01 0 0
184 42 53 6094.38 0 0
183 42 53 6098.6 0 0
183 44 53 6102.81 0 0
184 41 53 6107.01 0 0
186 43 53 6111.22 0 0
184 41 53 6115.43 0 0
183 40 53 6119.65 0 0
183 40 53 6123.89 0 0
185 44 53 6128.11 0 0
183 39 53 6132.34 0 0
182 41 53 6136.55 0 0
183 42 52 6140.77 0 0
183 40 53 6144.97 0 0
183 40 53 6149.19 0 0
183 38 52 6153.42 0 0
183 41 53 6157.65 0 0
184 39 53 6161.86 0 0
183 39 53 6166.06 0 0
183 40 52 6170.26 0 0
182 39 53 6174.46 0 0
182 40 53 6178.69 0 0
183 39 53 6182.9 0 0
184 39 53 6187.12 0 0
181 40 53 6191.38 0 0
185 39 53 6195.63 0 0
184 41 52 6199.84 0 0
182 39 52 6204.05 0 0
183 38 52 6208.25 0 0
185 41 52 6212.48 0 0
184 40 52 6216.75 0 0
183 40 52 6220.98 0 0
182 41 53 6225.19 0 0
185 43 53 6229.41 0 0
183 39 52 6233.62 0 0
185 40 52 6237.82 0 0
184 41 52 6242.06 0 0
184 39 52 6246.27 0 0
182 40 52 6250.8 0 0
184 41 52 6255.03 0 0
184 42 52 6259.24 0 0
181 41 52 6263.44 0 0
183 40 52 6267.65 0 0
184 41 52 6271.87 0 0
184 43 52 6276.09 0 0
183 40 52 6280.32 0 0
183 42 52 6284.57 0 0
184 41 52 6288.78 0 0
184 40 52 6292.99 0 0
185 40 52 6297.19 0 0
184 41 52 6301.46 0 0
185 41 52 6305.69 0 0
184 39 52 6309.93 0 0
184 41 52 6314.15 0 0
184 41 52 6318.39 0 0
181 41 52 6322.59 0 0
184 41 52 6326.8 0 0
182 40 52 6331 0 0
183 41 53 6335.24 0 0
184 39 52 6339.45 0 0
183 42 52 6343.67 0 0
182 40 52 6347.89 0 0
180 40 52 6352.1 0 0
184 41 52 6356.3 0 0
186 39 52 6360.5 0 0
181 41 53 6364.74 0 0
183 41 52 6368.95 0 0
183 42 52 6373.17 0 0
185 40 53 6377.4 0 0
184 39 52 6381.61 0 0
181 40 52 6385.81 0 0
182 41 52 6390.01 0 0
182 38 52 6394.21 0 0
182 39 52 6398.45 0 0
184 38 52 6402.67 0 0
183 39 52 6406.91 0 0
183 41 53 6411.13 0 0
180 39 52 6415.33 0 0
181 39 53 6419.54 0 0
182 37 52 6423.74 0 0
182 39 52 6427.96 0 0
182 39 53 6432.17 0 0
184 39 53 6436.38 0 0
183 38 52 6440.77 0 0
182 38 52 6444.99 0 0
184 39 53 6449.2 0 0
183 40 53 6453.41 0 0
184 40 53 6457.64 0 0
182 39 52 6461.85 0 0
183 38 53 6466.09 0 0
184 39 53 6470.32 0 0
183 40 52 6474.55 0 0
183 40 52 6478.75 0 0
184 39 53 6482.95 0 0
183 39 52 6487.15 0 0
183 42 52 6491.38 0 0
182 39 53 6495.58 0 0
183 41 53 6499.78 0 0
183 39 53 6503.98 0 0
183 39 52 6508.21 0 0
183 40 53 6512.44 0 0
183 40 52 6516.85 0 0
182 37 53 6521.07 0 0
181 39 52 6525.28 0 0
183 36 53 6529.52 0 0
185 38 53 6533.75 0 0
183 39 53 6537.95 0 0
185 37 53 6542.16 0 0
183 39 53 6546.4 0 0
183 39 52 6550.6 0 0
182 38 53 6554.83 0 0
183 40 52 6559.04 0 0
181 42 53 6563.3 0 0
183 41 53 6567.51 0 0
187 44 53 6571.71 0 0
191 49 53 6575.93 0 0
198 59 52 6580.14 0 0
205 71 52 6584.35 0 0
213 89 52 6588.57 0 0
218 101 51 6592.8 0 0
223 114 51 6597.03 0 0
227 126 50 6601.23 0 0
226 134 50 6605.43 0 0
228 147 50 6609.69 0 0
229 157 50 6613.94 0 0
233 163 50 6618.16 0 0
231 168 50 6622.38 0 0
231 171 50 6627.2 0 0
231 176 50 6631.42 0 0
232 174 50 6635.62 0 0
233 174 51 6639.82 0 0
231 174 50 6648.41 0 0
235 174 50 6652.68 0 0
232 170 50 6656.91 0 0
230 168 51 6661.13 0 0
232 170 51 6665.33 0 0
233 168 50 6669.53 0 0
230 172 51 6673.73 0 0
233 171 51 6677.94 0 0
231 171 51 6682.15 0 0
233 172 50 6686.36 0 0
230 171 51 6690.6 0 0
230 165 51 6694.82 0 0
231 167 50 6699.03 0 0
232 165 51 6703.23 0 0
229 166 50 6707.43 0 0
233 167 51 6711.73 0 0
231 165 51 6715.98 0 0
232 168 51 6720.2 0 0
231 167 51 6724.45 0 0
231 165 51 6728.66 0 0
232 166 51 6732.87 0 0
231 165 51 6737.07 0 0
234 164 51 6741.28 0 0
230 164 51 6745.48 0 0
231 164 51 6749.69 0 0
230 163 51 6753.89 0 0
230 165 51 6758.14 0 0
230 163 51 6762.38 0 0
231 167 51 6766.6 0 0
231 163 51 6770.82 0 0
232 165 51 6775.04 0 0
232 166 51 6779.29 0 0
233 166 51 6783.52 0 0
230 166 51 6787.72 0 0
232 166 51 6791.92 0 0
231 166 51 6796.12 0 0
233 166 51 6800.32 0 0
230 166 51 6804.66 0 0
231 168 51 6808.88 0 0
232 167 51 6813.19 0 0
232 167 51 6817.4 0 0
231 167 51 6821.6 0 0
231 167 51 6825.8 0 0
232 168 51 6830.04 0 0
231 168 51 6834.3 0 0
233 166 51 6838.54 0 0
233 163 51 6842.77 0 0
232 157 51 6847.01 0 0
234 160 51 6851.22 0 0
233 158 51 6855.43 0 0
230 158 51 6859.99 0 0
230 160 50 6864.27 0 0
232 161 51 6868.5 0 0
234 161 51 6872.73 0 0
229 160 51 6876.97 0 0
233 160 51 6881.18 0 0
232 162 51 6885.39 0 0
233 162 51 6889.59 0 0
231 159 51 6893.8 0 0
233 160 51 6898.02 0 0
232 161 51 6902.24 0 0
232 162 50 6906.46 0 0
232 162 51 6913.2 0 0
232 162 51 6917.43 0 0
232 162 50 6921.67 0 0
233 160 51 6925.87 0 0
231 161 50 6930.13 0 0
232 162 51 6934.34 0 0
231 161 50 6938.55 0 0
231 161 51 6942.82 0 0
232 162 50 6947.03 0 0
231 160 50 6951.25 0 0
231 163 51 6955.46 0 0
234 162 50 6959.68 0 0
231 162 50 6963.91 0 0
233 163 50 6968.15 0 0
234 162 50 6972.37 0 0
232 161 51 6976.58 0 0
232 162 50 6980.78 0 0
233 162 50 6984.98 0 0
231 163 50 6989.23 0 0
233 162 50 6993.44 0 0
231 163 50 6997.65 0 0
233 162 50 7001.85 0 0
233 163 50 7006.08 0 0
234 164 50 7010.29 0 0
234 164 50 7014.53 0 0
231 159 50 7020.05 0 0
230 160 50 7024.27 0 0
232 159 50 7028.5 0 0
231 159 50 7032.76 0 0
233 160 50 7036.99 0 0
230 157 50 7041.19 0 0
232 159 50 7045.39 0 0
231 157 50 7049.59 0 0
232 159 50 7053.81 0 0
231 159 50 7058.03 0 0
232 160 50 7062.26 0 0
231 160 50 7066.5 0 0
232 160 50 7070.71 0 0
233 159 50 7074.91 0 0
234 160 50 7079.11 0 0
233 160 50 7083.33 0 0
234 159 50 7087.58 0 0
230 161 50 7091.91 0 0
232 160 50 7096.13 0 0
232 162 50 7100.36 0 0
234 159 50 7104.56 0 0
232 160 50 7108.76 0 0
231 158 50 7112.99 0 0
230 158 50 7117.61 0 0
230 158 50 7121.82 0 0
230 158 50 7126.06 0 0
230 158 50 7130.28 0 0
230 158 50 7134.48 0 0
232 158 50 7138.68 0 0
233 160 50 7142.89 0 0
232 160 50 7147.11 0 0
231 160 50 7151.33 0 0
232 161 50 7155.57 0 0
232 161 50 7159.79 0 0
232 161 50 7164 0 0
231 162 50 7168.21 0 0
232 162 50 7172.41 0 0
231 161 50 7176.63 0 0
234 162 50 7180.84 0 0
231 160 50 7185.05 0 0
234 162 50 7189.28 0 0
231 161 50 7193.54 0 0
233 162 50 7197.76 0 0
232 161 50 7201.96 0 0
233 162 50 7206.16 0 0
232 162 50 7210.39 0 0
232 161 50 7214.61 0 0
234 160 50 7218.85 0 0
234 162 50 7223.12 0 0
233 159 50 7227.34 0 0
233 161 50 7231.54 0 0
232 159 50 7235.74 0 0
232 160 50 7239.96 0 0
232 160 50 7244.17 0 0
234 161 50 7248.37 0 0
231 157 50 7252.57 0 0
233 159 50 7256.79 0 0
232 160 50 7261.01 0 0
230 158 50 7265.23 0 0
231 159 50 7269.46 0 0
231 160 50 7273.68 0 0
231 165 50 7277.89 0 0
232 163 50 7282.43 0 0
233 163 50 7286.64 0 0
232 164 50 7290.84 0 0
233 162 50 7295.04 0 0
232 159 50 7299.24 0 0
231 157 50 7303.47 0 0
232 159 50 7307.77 0 0
232 158 50 7312.02 0 0
233 158 50 7316.25 0 0
232 158 50 7320.45 0 0
231 159 50 7324.66 0 0
230 156 50 7328.86 0 0
232 158 51 7333.07 0 0
232 159 50 7337.29 0 0
231 158 51 7341.55 0 0
232 158 50 7345.78 0 0
230 158 50 7350.01 0 0
231 159 50 7354.21 0 0
232 157 50 7358.41 0 0
232 159 50 7362.61 0 0
233 158 51 7366.83 0 0
232 158 51 7371.06 0 0
229 156 51 7375.3 0 0
231 157 50 7379.53 0 0
233 158 51 7383.74 0 0
231 159 51 7387.97 0 0
231 160 51 7392.17 0 0
233 160 51 7396.4 0 0
231 158 51 7400.61 0 0
231 158 51 7404.87 0 0
231 163 51 7409.08 0 0
233 163 51 7413.31 0 0
234 164 51 7417.51 0 0
232 163 50 7421.71 0 0
232 162 50 7425.91 0 0
232 164 51 7430.12 0 0
234 162 51 7434.34 0 0
234 162 51 7438.58 0 0
232 161 51 7442.85 0 0
232 161 51 7447.06 0 0
232 157 51 7451.27 0 0
234 159 51 7455.47 0 0
233 158 51 7459.69 0 0
232 158 51 7463.92 0 0
231 159 51 7468.14 0 0
231 158 51 7472.37 0 0
231 155 51 7476.57 0 0
232 157 51 7480.77 0 0
232 158 51 7484.97 0 0
233 158 51 7489.21 0 0
230 156 51 7493.42 0 0
230 158 51 7497.63 0 0
230 155 51 7501.83 0 0
233 157 51 7506.06 0 0
230 155 51 7510.28 0 0
231 158 51 7514.51 0 0
234 157 51 7518.73 0 0
232 157 51 7522.97 0 0
233 156 51 7527.19 0 0
232 161 51 7531.42 0 0
233 156 51 7535.79 0 0
232 162 51 7540 0 0
230 158 51 7544.21 0 0
232 156 51 7548.41 0 0
232 162 51 7552.63 0 0
232 161 51 7556.9 0 0
233 161 51 7561.18 0 0
230 162 51 7565.4 0 0
233 162 51 7569.62 0 0
232 161 51 7573.84 0 0
233 161 51 7578.04 0 0
231 162 51 7582.24 0 0
233 161 51 7586.51 0 0
231 161 51 7590.74 0 0
233 156 51 7595 0 0
230 157 51 7599.22 0 0
230 157 51 7603.42 0 0
232 157 51 7607.62 0 0
231 156 51 7611.82 0 0
230 156 51 7616.04 0 0
230 155 51 7620.25 0 0
231 157 51 7624.49 0 0
229 158 51 7628.7 0 0
232 156 51 7632.92 0 0
233 162 51 7637.12 0 0
232 158 51 7641.32 0 0
232 161 51 7645.54 0 0
232 159 51 7649.76 0 0
230 161 51 7654.03 0 0
229 160 51 7658.27 0 0
232 158 51 7662.49 0 0
231 163 51 7666.69 0 0
227 157 51 7670.9 0 0
228 157 51 7675.1 0 0
227 156 52 7679.37 0 0
228 157 52 7683.58 0 0
229 155 51 7687.79 0 0
227 156 52 7692.06 0 0
228 156 51 7696.28 0 0
228 155 51 7700.49 0 0
227 156 52 7704.69 0 0
229 155 52 7708.94 0 0
227 154 51 7713.15 0 0
229 158 52 7717.4 0 0
224 155 52 7721.66 0 0
228 157 51 7725.87 0 0
228 155 52 7730.07 0 0
227 157 52 7734.28 0 0
228 155 51 7738.47 0 0
227 155 52 7742.7 0 0
227 155 52 7746.91 0 0
228 156 52 7751.11 0 0
228 157 52 7755.32 0 0
226 159 52 7759.59 0 0
228 160 52 7763.84 0 0
226 158 52 7768.06 0 0
228 160 52 7772.29 0 0
230 159 51 7776.51 0 0
228 159 52 7780.74 0 0
226 160 52 7784.97 0 0
229 162 52 7789.18 0 0
228 155 52 7793.38 0 0
227 155 52 7797.58 0 0
228 157 52 7801.82 0 0
228 156 51 7806.03 0 0
227 156 52 7810.27 0 0
229 155 52 7814.51 0 0
227 156 52 7818.73 0 0
227 156 52 7822.94 0 0
227 155 52 7827.14 0 0
226 157 52 7831.34 0 0
226 154 51 7835.56 0 0
228 156 52 7839.78 0 0
227 153 52 7844.01 0 0
226 154 52 7848.23 0 0
228 156 52 7852.44 0 0
228 154 52 7856.64 0 0
226 154 52 7860.84 0 0
227 155 52 7865.12 0 0
227 154 52 7869.36 0 0
227 154 52 7873.62 0 0
228 156 52 7877.84 0 0
226 155 52 7882.07 0 0
226 154 52 7886.28 0 0
227 155 52 7890.48 0 0
226 157 52 7894.68 0 0
228 155 52 7898.91 0 0
226 156 52 7903.12 0 0
227 156 52 7907.35 0 0
227 157 52 7911.56 0 0
226 153 52 7915.76 0 0
226 155 52 7919.96 0 0
229 160 52 7924.17 0 0
228 155 52 7928.42 0 0
228 156 52 7932.63 0 0
227 156 52 7936.85 0 0
227 154 52 7941.08 0 0
226 154 52 7945.31 0 0
227 157 52 7949.52 0 0
224 154 52 7953.73 0 0
227 155 52 7957.97 0 0
226 155 52 7962.18 0 0
228 156 52 7966.48 0 0
226 154 52 7970.7 0 0
227 156 52 7974.93 0 0
224 155 53 7979.14 0 0
216 154 53 7983.34 0 0
206 158 54 7987.54 0 0
201 155 54 7991.75 0 0
190 152 55 7995.95 0 0
181 153 55 8000.16 0 0
172 156 55 8004.36 0 0
165 155 55 8008.58 0 0
156 155 55 8012.8 0 0
149 153 55 8017.02 0 0
141 153 54 8021.25 0 0
134 161 54 8025.47 0 0
129 159 54 8029.72 0 0
122 159 54 8033.95 0 0
121 157 54 8038.17 0 0
120 158 54 8042.37 0 0
124 157 54 8046.57 0 0
124 158 54 8050.77 0 0
125 157 54 8055.08 0 0
125 159 54 8059.3 0 0
124 157 54 8063.61 0 0
122 158 54 8067.82 0 0
123 159 54 8072.02 0 0
123 156 54 8076.22 0 0
123 156 54 8080.42 0 0
124 154 54 8084.64 0 0
122 159 54 8088.87 0 0
121 155 54 8093.1 0 0
123 156 54 8097.33 0 0
121 159 54 8101.54 0 0
124 158 54 8105.74 0 0
122 158 54 8109.97 0 0
124 158 54 8114.21 0 0
123 159 54 8118.44 0 0
123 156 54 8122.66 0 0
123 158 54 8126.95 0 0
122 156 54 8131.18 0 0
122 157 54 8135.38 0 0
123 159 54 8139.58 0 0
122 155 54 8143.78 0 0
121 163 54 8148.02 0 0
120 160 54 8152.23 0 0
124 162 54 8156.46 0 0
123 162 54 8160.69 0 0
121 160 54 8164.89 0 0
123 163 54 8169.09 0 0
121 162 54 8173.29 0 0
123 163 54 8177.53 0 0
120 163 54 8181.77 0 0
122 161 54 8186.05 0 0
120 162 54 8190.44 0 0
121 161 54 8194.67 0 0
122 162 54 8198.88 0 0
123 162 54 8203.08 0 0
120 159 54 8207.28 0 0
122 162 54 8211.55 0 0
121 161 54 8215.79 0 0
123 162 54 8220.04 0 0
122 162 54 8224.25 0 0
123 162 54 8228.48 0 0
124 161 54 8232.68 0 0
123 161 54 8236.9 0 0
121 162 54 8241.14 0 0
123 163 54 8245.38 0 0
122 162 53 8249.62 0 0
121 161 53 8253.82 0 0
122 163 54 8258.06 0 0
123 163 54 8262.29 0 0
122 163 53 8266.53 0 0
121 162 53 8270.74 0 0
124 164 53 8275.01 0 0
123 162 53 8279.26 0 0
122 163 54 8283.48 0 0
122 161 53 8287.69 0 0
121 159 53 8291.89 0 0
122 163 53 8296.09 0 0
120 160 53 8300.29 0 0
123 164 53 8304.52 0 0
121 162 53 8308.73 0 0
120 163 53 8312.95 0 0
120 163 53 8317.17 0 0
121 163 52 8321.37 0 0
120 163 53 8325.57 0 0
122 163 53 8329.77 0 0
122 164 52 8334.04 0 0
120 163 52 8338.25 0 0
123 162 52 8342.51 0 0
121 163 52 8346.73 0 0
121 166 52 8350.95 0 0
121 166 52 8355.15 0 0
120 164 52 8359.35 0 0
124 164 52 8363.56 0 0
123 163 51 8367.8 0 0
121 164 52 8372.01 0 0
120 165 51 8376.74 0 0
121 164 51 8380.95 0 0
120 164 51 8385.15 0 0
120 166 51 8389.35 0 0
122 163 50 8393.56 0 0
122 164 51 8397.78 0 0
122 164 51 8401.99 0 0
119 162 50 8406.24 0 0
122 163 50 8410.46 0 0
123 166 50 8414.68 0 0
128 162 50 8418.88 0 0
129 160 50 8423.09 0 0
129 158 50 8427.29 0 0
126 159 50 8431.5 0 0
125 159 50 8435.73 0 0
126 160 50 8439.96 0 0
125 159 50 8444.18 0 0
124 160 50 8448.4 0 0
126 160 49 8452.6 0 0
126 161 50 8456.8 0 0
128 162 49 8461.02 0 0
126 162 50 8465.23 0 0
125 162 49 8469.45 0 0
126 159 49 8473.68 0 0
124 162 49 8477.88 0 0
124 161 49 8482.08 0 0
127 163 49 8486.28 0 0
124 162 49 8490.49 0 0
125 162 49 8494.69 0 0
124 161 49 8498.91 0 0
124 161 49 8503.12 0 0
124 162 49 8507.34 0 0
126 161 49 8511.56 0 0
124 160 49 8515.79 0 0
127 160 49 8520.08 0 0
126 162 49 8524.33 0 0
123 158 49 8528.56 0 0
127 160 49 8532.79 0 0
125 161 49 8537 0 0
125 157 49 8541.2 0 0
126 160 48 8545.4 0 0
127 160 49 8549.6 0 0
127 158 49 8553.82 0 0
126 159 48 8558.04 0 0
126 160 49 8562.27 0 0
126 157 49 8566.48 0 0
125 159 49 8570.68 0 0
125 159 49 8574.89 0 0
125 159 49 8579.09 0 0
126 159 49 8583.3 0 0
127 159 49 8587.52 0 0
127 160 49 8591.76 0 0
124 160 49 8596.02 0 0
126 160 49 8600.23 0 0
127 160 48 8604.43 0 0
126 159 49 8608.63 0 0
125 159 49 8612.83 0 0
126 163 49 8617.06 0 0
126 158 48 8621.27 0 0
127 161 49 8625.51 0 0
126 158 49 8629.73 0 0
125 159 48 8633.93 0 0
126 161 49 8640.73 0 0
126 158 48 8644.97 0 0
124 160 48 8649.22 0 0
128 160 49 8653.46 0 0
125 158 49 8657.69 0 0
126 159 49 8661.9 0 0
125 162 49 8666.1 0 0
126 161 49 8670.3 0 0
123 163 48 8674.5 0 0
126 163 48 8678.71 0 0
125 162 49 8683 0 0
126 161 49 8687.22 0 0
127 162 49 8691.44 0 0
127 162 49 8695.66 0 0
125 163 49 8699.87 0 0
126 162 49 8704.06 0 0
124 158 49 8708.27 0 0
125 162 49 8712.5 0 0
127 163 49 8716.82 0 0
125 159 49 8721.05 0 0
128 157 49 8725.26 0 0
127 159 49 8729.46 0 0
125 160 49 8736.62 0 0
126 163 49 8744.86 0 0
126 160 49 8753.11 0 0
125 160 49 8761.6 0 0
126 160 50 8769.83 0 0
126 160 50 8778.1 0 0
125 161 49 8785.68 0 0
126 160 49 8789.89 0 0
127 160 49 8794.82 0 0
127 159 49 8799.04 0 0
127 158 49 8803.26 0 0
126 157 49 8807.48 0 0
127 161 49 8811.71 0 0
127 162 50 8815.94 0 0
127 159 50 8820.15 0 0
127 161 50 8824.35 0 0
129 156 50 8828.55 0 0
128 157 50 8832.77 0 0
128 158 49 8837.05 0 0
127 158 50 8841.3 0 0
130 160 50 8845.53 0 0
128 159 50 8849.74 0 0
128 160 50 8853.95 0 0
127 160 50 8858.15 0 0
129 159 50 8862.36 0 0
128 160 50 8866.58 0 0
125 157 50 8870.8 0 0
127 161 50 8875.02 0 0
128 158 50 8879.24 0 0
128 156 50 8883.45 0 0
128 157 50 8887.65 0 0
128 158 50 8891.85 0 0
126 159 50 8898.94 0 0
130 159 50 8903.17 0 0
127 159 50 8907.4 0 0
127 161 50 8911.61 0 0
126 157 50 8915.81 0 0
127 159 50 8920.03 0 0
128 158 50 8924.23 0 0
129 159 51 8928.44 0 0
129 160 50 8932.66 0 0
126 159 50 8936.87 0 0
126 160 50 8941.1 0 0
126 157 50 8945.32 0 0
127 157 50 8949.52 0 0
128 158 51 8953.72 0 0
128 156 51 8957.95 0 0
126 157 51 8962.17 0 0
126 155 51 8966.42 0 0
127 155 50 8970.64 0 0
127 158 51 8974.87 0 0
128 155 51 8979.11 0 0
126 159 51 8983.31 0 0
127 161 51 8987.51 0 0
126 155 51 8991.73 0 0
128 156 51 8998.62 0 0
128 155 51 9002.86 0 0
127 158 51 9007.09 0 0
126 158 51 9011.33 0 0
120 155 51 9015.56 0 0
116 156 51 9019.78 0 0
111 155 52 9024.01 0 0
107 158 52 9028.24 0 0
101 157 51 9032.48 0 0
95 158 52 9036.68 0 0
88 158 51 9040.89 0 0
83 161 51 9045.09 0 0
74 162 51 9049.29 0 0
72 160 51 9053.55 0 0
63 162 51 9057.77 0 0
62 164 51 9062 0 0
56 160 50 9066.22 0 0
54 162 50 9070.47 0 0
55 162 50 9074.69 0 0
56 163 50 9078.89 0 0
57 162 51 9083.1 0 0
58 160 51 9087.31 0 0
57 164 50 9091.56 0 0
57 163 50 9095.79 0 0
54 165 50 9100 0 0
57 158 50 9107.02 0 0
58 160 50 9111.22 0 0
56 159 50 9115.43 0 0
57 158 50 9119.66 0 0
54 158 50 9123.89 0 0
55 159 50 9128.12 0 0
53 160 50 9132.33 0 0
56 158 50 9136.53 0 0
54 162 50 9140.74 0 0
55 162 50 9144.93 0 0
56 161 50 9149.17 0 0
55 162 51 9153.41 0 0
55 162 50 9157.64 0 0
55 161 50 9161.86 0 0
55 161 50 9166.07 0 0
54 160 51 9170.27 0 0
57 160 50 9174.47 0 0
58 160 51 9178.69 0 0
53 161 50 9182.9 0 0
54 158 50 9187.12 0 0
55 157 51 9191.34 0 0
55 160 51 9195.55 0 0
54 159 50 9199.76 0 0
55 158 51 9206.91 0 0
55 158 51 9215.16 0 0
48 162 51 9223.19 0 0
35 166 50 9227.41 0 0
33 164 50 9231.88 0 0
31 164 50 9236.08 0 0
33 166 50 9240.31 0 0
35 164 50 9244.51 0 0
34 164 50 9248.72 0 0
35 165 50 9252.92 0 0
32 168 50 9257.18 0 0
35 170 50 9261.41 0 0
33 170 50 9265.76 0 0
35 169 50 9269.97 0 0
33 167 50 9274.2 0 0
31 168 50 9278.43 0 0
32 168 50 9282.65 0 0
34 171 50 9286.86 0 0
32 172 49 9291.07 0 0
36 171 50 9295.27 0 0
30 169 50 9299.47 0 0
34 169 50 9303.71 0 0
30 168 50 9307.92 0 0
33 169 50 9315.07 0 0
30 166 50 9319.29 0 0
33 165 50 9323.5 0 0
33 164 50 9327.7 0 0
35 163 49 9331.9 0 0
33 162 50 9336.12 0 0
34 163 49 9340.34 0 0
34 163 50 9344.57 0 0
32 163 49 9348.79 0 0
34 164 50 9353.01 0 0
33 163 49 9357.21 0 0
33 162 49 9361.42 0 0
34 163 50 9365.65 0 0
33 161 50 9369.86 0 0
34 165 49 9374.1 0 0
32 164 50 9378.32 0 0
32 167 49 9382.53 0 0
31 166 49 9386.73 0 0
30 165 49 9390.94 0 0
32 166 49 9395.17 0 0
33 164 49 9399.37 0 0
33 166 49 9403.61 0 0
37 164 49 9407.83 0 0
44 170 50 9414.96 0 0
56 170 51 9419.21 0 0
69 168 52 9423.41 0 0
79 165 52 9427.7 0 0
89 168 51 9431.91 0 0
97 168 51 9436.13 0 0
104 164 51 9440.43 0 0
111 165 51 9444.64 0 0
114 165 50 9448.84 0 0
117 166 51 9453.05 0 0
122 161 50 9457.26 0 0
118 165 50 9461.5 0 0
116 166 50 9465.72 0 0
117 166 50 9469.96 0 0
117 166 50 9474.16 0 0
120 166 50 9478.38 0 0
119 163 50 9482.58 0 0
118 163 50 9486.78 0 0
120 168 50 9490.99 0 0
121 169 50 9495.19 0 0
119 169 50 9499.39 0 0
119 170 50 9503.59 0 0
118 163 50 9507.83 0 0
118 160 50 9512.07 0 0
118 166 50 9516.32 0 0
118 167 50 9520.55 0 0
122 167 50 9527.58 0 0
118 166 50 9531.8 0 0
119 167 49 9536.08 0 0
121 164 50 9540.29 0 0
118 165 50 9544.5 0 0
119 163 50 9548.7 0 0
119 164 50 9552.91 0 0
119 163 50 9557.13 0 0
118 169 49 9561.37 0 0
119 166 49 9565.6 0 0
116 168 49 9569.82 0 0
118 167 49 9574.03 0 0
120 169 49 9578.24 0 0
118 167 49 9582.45 0 0
120 166 49 9586.68 0 0
119 167 49 9590.92 0 0
120 167 49 9595.15 0 0
119 169 49 9599.36 0 0
120 166 49 9603.56 0 0
119 169 49 9607.76 0 0
121 166 49 9611.96 0 0
118 168 49 9616.19 0 0
118 168 49 9620.4 0 0
120 169 49 9629.43 0 0
119 169 49 9633.65 0 0
116 169 49 9639.74 0 0
117 169 49 9643.98 0 0
117 174 49 9648.22 0 0
117 178 49 9652.43 0 0
116 180 49 9657.23 0 0
119 205 48 9661.44 0 0
125 225 49 9794.9 0 0
127 217 49 9799.1 0 0
125 207 50 9803.33 0 0
126 198 50 9807.55 0 0
127 189 50 9811.78 0 0
124 183 50 9816.01 0 0
127 180 50 9820.22 0 0
127 173 50 9824.42 0 0
128 167 50 9828.63 0 0
126 163 50 9832.87 0 0
126 163 51 9839.76 0 0
126 167 51 9844.32 0 0
127 170 50 9848.52 0 0
125 168 51 9852.72 0 0
128 171 51 9856.92 0 0
126 168 51 9861.15 0 0
127 170 51 9865.39 0 0
128 167 51 9869.61 0 0
127 165 51 9873.85 0 0
128 166 51 9878.08 0 0
126 165 51 9882.29 0 0
127 162 51 9886.5 0 0
126 164 51 9890.7 0 0
126 164 51 9894.9 0 0
126 165 51 9899.13 0 0
127 162 51 9903.36 0 0
125 166 50 9907.6 0 0
125 169 51 9911.8 0 0
129 165 51 9918.92 0 0
126 164 51 9923.12 0 0
129 164 51 9927.35 0 0
127 163 51 9931.65 0 0
128 167 51 9935.96 0 0
127 165 51 9940.31 0 0
126 163 51 9944.52 0 0
126 165 51 9948.74 0 0
128 164 51 9952.94 0 0
126 165 51 9957.14 0 0
127 170 52 9961.37 0 0
127 167 51 9965.61 0 0
127 165 51 9969.83 0 0
129 168 51 9974.05 0 0
127 167 51 9978.25 0 0
128 164 51 9982.46 0 0
129 169 51 9986.66 0 0
127 166 51 9990.87 0 0
127 163 51 9995.07 0 0
127 163 51 9999.27 0 0
127 166 51 10004.4 0 0
126 162 51 10008.6 0 0
128 162 51 10012.8 0 0
126 164 51 10017 0 0
126 164 51 10021.2 0 0
126 166 51 10025.5 0 0
126 165 52 10029.7 0 0
126 166 51 10033.9 0 0
126 167 51 10038.1 0 0
125 165 52 10042.3 0 0
126 166 51 10046.5 0 0
126 167 51 10050.7 0 0
128 168 51 10055 0 0
127 163 51 10059.2 0 0
125 165 51 10063.5 0 0
127 168 51 10067.7 0 0
124 167 51 10071.9 0 0
129 169 52 10076.1 0 0
126 165 52 10080.3 0 0
127 165 51 10084.5 0 0
127 156 51 10088.8 0 0
130 149 51 10093 0 0
129 144 52 10097.2 0 0
127 138 52 10101.4 0 0
127 138 52 10105.6 0 0
128 134 52 10109.9 0 0
128 135 52 10114.1 0 0
126 141 52 10118.3 0 0
125 142 52 10122.5 0 0
127 139 52 10126.8 0 0
126 138 52 10131 0 0
127 139 52 10135.3 0 0
126 139 52 10139.5 0 0
127 138 52 10143.7 0 0
125 138 52 10147.9 0 0
128 141 52 10152.1 0 0
130 139 52 10156.9 0 0
126 139 52 10161.1 0 0
126 137 52 10165.3 0 0
127 139 52 10169.5 0 0
125 137 52 10173.7 0 0
124 138 52 10177.9 0 0
127 139 52 10182.1 0 0
126 141 52 10186.4 0 0
126 136 52 10190.6 0 0
127 139 52 10194.8 0 0
125 138 52 10199 0 0
126 137 52 10203.2 0 0
127 137 52 10207.4 0 0
126 136 52 10211.6 0 0
128 139 52 10215.9 0 0
125 136 52 10220.1 0 0
127 137 52 10224.3 0 0
126 136 52 10228.5 0 0
129 138 52 10232.7 0 0
128 137 52 10236.9 0 0
128 138 52 10241.2 0 0
126 141 52 10245.4 0 0
126 142 52 10249.6 0 0
128 139 52 10253.8 0 0
128 138 52 10258.2 0 0
126 136 52 10262.4 0 0
128 136 52 10266.6 0 0
127 135 52 10270.8 0 0
129 138 52 10275 0 0
129 139 52 10279.3 0 0
126 140 52 10283.5 0 0
129 137 52 10287.7 0 0
128 138 52 10291.9 0 0
126 138 52 10296.1 0 0
127 136 52 10300.3 0 0
127 138 52 10304.5 0 0
127 137 52 10308.8 0 0
129 136 52 10313 0 0
130 136 52 10317.2 0 0
128 136 52 10321.4 0 0
127 137 52 10325.6 0 0
126 139 52 10329.8 0 0
127 139 52 10334 0 0
125 141 52 10338.3 0 0
129 138 52 10342.5 0 0
127 137 53 10346.7 0 0
127 137 52 10351 0 0
127 139 52 10355.2 0 0
128 141 52 10359.4 0 0
127 137 52 10363.6 0 0
127 137 52 10367.8 0 0
127 137 52 10372 0 0
126 137 53 10376.3 0 0
126 136 52 10380.5 0 0
128 136 52 10384.7 0 0
128 136 53 10388.9 0 0
127 137 53 10393.1 0 0
126 136 53 10397.4 0 0
125 137 52 10401.6 0 0
127 137 52 10405.8 0 0
128 137 53 10410 0 0
127 140 52 10414.2 0 0
126 142 53 10418.4 0 0
128 136 52 10422.6 0 0
127 136 52 10426.9 0 0
127 136 52 10431.1 0 0
128 140 53 10435.3 0 0
126 137 53 10439.5 0 0
129 138 52 10443.7 0 0
128 136 52 10447.9 0 0
125 140 53 10452.1 0 0
128 138 53 10456.3 0 0
126 137 53 10460.6 0 0
126 141 52 10464.8 0 0
128 136 53 10469.3 0 0
127 138 53 10473.5 0 0
128 136 53 10477.7 0 0
127 137 53 10481.9 0 0
128 138 53 10486.1 0 0
128 136 52 10490.4 0 0
128 137 52 10494.6 0 0
128 138 53 10498.8 0 0
128 139 52 10503 0 0
125 139 53 10507.3 0 0
127 136 53 10511.5 0 0
127 137 53 10515.7 0 0
128 136 53 10519.9 0 0
127 136 53 10524.1 0 0
128 135 53 10528.4 0 0
127 137 53 10532.6 0 0
127 136 52 10536.8 0 0
129 137 53 10541 0 0
126 134 53 10545.2 0 0
129 137 53 10549.4 0 0
127 136 53 10553.6 0 0
129 136 53 10557.9 0 0
129 140 53 10562.1 0 0
127 140 53 10566.3 0 0
124 147 53 10570.5 0 0
123 151 53 10574.7 0 0
123 154 53 10578.9 0 0
126 159 53 10583.1 0 0
125 163 53 10587.4 0 0
125 159 53 10591.6 0 0
126 159 53 10595.8 0 0
124 155 53 10600 0 0
124 154 53 10604.2 0 0
126 157 53 10608.4 0 0
125 155 53 10612.6 0 0
125 156 53 10616.9 0 0
125 153 53 10621.1 0 0
126 155 53 10625.3 0 0
124 154 53 10629.6 0 0
125 155 53 10633.8 0 0
125 155 53 10638 0 0
124 156 53 10642.2 0 0
125 155 53 10649.9 0 0
126 156 53 10654.2 0 0
125 155 53 10658.4 0 0
124 154 53 10662.7 0 0
126 155 53 10666.9 0 0
125 156 53 10671.1 0 0
128 155 53 10675.3 0 0
123 156 53 10679.5 0 0
126 155 52 10683.7 0 0
127 156 53 10688 0 0
125 156 53 10692.3 0 0
126 153 53 10696.5 0 0
126 156 53 10700.7 0 0
123 155 53 10704.9 0 0
126 156 53 10709.2 0 0
124 156 53 10713.4 0 0
126 153 53 10717.6 0 0
125 156 53 10721.9 0 0
124 153 53 10726.1 0 0
125 155 53 10730.3 0 0
126 155 53 10734.5 0 0
125 156 53 10738.7 0 0
125 153 53 10743 0 0
125 154 53 10747.2 0 0
124 154 53 10751.5 0 0
126 156 53 10755.8 0 0
128 155 53 10760 0 0
126 153 53 10764.2 0 0
125 159 53 10768.4 0 0
124 158 53 10772.6 0 0
125 158 53 10776.9 0 0
125 159 53 10781.1 0 0
125 158 53 10785.3 0 0
125 157 53 10789.5 0 0
125 158 53 10793.7 0 0
126 156 53 10797.9 0 0
125 158 53 10802.1 0 0
127 154 53 10806.4 0 0
128 146 53 10810.6 0 0
127 142 53 10814.8 0 0
130 134 53 10819.1 0 0
130 131 53 10823.3 0 0
130 126 53 10827.5 0 0
128 123 53 10831.7 0 0
126 121 53 10835.9 0 0
128 124 54 10840.1 0 0
125 126 53 10844.8 0 0
129 127 53 10849 0 0
127 125 53 10853.2 0 0
129 125 53 10857.4 0 0
129 125 53 10861.6 0 0
128 125 53 10865.9 0 0
129 127 53 10870.1 0 0
129 125 53 10874.5 0 0
128 127 53 10878.7 0 0
127 125 53 10882.9 0 0
126 127 53 10887.1 0 0
127 125 53 10891.3 0 0
128 127 53 10895.5 0 0
127 127 53 10899.7 0 0
130 126 53 10904 0 0
129 127 53 10908.2 0 0
128 124 53 10912.4 0 0
126 125 53 10916.6 0 0
128 126 53 10920.8 0 0
127 125 53 10925 0 0
127 123 53 10929.3 0 0
128 124 53 10933.6 0 0
127 124 53 10938 0 0
129 125 53 10942.3 0 0
128 124 53 10946.5 0 0
128 125 53 10950.7 0 0
127 128 53 10954.9 0 0
127 127 53 10959.1 0 0
127 126 53 10963.3 0 0
126 125 53 10967.6 0 0
127 126 53 10971.8 0 0
127 126 53 10976 0 0
128 124 53 10980.2 0 0
127 126 53 10984.4 0 0
127 123 53 10988.6 0 0
127 124 53 10992.9 0 0
128 124 53 10997.1 0 0
128 125 53 11001.3 0 0
129 120 53 11005.7 0 0
129 118 53 11009.9 0 0
130 115 54 11014.1 0 0
