109 238 55 22175.1 0 0
113 232 55 22179.3 0 0
114 216 56 22183.5 0 0
117 210 57 22187.8 0 0
117 195 57 22192 0 0
119 189 57 22196.6 0 0
121 181 57 22200.8 0 0
121 170 57 22205 0 0
122 158 57 22209.2 0 0
124 155 57 22213.4 0 0
125 148 57 22217.7 0 0
125 142 58 22221.9 0 0
126 137 58 22226.1 0 0
128 133 58 22230.3 0 0
126 129 58 22234.5 0 0
124 126 58 22238.8 0 0
126 133 58 22243 0 0
127 132 58 22247.2 0 0
126 129 58 22251.4 0 0
127 132 58 22255.7 0 0
126 131 58 22259.9 0 0
125 129 58 22264.1 0 0
127 126 58 22268.3 0 0
124 125 58 22272.5 0 0
125 124 58 22276.7 0 0
126 126 58 22280.9 0 0
128 124 58 22285.2 0 0
127 125 58 22289.5 0 0
123 128 58 22293.7 0 0
127 125 58 22297.9 0 0
125 123 58 22302.1 0 0
126 126 58 22306.3 0 0
128 123 58 22310.5 0 0
125 126 58 22314.7 0 0
129 123 58 22318.9 0 0
125 125 58 22323.2 0 0
127 125 58 22327.4 0 0
124 121 58 22331.6 0 0
128 129 58 22335.8 0 0
124 122 58 22340 0 0
126 122 58 22344.2 0 0
128 127 58 22348.4 0 0
126 127 58 22355.2 0 0
126 128 58 22359.4 0 0
125 126 58 22363.7 0 0
126 125 58 22367.9 0 0
125 124 58 22372.1 0 0
126 115 58 22376.3 0 0
125 127 58 22380.6 0 0
127 126 58 22384.8 0 0
126 118 58 22389 0 0
128 126 58 22393.2 0 0
124 116 58 22397.4 0 0
125 111 58 22401.6 0 0
129 88 58 22405.8 0 0
124 80 58 22410.1 0 0
126 75 58 22414.3 0 0
123 74 58 22418.5 0 0
121 75 58 22422.8 0 0
122 77 58 22427 0 0
124 78 58 22431.2 0 0
123 78 58 22435.4 0 0
126 79 58 22439.7 0 0
124 80 58 22443.9 0 0
122 75 58 22448.2 0 0
125 80 58 22452.4 0 0
126 75 58 22456.6 0 0
121 76 58 22463.3 0 0
124 78 58 22467.6 0 0
125 78 58 22471.8 0 0
123 76 58 22476.1 0 0
126 76 58 22480.3 0 0
124 77 58 22484.5 0 0
126 78 58 22488.8 0 0
124 78 58 22493 0 0
123 75 58 22497.2 0 0
125 73 57 22501.5 0 0
121 71 58 22505.7 0 0
124 74 58 22510 0 0
123 71 57 22514.2 0 0
124 77 58 22518.4 0 0
126 79 58 22522.6 0 0
125 76 58 22526.8 0 0
123 78 58 22531 0 0
123 74 58 22535.2 0 0
124 77 57 22539.5 0 0
127 80 58 22543.7 0 0
124 75 58 22547.9 0 0
126 78 57 22552.1 0 0
123 78 58 22559.2 0 0
123 76 57 22563.5 0 0
123 78 58 22567.7 0 0
125 80 57 22571.9 0 0
122 76 57 22576.2 0 0
125 76 57 22580.3 0 0
124 74 57 22584.5 0 0
123 78 57 22588.9 0 0
125 80 57 22593.1 0 0
123 76 58 22597.4 0 0
126 77 57 22601.8 0 0
126 76 57 22606 0 0
123 76 57 22610.2 0 0
124 78 57 22614.4 0 0
125 79 57 22618.6 0 0
120 74 57 22623.1 0 0
120 77 57 22627.3 0 0
122 78 57 22634.2 0 0
122 86 57 22638.4 0 0
125 97 57 22642.6 0 0
129 112 57 22646.8 0 0
133 131 57 22651 0 0
127 150 56 22655.3 0 0
127 160 56 22659.7 0 0
130 170 56 22664 0 0
126 179 56 22668.2 0 0
128 181 56 22672.5 0 0
125 187 56 22676.7 0 0
127 186 57 22680.9 0 0
127 186 56 22685.1 0 0
129 180 56 22689.4 0 0
130 184 56 22693.8 0 0
128 187 56 22698 0 0
130 191 56 22704.8 0 0
130 189 56 22709.1 0 0
129 188 56 22713.3 0 0
128 189 56 22717.5 0 0
128 188 56 22721.7 0 0
132 186 56 22725.9 0 0
130 187 56 22730.1 0 0
129 189 56 22734.4 0 0
129 186 56 22739.1 0 0
129 189 56 22743.3 0 0
129 187 56 22747.5 0 0
129 189 56 22751.9 0 0
130 189 56 22757 0 0
128 188 56 22761.2 0 0
130 185 56 22767.3 0 0
130 183 56 22771.5 0 0
126 185 56 22775.7 0 0
132 184 56 22780.1 0 0
129 184 56 22784.5 0 0
128 184 56 22788.9 0 0
131 185 56 22793.2 0 0
131 186 56 22797.4 0 0
130 189 56 22801.6 0 0
130 187 56 22805.8 0 0
129 185 56 22810 0 0
129 184 56 22814.3 0 0
130 184 56 22818.9 0 0
130 185 56 22823.1 0 0
128 187 56 22829.7 0 0
127 188 56 22834 0 0
130 187 56 22838.2 0 0
129 189 56 22842.4 0 0
129 191 56 22846.6 0 0
130 190 56 22850.8 0 0
128 189 56 22855 0 0
130 189 56 22859.3 0 0
129 190 56 22863.5 0 0
129 190 56 22867.7 0 0
129 189 56 22872.1 0 0
129 190 56 22876.3 0 0
129 191 56 22880.5 0 0
130 189 56 22884.8 0 0
126 189 56 22889 0 0
128 191 56 22893.2 0 0
131 190 56 22897.4 0 0
130 190 56 22901.6 0 0
130 189 56 22905.8 0 0
129 191 56 22910.1 0 0
128 191 56 22914.3 0 0
128 191 56 22918.8 0 0
133 189 56 22923 0 0
131 191 56 22929.6 0 0
130 190 56 22933.9 0 0
131 189 56 22938.9 0 0
129 184 56 22944 0 0
128 187 56 22948.3 0 0
132 184 56 22954.6 0 0
129 184 56 22958.8 0 0
127 185 56 22963 0 0
130 191 56 22967.3 0 0
128 189 56 22971.5 0 0
129 190 56 22975.7 0 0
129 190 56 22980 0 0
128 189 56 22984.3 0 0
130 191 56 22988.5 0 0
129 189 56 22992.7 0 0
128 192 56 22997 0 0
131 191 56 23001.2 0 0
130 188 56 23005.4 0 0
128 191 56 23009.6 0 0
129 190 56 23013.9 0 0
128 185 56 23018.1 0 0
129 185 56 23022.3 0 0
130 191 56 23026.5 0 0
129 185 56 23030.7 0 0
130 184 56 23034.9 0 0
129 184 56 23039.2 0 0
128 191 56 23043.4 0 0
129 191 56 23047.6 0 0
130 190 56 23054.5 0 0
129 190 56 23058.8 0 0
129 192 56 23063.2 0 0
130 188 56 23067.5 0 0
132 180 56 23071.9 0 0
130 170 56 23076.1 0 0
133 158 56 23080.3 0 0
133 145 56 23084.6 0 0
127 138 56 23088.8 0 0
127 142 56 23094.5 0 0
130 128 56 23098.8 0 0
128 128 56 23104.5 0 0
129 135 56 23108.7 0 0
128 142 56 23113 0 0
128 137 56 23117.2 0 0
127 137 56 23121.4 0 0
129 132 56 23127.7 0 0
129 132 56 23133.1 0 0
130 136 56 23137.5 0 0
129 133 56 23141.7 0 0
127 134 56 23145.9 0 0
129 129 56 23150.2 0 0
128 126 56 23154.7 0 0
126 133 56 23159.9 0 0
130 126 56 23164.2 0 0
129 134 56 23168.5 0 0
131 130 56 23172.7 0 0
128 137 56 23176.9 0 0
128 132 56 23181.1 0 0
129 135 56 23185.4 0 0
130 129 56 23189.6 0 0
129 134 56 23193.9 0 0
128 130 56 23198.1 0 0
130 130 56 23202.3 0 0
128 136 56 23206.6 0 0
127 135 56 23210.8 0 0
127 135 56 23215 0 0
128 132 56 23219.2 0 0
130 131 56 23223.5 0 0
128 135 56 23228.6 0 0
130 132 56 23232.9 0 0
128 137 56 23237.1 0 0
129 133 56 23241.5 0 0
130 136 56 23245.7 0 0
128 130 56 23250 0 0
128 128 56 23254.2 0 0
130 131 56 23258.5 0 0
130 136 56 23262.8 0 0
128 131 56 23267 0 0
127 130 56 23271.2 0 0
130 131 56 23275.4 0 0
129 128 56 23279.6 0 0
126 141 56 23284.2 0 0
122 144 56 23288.8 0 0
120 164 55 23293 0 0
115 179 55 23297.2 0 0
112 179 55 23301.4 0 0
110 183 55 23305.6 0 0
114 185 55 23309.9 0 0
105 194 56 23314.5 0 0
107 191 56 23319.6 0 0
108 187 56 23323.8 0 0
107 189 56 23328 0 0
108 189 56 23332.2 0 0
110 191 56 23336.4 0 0
105 193 56 23340.7 0 0
106 192 56 23345.4 0 0
107 193 56 23350.3 0 0
108 190 56 23354.5 0 0
107 192 56 23358.8 0 0
107 191 56 23363 0 0
104 192 56 23367.2 0 0
105 189 56 23371.4 0 0
107 193 56 23375.6 0 0
105 190 56 23379.9 0 0
106 189 56 23384.2 0 0
109 191 56 23388.4 0 0
104 192 56 23392.6 0 0
106 194 56 23396.8 0 0
107 188 56 23401 0 0
107 186 56 23405.3 0 0
106 188 56 23409.8 0 0
108 177 56 23414.7 0 0
107 185 56 23419.1 0 0
106 181 56 23423.8 0 0
107 188 56 23428.3 0 0
106 185 56 23432.5 0 0
108 180 56 23436.8 0 0
107 182 56 23441 0 0
110 181 56 23445.2 0 0
106 179 56 23449.4 0 0
105 181 56 23453.7 0 0
107 181 56 23457.9 0 0
106 179 56 23462.1 0 0
107 183 56 23466.3 0 0
109 177 56 23470.5 0 0
105 179 56 23474.8 0 0
108 184 56 23479.2 0 0
104 182 56 23483.5 0 0
104 195 56 23487.7 0 0
102 187 56 23491.9 0 0
94 191 56 23496.1 0 0
87 188 56 23501.1 0 0
87 189 56 23505.4 0 0
82 185 55 23509.6 0 0
85 191 56 23513.8 0 0
87 191 56 23518 0 0
87 190 56 23524.8 0 0
85 191 56 23529 0 0
83 191 56 23533.6 0 0
82 193 56 23537.9 0 0
86 191 56 23542.2 0 0
86 190 56 23546.4 0 0
85 194 56 23550.6 0 0
85 190 56 23554.8 0 0
84 193 56 23559 0 0
86 190 56 23564.5 0 0
83 191 56 23569.6 0 0
85 190 56 23575 0 0
88 188 56 23579.2 0 0
86 191 56 23583.5 0 0
95 181 56 23591 0 0
107 143 56 23595.3 0 0
115 136 56 23600 0 0
116 114 56 23604.3 0 0
118 104 56 23608.5 0 0
116 94 56 23612.7 0 0
119 86 56 23616.9 0 0
119 83 56 23621.1 0 0
117 89 56 23625.4 0 0
116 92 56 23629.6 0 0
119 88 56 23633.9 0 0
119 88 56 23638.1 0 0
119 84 56 23642.3 0 0
120 89 56 23646.5 0 0
118 81 56 23650.7 0 0
119 89 56 23655 0 0
121 84 56 23659.2 0 0
120 87 56 23663.4 0 0
118 85 56 23667.7 0 0
118 86 56 23671.9 0 0
121 88 56 23676.1 0 0
121 86 56 23680.7 0 0
120 86 56 23688.6 0 0
119 86 56 23692.8 0 0
121 81 56 23697 0 0
119 84 56 23701.3 0 0
120 80 56 23708.1 0 0
119 87 56 23714.3 0 0
120 87 56 23718.5 0 0
118 84 56 23726.5 0 0
118 85 56 23731.3 0 0
119 82 56 23737.3 0 0
119 82 56 23741.5 0 0
122 83 56 23745.8 0 0
117 82 56 23750.2 0 0
119 81 56 23754.4 0 0
118 84 56 23758.6 0 0
120 83 56 23762.9 0 0
121 87 56 23767.1 0 0
119 82 56 23771.3 0 0
118 87 56 23775.5 0 0
116 86 56 23779.7 0 0
117 82 56 23784.1 0 0
120 85 56 23788.4 0 0
117 85 57 23792.7 0 0
120 87 56 23799.8 0 0
120 85 56 23808.5 0 0
121 82 56 23816.2 0 0
121 82 56 23825 0 0
121 82 56 23833 0 0
119 87 56 23840.6 0 0
119 88 56 23844.9 0 0
120 89 56 23854.4 0 0
114 78 56 23858.6 0 0
110 62 56 23862.8 0 0
95 39 57 23867 0 0
84 12 57 23871.2 0 0
82 14 57 23878.6 0 0
87 23 57 24492.2 0 0
96 39 57 24496.4 0 0
100 49 56 24500.7 0 0
95 44 56 24504.9 0 0
94 49 56 24509.1 0 0
94 48 56 24513.3 0 0
94 52 56 24517.5 0 0
94 47 56 24521.7 0 0
96 41 57 24525.9 0 0
95 46 56 24530.2 0 0
97 49 56 24534.4 0 0
94 51 56 24538.6 0 0
101 51 56 24542.8 0 0
96 50 56 24547 0 0
96 50 56 24551.2 0 0
98 54 57 24555.5 0 0
98 51 56 24559.7 0 0
97 54 56 24563.9 0 0
96 51 57 24568.2 0 0
99 50 57 24572.4 0 0
98 55 57 24576.6 0 0
100 59 57 24580.8 0 0
100 52 56 24585 0 0
100 51 57 24589.3 0 0
97 52 57 24593.7 0 0
98 52 57 24597.9 0 0
95 50 57 24602.2 0 0
99 54 56 24606.5 0 0
95 47 57 24610.7 0 0
100 54 57 24614.9 0 0
96 52 57 24619.1 0 0
96 49 56 24623.3 0 0
100 56 56 24627.5 0 0
100 53 57 24631.8 0 0
101 53 56 24636 0 0
99 52 57 24640.2 0 0
98 52 57 24644.4 0 0
99 53 56 24648.6 0 0
98 50 56 24652.8 0 0
99 57 56 24657 0 0
100 53 57 24661.2 0 0
101 55 56 24665.5 0 0
97 49 57 24669.7 0 0
97 48 57 24674 0 0
97 52 56 24678.2 0 0
100 51 57 24682.4 0 0
105 60 57 24686.6 0 0
116 69 57 24690.8 0 0
122 76 57 24695 0 0
124 78 57 24699.3 0 0
120 77 57 24703.5 0 0
115 82 57 24707.7 0 0
118 76 56 24711.9 0 0
114 72 56 24716.1 0 0
116 75 56 24720.3 0 0
116 72 56 24724.5 0 0
121 78 56 24728.8 0 0
118 75 57 24733 0 0
118 76 56 24737.2 0 0
116 76 56 24741.5 0 0
120 74 56 24745.7 0 0
119 72 56 24749.9 0 0
117 74 56 24754.1 0 0
122 75 56 24758.3 0 0
117 74 56 24762.5 0 0
120 77 57 24766.8 0 0
117 74 56 24771 0 0
119 74 56 24775.2 0 0
118 76 56 24779.4 0 0
122 77 56 24783.6 0 0
120 80 56 24788.1 0 0
121 75 57 24792.4 0 0
119 75 56 24796.6 0 0
120 78 57 24800.8 0 0
115 73 57 24805 0 0
121 76 56 24809.2 0 0
118 76 57 24813.4 0 0
119 74 56 24817.7 0 0
118 75 57 24821.9 0 0
116 71 56 24826.1 0 0
117 77 57 24830.3 0 0
121 77 57 24834.5 0 0
120 75 56 24838.7 0 0
121 73 56 24843 0 0
120 74 57 24847.2 0 0
120 74 57 24851.4 0 0
119 73 57 24855.7 0 0
117 76 56 24859.9 0 0
121 75 57 24864.1 0 0
117 77 57 24868.3 0 0
117 73 56 24872.5 0 0
121 77 57 24876.7 0 0
120 73 56 24881 0 0
120 82 57 24885.2 0 0
120 76 57 24889.4 0 0
119 81 56 24893.6 0 0
122 83 57 24897.8 0 0
118 80 56 24902 0 0
121 93 56 24906.4 0 0
117 103 57 24910.6 0 0
116 129 56 24914.9 0 0
119 147 56 24919.1 0 0
119 162 56 24923.3 0 0
118 167 56 24927.5 0 0
122 180 56 24931.8 0 0
119 189 56 24936 0 0
122 192 56 24940.2 0 0
124 199 56 24944.4 0 0
124 199 56 24948.7 0 0
128 209 56 24952.9 0 0
124 209 56 24957.1 0 0
123 206 56 24961.3 0 0
123 199 56 24965.5 0 0
125 202 56 24969.7 0 0
127 202 56 24973.9 0 0
125 201 56 24978.1 0 0
125 201 56 24982.4 0 0
125 200 56 24986.7 0 0
127 203 56 24990.9 0 0
126 199 56 24995.1 0 0
127 204 56 24999.3 0 0
130 201 56 25003.6 0 0
126 204 56 25007.9 0 0
128 203 56 25012.1 0 0
124 200 56 25016.3 0 0
125 203 56 25020.5 0 0
126 200 56 25024.7 0 0
126 202 56 25028.9 0 0
126 203 56 25033.2 0 0
126 199 56 25038.4 0 0
125 201 56 25042.7 0 0
126 206 56 25046.9 0 0
125 205 56 25051.1 0 0
125 204 56 25055.3 0 0
126 204 56 25059.5 0 0
127 198 56 25063.7 0 0
125 199 56 25068.6 0 0
125 199 56 25072.8 0 0
125 199 56 25077 0 0
127 204 56 25081.2 0 0
127 199 56 25085.5 0 0
123 197 56 25089.7 0 0
127 205 56 25093.9 0 0
125 200 56 25098.2 0 0
127 197 56 25103.2 0 0
125 204 56 25107.4 0 0
120 200 56 25111.7 0 0
112 198 56 25115.9 0 0
105 197 57 25120.1 0 0
98 199 57 25124.7 0 0
89 196 57 25129 0 0
86 198 56 25133.3 0 0
82 197 56 25137.6 0 0
86 196 57 25141.8 0 0
86 190 57 25146 0 0
88 197 57 25150.2 0 0
88 196 57 25154.4 0 0
85 197 56 25158.6 0 0
89 200 56 25163 0 0
84 196 56 25167.2 0 0
83 197 57 25171.5 0 0
84 197 56 25175.7 0 0
83 195 56 25179.9 0 0
84 195 57 25184.1 0 0
84 197 57 25188.6 0 0
86 195 57 25193.1 0 0
82 190 56 25197.4 0 0
84 197 57 25201.6 0 0
85 188 57 25205.8 0 0
85 190 57 25210 0 0
83 190 57 25214.2 0 0
83 192 56 25218.7 0 0
86 191 56 25222.9 0 0
87 188 56 25227.4 0 0
83 193 56 25231.7 0 0
84 192 57 25236 0 0
86 191 57 25240.2 0 0
85 193 56 25244.4 0 0
82 192 56 25249 0 0
83 187 57 25253.4 0 0
84 192 56 25257.7 0 0
85 189 56 25261.9 0 0
82 189 56 25266.1 0 0
82 190 57 25270.3 0 0
83 188 56 25274.5 0 0
83 190 56 25278.8 0 0
83 193 56 25283 0 0
83 189 56 25287.6 0 0
83 192 56 25291.8 0 0
85 193 57 25296 0 0
83 193 56 25300.2 0 0
83 185 56 25304.5 0 0
86 193 57 25308.7 0 0
85 185 56 25314.8 0 0
82 192 56 25319.1 0 0
84 190 56 25323.3 0 0
84 190 56 25327.5 0 0
85 193 56 25331.8 0 0
84 192 56 25336 0 0
86 191 56 25340.2 0 0
82 193 56 25344.5 0 0
82 192 56 25348.8 0 0
83 190 56 25353.1 0 0
85 195 56 25357.3 0 0
86 189 56 25361.5 0 0
92 177 56 25365.7 0 0
97 160 57 25374.8 0 0
102 149 56 25379 0 0
107 129 56 25383.2 0 0
113 108 56 25387.5 0 0
115 98 56 25391.7 0 0
111 92 56 25395.9 0 0
115 94 56 25400.1 0 0
119 92 56 25404.3 0 0
116 82 56 25408.6 0 0
117 90 56 25412.8 0 0
114 87 56 25417.2 0 0
115 86 56 25421.5 0 0
114 81 56 25425.7 0 0
116 82 56 25429.9 0 0
117 86 56 25434.1 0 0
115 85 56 25438.3 0 0
115 81 56 25442.5 0 0
116 87 56 25446.8 0 0
117 83 56 25451 0 0
115 84 56 25455.2 0 0
116 84 56 25459.4 0 0
114 84 56 25463.6 0 0
117 87 56 25467.8 0 0
118 83 56 25472 0 0
115 82 56 25476.2 0 0
116 88 56 25480.5 0 0
117 81 56 25484.7 0 0
117 85 56 25488.9 0 0
115 82 56 25493.1 0 0
117 85 56 25497.3 0 0
114 88 56 25501.5 0 0
116 88 56 25505.8 0 0
115 86 56 25510 0 0
117 90 57 25514.2 0 0
117 90 56 25518.5 0 0
115 89 56 25522.7 0 0
116 90 56 25526.9 0 0
112 82 56 25531.1 0 0
118 86 56 25535.3 0 0
116 84 56 25540.1 0 0
117 85 56 25544.3 0 0
116 83 56 25548.5 0 0
114 82 56 25552.7 0 0
118 82 56 25557 0 0
115 83 56 25561.2 0 0
116 84 56 25565.4 0 0
113 85 56 25569.6 0 0
114 79 56 25573.9 0 0
116 81 56 25578.1 0 0
115 81 56 25582.3 0 0
116 81 56 25586.5 0 0
118 83 56 25590.7 0 0
117 83 56 25594.9 0 0
122 80 56 25599.2 0 0
122 78 56 25603.4 0 0
123 80 56 25607.6 0 0
124 76 56 25611.8 0 0
121 75 56 25616 0 0
120 77 56 25620.2 0 0
119 77 56 25624.4 0 0
123 81 56 25628.7 0 0
120 78 56 25635.4 0 0
121 75 56 25639.7 0 0
123 78 56 25643.9 0 0
121 81 56 25648.2 0 0
120 80 56 25652.4 0 0
119 78 56 25656.6 0 0
122 83 56 25660.8 0 0
120 76 56 25665.1 0 0
120 79 56 25669.3 0 0
122 78 56 25673.5 0 0
121 77 56 25677.7 0 0
124 81 56 25681.9 0 0
121 76 56 25686.1 0 0
124 82 56 25690.3 0 0
122 76 56 25694.6 0 0
120 80 56 25698.8 0 0
121 78 56 25703 0 0
124 79 56 25707.2 0 0
123 79 56 25711.4 0 0
124 79 56 25715.7 0 0
120 79 56 25719.9 0 0
123 83 56 25724.1 0 0
122 76 56 25728.3 0 0
123 78 56 25732.5 0 0
123 79 56 25736.8 0 0
123 79 56 25741 0 0
126 79 56 25746.9 0 0
121 79 56 25751.1 0 0
121 78 56 25755.3 0 0
125 79 56 25759.5 0 0
120 76 56 25763.8 0 0
125 80 56 25768 0 0
126 79 56 25772.2 0 0
120 78 56 25776.4 0 0
124 81 56 25780.7 0 0
123 80 56 25785 0 0
121 84 56 25789.2 0 0
122 81 56 25793.4 0 0
122 78 56 25797.6 0 0
119 76 56 25801.8 0 0
122 75 56 25806.1 0 0
123 81 56 25810.3 0 0
122 80 56 25814.5 0 0
124 80 56 25818.8 0 0
123 80 56 25823 0 0
122 79 56 25827.2 0 0
124 79 56 25831.4 0 0
120 83 56 25835.6 0 0
125 78 56 25839.8 0 0
120 82 56 25844.1 0 0
125 76 56 25848.3 0 0
122 79 56 25852.5 0 0
123 82 56 25856.7 0 0
121 76 56 25860.9 0 0
121 83 56 25865.1 0 0
122 78 56 25869.3 0 0
121 81 56 25873.5 0 0
121 80 56 25877.8 0 0
126 85 56 25882 0 0
121 82 56 25886.2 0 0
122 77 56 25890.4 0 0
123 81 56 25894.6 0 0
120 78 56 25898.8 0 0
122 80 56 25903 0 0
121 74 56 25907.2 0 0
123 83 56 25911.5 0 0
123 85 56 25915.7 0 0
123 79 56 25919.9 0 0
122 84 56 25924.1 0 0
122 81 56 25928.3 0 0
121 83 56 25932.5 0 0
123 76 56 25936.8 0 0
123 85 56 25941 0 0
122 83 56 25945.2 0 0
121 79 56 25949.4 0 0
122 85 57 25953.6 0 0
120 80 56 25957.8 0 0
122 81 57 25962 0 0
129 81 57 25966.2 0 0
139 77 57 25970.4 0 0
143 74 57 25974.7 0 0
145 75 57 25978.9 0 0
148 72 57 25983.1 0 0
148 73 56 25987.3 0 0
152 70 56 25991.5 0 0
148 72 57 25995.8 0 0
149 71 57 26000 0 0
148 72 56 26004.3 0 0
152 76 56 26008.6 0 0
149 72 56 26012.8 0 0
151 73 56 26017.1 0 0
148 73 56 26021.3 0 0
151 73 57 26025.5 0 0
148 73 57 26029.7 0 0
151 71 57 26034 0 0
150 76 57 26038.2 0 0
148 74 57 26042.5 0 0
152 75 57 26046.7 0 0
151 74 56 26050.9 0 0
152 73 56 26055.1 0 0
151 76 57 26059.3 0 0
150 73 57 26063.6 0 0
150 76 57 26067.8 0 0
149 73 57 26072 0 0
149 74 57 26076.3 0 0
151 74 57 26080.5 0 0
150 71 57 26084.7 0 0
151 71 57 26088.9 0 0
150 70 57 26093.1 0 0
150 72 57 26097.3 0 0
151 74 57 26101.5 0 0
151 73 57 26105.8 0 0
152 72 57 26110 0 0
153 75 57 26114.2 0 0
152 73 57 26118.4 0 0
151 71 57 26122.6 0 0
148 74 57 26126.8 0 0
147 75 57 26131.1 0 0
152 71 57 26135.3 0 0
150 71 57 26139.6 0 0
151 74 57 26143.8 0 0
149 80 57 26148 0 0
151 75 57 26152.2 0 0
150 75 57 26156.4 0 0
150 76 57 26160.6 0 0
150 72 57 26164.8 0 0
152 73 57 26169.1 0 0
153 69 57 26173.3 0 0
150 72 57 26177.5 0 0
151 71 57 26181.7 0 0
150 74 57 26185.9 0 0
151 75 57 26190.1 0 0
150 69 57 26194.3 0 0
151 75 57 26198.6 0 0
153 71 57 26202.8 0 0
150 72 57 26207 0 0
149 72 57 26211.2 0 0
152 72 57 26215.4 0 0
152 72 57 26219.6 0 0
151 70 57 26223.9 0 0
149 71 57 26230.8 0 0
149 72 57 26235.1 0 0
151 70 57 26239.3 0 0
148 73 57 26243.5 0 0
151 68 57 26247.7 0 0
153 75 57 26251.9 0 0
151 70 57 26256.2 0 0
149 71 57 26260.4 0 0
152 75 57 26264.6 0 0
147 80 57 26268.8 0 0
138 83 57 26273 0 0
132 91 57 26277.2 0 0
130 98 57 26281.4 0 0
125 105 57 26285.7 0 0
125 122 57 26290.4 0 0
126 147 57 26294.6 0 0
124 155 57 26301.5 0 0
117 167 56 26305.7 0 0
120 167 57 26310 0 0
119 165 57 26314.2 0 0
121 150 57 26318.4 0 0
118 146 57 26322.7 0 0
122 147 57 26326.9 0 0
116 151 57 26331.1 0 0
120 155 57 26335.3 0 0
118 153 57 26339.5 0 0
117 154 57 26343.8 0 0
118 155 57 26348 0 0
119 151 57 26352.3 0 0
122 154 57 26356.5 0 0
120 150 57 26360.7 0 0
117 151 57 26364.9 0 0
119 150 57 26369.1 0 0
119 150 57 26373.4 0 0
119 152 57 26377.6 0 0
117 156 57 26381.8 0 0
119 155 57 26386 0 0
118 157 57 26393.1 0 0
116 154 57 26401.6 0 0
118 152 57 26409.9 0 0
118 157 57 26418.1 0 0
118 157 57 26426.6 0 0
118 157 57 26434.4 0 0
119 154 57 26438.6 0 0
121 156 57 26443.1 0 0
119 151 57 26447.3 0 0
116 153 57 26451.6 0 0
119 154 57 26455.8 0 0
118 150 57 26460 0 0
117 152 57 26464.2 0 0
122 151 57 26468.4 0 0
117 151 57 26472.6 0 0
116 152 57 26476.8 0 0
117 153 57 26481.1 0 0
118 149 57 26485.3 0 0
121 152 57 26489.5 0 0
117 152 57 26493.7 0 0
117 149 57 26497.9 0 0
117 153 57 26502.2 0 0
121 150 57 26506.4 0 0
118 147 57 26510.6 0 0
115 153 57 26514.8 0 0
109 159 57 26519 0 0
99 174 57 26523.2 0 0
91 184 57 26527.5 0 0
86 188 57 26531.7 0 0
79 188 57 26535.9 0 0
77 187 57 26543 0 0
75 190 57 26547.2 0 0
77 191 57 26551.4 0 0
77 190 57 26555.6 0 0
78 192 57 26559.9 0 0
78 191 57 26564.1 0 0
77 189 57 26568.3 0 0
75 194 57 26572.5 0 0
73 191 57 26576.8 0 0
74 191 57 26581 0 0
74 192 57 26585.2 0 0
75 189 57 26589.4 0 0
77 193 57 26593.6 0 0
75 194 57 26597.8 0 0
76 191 57 26602.5 0 0
75 193 57 26606.7 0 0
76 192 57 26610.9 0 0
73 192 57 26615.1 0 0
73 193 57 26619.3 0 0
75 193 57 26626.4 0 0
76 193 57 26630.7 0 0
76 196 57 26634.9 0 0
74 192 57 26639.1 0 0
74 192 57 26643.3 0 0
74 189 57 26647.5 0 0
75 195 57 26651.7 0 0
74 188 57 26656 0 0
74 196 57 26660.4 0 0
77 194 57 26664.8 0 0
73 193 57 26669 0 0
75 192 57 26673.2 0 0
75 195 57 26677.4 0 0
75 195 57 26681.6 0 0
76 196 57 26685.8 0 0
73 196 57 26690 0 0
73 196 57 26694.3 0 0
74 194 57 26700 0 0
74 194 57 26704.2 0 0
75 196 57 26708.4 0 0
73 195 57 26712.6 0 0
74 195 57 26716.9 0 0
79 191 57 26721.1 0 0
74 194 57 26725.3 0 0
74 193 57 26729.5 0 0
76 193 57 26733.7 0 0
72 200 57 26738 0 0
74 201 57 26742.1 0 0
73 192 57 26746.3 0 0
74 199 57 26750.6 0 0
77 195 57 26754.8 0 0
72 193 57 26759 0 0
74 200 57 26763.2 0 0
76 196 57 26767.4 0 0
73 198 57 26771.6 0 0
78 199 57 26775.8 0 0
75 200 57 26780.1 0 0
75 199 57 26784.3 0 0
75 199 57 26788.5 0 0
77 200 57 26792.7 0 0
72 197 57 26797 0 0
75 198 57 26801.2 0 0
74 199 57 26805.4 0 0
75 197 57 26809.6 0 0
74 199 57 26813.8 0 0
73 196 57 26818.1 0 0
74 197 57 26822.3 0 0
75 196 57 26826.5 0 0
72 199 57 26830.8 0 0
73 197 57 26835 0 0
75 198 57 26839.2 0 0
86 195 58 26843.4 0 0
97 191 58 26847.6 0 0
108 195 58 26851.8 0 0
111 194 58 26856 0 0
117 196 58 26860.2 0 0
129 196 58 26864.4 0 0
139 196 57 26868.7 0 0
151 199 57 26872.9 0 0
160 202 57 26877.1 0 0
167 204 56 26881.3 0 0
177 201 56 26885.5 0 0
192 206 56 26889.8 0 0
194 202 56 26894 0 0
194 204 56 26901.1 0 0
191 201 56 26905.3 0 0
191 206 56 26909.6 0 0
191 201 56 26913.8 0 0
195 201 56 26918 0 0
195 201 56 26922.3 0 0
195 202 56 26926.5 0 0
195 200 56 26930.7 0 0
194 201 56 26934.9 0 0
195 201 56 26939.2 0 0
193 200 56 26943.4 0 0
193 201 56 26947.6 0 0
194 200 56 26951.8 0 0
193 201 56 26956 0 0
196 200 56 26960.2 0 0
194 201 56 26964.4 0 0
195 200 56 26968.7 0 0
196 200 56 26972.9 0 0
192 202 56 26977.4 0 0
195 200 56 26981.7 0 0
192 203 56 26988.3 0 0
195 200 56 26992.6 0 0
192 201 56 26996.8 0 0
195 194 55 27001 0 0
195 200 56 27005.3 0 0
198 208 56 27009.5 0 0
195 200 56 27013.7 0 0
193 195 55 27017.9 0 0
198 207 56 27022.1 0 0
194 200 56 27026.3 0 0
193 203 55 27030.6 0 0
194 192 55 27034.8 0 0
196 206 56 27039 0 0
194 200 55 27043.2 0 0
195 200 56 27047.4 0 0
195 202 56 27051.7 0 0
192 194 55 27055.9 0 0
193 202 56 27060.1 0 0
196 194 55 27064.3 0 0
195 195 55 27068.5 0 0
198 193 55 27072.8 0 0
195 203 56 27077 0 0
195 195 55 27081.2 0 0
196 203 56 27085.4 0 0
193 195 55 27089.6 0 0
191 202 56 27093.8 0 0
193 194 55 27100.7 0 0
195 201 56 27105 0 0
196 194 55 27109.2 0 0
194 201 56 27113.5 0 0
196 195 55 27117.7 0 0
197 194 55 27122 0 0
195 196 55 27126.2 0 0
192 195 55 27130.5 0 0
196 197 55 27134.7 0 0
196 192 55 27138.9 0 0
196 194 55 27143.1 0 0
197 197 55 27147.3 0 0
195 195 55 27151.5 0 0
195 191 55 27155.8 0 0
194 197 56 27160 0 0
198 196 56 27164.2 0 0
195 200 56 27168.5 0 0
195 189 55 27172.7 0 0
193 196 56 27176.9 0 0
194 190 55 27181.1 0 0
196 189 55 27185.3 0 0
198 194 55 27189.5 0 0
198 194 55 27193.8 0 0
199 183 55 27200 0 0
200 167 55 27204.2 0 0
201 149 55 27208.4 0 0
199 135 55 27212.6 0 0
199 118 55 27216.9 0 0
194 102 55 27221.1 0 0
195 95 55 27225.3 0 0
194 90 55 27229.6 0 0
196 90 55 27233.8 0 0
195 88 55 27238 0 0
196 85 55 27242.2 0 0
193 93 55 27251.5 0 0
194 90 55 27258 0 0
196 84 55 27262.2 0 0
193 84 55 27266.4 0 0
194 84 55 27270.6 0 0
194 87 55 27274.8 0 0
193 83 55 27279 0 0
197 83 55 27283.3 0 0
195 84 55 27287.5 0 0
195 88 55 27291.8 0 0
194 82 55 27296 0 0
195 87 55 27300.2 0 0
196 82 55 27304.4 0 0
196 79 55 27308.6 0 0
195 80 55 27312.8 0 0
196 82 55 27317 0 0
191 83 55 27321.7 0 0
195 79 55 27325.9 0 0
196 81 55 27330.1 0 0
193 80 55 27334.3 0 0
195 84 55 27338.5 0 0
195 83 55 27342.8 0 0
194 82 55 27347 0 0
193 82 55 27351.3 0 0
192 79 55 27355.5 0 0
196 80 55 27359.7 0 0
197 79 55 27363.9 0 0
193 80 55 27368.1 0 0
194 81 55 27372.3 0 0
193 78 55 27376.6 0 0
194 83 55 27380.8 0 0
194 83 55 27385.1 0 0
192 84 55 27389.3 0 0
197 80 55 27393.5 0 0
196 81 55 27397.7 0 0
196 84 55 27401.9 0 0
196 79 55 27406.1 0 0
195 83 55 27410.3 0 0
192 82 55 27414.6 0 0
192 83 55 27418.8 0 0
193 83 55 27423 0 0
193 80 55 27427.3 0 0
193 79 55 27431.5 0 0
194 78 55 27435.7 0 0
188 66 55 27440 0 0
184 61 55 27444.3 0 0
184 55 56 27448.5 0 0
179 51 56 27452.8 0 0
180 49 55 27457 0 0
180 51 55 27461.2 0 0
176 49 55 27465.3 0 0
180 49 56 27469.6 0 0
181 58 55 27473.8 0 0
181 54 55 27478 0 0
179 52 55 27482.3 0 0
179 46 56 27486.5 0 0
179 51 56 27490.7 0 0
177 50 56 27494.9 0 0
182 50 55 27499.1 0 0
181 51 56 27503.3 0 0
183 45 56 27507.6 0 0
181 48 56 27511.8 0 0
182 48 55 27516 0 0
180 52 56 27520.2 0 0
180 47 56 27524.4 0 0
183 49 55 27528.6 0 0
178 51 56 27532.8 0 0
181 47 56 27537.1 0 0
182 47 56 27541.3 0 0
176 50 56 27545.5 0 0
181 51 56 27549.7 0 0
184 50 56 27553.9 0 0
182 45 56 27558.1 0 0
179 44 55 27562.4 0 0
179 44 56 27566.6 0 0
178 49 56 27570.8 0 0
179 44 56 27575.1 0 0
177 49 56 27579.3 0 0
180 45 56 27583.5 0 0
178 47 56 27587.7 0 0
178 51 56 27591.9 0 0
179 52 56 27596.1 0 0
182 44 56 27600.3 0 0
179 52 56 27604.6 0 0
183 46 56 27608.8 0 0
176 50 56 27613 0 0
181 48 56 27617.2 0 0
177 44 56 27621.4 0 0
180 49 55 27625.6 0 0
179 49 56 27629.8 0 0
179 49 56 27634 0 0
178 46 56 27638.3 0 0
181 46 56 27642.5 0 0
179 46 56 27646.7 0 0
177 49 56 27650.9 0 0
180 44 56 27655.1 0 0
177 49 56 27659.4 0 0
177 42 56 27663.7 0 0
179 47 56 27667.9 0 0
180 47 56 27672.1 0 0
182 45 56 27676.3 0 0
178 49 55 27680.5 0 0
178 44 56 27684.8 0 0
182 45 56 27689 0 0
180 47 56 27693.2 0 0
181 46 56 27697.5 0 0
179 46 56 27701.7 0 0
182 47 56 27705.9 0 0
182 43 56 27710.1 0 0
180 47 56 27714.3 0 0
178 47 56 27718.7 0 0
179 45 56 27722.9 0 0
177 47 56 27727.1 0 0
173 50 56 27731.4 0 0
163 53 56 27735.6 0 0
150 55 57 27740.7 0 0
143 56 57 27745 0 0
134 62 57 27749.2 0 0
121 58 57 27753.4 0 0
116 57 57 27757.7 0 0
106 60 57 27761.9 0 0
97 55 57 27766.1 0 0
90 54 57 27770.3 0 0
89 59 57 27774.5 0 0
92 59 56 27778.7 0 0
95 56 56 27782.9 0 0
95 59 57 27787.2 0 0
90 58 57 27791.4 0 0
87 58 57 27795.6 0 0
87 58 56 27799.9 0 0
86 56 57 27804.1 0 0
90 61 57 27808.3 0 0
89 58 57 27812.5 0 0
87 57 56 27816.7 0 0
87 56 56 27821 0 0
86 57 56 27825.2 0 0
90 58 56 27829.4 0 0
88 57 57 27833.6 0 0
90 59 57 27837.8 0 0
88 59 56 27842.1 0 0
91 51 57 27846.3 0 0
85 55 56 27850.5 0 0
89 56 57 27854.7 0 0
89 56 57 27859 0 0
90 58 56 27863.2 0 0
90 57 56 27867.4 0 0
86 55 56 27871.6 0 0
88 57 56 27875.8 0 0
87 53 56 27880 0 0
88 57 56 27884.2 0 0
90 57 57 27888.4 0 0
86 56 56 27892.6 0 0
90 53 57 27896.8 0 0
86 51 56 27901 0 0
87 54 56 27905.3 0 0
88 50 57 27909.5 0 0
87 47 56 27913.8 0 0
87 56 56 27918.5 0 0
86 51 57 27922.7 0 0
88 54 57 27926.9 0 0
91 55 57 27931.1 0 0
88 56 56 27935.3 0 0
85 46 56 27939.5 0 0
90 56 57 27943.8 0 0
88 54 57 27948 0 0
91 61 57 27952.2 0 0
89 52 56 27956.5 0 0
89 52 57 27960.7 0 0
88 59 57 27964.8 0 0
87 47 56 27969.5 0 0
86 49 57 27973.7 0 0
81 35 56 27977.9 0 0
73 16 56 27982.2 0 0
72 5 56 27986.4 0 0
71 2 56 27999 0 0
70 6 57 28007.5 0 0
74 11 56 28011.7 0 0
72 8 56 28015.9 0 0
74 5 56 28020.2 0 0
70 4 56 28024.5 0 0
71 2 56 28028.7 0 0
70 2 56 28041.4 0 0
70 4 56 28045.6 0 0
72 7 56 28062.4 0 0
71 4 56 28075.1 0 0
70 1 57 28087.7 0 0
73 4 56 28096.2 0 0
68 5 56 28104.7 0 0
69 3 57 28108.9 0 0
72 3 56 28113.1 0 0
73 7 56 28117.3 0 0
69 4 56 28125.8 0 0
72 6 56 28130 0 0
71 3 56 28134.2 0 0
71 1 56 28138.5 0 0
71 2 57 28146.8 0 0
72 2 57 28155.3 0 0
69 2 56 28219.2 0 0
70 4 56 28231.9 0 0
69 6 56 28240.3 0 0
70 3 56 28253 0 0
70 1 57 28278.4 0 0
72 8 57 28333.3 0 0
72 2 56 28341.8 0 0
69 1 56 28346 0 0
71 5 56 28354.5 0 0
66 1 57 28358.7 0 0
74 5 57 28362.9 0 0
72 5 57 28367.1 0 0
70 2 56 28379.7 0 0
72 5 57 28409.5 0 0
73 11 57 28413.9 0 0
70 3 57 28418.1 0 0
67 2 57 28422.3 0 0
10 4 56 28850.6 0 0
20 29 56 28854.8 0 0
47 86 57 28859 0 0
61 106 57 28863.2 0 0
70 125 57 28867.4 0 0
76 133 57 28871.6 0 0
81 144 57 28875.8 0 0
90 170 57 28880.1 0 0
91 180 57 28884.3 0 0
92 182 57 28888.5 0 0
97 195 57 28892.7 0 0
100 181 57 28896.9 0 0
103 188 57 28901.1 0 0
103 196 57 28905.3 0 0
102 193 57 28909.6 0 0
97 193 57 28913.8 0 0
101 188 57 28918 0 0
101 186 57 28922.2 0 0
103 195 57 28926.5 0 0
104 196 57 28930.7 0 0
104 196 57 28934.9 0 0
106 195 57 28939.1 0 0
104 196 57 28943.3 0 0
103 196 57 28947.6 0 0
105 195 57 28951.8 0 0
103 194 57 28956 0 0
105 195 57 28960.2 0 0
103 194 57 28964.4 0 0
106 193 57 28968.8 0 0
104 193 57 28973 0 0
104 192 57 28977.3 0 0
103 196 57 28981.5 0 0
102 196 57 28985.7 0 0
103 194 57 28989.9 0 0
103 193 57 28994.1 0 0
105 193 57 28998.3 0 0
103 195 57 29002.5 0 0
105 191 57 29006.8 0 0
101 194 57 29011 0 0
101 195 57 29015.2 0 0
103 193 57 29019.5 0 0
102 195 57 29023.7 0 0
103 194 57 29027.9 0 0
104 196 57 29032.1 0 0
105 194 57 29036.3 0 0
104 195 57 29040.6 0 0
105 196 57 29044.8 0 0
105 194 57 29049 0 0
104 195 58 29053.3 0 0
106 192 57 29057.5 0 0
103 196 57 29061.8 0 0
107 192 57 29066 0 0
106 194 57 29070.3 0 0
105 193 58 29074.5 0 0
104 195 57 29078.7 0 0
104 194 58 29082.9 0 0
104 194 57 29087.1 0 0
106 196 57 29091.3 0 0
102 194 58 29095.5 0 0
103 196 57 29099.8 0 0
103 192 58 29104 0 0
103 194 58 29108.2 0 0
105 194 58 29112.4 0 0
104 192 58 29116.6 0 0
104 194 57 29120.8 0 0
103 193 57 29125 0 0
104 195 57 29129.3 0 0
103 195 57 29134.1 0 0
103 195 57 29138.3 0 0
105 196 57 29142.5 0 0
108 193 57 29146.8 0 0
107 196 57 29151 0 0
104 197 57 29155.2 0 0
103 194 57 29159.5 0 0
104 194 57 29163.8 0 0
107 193 57 29168.1 0 0
105 193 57 29172.3 0 0
107 193 58 29176.5 0 0
105 193 57 29180.7 0 0
105 193 58 29184.9 0 0
104 195 57 29189.1 0 0
104 194 57 29193.3 0 0
108 194 57 29197.6 0 0
107 194 57 29201.8 0 0
107 194 57 29206 0 0
104 195 58 29210.2 0 0
105 194 57 29214.4 0 0
105 194 58 29218.8 0 0
106 195 57 29223 0 0
107 194 57 29227.2 0 0
104 195 58 29231.5 0 0
105 193 57 29235.7 0 0
105 193 58 29239.9 0 0
105 194 58 29244.1 0 0
107 193 57 29248.3 0 0
106 192 58 29252.5 0 0
105 194 57 29256.8 0 0
105 195 57 29261 0 0
106 196 57 29265.2 0 0
105 196 58 29269.4 0 0
104 194 57 29273.6 0 0
106 195 58 29277.8 0 0
105 194 58 29282.1 0 0
106 194 58 29286.3 0 0
105 194 58 29290.5 0 0
108 193 57 29294.8 0 0
105 193 58 29299 0 0
106 194 58 29303.2 0 0
107 194 58 29307.4 0 0
107 192 58 29311.6 0 0
111 192 58 29315.8 0 0
116 190 58 29320.1 0 0
124 189 58 29324.3 0 0
129 186 58 29328.5 0 0
133 185 58 29332.7 0 0
131 184 57 29336.9 0 0
128 186 57 29341.1 0 0
131 184 57 29345.3 0 0
126 186 57 29349.5 0 0
128 183 58 29353.8 0 0
130 185 57 29358 0 0
129 185 57 29362.2 0 0
132 185 57 29366.4 0 0
131 185 57 29370.6 0 0
131 184 57 29374.9 0 0
133 185 57 29379.1 0 0
130 186 58 29383.5 0 0
131 184 57 29387.7 0 0
131 187 57 29391.9 0 0
130 185 58 29396.1 0 0
129 187 58 29400.3 0 0
127 185 57 29404.6 0 0
128 184 58 29408.8 0 0
134 190 58 29413.1 0 0
132 190 58 29417.3 0 0
129 187 58 29421.5 0 0
130 190 58 29425.7 0 0
130 184 58 29429.9 0 0
131 185 57 29434.1 0 0
129 186 58 29438.5 0 0
132 186 58 29442.8 0 0
131 184 57 29447 0 0
133 185 57 29451.2 0 0
130 186 57 29455.5 0 0
133 186 58 29459.7 0 0
129 182 57 29463.9 0 0
131 182 57 29468.3 0 0
130 192 58 29472.5 0 0
131 190 58 29476.8 0 0
132 191 57 29481 0 0
130 188 57 29485.2 0 0
132 190 58 29489.4 0 0
131 185 58 29493.7 0 0
131 185 58 29497.9 0 0
131 188 58 29502.1 0 0
133 183 57 29506.3 0 0
130 184 58 29510.5 0 0
130 192 58 29514.8 0 0
131 191 58 29519 0 0
140 185 58 29523.2 0 0
149 197 58 29527.4 0 0
154 218 57 29531.6 0 0
201 239 55 29653.9 0 0
202 236 55 29658.1 0 0
202 236 55 29662.4 0 0
201 228 55 29668.8 0 0
205 222 55 29673 0 0
208 220 55 29677.2 0 0
205 218 56 29681.4 0 0
205 210 56 29685.6 0 0
204 208 56 29689.8 0 0
207 205 56 29694 0 0
207 203 56 29698.2 0 0
209 203 56 29702.5 0 0
207 202 56 29706.7 0 0
206 202 56 29710.9 0 0
207 202 56 29715.1 0 0
209 203 56 29719.5 0 0
207 201 56 29723.7 0 0
207 203 56 29727.9 0 0
207 203 56 29732.1 0 0
207 201 56 29736.3 0 0
208 203 56 29740.5 0 0
208 193 56 29744.8 0 0
206 198 56 29749 0 0
206 199 56 29753.2 0 0
207 198 56 29757.5 0 0
204 193 55 29761.7 0 0
204 198 56 29765.9 0 0
208 199 56 29770.1 0 0
209 200 56 29774.3 0 0
205 198 56 29778.5 0 0
206 202 56 29782.7 0 0
210 200 56 29787 0 0
208 203 56 29791.2 0 0
205 201 56 29795.4 0 0
210 196 56 29799.6 0 0
209 201 56 29803.8 0 0
208 199 56 29808 0 0
208 202 56 29812.2 0 0
206 201 56 29816.5 0 0
208 201 56 29823.2 0 0
209 201 56 29827.5 0 0
208 201 56 29831.7 0 0
207 193 56 29835.9 0 0
208 196 56 29840.2 0 0
207 195 56 29844.4 0 0
209 196 56 29848.6 0 0
205 195 56 29852.8 0 0
207 194 56 29857.1 0 0
213 193 56 29861.3 0 0
219 182 56 29865.5 0 0
225 171 55 29869.7 0 0
229 170 55 29873.9 0 0
229 170 55 29878.1 0 0
231 170 55 29882.3 0 0
233 167 54 29886.5 0 0
234 168 54 29890.8 0 0
233 168 54 29895 0 0
231 171 55 29899.2 0 0
232 172 54 29903.4 0 0
233 167 54 29907.6 0 0
232 168 54 29911.8 0 0
235 165 55 29916.1 0 0
235 165 54 29920.3 0 0
232 167 54 29924.5 0 0
232 167 54 29928.7 0 0
233 168 54 29934.4 0 0
233 163 55 29938.7 0 0
235 167 54 29943.9 0 0
231 167 54 29948.1 0 0
232 168 54 29952.4 0 0
234 165 55 29956.6 0 0
233 164 55 29960.8 0 0
234 165 55 29965.2 0 0
234 165 55 29969.4 0 0
233 166 55 29973.6 0 0
235 164 55 29977.8 0 0
231 161 55 29982 0 0
232 174 55 29986.2 0 0
233 160 55 29990.4 0 0
233 166 55 29994.7 0 0
231 160 55 29998.9 0 0
232 167 54 30003.1 0 0
232 165 55 30007.3 0 0
232 164 55 30011.5 0 0
233 164 55 30015.8 0 0
232 165 55 30020 0 0
230 165 55 30024.2 0 0
232 165 55 30028.4 0 0
231 163 55 30032.6 0 0
231 163 55 30036.9 0 0
234 165 55 30043.8 0 0
232 165 55 30048 0 0
228 165 55 30052.2 0 0
234 171 55 30056.4 0 0
231 161 55 30060.6 0 0
233 165 55 30064.8 0 0
230 162 55 30069 0 0
232 165 55 30073.3 0 0
229 165 55 30077.5 0 0
221 167 56 30081.7 0 0
210 172 56 30085.9 0 0
195 174 57 30090.1 0 0
188 178 57 30094.3 0 0
175 184 57 30098.6 0 0
162 190 57 30104.4 0 0
151 186 58 30108.6 0 0
129 185 58 30112.8 0 0
119 193 58 30117 0 0
109 197 59 30121.2 0 0
101 197 59 30125.5 0 0
93 197 58 30129.7 0 0
86 190 58 30133.9 0 0
83 197 58 30138.1 0 0
85 199 58 30142.3 0 0
89 202 58 30150.7 0 0
91 229 58 30155 0 0
81 221 58 30159.2 0 0
83 209 58 30163.5 0 0
83 200 58 30167.7 0 0
81 199 58 30171.9 0 0
81 200 58 30176.1 0 0
82 195 58 30180.3 0 0
81 202 58 30184.6 0 0
83 201 58 30188.8 0 0
85 191 58 30193.1 0 0
83 195 58 30197.3 0 0
90 217 58 30201.6 0 0
85 194 58 30205.8 0 0
83 192 58 30210 0 0
81 204 58 30214.2 0 0
83 196 58 30218.4 0 0
84 194 58 30222.6 0 0
84 192 58 30226.8 0 0
84 194 58 30231 0 0
83 190 58 30235.2 0 0
83 190 58 30239.5 0 0
83 195 58 30243.7 0 0
83 190 58 30247.9 0 0
83 193 58 30252.1 0 0
86 186 58 30256.4 0 0
84 193 58 30260.6 0 0
81 188 58 30264.8 0 0
84 193 58 30269 0 0
83 191 58 30273.2 0 0
83 199 58 30277.4 0 0
82 200 57 30281.7 0 0
85 197 58 30285.9 0 0
80 185 58 30290.2 0 0
82 202 58 30294.4 0 0
81 198 58 30298.6 0 0
82 200 58 30302.8 0 0
84 197 58 30307 0 0
81 197 58 30311.2 0 0
82 191 58 30315.5 0 0
84 197 58 30319.7 0 0
82 191 57 30323.9 0 0
84 196 57 30328.1 0 0
84 192 58 30332.3 0 0
84 196 58 30336.5 0 0
82 197 58 30340.8 0 0
82 188 58 30345 0 0
83 195 58 30349.2 0 0
84 186 58 30353.4 0 0
84 190 58 30357.7 0 0
82 191 58 30361.9 0 0
82 192 58 30366.1 0 0
79 195 58 30370.3 0 0
76 208 58 30374.5 0 0
63 192 58 30378.7 0 0
53 182 58 30382.9 0 0
43 182 58 30387.1 0 0
37 180 57 30391.3 0 0
35 179 57 30395.5 0 0
30 176 57 30399.8 0 0
33 180 57 30404 0 0
30 174 57 30408.2 0 0
33 172 57 30412.4 0 0
35 182 57 30416.7 0 0
35 179 57 30420.9 0 0
30 173 57 30425.1 0 0
31 180 57 30429.3 0 0
34 173 57 30433.5 0 0
30 173 56 30437.7 0 0
31 174 57 30442 0 0
27 163 57 30446.2 0 0
30 171 57 30450.4 0 0
29 176 57 30454.6 0 0
30 178 57 30458.8 0 0
32 176 57 30463 0 0
29 175 57 30467.2 0 0
31 175 57 30471.4 0 0
27 172 56 30475.6 0 0
32 177 56 30479.9 0 0
28 176 57 30484.1 0 0
29 178 56 30488.3 0 0
31 174 56 30492.5 0 0
30 176 56 30496.7 0 0
31 177 56 30501 0 0
30 176 56 30505.2 0 0
28 175 56 30509.4 0 0
31 176 56 30513.6 0 0
29 176 56 30517.8 0 0
27 177 56 30522 0 0
31 176 56 30526.2 0 0
30 176 56 30530.5 0 0
29 175 56 30534.7 0 0
29 177 56 30538.9 0 0
26 175 56 30543.1 0 0
27 178 56 30547.3 0 0
30 175 56 30551.5 0 0
27 174 56 30555.7 0 0
30 177 56 30560 0 0
28 176 56 30564.2 0 0
32 177 56 30568.4 0 0
29 176 56 30572.7 0 0
28 173 56 30576.9 0 0
31 175 56 30581.1 0 0
30 177 56 30585.3 0 0
29 172 56 30589.6 0 0
31 177 56 30593.8 0 0
28 179 56 30598 0 0
29 176 56 30602.7 0 0
28 179 56 30606.9 0 0
30 173 56 30611.1 0 0
29 175 56 30615.4 0 0
28 175 56 30619.6 0 0
29 173 56 30623.8 0 0
31 180 56 30628 0 0
29 178 56 30632.2 0 0
31 175 56 30636.5 0 0
26 174 56 30640.7 0 0
28 175 55 30644.9 0 0
27 178 56 30649.1 0 0
29 181 56 30653.3 0 0
26 173 55 30657.6 0 0
27 178 56 30661.8 0 0
26 177 56 30666 0 0
27 175 55 30670.2 0 0
27 174 56 30674.5 0 0
28 175 56 30678.7 0 0
29 173 55 30682.9 0 0
29 177 56 30687.1 0 0
26 174 55 30691.3 0 0
29 174 55 30695.5 0 0
29 181 55 30699.8 0 0
28 180 55 30704 0 0
28 179 55 30708.2 0 0
29 186 56 30712.4 0 0
29 179 55 30716.6 0 0
29 182 55 30720.9 0 0
30 180 55 30725.2 0 0
26 178 55 30729.5 0 0
29 182 56 30733.7 0 0
29 180 55 30737.9 0 0
30 179 55 30742.1 0 0
29 180 55 30746.3 0 0
29 179 55 30750.5 0 0
29 181 55 30754.8 0 0
29 177 55 30759 0 0
27 182 56 30763.2 0 0
30 177 56 30767.4 0 0
39 176 56 30771.6 0 0
55 162 57 30775.8 0 0
68 160 57 30780 0 0
77 149 57 30784.2 0 0
88 148 58 30788.4 0 0
98 148 57 30792.6 0 0
108 137 57 30797 0 0
118 126 57 30801.2 0 0
129 126 57 30805.5 0 0
139 126 57 30809.7 0 0
147 121 57 30813.9 0 0
158 116 56 30818.2 0 0
164 113 56 30822.4 0 0
172 108 56 30826.6 0 0
177 103 56 30830.8 0 0
175 107 56 30835 0 0
175 109 56 30839.2 0 0
173 106 55 30843.5 0 0
172 112 56 30847.7 0 0
174 107 56 30851.9 0 0
178 105 56 30856.1 0 0
176 108 56 30860.3 0 0
175 102 56 30864.5 0 0
178 119 56 30868.7 0 0
178 119 56 30872.9 0 0
176 120 55 30877.2 0 0
179 120 56 30881.4 0 0
178 119 56 30885.6 0 0
178 114 56 30889.8 0 0
177 108 56 30894 0 0
176 106 56 30898.3 0 0
178 104 56 30902.5 0 0
177 112 56 30906.7 0 0
179 109 56 30910.9 0 0
173 111 56 30915.1 0 0
177 105 56 30919.3 0 0
178 108 56 30923.5 0 0
176 104 55 30927.8 0 0
177 107 56 30932 0 0
175 105 56 30936.2 0 0
175 108 56 30940.4 0 0
177 107 56 30944.6 0 0
177 104 56 30948.8 0 0
177 108 56 30953 0 0
177 107 56 30957.2 0 0
179 109 56 30961.5 0 0
178 102 55 30965.7 0 0
178 107 56 30969.9 0 0
175 106 56 30974.1 0 0
177 110 56 30978.4 0 0
177 102 56 30982.6 0 0
177 106 56 30986.8 0 0
177 105 56 30991 0 0
177 105 56 30995.2 0 0
177 107 56 30999.4 0 0
176 102 56 31003.6 0 0
176 109 56 31007.9 0 0
178 104 56 31012.1 0 0
177 106 56 31016.3 0 0
180 101 56 31020.5 0 0
182 103 56 31024.7 0 0
192 93 56 31028.9 0 0
198 89 56 31033.1 0 0
204 79 55 31037.4 0 0
201 73 55 31041.7 0 0
202 63 55 31046.1 0 0
199 66 55 31050.3 0 0
198 68 55 31054.5 0 0
197 69 55 31058.7 0 0
198 68 55 31062.9 0 0
200 68 55 31067.1 0 0
202 72 55 31071.5 0 0
201 72 55 31075.7 0 0
202 67 55 31079.9 0 0
200 66 55 31084.1 0 0
203 69 55 31088.3 0 0
200 71 55 31092.5 0 0
203 69 55 31096.7 0 0
202 67 55 31101 0 0
200 67 55 31105.2 0 0
202 67 55 31109.4 0 0
201 66 55 31113.6 0 0
199 71 55 31117.8 0 0
202 66 55 31122 0 0
200 65 55 31126.2 0 0
202 65 55 31130.5 0 0
202 68 55 31134.7 0 0
202 66 55 31138.9 0 0
202 67 55 31143.1 0 0
200 64 55 31147.3 0 0
201 68 55 31151.5 0 0
202 67 55 31155.8 0 0
203 67 55 31160 0 0
202 65 55 31164.2 0 0
199 66 55 31168.4 0 0
201 67 55 31172.6 0 0
199 66 55 31176.8 0 0
203 67 55 31181 0 0
202 65 55 31185.3 0 0
201 67 55 31189.5 0 0
201 66 55 31193.7 0 0
204 64 55 31198 0 0
202 65 55 31202.2 0 0
202 63 55 31206.4 0 0
203 65 55 31210.6 0 0
203 60 55 31214.8 0 0
201 68 55 31219 0 0
201 65 55 31223.2 0 0
201 67 55 31227.5 0 0
202 65 55 31231.7 0 0
199 70 55 31235.9 0 0
201 65 55 31240.1 0 0
203 64 55 31244.3 0 0
201 68 55 31254.2 0 0
202 67 55 31258.5 0 0
205 66 55 31263.5 0 0
204 63 55 31267.8 0 0
203 65 55 31272 0 0
200 62 55 31276.2 0 0
202 62 55 31280.4 0 0
200 64 55 31284.7 0 0
203 65 55 31288.9 0 0
203 66 55 31293.1 0 0
202 68 55 31297.3 0 0
203 65 55 31301.6 0 0
201 68 55 31305.8 0 0
204 71 55 31310 0 0
210 85 55 31314.2 0 0
216 100 55 31319.2 0 0
222 128 54 31323.4 0 0
227 136 53 31330.2 0 0
231 152 53 31334.5 0 0
231 162 53 31338.7 0 0
230 169 54 31343.5 0 0
227 170 54 31348.3 0 0
229 176 54 31352.5 0 0
232 173 54 31359.2 0 0
230 173 54 31363.7 0 0
228 174 54 31367.9 0 0
233 175 54 31372.1 0 0
230 178 54 31376.3 0 0
232 177 54 31380.6 0 0
232 176 54 31384.8 0 0
232 171 54 31389 0 0
231 177 54 31393.2 0 0
230 177 54 31397.4 0 0
232 176 54 31401.6 0 0
229 175 54 31405.8 0 0
232 176 54 31410.1 0 0
232 175 54 31414.3 0 0
231 176 54 31418.5 0 0
231 174 54 31422.7 0 0
232 172 54 31426.9 0 0
234 174 54 31431.1 0 0
230 172 54 31435.4 0 0
231 174 54 31439.6 0 0
232 173 54 31443.8 0 0
232 176 54 31448.1 0 0
232 174 54 31455.1 0 0
231 175 54 31459.3 0 0
231 175 54 31463.5 0 0
231 176 54 31467.8 0 0
231 175 54 31472 0 0
231 176 54 31476.3 0 0
231 174 54 31480.6 0 0
233 169 54 31484.8 0 0
234 173 54 31489 0 0
231 176 54 31493.2 0 0
231 174 54 31497.5 0 0
231 176 54 31501.7 0 0
233 175 54 31505.9 0 0
233 173 54 31510.2 0 0
231 176 54 31514.4 0 0
231 176 54 31518.6 0 0
231 176 54 31522.8 0 0
231 176 54 31527 0 0
233 176 54 31531.3 0 0
232 170 54 31535.5 0 0
231 168 55 31542.5 0 0
232 170 54 31546.8 0 0
230 171 54 31551 0 0
231 169 54 31555.2 0 0
230 170 54 31559.5 0 0
230 169 54 31563.7 0 0
231 168 54 31568 0 0
231 168 54 31572.2 0 0
231 169 55 31576.4 0 0
231 176 55 31580.6 0 0
229 173 54 31584.8 0 0
220 170 55 31589 0 0
211 155 55 31593.2 0 0
202 146 56 31597.4 0 0
192 141 56 31601.7 0 0
183 139 56 31605.9 0 0
173 132 57 31610.1 0 0
164 123 58 31614.3 0 0
159 120 58 31618.5 0 0
147 113 58 31622.7 0 0
140 108 57 31626.9 0 0
136 104 58 31631.2 0 0
128 95 58 31635.4 0 0
135 103 57 31642.4 0 0
134 110 58 31646.6 0 0
134 113 58 31650.8 0 0
132 114 58 31655.1 0 0
129 111 58 31659.3 0 0
132 110 58 31663.5 0 0
132 99 58 31667.7 0 0
127 100 57 31672 0 0
129 98 57 31676.2 0 0
130 100 57 31680.3 0 0
128 95 58 31684.6 0 0
128 101 57 31688.8 0 0
128 94 58 31693 0 0
132 124 58 31697.2 0 0
130 102 57 31701.5 0 0
132 98 58 31705.7 0 0
129 101 57 31709.9 0 0
127 96 57 31714.1 0 0
129 100 58 31718.3 0 0
132 102 57 31722.5 0 0
127 98 58 31726.7 0 0
128 102 57 31730.9 0 0
129 95 58 31735.2 0 0
129 97 58 31739.4 0 0
129 95 57 31743.6 0 0
126 94 57 31747.8 0 0
131 92 57 31752 0 0
129 97 57 31758.8 0 0
128 96 58 31763 0 0
128 96 58 31767.3 0 0
130 95 58 31771.5 0 0
128 95 58 31775.7 0 0
128 95 57 31780 0 0
129 94 57 31784.2 0 0
127 98 58 31788.4 0 0
127 94 58 31792.6 0 0
130 97 57 31796.9 0 0
128 98 57 31801.1 0 0
128 91 57 31805.6 0 0
127 96 57 31809.8 0 0
130 97 57 31814 0 0
129 97 57 31818.3 0 0
129 98 57 31822.6 0 0
129 100 57 31826.8 0 0
129 100 57 31834 0 0
128 98 57 31840.7 0 0
126 100 58 31844.9 0 0
129 99 57 31850.5 0 0
127 97 58 31854.7 0 0
126 100 58 31858.9 0 0
129 99 57 31863.1 0 0
128 98 57 31867.3 0 0
129 93 57 31871.5 0 0
122 85 57 31875.7 0 0
122 89 57 31879.9 0 0
127 104 57 31884.2 0 0
127 91 57 31888.4 0 0
127 91 57 31892.6 0 0
126 91 57 31896.8 0 0
123 94 57 31901 0 0
126 91 58 31905.2 0 0
124 97 57 31909.5 0 0
126 91 57 31913.7 0 0
124 91 57 31917.9 0 0
126 97 57 31922.1 0 0
129 93 57 31926.3 0 0
126 89 57 31930.5 0 0
125 91 57 31934.7 0 0
125 93 57 31938.9 0 0
125 94 57 31943.2 0 0
124 90 57 31947.4 0 0
125 90 57 31951.6 0 0
125 88 57 31955.8 0 0
126 88 57 31960 0 0
124 88 57 31964.3 0 0
123 90 57 31971.1 0 0
124 87 57 31975.4 0 0
127 89 57 31979.6 0 0
124 89 57 31983.8 0 0
125 86 57 31988 0 0
125 90 57 31992.2 0 0
124 90 57 31996.4 0 0
126 90 57 32000.7 0 0
122 87 57 32004.9 0 0
125 90 58 32009.1 0 0
120 88 57 32013.3 0 0
124 85 57 32017.5 0 0
126 92 57 32021.7 0 0
121 87 57 32025.9 0 0
122 90 57 32030.5 0 0
124 90 57 32034.7 0 0
122 91 57 32038.9 0 0
123 90 57 32043.1 0 0
131 97 57 32050.3 0 0
131 93 57 32054.5 0 0
139 89 57 32058.8 0 0
147 75 57 32063 0 0
157 73 58 32067.2 0 0
164 68 57 32071.9 0 0
166 65 57 32076.1 0 0
172 60 56 32080.3 0 0
172 58 56 32084.5 0 0
177 53 56 32088.7 0 0
170 47 56 32092.9 0 0
171 52 56 32097.2 0 0
171 54 56 32101.4 0 0
173 58 56 32105.6 0 0
172 51 56 32109.8 0 0
172 55 56 32114 0 0
174 54 56 32121.2 0 0
174 54 56 32129.4 0 0
170 51 56 32137.5 0 0
174 49 56 32141.7 0 0
172 51 56 32146.1 0 0
174 51 56 32150.3 0 0
174 54 56 32154.6 0 0
176 57 56 32158.8 0 0
172 51 56 32163.1 0 0
173 54 56 32167.3 0 0
174 48 56 32171.5 0 0
173 48 56 32175.7 0 0
175 53 56 32179.9 0 0
173 52 56 32184.1 0 0
174 53 56 32188.4 0 0
173 48 56 32192.6 0 0
172 50 56 32196.8 0 0
173 53 56 32201 0 0
173 47 56 32205.2 0 0
173 51 56 32209.4 0 0
174 47 56 32213.6 0 0
174 53 56 32217.8 0 0
173 50 56 32222 0 0
177 50 56 32226.3 0 0
172 54 56 32230.5 0 0
174 47 56 32234.7 0 0
174 48 56 32238.9 0 0
175 54 56 32246 0 0
175 54 56 32254.3 0 0
173 49 56 32262.5 0 0
175 52 56 32266.7 0 0
176 49 56 32271 0 0
173 52 56 32275.2 0 0
174 45 56 32279.5 0 0
174 50 56 32283.7 0 0
174 54 56 32287.9 0 0
175 48 56 32292.1 0 0
174 50 56 32296.3 0 0
176 50 56 32300.5 0 0
177 49 56 32304.8 0 0
175 50 56 32309 0 0
178 48 56 32313.2 0 0
173 49 56 32317.4 0 0
176 50 55 32321.6 0 0
177 47 56 32325.8 0 0
174 52 56 32330.1 0 0
178 47 55 32334.3 0 0
176 51 56 32338.5 0 0
175 52 56 32342.8 0 0
176 47 56 32347 0 0
175 52 56 32351.2 0 0
174 51 56 32355.4 0 0
173 47 56 32359.6 0 0
173 47 56 32363.8 0 0
173 49 56 32371.9 0 0
177 53 56 32376.1 0 0
173 54 56 32380.4 0 0
175 49 56 32384.6 0 0
175 49 56 32395.9 0 0
175 49 56 32403.1 0 0
174 52 56 32407.3 0 0
175 49 56 32412.7 0 0
176 50 56 32416.9 0 0
175 48 56 32421.1 0 0
176 48 56 32425.3 0 0
174 48 56 32429.5 0 0
177 44 56 32433.7 0 0
177 54 56 32437.9 0 0
172 45 55 32442.1 0 0
174 45 56 32446.4 0 0
175 45 56 32450.6 0 0
176 49 56 32454.8 0 0
173 46 56 32459 0 0
173 47 55 32463.2 0 0
173 47 56 32467.4 0 0
173 45 55 32471.6 0 0
171 53 56 32475.8 0 0
176 52 56 32480.1 0 0
175 47 55 32484.3 0 0
175 47 56 32488.5 0 0
174 48 56 32492.8 0 0
173 47 56 32497 0 0
174 48 56 32501.2 0 0
174 50 56 32508.1 0 0
172 47 56 32512.3 0 0
175 48 56 32516.5 0 0
177 47 56 32520.8 0 0
174 49 56 32525 0 0
175 47 56 32529.3 0 0
174 44 56 32533.5 0 0
176 52 56 32537.7 0 0
173 50 56 32541.9 0 0
176 45 56 32546.1 0 0
173 50 56 32550.4 0 0
173 49 56 32554.6 0 0
174 51 56 32558.8 0 0
173 51 56 32563 0 0
173 47 56 32567.2 0 0
175 49 56 32571.5 0 0
174 50 56 32575.7 0 0
172 46 56 32579.9 0 0
176 51 56 32584.1 0 0
176 49 56 32588.3 0 0
175 49 56 32592.5 0 0
174 51 56 32596.8 0 0
173 47 56 32601 0 0
173 50 56 32605.2 0 0
176 53 56 32609.4 0 0
176 48 56 32613.6 0 0
172 51 56 32617.8 0 0
177 49 56 32624.7 0 0
173 53 56 32629 0 0
175 47 56 32633.2 0 0
176 49 56 32637.4 0 0
174 49 56 32641.6 0 0
177 50 56 32645.8 0 0
177 51 56 32650 0 0
174 50 56 32654.3 0 0
176 49 56 32658.5 0 0
175 52 56 32662.7 0 0
174 48 56 32667 0 0
178 50 56 32671.2 0 0
174 51 56 32675.4 0 0
176 48 56 32679.6 0 0
173 50 56 32683.8 0 0
175 47 56 32688 0 0
175 52 56 32692.2 0 0
173 48 56 32696.4 0 0
175 48 56 32700.7 0 0
174 52 56 32704.9 0 0
172 48 56 32709.1 0 0
174 51 56 32713.3 0 0
171 53 56 32717.5 0 0
175 53 56 32721.7 0 0
175 55 56 32725.9 0 0
171 55 56 32730.2 0 0
156 57 57 32734.5 0 0
143 63 57 32741.3 0 0
141 60 57 32745.6 0 0
135 68 57 32749.8 0 0
137 84 57 32754 0 0
133 69 57 32758.2 0 0
138 83 57 32762.4 0 0
137 82 57 32766.6 0 0
138 82 57 32770.8 0 0
140 79 57 32775.1 0 0
132 60 57 32779.4 0 0
132 70 57 32783.7 0 0
133 70 57 32787.9 0 0
135 70 57 32792.1 0 0
135 70 57 32796.4 0 0
134 73 57 32800.6 0 0
134 70 57 32804.8 0 0
134 69 57 32809 0 0
133 69 57 32813.2 0 0
136 70 57 32817.4 0 0
136 70 57 32821.7 0 0
132 69 57 32828.7 0 0
132 70 57 32833 0 0
135 70 57 32837.2 0 0
134 70 57 32841.4 0 0
132 69 57 32845.6 0 0
134 69 57 32849.9 0 0
132 71 57 32854.1 0 0
134 68 57 32858.3 0 0
132 68 57 32862.5 0 0
134 70 57 32866.7 0 0
136 72 57 32870.9 0 0
134 72 57 32875.1 0 0
134 71 57 32879.3 0 0
132 71 57 32883.8 0 0
133 72 57 32888 0 0
132 71 57 32892.2 0 0
132 71 57 32896.4 0 0
133 72 57 32900.6 0 0
132 70 57 32904.9 0 0
130 72 57 32909.1 0 0
130 72 57 32913.4 0 0
131 72 57 32918.8 0 0
133 70 57 32923 0 0
132 73 57 32927.2 0 0
135 69 57 32931.4 0 0
134 69 57 32935.6 0 0
133 70 57 32939.8 0 0
131 76 57 32944.1 0 0
134 70 57 32948.3 0 0
134 74 57 32952.5 0 0
135 71 57 32956.7 0 0
132 74 57 32960.9 0 0
131 69 57 32965.1 0 0
123 74 57 32969.3 0 0
124 92 57 32973.5 0 0
126 100 57 32977.8 0 0
128 97 57 32982 0 0
128 98 57 32986.2 0 0
128 89 57 32990.4 0 0
124 67 57 32994.6 0 0
128 95 57 32998.8 0 0
128 90 58 33003 0 0
130 92 57 33007.3 0 0
128 97 57 33011.5 0 0
126 92 57 33015.7 0 0
127 91 57 33019.9 0 0
126 94 57 33024.1 0 0
131 95 57 33028.3 0 0
130 90 57 33032.6 0 0
125 97 57 33036.8 0 0
126 95 57 33041 0 0
127 98 57 33045.3 0 0
125 99 57 33049.5 0 0
130 98 57 33053.7 0 0
127 87 57 33057.9 0 0
125 95 57 33062.1 0 0
129 97 57 33066.3 0 0
124 89 57 33070.6 0 0
129 96 57 33074.8 0 0
128 98 57 33079 0 0
129 97 57 33083.2 0 0
127 95 57 33087.4 0 0
126 97 57 33091.6 0 0
129 94 57 33095.8 0 0
128 95 57 33100.1 0 0
129 99 57 33104.3 0 0
128 88 57 33108.5 0 0
129 99 58 33112.7 0 0
126 89 57 33116.9 0 0
127 87 57 33121.1 0 0
127 91 58 33125.3 0 0
129 91 58 33129.6 0 0
125 93 57 33133.8 0 0
120 82 58 33138 0 0
97 100 57 33142.2 0 0
93 121 57 33146.4 0 0
83 129 57 33150.6 0 0
70 148 57 33154.8 0 0
65 154 57 33161.9 0 0
59 159 57 33166.9 0 0
53 171 57 33171.2 0 0
51 170 57 33175.4 0 0
47 172 56 33179.6 0 0
51 148 57 33183.8 0 0
48 146 57 33188 0 0
48 156 57 33192.2 0 0
50 174 57 33199.1 0 0
49 167 57 33203.4 0 0
48 173 57 33207.6 0 0
48 168 57 33211.8 0 0
47 170 57 33216.1 0 0
48 174 57 33220.4 0 0
50 172 57 33224.7 0 0
46 173 57 33229 0 0
50 171 56 33233.2 0 0
48 180 57 33237.4 0 0
46 171 57 33241.6 0 0
52 177 57 33247.5 0 0
47 171 57 33254.1 0 0
46 175 56 33258.5 0 0
51 170 57 33262.7 0 0
48 172 57 33266.9 0 0
47 172 57 33271.1 0 0
47 173 57 33275.3 0 0
48 174 57 33279.5 0 0
51 172 56 33283.7 0 0
47 177 56 33287.9 0 0
50 169 56 33292.2 0 0
49 171 57 33299.2 0 0
48 172 57 33303.5 0 0
48 171 56 33307.7 0 0
47 169 57 33311.9 0 0
48 172 56 33316.1 0 0
48 176 57 33320.3 0 0
47 177 57 33324.6 0 0
45 177 57 33328.8 0 0
48 170 56 33333 0 0
47 177 57 33337.2 0 0
47 178 57 33341.4 0 0
51 177 57 33345.6 0 0
48 176 57 33349.9 0 0
48 179 57 33354.1 0 0
48 177 57 33358.3 0 0
48 176 57 33362.5 0 0
47 178 57 33366.7 0 0
48 177 57 33370.9 0 0
49 183 57 33375.8 0 0
46 179 57 33381.7 0 0
48 179 57 33386.7 0 0
48 177 57 33390.9 0 0
47 177 57 33395.1 0 0
48 179 57 33399.3 0 0
47 183 57 33403.6 0 0
45 174 57 33407.8 0 0
45 177 57 33412 0 0
45 176 57 33416.2 0 0
48 178 57 33420.4 0 0
47 178 57 33424.6 0 0
47 177 57 33428.8 0 0
46 176 57 33433.1 0 0
46 175 57 33437.3 0 0
46 176 57 33441.6 0 0
47 178 57 33445.9 0 0
45 176 57 33450.1 0 0
46 179 57 33454.3 0 0
46 176 57 33458.5 0 0
48 176 57 33462.7 0 0
48 176 57 33474.1 0 0
48 179 57 33481.3 0 0
45 171 57 33485.5 0 0
48 177 57 33490.6 0 0
48 178 57 33494.8 0 0
48 173 57 33499 0 0
49 178 57 33503.2 0 0
49 174 57 33507.5 0 0
48 177 57 33511.7 0 0
49 175 57 33515.9 0 0
50 176 57 33520.1 0 0
47 167 57 33524.3 0 0
48 174 57 33528.6 0 0
49 175 57 33532.8 0 0
46 168 57 33537 0 0
48 177 57 33541.2 0 0
45 174 57 33545.5 0 0
50 175 57 33549.8 0 0
47 181 57 33554 0 0
46 177 57 33558.2 0 0
48 172 57 33562.4 0 0
48 181 57 33566.6 0 0
50 174 57 33570.8 0 0
48 181 57 33575.1 0 0
46 168 57 33579.3 0 0
47 177 57 33583.5 0 0
46 194 57 33587.7 0 0
48 173 57 33591.9 0 0
47 183 57 33599.4 0 0
48 173 57 33603.9 0 0
48 177 57 33608.1 0 0
47 172 57 33612.3 0 0
47 172 57 33616.5 0 0
44 174 57 33620.8 0 0
46 171 57 33625 0 0
49 174 57 33629.2 0 0
49 172 57 33633.4 0 0
47 175 57 33637.6 0 0
48 174 57 33641.8 0 0
49 173 57 33648.7 0 0
49 170 57 33652.9 0 0
47 174 57 33657.2 0 0
47 179 57 33661.6 0 0
50 178 57 33665.8 0 0
46 177 57 33670 0 0
46 173 57 33674.2 0 0
46 180 57 33678.4 0 0
46 177 57 33682.6 0 0
48 172 57 33686.9 0 0
48 179 57 33691.2 0 0
46 181 57 33695.4 0 0
47 174 57 33699.7 0 0
50 172 57 33703.9 0 0
48 173 57 33708.1 0 0
47 180 57 33712.3 0 0
46 179 57 33716.5 0 0
47 182 57 33720.7 0 0
56 209 57 33724.9 0 0
58 185 58 33729.1 0 0
70 193 58 33733.4 0 0
77 196 58 33737.6 0 0
77 196 58 33741.8 0 0
83 192 58 33746.9 0 0
92 191 57 33751.1 0 0
93 195 58 33755.4 0 0
90 196 58 33759.6 0 0
89 195 58 33763.8 0 0
85 193 57 33768.1 0 0
88 194 58 33772.2 0 0
90 194 58 33776.5 0 0
94 196 58 33780.7 0 0
93 196 58 33784.9 0 0
92 193 58 33789.2 0 0
92 196 58 33793.4 0 0
89 197 58 33797.6 0 0
92 194 58 33801.9 0 0
90 197 58 33806.1 0 0
92 194 58 33810.3 0 0
93 195 58 33814.6 0 0
93 195 58 33818.8 0 0
90 194 58 33823.1 0 0
89 197 58 33827.3 0 0
90 189 58 33831.5 0 0
92 192 58 33835.7 0 0
91 196 58 33839.9 0 0
91 196 58 33844.1 0 0
91 198 58 33848.3 0 0
91 194 58 33853 0 0
90 196 58 33857.2 0 0
89 195 58 33861.4 0 0
91 204 58 33865.6 0 0
90 197 58 33869.8 0 0
93 207 58 33874 0 0
91 208 58 33878.2 0 0
92 206 58 33882.5 0 0
97 208 58 33886.8 0 0
92 196 58 33890.9 0 0
93 207 58 33895.2 0 0
92 209 58 33899.4 0 0
94 209 58 33903.6 0 0
103 191 59 33907.8 0 0
113 199 58 33912 0 0
130 203 58 33916.3 0 0
137 202 58 33920.5 0 0
143 202 58 33924.7 0 0
155 200 58 33928.9 0 0
163 204 58 33933.1 0 0
172 198 57 33937.3 0 0
181 197 57 33941.6 0 0
188 199 56 33945.8 0 0
191 199 56 33950 0 0
190 200 56 33954.2 0 0
184 195 57 33958.4 0 0
188 193 57 33962.7 0 0
188 193 56 33966.9 0 0
190 201 57 33971.2 0 0
192 197 56 33975.4 0 0
189 201 56 33979.8 0 0
190 198 56 33984 0 0
191 204 56 33988.2 0 0
191 200 56 33992.4 0 0
189 204 56 33996.6 0 0
187 201 56 34000.8 0 0
193 201 57 34005.1 0 0
190 202 57 34009.4 0 0
188 197 57 34013.6 0 0
188 203 57 34017.9 0 0
188 198 57 34022.1 0 0
188 201 57 34026.3 0 0
190 202 57 34030.6 0 0
191 198 57 34034.8 0 0
190 202 56 34039 0 0
190 198 56 34043.3 0 0
190 199 57 34047.5 0 0
191 201 56 34051.7 0 0
187 198 56 34055.9 0 0
192 200 57 34060.1 0 0
192 201 56 34064.3 0 0
192 198 56 34068.6 0 0
191 197 56 34072.8 0 0
192 200 57 34077 0 0
193 198 56 34081.2 0 0
189 200 57 34085.4 0 0
192 199 57 34089.6 0 0
190 197 56 34093.9 0 0
190 199 57 34098.2 0 0
189 200 57 34102.5 0 0
192 200 57 34106.7 0 0
189 197 56 34111 0 0
190 199 57 34115.2 0 0
188 199 57 34119.4 0 0
190 197 57 34123.6 0 0
189 200 57 34127.9 0 0
190 198 56 34132.1 0 0
191 197 56 34136.3 0 0
188 200 57 34140.6 0 0
193 198 56 34144.8 0 0
191 198 57 34149.4 0 0
190 198 57 34153.6 0 0
196 199 57 34157.9 0 0
195 193 57 34162.1 0 0
203 179 57 34166.4 0 0
206 165 56 34170.6 0 0
206 151 56 34174.8 0 0
206 125 56 34179 0 0
206 116 56 34183.2 0 0
208 115 56 34187.4 0 0
207 121 56 34191.6 0 0
208 121 55 34195.9 0 0
206 125 56 34200.1 0 0
208 127 56 34204.3 0 0
208 119 56 34208.5 0 0
211 114 56 34212.7 0 0
207 114 55 34216.9 0 0
209 114 56 34221.2 0 0
206 115 56 34225.4 0 0
205 115 56 34230.1 0 0
206 117 56 34234.3 0 0
207 117 56 34238.5 0 0
208 116 56 34242.7 0 0
208 118 56 34247 0 0
206 114 56 34251.2 0 0
207 116 56 34255.4 0 0
209 115 56 34259.7 0 0
207 116 56 34263.9 0 0
208 115 55 34268.1 0 0
205 118 56 34272.3 0 0
205 116 56 34276.5 0 0
207 117 56 34280.8 0 0
208 111 55 34285 0 0
207 117 56 34289.2 0 0
209 115 56 34293.4 0 0
208 115 56 34297.7 0 0
210 114 56 34301.9 0 0
209 113 56 34306.1 0 0
209 117 56 34310.4 0 0
206 115 56 34314.7 0 0
207 115 56 34319.1 0 0
209 118 56 34323.3 0 0
207 115 56 34327.6 0 0
210 115 56 34331.8 0 0
207 117 56 34336 0 0
209 121 56 34340.2 0 0
213 127 55 34344.4 0 0
221 136 55 34348.6 0 0
230 147 55 34353.1 0 0
233 162 55 34357.3 0 0
236 163 54 34361.6 0 0
238 159 54 34365.8 0 0
235 168 54 34369.9 0 0
237 168 54 34374.2 0 0
235 165 54 34378.4 0 0
234 163 54 34382.6 0 0
236 161 55 34386.8 0 0
236 161 55 34391 0 0
238 163 54 34395.2 0 0
237 166 54 34399.4 0 0
237 165 54 34403.7 0 0
235 167 54 34407.9 0 0
235 165 54 34412.1 0 0
237 165 54 34416.4 0 0
236 167 54 34423.3 0 0
238 166 54 34427.6 0 0
236 164 54 34431.8 0 0
236 166 54 34436 0 0
236 164 54 34440.2 0 0
236 166 54 34444.4 0 0
237 162 54 34448.6 0 0
238 166 54 34452.8 0 0
237 164 54 34457.1 0 0
235 165 54 34461.3 0 0
235 167 54 34465.5 0 0
237 165 54 34469.7 0 0
236 166 54 34473.9 0 0
239 167 54 34478.2 0 0
238 166 54 34482.4 0 0
238 173 54 34486.6 0 0
237 168 54 34490.8 0 0
236 171 54 34495 0 0
238 174 54 34499.2 0 0
238 167 54 34503.5 0 0
237 172 54 34507.7 0 0
237 168 54 34511.9 0 0
240 165 54 34516.1 0 0
237 167 54 34523 0 0
239 166 54 34527.3 0 0
237 167 54 34531.5 0 0
236 165 54 34535.8 0 0
238 166 54 34540.1 0 0
237 168 54 34544.5 0 0
237 165 54 34548.7 0 0
235 169 54 34552.9 0 0
237 166 54 34557.1 0 0
236 168 54 34561.4 0 0
237 165 54 34565.6 0 0
236 168 54 34569.8 0 0
237 167 54 34574 0 0
236 168 54 34578.2 0 0
238 168 54 34582.4 0 0
238 164 54 34586.7 0 0
239 165 54 34590.9 0 0
238 166 54 34595.1 0 0
236 168 54 34599.3 0 0
237 166 54 34606.2 0 0
235 167 54 34610.5 0 0
239 167 54 34614.7 0 0
239 163 54 34618.9 0 0
239 161 54 34623.2 0 0
237 137 53 34627.4 0 0
236 122 54 34631.6 0 0
235 109 53 34635.8 0 0
236 104 54 34640 0 0
233 101 54 34644.2 0 0
233 93 54 34648.4 0 0
231 95 53 34652.7 0 0
232 100 54 34656.9 0 0
231 101 54 34661.1 0 0
236 107 53 34665.3 0 0
236 104 54 34669.5 0 0
234 95 54 34673.7 0 0
232 94 54 34677.9 0 0
236 95 54 34682.1 0 0
232 93 53 34686.4 0 0
234 94 54 34690.6 0 0
234 92 54 34694.8 0 0
231 95 54 34699 0 0
232 93 54 34703.2 0 0
230 95 54 34707.4 0 0
231 93 53 34711.7 0 0
231 95 53 34715.9 0 0
233 91 54 34720.1 0 0
233 94 53 34724.3 0 0
231 93 54 34731.1 0 0
233 92 54 34735.3 0 0
236 92 54 34739.6 0 0
231 91 54 34743.8 0 0
232 93 54 34748.1 0 0
236 98 54 34752.3 0 0
232 92 54 34756.5 0 0
235 100 54 34760.7 0 0
231 100 54 34764.9 0 0
231 93 54 34769.1 0 0
233 92 54 34773.3 0 0
233 90 54 34777.6 0 0
233 92 54 34781.9 0 0
230 93 54 34786.3 0 0
231 91 54 34790.6 0 0
231 91 54 34794.9 0 0
229 91 54 34799.1 0 0
229 91 54 34803.3 0 0
234 93 53 34809.4 0 0
230 81 53 34813.6 0 0
233 79 54 34818.7 0 0
231 70 54 34823 0 0
230 69 54 34827.2 0 0
228 71 54 34831.4 0 0
228 69 54 34835.6 0 0
230 72 54 34839.8 0 0
231 74 54 34844.1 0 0
227 73 54 34848.3 0 0
231 71 54 34852.5 0 0
232 69 54 34856.7 0 0
232 74 54 34860.9 0 0
231 70 53 34865.1 0 0
230 69 54 34869.3 0 0
229 71 54 34873.6 0 0
230 70 54 34877.8 0 0
229 74 54 34882 0 0
231 70 54 34886.2 0 0
231 72 54 34890.4 0 0
229 69 54 34894.7 0 0
226 71 54 34898.9 0 0
228 72 54 34903.1 0 0
230 72 54 34907.3 0 0
229 69 54 34911.5 0 0
230 70 54 34915.8 0 0
231 70 54 34922.7 0 0
228 70 54 34926.9 0 0
229 72 54 34931.1 0 0
228 72 54 34935.3 0 0
227 71 54 34939.5 0 0
229 70 54 34943.8 0 0
230 74 54 34948 0 0
229 70 54 34952.2 0 0
229 72 54 34956.4 0 0
228 73 54 34960.6 0 0
227 71 54 34964.8 0 0
230 74 54 34969 0 0
230 68 54 34973.2 0 0
230 72 54 34977.5 0 0
231 74 54 34981.7 0 0
228 77 54 34985.9 0 0
230 76 54 34990.1 0 0
230 71 54 34994.3 0 0
227 76 54 34998.5 0 0
234 72 54 35002.8 0 0
231 71 54 35007.1 0 0
229 71 54 35011.3 0 0
231 76 54 35015.5 0 0
227 73 54 35019.7 0 0
232 75 54 35026.8 0 0
230 68 54 35031 0 0
231 75 54 35035.3 0 0
228 71 54 35039.5 0 0
228 72 54 35043.8 0 0
231 71 54 35048 0 0
227 72 54 35052.2 0 0
230 69 54 35056.4 0 0
231 69 54 35060.6 0 0
231 71 54 35064.9 0 0
227 69 54 35069.1 0 0
228 72 54 35073.3 0 0
225 70 54 35077.6 0 0
230 69 54 35081.8 0 0
230 68 54 35085.9 0 0
229 69 54 35090.2 0 0
229 69 54 35094.4 0 0
230 69 54 35098.6 0 0
230 70 54 35102.9 0 0
230 71 54 35107.1 0 0
230 66 54 35111.3 0 0
230 66 54 35115.6 0 0
229 64 54 35121.9 0 0
230 68 54 35126.1 0 0
228 65 54 35130.4 0 0
226 69 54 35134.6 0 0
229 67 54 35138.8 0 0
229 70 54 35143 0 0
230 70 54 35147.2 0 0
230 65 54 35151.4 0 0
229 66 54 35155.7 0 0
229 66 54 35159.9 0 0
226 67 54 35164.2 0 0
228 67 54 35168.4 0 0
228 69 54 35172.7 0 0
229 69 54 35176.9 0 0
227 66 54 35181.1 0 0
233 68 54 35185.3 0 0
229 66 54 35189.5 0 0
229 68 54 35193.8 0 0
227 68 54 35198 0 0
229 68 54 35202.2 0 0
229 68 54 35206.4 0 0
229 69 54 35210.6 0 0
229 68 54 35214.8 0 0
229 68 54 35219.1 0 0
229 68 54 35223.3 0 0
230 68 54 35227.6 0 0
227 69 54 35231.8 0 0
228 67 54 35236 0 0
228 69 54 35240.2 0 0
230 67 54 35244.4 0 0
226 69 54 35248.7 0 0
228 68 54 35252.9 0 0
233 67 54 35257.1 0 0
230 67 54 35261.3 0 0
226 69 54 35268.3 0 0
231 69 54 35272.5 0 0
229 66 54 35276.8 0 0
231 66 54 35281 0 0
228 71 54 35285.2 0 0
228 69 54 35289.4 0 0
229 70 54 35293.6 0 0
227 67 54 35297.8 0 0
230 66 54 35302.1 0 0
227 72 54 35306.3 0 0
230 69 54 35310.5 0 0
230 67 54 35314.7 0 0
232 69 54 35318.9 0 0
231 68 54 35323.2 0 0
228 70 54 35327.4 0 0
227 68 54 35331.6 0 0
230 67 54 35335.8 0 0
228 69 54 35340 0 0
230 66 54 35344.3 0 0
228 69 54 35348.5 0 0
228 67 54 35352.7 0 0
230 69 54 35356.9 0 0
231 67 54 35361.1 0 0
228 68 54 35365.3 0 0
230 66 54 35369.6 0 0
230 63 54 35376.4 0 0
224 68 54 35380.7 0 0
229 65 54 35384.9 0 0
226 69 54 35389.1 0 0
229 65 54 35393.4 0 0
231 66 54 35397.6 0 0
229 71 54 35401.8 0 0
228 68 54 35406.1 0 0
230 70 54 35410.4 0 0
230 69 54 35414.7 0 0
232 66 54 35418.9 0 0
230 67 54 35423.1 0 0
230 68 54 35427.3 0 0
229 69 54 35431.5 0 0
230 68 54 35435.7 0 0
228 66 54 35439.9 0 0
229 64 54 35444.2 0 0
229 68 54 35448.4 0 0
228 67 54 35452.6 0 0
229 65 54 35456.8 0 0
227 68 54 35461 0 0
227 65 54 35465.2 0 0
230 65 54 35472.3 0 0
227 69 54 35476.6 0 0
229 68 54 35480.8 0 0
229 69 54 35485 0 0
229 67 54 35489.2 0 0
229 69 54 35493.4 0 0
232 67 54 35497.6 0 0
227 68 54 35501.8 0 0
228 68 54 35506.1 0 0
230 68 54 35510.3 0 0
229 68 54 35514.5 0 0
228 68 54 35518.7 0 0
230 70 54 35522.9 0 0
231 67 54 35527.1 0 0
230 67 54 35531.3 0 0
226 70 54 35535.6 0 0
230 67 54 35539.8 0 0
230 68 54 35544.1 0 0
230 67 54 35548.3 0 0
230 67 54 35552.5 0 0
228 67 54 35556.7 0 0
230 62 54 35560.9 0 0
229 65 54 35565.1 0 0
230 63 54 35572 0 0
226 67 54 35576.3 0 0
227 67 54 35580.5 0 0
229 68 54 35584.7 0 0
230 67 54 35588.9 0 0
229 68 54 35593.2 0 0
228 66 54 35597.4 0 0
231 68 54 35601.6 0 0
230 67 54 35605.8 0 0
228 66 54 35610 0 0
229 69 54 35614.2 0 0
230 66 54 35618.4 0 0
227 66 54 35622.7 0 0
231 68 54 35626.9 0 0
228 65 54 35631.1 0 0
233 70 54 35635.3 0 0
231 66 54 35639.6 0 0
229 68 54 35643.8 0 0
229 67 54 35648 0 0
226 68 54 35652.2 0 0
228 67 54 35656.4 0 0
228 66 54 35660.6 0 0
231 65 54 35665.2 0 0
231 66 54 35669.5 0 0
230 68 54 35676.1 0 0
229 68 54 35680.4 0 0
228 69 54 35684.6 0 0
231 70 54 35688.8 0 0
228 68 54 35693.1 0 0
229 70 54 35697.3 0 0
230 67 54 35701.5 0 0
230 69 54 35705.7 0 0
229 66 54 35709.9 0 0
230 66 54 35714.1 0 0
229 68 54 35718.3 0 0
229 71 54 35722.5 0 0
229 68 54 35726.8 0 0
229 69 54 35731 0 0
231 65 54 35735.2 0 0
229 66 54 35739.4 0 0
232 66 54 35743.7 0 0
232 65 54 35747.9 0 0
231 69 54 35752.1 0 0
229 66 54 35756.3 0 0
228 68 54 35760.6 0 0
230 67 54 35764.8 0 0
229 67 54 35769 0 0
232 70 54 35773.2 0 0
230 66 54 35777.4 0 0
232 64 54 35784.3 0 0
232 68 54 35788.5 0 0
233 67 54 35792.8 0 0
230 67 54 35797 0 0
230 67 54 35801.2 0 0
230 69 54 35805.4 0 0
233 65 54 35809.7 0 0
230 70 54 35813.9 0 0
231 68 54 35818.1 0 0
231 67 54 35822.3 0 0
231 66 54 35826.6 0 0
230 67 54 35830.8 0 0
229 66 54 35835 0 0
232 66 54 35839.2 0 0
229 68 54 35843.4 0 0
232 67 54 35847.6 0 0
231 66 54 35851.9 0 0
233 67 54 35856.1 0 0
228 68 54 35860.3 0 0
231 66 54 35864.5 0 0
232 65 54 35868.7 0 0
230 67 54 35872.9 0 0
231 65 54 35877.2 0 0
232 69 54 35881.4 0 0
232 71 54 35885.6 0 0
230 69 54 35892.7 0 0
231 66 54 35896.9 0 0
234 68 54 35901.1 0 0
232 69 54 35905.3 0 0
229 66 54 35909.5 0 0
228 71 54 35913.8 0 0
233 70 54 35918 0 0
230 67 54 35922.2 0 0
230 68 54 35926.4 0 0
227 68 54 35930.6 0 0
229 69 54 35934.8 0 0
227 72 54 35939.1 0 0
225 79 54 35943.3 0 0
221 118 53 35947.5 0 0
215 177 52 35951.7 0 0
198 225 45 35955.9 0 0
198 225 45 35960.1 0 0
198 225 0 35965.7 0 0
198 225 0 35969.9 0 0
198 225 0 35974.1 0 0
198 225 0 35978.9 0 0
198 225 0 35983.1 0 0
198 225 0 35987.3 0 0
198 225 0 35991.5 0 0
198 225 0 35995.7 0 0
198 225 0 35999.9 0 0
198 225 0 36004.2 0 0
198 225 0 36010.5 0 0
198 225 0 36014.7 0 0
198 225 0 36019 0 0
198 225 0 36023.2 0 0
198 225 0 36027.4 0 0
198 225 0 36031.7 0 0
198 225 0 36035.9 0 0
198 225 0 36040.2 0 0
198 225 0 36044.5 0 0
198 225 0 36048.7 0 0
114 239 48 36061.3 0 0
123 233 51 36065.6 0 0
126 223 53 36069.9 0 0
128 214 54 36074.1 0 0
129 205 55 36078.3 0 0
128 195 55 36082.5 0 0
131 186 55 36086.7 0 0
131 174 56 36090.9 0 0
135 162 56 36095.1 0 0
136 155 56 36099.4 0 0
137 146 56 36103.6 0 0
137 138 56 36107.8 0 0
140 130 56 36112 0 0
139 124 56 36116.2 0 0
138 118 56 36120.4 0 0
135 110 57 36124.7 0 0
138 109 56 36128.9 0 0
140 106 56 36133.1 0 0
137 109 57 36137.3 0 0
138 108 56 36141.6 0 0
138 104 56 36145.8 0 0
139 109 56 36150 0 0
139 108 56 36154.2 0 0
138 109 56 36158.4 0 0
140 108 56 36162.7 0 0
138 104 57 36167 0 0
137 114 57 36171.2 0 0
137 113 56 36175.4 0 0
138 109 57 36179.6 0 0
135 118 56 36183.8 0 0
137 113 57 36188 0 0
138 115 57 36192.3 0 0
139 116 56 36196.5 0 0
139 111 57 36200.7 0 0
138 112 56 36204.9 0 0
137 116 57 36209.1 0 0
137 108 57 36213.3 0 0
138 110 57 36217.5 0 0
138 112 57 36221.8 0 0
138 108 57 36226.1 0 0
139 110 57 36230.3 0 0
137 106 57 36234.6 0 0
137 109 57 36238.8 0 0
138 108 57 36243 0 0
136 106 57 36247.2 0 0
138 110 57 36251.4 0 0
136 106 57 36255.6 0 0
138 110 57 36259.9 0 0
136 105 57 36264.1 0 0
137 106 57 36268.3 0 0
137 109 57 36272.5 0 0
135 107 57 36276.7 0 0
139 110 57 36280.9 0 0
137 108 57 36285.2 0 0
128 125 57 36289.6 0 0
127 132 57 36293.9 0 0
128 129 57 36298.2 0 0
134 131 57 36302.4 0 0
131 124 57 36306.6 0 0
133 126 57 36310.8 0 0
133 124 57 36315 0 0
132 123 57 36319.3 0 0
130 124 57 36323.5 0 0
134 123 57 36327.7 0 0
131 122 57 36331.9 0 0
132 126 58 36336.1 0 0
132 124 57 36340.3 0 0
133 121 58 36344.6 0 0
132 123 57 36348.8 0 0
130 127 57 36353.1 0 0
129 125 57 36357.3 0 0
133 126 57 36361.5 0 0
131 126 57 36365.7 0 0
131 130 57 36369.9 0 0
131 121 57 36374.2 0 0
129 128 57 36378.4 0 0
129 129 57 36382.6 0 0
133 130 57 36386.8 0 0
130 126 57 36391 0 0
129 128 57 36395.2 0 0
129 125 57 36399.4 0 0
131 124 57 36403.7 0 0
132 128 57 36407.9 0 0
131 125 57 36412.1 0 0
130 128 57 36416.3 0 0
130 129 57 36420.6 0 0
131 124 57 36424.8 0 0
131 126 57 36429 0 0
134 123 57 36433.2 0 0
132 125 58 36437.4 0 0
130 125 57 36441.7 0 0
129 128 57 36445.9 0 0
131 126 57 36450.1 0 0
131 126 57 36454.4 0 0
129 120 57 36458.6 0 0
131 121 57 36462.8 0 0
129 120 57 36467 0 0
128 118 57 36471.2 0 0
129 119 57 36475.4 0 0
132 126 57 36479.7 0 0
128 126 57 36483.9 0 0
130 127 57 36488.1 0 0
132 126 57 36492.3 0 0
129 123 57 36496.5 0 0
133 129 57 36500.7 0 0
129 119 57 36504.9 0 0
130 121 57 36509.2 0 0
131 121 57 36513.4 0 0
131 124 57 36517.6 0 0
129 121 57 36521.8 0 0
130 123 57 36526 0 0
129 121 57 36530.2 0 0
130 121 57 36534.4 0 0
130 121 57 36538.6 0 0
128 124 57 36542.9 0 0
127 126 57 36547.1 0 0
128 124 57 36551.3 0 0
130 123 57 36555.5 0 0
130 122 57 36559.7 0 0
132 123 57 36564 0 0
129 122 57 36568.2 0 0
130 123 57 36572.4 0 0
130 126 57 36576.6 0 0
130 124 57 36580.8 0 0
131 124 57 36585.1 0 0
130 126 57 36589.4 0 0
129 120 57 36593.6 0 0
129 123 57 36600.2 0 0
130 125 57 36604.5 0 0
130 123 57 36608.7 0 0
129 125 57 36612.9 0 0
129 123 57 36617.1 0 0
128 119 57 36621.3 0 0
130 118 57 36625.5 0 0
129 127 57 36629.7 0 0
129 117 57 36633.9 0 0
129 122 57 36638.2 0 0
127 116 57 36642.4 0 0
131 124 57 36646.6 0 0
127 117 57 36650.8 0 0
129 119 57 36655 0 0
129 119 57 36659.2 0 0
130 120 57 36663.5 0 0
131 119 57 36667.7 0 0
133 118 57 36671.9 0 0
142 123 58 36676.1 0 0
149 124 58 36680.3 0 0
156 127 57 36684.5 0 0
163 127 57 36688.7 0 0
173 124 57 36693 0 0
178 127 57 36697.2 0 0
185 126 56 36701.4 0 0
190 125 56 36705.6 0 0
192 118 56 36709.8 0 0
194 119 56 36714 0 0
192 119 56 36718.2 0 0
191 124 56 36725.1 0 0
193 120 56 36729.4 0 0
195 125 56 36733.6 0 0
194 128 56 36737.8 0 0
193 127 56 36742 0 0
194 130 56 36746.2 0 0
194 124 55 36750.4 0 0
196 122 56 36754.6 0 0
196 123 56 36758.9 0 0
194 125 56 36763.1 0 0
195 128 56 36767.3 0 0
193 127 56 36771.5 0 0
196 125 56 36775.8 0 0
193 123 56 36780 0 0
194 125 56 36784.2 0 0
196 126 56 36788.4 0 0
194 126 56 36792.6 0 0
195 123 56 36796.9 0 0
196 124 56 36801.1 0 0
197 127 56 36805.3 0 0
195 127 56 36809.6 0 0
196 125 56 36813.8 0 0
195 127 56 36818.1 0 0
195 127 56 36822.3 0 0
196 127 56 36829.2 0 0
198 125 56 36833.5 0 0
195 126 56 36837.7 0 0
193 127 56 36841.9 0 0
196 123 56 36846.1 0 0
195 125 56 36850.4 0 0
193 124 56 36854.6 0 0
197 129 56 36858.8 0 0
195 125 56 36863 0 0
196 125 56 36867.2 0 0
197 130 56 36871.4 0 0
195 126 56 36875.6 0 0
195 128 56 36879.9 0 0
195 123 55 36884.1 0 0
195 127 56 36888.3 0 0
198 124 56 36892.5 0 0
197 128 56 36896.7 0 0
195 130 56 36900.9 0 0
195 126 56 36905.2 0 0
195 126 56 36909.4 0 0
196 127 56 36913.6 0 0
196 128 56 36917.8 0 0
196 127 56 36922 0 0
195 129 56 36926.2 0 0
196 126 56 36930.4 0 0
194 127 56 36937.6 0 0
193 127 56 36946.1 0 0
194 124 56 36954.1 0 0
205 130 56 36962.6 0 0
219 135 56 36970.8 0 0
230 135 55 36979.1 0 0
239 150 54 36987.6 0 0
245 159 54 36995.8 0 0
242 160 54 37004.1 0 0
239 159 54 37012.3 0 0
239 159 54 37020.8 0 0
243 159 54 37028.2 0 0
242 159 54 37032.4 0 0
244 159 54 37037.5 0 0
244 159 54 37041.8 0 0
241 159 54 37046 0 0
242 158 54 37050.2 0 0
242 163 54 37054.4 0 0
242 159 54 37058.6 0 0
240 159 54 37062.8 0 0
241 159 54 37067 0 0
243 157 54 37071.2 0 0
243 161 54 37075.5 0 0
243 158 54 37079.7 0 0
242 163 54 37083.9 0 0
243 158 54 37088.1 0 0
240 161 54 37092.3 0 0
243 159 54 37096.5 0 0
243 156 54 37100.8 0 0
245 159 54 37105 0 0
242 160 54 37109.2 0 0
244 160 54 37113.4 0 0
245 155 54 37117.6 0 0
243 159 54 37121.8 0 0
243 159 54 37126.1 0 0
242 160 54 37130.3 0 0
241 153 54 37137.2 0 0
244 159 54 37141.4 0 0
243 159 54 37145.7 0 0
242 150 54 37149.9 0 0
240 164 54 37154.1 0 0
243 159 54 37158.4 0 0
243 160 54 37162.6 0 0
241 160 54 37166.8 0 0
240 160 54 37171 0 0
242 159 54 37175.2 0 0
243 159 54 37179.4 0 0
240 158 54 37183.6 0 0
235 155 54 37187.9 0 0
228 148 55 37192.1 0 0
217 148 55 37196.3 0 0
205 140 56 37200.5 0 0
197 142 56 37204.7 0 0
187 137 57 37208.9 0 0
175 136 57 37213.1 0 0
167 132 57 37217.4 0 0
159 140 57 37221.6 0 0
146 135 57 37225.9 0 0
141 132 58 37230.1 0 0
139 132 57 37234.3 0 0
135 125 57 37238.5 0 0
138 128 57 37242.8 0 0
140 124 58 37247 0 0
138 131 58 37254.3 0 0
136 126 58 37258.6 0 0
138 133 57 37262.8 0 0
137 125 58 37267 0 0
131 128 57 37271.2 0 0
135 127 57 37275.4 0 0
134 126 57 37280 0 0
136 131 57 37284.3 0 0
135 131 57 37288.5 0 0
134 126 58 37292.8 0 0
134 128 57 37299.5 0 0
138 126 57 37303.8 0 0
134 131 57 37308 0 0
137 128 58 37312.2 0 0
133 131 58 37316.4 0 0
135 132 57 37320.6 0 0
135 130 57 37324.8 0 0
133 135 57 37329.1 0 0
136 136 57 37333.3 0 0
132 132 57 37337.5 0 0
135 126 57 37341.7 0 0
134 130 57 37345.9 0 0
133 126 57 37350.2 0 0
131 127 58 37354.4 0 0
130 124 57 37358.6 0 0
132 127 57 37362.8 0 0
134 130 58 37367 0 0
135 128 57 37371.2 0 0
131 126 58 37375.4 0 0
134 130 58 37379.7 0 0
134 131 57 37384.1 0 0
132 131 58 37388.3 0 0
135 131 57 37395.4 0 0
133 132 57 37399.6 0 0
132 128 58 37403.9 0 0
134 128 57 37408.1 0 0
133 131 57 37412.3 0 0
133 130 58 37416.6 0 0
130 129 57 37420.8 0 0
134 128 57 37425 0 0
131 129 57 37429.2 0 0
134 134 57 37433.4 0 0
133 130 57 37437.6 0 0
133 131 57 37441.8 0 0
136 132 57 37446.1 0 0
134 134 57 37450.3 0 0
135 129 58 37454.5 0 0
133 126 58 37458.7 0 0
125 122 57 37462.9 0 0
128 122 57 37467.1 0 0
128 124 58 37471.4 0 0
129 124 57 37475.6 0 0
130 124 57 37479.8 0 0
131 127 57 37484 0 0
129 124 57 37488.2 0 0
129 124 57 37492.4 0 0
133 125 57 37496.9 0 0
128 124 57 37501.1 0 0
130 125 57 37505.4 0 0
130 122 57 37509.6 0 0
130 122 57 37513.8 0 0
128 125 57 37518 0 0
130 124 57 37522.2 0 0
127 125 57 37526.4 0 0
131 126 57 37530.6 0 0
132 126 57 37534.8 0 0
130 126 57 37539.1 0 0
130 124 57 37543.3 0 0
127 126 57 37547.6 0 0
129 126 57 37551.8 0 0
131 131 57 37556 0 0
127 130 57 37560.2 0 0
128 130 57 37564.4 0 0
131 128 57 37568.6 0 0
130 131 57 37572.8 0 0
132 128 57 37577.1 0 0
130 128 57 37581.3 0 0
129 130 57 37585.5 0 0
130 132 57 37589.7 0 0
128 131 57 37593.9 0 0
128 126 57 37598.2 0 0
130 127 57 37602.4 0 0
130 125 58 37606.6 0 0
131 128 58 37610.8 0 0
131 127 57 37615 0 0
130 125 57 37619.2 0 0
131 128 57 37623.5 0 0
129 125 57 37627.7 0 0
128 125 57 37631.9 0 0
130 131 57 37636.1 0 0
127 128 58 37640.3 0 0
131 133 57 37644.5 0 0
130 131 58 37648.8 0 0
130 129 57 37652.9 0 0
130 129 57 37657.2 0 0
129 134 57 37661.4 0 0
130 131 57 37665.6 0 0
127 128 57 37669.9 0 0
130 132 57 37674.1 0 0
129 130 57 37678.3 0 0
130 131 57 37682.5 0 0
129 134 57 37686.7 0 0
128 126 57 37690.9 0 0
128 133 57 37695.2 0 0
131 132 57 37699.4 0 0
127 128 57 37703.6 0 0
129 126 57 37707.8 0 0
127 124 57 37712 0 0
130 132 58 37716.2 0 0
126 129 57 37720.4 0 0
128 133 57 37724.7 0 0
130 129 57 37728.9 0 0
128 131 57 37733.1 0 0
128 130 57 37737.3 0 0
126 130 57 37741.5 0 0
127 132 57 37745.7 0 0
127 132 57 37749.9 0 0
130 129 57 37754.1 0 0
129 127 57 37760.5 0 0
129 133 57 37764.7 0 0
131 132 57 37768.9 0 0
127 131 57 37773.1 0 0
128 131 57 37777.3 0 0
131 127 57 37781.5 0 0
128 131 57 37785.7 0 0
133 131 57 37789.9 0 0
130 122 57 37794.2 0 0
133 129 57 37798.4 0 0
129 130 57 37802.6 0 0
128 129 58 37806.8 0 0
130 129 57 37811 0 0
130 127 57 37815.2 0 0
131 127 57 37819.4 0 0
130 129 57 37823.7 0 0
128 130 57 37827.9 0 0
131 129 57 37832.1 0 0
131 131 57 37836.3 0 0
129 130 57 37840.5 0 0
130 127 57 37844.7 0 0
130 131 57 37848.9 0 0
130 126 57 37853.2 0 0
129 130 57 37857.4 0 0
129 131 57 37861.6 0 0
130 129 57 37865.8 0 0
129 133 57 37870 0 0
129 132 57 37874.3 0 0
130 129 57 37878.5 0 0
129 123 57 37882.7 0 0
132 130 57 37886.9 0 0
131 127 57 37891.1 0 0
130 127 57 37895.3 0 0
127 129 57 37899.5 0 0
129 130 57 37903.8 0 0
133 131 57 37908 0 0
129 129 57 37912.2 0 0
130 129 57 37916.4 0 0
131 130 57 37920.7 0 0
131 128 57 37924.9 0 0
129 129 57 37929.1 0 0
128 125 57 37933.2 0 0
127 129 57 37937.5 0 0
130 128 57 37941.7 0 0
129 128 57 37946.1 0 0
129 127 57 37950.3 0 0
131 126 57 37954.6 0 0
130 125 57 37958.8 0 0
130 127 57 37963.1 0 0
132 127 58 37967.3 0 0
131 128 57 37971.5 0 0
128 127 57 37975.7 0 0
130 127 58 37980 0 0
129 129 57 37984.2 0 0
130 128 57 37988.4 0 0
128 128 57 37992.6 0 0
128 129 57 37996.8 0 0
128 131 57 38001 0 0
128 128 57 38005.2 0 0
131 128 58 38009.5 0 0
131 128 57 38013.7 0 0
129 129 58 38017.9 0 0
132 124 57 38022.1 0 0
131 127 57 38026.4 0 0
131 128 57 38030.7 0 0
130 128 57 38034.9 0 0
130 124 57 38039.2 0 0
130 127 57 38043.4 0 0
128 125 58 38047.6 0 0
129 126 57 38051.8 0 0
128 125 58 38056 0 0
128 126 57 38060.2 0 0
129 127 57 38064.4 0 0
130 126 58 38068.7 0 0
130 124 57 38072.9 0 0
129 128 57 38077.1 0 0
128 128 58 38081.3 0 0
130 129 58 38085.5 0 0
129 127 57 38089.7 0 0
128 126 57 38093.9 0 0
134 128 58 38098.2 0 0
131 127 58 38102.4 0 0
129 128 58 38106.6 0 0
131 127 57 38110.8 0 0
129 127 57 38115 0 0
130 129 57 38119.2 0 0
128 128 58 38123.4 0 0
128 126 57 38127.6 0 0
130 128 58 38131.9 0 0
130 129 57 38136.1 0 0
128 130 57 38140.3 0 0
129 127 58 38144.5 0 0
128 129 57 38148.7 0 0
130 126 57 38152.9 0 0
129 127 58 38157.2 0 0
128 128 57 38161.4 0 0
132 128 57 38165.6 0 0
130 129 57 38169.9 0 0
127 123 58 38174.1 0 0
128 130 57 38178.2 0 0
129 128 58 38182.5 0 0
129 128 58 38186.7 0 0
127 130 58 38190.9 0 0
129 127 57 38195.1 0 0
130 123 58 38199.3 0 0
129 129 57 38203.6 0 0
129 126 57 38207.8 0 0
130 127 58 38212 0 0
127 126 57 38216.2 0 0
127 127 58 38220.4 0 0
130 127 58 38224.7 0 0
130 126 58 38228.9 0 0
134 123 58 38233.1 0 0
127 126 57 38237.3 0 0
129 128 57 38241.5 0 0
130 125 58 38245.7 0 0
130 127 57 38249.9 0 0
130 122 58 38254.2 0 0
129 124 57 38258.7 0 0
130 132 57 38262.9 0 0
128 123 58 38267.1 0 0
127 126 58 38271.3 0 0
126 127 58 38275.5 0 0
126 127 58 38279.7 0 0
128 129 58 38283.9 0 0
125 123 58 38288.2 0 0
129 126 57 38292.4 0 0
128 123 57 38296.6 0 0
129 128 58 38300.8 0 0
128 129 58 38305 0 0
129 120 58 38309.2 0 0
129 127 58 38313.5 0 0
127 124 58 38317.7 0 0
128 126 57 38321.9 0 0
131 124 57 38326.2 0 0
132 123 57 38330.4 0 0
127 122 57 38334.6 0 0
127 128 57 38338.8 0 0
127 126 57 38343 0 0
129 126 57 38347.2 0 0
130 124 57 38351.5 0 0
128 128 57 38355.7 0 0
128 127 57 38359.9 0 0
127 126 57 38364.1 0 0
127 125 57 38368.3 0 0
130 126 57 38372.5 0 0
127 124 57 38376.7 0 0
127 129 58 38381 0 0
130 124 58 38385.2 0 0
129 127 57 38389.4 0 0
127 125 58 38393.6 0 0
130 123 57 38397.8 0 0
129 130 57 38402 0 0
128 122 57 38406.2 0 0
128 128 58 38410.4 0 0
128 120 58 38415.2 0 0
128 125 58 38419.4 0 0
127 122 57 38423.6 0 0
128 120 57 38427.8 0 0
129 122 57 38432 0 0
126 123 57 38436.2 0 0
128 121 57 38440.4 0 0
129 121 57 38444.7 0 0
129 128 57 38448.9 0 0
127 127 57 38453.1 0 0
131 127 58 38457.3 0 0
127 128 57 38461.5 0 0
129 127 57 38465.7 0 0
129 127 57 38470 0 0
130 128 57 38474.4 0 0
128 128 57 38478.6 0 0
129 126 57 38482.8 0 0
128 121 57 38487 0 0
127 124 57 38491.2 0 0
128 126 57 38495.4 0 0
128 124 57 38499.6 0 0
127 123 57 38503.8 0 0
128 124 57 38508.1 0 0
130 123 57 38512.3 0 0
127 124 57 38519.3 0 0
128 125 57 38523.6 0 0
129 128 57 38527.8 0 0
125 124 57 38532 0 0
129 123 57 38536.2 0 0
128 125 57 38540.4 0 0
127 127 57 38544.6 0 0
127 127 57 38548.8 0 0
128 126 57 38553 0 0
126 127 57 38557.2 0 0
127 125 57 38561.4 0 0
128 128 57 38565.7 0 0
129 122 57 38569.9 0 0
127 126 57 38574.1 0 0
129 129 57 38578.3 0 0
128 122 57 38582.5 0 0
130 127 57 38586.7 0 0
127 127 57 38590.9 0 0
127 125 57 38595.2 0 0
127 127 57 38599.4 0 0
130 127 57 38603.6 0 0
129 125 57 38607.8 0 0
128 128 57 38612.1 0 0
127 126 57 38616.3 0 0
127 125 57 38620.5 0 0
129 129 57 38624.7 0 0
127 125 57 38628.9 0 0
129 129 57 38635.7 0 0
128 124 57 38639.9 0 0
128 126 57 38644.2 0 0
128 125 57 38648.4 0 0
127 128 57 38652.6 0 0
129 127 57 38656.8 0 0
127 128 57 38661.1 0 0
128 129 57 38665.3 0 0
129 126 57 38669.5 0 0
131 131 57 38673.7 0 0
129 134 57 38677.9 0 0
129 157 56 38682.1 0 0
124 207 55 38686.4 0 0
118 238 53 38824 0 0
120 231 54 38828.2 0 0
120 223 55 38832.4 0 0
123 207 56 38836.7 0 0
123 199 56 38840.9 0 0
121 191 56 38845.1 0 0
121 191 56 38849.3 0 0
127 171 56 38856.3 0 0
128 169 56 38860.5 0 0
127 161 56 38864.7 0 0
128 160 56 38868.9 0 0
128 147 57 38873.1 0 0
129 141 56 38877.3 0 0
127 135 57 38881.6 0 0
128 134 57 38885.8 0 0
130 130 56 38890 0 0
130 131 57 38894.2 0 0
127 129 57 38898.4 0 0
129 134 56 38902.6 0 0
129 129 57 38906.9 0 0
129 131 57 38911.1 0 0
127 137 56 38915.3 0 0
128 137 57 38919.5 0 0
130 135 57 38923.7 0 0
130 133 57 38927.9 0 0
128 130 56 38932.1 0 0
129 128 57 38936.4 0 0
129 128 57 38940.6 0 0
130 127 57 38944.8 0 0
130 125 56 38949 0 0
131 126 57 38953.2 0 0
127 125 56 38957.4 0 0
128 129 57 38961.6 0 0
128 126 57 38965.8 0 0
128 127 57 38970.1 0 0
130 130 57 38974.3 0 0
126 125 57 38978.5 0 0
128 126 57 38982.7 0 0
127 126 57 38986.9 0 0
131 129 57 38991.1 0 0
128 127 57 38995.3 0 0
128 128 57 38999.6 0 0
127 130 56 39006.3 0 0
131 124 57 39010.6 0 0
129 128 57 39014.8 0 0
129 127 56 39019 0 0
130 132 57 39023.2 0 0
129 132 56 39027.5 0 0
128 128 57 39031.7 0 0
128 133 57 39035.9 0 0
126 130 56 39040.2 0 0
128 127 57 39044.4 0 0
128 133 57 39048.6 0 0
129 130 57 39052.8 0 0
129 133 57 39057 0 0
129 131 56 39061.2 0 0
127 134 56 39065.4 0 0
132 129 57 39069.7 0 0
129 130 57 39073.9 0 0
128 131 57 39078.1 0 0
129 131 57 39082.3 0 0
127 132 57 39086.6 0 0
131 132 57 39090.8 0 0
130 130 57 39095.1 0 0
130 130 57 39102 0 0
129 132 57 39106.3 0 0
127 128 57 39110.5 0 0
129 130 57 39114.8 0 0
128 129 57 39119 0 0
126 128 57 39123.2 0 0
128 128 57 39127.4 0 0
127 129 57 39131.7 0 0
127 128 57 39135.9 0 0
129 128 57 39140.1 0 0
128 124 57 39144.3 0 0
126 120 57 39148.5 0 0
130 129 57 39152.7 0 0
131 124 57 39157 0 0
128 130 57 39161.3 0 0
129 127 57 39165.5 0 0
128 123 57 39169.8 0 0
128 128 57 39174 0 0
129 124 57 39178.2 0 0
129 127 57 39182.4 0 0
130 128 57 39186.7 0 0
128 123 57 39190.9 0 0
128 123 57 39195.1 0 0
130 127 57 39200 0 0
131 125 57 39204.2 0 0
127 126 57 39208.4 0 0
130 127 57 39212.6 0 0
126 129 57 39216.8 0 0
128 125 57 39221 0 0
127 123 57 39225.3 0 0
130 124 57 39229.5 0 0
130 124 57 39233.7 0 0
129 124 57 39237.9 0 0
127 123 57 39242.1 0 0
130 121 57 39251 0 0
128 131 57 39255.3 0 0
128 122 57 39259.6 0 0
129 125 57 39263.8 0 0
129 125 57 39268 0 0
130 124 57 39272.2 0 0
127 126 57 39276.4 0 0
126 124 57 39280.6 0 0
130 124 57 39284.8 0 0
130 123 57 39289.1 0 0
128 122 57 39293.3 0 0
127 124 57 39297.5 0 0
129 124 57 39301.7 0 0
127 130 58 39305.9 0 0
128 124 57 39310.1 0 0
131 129 57 39314.3 0 0
129 127 57 39318.6 0 0
126 133 57 39322.8 0 0
129 127 57 39327 0 0
130 130 57 39331.3 0 0
129 123 57 39335.5 0 0
128 130 57 39339.7 0 0
128 122 57 39343.9 0 0
129 131 57 39348.1 0 0
128 123 57 39352.3 0 0
129 128 58 39356.5 0 0
129 129 57 39360.7 0 0
130 127 57 39365 0 0
130 127 58 39369.2 0 0
130 123 57 39373.4 0 0
131 130 57 39377.6 0 0
129 122 58 39381.8 0 0
130 129 58 39386.1 0 0
131 131 57 39390.3 0 0
131 123 57 39394.5 0 0
128 124 58 39398.7 0 0
130 122 58 39402.9 0 0
130 124 58 39407.1 0 0
128 127 57 39411.3 0 0
130 121 57 39415.6 0 0
132 123 57 39419.8 0 0
132 120 57 39424 0 0
131 124 58 39428.2 0 0
131 122 58 39432.4 0 0
127 122 57 39439.4 0 0
131 122 58 39443.6 0 0
130 125 58 39447.8 0 0
129 128 57 39452.1 0 0
130 128 58 39456.3 0 0
131 128 58 39460.5 0 0
130 127 58 39464.7 0 0
131 125 58 39469 0 0
126 129 57 39473.3 0 0
131 118 58 39477.9 0 0
130 122 57 39482.1 0 0
130 127 57 39486.3 0 0
130 127 57 39490.6 0 0
131 122 58 39496.9 0 0
128 125 58 39501.6 0 0
130 119 57 39506.1 0 0
128 125 58 39510.3 0 0
130 128 58 39514.5 0 0
131 123 58 39518.7 0 0
130 124 58 39522.9 0 0
131 121 58 39527.1 0 0
131 122 58 39531.3 0 0
130 127 58 39535.5 0 0
132 121 58 39539.8 0 0
130 127 58 39544.1 0 0
132 121 58 39548.3 0 0
131 122 58 39552.5 0 0
130 124 58 39556.7 0 0
130 121 58 39560.9 0 0
129 126 58 39565.1 0 0
130 130 58 39569.4 0 0
128 125 58 39573.6 0 0
130 128 58 39577.8 0 0
128 125 58 39582 0 0
131 125 57 39586.2 0 0
130 124 58 39590.4 0 0
129 123 58 39594.7 0 0
131 120 58 39598.9 0 0
129 126 58 39605.7 0 0
129 122 58 39610 0 0
131 124 58 39614.2 0 0
128 124 57 39618.4 0 0
129 125 58 39622.7 0 0
131 121 58 39626.9 0 0
130 123 58 39631.1 0 0
130 124 58 39635.4 0 0
128 123 58 39639.6 0 0
132 126 58 39643.8 0 0
130 124 58 39648 0 0
128 124 58 39652.2 0 0
131 127 58 39656.4 0 0
128 123 58 39660.6 0 0
131 125 58 39664.8 0 0
132 126 58 39669.1 0 0
131 121 58 39673.3 0 0
131 127 58 39677.5 0 0
129 124 58 39681.7 0 0
128 122 58 39685.9 0 0
129 125 58 39690.1 0 0
129 126 58 39694.3 0 0
128 125 58 39698.5 0 0
130 125 58 39702.8 0 0
126 123 58 39707 0 0
126 123 58 39711.2 0 0
131 126 58 39715.6 0 0
131 126 58 39719.8 0 0
130 123 58 39726.6 0 0
130 124 58 39730.8 0 0
130 124 58 39735.1 0 0
128 122 58 39739.3 0 0
128 126 58 39743.5 0 0
129 129 58 39747.7 0 0
130 124 58 39751.9 0 0
132 132 58 39756.2 0 0
131 124 58 39760.4 0 0
130 126 58 39764.6 0 0
126 124 58 39768.8 0 0
129 124 58 39773 0 0
129 132 58 39777.2 0 0
129 132 58 39781.4 0 0
130 125 58 39785.7 0 0
128 124 58 39789.9 0 0
130 126 58 39794.2 0 0
129 125 58 39798.4 0 0
130 125 58 39802.6 0 0
132 125 58 39806.8 0 0
129 124 58 39811 0 0
130 133 58 39815.3 0 0
129 132 58 39819.5 0 0
128 130 58 39823.7 0 0
127 132 58 39830.7 0 0
129 130 58 39834.9 0 0
131 131 58 39839.1 0 0
131 131 58 39843.4 0 0
131 128 58 39847.7 0 0
128 132 58 39851.9 0 0
129 128 58 39856.1 0 0
132 130 58 39860.3 0 0
130 129 58 39864.6 0 0
131 125 58 39868.8 0 0
129 132 58 39873 0 0
130 125 58 39877.2 0 0
131 132 58 39881.4 0 0
127 130 58 39885.6 0 0
130 128 58 39889.8 0 0
129 125 58 39894.1 0 0
130 129 58 39898.2 0 0
132 131 58 39902.4 0 0
131 126 58 39906.7 0 0
131 130 58 39910.9 0 0
129 132 58 39915.6 0 0
128 130 58 39919.8 0 0
128 126 58 39926.4 0 0
132 129 58 39930.6 0 0
133 125 58 39934.8 0 0
130 124 58 39939.1 0 0
132 128 58 39943.3 0 0
132 124 58 39949.1 0 0
130 123 58 39953.3 0 0
130 124 58 39959.6 0 0
131 125 58 39963.8 0 0
132 125 58 39968.1 0 0
130 126 58 39972.3 0 0
131 124 58 39976.5 0 0
132 123 58 39980.7 0 0
129 124 58 39984.9 0 0
130 127 58 39989.1 0 0
131 123 58 39993.3 0 0
128 122 58 39997.6 0 0
131 124 58 40001.8 0 0
129 122 58 40006.1 0 0
131 122 58 40010.3 0 0
130 124 58 40014.5 0 0
129 122 58 40018.7 0 0
130 124 58 40022.9 0 0
131 121 58 40027.2 0 0
130 124 58 40031.4 0 0
130 122 58 40035.6 0 0
133 123 58 40039.8 0 0
130 122 58 40044 0 0
131 123 58 40048.2 0 0
131 123 58 40052.5 0 0
128 121 58 40059.6 0 0
131 126 58 40063.8 0 0
129 124 58 40068 0 0
128 125 58 40072.3 0 0
131 124 58 40076.5 0 0
128 123 58 40080.7 0 0
131 126 58 40084.9 0 0
130 122 58 40089.1 0 0
131 122 58 40093.3 0 0
131 125 58 40097.5 0 0
128 122 58 40101.8 0 0
128 125 58 40106.1 0 0
129 125 58 40110.4 0 0
128 125 58 40114.6 0 0
130 124 58 40118.8 0 0
133 123 58 40123 0 0
130 121 58 40127.2 0 0
131 123 58 40131.5 0 0
132 132 58 40135.7 0 0
132 128 58 40139.9 0 0
130 122 58 40144.1 0 0
131 125 58 40148.3 0 0
130 125 58 40152.5 0 0
130 121 58 40156.7 0 0
132 122 58 40161 0 0
127 121 58 40165.2 0 0
128 123 58 40169.4 0 0
129 124 58 40173.6 0 0
128 122 58 40177.8 0 0
133 122 58 40182 0 0
129 121 58 40186.2 0 0
131 122 58 40190.5 0 0
131 123 58 40194.7 0 0
129 123 58 40198.9 0 0
131 123 58 40203.1 0 0
131 126 58 40207.3 0 0
129 122 58 40211.5 0 0
130 121 58 40215.7 0 0
129 130 58 40220.1 0 0
128 117 58 40224.4 0 0
129 127 58 40228.6 0 0
130 124 58 40232.8 0 0
130 123 58 40237.1 0 0
130 129 58 40241.2 0 0
132 126 58 40245.4 0 0
132 123 58 40249.7 0 0
131 122 58 40253.9 0 0
128 123 58 40258.2 0 0
129 121 58 40262.4 0 0
131 126 58 40266.6 0 0
129 122 58 40270.8 0 0
130 129 58 40275 0 0
131 120 58 40279.2 0 0
129 125 58 40283.5 0 0
131 126 58 40287.7 0 0
130 122 58 40291.9 0 0
130 124 58 40296.1 0 0
131 126 58 40300.3 0 0
130 125 58 40304.5 0 0
131 128 58 40308.7 0 0
132 120 58 40313 0 0
131 129 58 40317.2 0 0
128 125 58 40321.6 0 0
128 119 58 40325.8 0 0
131 125 58 40330 0 0
130 125 58 40334.2 0 0
130 125 58 40338.4 0 0
129 124 58 40342.6 0 0
131 123 58 40346.8 0 0
130 129 58 40351 0 0
129 122 58 40355.3 0 0
132 126 58 40359.5 0 0
131 120 58 40363.8 0 0
131 122 58 40367.9 0 0
131 118 58 40372.2 0 0
128 127 58 40376.4 0 0
132 125 58 40380.7 0 0
130 129 58 40384.9 0 0
130 126 58 40389.1 0 0
128 120 58 40393.3 0 0
129 127 58 40397.5 0 0
126 119 58 40401.7 0 0
130 124 58 40405.9 0 0
128 122 58 40410.2 0 0
132 120 58 40414.4 0 0
128 124 58 40418.6 0 0
128 122 58 40422.8 0 0
130 123 58 40427 0 0
130 122 58 40431.2 0 0
129 121 58 40435.4 0 0
129 122 58 40439.7 0 0
129 122 58 40444 0 0
128 126 58 40450 0 0
128 128 58 40454.2 0 0
131 124 58 40458.4 0 0
130 127 58 40462.6 0 0
127 127 58 40466.8 0 0
130 120 58 40471.1 0 0
132 126 58 40475.4 0 0
131 129 58 40479.6 0 0
129 126 58 40483.8 0 0
129 124 58 40488 0 0
128 127 58 40492.2 0 0
130 123 58 40496.4 0 0
131 123 58 40500.7 0 0
128 120 58 40504.9 0 0
130 125 58 40509.2 0 0
128 123 58 40513.4 0 0
131 124 58 40517.6 0 0
133 125 58 40521.8 0 0
131 126 58 40526 0 0
129 123 58 40530.2 0 0
130 124 58 40534.4 0 0
127 120 58 40538.6 0 0
127 125 58 40542.9 0 0
129 122 58 40547.1 0 0
127 122 58 40551.3 0 0
131 124 58 40555.5 0 0
127 130 58 40559.8 0 0
130 122 58 40564.1 0 0
129 122 58 40568.4 0 0
130 119 58 40572.7 0 0
128 126 58 40576.9 0 0
128 120 58 40581.1 0 0
131 131 58 40585.3 0 0
129 119 58 40589.5 0 0
130 129 58 40593.9 0 0
132 125 58 40598.1 0 0
128 124 58 40605 0 0
130 124 58 40609.3 0 0
129 126 58 40613.5 0 0
129 126 58 40617.7 0 0
130 131 58 40622.1 0 0
127 130 58 40626.3 0 0
128 123 58 40630.6 0 0
127 125 58 40634.8 0 0
128 125 58 40639 0 0
129 126 58 40643.2 0 0
130 125 58 40647.4 0 0
128 125 58 40651.6 0 0
129 122 58 40655.8 0 0
130 124 58 40660.1 0 0
129 127 58 40664.3 0 0
130 127 58 40668.5 0 0
129 124 58 40672.7 0 0
130 126 58 40676.9 0 0
130 124 58 40681.1 0 0
127 126 58 40688.1 0 0
130 124 58 40692.4 0 0
131 121 58 40696.7 0 0
128 130 58 40700.9 0 0
129 122 58 40705.1 0 0
129 131 58 40709.3 0 0
127 129 58 40713.5 0 0
131 127 58 40717.7 0 0
127 131 58 40722 0 0
128 127 58 40726.2 0 0
131 129 58 40730.5 0 0
129 127 58 40734.7 0 0
131 127 58 40738.9 0 0
128 128 58 40743.1 0 0
131 129 58 40747.3 0 0
128 128 58 40751.5 0 0
129 126 58 40755.8 0 0
132 132 58 40760 0 0
129 129 58 40764.2 0 0
130 127 58 40768.4 0 0
127 128 58 40772.6 0 0
127 121 58 40776.8 0 0
131 124 58 40781 0 0
127 122 58 40785.3 0 0
127 122 58 40789.5 0 0
129 124 58 40793.8 0 0
129 126 58 40798 0 0
126 128 58 40802.2 0 0
128 129 58 40806.4 0 0
131 125 58 40810.6 0 0
130 126 58 40814.8 0 0
131 124 58 40819.1 0 0
130 126 58 40823.3 0 0
129 125 58 40827.5 0 0
128 130 58 40831.7 0 0
130 121 58 40835.9 0 0
130 125 58 40840.1 0 0
128 125 58 40844.4 0 0
130 126 58 40848.7 0 0
127 130 58 40852.9 0 0
129 127 58 40857.2 0 0
128 124 58 40861.4 0 0
131 128 58 40865.6 0 0
130 121 58 40869.8 0 0
128 124 58 40874 0 0
129 126 58 40878.4 0 0
126 122 58 40882.7 0 0
131 127 58 40886.9 0 0
128 122 58 40891.2 0 0
131 126 58 40895.4 0 0
127 123 58 40899.6 0 0
132 121 58 40903.8 0 0
131 124 58 40908 0 0
129 122 58 40912.3 0 0
132 121 58 40916.5 0 0
127 126 58 40920.7 0 0
128 122 58 40924.9 0 0
131 126 58 40929.1 0 0
129 124 58 40933.3 0 0
129 124 58 40937.5 0 0
129 121 58 40941.8 0 0
130 122 58 40946 0 0
131 125 58 40950.2 0 0
130 124 58 40954.4 0 0
128 127 58 40958.6 0 0
130 129 58 40962.9 0 0
131 126 58 40967.1 0 0
127 125 58 40971.3 0 0
131 124 58 40975.5 0 0
128 125 58 40979.7 0 0
132 123 58 40983.9 0 0
130 125 58 40988.1 0 0
128 125 58 40992.3 0 0
129 124 58 40996.5 0 0
130 124 58 41000.8 0 0
129 125 58 41005 0 0
129 124 58 41009.2 0 0
129 122 58 41013.4 0 0
132 121 58 41017.7 0 0
130 126 58 41021.8 0 0
128 127 58 41026.1 0 0
131 127 58 41030.3 0 0
131 126 58 41034.5 0 0
129 124 58 41038.7 0 0
130 132 58 41043.5 0 0
127 123 58 41047.8 0 0
129 126 58 41051.9 0 0
129 127 58 41056.2 0 0
131 127 58 41060.4 0 0
130 126 58 41064.6 0 0
126 127 58 41068.8 0 0
127 128 58 41073.1 0 0
128 130 58 41077.3 0 0
129 127 58 41081.5 0 0
128 130 58 41085.7 0 0
129 125 58 41089.9 0 0
128 122 58 41094.4 0 0
129 123 57 41098.6 0 0
130 127 58 41102.8 0 0
127 126 58 41107.2 0 0
129 125 58 41111.4 0 0
129 123 58 41115.6 0 0
131 124 58 41119.8 0 0
130 122 58 41124 0 0
127 125 58 41128.2 0 0
128 124 58 41132.5 0 0
130 121 58 41136.7 0 0
130 126 58 41140.9 0 0
130 122 58 41145.1 0 0
129 122 58 41149.3 0 0
129 125 58 41153.5 0 0
128 123 58 41157.8 0 0
130 123 58 41162.1 0 0
130 122 58 41166.3 0 0
130 122 58 41170.5 0 0
131 124 58 41174.7 0 0
129 122 58 41178.9 0 0
131 124 58 41183.1 0 0
128 125 58 41187.3 0 0
130 124 58 41191.6 0 0
133 123 58 41195.8 0 0
128 127 58 41200.1 0 0
131 124 58 41204.3 0 0
130 129 58 41208.5 0 0
130 124 58 41212.7 0 0
128 127 58 41216.9 0 0
128 121 58 41221.1 0 0
131 124 58 41225.3 0 0
132 124 57 41229.6 0 0
129 125 58 41233.8 0 0
131 124 58 41238 0 0
128 122 58 41242.2 0 0
131 125 58 41246.4 0 0
129 122 58 41250.7 0 0
130 124 58 41255 0 0
131 124 58 41259.3 0 0
128 121 58 41263.5 0 0
130 127 58 41267.7 0 0
130 128 58 41271.9 0 0
129 125 58 41276.1 0 0
131 126 58 41280.3 0 0
129 122 58 41284.5 0 0
131 131 57 41288.7 0 0
131 118 58 41293 0 0
130 121 58 41297.2 0 0
131 130 58 41301.4 0 0
129 127 58 41305.6 0 0
127 130 58 41309.8 0 0
131 126 58 41314 0 0
128 128 58 41321.1 0 0
130 123 58 41325.3 0 0
130 127 58 41329.5 0 0
130 127 58 41333.7 0 0
128 123 58 41337.9 0 0
133 125 58 41342.3 0 0
129 122 58 41346.5 0 0
131 124 58 41350.8 0 0
141 110 58 41355 0 0
147 104 58 41359.2 0 0
152 91 58 41363.4 0 0
156 91 58 41367.6 0 0
165 88 58 41371.8 0 0
164 81 58 41376.1 0 0
168 83 57 41380.3 0 0
171 66 57 41384.5 0 0
172 75 57 41391.7 0 0
169 71 57 41395.9 0 0
171 73 57 41400.1 0 0
170 77 57 41404.3 0 0
171 73 57 41408.5 0 0
174 77 57 41412.8 0 0
171 75 57 41417 0 0
175 72 57 41421.2 0 0
172 75 57 41425.4 0 0
173 73 57 41429.6 0 0
169 76 57 41433.8 0 0
174 70 57 41438 0 0
174 77 57 41442.2 0 0
172 72 57 41446.5 0 0
173 72 58 41450.7 0 0
170 74 57 41454.9 0 0
174 72 57 41459.1 0 0
172 77 57 41463.3 0 0
175 70 57 41467.5 0 0
172 74 57 41471.7 0 0
170 71 57 41476 0 0
174 72 57 41480.2 0 0
172 75 57 41484.4 0 0
175 70 57 41488.6 0 0
172 77 57 41492.8 0 0
172 71 57 41497 0 0
171 78 57 41501.2 0 0
173 72 57 41508.6 0 0
173 70 57 41512.8 0 0
174 76 57 41517 0 0
176 64 57 41521.2 0 0
176 65 57 41525.4 0 0
181 60 57 41529.6 0 0
181 55 57 41533.8 0 0
181 52 57 41538.1 0 0
181 56 57 41542.4 0 0
178 58 57 41546.6 0 0
178 61 57 41550.8 0 0
179 55 57 41555.1 0 0
178 61 57 41559.3 0 0
176 56 57 41563.5 0 0
178 58 57 41567.7 0 0
178 58 57 41571.9 0 0
180 56 57 41579 0 0
179 61 57 41583.2 0 0
179 55 57 41587.4 0 0
177 63 57 41591.7 0 0
180 57 57 41595.9 0 0
179 56 57 41600.1 0 0
180 58 57 41604.3 0 0
178 55 57 41608.6 0 0
178 58 57 41612.8 0 0
180 54 57 41617 0 0
181 58 57 41621.2 0 0
182 58 57 41625.4 0 0
181 55 57 41629.6 0 0
176 59 57 41633.9 0 0
178 57 57 41638.1 0 0
182 54 57 41642.3 0 0
180 58 57 41646.5 0 0
184 57 57 41650.7 0 0
180 57 57 41654.9 0 0
180 55 57 41659.1 0 0
179 57 57 41663.4 0 0
180 58 57 41667.6 0 0
182 55 57 41671.8 0 0
179 60 57 41676 0 0
180 59 57 41680.4 0 0
180 55 57 41687.1 0 0
183 56 57 41691.4 0 0
180 58 57 41695.6 0 0
179 57 57 41699.8 0 0
182 56 57 41704.1 0 0
179 54 57 41708.3 0 0
182 58 57 41712.5 0 0
178 63 57 41716.7 0 0
181 55 57 41720.9 0 0
181 56 57 41725.1 0 0
181 62 57 41729.4 0 0
180 58 57 41733.6 0 0
181 59 57 41737.8 0 0
177 55 57 41742 0 0
180 58 57 41746.2 0 0
179 61 57 41750.4 0 0
180 55 57 41754.6 0 0
178 56 57 41758.9 0 0
180 58 57 41763.1 0 0
182 58 57 41767.3 0 0
181 59 57 41771.5 0 0
183 56 57 41775.7 0 0
180 57 57 41779.9 0 0
178 55 57 41784.1 0 0
178 57 57 41788.3 0 0
180 58 57 41792.7 0 0
182 58 57 41796.9 0 0
178 60 57 41803.8 0 0
182 59 57 41808 0 0
182 59 57 41812.2 0 0
179 58 57 41816.4 0 0
183 61 57 41821.2 0 0
182 58 57 41825.4 0 0
182 64 57 41829.7 0 0
179 55 57 41833.9 0 0
177 59 57 41838.1 0 0
182 57 57 41842.3 0 0
181 57 57 41846.5 0 0
179 55 57 41850.7 0 0
182 59 57 41854.9 0 0
180 56 57 41859.2 0 0
182 56 57 41863.5 0 0
182 56 57 41867.7 0 0
179 57 57 41871.9 0 0
179 59 57 41876.1 0 0
181 59 57 41880.4 0 0
183 55 57 41884.6 0 0
183 58 57 41888.8 0 0
180 56 57 41893 0 0
181 57 57 41897.2 0 0
182 60 57 41901.4 0 0
182 57 57 41905.6 0 0
179 60 58 41909.9 0 0
179 56 57 41914.1 0 0
180 56 57 41918.3 0 0
179 58 57 41922.5 0 0
182 57 58 41926.8 0 0
178 59 57 41930.9 0 0
180 55 57 41935.2 0 0
180 59 57 41939.4 0 0
181 55 57 41943.6 0 0
181 62 57 41947.8 0 0
179 59 58 41952.1 0 0
182 58 57 41956.3 0 0
180 59 57 41960.5 0 0
180 57 57 41964.8 0 0
178 59 57 41969.1 0 0
181 55 57 41973.3 0 0
179 61 57 41977.6 0 0
180 59 58 41981.8 0 0
182 56 57 41986.1 0 0
180 61 57 41990.3 0 0
179 57 57 41994.5 0 0
181 60 57 41998.7 0 0
180 57 57 42002.9 0 0
181 60 57 42007.2 0 0
179 62 57 42011.4 0 0
182 57 57 42015.6 0 0
178 59 57 42019.9 0 0
181 59 57 42024.1 0 0
