130 121 47 1010.94 0 0
129 119 46 1015.18 0 0
129 119 46 1019.4 0 0
130 121 46 1023.6 0 0
129 121 47 1027.81 0 0
128 120 46 1032.02 0 0
128 122 46 1036.26 0 0
128 121 46 1040.49 0 0
128 123 46 1044.71 0 0
128 122 46 1048.91 0 0
129 123 46 1053.12 0 0
129 123 46 1057.33 0 0
130 119 46 1061.54 0 0
131 123 46 1065.77 0 0
129 122 46 1069.99 0 0
132 120 46 1074.21 0 0
130 121 46 1078.42 0 0
131 121 46 1082.64 0 0
130 120 46 1086.9 0 0
129 121 46 1091.11 0 0
129 120 47 1095.34 0 0
128 127 46 1099.57 0 0
127 122 46 1103.81 0 0
127 122 46 1108.02 0 0
129 122 46 1112.22 0 0
130 122 46 1116.42 0 0
127 120 46 1120.64 0 0
130 125 47 1124.87 0 0
132 121 46 1129.1 0 0
129 124 46 1133.34 0 0
130 120 46 1137.54 0 0
129 119 47 1141.76 0 0
130 126 46 1145.97 0 0
127 124 47 1150.17 0 0
130 122 47 1154.39 0 0
130 123 47 1158.6 0 0
129 120 47 1162.85 0 0
127 123 47 1167.06 0 0
129 119 47 1171.27 0 0
128 121 47 1175.49 0 0
128 116 47 1179.79 0 0
128 124 47 1184.12 0 0
129 120 47 1188.35 0 0
130 122 47 1192.57 0 0
130 121 47 1196.79 0 0
129 123 47 1201.02 0 0
130 125 46 1205.22 0 0
132 123 47 1209.43 0 0
131 121 47 1213.63 0 0
129 126 47 1217.86 0 0
132 122 47 1222.07 0 0
129 126 47 1226.3 0 0
129 121 47 1230.52 0 0
130 122 47 1234.72 0 0
130 121 47 1238.92 0 0
130 123 47 1243.14 0 0
129 126 47 1247.36 0 0
129 121 47 1251.58 0 0
129 120 47 1255.8 0 0
128 118 47 1260.02 0 0
129 120 47 1264.3 0 0
130 124 48 1268.51 0 0
127 122 47 1272.72 0 0
124 120 47 1276.93 0 0
121 102 47 1281.15 0 0
119 88 47 1285.38 0 0
121 75 47 1289.61 0 0
119 70 47 1293.83 0 0
120 67 48 1298.04 0 0
120 69 48 1302.26 0 0
120 68 47 1306.47 0 0
118 70 48 1310.7 0 0
121 73 47 1314.91 0 0
121 70 48 1319.15 0 0
119 74 48 1323.35 0 0
119 71 47 1327.56 0 0
122 71 47 1331.77 0 0
120 69 48 1335.97 0 0
119 68 47 1340.21 0 0
121 70 47 1344.44 0 0
119 68 47 1348.68 0 0
120 72 47 1352.91 0 0
120 67 47 1357.11 0 0
119 68 46 1361.32 0 0
118 73 47 1365.55 0 0
120 69 47 1369.75 0 0
119 69 46 1373.98 0 0
121 68 46 1378.2 0 0
120 69 46 1382.42 0 0
118 69 46 1386.62 0 0
120 69 46 1390.83 0 0
120 66 46 1395.04 0 0
121 72 45 1399.29 0 0
119 69 45 1403.51 0 0
119 70 45 1407.72 0 0
121 70 45 1411.96 0 0
118 71 45 1416.2 0 0
120 68 44 1420.41 0 0
121 68 45 1424.61 0 0
122 68 44 1428.83 0 0
120 68 44 1433.04 0 0
117 68 44 1437.26 0 0
120 67 44 1441.48 0 0
120 68 43 1445.71 0 0
118 67 44 1449.95 0 0
120 65 43 1454.15 0 0
119 66 43 1458.35 0 0
118 66 43 1462.56 0 0
120 68 43 1466.77 0 0
120 65 43 1470.99 0 0
121 65 43 1475.23 0 0
120 67 43 1479.44 0 0
118 65 43 1483.67 0 0
118 65 43 1487.89 0 0
119 68 43 1492.09 0 0
118 67 42 1496.29 0 0
118 67 43 1500.5 0 0
118 63 42 1504.71 0 0
116 67 43 1508.93 0 0
109 70 43 1513.15 0 0
99 72 42 1517.37 0 0
89 72 42 1521.57 0 0
80 73 42 1525.77 0 0
71 76 41 1530 0 0
63 80 41 1534.22 0 0
54 81 40 1538.45 0 0
49 84 41 1542.65 0 0
41 83 40 1546.86 0 0
43 83 40 1551.07 0 0
44 85 40 1555.27 0 0
45 80 40 1559.49 0 0
43 79 40 1566.28 0 0
43 82 40 1570.53 0 0
42 79 40 1574.75 0 0
41 82 40 1578.96 0 0
45 82 40 1583.17 0 0
43 83 39 1587.38 0 0
40 84 40 1591.6 0 0
43 83 39 1595.81 0 0
42 82 40 1600.04 0 0
42 80 39 1604.25 0 0
40 82 39 1608.46 0 0
40 82 40 1612.67 0 0
40 82 40 1616.87 0 0
43 80 39 1621.08 0 0
38 83 39 1625.3 0 0
43 81 40 1629.52 0 0
42 82 39 1633.8 0 0
42 82 40 1638.01 0 0
41 83 40 1642.22 0 0
43 82 39 1646.42 0 0
41 83 39 1650.63 0 0
43 82 39 1654.85 0 0
41 81 40 1659.07 0 0
41 81 40 1663.3 0 0
42 82 39 1668.27 0 0
43 82 39 1672.47 0 0
41 82 40 1676.68 0 0
41 81 39 1680.89 0 0
42 82 40 1685.1 0 0
41 82 40 1689.31 0 0
42 82 40 1693.54 0 0
43 81 39 1697.77 0 0
39 84 39 1701.99 0 0
39 84 40 1706.19 0 0
41 84 40 1710.4 0 0
41 88 39 1714.59 0 0
41 86 40 1718.82 0 0
42 82 39 1723.05 0 0
42 82 0 1727.34 0 0
41 85 39 1731.55 0 0
42 82 40 1735.76 0 0
39 82 40 1739.97 0 0
42 83 40 1744.17 0 0
40 82 39 1748.38 0 0
40 85 39 1752.58 0 0
40 83 39 1756.8 0 0
41 85 40 1761.06 0 0
41 84 40 1765.31 0 0
41 82 39 1769.51 0 0
40 88 40 1773.72 0 0
39 85 39 1777.92 0 0
40 84 40 1782.14 0 0
38 86 39 1786.37 0 0
42 83 39 1790.59 0 0
40 85 39 1794.8 0 0
42 85 39 1799 0 0
40 86 39 1803.2 0 0
40 84 39 1807.4 0 0
43 84 39 1811.64 0 0
40 84 39 1815.88 0 0
42 87 39 1820.11 0 0
44 89 39 1824.31 0 0
43 91 39 1828.53 0 0
45 90 39 1832.73 0 0
44 89 39 1836.93 0 0
44 97 39 1841.14 0 0
44 97 0 1845.37 0 0
35 154 34 1849.64 0 0
35 154 0 1854.79 0 0
35 154 0 1859.56 0 0
35 154 0 1863.78 0 0
35 154 0 1867.98 0 0
35 154 0 1872.19 0 0
62 207 35 1876.52 0 0
71 173 38 1880.77 0 0
77 159 39 1885.01 0 0
76 153 39 1889.22 0 0
77 160 39 1893.42 0 0
74 162 39 1897.62 0 0
75 173 40 1901.83 0 0
77 171 40 1906.07 0 0
77 177 39 1910.29 0 0
79 172 39 1914.51 0 0
81 169 39 1918.73 0 0
82 175 39 1922.94 0 0
82 176 39 1927.17 0 0
78 174 39 1931.38 0 0
82 175 39 1935.72 0 0
82 177 39 1939.94 0 0
82 175 38 1944.19 0 0
80 175 39 1948.41 0 0
81 173 39 1952.63 0 0
81 179 39 1956.84 0 0
82 179 39 1961.1 0 0
81 184 40 1965.32 0 0
80 173 39 1969.53 0 0
80 176 39 1973.77 0 0
84 174 39 1978 0 0
81 177 39 1982.22 0 0
80 174 39 1986.44 0 0
84 179 39 1990.66 0 0
85 181 39 1994.86 0 0
83 179 40 1999.08 0 0
85 179 39 2003.29 0 0
82 179 39 2007.5 0 0
84 171 39 2011.74 0 0
81 181 39 2015.96 0 0
80 180 40 2020.18 0 0
81 182 40 2024.42 0 0
86 181 39 2028.63 0 0
82 174 39 2032.84 0 0
81 181 39 2037.1 0 0
81 179 40 2041.33 0 0
83 186 40 2045.55 0 0
83 179 39 2049.75 0 0
83 182 40 2053.95 0 0
82 181 40 2058.17 0 0
82 183 40 2062.38 0 0
83 180 40 2066.59 0 0
82 178 40 2070.79 0 0
82 180 40 2075.01 0 0
81 180 40 2079.24 0 0
83 179 40 2083.49 0 0
82 179 40 2087.72 0 0
82 176 40 2091.95 0 0
79 181 40 2096.17 0 0
80 180 40 2100.4 0 0
74 198 40 2104.63 0 0
75 203 40 2108.84 0 0
79 206 40 2113.04 0 0
77 207 41 2117.29 0 0
78 195 41 2121.51 0 0
77 196 40 2128.44 0 0
75 197 41 2132.67 0 0
78 199 41 2136.87 0 0
79 201 41 2141.09 0 0
80 204 41 2145.29 0 0
77 196 41 2149.49 0 0
78 206 41 2153.69 0 0
77 203 41 2157.92 0 0
79 202 42 2162.16 0 0
77 204 41 2166.38 0 0
76 202 42 2170.59 0 0
78 202 41 2174.81 0 0
79 203 41 2179.02 0 0
79 208 42 2183.23 0 0
77 210 42 2187.47 0 0
76 205 42 2191.69 0 0
77 211 42 2195.92 0 0
75 208 42 2200.13 0 0
76 209 42 2204.33 0 0
76 206 42 2208.54 0 0
77 208 42 2212.74 0 0
79 203 42 2216.95 0 0
78 202 42 2221.17 0 0
78 203 42 2225.41 0 0
75 207 42 2229.63 0 0
74 201 42 2236.59 0 0
77 195 42 2244.84 0 0
77 197 43 2253.33 0 0
77 204 43 2261.59 0 0
77 204 43 2270.05 0 0
77 200 43 2277.73 0 0
78 205 43 2281.95 0 0
79 203 44 2286.56 0 0
76 200 43 2290.78 0 0
79 201 43 2295 0 0
77 203 43 2299.21 0 0
78 201 43 2303.41 0 0
77 203 43 2307.61 0 0
78 203 43 2311.83 0 0
76 201 44 2316.04 0 0
75 196 43 2320.24 0 0
79 197 43 2324.44 0 0
76 199 43 2328.67 0 0
76 191 44 2332.92 0 0
77 190 43 2337.15 0 0
78 187 44 2341.36 0 0
79 189 43 2345.58 0 0
77 193 43 2349.81 0 0
76 191 44 2354.05 0 0
80 193 43 2358.26 0 0
76 189 44 2362.47 0 0
78 191 44 2366.67 0 0
77 200 44 2370.88 0 0
78 194 44 2375.1 0 0
78 193 43 2379.32 0 0
79 190 44 2386.45 0 0
82 198 44 2390.69 0 0
80 197 44 2394.94 0 0
76 193 44 2399.14 0 0
80 202 44 2403.34 0 0
79 193 44 2407.57 0 0
80 177 44 2411.81 0 0
79 161 44 2416.04 0 0
82 152 44 2420.25 0 0
84 135 44 2424.45 0 0
82 122 44 2428.65 0 0
78 116 44 2432.86 0 0
80 101 44 2437.07 0 0
84 92 44 2441.28 0 0
84 88 45 2445.51 0 0
85 81 44 2449.73 0 0
86 77 44 2453.94 0 0
87 75 44 2458.14 0 0
86 77 45 2462.34 0 0
85 74 44 2466.57 0 0
87 75 44 2470.78 0 0
87 75 44 2475.02 0 0
87 79 44 2480.87 0 0
88 75 44 2485.1 0 0
87 75 44 2489.31 0 0
86 74 44 2493.51 0 0
87 72 44 2498.04 0 0
86 77 45 2502.25 0 0
88 73 45 2506.47 0 0
87 75 45 2510.71 0 0
88 72 45 2514.94 0 0
87 75 44 2519.14 0 0
86 74 44 2523.36 0 0
88 73 44 2527.56 0 0
86 75 44 2531.78 0 0
86 73 45 2536.02 0 0
88 76 44 2540.24 0 0
86 76 45 2544.46 0 0
85 75 44 2548.68 0 0
86 71 44 2552.88 0 0
86 74 44 2557.1 0 0
86 73 44 2561.31 0 0
87 73 44 2565.52 0 0
87 73 0 2569.72 0 0
85 73 44 2573.92 0 0
86 73 44 2578.16 0 0
86 75 44 2582.39 0 0
85 72 44 2586.64 0 0
88 72 44 2590.85 0 0
87 74 44 2595.07 0 0
87 72 44 2599.32 0 0
87 72 44 2603.54 0 0
86 72 44 2607.75 0 0
84 72 44 2611.96 0 0
87 76 44 2616.16 0 0
87 72 44 2620.36 0 0
88 73 43 2624.58 0 0
86 73 44 2628.8 0 0
85 70 43 2633.02 0 0
87 71 43 2637.24 0 0
87 72 43 2641.44 0 0
87 73 43 2645.64 0 0
87 72 43 2649.85 0 0
84 76 43 2654.07 0 0
87 73 43 2658.28 0 0
86 75 43 2665.21 0 0
86 73 44 2669.46 0 0
86 73 43 2673.7 0 0
85 73 43 2677.9 0 0
87 72 43 2682.1 0 0
88 72 43 2686.31 0 0
85 72 43 2690.54 0 0
86 73 43 2694.79 0 0
88 75 42 2699.01 0 0
86 70 42 2703.22 0 0
79 72 42 2707.42 0 0
71 75 42 2711.62 0 0
64 76 42 2715.83 0 0
55 80 41 2720.04 0 0
47 77 41 2724.28 0 0
45 74 41 2729.19 0 0
41 72 0 2733.41 0 0
41 79 41 2740.34 0 0
43 73 41 2744.54 0 0
44 73 41 2748.8 0 0
45 72 40 2753 0 0
43 74 41 2757.22 0 0
42 72 41 2761.45 0 0
42 74 41 2765.67 0 0
42 75 41 2769.87 0 0
42 73 40 2774.09 0 0
42 73 41 2778.29 0 0
43 72 40 2782.51 0 0
42 74 40 2786.76 0 0
41 72 40 2790.98 0 0
42 74 41 2795.19 0 0
40 73 40 2799.41 0 0
44 75 40 2803.62 0 0
41 74 40 2807.83 0 0
42 76 40 2812.04 0 0
42 73 41 2816.24 0 0
42 74 40 2820.44 0 0
42 75 40 2824.64 0 0
42 73 41 2828.87 0 0
44 74 40 2833.1 0 0
41 75 41 2837.36 0 0
41 72 40 2844.26 0 0
42 72 41 2848.5 0 0
42 75 41 2853.06 0 0
43 71 40 2857.28 0 0
41 73 41 2861.49 0 0
40 74 40 2865.68 0 0
43 74 40 2869.89 0 0
42 72 41 2874.11 0 0
41 72 41 2878.32 0 0
40 74 40 2882.54 0 0
41 71 40 2886.75 0 0
40 73 41 2890.96 0 0
42 73 41 2895.17 0 0
42 75 41 2899.37 0 0
42 74 41 2903.63 0 0
43 75 41 2907.85 0 0
41 74 41 2912.09 0 0
41 75 41 2916.3 0 0
41 73 41 2923.42 0 0
41 77 41 2931.66 0 0
41 74 41 2940.14 0 0
43 73 41 2948.41 0 0
46 73 41 2956.87 0 0
65 76 43 2965.14 0 0
65 76 43 2973.39 0 0
88 85 44 2980.76 0 0
97 93 0 2984.98 0 0
109 101 43 2990.09 0 0
121 107 42 2994.29 0 0
125 108 42 2998.5 0 0
125 108 42 3002.71 0 0
123 112 42 3006.92 0 0
121 107 42 3011.18 0 0
121 106 43 3015.39 0 0
121 106 43 3019.61 0 0
124 107 42 3023.81 0 0
124 107 43 3028.06 0 0
125 108 42 3032.27 0 0
124 110 42 3036.51 0 0
123 112 42 3040.73 0 0
125 109 43 3044.98 0 0
122 106 43 3049.21 0 0
124 105 43 3053.44 0 0
125 111 43 3057.64 0 0
123 112 43 3061.86 0 0
123 109 43 3066.08 0 0
125 111 43 3070.28 0 0
122 109 43 3074.8 0 0
126 112 43 3079.01 0 0
125 109 43 3085.76 0 0
124 110 43 3090.06 0 0
125 108 43 3094.28 0 0
126 113 43 3098.51 0 0
126 116 43 3102.73 0 0
124 109 43 3106.96 0 0
124 113 43 3111.17 0 0
126 112 43 3115.37 0 0
126 112 43 3119.57 0 0
125 109 43 3123.79 0 0
125 107 43 3128.01 0 0
123 113 43 3132.23 0 0
126 109 43 3136.44 0 0
125 112 44 3140.65 0 0
123 114 44 3144.85 0 0
124 112 43 3149.05 0 0
122 110 43 3153.26 0 0
124 109 43 3157.47 0 0
123 111 43 3161.71 0 0
126 116 43 3166.59 0 0
121 109 44 3170.8 0 0
125 108 44 3177.4 0 0
123 110 44 3181.61 0 0
126 115 44 3185.82 0 0
124 113 44 3190.04 0 0
125 113 44 3194.27 0 0
128 106 44 3198.49 0 0
128 93 44 3202.7 0 0
127 79 44 3206.91 0 0
126 74 44 3211.11 0 0
126 68 44 3215.32 0 0
126 67 45 3219.53 0 0
125 70 44 3223.76 0 0
127 69 45 3227.98 0 0
127 73 44 3232.19 0 0
127 73 0 3236.39 0 0
126 70 44 3240.6 0 0
125 72 44 3244.8 0 0
126 71 45 3249.01 0 0
128 72 44 3253.22 0 0
125 66 44 3257.43 0 0
125 66 0 3261.66 0 0
125 66 44 3265.87 0 0
127 69 45 3270.08 0 0
125 70 45 3274.29 0 0
127 70 45 3278.55 0 0
128 73 44 3282.77 0 0
128 67 45 3289.63 0 0
128 70 45 3293.87 0 0
124 67 44 3298.07 0 0
125 69 45 3302.27 0 0
128 71 44 3306.48 0 0
126 69 45 3310.69 0 0
127 67 45 3314.89 0 0
126 67 45 3319.09 0 0
126 67 44 3323.29 0 0
126 67 0 3327.51 0 0
126 67 0 3331.74 0 0
126 67 44 3335.98 0 0
126 71 45 3340.37 0 0
126 70 44 3344.58 0 0
125 70 44 3348.82 0 0
126 69 44 3353.04 0 0
125 69 44 3357.28 0 0
125 68 44 3361.48 0 0
125 69 44 3365.68 0 0
127 68 44 3369.88 0 0
127 68 0 3374.11 0 0
126 69 44 3378.33 0 0
127 68 44 3385.46 0 0
128 72 44 3389.68 0 0
125 66 43 3393.88 0 0
126 66 44 3398.09 0 0
123 69 44 3402.3 0 0
126 66 44 3406.52 0 0
126 65 44 3410.75 0 0
127 67 43 3414.97 0 0
127 67 0 3419.18 0 0
127 64 43 3423.38 0 0
126 63 44 3427.59 0 0
126 65 43 3431.81 0 0
125 68 44 3436.02 0 0
122 68 44 3440.24 0 0
126 70 43 3444.48 0 0
124 68 43 3448.69 0 0
124 71 44 3452.91 0 0
126 65 43 3457.11 0 0
123 67 43 3461.32 0 0
125 69 43 3465.53 0 0
125 66 43 3469.74 0 0
125 66 43 3473.99 0 0
127 69 43 3480.78 0 0
126 66 43 3484.99 0 0
125 68 43 3489.21 0 0
127 69 43 3493.42 0 0
124 70 43 3497.63 0 0
125 66 43 3501.83 0 0
126 67 43 3506.05 0 0
123 68 42 3510.3 0 0
124 66 44 3514.54 0 0
125 66 43 3518.74 0 0
125 64 43 3522.94 0 0
125 64 0 3527.14 0 0
116 74 43 3531.36 0 0
105 92 43 3535.59 0 0
98 115 43 3539.81 0 0
89 130 43 3544.02 0 0
83 146 42 3548.22 0 0
78 160 42 3552.42 0 0
72 174 42 3556.62 0 0
73 177 42 3560.84 0 0
72 185 42 3565.04 0 0
74 195 43 3569.24 0 0
70 197 42 3573.44 0 0
71 193 42 3577.66 0 0
72 190 42 3581.91 0 0
70 189 42 3586.13 0 0
70 188 43 3590.34 0 0
72 188 42 3594.56 0 0
71 193 42 3598.79 0 0
73 199 42 3603.01 0 0
70 194 42 3607.23 0 0
73 193 42 3611.43 0 0
72 190 42 3615.64 0 0
71 198 43 3619.84 0 0
72 188 42 3624.06 0 0
70 194 42 3628.27 0 0
71 197 43 3632.49 0 0
71 194 43 3636.7 0 0
69 195 42 3640.92 0 0
70 195 43 3645.13 0 0
70 191 43 3649.33 0 0
72 195 43 3653.6 0 0
70 197 43 3657.83 0 0
69 198 43 3662.07 0 0
70 193 43 3666.29 0 0
71 199 43 3670.52 0 0
72 196 43 3674.72 0 0
70 199 43 3678.93 0 0
71 193 43 3683.14 0 0
72 192 44 3687.37 0 0
72 194 43 3691.59 0 0
70 198 43 3695.82 0 0
69 199 43 3700.03 0 0
72 194 43 3704.33 0 0
69 196 43 3708.53 0 0
71 193 43 3712.73 0 0
71 193 43 3716.95 0 0
69 197 43 3721.17 0 0
69 194 44 3725.4 0 0
73 197 43 3729.62 0 0
72 198 43 3733.82 0 0
72 197 43 3738.02 0 0
70 195 44 3742.45 0 0
70 200 43 3746.66 0 0
71 197 44 3750.87 0 0
71 194 43 3755.07 0 0
73 195 43 3759.31 0 0
72 202 44 3763.53 0 0
73 197 43 3767.74 0 0
72 200 43 3771.94 0 0
70 201 43 3776.15 0 0
71 192 44 3780.37 0 0
72 201 44 3784.59 0 0
72 201 44 3788.82 0 0
70 195 44 3793.02 0 0
72 198 44 3797.23 0 0
72 191 44 3801.44 0 0
70 196 44 3805.64 0 0
73 191 45 3809.85 0 0
80 182 44 3814.06 0 0
93 170 44 3818.26 0 0
101 154 45 3822.46 0 0
107 139 44 3826.68 0 0
107 127 44 3830.89 0 0
111 113 43 3835.14 0 0
113 104 43 3839.35 0 0
114 101 43 3843.57 0 0
116 99 44 3847.79 0 0
113 103 44 3852.07 0 0
113 113 44 3856.27 0 0
113 111 44 3860.47 0 0
112 109 43 3864.68 0 0
115 103 44 3868.88 0 0
115 104 43 3873.11 0 0
114 104 43 3877.32 0 0
115 106 43 3881.56 0 0
113 102 44 3885.95 0 0
112 106 44 3890.18 0 0
116 103 44 3894.38 0 0
111 106 43 3898.59 0 0
112 102 44 3902.8 0 0
116 105 44 3907.01 0 0
115 107 43 3911.46 0 0
113 102 43 3915.7 0 0
112 102 43 3919.92 0 0
116 104 43 3924.12 0 0
113 102 43 3928.33 0 0
113 105 44 3932.55 0 0
115 105 44 3936.77 0 0
113 101 43 3940.98 0 0
115 105 44 3945.21 0 0
114 106 43 3949.42 0 0
112 103 43 3953.63 0 0
115 105 44 3957.84 0 0
114 105 43 3962.04 0 0
114 104 44 3966.25 0 0
114 105 43 3970.46 0 0
116 106 43 3974.72 0 0
115 107 44 3978.95 0 0
113 104 43 3983.17 0 0
113 104 43 3987.38 0 0
114 102 43 3991.58 0 0
112 102 43 3995.8 0 0
115 104 44 4000.02 0 0
115 101 43 4004.24 0 0
114 103 43 4008.45 0 0
114 103 43 4012.68 0 0
114 104 43 4016.89 0 0
113 102 43 4021.09 0 0
114 106 43 4025.29 0 0
114 103 43 4029.51 0 0
114 105 43 4033.74 0 0
115 110 43 4037.99 0 0
113 105 44 4042.22 0 0
117 106 43 4046.44 0 0
115 105 43 4050.64 0 0
123 95 43 4054.84 0 0
123 95 0 4059.05 0 0
130 75 44 4063.25 0 0
127 70 44 4067.45 0 0
129 68 43 4071.65 0 0
125 71 43 4075.89 0 0
125 74 43 4080.1 0 0
128 70 43 4084.36 0 0
126 72 43 4088.57 0 0
127 74 43 4092.81 0 0
127 72 43 4097.03 0 0
125 73 43 4101.26 0 0
125 73 43 4105.5 0 0
126 74 43 4109.74 0 0
128 74 43 4113.94 0 0
128 71 43 4118.14 0 0
128 70 43 4122.35 0 0
127 72 43 4126.58 0 0
127 75 43 4130.85 0 0
125 72 43 4135.07 0 0
126 69 43 4139.28 0 0
129 72 43 4143.48 0 0
129 70 43 4147.69 0 0
130 73 43 4151.89 0 0
129 69 43 4156.11 0 0
127 73 43 4160.33 0 0
126 72 43 4164.55 0 0
126 74 43 4168.76 0 0
127 73 43 4172.96 0 0
127 75 43 4177.17 0 0
126 73 43 4181.37 0 0
130 72 43 4185.58 0 0
127 74 43 4189.8 0 0
128 74 44 4194.03 0 0
128 73 43 4198.25 0 0
128 71 44 4202.45 0 0
127 75 44 4206.65 0 0
127 72 43 4210.85 0 0
129 74 44 4215.06 0 0
127 73 44 4219.29 0 0
127 70 44 4223.54 0 0
128 74 43 4227.78 0 0
126 74 44 4231.99 0 0
128 72 43 4236.2 0 0
129 71 44 4240.4 0 0
127 70 44 4244.6 0 0
129 71 43 4248.81 0 0
129 70 43 4253.04 0 0
129 71 43 4257.25 0 0
127 70 44 4261.48 0 0
128 72 44 4265.7 0 0
128 71 44 4269.91 0 0
129 73 43 4274.11 0 0
127 73 43 4278.32 0 0
128 74 43 4282.55 0 0
128 72 44 4286.8 0 0
128 75 43 4291.02 0 0
128 72 44 4295.26 0 0
127 72 44 4299.46 0 0
130 73 43 4303.66 0 0
127 70 44 4307.87 0 0
127 69 44 4312.08 0 0
128 70 44 4316.28 0 0
127 69 44 4320.48 0 0
126 69 44 4324.72 0 0
130 69 44 4328.95 0 0
129 72 44 4333.2 0 0
129 69 44 4337.44 0 0
130 71 44 4341.66 0 0
130 71 44 4345.88 0 0
128 72 44 4350.12 0 0
130 74 44 4354.33 0 0
127 73 44 4358.55 0 0
129 71 44 4362.75 0 0
128 74 44 4366.95 0 0
127 71 44 4371.15 0 0
130 71 44 4375.38 0 0
128 74 44 4379.6 0 0
128 71 44 4384.1 0 0
128 73 44 4388.31 0 0
127 70 44 4392.51 0 0
130 71 44 4396.71 0 0
127 70 44 4400.92 0 0
129 73 44 4405.14 0 0
129 73 44 4409.35 0 0
130 71 44 4413.57 0 0
127 70 44 4417.78 0 0
129 70 44 4421.99 0 0
131 72 44 4426.2 0 0
128 72 44 4430.41 0 0
128 71 44 4434.61 0 0
130 71 44 4438.83 0 0
128 71 44 4443.13 0 0
129 74 44 4447.36 0 0
127 71 44 4451.66 0 0
129 72 44 4455.86 0 0
127 73 44 4460.07 0 0
129 72 44 4464.27 0 0
137 77 44 4468.51 0 0
146 85 45 4472.73 0 0
154 99 44 4476.99 0 0
164 121 44 4481.21 0 0
173 140 43 4485.42 0 0
175 149 43 4489.62 0 0
178 158 43 4493.82 0 0
181 173 42 4498.03 0 0
183 178 42 4502.24 0 0
183 183 42 4506.46 0 0
184 188 42 4510.7 0 0
183 190 42 4514.92 0 0
182 187 42 4519.13 0 0
182 184 42 4523.34 0 0
186 187 42 4527.56 0 0
181 191 42 4534.32 0 0
183 186 43 4538.59 0 0
183 185 42 4542.8 0 0
185 185 42 4547 0 0
184 187 42 4551.27 0 0
186 192 42 4555.48 0 0
186 185 42 4559.68 0 0
182 192 42 4563.89 0 0
185 183 42 4568.09 0 0
182 191 43 4572.29 0 0
183 190 42 4576.51 0 0
184 189 42 4580.74 0 0
185 194 42 4585.02 0 0
183 188 42 4589.26 0 0
184 190 42 4593.49 0 0
186 190 43 4597.71 0 0
184 182 42 4602.02 0 0
183 185 42 4606.23 0 0
185 186 42 4610.45 0 0
186 186 42 4614.66 0 0
182 191 42 4618.86 0 0
183 187 43 4623.07 0 0
186 189 43 4627.29 0 0
185 188 42 4634.23 0 0
184 187 42 4642.69 0 0
184 188 42 4650.95 0 0
185 186 42 4659.43 0 0
184 188 43 4667.44 0 0
184 188 43 4675.92 0 0
185 190 42 4683.89 0 0
184 189 42 4688.12 0 0
186 192 43 4692.65 0 0
182 188 42 4696.88 0 0
185 191 43 4701.1 0 0
184 189 42 4705.31 0 0
185 189 43 4709.51 0 0
185 186 42 4713.71 0 0
186 187 42 4717.93 0 0
186 185 42 4722.15 0 0
182 186 42 4726.37 0 0
184 188 43 4730.59 0 0
183 190 43 4734.8 0 0
185 186 43 4739.01 0 0
184 188 42 4743.27 0 0
183 185 42 4747.49 0 0
185 190 42 4751.69 0 0
184 189 43 4755.92 0 0
184 186 42 4760.17 0 0
185 188 42 4764.4 0 0
185 187 43 4768.62 0 0
183 189 43 4772.84 0 0
187 185 43 4777.13 0 0
182 189 42 4781.35 0 0
184 188 43 4785.57 0 0
184 190 44 4792.55 0 0
183 191 43 4796.79 0 0
186 194 43 4801 0 0
185 187 43 4805.22 0 0
184 189 42 4809.42 0 0
184 186 43 4813.63 0 0
184 190 43 4817.83 0 0
186 185 43 4822.03 0 0
185 188 43 4826.25 0 0
183 185 43 4830.47 0 0
184 182 43 4834.7 0 0
183 183 43 4838.95 0 0
183 183 43 4843.17 0 0
186 182 43 4847.39 0 0
186 191 44 4851.62 0 0
183 184 43 4855.83 0 0
183 182 42 4860.04 0 0
185 183 43 4864.26 0 0
184 183 43 4868.46 0 0
184 188 42 4872.66 0 0
185 189 43 4876.88 0 0
182 193 43 4881.12 0 0
185 204 43 4885.36 0 0
188 197 43 4892.47 0 0
186 196 43 4900.7 0 0
186 195 43 4909.18 0 0
186 198 44 4917.43 0 0
186 198 44 4925.89 0 0
186 201 43 4933.93 0 0
185 199 43 4938.15 0 0
184 198 43 4942.4 0 0
186 202 43 4946.62 0 0
186 200 43 4950.83 0 0
184 205 43 4955.03 0 0
189 195 43 4959.24 0 0
196 183 44 4963.44 0 0
206 174 43 4967.66 0 0
213 154 43 4971.87 0 0
216 135 43 4976.09 0 0
223 116 42 4980.3 0 0
225 97 41 4984.56 0 0
223 83 42 4988.78 0 0
227 74 42 4992.98 0 0
230 67 42 4997.18 0 0
227 59 42 5001.38 0 0
229 55 42 5005.6 0 0
229 55 0 5009.86 0 0
230 55 42 5014.18 0 0
228 55 42 5018.39 0 0
230 57 43 5022.6 0 0
228 56 42 5026.8 0 0
229 56 42 5031.02 0 0
231 56 42 5035.25 0 0
230 59 42 5042.3 0 0
231 57 42 5046.51 0 0
231 58 42 5050.73 0 0
230 62 42 5054.94 0 0
231 59 42 5059.17 0 0
230 59 42 5063.38 0 0
231 58 42 5067.58 0 0
231 60 43 5071.78 0 0
229 57 42 5076 0 0
231 59 42 5080.21 0 0
229 57 42 5084.47 0 0
229 60 43 5088.69 0 0
228 56 43 5092.91 0 0
231 59 42 5097.12 0 0
227 59 43 5101.35 0 0
228 60 42 5105.56 0 0
231 61 43 5109.77 0 0
229 61 42 5113.99 0 0
229 59 43 5118.19 0 0
231 59 43 5122.42 0 0
228 59 42 5126.64 0 0
230 58 43 5130.9 0 0
232 59 43 5135.12 0 0
230 60 43 5142.2 0 0
230 59 43 5150.7 0 0
230 59 43 5158.93 0 0
229 58 43 5167.25 0 0
230 59 42 5175.65 0 0
230 59 43 5183.98 0 0
230 59 43 5192.17 0 0
228 60 42 5199.53 0 0
228 57 43 5203.75 0 0
232 61 42 5208.87 0 0
228 58 42 5213.11 0 0
228 59 43 5217.35 0 0
228 58 43 5221.57 0 0
228 57 43 5225.81 0 0
229 58 43 5230.03 0 0
227 57 43 5234.24 0 0
228 57 43 5238.45 0 0
229 56 42 5242.65 0 0
229 58 43 5246.94 0 0
231 61 42 5251.15 0 0
229 56 43 5255.36 0 0
232 60 43 5259.61 0 0
231 58 42 5263.84 0 0
231 59 42 5268.07 0 0
229 59 42 5272.27 0 0
232 59 42 5276.48 0 0
230 60 42 5280.7 0 0
229 59 42 5284.91 0 0
232 61 42 5289.14 0 0
229 57 42 5296.06 0 0
229 57 42 5304.53 0 0
228 60 42 5309.22 0 0
229 61 41 5313.45 0 0
229 58 42 5317.65 0 0
231 59 42 5321.85 0 0
229 59 41 5326.06 0 0
227 61 42 5330.26 0 0
230 58 41 5334.46 0 0
231 58 41 5338.66 0 0
229 58 41 5342.91 0 0
228 57 41 5347.12 0 0
227 58 41 5351.36 0 0
229 60 41 5355.59 0 0
231 59 41 5359.8 0 0
228 57 41 5364 0 0
227 60 41 5368.32 0 0
229 58 41 5372.54 0 0
230 58 42 5379.69 0 0
228 59 41 5383.97 0 0
229 59 41 5388.19 0 0
227 56 41 5392.4 0 0
230 59 41 5396.6 0 0
229 57 41 5400.8 0 0
229 56 41 5405.02 0 0
228 58 41 5409.23 0 0
230 58 42 5413.46 0 0
228 59 41 5417.67 0 0
230 57 41 5421.88 0 0
232 64 41 5426.09 0 0
230 60 41 5430.29 0 0
228 60 41 5434.5 0 0
228 60 41 5438.72 0 0
229 59 41 5442.97 0 0
229 61 41 5447.2 0 0
228 55 41 5451.43 0 0
229 57 41 5455.63 0 0
229 59 42 5459.83 0 0
230 58 42 5464.03 0 0
228 58 41 5468.25 0 0
229 58 42 5475.13 0 0
229 62 41 5479.39 0 0
227 58 41 5483.67 0 0
226 60 42 5487.88 0 0
229 58 42 5492.13 0 0
230 60 41 5496.34 0 0
229 61 41 5500.57 0 0
230 60 42 5504.78 0 0
229 57 41 5509.02 0 0
229 60 41 5513.24 0 0
230 60 41 5517.45 0 0
228 60 42 5521.66 0 0
231 58 42 5525.87 0 0
228 57 41 5530.09 0 0
229 60 41 5534.31 0 0
230 58 42 5538.53 0 0
230 60 42 5542.74 0 0
231 60 41 5546.94 0 0
230 60 42 5551.15 0 0
230 58 42 5555.35 0 0
230 61 42 5559.56 0 0
227 59 42 5563.76 0 0
228 60 42 5568.06 0 0
230 57 42 5572.28 0 0
229 59 42 5576.54 0 0
231 59 42 5580.78 0 0
231 59 42 5584.99 0 0
229 61 42 5590.17 0 0
227 56 42 5594.39 0 0
228 58 42 5598.64 0 0
229 60 42 5602.9 0 0
229 59 42 5607.11 0 0
230 60 43 5611.32 0 0
231 59 43 5615.53 0 0
228 60 42 5619.74 0 0
229 61 42 5623.96 0 0
230 62 42 5628.18 0 0
230 58 43 5632.42 0 0
227 62 43 5636.64 0 0
230 63 42 5640.85 0 0
230 63 0 5645.05 0 0
230 60 42 5649.26 0 0
228 58 42 5653.47 0 0
228 61 42 5657.69 0 0
229 59 42 5661.97 0 0
230 60 43 5666.21 0 0
231 63 43 5670.43 0 0
229 61 43 5674.63 0 0
229 65 42 5678.84 0 0
231 63 42 5683.04 0 0
230 61 43 5687.26 0 0
229 59 42 5691.48 0 0
230 61 43 5695.71 0 0
229 59 43 5699.92 0 0
231 60 43 5704.16 0 0
231 63 43 5708.39 0 0
228 59 43 5712.6 0 0
231 60 43 5716.82 0 0
230 61 43 5721.03 0 0
228 60 43 5725.28 0 0
229 59 43 5729.51 0 0
230 61 43 5733.72 0 0
229 60 43 5737.93 0 0
229 60 43 5742.13 0 0
230 60 43 5746.33 0 0
231 58 43 5750.55 0 0
229 59 43 5754.76 0 0
230 59 43 5759 0 0
231 60 43 5763.24 0 0
228 61 43 5767.45 0 0
229 60 43 5771.65 0 0
231 62 43 5775.87 0 0
228 59 43 5780.1 0 0
227 59 44 5784.33 0 0
230 62 43 5788.56 0 0
229 61 43 5792.8 0 0
227 61 43 5797 0 0
228 59 43 5801.21 0 0
229 61 43 5805.41 0 0
231 61 43 5809.62 0 0
229 63 44 5813.82 0 0
230 59 44 5818.02 0 0
229 63 43 5822.22 0 0
230 61 44 5829.24 0 0
226 58 44 5833.44 0 0
230 61 43 5837.64 0 0
230 61 43 5841.86 0 0
231 60 43 5846.08 0 0
227 60 44 5850.33 0 0
229 59 43 5854.56 0 0
229 62 44 5858.77 0 0
230 61 43 5862.97 0 0
228 61 44 5867.18 0 0
229 61 43 5871.45 0 0
230 61 43 5875.68 0 0
232 63 43 5879.92 0 0
236 65 43 5884.16 0 0
232 65 44 5888.37 0 0
234 65 43 5892.57 0 0
232 66 43 5896.78 0 0
233 65 43 5900.99 0 0
231 62 44 5905.21 0 0
232 62 44 5909.43 0 0
232 62 43 5913.66 0 0
235 63 43 5917.88 0 0
231 63 44 5924.9 0 0
231 61 43 5929.1 0 0
233 64 43 5933.3 0 0
232 63 44 5937.54 0 0
234 63 43 5941.76 0 0
230 64 43 5945.98 0 0
234 62 43 5950.2 0 0
234 63 44 5954.41 0 0
229 63 43 5958.62 0 0
232 64 44 5962.83 0 0
231 65 44 5967.05 0 0
232 64 44 5971.27 0 0
232 62 44 5975.5 0 0
227 62 44 5979.7 0 0
232 63 44 5983.92 0 0
232 67 43 5988.13 0 0
231 63 44 5992.34 0 0
233 63 43 5996.56 0 0
231 65 43 6000.79 0 0
233 63 44 6005.02 0 0
233 63 43 6009.23 0 0
233 62 44 6013.45 0 0
233 62 44 6020.58 0 0
232 64 43 6027.65 0 0
232 63 44 6031.88 0 0
233 62 43 6037.3 0 0
234 64 44 6041.53 0 0
232 64 44 6045.74 0 0
232 63 43 6049.95 0 0
233 63 43 6054.15 0 0
232 64 44 6058.35 0 0
231 64 43 6062.56 0 0
234 62 44 6066.8 0 0
231 64 44 6071.02 0 0
232 61 43 6075.26 0 0
230 61 43 6079.49 0 0
233 64 43 6083.71 0 0
232 62 44 6087.91 0 0
231 60 43 6092.14 0 0
232 61 44 6096.35 0 0
231 60 44 6100.59 0 0
234 63 43 6104.81 0 0
233 63 44 6109.03 0 0
232 64 43 6113.23 0 0
232 64 43 6117.43 0 0
234 64 43 6121.64 0 0
229 64 43 6125.85 0 0
233 62 44 6130.1 0 0
230 62 43 6134.33 0 0
230 64 44 6141.43 0 0
234 62 43 6145.63 0 0
235 64 44 6149.83 0 0
233 66 43 6154.04 0 0
233 67 43 6158.27 0 0
231 63 43 6162.51 0 0
232 64 43 6166.72 0 0
232 63 43 6170.98 0 0
235 66 44 6175.18 0 0
232 64 43 6179.38 0 0
235 64 43 6183.58 0 0
232 63 43 6187.82 0 0
231 64 43 6192.04 0 0
233 63 43 6196.26 0 0
233 63 43 6200.47 0 0
233 65 43 6204.67 0 0
233 63 43 6208.87 0 0
234 64 43 6213.07 0 0
232 63 43 6217.28 0 0
233 63 43 6221.5 0 0
233 64 43 6225.75 0 0
232 62 43 6229.98 0 0
231 64 43 6234.18 0 0
231 64 43 6241.33 0 0
232 63 43 6246.39 0 0
232 63 43 6250.6 0 0
229 62 43 6254.83 0 0
232 64 43 6259.13 0 0
233 62 43 6263.36 0 0
233 63 43 6267.56 0 0
233 63 43 6271.77 0 0
231 63 43 6277.63 0 0
235 63 43 6281.85 0 0
233 64 43 6286.11 0 0
232 63 43 6290.35 0 0
235 65 43 6294.55 0 0
234 63 43 6298.76 0 0
234 64 43 6302.96 0 0
234 63 43 6307.17 0 0
233 63 43 6311.38 0 0
232 66 43 6315.58 0 0
235 62 43 6319.8 0 0
232 63 43 6324.02 0 0
234 64 43 6328.27 0 0
232 60 43 6332.48 0 0
234 62 43 6336.68 0 0
231 62 43 6340.89 0 0
233 65 43 6345.12 0 0
234 62 43 6349.37 0 0
231 63 43 6353.61 0 0
231 62 42 6357.81 0 0
233 61 43 6362.01 0 0
234 64 43 6366.21 0 0
231 63 43 6370.42 0 0
232 63 43 6374.64 0 0
234 63 43 6378.85 0 0
232 63 43 6383.07 0 0
233 62 43 6387.29 0 0
231 62 43 6391.49 0 0
229 61 43 6395.69 0 0
230 61 43 6399.89 0 0
231 61 43 6404.1 0 0
232 66 43 6408.32 0 0
233 64 43 6412.58 0 0
235 63 43 6416.82 0 0
228 63 43 6421.03 0 0
225 68 44 6425.23 0 0
220 69 44 6429.43 0 0
218 71 44 6433.63 0 0
216 70 44 6437.86 0 0
217 69 44 6442.08 0 0
214 73 44 6446.33 0 0
214 75 44 6450.56 0 0
209 78 45 6454.76 0 0
201 79 44 6458.96 0 0
196 90 45 6463.16 0 0
192 95 45 6467.38 0 0
179 113 45 6471.6 0 0
176 119 46 6478.61 0 0
170 125 45 6482.83 0 0
166 128 46 6487.05 0 0
161 139 45 6491.25 0 0
157 143 46 6495.45 0 0
152 148 46 6499.66 0 0
145 148 46 6503.89 0 0
144 149 46 6508.13 0 0
141 147 46 6512.37 0 0
142 152 46 6516.58 0 0
143 151 46 6520.78 0 0
147 148 46 6524.98 0 0
142 143 46 6529.2 0 0
143 145 46 6533.43 0 0
143 147 46 6537.68 0 0
141 155 46 6541.89 0 0
143 151 46 6546.1 0 0
142 148 46 6550.3 0 0
145 148 46 6554.5 0 0
142 152 46 6558.7 0 0
144 150 46 6562.91 0 0
142 150 46 6567.11 0 0
143 149 46 6571.32 0 0
142 150 46 6575.57 0 0
141 149 46 6579.79 0 0
141 149 46 6584 0 0
142 148 46 6590.16 0 0
142 152 46 6594.37 0 0
141 147 46 6598.62 0 0
143 155 46 6602.85 0 0
139 151 46 6607.05 0 0
144 152 47 6611.27 0 0
141 152 46 6615.47 0 0
143 145 46 6619.67 0 0
140 148 46 6623.89 0 0
143 148 46 6628.1 0 0
141 154 46 6632.34 0 0
140 149 46 6636.55 0 0
143 150 46 6640.77 0 0
139 152 46 6644.98 0 0
142 149 46 6649.18 0 0
142 151 46 6653.38 0 0
141 147 46 6657.61 0 0
137 146 46 6661.87 0 0
128 139 46 6666.09 0 0
129 132 45 6670.3 0 0
125 127 46 6674.5 0 0
126 125 46 6678.7 0 0
127 123 46 6682.9 0 0
129 128 46 6687.12 0 0
131 129 46 6691.34 0 0
130 128 46 6695.57 0 0
128 131 46 6699.78 0 0
131 128 46 6703.98 0 0
129 129 46 6708.18 0 0
126 130 46 6712.39 0 0
130 128 46 6716.6 0 0
128 132 46 6720.81 0 0
129 133 46 6725.04 0 0
127 130 46 6729.27 0 0
129 131 46 6733.48 0 0
129 131 46 6737.68 0 0
125 132 46 6741.88 0 0
127 129 46 6746.08 0 0
127 131 46 6750.29 0 0
129 128 45 6754.61 0 0
128 131 46 6758.88 0 0
127 127 45 6763.1 0 0
127 130 45 6767.3 0 0
128 127 45 6771.51 0 0
130 128 45 6775.71 0 0
129 128 45 6779.93 0 0
126 129 45 6784.15 0 0
130 127 45 6788.38 0 0
127 132 45 6792.59 0 0
126 127 45 6796.82 0 0
129 129 44 6801.02 0 0
129 130 44 6805.22 0 0
129 129 45 6809.43 0 0
131 132 45 6813.63 0 0
128 131 44 6817.84 0 0
125 129 44 6822.05 0 0
126 131 44 6826.29 0 0
126 129 44 6830.51 0 0
127 130 43 6834.71 0 0
127 129 43 6838.91 0 0
126 127 43 6843.14 0 0
127 130 43 6847.35 0 0
127 130 0 6851.6 0 0
126 129 43 6855.82 0 0
126 130 43 6860.03 0 0
129 126 43 6864.23 0 0
127 128 43 6868.43 0 0
129 129 43 6872.63 0 0
126 127 43 6876.87 0 0
129 130 42 6881.11 0 0
129 128 43 6885.34 0 0
125 133 43 6889.55 0 0
126 129 42 6893.75 0 0
128 129 42 6897.96 0 0
127 124 42 6902.16 0 0
127 132 42 6906.38 0 0
127 129 42 6910.6 0 0
128 127 42 6914.82 0 0
127 124 42 6919.04 0 0
126 123 42 6923.24 0 0
127 131 42 6927.44 0 0
124 126 42 6931.64 0 0
126 125 42 6935.86 0 0
127 127 42 6940.08 0 0
126 124 42 6944.31 0 0
128 125 42 6948.53 0 0
127 128 41 6952.75 0 0
128 127 42 6956.95 0 0
129 126 41 6961.17 0 0
126 126 42 6965.43 0 0
125 124 42 6969.69 0 0
127 128 41 6973.96 0 0
125 124 41 6978.18 0 0
128 131 41 6982.39 0 0
127 131 41 6986.6 0 0
125 124 41 6990.82 0 0
125 123 41 6995.02 0 0
128 126 41 6999.45 0 0
127 127 41 7003.68 0 0
127 127 0 7007.92 0 0
126 128 41 7012.15 0 0
124 127 41 7016.36 0 0
128 131 42 7020.56 0 0
126 127 41 7024.76 0 0
126 130 41 7028.97 0 0
127 126 41 7033.19 0 0
128 131 41 7037.43 0 0
127 127 41 7041.67 0 0
129 125 41 7045.88 0 0
127 127 41 7050.08 0 0
126 127 42 7054.28 0 0
127 130 41 7058.48 0 0
123 124 41 7062.69 0 0
129 134 41 7066.89 0 0
125 127 41 7071.11 0 0
127 129 41 7075.38 0 0
127 124 41 7079.6 0 0
126 128 41 7083.8 0 0
127 128 41 7088 0 0
125 127 41 7092.22 0 0
125 126 41 7096.44 0 0
129 127 41 7100.69 0 0
129 124 41 7104.94 0 0
127 124 41 7109.17 0 0
127 124 41 7113.37 0 0
130 126 41 7117.57 0 0
130 126 0 7121.78 0 0
126 129 42 7125.99 0 0
129 128 41 7130.23 0 0
127 130 41 7134.48 0 0
127 130 0 7138.69 0 0
130 128 41 7142.89 0 0
130 128 41 7147.09 0 0
127 129 41 7151.3 0 0
126 124 41 7155.53 0 0
126 129 41 7159.74 0 0
126 127 41 7163.96 0 0
127 124 42 7168.17 0 0
128 129 41 7172.38 0 0
127 127 41 7176.58 0 0
126 128 41 7180.78 0 0
127 126 41 7185.07 0 0
126 125 41 7189.28 0 0
128 125 41 7193.93 0 0
126 128 41 7198.18 0 0
129 126 42 7202.39 0 0
128 129 41 7206.59 0 0
126 124 42 7210.8 0 0
127 128 42 7215 0 0
127 125 42 7219.24 0 0
126 124 42 7223.47 0 0
126 124 41 7227.71 0 0
126 128 41 7231.92 0 0
128 123 42 7236.13 0 0
126 129 41 7240.33 0 0
128 133 42 7244.53 0 0
126 129 42 7248.84 0 0
125 127 42 7253.07 0 0
128 129 42 7257.29 0 0
129 128 41 7261.87 0 0
126 126 42 7266.07 0 0
127 130 42 7270.28 0 0
125 130 42 7274.48 0 0
124 128 41 7278.68 0 0
125 130 41 7282.9 0 0
126 132 42 7287.13 0 0
126 125 42 7291.36 0 0
127 116 42 7295.57 0 0
128 104 42 7299.77 0 0
129 101 42 7303.97 0 0
131 94 0 7308.19 0 0
127 87 42 7312.6 0 0
127 84 42 7316.81 0 0
125 83 43 7321.02 0 0
125 83 0 7325.29 0 0
125 83 0 7329.51 0 0
125 91 43 7333.71 0 0
125 87 42 7337.91 0 0
128 86 43 7342.13 0 0
127 89 43 7346.35 0 0
127 89 0 7350.6 0 0
127 89 43 7354.83 0 0
124 86 43 7359.03 0 0
126 90 43 7363.25 0 0
126 81 44 7367.45 0 0
126 87 43 7371.66 0 0
127 89 43 7375.87 0 0
128 86 43 7380.11 0 0
129 90 44 7384.34 0 0
124 87 43 7388.55 0 0
126 89 43 7392.75 0 0
128 87 43 7396.96 0 0
125 90 43 7401.16 0 0
130 89 43 7405.38 0 0
127 83 43 7409.59 0 0
125 91 43 7413.81 0 0
129 87 43 7418.04 0 0
129 89 43 7422.25 0 0
126 88 43 7426.45 0 0
130 89 43 7430.65 0 0
126 89 43 7434.86 0 0
126 85 43 7439.08 0 0
127 85 43 7443.32 0 0
128 89 43 7447.54 0 0
126 89 44 7451.75 0 0
126 87 44 7455.95 0 0
127 89 44 7460.15 0 0
126 86 43 7464.35 0 0
125 85 43 7468.58 0 0
127 87 44 7472.8 0 0
128 86 44 7477.02 0 0
126 84 44 7481.24 0 0
126 86 44 7485.45 0 0
126 87 44 7489.66 0 0
128 89 43 7493.86 0 0
126 91 44 7498.07 0 0
126 88 44 7502.28 0 0
128 89 43 7506.5 0 0
125 85 44 7510.73 0 0
125 80 44 7514.95 0 0
125 74 44 7519.15 0 0
125 75 44 7523.35 0 0
125 73 44 7527.55 0 0
126 74 44 7531.78 0 0
127 79 44 7536 0 0
126 76 44 7540.29 0 0
126 76 44 7544.5 0 0
126 76 44 7548.71 0 0
125 76 44 7552.91 0 0
127 77 44 7557.11 0 0
128 74 44 7561.32 0 0
125 76 44 7565.52 0 0
124 76 44 7569.73 0 0
127 76 44 7573.95 0 0
126 78 43 7578.24 0 0
126 74 44 7582.47 0 0
125 75 44 7586.68 0 0
126 78 44 7590.9 0 0
128 76 44 7595.12 0 0
127 74 44 7599.36 0 0
126 74 44 7603.58 0 0
125 75 44 7607.79 0 0
127 77 44 7612 0 0
127 77 44 7616.2 0 0
127 78 44 7621.42 0 0
124 71 43 7625.64 0 0
128 76 43 7629.87 0 0
125 77 44 7634.1 0 0
126 73 44 7638.31 0 0
123 72 44 7642.52 0 0
124 76 44 7646.73 0 0
126 78 44 7650.95 0 0
126 76 43 7655.17 0 0
126 74 44 7659.39 0 0
126 74 0 7663.62 0 0
128 74 43 7667.83 0 0
125 78 43 7672.04 0 0
127 73 44 7676.25 0 0
125 73 44 7680.45 0 0
125 74 43 7684.66 0 0
126 75 43 7688.88 0 0
126 75 44 7693.12 0 0
125 78 43 7697.34 0 0
126 77 43 7701.55 0 0
125 76 43 7705.75 0 0
129 76 43 7709.95 0 0
126 77 43 7714.15 0 0
127 75 43 7718.38 0 0
124 78 43 7722.59 0 0
124 73 43 7726.82 0 0
126 80 43 7731.03 0 0
126 75 43 7735.24 0 0
127 79 43 7739.44 0 0
127 74 43 7743.65 0 0
126 74 43 7747.98 0 0
127 78 43 7752.19 0 0
127 78 0 7756.4 0 0
124 77 43 7760.62 0 0
126 72 43 7764.87 0 0
127 78 43 7769.09 0 0
127 78 0 7773.29 0 0
125 73 43 7777.49 0 0
127 75 43 7781.71 0 0
126 76 43 7785.95 0 0
127 75 42 7790.17 0 0
126 74 43 7794.39 0 0
126 75 43 7798.6 0 0
125 77 43 7802.8 0 0
126 74 43 7807 0 0
127 75 43 7811.21 0 0
123 74 42 7815.41 0 0
126 70 43 7819.62 0 0
126 74 42 7823.86 0 0
126 74 0 7828.15 0 0
124 72 42 7832.36 0 0
127 73 43 7836.56 0 0
127 73 42 7840.77 0 0
126 77 42 7845 0 0
126 75 43 7849.25 0 0
127 76 42 7853.47 0 0
125 72 42 7857.69 0 0
127 75 43 7861.89 0 0
128 75 43 7866.09 0 0
128 78 43 7870.3 0 0
127 75 43 7874.52 0 0
125 73 43 7878.74 0 0
126 74 43 7882.96 0 0
126 74 0 7887.19 0 0
125 76 43 7891.4 0 0
125 75 44 7895.6 0 0
127 74 43 7899.8 0 0
127 79 43 7904.03 0 0
124 72 43 7908.24 0 0
128 72 42 7912.47 0 0
125 75 42 7916.68 0 0
129 77 42 7920.9 0 0
128 73 42 7925.1 0 0
124 73 42 7929.31 0 0
126 74 42 7933.51 0 0
125 73 42 7937.73 0 0
129 68 43 7941.95 0 0
125 73 43 7946.17 0 0
126 73 43 7950.38 0 0
126 74 42 7954.58 0 0
126 74 0 7958.78 0 0
127 74 43 7962.99 0 0
124 74 43 7967.2 0 0
127 74 43 7971.43 0 0
125 72 42 7975.67 0 0
126 74 43 7979.89 0 0
125 71 43 7984.1 0 0
126 74 42 7988.32 0 0
124 74 43 7992.52 0 0
127 74 43 7996.73 0 0
127 74 43 8000.94 0 0
126 74 42 8005.16 0 0
124 79 43 8009.39 0 0
126 72 43 8013.6 0 0
123 73 43 8017.81 0 0
127 77 43 8022.01 0 0
125 71 42 8026.21 0 0
123 74 43 8030.43 0 0
127 74 43 8034.66 0 0
125 76 43 8038.88 0 0
126 73 43 8043.08 0 0
123 71 43 8047.3 0 0
127 72 43 8051.5 0 0
127 73 43 8055.7 0 0
126 78 43 8059.91 0 0
126 70 43 8064.11 0 0
127 73 43 8068.34 0 0
125 73 43 8072.55 0 0
124 74 43 8077.18 0 0
127 73 43 8081.41 0 0
124 71 43 8085.61 0 0
127 75 43 8089.82 0 0
126 74 43 8094.04 0 0
125 73 43 8098.26 0 0
126 74 43 8102.55 0 0
125 73 43 8106.76 0 0
125 72 43 8110.96 0 0
125 76 43 8115.16 0 0
124 72 43 8119.37 0 0
125 73 43 8123.58 0 0
124 74 43 8127.81 0 0
126 71 43 8132.06 0 0
126 74 43 8136.29 0 0
124 75 43 8140.49 0 0
126 72 44 8144.69 0 0
124 74 43 8148.89 0 0
124 76 43 8153.1 0 0
126 75 43 8157.32 0 0
125 74 44 8161.56 0 0
126 72 43 8165.78 0 0
128 72 44 8169.99 0 0
126 74 43 8174.19 0 0
125 73 43 8178.4 0 0
128 73 43 8182.6 0 0
126 74 43 8186.82 0 0
126 75 44 8191.04 0 0
126 75 0 8195.29 0 0
126 74 43 8199.55 0 0
124 72 44 8203.75 0 0
124 75 43 8207.95 0 0
126 72 43 8212.16 0 0
124 74 44 8216.37 0 0
126 76 44 8220.58 0 0
125 76 44 8224.84 0 0
125 76 44 8229.06 0 0
124 76 44 8233.27 0 0
125 77 44 8237.48 0 0
126 77 44 8241.68 0 0
125 76 44 8245.89 0 0
127 78 44 8250.09 0 0
123 71 44 8254.31 0 0
126 73 44 8258.55 0 0
128 74 44 8262.79 0 0
124 77 44 8267 0 0
126 74 44 8271.21 0 0
127 73 44 8275.41 0 0
125 76 44 8279.63 0 0
125 72 45 8283.84 0 0
126 76 44 8288.07 0 0
124 75 44 8292.29 0 0
124 75 44 8296.5 0 0
124 78 44 8300.7 0 0
125 75 44 8304.91 0 0
125 79 45 8309.11 0 0
125 78 44 8313.32 0 0
125 80 44 8317.53 0 0
125 77 45 8321.74 0 0
126 77 44 8326 0 0
126 77 44 8330.21 0 0
123 80 44 8334.41 0 0
124 76 44 8338.62 0 0
124 79 44 8342.84 0 0
126 77 44 8347.05 0 0
123 78 44 8351.26 0 0
126 77 44 8355.47 0 0
126 78 44 8359.69 0 0
126 78 44 8363.89 0 0
124 79 44 8368.09 0 0
124 79 44 8372.3 0 0
125 76 44 8376.52 0 0
126 77 44 8380.77 0 0
124 76 44 8385.04 0 0
123 75 44 8389.24 0 0
126 80 44 8393.46 0 0
125 77 45 8397.67 0 0
125 78 44 8401.89 0 0
126 77 44 8406.11 0 0
123 74 44 8410.32 0 0
125 78 44 8414.55 0 0
127 72 45 8418.76 0 0
127 73 45 8422.96 0 0
128 73 45 8427.18 0 0
131 69 45 8431.38 0 0
125 71 44 8435.6 0 0
127 72 44 8439.81 0 0
122 73 44 8444.05 0 0
128 76 44 8448.27 0 0
127 75 44 8452.48 0 0
126 71 44 8456.68 0 0
127 72 44 8460.88 0 0
126 70 44 8465.09 0 0
126 73 44 8469.31 0 0
129 72 45 8473.55 0 0
125 74 44 8477.78 0 0
128 71 45 8482 0 0
125 72 44 8486.21 0 0
126 72 45 8490.42 0 0
126 72 0 8494.62 0 0
126 74 45 8498.83 0 0
125 72 45 8509.86 0 0
124 72 44 8518.32 0 0
126 73 45 8526.56 0 0
126 72 44 8534.81 0 0
127 71 44 8543.08 0 0
127 71 44 8551.56 0 0
128 71 45 8558.9 0 0
127 72 45 8563.12 0 0
124 74 44 8568.26 0 0
127 73 44 8572.48 0 0
125 71 44 8576.7 0 0
126 71 44 8580.91 0 0
125 72 45 8585.11 0 0
128 72 44 8589.32 0 0
126 72 44 8593.54 0 0
127 72 45 8597.74 0 0
125 71 44 8602.04 0 0
127 71 45 8606.25 0 0
129 72 44 8610.46 0 0
126 72 44 8614.66 0 0
125 74 45 8618.86 0 0
126 73 44 8623.07 0 0
125 72 45 8627.28 0 0
128 71 44 8631.52 0 0
125 75 45 8635.76 0 0
127 71 45 8639.97 0 0
127 73 44 8644.18 0 0
125 71 44 8648.39 0 0
130 73 44 8652.59 0 0
126 73 45 8656.81 0 0
125 72 45 8661.05 0 0
127 74 44 8667.95 0 0
128 72 45 8672.2 0 0
126 75 44 8676.44 0 0
125 74 44 8680.67 0 0
125 72 44 8684.87 0 0
123 73 45 8689.08 0 0
127 71 45 8693.33 0 0
126 72 45 8697.55 0 0
124 73 44 8701.77 0 0
125 73 45 8705.97 0 0
126 72 45 8710.17 0 0
128 73 44 8714.38 0 0
126 74 45 8718.6 0 0
124 71 45 8722.81 0 0
121 74 44 8727.04 0 0
113 77 45 8731.25 0 0
103 75 45 8735.46 0 0
92 81 45 8739.65 0 0
85 81 46 8743.87 0 0
74 76 45 8748.08 0 0
65 79 44 8752.3 0 0
58 79 44 8756.51 0 0
51 79 44 8760.74 0 0
45 79 43 8764.96 0 0
45 79 0 8769.17 0 0
42 79 43 8773.38 0 0
42 79 0 8777.59 0 0
42 79 43 8781.82 0 0
43 77 43 8786.08 0 0
42 75 43 8792.83 0 0
41 77 43 8797.09 0 0
39 76 43 8801.32 0 0
41 76 43 8805.56 0 0
43 75 44 8809.8 0 0
38 76 43 8814 0 0
42 73 43 8818.21 0 0
40 78 43 8822.43 0 0
41 76 43 8826.87 0 0
41 74 43 8831.09 0 0
41 75 44 8835.3 0 0
42 74 44 8839.51 0 0
41 75 44 8843.74 0 0
43 75 44 8847.96 0 0
42 76 43 8852.18 0 0
39 74 43 8856.4 0 0
41 73 43 8860.61 0 0
42 75 44 8864.81 0 0
41 74 43 8869.01 0 0
42 73 43 8873.24 0 0
41 73 43 8877.45 0 0
40 74 43 8881.69 0 0
41 75 44 8885.9 0 0
43 74 44 8892.96 0 0
43 76 43 8901.2 0 0
41 76 43 8909.46 0 0
42 76 43 8917.71 0 0
42 76 43 8926.17 0 0
40 78 44 8933.91 0 0
40 75 44 8938.12 0 0
40 75 43 8942.9 0 0
40 74 43 8947.12 0 0
40 74 0 8951.39 0 0
41 75 43 8955.6 0 0
41 73 43 8959.8 0 0
40 73 43 8964.02 0 0
40 76 42 8968.24 0 0
41 72 43 8972.44 0 0
41 72 43 8977.04 0 0
41 72 43 8981.27 0 0
40 74 42 8985.48 0 0
40 72 43 8989.7 0 0
41 71 42 8993.91 0 0
39 74 42 8998.11 0 0
41 72 42 9002.34 0 0
40 74 42 9006.56 0 0
38 76 42 9010.79 0 0
40 74 42 9017.82 0 0
40 76 42 9022.02 0 0
40 73 42 9026.23 0 0
41 74 42 9030.44 0 0
40 74 41 9034.66 0 0
42 74 42 9038.88 0 0
40 76 42 9043.09 0 0
38 75 41 9047.29 0 0
41 74 41 9051.49 0 0
39 74 41 9055.7 0 0
39 74 0 9060.14 0 0
39 75 41 9064.36 0 0
39 73 41 9068.58 0 0
40 75 40 9072.8 0 0
39 73 40 9077.06 0 0
41 73 41 9081.26 0 0
39 76 40 9085.47 0 0
38 75 40 9089.69 0 0
39 74 40 9093.91 0 0
40 72 40 9098.14 0 0
40 75 40 9102.41 0 0
41 74 41 9109.47 0 0
38 74 40 9113.67 0 0
39 77 40 9117.87 0 0
38 74 40 9122.07 0 0
38 74 0 9126.29 0 0
39 76 40 9130.54 0 0
39 76 0 9134.76 0 0
40 76 40 9138.98 0 0
40 73 40 9143.19 0 0
40 75 40 9147.39 0 0
39 72 39 9151.59 0 0
39 76 40 9155.81 0 0
39 75 39 9160.02 0 0
39 75 0 9164.24 0 0
39 75 0 9168.46 0 0
39 75 0 9172.67 0 0
40 73 39 9176.88 0 0
40 73 0 9181.08 0 0
38 76 40 9185.29 0 0
39 74 39 9189.51 0 0
38 77 39 9193.75 0 0
41 75 39 9197.96 0 0
40 76 39 9202.18 0 0
39 75 39 9206.38 0 0
39 76 39 9210.58 0 0
39 75 39 9214.79 0 0
40 73 39 9221.64 0 0
40 73 0 9225.89 0 0
40 73 0 9230.11 0 0
40 76 39 9234.33 0 0
38 75 39 9238.59 0 0
42 72 39 9242.8 0 0
42 72 0 9247.02 0 0
37 76 39 9251.23 0 0
38 77 39 9255.45 0 0
39 76 39 9259.67 0 0
39 75 39 9263.89 0 0
39 75 0 9268.09 0 0
41 78 39 9272.3 0 0
39 75 39 9276.5 0 0
39 75 0 9280.74 0 0
40 75 39 9284.95 0 0
37 78 39 9289.18 0 0
40 76 39 9293.42 0 0
39 74 39 9297.62 0 0
40 73 39 9301.82 0 0
40 75 39 9306.02 0 0
39 76 40 9310.3 0 0
39 75 39 9314.5 0 0
39 75 0 9318.72 0 0
39 73 39 9322.94 0 0
40 74 40 9330.03 0 0
40 76 39 9334.26 0 0
37 74 39 9338.46 0 0
37 74 0 9342.69 0 0
37 77 39 9346.9 0 0
39 75 39 9351.13 0 0
38 77 39 9355.33 0 0
39 78 39 9359.54 0 0
39 73 39 9363.75 0 0
39 73 0 9367.96 0 0
42 72 39 9372.19 0 0
39 76 39 9376.41 0 0
39 74 40 9380.66 0 0
40 74 40 9384.89 0 0
38 77 39 9389.1 0 0
38 76 39 9393.3 0 0
39 75 39 9397.51 0 0
40 76 40 9401.71 0 0
39 74 40 9405.93 0 0
37 75 40 9410.14 0 0
40 74 40 9414.4 0 0
40 74 0 9418.61 0 0
38 78 40 9422.82 0 0
39 75 40 9427.02 0 0
40 74 40 9431.23 0 0
40 76 40 9438.17 0 0
39 79 41 9446.43 0 0
39 74 40 9454.9 0 0
39 78 41 9463.14 0 0
38 76 41 9471.62 0 0
40 78 40 9479.86 0 0
40 78 40 9488.34 0 0
38 76 40 9496.46 0 0
39 77 41 9500.68 0 0
38 75 41 9504.9 0 0
39 77 41 9509.13 0 0
37 77 41 9513.35 0 0
39 78 41 9517.56 0 0
41 76 41 9521.76 0 0
41 77 41 9525.97 0 0
40 77 42 9530.19 0 0
41 78 42 9534.4 0 0
40 77 41 9538.63 0 0
40 79 42 9542.84 0 0
41 78 42 9547.04 0 0
39 77 41 9551.24 0 0
39 80 42 9555.44 0 0
39 80 41 9559.66 0 0
40 76 42 9563.87 0 0
40 76 42 9568.11 0 0
38 80 42 9572.33 0 0
41 77 42 9576.55 0 0
41 77 42 9580.76 0 0
39 76 42 9584.96 0 0
39 77 42 9589.17 0 0
40 77 42 9593.39 0 0
39 77 42 9597.61 0 0
38 77 42 9601.84 0 0
38 80 42 9608.98 0 0
38 76 42 9613.22 0 0
40 76 42 9617.43 0 0
39 77 42 9621.66 0 0
41 74 42 9625.89 0 0
42 77 43 9630.13 0 0
40 76 43 9634.35 0 0
41 80 42 9638.56 0 0
36 78 43 9642.77 0 0
39 76 42 9646.98 0 0
38 77 42 9651.18 0 0
40 76 42 9655.41 0 0
39 77 42 9659.62 0 0
39 77 0 9663.84 0 0
38 76 43 9668.05 0 0
40 76 43 9672.26 0 0
39 78 43 9676.46 0 0
41 77 43 9680.66 0 0
38 78 43 9684.87 0 0
39 77 43 9689.09 0 0
39 76 43 9693.34 0 0
40 77 42 9697.57 0 0
41 78 43 9701.78 0 0
39 80 43 9705.99 0 0
48 88 44 9712.89 0 0
54 99 44 9717.15 0 0
63 112 44 9721.39 0 0
65 135 44 9725.62 0 0
68 146 44 9729.85 0 0
68 162 44 9734.06 0 0
73 179 45 9738.27 0 0
71 186 44 9742.47 0 0
75 191 44 9746.68 0 0
74 206 44 9750.9 0 0
73 207 44 9755.11 0 0
74 220 44 9759.33 0 0
74 213 44 9763.55 0 0
76 207 44 9767.76 0 0
74 211 44 9771.98 0 0
78 203 44 9776.18 0 0
73 207 44 9780.4 0 0
73 214 44 9784.62 0 0
75 210 44 9788.84 0 0
77 211 44 9793.05 0 0
73 216 44 9797.26 0 0
74 219 44 9801.46 0 0
71 215 44 9805.67 0 0
73 215 44 9809.87 0 0
76 216 44 9814.08 0 0
74 212 44 9818.29 0 0
72 218 44 9822.51 0 0
73 215 45 9829.53 0 0
76 218 44 9833.77 0 0
74 212 44 9837.99 0 0
71 203 45 9842.2 0 0
77 215 44 9846.42 0 0
73 214 44 9850.66 0 0
76 215 45 9854.87 0 0
72 215 44 9859.09 0 0
73 218 45 9863.3 0 0
74 217 45 9867.5 0 0
75 202 45 9871.71 0 0
76 214 45 9875.93 0 0
76 211 45 9880.18 0 0
71 217 45 9884.42 0 0
73 212 46 9888.63 0 0
70 208 45 9892.84 0 0
75 215 45 9897.04 0 0
74 215 45 9901.24 0 0
78 218 46 9905.46 0 0
74 209 45 9909.67 0 0
75 217 45 9913.9 0 0
74 217 45 9918.1 0 0
72 220 45 9922.32 0 0
75 211 45 9926.52 0 0
75 214 45 9933.65 0 0
71 213 45 9937.88 0 0
75 211 45 9942.11 0 0
74 215 45 9946.34 0 0
72 212 45 9950.55 0 0
72 216 45 9954.77 0 0
76 215 45 9958.98 0 0
72 213 45 9963.18 0 0
75 217 45 9967.4 0 0
73 216 45 9971.63 0 0
74 221 45 9975.86 0 0
76 209 45 9980.08 0 0
74 212 45 9984.29 0 0
74 213 45 9988.51 0 0
74 216 45 9992.71 0 0
75 215 45 9996.92 0 0
74 215 45 10001.1 0 0
75 218 45 10005.4 0 0
74 217 45 10009.6 0 0
74 216 45 10013.8 0 0
75 213 45 10018 0 0
73 216 45 10022.2 0 0
72 215 45 10026.4 0 0
73 215 45 10033.5 0 0
72 215 45 10041.8 0 0
73 216 44 10050.3 0 0
73 214 45 10058.5 0 0
73 214 45 10066.8 0 0
73 208 44 10074.6 0 0
74 212 45 10078.9 0 0
75 216 44 10083.5 0 0
75 215 45 10087.8 0 0
79 212 45 10092 0 0
90 190 45 10096.2 0 0
98 175 44 10100.4 0 0
109 162 45 10104.6 0 0
113 151 44 10108.9 0 0
114 138 44 10113.1 0 0
116 123 44 10117.3 0 0
116 111 44 10121.5 0 0
120 107 44 10125.7 0 0
120 94 44 10130 0 0
117 101 44 10134.2 0 0
117 97 44 10138.4 0 0
119 100 44 10142.6 0 0
118 93 44 10146.8 0 0
121 100 44 10151 0 0
122 93 44 10155.2 0 0
120 98 44 10159.4 0 0
120 95 44 10163.7 0 0
120 93 44 10167.9 0 0
121 93 44 10172.1 0 0
118 93 44 10176.3 0 0
121 95 44 10183.2 0 0
121 94 43 10187.4 0 0
121 96 44 10191.7 0 0
123 94 44 10196 0 0
126 93 44 10200.2 0 0
123 95 44 10204.4 0 0
123 99 44 10208.6 0 0
121 95 44 10212.8 0 0
121 95 44 10217 0 0
122 98 44 10221.2 0 0
118 96 44 10225.4 0 0
123 97 44 10229.6 0 0
122 95 44 10233.9 0 0
122 95 44 10238 0 0
125 96 44 10242.3 0 0
123 98 44 10246.5 0 0
123 99 43 10250.7 0 0
123 96 43 10254.9 0 0
121 97 44 10259.1 0 0
124 94 43 10263.3 0 0
122 96 44 10267.5 0 0
124 96 44 10271.8 0 0
124 93 44 10276 0 0
121 94 44 10280.2 0 0
122 95 44 10284.4 0 0
122 94 43 10291.6 0 0
121 91 43 10299.8 0 0
122 91 43 10308.1 0 0
122 91 43 10316.6 0 0
121 93 43 10324.6 0 0
121 90 44 10328.8 0 0
121 98 44 10333.3 0 0
125 94 44 10337.5 0 0
121 88 44 10341.7 0 0
121 97 43 10345.9 0 0
120 95 44 10350.1 0 0
120 93 43 10354.3 0 0
121 96 43 10358.5 0 0
120 92 44 10362.7 0 0
121 93 43 10366.9 0 0
120 90 43 10371.1 0 0
122 98 43 10375.4 0 0
119 92 43 10379.6 0 0
123 98 43 10383.8 0 0
122 93 43 10388 0 0
122 95 42 10392.2 0 0
118 93 42 10396.5 0 0
123 95 43 10400.7 0 0
124 93 43 10404.9 0 0
124 85 43 10409.1 0 0
126 82 43 10413.4 0 0
126 76 43 10417.6 0 0
127 71 43 10421.8 0 0
125 76 43 10426 0 0
124 76 43 10430.2 0 0
126 75 43 10434.4 0 0
126 78 42 10438.6 0 0
125 75 42 10445.4 0 0
120 76 42 10449.7 0 0
125 75 42 10453.9 0 0
122 77 42 10458.2 0 0
125 76 42 10462.4 0 0
125 75 42 10466.6 0 0
123 75 42 10470.8 0 0
126 78 42 10475 0 0
126 78 42 10479.3 0 0
123 75 43 10483.5 0 0
124 76 43 10487.8 0 0
124 74 43 10492 0 0
124 76 43 10496.2 0 0
124 76 42 10500.4 0 0
123 76 42 10504.6 0 0
126 76 42 10508.9 0 0
122 79 42 10513.1 0 0
123 77 42 10517.3 0 0
122 74 42 10521.5 0 0
122 73 42 10525.7 0 0
126 78 42 10529.9 0 0
125 74 42 10534.1 0 0
124 77 42 10538.4 0 0
122 77 42 10542.6 0 0
124 75 42 10546.8 0 0
126 76 42 10551 0 0
128 74 42 10555.2 0 0
124 77 41 10562.3 0 0
125 77 42 10566.5 0 0
128 75 42 10570.7 0 0
126 76 42 10575 0 0
124 75 42 10579.2 0 0
125 76 42 10583.4 0 0
125 74 42 10587.6 0 0
125 76 43 10591.8 0 0
123 73 42 10596 0 0
123 74 42 10600.2 0 0
123 74 42 10604.5 0 0
123 73 42 10608.7 0 0
125 75 42 10612.9 0 0
122 77 43 10617.1 0 0
125 77 43 10621.3 0 0
123 74 42 10625.5 0 0
126 76 42 10629.7 0 0
125 77 42 10633.9 0 0
124 74 42 10638.1 0 0
124 79 42 10642.4 0 0
124 74 42 10646.6 0 0
122 76 42 10650.8 0 0
125 77 42 10655.1 0 0
125 77 42 10659.3 0 0
125 75 42 10666.2 0 0
125 78 43 10670.4 0 0
122 73 42 10674.6 0 0
125 79 42 10678.8 0 0
122 73 42 10683 0 0
124 70 42 10687.2 0 0
121 74 42 10691.4 0 0
123 76 42 10695.7 0 0
124 76 43 10699.9 0 0
127 74 42 10704.1 0 0
124 75 42 10708.3 0 0
123 73 42 10712.5 0 0
123 79 42 10716.7 0 0
126 76 42 10721 0 0
125 75 42 10725.2 0 0
123 73 42 10729.4 0 0
126 72 42 10733.6 0 0
124 76 42 10737.8 0 0
124 75 42 10742 0 0
126 74 43 10746.2 0 0
124 79 43 10750.4 0 0
127 82 42 10754.6 0 0
130 78 43 10758.9 0 0
137 87 43 10763.1 0 0
148 98 43 10767.3 0 0
163 125 43 10771.5 0 0
171 151 42 10775.7 0 0
178 174 42 10779.9 0 0
184 188 42 10787.1 0 0
185 205 41 10791.3 0 0
188 219 41 10795.5 0 0
191 235 41 10799.7 0 0
190 238 41 10803.9 0 0
189 238 41 10820.8 0 0
191 240 41 10825 0 0
188 237 42 10841.9 0 0
193 239 41 10850.4 0 0
188 236 41 10858.8 0 0
192 240 41 10863 0 0
192 240 41 10867.2 0 0
189 240 41 10871.5 0 0
193 239 41 10895.2 0 0
189 237 41 10899.5 0 0
189 237 42 10907.9 0 0
189 238 41 10916.4 0 0
188 235 42 10920.6 0 0
189 238 42 10983.9 0 0
190 240 42 10988.1 0 0
191 240 42 10992.5 0 0
188 240 42 10999.4 0 0
192 234 42 11003.6 0 0
192 239 42 11007.9 0 0
191 239 42 11012.1 0 0
