135 119 41 12022.5 0 0
138 122 40 12026.8 0 0
134 121 41 12031 0 0
139 126 41 12035.2 0 0
137 122 41 12039.4 0 0
136 120 41 12043.6 0 0
137 123 41 12047.8 0 0
136 120 41 12052.1 0 0
141 124 41 12056.3 0 0
137 117 41 12060.5 0 0
134 121 40 12064.7 0 0
136 119 41 12068.9 0 0
136 117 41 12073.1 0 0
135 121 40 12077.3 0 0
137 120 41 12081.6 0 0
135 119 41 12085.8 0 0
139 121 41 12090 0 0
133 119 41 12094.2 0 0
136 119 41 12098.4 0 0
137 118 41 12102.6 0 0
136 117 41 12106.8 0 0
138 114 41 12111 0 0
135 119 41 12115.3 0 0
135 119 41 12119.5 0 0
135 118 41 12123.7 0 0
133 117 41 12127.9 0 0
133 117 41 12132.1 0 0
129 120 41 12136.3 0 0
128 121 41 12140.5 0 0
125 117 41 12144.8 0 0
128 114 41 12149 0 0
131 119 41 12153.3 0 0
129 117 42 12157.5 0 0
127 114 41 12161.7 0 0
128 119 42 12165.9 0 0
128 118 41 12170.1 0 0
126 116 41 12174.3 0 0
127 119 42 12178.6 0 0
127 119 41 12182.8 0 0
129 116 42 12187 0 0
127 116 42 12191.2 0 0
128 115 41 12195.4 0 0
127 118 42 12199.6 0 0
129 118 41 12203.9 0 0
128 118 42 12208.1 0 0
128 116 42 12212.3 0 0
127 117 41 12216.6 0 0
129 114 41 12220.8 0 0
126 119 42 12225 0 0
129 115 42 12229.2 0 0
124 119 41 12233.4 0 0
130 116 42 12237.6 0 0
126 117 41 12241.8 0 0
129 115 41 12246 0 0
126 117 42 12250.3 0 0
128 113 41 12254.5 0 0
129 115 41 12258.7 0 0
129 109 41 12262.9 0 0
126 114 41 12267.1 0 0
127 116 42 12271.3 0 0
129 114 41 12275.5 0 0
129 113 42 12279.8 0 0
127 114 42 12284 0 0
128 117 42 12288.2 0 0
126 118 42 12292.4 0 0
129 117 42 12296.6 0 0
127 119 41 12300.9 0 0
128 115 42 12305.1 0 0
126 115 41 12309.3 0 0
129 114 42 12313.5 0 0
129 115 42 12317.7 0 0
128 120 41 12321.9 0 0
128 114 42 12326.1 0 0
129 113 42 12330.3 0 0
126 116 42 12334.6 0 0
126 116 0 12338.9 0 0
131 118 42 12343.1 0 0
135 108 41 12347.3 0 0
146 110 42 12351.5 0 0
155 126 42 12355.7 0 0
166 185 38 12359.9 0 0
166 185 0 12364.1 0 0
166 185 0 12368.4 0 0
166 185 0 12372.6 0 0
166 185 0 12376.8 0 0
166 185 0 12381 0 0
166 185 0 12385.2 0 0
166 185 0 12389.4 0 0
166 185 0 12393.6 0 0
166 185 0 12397.9 0 0
166 185 0 12402.1 0 0
166 185 0 12406.3 0 0
166 185 0 12410.5 0 0
166 185 0 12414.7 0 0
166 185 0 12418.9 0 0
166 185 0 12423.2 0 0
166 185 0 12427.4 0 0
166 185 0 12431.6 0 0
166 185 0 12435.8 0 0
212 133 35 12440 0 0
212 110 37 12444.2 0 0
214 97 38 12448.4 0 0
217 83 38 12452.6 0 0
214 76 38 12456.9 0 0
217 69 39 12461.1 0 0
217 69 39 12465.4 0 0
212 70 39 12469.6 0 0
220 72 38 12473.8 0 0
219 67 38 12478 0 0
216 71 38 12482.2 0 0
220 68 38 12486.4 0 0
220 64 37 12490.6 0 0
218 66 38 12494.8 0 0
218 70 37 12499 0 0
217 68 37 12503.2 0 0
220 71 37 12507.5 0 0
220 72 36 12511.6 0 0
217 68 36 12515.9 0 0
217 69 36 12520.1 0 0
216 70 37 12524.4 0 0
223 67 36 12528.6 0 0
217 67 36 12532.8 0 0
220 68 35 12537 0 0
220 67 36 12541.2 0 0
222 70 35 12545.4 0 0
220 70 35 12549.6 0 0
222 69 35 12553.9 0 0
221 66 35 12558.1 0 0
221 66 0 12562.3 0 0
220 67 35 12566.5 0 0
220 66 35 12570.7 0 0
220 65 35 12575 0 0
221 66 35 12579.2 0 0
222 66 34 12583.4 0 0
221 69 35 12587.6 0 0
219 71 35 12591.8 0 0
220 66 34 12596 0 0
224 65 33 12600.3 0 0
222 65 34 12604.5 0 0
222 68 34 12608.7 0 0
218 67 34 12613 0 0
218 67 0 12617.2 0 0
219 64 33 12621.4 0 0
224 68 33 12625.6 0 0
219 69 33 12629.8 0 0
220 66 33 12634 0 0
223 69 33 12638.2 0 0
221 65 33 12642.5 0 0
220 66 33 12649.4 0 0
223 66 33 12653.6 0 0
222 63 32 12657.9 0 0
222 67 33 12662.1 0 0
223 64 33 12666.3 0 0
222 71 33 12670.5 0 0
222 71 0 12674.7 0 0
222 71 0 12678.9 0 0
221 64 32 12683.1 0 0
221 64 0 12687.4 0 0
225 69 32 12691.5 0 0
227 64 32 12695.8 0 0
221 69 32 12700 0 0
222 70 32 12704.2 0 0
223 68 32 12708.5 0 0
227 67 31 12712.7 0 0
225 69 32 12716.9 0 0
222 74 31 12721.1 0 0
223 71 31 12725.3 0 0
224 75 32 12729.5 0 0
224 64 32 12733.7 0 0
224 64 0 12738 0 0
223 68 32 12742.2 0 0
223 69 31 12746.4 0 0
218 64 32 12753.5 0 0
213 67 31 12757.7 0 0
212 63 31 12761.9 0 0
208 51 31 12766.1 0 0
212 56 32 12770.3 0 0
213 56 32 12774.5 0 0
209 63 31 12778.8 0 0
210 58 30 12783 0 0
215 55 31 12787.2 0 0
208 54 31 12791.4 0 0
215 60 31 12795.6 0 0
208 56 32 12799.8 0 0
217 66 31 12804.1 0 0
209 59 31 12808.3 0 0
209 57 32 12812.5 0 0
211 58 31 12816.7 0 0
213 58 31 12820.9 0 0
211 57 30 12825.1 0 0
216 64 31 12829.3 0 0
211 61 32 12833.6 0 0
214 61 32 12837.8 0 0
210 61 32 12842 0 0
211 66 32 12846.2 0 0
211 58 31 12850.4 0 0
215 63 32 12854.6 0 0
209 60 31 12858.8 0 0
212 60 31 12863.1 0 0
216 59 31 12869.9 0 0
211 57 32 12874.1 0 0
209 61 32 12878.4 0 0
211 56 31 12882.6 0 0
211 52 31 12886.8 0 0
212 59 32 12891 0 0
211 59 31 12895.2 0 0
213 57 31 12899.5 0 0
213 63 32 12903.7 0 0
211 58 32 12908 0 0
211 58 0 12912.2 0 0
214 62 32 12916.4 0 0
211 58 32 12920.6 0 0
215 62 32 12924.8 0 0
210 55 32 12929.1 0 0
211 57 32 12933.3 0 0
208 55 33 12937.5 0 0
211 58 32 12941.7 0 0
217 58 33 12945.9 0 0
220 56 33 12950.1 0 0
228 56 33 12954.3 0 0
232 62 33 12958.6 0 0
231 61 33 12962.8 0 0
234 56 32 12967 0 0
228 57 33 12971.2 0 0
232 62 32 12975.4 0 0
231 59 33 12982.3 0 0
229 60 33 12986.6 0 0
233 59 34 12990.9 0 0
228 62 33 12995.1 0 0
233 61 33 12999.3 0 0
229 57 33 13003.5 0 0
229 55 33 13007.8 0 0
231 60 34 13012 0 0
231 60 0 13016.2 0 0
230 59 33 13020.4 0 0
230 62 33 13024.6 0 0
233 59 34 13029 0 0
231 59 34 13033.3 0 0
236 62 34 13037.5 0 0
233 56 34 13041.7 0 0
230 56 34 13045.9 0 0
233 57 35 13050.1 0 0
233 57 0 13054.3 0 0
230 63 35 13058.5 0 0
229 60 34 13065.7 0 0
225 57 34 13069.9 0 0
217 55 35 13074.1 0 0
203 53 35 13078.3 0 0
190 49 36 13082.5 0 0
176 55 36 13086.7 0 0
168 53 36 13090.9 0 0
168 53 36 13095.1 0 0
150 43 36 13099.4 0 0
137 47 34 13103.5 0 0
125 39 33 13107.8 0 0
125 39 0 13112 0 0
125 39 0 13116.2 0 0
125 39 0 13120.4 0 0
125 39 0 13124.6 0 0
125 39 0 13128.8 0 0
125 39 0 13133 0 0
125 39 0 13137.2 0 0
125 39 0 13141.5 0 0
125 39 0 13148.6 0 0
125 39 0 13152.9 0 0
125 39 0 13157.1 0 0
125 39 0 13161.3 0 0
125 39 0 13165.5 0 0
125 39 0 13169.8 0 0
125 39 0 13174 0 0
125 39 0 13178.2 0 0
125 39 0 13182.4 0 0
125 39 0 13186.6 0 0
125 39 0 13190.8 0 0
125 39 0 13195 0 0
125 39 0 13199.2 0 0
125 39 0 13203.4 0 0
125 39 0 13207.7 0 0
125 39 0 13211.9 0 0
125 39 0 13216.1 0 0
125 39 0 13220.3 0 0
125 39 0 13224.5 0 0
125 39 0 13228.7 0 0
125 39 0 13232.9 0 0
125 39 0 13237.2 0 0
125 39 0 13241.4 0 0
125 39 0 13248.5 0 0
125 39 0 13252.7 0 0
125 39 0 13256.9 0 0
125 39 0 13261.1 0 0
125 39 0 13265.3 0 0
125 39 0 13269.6 0 0
125 39 0 13273.8 0 0
125 39 0 13278 0 0
125 39 0 13282.2 0 0
125 39 0 13286.4 0 0
125 39 0 13290.6 0 0
125 39 0 13294.8 0 0
125 39 0 13299 0 0
125 39 0 13303.3 0 0
125 39 0 13307.5 0 0
142 187 33 13604.7 0 0
146 171 34 13609 0 0
142 176 35 13614.9 0 0
143 176 33 13619.1 0 0
147 172 34 13623.4 0 0
145 168 34 13627.6 0 0
149 176 34 13631.8 0 0
144 173 34 13636 0 0
146 180 34 13640.2 0 0
148 174 34 13644.5 0 0
143 179 34 13648.7 0 0
144 173 35 13652.9 0 0
143 178 34 13657.1 0 0
144 174 34 13661.3 0 0
146 177 34 13665.5 0 0
144 176 34 13669.7 0 0
145 172 34 13674 0 0
143 169 34 13678.2 0 0
145 174 35 13682.4 0 0
143 180 35 13686.6 0 0
142 169 35 13690.8 0 0
144 174 34 13695 0 0
143 168 34 13699.2 0 0
144 167 34 13703.4 0 0
144 167 34 13707.7 0 0
148 175 34 13711.9 0 0
144 173 34 13716.1 0 0
144 173 34 13723.3 0 0
144 174 34 13729.4 0 0
144 171 34 13733.6 0 0
143 165 34 13739.8 0 0
142 172 34 13744 0 0
144 172 34 13748.3 0 0
143 171 35 13752.5 0 0
144 173 34 13756.7 0 0
142 170 34 13761 0 0
146 168 34 13765.2 0 0
143 172 35 13769.4 0 0
144 168 34 13773.6 0 0
141 167 34 13777.9 0 0
143 164 35 13782.1 0 0
141 168 34 13786.3 0 0
143 171 35 13790.5 0 0
143 170 34 13794.7 0 0
144 176 34 13798.9 0 0
144 168 34 13803.1 0 0
140 173 35 13807.3 0 0
142 170 35 13811.6 0 0
145 168 34 13815.8 0 0
142 168 35 13820 0 0
141 166 35 13824.2 0 0
145 169 35 13828.4 0 0
142 172 34 13832.6 0 0
141 167 35 13836.9 0 0
144 166 34 13841.1 0 0
145 176 35 13845.3 0 0
145 176 35 13849.5 0 0
142 171 35 13854.3 0 0
143 170 35 13858.5 0 0
144 169 35 13864.9 0 0
141 162 35 13869.2 0 0
137 163 35 13873.4 0 0
131 159 35 13877.6 0 0
118 163 35 13881.8 0 0
112 165 35 13886 0 0
106 162 35 13890.3 0 0
95 166 34 13894.5 0 0
85 168 34 13898.7 0 0
79 170 34 13903 0 0
76 161 33 13907.2 0 0
76 157 34 13911.4 0 0
78 165 35 13915.6 0 0
82 163 35 13919.8 0 0
79 164 34 13924 0 0
78 162 35 13928.2 0 0
82 162 34 13932.5 0 0
79 163 34 13936.7 0 0
77 161 34 13940.9 0 0
79 163 34 13945.1 0 0
77 166 35 13949.3 0 0
80 163 35 13953.5 0 0
78 166 35 13957.8 0 0
79 159 34 13962.1 0 0
81 162 34 13969 0 0
80 163 35 13973.2 0 0
78 165 34 13977.4 0 0
80 160 34 13981.7 0 0
77 165 35 13985.9 0 0
80 161 35 13990.1 0 0
81 162 35 13994.3 0 0
79 161 34 13998.5 0 0
81 155 35 14002.8 0 0
80 157 35 14007 0 0
80 159 35 14011.2 0 0
79 164 35 14015.4 0 0
79 160 35 14019.6 0 0
82 161 35 14023.9 0 0
80 163 35 14028.3 0 0
82 161 35 14032.5 0 0
82 162 35 14036.7 0 0
80 165 36 14040.9 0 0
81 164 35 14045.1 0 0
80 166 35 14049.4 0 0
79 165 35 14053.6 0 0
82 161 36 14057.8 0 0
75 167 36 14064.9 0 0
70 164 36 14069.1 0 0
60 173 36 14073.3 0 0
57 172 36 14077.5 0 0
49 173 36 14081.8 0 0
42 174 36 14086 0 0
41 179 35 14090.2 0 0
44 177 35 14094.5 0 0
46 180 35 14098.6 0 0
48 174 35 14102.9 0 0
45 174 36 14107.1 0 0
45 177 35 14111.3 0 0
47 170 36 14115.5 0 0
47 173 35 14119.7 0 0
43 178 36 14123.9 0 0
42 179 36 14128.1 0 0
44 181 35 14132.3 0 0
44 173 35 14136.5 0 0
47 179 35 14140.7 0 0
46 180 35 14145 0 0
46 177 35 14149.2 0 0
46 174 36 14153.4 0 0
46 174 36 14160.4 0 0
46 174 35 14166.8 0 0
46 181 36 14171 0 0
47 176 35 14177.1 0 0
44 180 36 14181.3 0 0
46 173 35 14185.6 0 0
46 176 36 14189.8 0 0
45 177 36 14194 0 0
47 174 35 14198.3 0 0
47 178 36 14202.5 0 0
44 178 36 14206.7 0 0
46 178 36 14210.9 0 0
44 178 36 14215.1 0 0
45 179 36 14219.4 0 0
43 179 36 14223.6 0 0
44 178 36 14227.8 0 0
45 178 36 14232 0 0
45 177 36 14236.2 0 0
46 181 36 14240.5 0 0
45 176 36 14244.7 0 0
50 174 35 14248.9 0 0
45 174 35 14253.1 0 0
44 176 36 14257.3 0 0
45 179 35 14264.3 0 0
45 177 35 14272.7 0 0
45 181 35 14281 0 0
43 177 35 14289.2 0 0
47 175 35 14297.7 0 0
43 179 35 14306 0 0
42 167 36 14314.4 0 0
35 151 35 14322.7 0 0
35 151 35 14330.9 0 0
32 128 34 14338.7 0 0
32 98 33 14342.9 0 0
16 66 33 14347.7 0 0
21 60 34 14351.9 0 0
21 66 34 14356.1 0 0
16 45 34 14360.3 0 0
18 37 33 14364.6 0 0
19 37 33 14368.8 0 0
18 43 33 14373 0 0
17 44 33 14377.2 0 0
14 45 33 14381.4 0 0
16 46 34 14385.6 0 0
19 36 32 14389.8 0 0
16 40 33 14394.1 0 0
13 42 33 14398.3 0 0
14 41 33 14402.6 0 0
18 37 33 14406.8 0 0
12 43 33 14411 0 0
15 40 33 14415.2 0 0
16 39 33 14419.5 0 0
13 44 34 14423.7 0 0
12 40 33 14427.9 0 0
11 40 33 14432.1 0 0
11 39 32 14436.4 0 0
9 41 33 14440.6 0 0
8 47 33 14444.8 0 0
10 44 33 14449 0 0
8 42 32 14455.8 0 0
11 42 33 14460.1 0 0
7 44 33 14464.3 0 0
8 46 33 14468.5 0 0
9 48 33 14472.7 0 0
9 44 32 14476.9 0 0
8 45 32 14481.1 0 0
5 51 33 14485.4 0 0
8 45 32 14489.6 0 0
6 48 33 14493.8 0 0
6 47 32 14498 0 0
2 47 33 14502.2 0 0
8 46 32 14506.4 0 0
6 50 33 14510.7 0 0
10 42 32 14514.9 0 0
5 50 32 14519.2 0 0
4 50 32 14523.4 0 0
7 50 32 14527.6 0 0
4 50 32 14531.8 0 0
3 48 33 14536 0 0
8 49 32 14540.3 0 0
5 50 32 14544.5 0 0
6 44 32 14548.7 0 0
4 51 33 14553 0 0
6 49 32 14557.2 0 0
4 48 32 14564.2 0 0
5 50 32 14568.4 0 0
5 50 33 14572.6 0 0
5 50 32 14576.8 0 0
5 50 32 14581 0 0
5 50 32 14585.3 0 0
5 50 32 14589.5 0 0
5 50 33 14593.7 0 0
5 50 32 14597.9 0 0
5 50 32 14602.1 0 0
5 50 33 14606.3 0 0
5 50 33 14610.5 0 0
5 50 33 14614.8 0 0
5 50 32 14619 0 0
5 50 32 14623.2 0 0
5 50 32 14627.4 0 0
5 50 31 14631.6 0 0
5 50 32 14635.8 0 0
5 50 32 14640 0 0
5 50 32 14644.2 0 0
5 50 31 14648.5 0 0
5 50 31 14652.7 0 0
5 50 32 14656.9 0 0
5 54 32 14663.9 0 0
4 52 32 14672.3 0 0
11 45 31 14689 0 0
4 60 0 14697.3 0 0
4 60 0 14705.8 0 0
9 50 32 14713.7 0 0
12 46 33 14717.9 0 0
12 46 0 14722.5 0 0
13 47 33 14726.8 0 0
9 42 33 14731 0 0
8 48 33 14735.2 0 0
6 49 32 14739.4 0 0
9 49 32 14743.6 0 0
10 48 32 14747.9 0 0
11 46 33 14752 0 0
11 44 33 14756.2 0 0
7 50 32 14760.5 0 0
10 47 32 14764.7 0 0
10 47 0 14768.9 0 0
9 47 32 14773.1 0 0
8 46 33 14777.4 0 0
10 47 32 14781.6 0 0
12 42 32 14785.8 0 0
10 45 32 14790 0 0
12 45 33 14794.2 0 0
12 41 32 14798.5 0 0
10 44 33 14802.7 0 0
7 48 32 14806.9 0 0
10 46 32 14811.1 0 0
11 44 32 14815.3 0 0
11 42 33 14822.4 0 0
7 50 32 14826.6 0 0
11 44 32 14830.8 0 0
13 44 32 14835.1 0 0
14 40 32 14839.3 0 0
12 45 32 14843.5 0 0
12 42 32 14847.7 0 0
19 37 32 14851.9 0 0
19 41 32 14856.2 0 0
13 40 32 14860.4 0 0
15 42 32 14864.6 0 0
17 40 32 14868.9 0 0
14 42 32 14873.1 0 0
15 41 32 14877.3 0 0
15 38 32 14881.5 0 0
14 38 32 14885.8 0 0
16 37 33 14890 0 0
16 38 33 14894.3 0 0
16 42 32 14898.5 0 0
15 39 33 14905.6 0 0
16 37 32 14909.8 0 0
16 36 32 14914 0 0
17 34 32 14918.2 0 0
19 38 32 14922.5 0 0
17 35 32 14926.7 0 0
16 37 32 14930.9 0 0
19 34 33 14935.1 0 0
19 32 33 14939.4 0 0
25 48 34 14943.6 0 0
37 51 35 14947.8 0 0
60 81 36 14952 0 0
70 92 37 14956.2 0 0
80 100 37 14960.5 0 0
91 116 38 14964.7 0 0
100 126 38 14968.9 0 0
110 133 38 14973.1 0 0
119 141 39 14977.3 0 0
127 140 38 14981.5 0 0
131 148 39 14985.7 0 0
130 147 39 14990 0 0
127 148 39 14994.2 0 0
126 147 39 14998.4 0 0
125 148 38 15002.6 0 0
128 152 38 15006.8 0 0
127 153 38 15011 0 0
129 150 38 15015.3 0 0
129 150 38 15019.5 0 0
128 151 38 15026.3 0 0
126 152 38 15030.6 0 0
126 145 38 15034.8 0 0
128 145 38 15039 0 0
129 151 39 15043.2 0 0
126 148 38 15047.4 0 0
128 149 38 15051.6 0 0
129 150 38 15055.9 0 0
128 150 39 15060.1 0 0
128 149 38 15064.3 0 0
128 150 39 15068.5 0 0
128 149 38 15072.7 0 0
129 144 38 15076.9 0 0
127 145 39 15081.1 0 0
128 155 39 15085.4 0 0
131 148 39 15089.6 0 0
127 151 39 15093.8 0 0
127 146 39 15098 0 0
128 146 38 15102.2 0 0
129 147 38 15106.4 0 0
127 148 39 15110.6 0 0
124 151 39 15114.9 0 0
126 146 39 15119.1 0 0
125 150 40 15123.3 0 0
126 147 39 15127.5 0 0
130 148 39 15131.7 0 0
127 149 38 15135.9 0 0
126 150 38 15140.1 0 0
131 146 39 15144.4 0 0
127 149 39 15148.6 0 0
130 148 39 15152.8 0 0
127 151 38 15159.6 0 0
127 153 39 15163.8 0 0
127 150 39 15168 0 0
130 146 39 15172.3 0 0
129 155 39 15176.5 0 0
132 154 39 15180.7 0 0
133 156 39 15185 0 0
132 164 39 15189.1 0 0
135 160 39 15193.4 0 0
135 165 39 15197.6 0 0
130 163 39 15201.8 0 0
130 160 39 15206 0 0
133 163 38 15210.3 0 0
133 159 40 15214.5 0 0
133 154 39 15218.7 0 0
132 157 39 15222.9 0 0
133 159 39 15227.1 0 0
133 158 39 15231.3 0 0
132 163 39 15235.5 0 0
132 155 38 15239.7 0 0
131 157 39 15244 0 0
136 160 39 15248.2 0 0
134 154 39 15252.4 0 0
131 156 39 15256.6 0 0
132 162 39 15260.8 0 0
132 161 39 15268 0 0
135 163 38 15276 0 0
135 163 38 15284.4 0 0
132 161 39 15291.8 0 0
134 159 39 15296 0 0
133 159 39 15301.2 0 0
133 159 39 15305.4 0 0
134 162 39 15309.6 0 0
133 163 39 15313.8 0 0
132 164 39 15318 0 0
133 167 39 15322.2 0 0
132 162 39 15326.5 0 0
134 159 39 15330.7 0 0
131 164 39 15335 0 0
134 161 39 15339.2 0 0
134 162 39 15343.4 0 0
135 163 39 15347.6 0 0
133 166 39 15351.8 0 0
133 184 38 15356 0 0
133 184 0 15360.2 0 0
133 184 0 15364.5 0 0
133 184 0 15368.7 0 0
133 184 0 15372.9 0 0
133 184 0 15377.1 0 0
133 184 0 15381.3 0 0
133 184 0 15385.5 0 0
133 184 0 15392.4 0 0
133 184 0 15396.6 0 0
133 184 0 15400.9 0 0
133 184 0 15405.1 0 0
133 184 0 15409.3 0 0
133 184 0 15413.5 0 0
133 184 0 15417.7 0 0
133 184 0 15421.9 0 0
133 184 0 15426.2 0 0
133 184 0 15430.4 0 0
133 184 0 15434.6 0 0
133 184 0 15438.9 0 0
133 184 0 15443 0 0
133 184 0 15447.2 0 0
133 184 0 15451.5 0 0
133 184 0 15455.7 0 0
133 184 0 15459.9 0 0
133 184 0 15464.3 0 0
133 184 0 15468.5 0 0
133 184 0 15475.3 0 0
133 184 0 15479.6 0 0
133 184 0 15483.8 0 0
133 184 0 15488 0 0
133 184 0 15492.3 0 0
133 184 0 15496.5 0 0
133 184 0 15500.7 0 0
133 184 0 15504.9 0 0
133 184 0 15509.1 0 0
133 184 0 15513.3 0 0
133 184 0 15517.5 0 0
133 184 0 15521.8 0 0
146 207 37 15530.2 0 0
145 191 38 15534.4 0 0
143 175 38 15538.6 0 0
141 170 38 15542.8 0 0
141 155 39 15547 0 0
145 152 39 15551.3 0 0
146 148 39 15555.5 0 0
141 143 39 15559.8 0 0
148 139 39 15564 0 0
141 138 39 15568.2 0 0
143 136 39 15572.4 0 0
143 134 39 15576.6 0 0
143 134 40 15580.9 0 0
144 136 39 15585.1 0 0
144 142 39 15589.3 0 0
143 138 39 15593.5 0 0
141 137 39 15597.7 0 0
142 142 39 15601.9 0 0
144 137 39 15606.1 0 0
146 139 39 15610.3 0 0
146 139 39 15614.6 0 0
147 141 38 15620 0 0
150 146 39 15624.2 0 0
161 155 39 15628.4 0 0
171 167 38 15632.6 0 0
175 167 39 15636.8 0 0
184 179 38 15641 0 0
199 189 38 15645.2 0 0
201 192 39 15649.5 0 0
206 204 39 15653.7 0 0
211 197 38 15657.9 0 0
205 198 39 15662.1 0 0
203 194 39 15666.3 0 0
201 198 38 15670.5 0 0
199 185 39 15674.7 0 0
205 198 38 15679 0 0
206 193 38 15683.2 0 0
202 193 38 15687.4 0 0
203 206 38 15691.6 0 0
203 195 39 15695.8 0 0
201 192 38 15700 0 0
201 189 39 15704.2 0 0
202 186 38 15708.5 0 0
200 189 38 15712.7 0 0
202 191 38 15717.2 0 0
201 198 38 15721.4 0 0
202 194 38 15725.6 0 0
199 186 38 15729.9 0 0
204 192 37 15734.1 0 0
204 189 38 15738.3 0 0
201 190 38 15742.5 0 0
204 185 38 15746.8 0 0
202 188 38 15751 0 0
202 188 37 15755.2 0 0
199 185 37 15759.4 0 0
204 191 37 15763.6 0 0
204 188 38 15767.8 0 0
200 191 37 15772.5 0 0
204 191 38 15776.7 0 0
202 190 38 15780.9 0 0
202 190 38 15785.1 0 0
205 195 38 15791.8 0 0
202 193 37 15796 0 0
201 194 37 15800.3 0 0
203 197 38 15804.5 0 0
197 183 37 15808.8 0 0
202 189 37 15813 0 0
202 190 37 15817.1 0 0
196 188 38 15821.4 0 0
202 188 38 15825.6 0 0
199 189 38 15829.8 0 0
201 186 38 15834 0 0
202 185 38 15838.2 0 0
200 191 37 15842.4 0 0
200 187 38 15846.6 0 0
200 190 37 15850.9 0 0
199 191 38 15855 0 0
198 184 37 15859.3 0 0
202 188 38 15863.5 0 0
202 189 38 15867.8 0 0
200 183 39 15872 0 0
202 194 38 15876.2 0 0
197 184 37 15880.4 0 0
201 184 38 15884.6 0 0
198 187 38 15888.8 0 0
200 190 38 15893 0 0
200 196 38 15897.2 0 0
204 190 38 15901.4 0 0
208 185 38 15905.6 0 0
213 177 38 15909.9 0 0
222 174 38 15914.1 0 0
228 169 38 15918.3 0 0
231 160 38 15922.5 0 0
235 164 38 15926.8 0 0
231 163 38 15931 0 0
225 163 38 15935.2 0 0
227 165 38 15939.4 0 0
228 162 38 15943.6 0 0
227 163 38 15947.8 0 0
232 170 38 15952 0 0
227 161 37 15956.3 0 0
230 163 38 15960.5 0 0
229 163 38 15964.7 0 0
231 165 38 15968.9 0 0
229 161 38 15973.3 0 0
229 175 38 15977.5 0 0
226 159 38 15981.7 0 0
229 165 39 15986 0 0
232 168 38 15990.2 0 0
229 160 38 15994.4 0 0
228 161 38 15998.6 0 0
223 156 39 16002.8 0 0
225 149 38 16007 0 0
225 145 38 16011.2 0 0
217 141 39 16015.5 0 0
214 124 38 16019.7 0 0
216 114 38 16024 0 0
214 104 38 16028.2 0 0
211 101 38 16032.4 0 0
215 92 39 16036.6 0 0
209 88 39 16040.8 0 0
217 80 39 16045 0 0
217 78 39 16049.2 0 0
215 82 38 16053.5 0 0
212 88 38 16057.7 0 0
217 87 39 16062 0 0
213 88 39 16066.1 0 0
213 89 39 16070.4 0 0
219 88 39 16074.6 0 0
215 87 39 16078.8 0 0
217 88 39 16083 0 0
215 91 39 16087.3 0 0
215 88 39 16091.5 0 0
216 91 39 16095.7 0 0
215 91 39 16099.9 0 0
216 92 39 16104.1 0 0
211 87 40 16108.3 0 0
217 85 39 16112.6 0 0
216 85 39 16116.8 0 0
215 88 39 16121 0 0
214 85 40 16125.2 0 0
213 86 39 16129.4 0 0
212 86 39 16133.6 0 0
214 86 40 16137.9 0 0
214 83 39 16142.1 0 0
214 82 39 16146.3 0 0
214 82 39 16150.5 0 0
214 85 39 16154.8 0 0
216 85 40 16159 0 0
214 83 39 16163.2 0 0
221 77 39 16167.4 0 0
222 73 39 16171.6 0 0
223 71 39 16175.9 0 0
229 73 40 16180.1 0 0
227 72 39 16184.3 0 0
227 74 39 16188.5 0 0
225 68 40 16192.7 0 0
225 73 39 16196.9 0 0
226 70 39 16201.1 0 0
226 69 40 16205.3 0 0
225 69 40 16209.6 0 0
225 71 40 16213.8 0 0
226 70 40 16218 0 0
225 68 39 16222.4 0 0
225 75 39 16226.6 0 0
226 73 39 16230.9 0 0
225 66 39 16235.1 0 0
226 69 39 16239.3 0 0
226 70 40 16243.5 0 0
225 68 39 16247.8 0 0
226 67 40 16252 0 0
224 70 39 16256.1 0 0
226 72 39 16260.4 0 0
224 72 40 16264.6 0 0
222 66 40 16268.8 0 0
210 61 41 16273 0 0
196 65 40 16277.2 0 0
194 66 40 16281.5 0 0
180 63 41 16285.6 0 0
171 64 40 16289.9 0 0
163 51 40 16294.1 0 0
166 52 40 16298.3 0 0
170 53 40 16302.5 0 0
166 52 40 16306.7 0 0
171 55 40 16311 0 0
168 50 40 16315.1 0 0
169 53 40 16319.4 0 0
166 49 39 16323.5 0 0
169 54 40 16327.8 0 0
168 51 40 16332 0 0
168 52 40 16336.2 0 0
165 53 40 16340.4 0 0
166 48 40 16344.6 0 0
168 53 39 16348.9 0 0
168 48 40 16353.1 0 0
167 52 40 16357.3 0 0
168 46 39 16361.5 0 0
166 50 40 16365.8 0 0
165 50 40 16370 0 0
168 55 39 16374.2 0 0
169 52 40 16378.4 0 0
168 53 40 16382.6 0 0
166 50 39 16386.8 0 0
164 54 39 16391 0 0
167 52 39 16395.3 0 0
165 52 39 16399.5 0 0
168 52 39 16403.7 0 0
165 50 39 16407.9 0 0
168 50 39 16412.1 0 0
166 52 39 16416.3 0 0
168 53 39 16420.6 0 0
168 54 39 16424.8 0 0
168 53 39 16429 0 0
168 55 39 16433.2 0 0
166 52 40 16437.4 0 0
163 51 39 16441.6 0 0
169 48 39 16445.8 0 0
168 55 39 16450 0 0
169 53 39 16454.2 0 0
168 51 39 16458.5 0 0
168 51 39 16462.7 0 0
168 52 39 16467 0 0
168 51 39 16471.3 0 0
168 50 39 16475.5 0 0
168 54 38 16479.7 0 0
168 51 38 16483.9 0 0
167 50 39 16488.1 0 0
166 51 38 16492.4 0 0
168 51 39 16496.6 0 0
168 49 38 16500.8 0 0
171 54 38 16505 0 0
170 53 39 16509.2 0 0
167 52 38 16513.4 0 0
168 51 38 16517.6 0 0
166 53 38 16521.9 0 0
171 54 38 16526.1 0 0
160 50 38 16530.3 0 0
150 50 38 16534.5 0 0
141 53 38 16538.7 0 0
122 59 37 16542.9 0 0
116 53 35 16550 0 0
116 53 0 16554.2 0 0
107 61 33 16558.4 0 0
107 61 0 16562.6 0 0
107 61 0 16566.8 0 0
107 61 0 16571 0 0
107 61 0 16575.2 0 0
107 61 0 16579.5 0 0
107 61 0 16583.7 0 0
107 61 0 16587.9 0 0
107 61 0 16592.1 0 0
107 61 0 16596.3 0 0
107 61 0 16600.5 0 0
107 61 0 16604.7 0 0
83 46 31 16642.7 0 0
83 46 0 16646.9 0 0
83 46 0 16651.1 0 0
88 46 33 16655.3 0 0
88 46 0 16659.6 0 0
88 46 0 16666.6 0 0
86 51 32 16670.8 0 0
86 51 0 16675 0 0
83 50 32 16679.3 0 0
81 57 33 16683.5 0 0
79 46 32 16687.7 0 0
79 46 0 16691.9 0 0
79 46 0 16696.1 0 0
83 52 32 16700.3 0 0
83 52 0 16704.5 0 0
82 63 33 16708.8 0 0
82 63 0 16713 0 0
82 63 0 16717.2 0 0
82 63 0 16721.4 0 0
81 55 33 16725.6 0 0
81 55 0 16729.8 0 0
81 55 0 16734.1 0 0
81 55 0 16738.3 0 0
81 55 0 16742.5 0 0
81 55 0 16746.8 0 0
81 48 34 16751 0 0
81 48 0 16755.2 0 0
81 48 0 16759.4 0 0
81 48 0 16766.5 0 0
83 39 33 16770.8 0 0
83 41 33 16775 0 0
81 48 34 16779.2 0 0
82 44 33 16783.4 0 0
82 44 0 16787.6 0 0
82 44 0 16791.8 0 0
82 44 0 16796 0 0
84 48 33 16800.3 0 0
84 48 0 16804.5 0 0
82 44 33 16808.7 0 0
82 44 0 16812.9 0 0
82 44 0 16817.1 0 0
82 44 0 16821.3 0 0
82 44 0 16825.6 0 0
82 44 0 16829.8 0 0
82 44 0 16834 0 0
82 44 0 16838.2 0 0
82 44 0 16842.5 0 0
82 44 0 16846.7 0 0
82 44 33 16850.9 0 0
82 44 0 16855.1 0 0
80 52 33 16859.3 0 0
80 52 33 16863.5 0 0
80 46 33 16870 0 0
80 46 0 16874.2 0 0
84 39 32 16878.4 0 0
80 38 35 16882.6 0 0
77 47 34 16886.8 0 0
87 54 35 16891 0 0
92 56 34 16895.2 0 0
101 63 35 16899.5 0 0
108 57 35 16903.7 0 0
114 61 36 16907.9 0 0
120 64 36 16912.1 0 0
122 71 38 16916.4 0 0
125 62 37 16920.6 0 0
121 66 38 16924.8 0 0
119 67 37 16929 0 0
119 64 37 16933.3 0 0
122 67 36 16937.5 0 0
119 64 37 16941.7 0 0
121 64 36 16945.9 0 0
123 65 37 16950.1 0 0
122 70 36 16954.3 0 0
121 69 37 16958.5 0 0
122 72 37 16962.8 0 0
121 71 36 16972.8 0 0
121 69 36 16977 0 0
122 70 37 16981.2 0 0
121 68 37 16985.5 0 0
123 68 37 16989.7 0 0
119 67 36 16993.9 0 0
120 66 36 16998.1 0 0
122 64 36 17002.3 0 0
121 64 37 17006.5 0 0
121 67 36 17010.7 0 0
119 70 37 17014.9 0 0
121 66 36 17019.2 0 0
124 60 37 17023.4 0 0
121 66 36 17027.6 0 0
121 66 37 17031.8 0 0
121 70 36 17036 0 0
120 70 36 17040.2 0 0
120 68 36 17044.5 0 0
122 67 36 17048.7 0 0
124 66 37 17053 0 0
122 72 36 17057.2 0 0
122 70 36 17061.4 0 0
123 70 36 17065.6 0 0
122 69 37 17069.8 0 0
123 65 36 17074 0 0
123 67 36 17078.2 0 0
122 70 36 17082.5 0 0
123 65 36 17086.7 0 0
123 62 36 17090.9 0 0
123 62 0 17095.1 0 0
124 70 36 17099.3 0 0
120 74 37 17103.5 0 0
121 68 36 17107.8 0 0
124 65 37 17112 0 0
124 66 36 17116.3 0 0
122 63 36 17120.5 0 0
120 66 36 17124.7 0 0
122 65 36 17128.9 0 0
123 65 36 17133.1 0 0
122 70 35 17137.3 0 0
122 67 36 17141.5 0 0
121 68 36 17145.8 0 0
122 65 36 17150 0 0
123 65 36 17154.2 0 0
125 69 36 17158.4 0 0
122 69 36 17162.6 0 0
122 71 37 17166.9 0 0
124 67 36 17171.1 0 0
122 68 36 17175.4 0 0
120 70 36 17179.6 0 0
123 62 35 17183.8 0 0
126 70 36 17188 0 0
131 71 36 17192.2 0 0
134 74 37 17196.4 0 0
131 73 36 17200.7 0 0
130 73 36 17204.9 0 0
131 73 36 17209.1 0 0
130 81 37 17213.3 0 0
132 76 36 17217.5 0 0
132 74 36 17221.8 0 0
129 75 37 17226 0 0
129 74 37 17230.2 0 0
131 72 36 17234.4 0 0
129 73 36 17238.7 0 0
129 72 36 17242.9 0 0
130 73 36 17247.1 0 0
129 74 36 17251.3 0 0
131 77 37 17255.5 0 0
129 73 35 17259.7 0 0
130 73 36 17263.9 0 0
130 73 0 17268.2 0 0
129 74 36 17272.4 0 0
130 76 36 17276.6 0 0
131 74 35 17280.8 0 0
130 73 36 17285 0 0
131 72 35 17289.2 0 0
130 73 35 17293.4 0 0
132 73 35 17297.6 0 0
130 69 35 17301.9 0 0
129 76 36 17306.1 0 0
133 71 35 17310.3 0 0
132 72 36 17314.5 0 0
129 72 35 17318.7 0 0
130 72 35 17322.9 0 0
128 72 35 17327.1 0 0
129 75 35 17331.4 0 0
130 74 36 17335.6 0 0
129 73 35 17339.8 0 0
130 75 34 17344 0 0
131 74 36 17348.2 0 0
131 72 35 17352.4 0 0
131 76 35 17356.7 0 0
128 70 36 17360.9 0 0
129 72 35 17365.1 0 0
127 74 35 17369.3 0 0
129 75 35 17373.5 0 0
131 71 35 17377.7 0 0
129 69 35 17381.9 0 0
127 75 35 17386.1 0 0
130 72 35 17390.3 0 0
129 77 35 17394.6 0 0
129 72 35 17398.8 0 0
130 74 35 17403 0 0
130 75 35 17407.2 0 0
129 71 35 17411.4 0 0
131 69 35 17415.7 0 0
128 81 35 17419.9 0 0
128 74 35 17424.1 0 0
129 76 35 17428.3 0 0
129 75 35 17432.6 0 0
128 72 35 17436.8 0 0
127 74 35 17441 0 0
129 73 34 17445.2 0 0
129 76 35 17449.4 0 0
131 78 34 17453.6 0 0
130 73 35 17457.8 0 0
130 77 35 17462 0 0
130 74 34 17466.6 0 0
128 69 35 17470.8 0 0
131 75 36 17475 0 0
130 71 34 17479.2 0 0
130 71 35 17483.4 0 0
125 76 36 17487.7 0 0
128 76 35 17491.9 0 0
131 71 34 17496.1 0 0
130 73 34 17503 0 0
129 77 35 17507.2 0 0
128 70 35 17511.4 0 0
126 75 34 17515.6 0 0
132 72 35 17519.9 0 0
128 76 34 17524.1 0 0
128 69 35 17528.3 0 0
126 76 35 17532.5 0 0
128 76 34 17536.8 0 0
129 76 34 17541 0 0
128 77 35 17545.2 0 0
131 72 35 17549.4 0 0
130 73 33 17553.7 0 0
128 69 34 17557.9 0 0
129 71 34 17562.1 0 0
131 75 34 17566.3 0 0
129 81 34 17570.5 0 0
128 73 34 17574.7 0 0
129 74 34 17578.9 0 0
128 76 34 17583.1 0 0
129 71 34 17587.4 0 0
128 74 34 17591.6 0 0
129 72 34 17595.8 0 0
129 72 34 17600 0 0
129 70 34 17604.6 0 0
130 76 34 17608.8 0 0
129 68 34 17613 0 0
130 74 34 17617.2 0 0
128 71 33 17621.5 0 0
127 76 34 17625.7 0 0
129 71 34 17629.9 0 0
130 68 34 17634.1 0 0
127 72 34 17638.3 0 0
128 76 34 17642.5 0 0
125 72 34 17646.7 0 0
129 70 34 17651 0 0
128 67 33 17655.2 0 0
129 68 34 17659.4 0 0
127 72 34 17663.6 0 0
129 73 33 17667.8 0 0
127 73 34 17672 0 0
129 74 34 17676.2 0 0
128 82 33 17680.5 0 0
128 73 33 17684.7 0 0
129 72 33 17688.9 0 0
129 72 0 17693.1 0 0
129 72 0 17697.3 0 0
129 72 0 17701.5 0 0
129 72 0 17705.8 0 0
129 72 0 17710 0 0
129 72 0 17714.2 0 0
129 72 0 17718.5 0 0
129 72 0 17722.7 0 0
129 72 0 17726.9 0 0
129 72 0 17731.1 0 0
129 72 0 17735.3 0 0
129 72 0 17739.6 0 0
129 72 0 17743.8 0 0
129 72 0 17748 0 0
129 72 0 17752.2 0 0
129 72 0 17756.4 0 0
129 72 0 17760.6 0 0
129 72 0 17764.8 0 0
129 72 0 17769.1 0 0
129 72 0 17773.3 0 0
129 72 0 17777.6 0 0
129 72 0 17781.8 0 0
129 72 0 17786 0 0
129 72 0 17790.2 0 0
129 72 0 17794.4 0 0
129 72 0 17798.6 0 0
129 72 0 17802.8 0 0
129 72 0 17807 0 0
129 72 0 17811.3 0 0
129 72 0 17815.5 0 0
129 72 0 17819.7 0 0
129 72 0 17823.9 0 0
129 72 0 17828.1 0 0
129 72 0 17832.3 0 0
129 72 0 17836.5 0 0
129 72 0 17840.8 0 0
129 72 0 17845 0 0
129 88 34 17849.2 0 0
128 82 34 17853.4 0 0
129 76 33 17857.6 0 0
130 75 35 17861.8 0 0
126 78 36 17866.1 0 0
129 76 35 17870.3 0 0
129 76 35 17874.5 0 0
127 71 34 17878.7 0 0
128 80 34 17882.9 0 0
129 78 35 17887.1 0 0
130 77 35 17891.3 0 0
127 74 35 17895.6 0 0
132 76 35 17899.8 0 0
129 74 35 17904 0 0
127 71 35 17908.2 0 0
129 78 35 17912.5 0 0
127 77 35 17916.7 0 0
130 81 34 17920.9 0 0
128 76 35 17925.1 0 0
126 75 34 17931.8 0 0
131 81 35 17936.1 0 0
128 76 35 17940.3 0 0
129 73 35 17944.5 0 0
130 71 35 17948.8 0 0
128 78 35 17953 0 0
128 75 35 17957.2 0 0
128 75 35 17961.5 0 0
128 76 35 17965.8 0 0
127 73 34 17970 0 0
128 75 36 17974.2 0 0
129 77 35 17978.4 0 0
127 82 35 17982.6 0 0
127 80 35 17986.9 0 0
128 75 35 17991.1 0 0
127 78 34 17995.3 0 0
125 79 35 17999.5 0 0
127 80 35 18003.7 0 0
129 75 35 18007.9 0 0
125 74 35 18012.1 0 0
126 78 35 18016.4 0 0
126 78 35 18020.6 0 0
125 80 35 18026.2 0 0
126 78 35 18030.5 0 0
126 75 35 18034.7 0 0
127 80 36 18038.9 0 0
127 81 35 18043.1 0 0
128 74 35 18047.3 0 0
127 77 34 18051.6 0 0
129 72 35 18055.8 0 0
128 76 35 18060 0 0
127 77 34 18064.2 0 0
125 79 34 18068.4 0 0
125 76 34 18072.6 0 0
127 79 35 18076.8 0 0
130 78 35 18081.1 0 0
124 81 34 18085.3 0 0
125 79 34 18089.8 0 0
126 81 35 18094 0 0
129 87 35 18098.2 0 0
128 107 35 18102.5 0 0
130 112 36 18106.7 0 0
130 117 36 18110.9 0 0
132 118 36 18115.2 0 0
129 119 36 18119.4 0 0
127 115 36 18123.6 0 0
128 116 37 18127.8 0 0
129 116 37 18132 0 0
128 115 36 18136.2 0 0
127 118 36 18140.4 0 0
129 114 36 18144.7 0 0
129 117 37 18148.9 0 0
128 112 36 18153.2 0 0
128 112 36 18157.4 0 0
127 113 36 18161.6 0 0
127 116 36 18165.8 0 0
127 114 36 18170 0 0
128 107 36 18174.2 0 0
128 112 37 18178.4 0 0
129 114 37 18182.7 0 0
128 115 36 18186.9 0 0
127 116 36 18191.1 0 0
125 115 37 18195.3 0 0
132 115 37 18199.5 0 0
129 120 36 18203.7 0 0
129 122 37 18208 0 0
129 122 36 18212.2 0 0
130 124 37 18216.9 0 0
134 119 37 18221.1 0 0
130 121 37 18225.3 0 0
132 121 37 18229.5 0 0
133 125 37 18233.7 0 0
131 120 37 18237.9 0 0
127 116 37 18242.2 0 0
130 116 37 18246.4 0 0
124 117 37 18250.6 0 0
127 117 36 18254.8 0 0
129 119 37 18259 0 0
127 119 38 18263.2 0 0
127 122 38 18267.4 0 0
129 120 37 18271.6 0 0
127 122 37 18275.8 0 0
124 122 38 18280.1 0 0
126 123 37 18284.3 0 0
126 125 37 18288.5 0 0
127 123 38 18292.7 0 0
125 126 38 18296.9 0 0
125 128 37 18301.1 0 0
125 122 38 18305.4 0 0
127 123 37 18309.6 0 0
127 126 38 18313.8 0 0
127 121 38 18318 0 0
123 119 37 18322.2 0 0
127 125 37 18326.4 0 0
128 116 37 18330.6 0 0
126 119 38 18334.8 0 0
127 121 38 18339.1 0 0
128 121 38 18343.3 0 0
125 122 38 18347.5 0 0
126 124 38 18351.7 0 0
129 123 37 18355.9 0 0
127 125 39 18360.1 0 0
128 118 38 18364.3 0 0
127 123 38 18368.6 0 0
127 121 38 18372.8 0 0
124 123 38 18377 0 0
126 122 38 18381.2 0 0
126 125 38 18385.4 0 0
123 127 38 18389.6 0 0
124 125 38 18393.9 0 0
126 122 38 18398.1 0 0
126 125 38 18402.3 0 0
124 123 38 18406.6 0 0
127 122 38 18410.8 0 0
122 123 39 18415 0 0
125 118 38 18419.2 0 0
124 125 38 18423.4 0 0
125 126 38 18427.7 0 0
126 120 38 18431.9 0 0
120 121 38 18436.1 0 0
125 123 38 18440.3 0 0
124 126 38 18444.5 0 0
125 122 38 18448.7 0 0
125 124 39 18452.9 0 0
126 123 38 18457.2 0 0
126 124 39 18461.4 0 0
124 124 38 18465.6 0 0
126 125 38 18469.8 0 0
124 122 38 18474 0 0
128 124 38 18478.3 0 0
125 124 38 18482.5 0 0
125 124 39 18486.7 0 0
125 124 39 18490.9 0 0
126 124 38 18495.1 0 0
126 126 38 18499.3 0 0
125 122 39 18503.5 0 0
124 125 39 18507.7 0 0
124 126 38 18511.9 0 0
128 125 38 18516.1 0 0
122 125 38 18520.4 0 0
124 125 39 18524.6 0 0
125 125 39 18528.8 0 0
125 125 39 18533 0 0
123 125 38 18537.2 0 0
123 124 39 18541.5 0 0
125 128 38 18545.7 0 0
125 125 38 18549.9 0 0
127 125 38 18554.1 0 0
124 122 38 18558.3 0 0
126 125 38 18562.5 0 0
126 128 39 18566.7 0 0
125 125 38 18570.9 0 0
127 127 39 18575.1 0 0
126 127 38 18579.3 0 0
123 123 38 18583.6 0 0
123 124 38 18587.8 0 0
123 124 0 18592 0 0
126 125 39 18596.2 0 0
126 126 38 18600.5 0 0
126 124 39 18604.7 0 0
122 125 38 18608.9 0 0
127 125 39 18613.2 0 0
126 125 39 18617.4 0 0
123 131 38 18621.6 0 0
125 126 39 18625.8 0 0
126 129 38 18630 0 0
123 124 38 18634.2 0 0
123 124 39 18638.5 0 0
123 127 39 18642.7 0 0
122 127 39 18646.9 0 0
122 128 39 18651.1 0 0
124 129 38 18655.3 0 0
126 126 39 18659.5 0 0
125 126 39 18663.7 0 0
124 121 38 18668 0 0
125 122 39 18672.2 0 0
127 116 38 18676.4 0 0
127 104 38 18680.6 0 0
124 97 38 18684.8 0 0
126 93 37 18689 0 0
128 88 37 18693.2 0 0
126 87 38 18697.5 0 0
126 87 0 18701.7 0 0
129 92 37 18705.9 0 0
125 94 38 18710.1 0 0
123 93 38 18714.3 0 0
125 92 38 18718.5 0 0
124 93 38 18722.8 0 0
127 91 38 18727 0 0
126 93 38 18731.2 0 0
125 91 38 18735.4 0 0
127 92 38 18739.6 0 0
126 90 38 18743.9 0 0
126 92 38 18748.1 0 0
129 93 37 18752.3 0 0
127 89 37 18756.5 0 0
125 90 37 18760.7 0 0
127 98 37 18764.9 0 0
128 93 37 18769.2 0 0
128 90 38 18773.4 0 0
125 93 37 18777.6 0 0
126 92 37 18781.8 0 0
127 93 37 18786 0 0
127 94 38 18790.2 0 0
128 96 37 18794.4 0 0
132 91 37 18798.7 0 0
129 89 38 18802.9 0 0
129 89 0 18807.1 0 0
126 93 37 18811.3 0 0
129 90 37 18815.5 0 0
124 96 37 18819.7 0 0
126 90 37 18823.9 0 0
126 93 38 18828.1 0 0
129 86 37 18832.4 0 0
129 99 37 18836.6 0 0
129 95 37 18843.6 0 0
127 93 37 18847.8 0 0
127 91 37 18852 0 0
130 89 37 18856.3 0 0
129 90 37 18860.5 0 0
129 90 0 18864.7 0 0
125 97 36 18868.9 0 0
129 92 37 18873.1 0 0
126 92 37 18877.3 0 0
130 92 36 18881.5 0 0
126 90 37 18885.8 0 0
126 90 0 18890 0 0
126 90 0 18894.2 0 0
126 91 36 18898.5 0 0
125 92 36 18902.8 0 0
125 91 37 18907.1 0 0
129 91 37 18911.3 0 0
126 90 36 18915.5 0 0
125 92 37 18919.7 0 0
128 88 37 18923.9 0 0
128 88 37 18928.2 0 0
128 91 37 18932.5 0 0
126 86 37 18936.7 0 0
128 90 36 18940.9 0 0
126 89 37 18945.1 0 0
126 89 36 18949.3 0 0
126 93 37 18953.6 0 0
125 90 37 18957.8 0 0
126 90 36 18962 0 0
125 94 36 18966.2 0 0
126 90 36 18970.4 0 0
128 89 36 18974.6 0 0
127 96 37 18978.8 0 0
125 92 36 18983 0 0
125 92 0 18987.3 0 0
129 89 36 18991.5 0 0
128 85 36 18995.8 0 0
128 85 0 19000 0 0
126 89 37 19004.2 0 0
124 92 36 19008.4 0 0
124 92 0 19012.6 0 0
125 93 36 19016.8 0 0
125 93 0 19021 0 0
127 92 36 19025.2 0 0
127 89 36 19029.5 0 0
125 90 36 19033.7 0 0
127 93 36 19037.9 0 0
129 90 36 19042.1 0 0
128 87 36 19046.3 0 0
128 90 36 19050.5 0 0
127 90 36 19054.8 0 0
131 103 35 19059 0 0
131 103 0 19063.2 0 0
131 103 0 19067.4 0 0
131 103 0 19071.6 0 0
131 103 0 19075.8 0 0
131 103 0 19080 0 0
131 103 0 19084.3 0 0
131 103 0 19088.5 0 0
131 103 0 19092.8 0 0
131 103 0 19097 0 0
131 103 0 19101.2 0 0
131 103 0 19105.4 0 0
131 103 0 19109.6 0 0
131 103 0 19113.8 0 0
131 103 0 19118 0 0
131 103 0 19122.3 0 0
131 103 0 19126.5 0 0
131 103 0 19130.7 0 0
131 103 0 19134.9 0 0
131 103 0 19139.1 0 0
131 103 0 19143.3 0 0
131 103 0 19147.6 0 0
131 103 0 19151.8 0 0
131 103 0 19156 0 0
131 103 0 19160.2 0 0
131 103 0 19164.4 0 0
133 156 33 19168.6 0 0
130 140 35 19172.8 0 0
127 129 36 19177.1 0 0
127 116 37 19181.3 0 0
128 112 36 19185.5 0 0
129 107 37 19189.7 0 0
128 109 37 19194 0 0
127 104 36 19198.2 0 0
129 100 36 19202.4 0 0
128 103 36 19206.6 0 0
131 106 37 19210.9 0 0
132 103 37 19215.1 0 0
130 105 36 19219.3 0 0
130 111 37 19223.5 0 0
129 103 36 19227.7 0 0
130 103 36 19231.9 0 0
130 104 36 19236.1 0 0
130 103 36 19240.4 0 0
129 103 35 19244.6 0 0
130 98 36 19248.8 0 0
131 101 36 19253 0 0
132 97 36 19257.2 0 0
129 103 35 19261.4 0 0
133 105 36 19265.6 0 0
130 106 36 19269.8 0 0
130 108 36 19274.1 0 0
133 104 35 19278.3 0 0
133 100 36 19282.5 0 0
130 100 35 19286.7 0 0
133 108 35 19290.9 0 0
130 103 36 19295.1 0 0
133 104 35 19299.3 0 0
132 101 35 19303.5 0 0
134 103 35 19307.8 0 0
135 101 35 19312 0 0
131 106 36 19316.2 0 0
132 104 35 19320.4 0 0
133 104 35 19324.6 0 0
132 101 35 19328.8 0 0
134 101 35 19333.1 0 0
131 106 35 19337.3 0 0
130 107 36 19341.5 0 0
133 102 35 19345.7 0 0
130 106 35 19349.9 0 0
131 104 35 19354.1 0 0
135 97 35 19358.3 0 0
135 103 36 19362.6 0 0
133 98 36 19366.8 0 0
132 100 35 19371 0 0
132 104 35 19375.2 0 0
133 102 35 19379.4 0 0
132 106 36 19383.6 0 0
135 102 36 19387.8 0 0
133 98 35 19392 0 0
133 105 36 19396.3 0 0
137 108 36 19400.5 0 0
134 107 35 19404.9 0 0
134 101 36 19409.1 0 0
133 101 36 19413.3 0 0
133 101 36 19417.5 0 0
134 106 36 19421.7 0 0
135 102 36 19426 0 0
134 101 36 19430.2 0 0
135 104 35 19434.4 0 0
135 104 0 19438.6 0 0
130 102 36 19442.8 0 0
136 104 36 19447 0 0
134 104 36 19451.2 0 0
134 109 36 19455.4 0 0
134 106 36 19460.2 0 0
136 106 37 19464.4 0 0
134 107 37 19468.6 0 0
135 109 36 19472.8 0 0
135 107 36 19477.1 0 0
134 105 35 19481.3 0 0
134 105 36 19485.5 0 0
135 109 36 19489.8 0 0
132 109 36 19494 0 0
131 109 36 19498.2 0 0
133 111 36 19502.4 0 0
132 115 36 19506.6 0 0
135 108 36 19510.8 0 0
135 109 36 19515 0 0
136 111 36 19519.3 0 0
132 108 36 19523.5 0 0
134 106 37 19527.7 0 0
134 104 36 19532 0 0
133 109 36 19536.2 0 0
133 105 37 19540.4 0 0
133 112 36 19544.6 0 0
135 106 36 19548.8 0 0
134 111 37 19553 0 0
130 106 37 19557.2 0 0
137 115 36 19561.4 0 0
133 113 36 19565.6 0 0
133 108 36 19569.8 0 0
133 111 36 19574 0 0
133 110 36 19578.3 0 0
134 108 36 19582.5 0 0
134 108 36 19586.8 0 0
137 105 36 19591 0 0
135 111 37 19595.2 0 0
130 106 37 19599.4 0 0
132 112 37 19603.6 0 0
132 111 37 19607.8 0 0
134 108 38 19612 0 0
135 110 36 19616.3 0 0
135 110 0 19620.5 0 0
136 107 36 19624.7 0 0
134 109 37 19628.9 0 0
137 109 37 19633.1 0 0
135 106 37 19637.3 0 0
135 110 37 19641.5 0 0
135 108 37 19645.8 0 0
134 106 37 19650 0 0
136 113 37 19654.3 0 0
136 113 0 19658.5 0 0
135 110 37 19662.7 0 0
135 109 38 19666.9 0 0
135 109 0 19671.1 0 0
136 109 37 19675.4 0 0
135 109 37 19679.6 0 0
132 112 37 19683.8 0 0
135 112 37 19688 0 0
135 111 37 19692.2 0 0
135 112 37 19696.4 0 0
133 111 37 19700.7 0 0
136 107 37 19704.9 0 0
133 111 38 19709.1 0 0
134 107 38 19713.3 0 0
134 107 0 19717.5 0 0
135 112 38 19721.7 0 0
137 107 37 19725.9 0 0
135 109 37 19730.1 0 0
134 106 38 19734.3 0 0
135 105 37 19738.6 0 0
135 105 38 19742.8 0 0
135 110 38 19747 0 0
135 110 0 19751.2 0 0
137 112 38 19755.4 0 0
132 108 39 19759.6 0 0
135 112 38 19763.8 0 0
133 109 38 19768.1 0 0
135 108 39 19772.3 0 0
135 108 38 19776.6 0 0
135 113 38 19780.8 0 0
135 113 38 19785 0 0
136 111 38 19789.2 0 0
137 113 39 19793.4 0 0
135 106 39 19797.6 0 0
135 104 38 19801.8 0 0
131 106 38 19806.1 0 0
131 106 0 19810.3 0 0
136 107 39 19814.5 0 0
137 107 39 19818.7 0 0
134 112 38 19822.9 0 0
133 116 38 19827.1 0 0
134 107 38 19831.4 0 0
137 109 38 19835.6 0 0
137 109 0 19839.9 0 0
132 106 38 19844.1 0 0
137 106 38 19848.3 0 0
138 108 39 19852.5 0 0
136 112 38 19856.7 0 0
139 109 38 19860.9 0 0
138 109 38 19865.2 0 0
137 107 38 19869.4 0 0
139 107 38 19873.6 0 0
137 109 38 19877.8 0 0
135 110 38 19882 0 0
134 108 38 19886.2 0 0
139 109 38 19890.4 0 0
134 111 38 19894.7 0 0
136 108 38 19898.9 0 0
137 108 38 19903.1 0 0
136 110 38 19907.3 0 0
134 113 39 19911.5 0 0
136 107 38 19915.7 0 0
140 108 37 19919.9 0 0
136 108 38 19924.1 0 0
137 110 38 19928.5 0 0
140 105 38 19932.7 0 0
139 104 37 19936.9 0 0
142 92 38 19941.1 0 0
139 100 38 19945.3 0 0
137 108 38 19949.5 0 0
134 107 38 19953.8 0 0
139 107 38 19958 0 0
134 112 38 19962.2 0 0
137 108 38 19966.4 0 0
139 101 38 19970.7 0 0
139 110 38 19974.8 0 0
140 105 38 19979 0 0
138 105 37 19983.3 0 0
137 102 38 19987.5 0 0
135 108 38 19991.7 0 0
141 103 37 19995.9 0 0
138 105 38 20000.1 0 0
138 106 38 20004.3 0 0
140 108 38 20008.5 0 0
138 109 37 20012.8 0 0
136 103 38 20017 0 0
140 105 37 20021.2 0 0
136 97 38 20025.4 0 0
138 103 38 20029.6 0 0
134 100 38 20033.9 0 0
140 94 38 20038.1 0 0
143 104 38 20042.3 0 0
137 105 38 20046.5 0 0
136 101 38 20050.8 0 0
139 102 38 20055 0 0
134 99 37 20059.2 0 0
137 99 37 20063.4 0 0
136 106 37 20067.6 0 0
134 104 38 20071.8 0 0
137 102 37 20076 0 0
137 103 37 20080.2 0 0
137 100 38 20084.5 0 0
138 108 37 20088.8 0 0
141 101 38 20093 0 0
141 101 0 20097.2 0 0
141 100 37 20101.4 0 0
138 104 37 20105.7 0 0
136 108 38 20109.9 0 0
140 101 37 20114.1 0 0
142 102 38 20118.3 0 0
141 99 37 20122.5 0 0
140 102 38 20126.7 0 0
136 103 37 20130.9 0 0
140 98 37 20135.1 0 0
141 102 37 20139.4 0 0
134 104 38 20143.6 0 0
141 103 37 20147.8 0 0
136 106 37 20152.2 0 0
140 98 37 20156.4 0 0
139 104 37 20160.6 0 0
139 103 37 20164.8 0 0
134 99 38 20169 0 0
134 99 38 20173.3 0 0
141 98 38 20177.5 0 0
141 98 37 20181.7 0 0
134 106 37 20185.9 0 0
136 108 37 20190.2 0 0
140 100 39 20194.4 0 0
140 100 38 20198.6 0 0
140 100 37 20202.8 0 0
140 100 38 20207 0 0
138 110 38 20211.3 0 0
139 99 38 20215.5 0 0
139 99 38 20219.7 0 0
141 100 37 20223.9 0 0
136 105 38 20228.1 0 0
140 109 37 20232.3 0 0
140 109 38 20236.6 0 0
140 109 37 20241 0 0
140 109 37 20245.2 0 0
140 109 37 20249.4 0 0
140 109 37 20253.6 0 0
140 109 38 20257.8 0 0
140 109 38 20262 0 0
137 105 38 20266.2 0 0
140 106 38 20270.5 0 0
140 108 38 20274.7 0 0
136 118 38 20278.9 0 0
135 120 38 20283.1 0 0
135 120 38 20287.3 0 0
137 123 39 20291.5 0 0
137 116 38 20295.8 0 0
138 118 38 20300 0 0
133 118 38 20304.2 0 0
138 118 38 20308.4 0 0
136 118 38 20312.6 0 0
131 116 38 20316.8 0 0
135 118 38 20321 0 0
137 115 39 20325.3 0 0
134 115 39 20329.5 0 0
133 117 38 20333.8 0 0
137 121 39 20338.1 0 0
133 119 39 20342.3 0 0
133 119 0 20346.5 0 0
138 115 38 20350.7 0 0
137 115 39 20354.9 0 0
136 115 39 20359.1 0 0
139 121 39 20363.4 0 0
137 112 38 20367.6 0 0
137 117 38 20371.8 0 0
137 121 39 20376 0 0
132 121 39 20380.2 0 0
135 119 39 20384.4 0 0
136 117 39 20388.6 0 0
136 119 39 20392.8 0 0
141 118 39 20397.1 0 0
135 119 38 20401.3 0 0
138 117 38 20405.5 0 0
134 121 39 20409.8 0 0
136 117 38 20414 0 0
138 118 39 20418.2 0 0
136 122 39 20422.4 0 0
135 119 39 20426.6 0 0
136 117 39 20430.9 0 0
136 118 39 20435.1 0 0
134 118 39 20439.3 0 0
136 113 39 20443.5 0 0
135 136 39 20447.7 0 0
135 136 0 20451.9 0 0
135 136 0 20456.1 0 0
135 136 0 20460.4 0 0
135 136 0 20464.6 0 0
135 136 0 20468.8 0 0
135 136 0 20473 0 0
135 136 0 20477.2 0 0
135 136 0 20481.4 0 0
135 136 0 20485.6 0 0
135 136 0 20489.9 0 0
135 136 0 20494.1 0 0
135 136 0 20498.3 0 0
135 136 0 20502.5 0 0
135 136 0 20506.7 0 0
135 136 0 20510.9 0 0
135 136 0 20515.1 0 0
135 136 0 20519.4 0 0
135 136 0 20523.6 0 0
135 136 0 20527.8 0 0
135 136 0 20532 0 0
135 136 0 20536.3 0 0
135 136 0 20540.5 0 0
135 136 0 20544.7 0 0
135 136 0 20548.9 0 0
147 189 36 20553.1 0 0
141 174 38 20557.3 0 0
135 160 39 20561.5 0 0
135 150 39 20565.8 0 0
140 142 39 20570 0 0
138 130 40 20574.2 0 0
139 125 40 20578.4 0 0
142 121 40 20582.6 0 0
140 118 40 20586.8 0 0
140 117 40 20591.1 0 0
139 116 41 20595.3 0 0
142 113 41 20599.5 0 0
142 116 41 20603.7 0 0
140 112 41 20607.9 0 0
142 112 41 20612.1 0 0
140 108 41 20616.3 0 0
141 112 41 20620.6 0 0
141 110 41 20624.8 0 0
140 111 40 20629 0 0
140 110 41 20633.2 0 0
142 110 41 20637.4 0 0
141 110 41 20641.6 0 0
143 108 41 20645.8 0 0
142 106 41 20650.1 0 0
141 110 41 20654.3 0 0
138 111 41 20658.5 0 0
139 112 41 20662.7 0 0
140 108 41 20667 0 0
137 108 41 20671.2 0 0
138 110 41 20675.4 0 0
140 110 41 20679.6 0 0
139 108 41 20683.8 0 0
137 108 41 20688 0 0
139 108 41 20692.2 0 0
140 113 41 20696.5 0 0
138 115 40 20700.7 0 0
137 113 41 20704.9 0 0
139 112 41 20709.1 0 0
140 113 41 20713.3 0 0
138 114 41 20717.5 0 0
141 115 41 20721.8 0 0
140 115 41 20726 0 0
139 113 41 20730.2 0 0
139 115 40 20734.4 0 0
139 114 41 20738.6 0 0
140 110 41 20742.9 0 0
140 114 41 20747.1 0 0
138 112 41 20751.3 0 0
138 113 41 20755.5 0 0
138 113 41 20759.7 0 0
137 112 41 20763.9 0 0
140 114 41 20768.2 0 0
137 112 40 20772.4 0 0
136 111 41 20776.6 0 0
136 110 41 20780.8 0 0
133 108 41 20785 0 0
129 112 42 20789.2 0 0
130 117 41 20793.4 0 0
130 117 42 20797.6 0 0
131 117 41 20801.9 0 0
130 117 41 20806.1 0 0
130 117 41 20810.3 0 0
133 112 41 20814.5 0 0
132 113 41 20818.8 0 0
131 118 41 20823 0 0
131 116 41 20827.2 0 0
130 114 41 20831.4 0 0
133 117 41 20835.6 0 0
131 119 41 20839.8 0 0
132 119 40 20844 0 0
131 114 40 20848.2 0 0
133 116 40 20852.4 0 0
130 117 41 20856.7 0 0
131 117 40 20860.9 0 0
131 116 40 20865.1 0 0
133 115 41 20869.3 0 0
132 117 40 20873.5 0 0
133 116 40 20877.7 0 0
133 117 40 20881.9 0 0
129 116 40 20886.2 0 0
132 115 40 20890.3 0 0
133 115 40 20894.6 0 0
129 117 40 20898.8 0 0
130 118 41 20903 0 0
132 116 40 20907.3 0 0
131 119 40 20911.5 0 0
135 114 40 20915.7 0 0
132 117 41 20919.9 0 0
134 120 40 20924.1 0 0
132 117 40 20928.4 0 0
133 116 40 20932.6 0 0
132 115 41 20936.8 0 0
131 119 41 20941 0 0
132 117 40 20945.2 0 0
131 116 40 20949.4 0 0
135 118 40 20953.7 0 0
132 120 40 20957.9 0 0
135 121 40 20962.1 0 0
134 118 40 20966.3 0 0
133 119 40 20970.5 0 0
136 119 40 20974.7 0 0
135 121 41 20979 0 0
134 119 40 20983.2 0 0
135 118 40 20987.4 0 0
134 119 40 20991.6 0 0
134 118 40 20995.8 0 0
134 117 40 21000 0 0
131 121 40 21004.3 0 0
131 120 41 21008.5 0 0
134 120 40 21012.7 0 0
135 111 40 21016.9 0 0
131 118 40 21021.1 0 0
134 119 40 21025.3 0 0
133 118 40 21029.6 0 0
135 119 40 21033.8 0 0
133 122 40 21038 0 0
133 121 40 21042.2 0 0
134 120 40 21046.4 0 0
135 119 39 21050.7 0 0
130 122 40 21054.9 0 0
137 114 39 21059.1 0 0
142 122 40 21063.3 0 0
151 127 40 21067.5 0 0
159 129 40 21071.7 0 0
167 130 40 21076 0 0
179 136 40 21080.2 0 0
189 137 41 21084.4 0 0
206 145 41 21088.6 0 0
221 158 40 21092.8 0 0
225 161 40 21097 0 0
235 170 40 21101.2 0 0
236 165 40 21105.4 0 0
238 166 40 21109.6 0 0
233 160 40 21113.9 0 0
234 169 40 21118.1 0 0
233 157 40 21122.3 0 0
231 161 40 21126.5 0 0
232 161 40 21130.7 0 0
231 165 40 21134.9 0 0
231 177 40 21139.2 0 0
234 164 41 21143.4 0 0
231 169 40 21147.6 0 0
233 170 40 21151.8 0 0
232 167 40 21156 0 0
230 167 41 21160.2 0 0
231 170 40 21164.4 0 0
229 167 41 21168.6 0 0
231 163 40 21172.8 0 0
230 163 40 21177.1 0 0
229 162 40 21181.3 0 0
232 162 41 21185.5 0 0
230 166 40 21189.7 0 0
232 171 40 21194 0 0
234 171 40 21198.2 0 0
228 168 40 21202.4 0 0
231 163 40 21206.6 0 0
231 164 39 21210.9 0 0
230 169 41 21215.1 0 0
231 170 41 21219.4 0 0
229 161 41 21223.6 0 0
233 167 41 21227.8 0 0
229 163 40 21232 0 0
229 170 40 21236.2 0 0
230 161 41 21240.5 0 0
232 169 40 21244.7 0 0
231 168 40 21248.9 0 0
231 170 40 21253.1 0 0
229 167 41 21257.3 0 0
232 174 40 21261.5 0 0
237 175 40 21265.7 0 0
231 169 40 21270 0 0
233 167 41 21274.2 0 0
229 161 40 21278.4 0 0
230 169 39 21282.6 0 0
230 168 40 21286.8 0 0
232 168 41 21291 0 0
235 171 40 21295.3 0 0
230 162 40 21299.6 0 0
231 165 39 21303.8 0 0
230 165 40 21308 0 0
235 174 40 21312.2 0 0
231 173 40 21316.4 0 0
231 176 40 21320.6 0 0
228 161 39 21324.8 0 0
231 171 40 21329.1 0 0
234 178 39 21333.3 0 0
229 193 40 21337.5 0 0
229 193 0 21341.7 0 0
209 190 40 21345.9 0 0
204 198 41 21350.1 0 0
197 206 39 21354.4 0 0
202 216 39 21358.6 0 0
202 216 0 21362.8 0 0
200 220 38 21367 0 0
201 206 39 21371.3 0 0
203 218 38 21375.5 0 0
201 204 38 21379.7 0 0
201 204 0 21383.9 0 0
197 208 38 21388.1 0 0
201 216 38 21392.3 0 0
199 210 39 21396.5 0 0
198 205 39 21400.7 0 0
204 222 38 21405 0 0
198 217 39 21409.2 0 0
197 208 38 21413.4 0 0
197 208 0 21417.6 0 0
201 215 38 21421.8 0 0
200 218 38 21426 0 0
201 214 39 21430.3 0 0
201 215 38 21434.5 0 0
201 215 0 21438.7 0 0
199 215 38 21442.9 0 0
203 207 38 21447.1 0 0
203 207 0 21451.3 0 0
200 212 38 21455.5 0 0
198 211 38 21459.8 0 0
198 211 0 21464 0 0
199 222 38 21468.2 0 0
201 211 38 21472.4 0 0
200 213 38 21476.6 0 0
204 218 38 21480.8 0 0
198 216 38 21485 0 0
199 216 37 21489.3 0 0
197 219 37 21493.5 0 0
197 219 0 21497.7 0 0
169 212 37 21501.9 0 0
169 212 0 21506.1 0 0
152 224 36 21510.3 0 0
144 195 36 21514.5 0 0
136 198 36 21518.8 0 0
136 206 35 21523 0 0
140 199 35 21527.2 0 0
144 183 35 21531.5 0 0
145 198 35 21535.7 0 0
142 186 36 21539.9 0 0
139 190 36 21544.1 0 0
139 188 35 21548.3 0 0
143 188 34 21552.6 0 0
142 200 35 21556.8 0 0
144 182 36 21561 0 0
140 194 35 21565.2 0 0
140 196 36 21569.4 0 0
143 197 35 21573.6 0 0
142 185 35 21577.8 0 0
144 193 35 21582.1 0 0
139 189 35 21586.3 0 0
142 187 35 21590.5 0 0
141 192 35 21594.7 0 0
139 189 35 21599 0 0
141 181 36 21603.2 0 0
139 186 35 21607.4 0 0
139 199 35 21611.7 0 0
138 189 35 21615.9 0 0
137 193 35 21620.1 0 0
141 202 35 21624.3 0 0
139 201 35 21628.5 0 0
138 195 36 21632.7 0 0
144 194 36 21636.9 0 0
140 200 37 21641.2 0 0
145 208 35 21645.4 0 0
143 200 36 21649.6 0 0
143 207 36 21653.8 0 0
140 188 36 21658 0 0
140 188 0 21662.2 0 0
140 193 35 21666.5 0 0
136 175 36 21670.7 0 0
140 176 36 21674.9 0 0
139 187 35 21679.1 0 0
139 187 0 21683.3 0 0
139 187 0 21687.5 0 0
139 187 0 21691.8 0 0
139 187 0 21696 0 0
139 187 0 21700.2 0 0
139 187 0 21704.4 0 0
139 187 0 21708.7 0 0
139 187 0 21712.9 0 0
139 187 0 21717.1 0 0
139 187 0 21721.3 0 0
139 187 0 21725.5 0 0
139 187 0 21729.7 0 0
139 187 0 21733.9 0 0
139 187 0 21738.2 0 0
139 187 0 21742.4 0 0
139 187 0 21746.6 0 0
139 187 0 21750.8 0 0
139 187 0 21755 0 0
139 187 0 21759.2 0 0
139 187 0 21763.4 0 0
139 187 0 21767.6 0 0
139 187 0 21771.9 0 0
139 187 0 21776.1 0 0
139 187 0 21780.3 0 0
232 219 39 21792.9 0 0
231 199 40 21797.1 0 0
233 178 41 21801.4 0 0
230 162 40 21805.6 0 0
224 151 41 21809.8 0 0
232 169 40 21814 0 0
227 161 40 21818.2 0 0
230 163 41 21822.5 0 0
232 164 41 21826.7 0 0
231 163 41 21830.9 0 0
232 162 40 21835.1 0 0
230 163 41 21839.3 0 0
232 165 40 21843.5 0 0
230 163 41 21847.7 0 0
232 165 39 21851.9 0 0
235 177 39 21856.2 0 0
235 170 40 21860.4 0 0
232 161 39 21864.6 0 0
231 164 40 21868.8 0 0
230 166 39 21873 0 0
230 166 0 21877.2 0 0
230 166 0 21881.5 0 0
231 162 39 21885.7 0 0
228 163 40 21889.8 0 0
234 170 39 21894.1 0 0
232 167 39 21898.3 0 0
230 169 39 21902.5 0 0
232 170 39 21906.8 0 0
232 165 39 21911 0 0
229 169 38 21915.2 0 0
228 171 39 21919.4 0 0
228 171 0 21923.6 0 0
230 158 39 21927.8 0 0
227 153 38 21932 0 0
226 144 38 21936.2 0 0
217 132 39 21940.4 0 0
218 127 38 21944.6 0 0
214 114 39 21948.9 0 0
214 114 0 21953.1 0 0
210 92 38 21957.3 0 0
210 82 38 21961.6 0 0
212 75 38 21965.8 0 0
212 76 38 21970 0 0
210 75 38 21974.2 0 0
212 73 38 21978.4 0 0
215 69 38 21982.7 0 0
215 69 0 21986.9 0 0
218 72 38 21991.1 0 0
213 70 37 21995.3 0 0
211 67 39 21999.5 0 0
211 67 0 22003.7 0 0
216 66 38 22007.9 0 0
211 66 38 22012.2 0 0
215 69 38 22016.4 0 0
215 69 0 22020.6 0 0
211 64 38 22024.8 0 0
