121 105 48 1008.99 0 0
124 104 49 1013.2 0 0
121 107 48 1017.4 0 0
125 107 48 1021.6 0 0
124 106 48 1025.83 0 0
126 107 48 1030.05 0 0
120 106 48 1034.28 0 0
122 107 48 1038.5 0 0
124 104 48 1042.71 0 0
123 107 48 1046.93 0 0
125 105 48 1051.14 0 0
121 107 48 1055.35 0 0
123 107 49 1059.57 0 0
122 105 48 1063.78 0 0
123 106 48 1068.03 0 0
125 106 48 1072.25 0 0
123 103 48 1076.45 0 0
125 107 48 1080.65 0 0
120 105 48 1084.85 0 0
124 105 48 1089.07 0 0
123 107 48 1093.29 0 0
121 105 48 1097.66 0 0
121 105 0 1101.88 0 0
124 107 48 1106.15 0 0
126 106 48 1110.35 0 0
124 106 49 1114.56 0 0
122 106 48 1118.78 0 0
122 109 48 1123 0 0
123 110 49 1127.24 0 0
128 107 48 1131.45 0 0
127 109 48 1135.67 0 0
125 107 48 1139.87 0 0
122 106 48 1144.07 0 0
126 107 48 1148.27 0 0
123 107 49 1152.5 0 0
125 105 48 1156.74 0 0
121 109 48 1162.42 0 0
124 108 48 1166.64 0 0
123 108 49 1170.84 0 0
125 107 49 1175.04 0 0
123 107 49 1179.24 0 0
122 108 48 1183.46 0 0
127 109 48 1187.69 0 0
126 109 49 1192.04 0 0
123 110 48 1196.24 0 0
124 108 48 1200.45 0 0
123 109 49 1204.65 0 0
125 107 49 1208.85 0 0
123 106 49 1213.06 0 0
125 108 49 1217.29 0 0
124 106 48 1221.55 0 0
124 109 48 1225.76 0 0
125 107 48 1229.97 0 0
126 106 48 1234.19 0 0
123 104 49 1238.39 0 0
124 107 48 1242.6 0 0
125 108 48 1246.82 0 0
122 103 48 1251.06 0 0
122 106 48 1255.29 0 0
126 107 48 1259.52 0 0
124 106 48 1263.72 0 0
124 109 49 1267.92 0 0
125 106 48 1272.12 0 0
124 106 49 1276.36 0 0
122 107 48 1280.57 0 0
125 99 48 1284.94 0 0
124 100 49 1289.16 0 0
122 96 49 1293.37 0 0
124 92 49 1297.57 0 0
125 96 49 1301.77 0 0
125 95 48 1306.14 0 0
126 92 49 1310.36 0 0
122 94 48 1314.58 0 0
123 95 48 1318.81 0 0
123 96 48 1323.03 0 0
125 94 49 1327.23 0 0
123 95 48 1331.43 0 0
126 96 48 1335.63 0 0
123 96 49 1339.85 0 0
124 95 49 1344.08 0 0
120 92 49 1348.32 0 0
124 95 49 1352.54 0 0
123 93 48 1356.75 0 0
125 96 49 1360.95 0 0
122 98 49 1365.16 0 0
122 93 49 1369.37 0 0
123 97 48 1373.59 0 0
123 93 49 1377.81 0 0
123 95 48 1382.03 0 0
122 93 49 1386.24 0 0
126 92 48 1390.44 0 0
122 96 48 1394.64 0 0
122 93 49 1398.85 0 0
123 95 49 1403.07 0 0
123 97 49 1407.32 0 0
123 93 48 1411.55 0 0
123 95 48 1415.78 0 0
122 95 48 1419.99 0 0
122 95 48 1424.19 0 0
123 93 48 1428.39 0 0
123 95 48 1432.63 0 0
124 97 48 1436.84 0 0
123 94 48 1441.09 0 0
124 96 48 1445.35 0 0
122 96 48 1449.55 0 0
124 93 48 1453.75 0 0
125 96 48 1457.95 0 0
123 96 48 1462.17 0 0
121 94 48 1466.4 0 0
122 99 48 1470.66 0 0
123 95 48 1474.89 0 0
121 93 48 1479.47 0 0
121 95 48 1483.69 0 0
123 95 48 1488.22 0 0
122 97 48 1492.43 0 0
125 96 48 1496.64 0 0
125 93 48 1500.89 0 0
124 92 47 1505.11 0 0
123 91 47 1509.33 0 0
127 101 48 1513.54 0 0
124 97 48 1517.74 0 0
126 98 48 1521.94 0 0
124 94 47 1526.18 0 0
123 93 47 1530.39 0 0
124 95 48 1534.66 0 0
123 90 47 1538.88 0 0
127 91 47 1543.09 0 0
124 91 47 1547.29 0 0
124 93 47 1551.5 0 0
125 93 48 1555.71 0 0
120 95 47 1559.94 0 0
123 94 47 1564.15 0 0
123 92 47 1569.04 0 0
123 96 47 1573.25 0 0
122 95 48 1577.45 0 0
124 96 47 1581.89 0 0
123 95 47 1586.1 0 0
124 95 47 1590.32 0 0
125 94 47 1594.56 0 0
123 96 47 1598.8 0 0
124 96 47 1603.02 0 0
124 95 47 1607.25 0 0
123 94 47 1611.45 0 0
122 96 47 1615.65 0 0
127 98 48 1619.87 0 0
132 91 47 1624.09 0 0
138 93 48 1628.33 0 0
149 89 47 1632.54 0 0
167 85 46 1636.74 0 0
175 81 46 1643.53 0 0
182 79 46 1647.77 0 0
186 78 45 1652 0 0
195 73 45 1656.26 0 0
198 76 45 1660.54 0 0
201 71 45 1664.74 0 0
205 73 44 1668.97 0 0
205 73 44 1673.17 0 0
204 73 44 1677.48 0 0
202 71 45 1681.7 0 0
201 74 44 1685.91 0 0
206 74 44 1690.15 0 0
204 73 45 1694.39 0 0
204 72 44 1698.6 0 0
205 73 45 1702.8 0 0
204 75 44 1707.02 0 0
205 75 44 1711.23 0 0
202 78 45 1715.44 0 0
203 74 44 1719.68 0 0
204 73 44 1723.91 0 0
205 73 44 1728.25 0 0
204 73 45 1732.46 0 0
204 71 44 1736.66 0 0
205 73 45 1740.86 0 0
205 73 44 1747.91 0 0
202 73 44 1752.17 0 0
204 74 44 1756.39 0 0
205 73 45 1760.61 0 0
206 73 45 1764.81 0 0
203 74 45 1769.01 0 0
203 73 44 1773.21 0 0
204 74 44 1777.43 0 0
206 74 45 1781.66 0 0
208 74 44 1785.88 0 0
205 75 45 1790.09 0 0
204 73 44 1794.29 0 0
202 75 44 1798.51 0 0
207 74 44 1802.71 0 0
204 72 45 1806.93 0 0
203 73 45 1811.14 0 0
204 76 45 1815.37 0 0
205 76 44 1819.61 0 0
214 73 44 1823.82 0 0
218 65 44 1828.02 0 0
219 61 44 1832.22 0 0
218 56 43 1836.43 0 0
217 55 44 1840.64 0 0
217 53 43 1844.95 0 0
220 55 44 1849.19 0 0
220 54 44 1853.41 0 0
220 57 43 1857.62 0 0
221 56 43 1864.54 0 0
219 53 43 1868.76 0 0
218 55 43 1873 0 0
221 56 44 1877.23 0 0
219 55 43 1881.44 0 0
221 55 43 1885.66 0 0
218 54 44 1889.86 0 0
222 57 44 1894.06 0 0
220 56 43 1898.26 0 0
219 55 43 1902.48 0 0
222 55 43 1906.72 0 0
221 56 43 1910.96 0 0
221 55 43 1915.17 0 0
219 56 43 1919.39 0 0
219 54 43 1923.6 0 0
220 55 43 1927.8 0 0
220 56 44 1932.02 0 0
219 53 43 1936.23 0 0
219 54 44 1940.48 0 0
220 54 44 1944.69 0 0
218 54 43 1948.9 0 0
221 56 44 1953.1 0 0
222 56 43 1957.3 0 0
222 58 44 1961.52 0 0
222 58 44 1968.68 0 0
219 54 44 1976.49 0 0
219 57 43 1980.75 0 0
221 57 43 1985.39 0 0
219 54 44 1989.61 0 0
222 57 43 1993.84 0 0
222 55 43 1998.1 0 0
222 57 43 2002.34 0 0
218 57 44 2006.56 0 0
220 54 44 2010.76 0 0
220 54 44 2014.96 0 0
219 54 43 2019.35 0 0
218 57 43 2023.56 0 0
220 54 44 2027.77 0 0
219 55 43 2032.02 0 0
220 55 44 2037.23 0 0
220 56 44 2041.66 0 0
222 58 44 2047.83 0 0
221 55 44 2052.05 0 0
221 57 43 2056.26 0 0
218 57 43 2060.48 0 0
219 57 44 2064.73 0 0
221 55 43 2068.95 0 0
218 57 44 2073.18 0 0
222 56 43 2077.39 0 0
222 55 43 2081.59 0 0
220 58 44 2085.79 0 0
218 55 44 2090.02 0 0
217 54 44 2094.25 0 0
221 54 44 2098.49 0 0
219 56 44 2102.71 0 0
221 55 43 2106.92 0 0
218 54 44 2111.13 0 0
219 55 44 2115.33 0 0
219 52 44 2119.55 0 0
218 53 44 2123.79 0 0
220 54 44 2128.02 0 0
220 56 44 2132.23 0 0
220 58 43 2136.44 0 0
220 55 44 2140.64 0 0
218 55 44 2147.5 0 0
217 57 44 2151.76 0 0
218 56 44 2156.01 0 0
219 53 44 2160.25 0 0
218 57 44 2164.48 0 0
219 53 44 2168.69 0 0
219 55 44 2172.9 0 0
218 54 43 2177.1 0 0
218 56 44 2181.35 0 0
219 55 44 2185.58 0 0
218 55 44 2189.83 0 0
221 53 43 2194.03 0 0
217 56 44 2198.24 0 0
220 53 43 2202.44 0 0
218 53 43 2206.65 0 0
218 55 44 2211.12 0 0
219 55 44 2215.38 0 0
220 54 44 2219.63 0 0
219 54 44 2223.86 0 0
218 55 44 2228.66 0 0
220 56 44 2239.17 0 0
220 56 43 2247.65 0 0
220 55 44 2256.36 0 0
219 55 44 2264.13 0 0
219 54 44 2272.38 0 0
219 54 44 2280.88 0 0
220 54 44 2289.15 0 0
217 56 44 2293.37 0 0
220 56 44 2301.81 0 0
219 57 44 2306.03 0 0
221 58 44 2310.25 0 0
218 54 44 2314.49 0 0
221 59 44 2318.71 0 0
224 55 44 2322.93 0 0
215 57 44 2327.13 0 0
221 57 44 2331.33 0 0
218 56 44 2335.53 0 0
218 57 44 2339.75 0 0
220 58 44 2343.98 0 0
218 55 44 2348.23 0 0
222 56 44 2352.44 0 0
219 55 44 2356.66 0 0
220 56 44 2360.86 0 0
220 56 44 2365.06 0 0
220 56 44 2369.29 0 0
218 57 44 2373.52 0 0
219 56 44 2377.75 0 0
221 58 44 2381.95 0 0
218 58 44 2386.18 0 0
217 59 44 2390.39 0 0
221 57 44 2397.26 0 0
221 58 44 2401.51 0 0
220 61 44 2405.76 0 0
220 59 43 2410.04 0 0
220 53 44 2414.28 0 0
220 56 44 2418.49 0 0
218 58 44 2422.69 0 0
221 54 44 2426.89 0 0
215 57 44 2431.11 0 0
223 58 44 2435.32 0 0
220 60 44 2439.57 0 0
219 56 44 2443.79 0 0
218 57 44 2448 0 0
220 56 44 2452.2 0 0
224 55 44 2456.4 0 0
222 54 44 2460.6 0 0
225 55 43 2464.82 0 0
225 53 44 2469.06 0 0
222 55 43 2473.3 0 0
225 52 44 2477.55 0 0
225 53 44 2481.79 0 0
225 53 44 2486 0 0
224 55 43 2492.11 0 0
222 53 44 2496.34 0 0
225 55 44 2501.42 0 0
222 55 44 2505.66 0 0
226 53 43 2509.92 0 0
223 54 43 2514.12 0 0
224 56 44 2518.32 0 0
224 56 43 2522.52 0 0
225 55 44 2526.76 0 0
225 56 44 2530.98 0 0
224 56 44 2535.2 0 0
226 55 44 2539.41 0 0
224 55 44 2543.61 0 0
224 56 44 2547.82 0 0
225 56 44 2552.03 0 0
222 55 44 2556.25 0 0
226 54 44 2560.46 0 0
221 54 43 2564.71 0 0
222 55 44 2568.91 0 0
226 56 44 2573.12 0 0
223 55 44 2577.33 0 0
227 58 44 2581.53 0 0
225 56 44 2585.74 0 0
226 56 44 2589.96 0 0
224 58 44 2594.24 0 0
224 57 44 2598.49 0 0
222 55 43 2602.71 0 0
223 55 44 2606.92 0 0
225 57 44 2613.78 0 0
225 54 44 2618.01 0 0
225 55 44 2622.22 0 0
224 54 44 2626.52 0 0
224 56 44 2630.74 0 0
227 55 44 2634.95 0 0
225 56 44 2639.15 0 0
223 54 44 2643.35 0 0
223 53 44 2647.56 0 0
224 55 44 2651.78 0 0
225 56 44 2656.01 0 0
228 57 44 2660.23 0 0
222 56 43 2664.44 0 0
225 57 44 2668.69 0 0
225 56 43 2672.89 0 0
220 55 44 2677.13 0 0
222 56 44 2681.36 0 0
221 54 44 2685.57 0 0
221 56 44 2689.81 0 0
223 56 44 2694.05 0 0
224 55 44 2698.26 0 0
225 56 44 2702.47 0 0
224 57 44 2706.93 0 0
226 56 44 2711.14 0 0
223 55 44 2717.94 0 0
222 56 44 2722.2 0 0
223 55 44 2726.42 0 0
223 56 44 2730.64 0 0
222 58 44 2734.85 0 0
223 56 44 2739.06 0 0
225 59 44 2743.27 0 0
223 57 44 2747.48 0 0
222 61 44 2751.73 0 0
220 66 44 2755.95 0 0
217 82 44 2760.17 0 0
212 93 45 2764.37 0 0
200 111 45 2768.57 0 0
200 128 45 2772.94 0 0
197 143 45 2777.16 0 0
194 158 45 2781.4 0 0
193 195 46 2785.69 0 0
189 230 45 3817.94 0 0
177 208 45 3822.16 0 0
174 187 45 3826.36 0 0
174 187 45 3830.56 0 0
164 169 45 3835.9 0 0
160 156 46 3840.11 0 0
156 150 46 3844.35 0 0
153 142 46 3848.57 0 0
155 128 46 3852.81 0 0
152 126 46 3857.03 0 0
145 116 46 3861.23 0 0
146 115 47 3865.45 0 0
142 116 46 3869.68 0 0
147 114 46 3873.9 0 0
142 116 46 3878.13 0 0
145 116 46 3882.35 0 0
145 115 46 3886.56 0 0
143 116 47 3890.76 0 0
146 115 46 3894.96 0 0
144 118 46 3899.17 0 0
146 113 46 3903.38 0 0
146 115 47 3907.62 0 0
148 115 46 3911.83 0 0
144 115 46 3916.06 0 0
144 115 46 3920.26 0 0
146 116 46 3924.47 0 0
144 115 46 3928.69 0 0
143 117 46 3932.91 0 0
146 113 46 3937.13 0 0
141 113 46 3941.36 0 0
142 115 46 3945.59 0 0
143 113 46 3949.8 0 0
146 112 46 3954.02 0 0
145 114 46 3958.22 0 0
143 112 47 3962.43 0 0
144 114 46 3966.65 0 0
144 118 46 3970.88 0 0
145 110 46 3975.08 0 0
147 112 46 3979.3 0 0
149 105 47 3983.51 0 0
145 94 46 3987.73 0 0
149 87 46 3991.93 0 0
149 79 47 3996.16 0 0
149 69 47 4000.39 0 0
150 67 47 4004.63 0 0
150 59 47 4008.84 0 0
150 55 47 4013.04 0 0
151 58 47 4017.24 0 0
148 52 47 4021.44 0 0
152 56 47 4025.66 0 0
152 59 47 4029.87 0 0
150 59 47 4034.1 0 0
153 58 47 4038.32 0 0
151 57 47 4042.58 0 0
149 59 47 4046.79 0 0
149 58 47 4051 0 0
149 58 47 4055.21 0 0
153 54 47 4059.42 0 0
148 54 47 4063.67 0 0
148 57 47 4067.89 0 0
152 59 47 4072.1 0 0
148 57 47 4076.31 0 0
152 57 47 4080.51 0 0
150 53 47 4084.71 0 0
147 54 47 4088.94 0 0
147 56 47 4093.16 0 0
151 56 47 4097.59 0 0
150 56 47 4101.81 0 0
147 57 47 4106.03 0 0
151 55 47 4110.24 0 0
149 56 47 4114.44 0 0
149 59 47 4118.66 0 0
150 59 47 4122.87 0 0
149 59 47 4127.11 0 0
150 57 47 4131.32 0 0
150 56 47 4135.53 0 0
150 58 47 4139.74 0 0
151 59 47 4143.94 0 0
147 57 47 4148.15 0 0
149 58 47 4152.38 0 0
154 58 47 4156.62 0 0
148 54 47 4160.84 0 0
148 54 0 4165.07 0 0
134 42 48 4169.27 0 0
124 39 49 4173.48 0 0
115 37 48 4177.69 0 0
108 34 48 4181.96 0 0
92 33 48 4186.17 0 0
89 31 48 4190.41 0 0
81 30 47 4194.63 0 0
75 31 47 4198.84 0 0
66 29 48 4203.04 0 0
63 28 47 4207.24 0 0
62 31 47 4211.45 0 0
62 32 47 4215.68 0 0
62 33 47 4219.92 0 0
64 33 47 4224.17 0 0
66 31 47 4228.68 0 0
61 31 47 4232.89 0 0
66 33 47 4237.1 0 0
65 31 47 4241.31 0 0
64 33 47 4245.55 0 0
61 33 48 4249.76 0 0
62 33 47 4253.98 0 0
61 34 47 4258.23 0 0
61 31 47 4262.44 0 0
61 31 47 4266.64 0 0
62 34 47 4270.84 0 0
60 32 47 4275.06 0 0
61 33 47 4279.27 0 0
61 30 47 4283.5 0 0
64 32 47 4287.72 0 0
62 33 47 4291.94 0 0
61 35 47 4296.15 0 0
64 35 47 4300.35 0 0
63 34 47 4304.55 0 0
64 34 47 4308.77 0 0
65 30 47 4313.02 0 0
61 34 47 4317.24 0 0
61 34 47 4321.45 0 0
64 35 47 4325.65 0 0
61 37 47 4329.85 0 0
65 36 47 4334.05 0 0
64 37 47 4338.27 0 0
67 37 47 4345.15 0 0
65 38 47 4349.41 0 0
66 38 47 4353.64 0 0
63 38 47 4357.84 0 0
66 36 47 4362.04 0 0
68 37 47 4366.26 0 0
65 38 47 4370.49 0 0
65 38 47 4374.71 0 0
65 36 46 4378.93 0 0
64 38 47 4383.15 0 0
63 35 47 4387.35 0 0
63 36 47 4391.56 0 0
64 36 47 4395.77 0 0
61 33 47 4399.98 0 0
64 34 47 4404.2 0 0
64 34 47 4408.43 0 0
64 34 47 4412.64 0 0
66 33 47 4416.86 0 0
62 33 47 4421.07 0 0
63 32 47 4425.27 0 0
64 34 47 4429.48 0 0
63 33 46 4433.7 0 0
63 33 47 4437.94 0 0
64 35 47 4442.87 0 0
62 33 47 4447.07 0 0
61 33 47 4453.5 0 0
64 35 47 4457.7 0 0
65 36 47 4461.9 0 0
64 37 47 4466.11 0 0
64 39 47 4470.36 0 0
65 38 47 4474.58 0 0
66 37 47 4478.79 0 0
63 37 47 4483.02 0 0
64 36 47 4487.23 0 0
63 35 47 4491.44 0 0
62 36 47 4495.67 0 0
64 36 47 4499.89 0 0
64 36 47 4504.12 0 0
63 33 47 4508.33 0 0
65 33 47 4512.54 0 0
65 36 47 4516.74 0 0
63 35 47 4520.95 0 0
63 38 47 4525.17 0 0
62 33 47 4529.38 0 0
66 37 47 4533.62 0 0
66 37 47 4537.83 0 0
65 38 47 4542.31 0 0
64 36 47 4546.52 0 0
68 39 47 4553.4 0 0
64 35 47 4557.63 0 0
65 35 47 4561.84 0 0
66 32 47 4566.33 0 0
69 29 47 4570.54 0 0
71 30 47 4574.74 0 0
73 32 47 4578.94 0 0
68 31 47 4583.14 0 0
70 31 47 4587.35 0 0
70 32 47 4591.57 0 0
70 32 47 4595.8 0 0
70 33 47 4600.01 0 0
71 31 47 4604.23 0 0
68 30 47 4608.45 0 0
67 34 47 4612.65 0 0
68 34 47 4616.85 0 0
70 31 47 4621.08 0 0
69 33 47 4625.32 0 0
67 33 47 4629.54 0 0
70 31 47 4633.76 0 0
67 33 47 4640.81 0 0
67 32 47 4645.01 0 0
71 34 47 4649.22 0 0
69 31 47 4653.43 0 0
72 32 47 4657.68 0 0
70 35 47 4662.16 0 0
71 30 47 4666.39 0 0
70 33 47 4670.59 0 0
67 32 47 4674.79 0 0
68 33 47 4678.99 0 0
70 31 47 4683.23 0 0
67 31 47 4687.45 0 0
70 29 47 4691.68 0 0
68 32 47 4695.9 0 0
67 31 47 4700.14 0 0
70 31 47 4704.35 0 0
70 31 47 4708.55 0 0
69 34 47 4712.77 0 0
69 32 47 4716.98 0 0
69 32 47 4721.22 0 0
71 33 47 4726.5 0 0
71 32 47 4730.72 0 0
71 33 47 4734.92 0 0
68 33 47 4739.13 0 0
68 32 47 4743.34 0 0
70 33 47 4747.56 0 0
70 32 47 4751.82 0 0
68 32 47 4756.04 0 0
68 31 47 4760.24 0 0
72 30 47 4764.44 0 0
70 32 47 4768.64 0 0
71 32 47 4773.03 0 0
69 32 47 4777.25 0 0
70 34 47 4781.48 0 0
69 32 47 4785.7 0 0
69 33 47 4789.92 0 0
70 31 47 4794.12 0 0
68 31 47 4798.34 0 0
72 33 47 4802.54 0 0
69 32 47 4806.76 0 0
69 36 47 4810.97 0 0
68 33 46 4815.2 0 0
68 30 47 4819.41 0 0
69 35 47 4823.62 0 0
71 32 47 4827.82 0 0
68 34 46 4832.02 0 0
68 34 47 4836.23 0 0
68 31 47 4840.46 0 0
69 32 47 4844.71 0 0
68 31 47 4848.94 0 0
69 33 47 4853.2 0 0
69 33 47 4857.41 0 0
70 32 47 4861.61 0 0
70 31 47 4865.81 0 0
69 33 47 4870.04 0 0
70 31 47 4874.26 0 0
70 33 47 4878.48 0 0
70 33 47 4882.7 0 0
69 34 47 4886.94 0 0
70 34 47 4891.14 0 0
69 34 47 4901.87 0 0
69 33 47 4908.53 0 0
69 34 47 4912.75 0 0
72 33 47 4916.97 0 0
72 33 47 4921.18 0 0
67 33 47 4925.39 0 0
69 30 47 4929.62 0 0
72 30 47 4933.83 0 0
68 32 47 4938.09 0 0
71 32 47 4942.32 0 0
71 31 47 4946.54 0 0
69 33 47 4950.74 0 0
70 35 47 4954.94 0 0
69 33 47 4959.14 0 0
73 32 47 4963.36 0 0
70 34 47 4967.57 0 0
72 36 47 4971.8 0 0
72 32 47 4976.01 0 0
70 34 47 4980.24 0 0
69 34 47 4984.45 0 0
72 33 47 4988.66 0 0
68 32 47 4992.87 0 0
70 32 47 4997.08 0 0
69 32 47 5001.33 0 0
69 33 47 5005.55 0 0
72 32 47 5009.77 0 0
74 33 47 5013.97 0 0
73 33 47 5018.21 0 0
71 33 47 5022.41 0 0
71 31 47 5026.63 0 0
70 32 47 5030.85 0 0
70 32 47 5035.2 0 0
70 31 47 5039.42 0 0
69 31 47 5043.63 0 0
69 30 47 5047.84 0 0
70 32 47 5052.04 0 0
68 31 47 5056.26 0 0
73 33 47 5060.48 0 0
67 31 47 5064.72 0 0
69 31 47 5068.93 0 0
68 32 47 5073.15 0 0
69 32 47 5077.35 0 0
70 30 47 5081.55 0 0
71 33 47 5085.75 0 0
70 33 47 5089.97 0 0
70 31 47 5094.19 0 0
70 33 47 5099.88 0 0
72 32 47 5104.12 0 0
71 33 47 5108.32 0 0
74 34 47 5112.52 0 0
70 32 47 5116.73 0 0
69 32 47 5120.96 0 0
69 35 47 5125.2 0 0
68 30 47 5129.45 0 0
69 33 47 5133.69 0 0
68 31 47 5137.9 0 0
69 33 47 5142.1 0 0
69 30 47 5146.3 0 0
70 33 47 5150.52 0 0
71 30 47 5154.73 0 0
70 30 47 5158.98 0 0
69 32 47 5163.18 0 0
71 29 47 5167.44 0 0
72 30 47 5171.64 0 0
72 29 47 5175.84 0 0
69 32 47 5180.06 0 0
69 31 47 5184.27 0 0
70 32 47 5188.52 0 0
68 32 47 5192.74 0 0
69 32 47 5196.99 0 0
69 31 47 5201.19 0 0
72 32 47 5205.39 0 0
73 32 47 5209.59 0 0
72 34 47 5213.81 0 0
70 32 47 5218.03 0 0
70 34 47 5222.26 0 0
68 34 47 5226.67 0 0
71 34 47 5230.88 0 0
69 31 47 5235.08 0 0
70 35 47 5239.28 0 0
69 33 47 5243.5 0 0
68 32 47 5247.71 0 0
67 32 47 5251.98 0 0
70 35 47 5256.22 0 0
69 31 47 5260.42 0 0
70 32 47 5264.62 0 0
70 33 47 5268.83 0 0
69 30 47 5273.03 0 0
69 33 47 5277.25 0 0
69 30 47 5281.48 0 0
69 30 47 5286.03 0 0
70 32 47 5290.27 0 0
72 35 47 5294.48 0 0
72 32 47 5298.69 0 0
69 32 47 5302.89 0 0
70 34 47 5307.11 0 0
71 35 47 5311.32 0 0
71 33 47 5315.56 0 0
69 36 47 5319.79 0 0
71 32 47 5324.01 0 0
71 34 47 5328.21 0 0
69 33 47 5332.42 0 0
69 31 47 5336.64 0 0
71 33 47 5340.85 0 0
70 34 47 5345.09 0 0
70 32 47 5349.44 0 0
68 33 47 5353.66 0 0
71 32 47 5357.86 0 0
70 34 47 5362.06 0 0
70 33 47 5366.26 0 0
68 33 47 5370.48 0 0
69 34 47 5374.7 0 0
72 34 48 5378.93 0 0
79 36 47 5383.15 0 0
87 38 48 5387.35 0 0
99 43 48 5391.55 0 0
110 44 48 5395.75 0 0
123 52 48 5399.97 0 0
130 56 48 5404.18 0 0
142 72 47 5408.43 0 0
149 78 46 5412.64 0 0
162 84 46 5417.1 0 0
171 93 46 5421.31 0 0
176 96 45 5425.89 0 0
186 104 45 5430.12 0 0
191 108 45 5434.33 0 0
200 112 44 5438.58 0 0
209 130 44 5442.82 0 0
215 140 43 5447.03 0 0
220 146 44 5451.23 0 0
225 144 44 5455.43 0 0
229 161 43 5459.63 0 0
228 164 44 5463.85 0 0
226 167 44 5468.08 0 0
226 178 44 5472.56 0 0
224 162 44 5476.79 0 0
226 162 44 5481 0 0
224 172 44 5485.22 0 0
227 173 44 5489.43 0 0
227 171 43 5493.65 0 0
228 167 43 5497.87 0 0
228 170 44 5502.11 0 0
226 165 43 5506.33 0 0
230 168 44 5510.55 0 0
227 171 44 5514.76 0 0
229 170 44 5518.96 0 0
224 167 44 5523.16 0 0
229 175 44 5527.43 0 0
227 172 44 5531.67 0 0
228 178 44 5535.92 0 0
226 167 44 5540.17 0 0
229 167 45 5544.37 0 0
226 166 44 5548.58 0 0
226 172 44 5552.79 0 0
227 167 44 5557 0 0
227 175 44 5561.22 0 0
224 175 44 5565.45 0 0
226 172 45 5569.66 0 0
225 167 44 5573.86 0 0
225 173 44 5578.06 0 0
225 175 45 5582.26 0 0
227 171 44 5586.49 0 0
222 160 44 5590.7 0 0
226 165 44 5594.95 0 0
225 167 44 5599.2 0 0
221 162 44 5603.43 0 0
224 162 45 5607.64 0 0
226 174 44 5611.85 0 0
228 175 44 5616.05 0 0
226 179 44 5620.27 0 0
225 173 44 5624.48 0 0
228 171 44 5628.7 0 0
225 172 44 5632.93 0 0
225 171 44 5637.14 0 0
224 176 44 5641.34 0 0
224 164 44 5645.54 0 0
229 170 44 5649.75 0 0
222 167 44 5653.96 0 0
224 166 44 5658.2 0 0
229 166 44 5662.42 0 0
227 176 44 5666.65 0 0
229 177 44 5670.87 0 0
223 167 44 5675.07 0 0
229 173 44 5679.38 0 0
227 173 44 5683.6 0 0
229 170 44 5687.83 0 0
227 176 44 5692.07 0 0
228 175 44 5696.31 0 0
226 175 44 5700.55 0 0
226 172 44 5704.75 0 0
229 173 45 5708.95 0 0
228 167 44 5713.17 0 0
230 168 45 5717.39 0 0
227 170 44 5721.61 0 0
226 172 44 5725.83 0 0
227 175 44 5730.06 0 0
225 175 44 5734.27 0 0
226 166 44 5738.47 0 0
229 168 44 5742.68 0 0
226 168 44 5746.89 0 0
227 165 44 5751.14 0 0
227 166 45 5755.4 0 0
227 175 44 5759.62 0 0
223 169 44 5763.82 0 0
225 172 44 5768.06 0 0
226 168 44 5772.26 0 0
227 167 44 5776.5 0 0
227 168 44 5780.72 0 0
228 172 44 5784.95 0 0
227 175 44 5789.16 0 0
233 190 44 5793.37 0 0
238 194 44 5797.57 0 0
241 195 44 5801.77 0 0
244 205 43 5805.99 0 0
242 191 43 5810.23 0 0
237 199 44 5814.54 0 0
240 194 44 5818.78 0 0
242 192 44 5822.99 0 0
241 205 44 5827.19 0 0
239 194 44 5831.4 0 0
240 190 44 5835.62 0 0
242 199 43 5839.87 0 0
241 199 44 5844.15 0 0
239 193 44 5848.38 0 0
238 192 44 5852.59 0 0
240 195 44 5856.81 0 0
241 198 44 5861.01 0 0
240 194 44 5865.22 0 0
237 200 43 5869.44 0 0
241 197 44 5873.65 0 0
238 195 44 5877.9 0 0
242 204 44 5882.11 0 0
242 199 44 5886.32 0 0
240 198 44 5890.52 0 0
243 194 44 5894.74 0 0
241 197 44 5898.97 0 0
241 198 44 5903.2 0 0
239 198 44 5907.46 0 0
237 196 44 5911.7 0 0
239 199 44 5915.92 0 0
241 199 44 5920.12 0 0
240 191 44 5924.32 0 0
239 205 44 5928.53 0 0
239 201 44 5932.75 0 0
236 189 43 5936.97 0 0
238 190 44 5941.19 0 0
238 196 44 5948.22 0 0
237 192 44 5952.42 0 0
238 190 44 5956.62 0 0
239 194 44 5960.82 0 0
238 201 44 5965.04 0 0
241 204 44 5969.28 0 0
240 203 44 5973.51 0 0
241 203 44 5977.72 0 0
239 206 44 5981.96 0 0
241 197 44 5986.17 0 0
240 195 44 5990.37 0 0
242 200 44 5994.59 0 0
242 205 43 5998.82 0 0
241 197 44 6003.05 0 0
238 198 44 6007.26 0 0
238 190 43 6011.47 0 0
242 189 44 6015.67 0 0
239 198 44 6019.87 0 0
240 197 44 6024.08 0 0
241 196 44 6028.3 0 0
237 190 44 6032.53 0 0
239 201 44 6036.77 0 0
241 190 44 6041.06 0 0
237 193 44 6048.13 0 0
243 203 44 6052.34 0 0
238 199 44 6056.57 0 0
241 200 44 6060.8 0 0
241 204 44 6065.03 0 0
242 199 43 6069.26 0 0
242 197 44 6073.48 0 0
235 195 44 6077.69 0 0
241 190 44 6082.02 0 0
240 199 44 6086.24 0 0
241 197 44 6090.45 0 0
240 200 44 6094.69 0 0
240 194 44 6099.03 0 0
239 200 44 6103.26 0 0
242 199 44 6107.47 0 0
242 199 44 6111.67 0 0
241 200 44 6117.12 0 0
239 199 44 6121.33 0 0
237 191 44 6127.08 0 0
240 196 44 6131.32 0 0
244 201 44 6135.56 0 0
239 201 44 6139.76 0 0
238 195 44 6143.97 0 0
242 201 43 6148.17 0 0
242 199 44 6152.38 0 0
240 199 44 6156.62 0 0
241 202 44 6160.85 0 0
240 204 43 6165.07 0 0
243 206 43 6169.27 0 0
235 190 43 6173.47 0 0
240 190 44 6177.68 0 0
240 195 44 6181.89 0 0
235 197 44 6186.11 0 0
238 190 44 6190.34 0 0
236 190 43 6194.57 0 0
236 194 44 6198.78 0 0
240 186 44 6202.99 0 0
236 206 44 6207.19 0 0
244 207 44 6211.4 0 0
240 199 44 6215.61 0 0
240 201 44 6219.86 0 0
242 203 43 6224.1 0 0
241 204 44 6228.4 0 0
240 201 44 6232.63 0 0
240 201 44 6236.83 0 0
238 197 44 6242.11 0 0
239 197 44 6246.33 0 0
238 200 44 6250.58 0 0
240 201 44 6254.81 0 0
235 187 44 6259.02 0 0
240 201 44 6263.22 0 0
243 204 44 6267.42 0 0
236 195 44 6271.62 0 0
240 194 44 6275.85 0 0
237 194 43 6280.07 0 0
238 194 43 6284.3 0 0
232 169 44 6288.52 0 0
229 151 43 6292.74 0 0
218 127 44 6297.19 0 0
217 116 44 6301.4 0 0
209 105 45 6305.61 0 0
204 89 44 6309.83 0 0
194 79 44 6314.08 0 0
192 70 45 6318.31 0 0
185 69 45 6322.56 0 0
185 66 46 6326.77 0 0
184 61 45 6330.97 0 0
181 59 46 6335.18 0 0
182 59 45 6339.41 0 0
181 60 46 6343.63 0 0
180 61 46 6348.05 0 0
180 60 46 6352.26 0 0
183 61 46 6356.48 0 0
179 61 46 6360.69 0 0
179 61 46 6364.89 0 0
180 59 46 6369.11 0 0
179 57 46 6373.32 0 0
180 59 46 6377.55 0 0
180 60 46 6381.77 0 0
179 59 47 6385.98 0 0
181 60 46 6390.18 0 0
178 63 46 6394.41 0 0
179 59 46 6398.63 0 0
178 60 46 6402.85 0 0
177 62 46 6407.09 0 0
181 59 46 6412.31 0 0
182 61 46 6416.53 0 0
181 60 46 6420.73 0 0
180 63 46 6424.93 0 0
178 62 46 6429.14 0 0
181 61 46 6433.36 0 0
180 59 46 6437.58 0 0
178 59 46 6441.8 0 0
177 61 46 6446.02 0 0
180 59 46 6450.23 0 0
179 61 46 6454.43 0 0
179 62 46 6458.63 0 0
178 61 46 6462.84 0 0
179 62 46 6467.06 0 0
180 60 46 6471.29 0 0
178 60 46 6475.52 0 0
181 61 46 6479.74 0 0
178 59 46 6484 0 0
182 62 46 6488.26 0 0
178 64 46 6492.47 0 0
182 62 46 6496.7 0 0
181 62 47 6500.95 0 0
180 56 46 6505.18 0 0
176 50 47 6509.42 0 0
174 46 47 6513.62 0 0
175 44 46 6517.87 0 0
173 38 46 6522.08 0 0
175 37 46 6530.51 0 0
173 39 46 6534.76 0 0
175 38 46 6547.57 0 0
174 35 46 6551.77 0 0
173 39 46 6564.45 0 0
175 35 46 6572.89 0 0
178 40 47 6577.1 0 0
176 37 47 6581.3 0 0
175 38 46 6585.5 0 0
174 38 47 6589.77 0 0
172 40 46 6594.01 0 0
175 37 46 6602.47 0 0
175 39 46 6610.89 0 0
175 39 46 6615.09 0 0
175 39 46 6619.34 0 0
166 37 47 6627.8 0 0
160 37 47 6632.03 0 0
151 34 48 6636.24 0 0
136 41 48 6640.44 0 0
130 41 48 6644.64 0 0
125 43 48 6648.86 0 0
123 48 48 6653.08 0 0
121 50 48 6657.33 0 0
127 51 48 6661.55 0 0
125 47 48 6665.77 0 0
130 46 48 6669.98 0 0
126 47 48 6674.18 0 0
125 47 48 6678.38 0 0
127 47 48 6682.62 0 0
123 46 48 6686.85 0 0
125 45 48 6691.13 0 0
126 47 48 6695.35 0 0
124 46 48 6699.56 0 0
125 49 48 6703.75 0 0
122 49 48 6707.96 0 0
127 48 48 6712.17 0 0
121 49 48 6716.38 0 0
125 51 48 6720.64 0 0
126 50 48 6724.85 0 0
125 48 48 6729.08 0 0
124 50 48 6733.29 0 0
123 49 47 6737.5 0 0
126 52 48 6741.69 0 0
125 49 48 6745.93 0 0
124 52 48 6750.15 0 0
124 51 47 6754.37 0 0
124 52 48 6758.59 0 0
115 52 48 6762.79 0 0
106 51 48 6766.99 0 0
95 46 48 6771.29 0 0
90 46 48 6775.5 0 0
83 50 47 6779.71 0 0
75 46 47 6783.94 0 0
68 45 47 6788.16 0 0
67 44 47 6792.37 0 0
60 44 47 6796.58 0 0
59 44 47 6800.79 0 0
56 45 47 6805 0 0
59 43 47 6809.21 0 0
59 43 47 6813.46 0 0
57 43 47 6817.68 0 0
59 42 47 6821.89 0 0
59 45 47 6826.09 0 0
56 44 47 6830.3 0 0
59 44 47 6834.5 0 0
56 43 47 6838.73 0 0
61 43 47 6842.94 0 0
57 43 47 6847.18 0 0
59 40 47 6851.39 0 0
59 41 47 6855.62 0 0
59 43 47 6859.83 0 0
57 43 47 6864.03 0 0
59 42 47 6868.24 0 0
61 45 47 6872.47 0 0
59 41 47 6876.73 0 0
58 40 47 6880.96 0 0
60 42 47 6885.17 0 0
58 43 47 6889.37 0 0
60 41 47 6893.57 0 0
59 43 47 6906.87 0 0
61 43 47 6913.13 0 0
61 41 47 6917.34 0 0
56 42 47 6921.55 0 0
51 41 47 6925.77 0 0
44 40 47 6929.97 0 0
35 43 47 6934.18 0 0
28 41 47 6938.43 0 0
23 43 46 6942.65 0 0
17 43 46 6946.89 0 0
16 41 46 6951.1 0 0
20 43 46 6955.3 0 0
19 44 46 6959.52 0 0
22 43 46 6963.76 0 0
21 45 46 6967.97 0 0
20 41 46 6972.19 0 0
22 42 46 6976.39 0 0
19 42 46 6980.61 0 0
21 43 46 6984.83 0 0
21 42 46 6989.03 0 0
21 45 46 6993.24 0 0
22 47 46 6997.46 0 0
22 46 46 7001.7 0 0
21 48 46 7005.92 0 0
23 48 46 7010.14 0 0
20 45 46 7014.35 0 0
21 48 46 7018.56 0 0
21 44 46 7022.76 0 0
11 32 46 7026.97 0 0
21 47 46 7031.19 0 0
19 46 46 7035.42 0 0
13 37 47 7039.64 0 0
23 46 46 7043.88 0 0
20 46 46 7048.1 0 0
20 43 46 7052.32 0 0
20 44 46 7056.53 0 0
23 49 46 7060.75 0 0
23 46 46 7064.98 0 0
21 45 46 7069.22 0 0
22 44 46 7073.44 0 0
24 45 46 7077.64 0 0
21 47 46 7081.87 0 0
19 45 46 7086.08 0 0
11 37 46 7090.29 0 0
22 46 46 7094.53 0 0
22 44 46 7098.75 0 0
23 48 46 7103.01 0 0
25 45 46 7107.22 0 0
22 47 46 7111.43 0 0
22 46 46 7115.63 0 0
22 48 46 7119.85 0 0
21 47 46 7124.07 0 0
22 46 46 7128.29 0 0
21 46 46 7132.5 0 0
22 44 46 7136.72 0 0
21 43 46 7140.92 0 0
17 40 46 7145.13 0 0
22 46 46 7149.34 0 0
23 47 46 7153.56 0 0
24 47 46 7157.79 0 0
23 47 46 7162.03 0 0
20 46 46 7166.26 0 0
23 47 46 7170.46 0 0
24 46 46 7174.66 0 0
24 46 46 7178.87 0 0
24 45 46 7183.09 0 0
23 45 46 7187.35 0 0
21 46 46 7191.57 0 0
24 42 46 7195.79 0 0
23 44 46 7200 0 0
22 44 46 7204.2 0 0
25 45 46 7208.4 0 0
22 45 46 7212.61 0 0
24 48 46 7216.83 0 0
22 46 46 7221.06 0 0
23 45 46 7225.27 0 0
24 47 46 7229.51 0 0
21 46 46 7233.71 0 0
24 45 46 7237.92 0 0
24 44 46 7242.25 0 0
25 45 46 7246.46 0 0
24 42 46 7250.69 0 0
22 46 46 7254.92 0 0
24 45 46 7259.12 0 0
22 44 46 7263.32 0 0
26 46 46 7267.53 0 0
22 46 46 7271.76 0 0
22 46 46 7276 0 0
23 44 46 7280.21 0 0
21 46 46 7284.43 0 0
25 46 46 7288.65 0 0
22 43 46 7292.86 0 0
23 44 46 7297.07 0 0
23 47 46 7301.27 0 0
21 44 46 7305.48 0 0
23 45 46 7309.7 0 0
21 46 46 7313.96 0 0
21 44 46 7318.2 0 0
24 47 46 7322.4 0 0
24 46 46 7326.62 0 0
22 46 46 7330.82 0 0
25 47 46 7335.03 0 0
24 47 46 7339.25 0 0
23 44 46 7343.47 0 0
21 49 46 7347.69 0 0
24 46 46 7351.91 0 0
23 48 46 7356.12 0 0
24 47 46 7360.32 0 0
23 48 46 7364.52 0 0
24 49 46 7368.73 0 0
23 48 46 7372.95 0 0
22 47 46 7377.19 0 0
24 49 46 7381.4 0 0
23 46 46 7385.62 0 0
23 48 46 7389.82 0 0
24 48 46 7394.03 0 0
24 45 46 7398.24 0 0
23 49 46 7402.45 0 0
24 46 46 7406.69 0 0
24 47 46 7410.91 0 0
22 48 46 7415.13 0 0
22 46 46 7419.33 0 0
20 47 46 7423.53 0 0
22 46 47 7427.74 0 0
21 45 46 7431.96 0 0
18 45 46 7436.18 0 0
17 46 46 7440.41 0 0
17 45 46 7444.61 0 0
18 45 46 7448.83 0 0
19 43 46 7453.03 0 0
20 44 46 7457.24 0 0
20 43 46 7461.45 0 0
18 45 46 7465.66 0 0
15 42 46 7469.91 0 0
21 43 46 7474.15 0 0
19 46 46 7478.61 0 0
18 43 46 7482.83 0 0
18 43 46 7487.04 0 0
19 42 46 7491.25 0 0
16 43 46 7495.47 0 0
18 43 46 7499.7 0 0
19 48 46 7503.92 0 0
21 46 46 7508.14 0 0
18 45 46 7512.34 0 0
20 43 46 7516.56 0 0
18 46 46 7520.77 0 0
21 45 46 7524.98 0 0
22 47 46 7529.19 0 0
18 43 46 7533.42 0 0
16 44 46 7537.63 0 0
20 44 46 7541.85 0 0
18 45 46 7546.06 0 0
21 44 46 7550.27 0 0
19 43 46 7554.48 0 0
22 44 46 7558.7 0 0
20 44 46 7562.93 0 0
21 45 46 7567.17 0 0
18 46 46 7571.42 0 0
20 44 46 7575.65 0 0
17 44 47 7579.86 0 0
18 46 46 7584.07 0 0
22 45 46 7588.29 0 0
19 45 46 7592.5 0 0
19 43 46 7596.73 0 0
20 46 46 7600.93 0 0
21 45 46 7605.41 0 0
16 44 46 7609.62 0 0
18 46 46 7613.83 0 0
17 42 46 7618.05 0 0
18 44 46 7622.26 0 0
20 46 46 7626.51 0 0
20 44 46 7630.75 0 0
19 46 46 7634.96 0 0
17 44 46 7639.16 0 0
20 44 46 7643.36 0 0
19 47 46 7647.56 0 0
19 45 46 7651.79 0 0
20 45 46 7656.01 0 0
18 44 46 7660.24 0 0
21 45 46 7664.46 0 0
18 45 46 7668.67 0 0
20 45 45 7672.88 0 0
18 41 46 7677.08 0 0
19 44 46 7681.29 0 0
19 43 46 7685.51 0 0
19 45 46 7689.74 0 0
21 43 46 7693.95 0 0
19 43 46 7698.16 0 0
19 45 46 7702.36 0 0
19 43 46 7706.59 0 0
22 44 46 7710.79 0 0
19 44 46 7715.01 0 0
16 44 46 7719.25 0 0
20 44 46 7724.14 0 0
22 45 46 7728.36 0 0
19 46 46 7732.56 0 0
18 44 46 7736.77 0 0
19 47 46 7740.98 0 0
22 42 46 7745.21 0 0
18 42 46 7749.43 0 0
18 42 46 7753.66 0 0
19 41 46 7757.88 0 0
20 42 46 7762.09 0 0
17 42 46 7766.3 0 0
21 44 46 7770.51 0 0
18 44 46 7774.72 0 0
19 42 46 7778.93 0 0
18 45 46 7783.18 0 0
21 42 46 7787.4 0 0
21 43 46 7791.61 0 0
19 43 46 7795.82 0 0
23 46 46 7800.03 0 0
19 46 46 7804.23 0 0
20 47 46 7808.46 0 0
20 49 46 7812.68 0 0
21 46 46 7816.91 0 0
21 46 46 7821.15 0 0
20 46 46 7825.35 0 0
18 45 46 7829.55 0 0
21 46 46 7833.77 0 0
20 46 46 7837.99 0 0
18 47 46 7842.2 0 0
22 46 47 7846.43 0 0
20 46 46 7850.64 0 0
20 44 46 7854.87 0 0
19 43 46 7859.07 0 0
19 43 46 7863.27 0 0
21 47 46 7867.49 0 0
23 46 46 7871.7 0 0
20 47 46 7875.95 0 0
19 47 46 7880.17 0 0
20 48 46 7884.39 0 0
23 50 46 7888.59 0 0
23 52 46 7892.81 0 0
34 57 47 7897 0 0
43 69 47 7901.22 0 0
50 72 47 7905.44 0 0
57 79 47 7909.67 0 0
65 85 47 7913.87 0 0
78 96 47 7918.1 0 0
78 100 46 7922.3 0 0
88 109 47 7926.52 0 0
100 122 47 7930.73 0 0
106 134 47 7934.94 0 0
108 133 47 7939.18 0 0
109 138 46 7943.41 0 0
107 139 46 7947.62 0 0
111 141 46 7951.82 0 0
109 140 46 7956.02 0 0
110 141 46 7960.22 0 0
108 146 46 7964.44 0 0
110 149 46 7968.65 0 0
112 139 46 7972.91 0 0
111 140 46 7977.12 0 0
109 143 47 7981.34 0 0
111 142 46 7985.56 0 0
112 142 46 7989.77 0 0
111 143 47 7993.98 0 0
108 146 46 7998.2 0 0
110 139 46 8002.43 0 0
111 140 46 8006.64 0 0
110 142 46 8010.85 0 0
110 142 47 8015.05 0 0
111 147 46 8019.29 0 0
109 146 46 8023.5 0 0
112 146 47 8027.73 0 0
109 140 46 8031.96 0 0
112 144 47 8036.18 0 0
114 150 47 8040.6 0 0
112 146 46 8044.82 0 0
108 146 46 8049.03 0 0
108 142 46 8053.23 0 0
111 145 46 8057.45 0 0
110 146 46 8061.67 0 0
111 143 47 8065.9 0 0
109 146 46 8070.1 0 0
109 144 47 8074.32 0 0
113 146 47 8078.52 0 0
110 143 46 8082.72 0 0
110 141 47 8086.93 0 0
110 144 47 8091.15 0 0
112 148 47 8095.38 0 0
109 145 47 8099.62 0 0
109 146 46 8103.84 0 0
110 148 46 8108.05 0 0
112 151 46 8112.25 0 0
112 151 47 8116.46 0 0
112 146 47 8120.69 0 0
110 144 46 8124.91 0 0
107 146 47 8129.16 0 0
113 145 47 8133.39 0 0
114 147 47 8137.6 0 0
113 147 46 8141.8 0 0
113 143 47 8146 0 0
110 145 46 8150.21 0 0
114 149 47 8154.43 0 0
112 144 46 8158.65 0 0
109 147 46 8162.89 0 0
114 149 47 8167.1 0 0
111 147 46 8171.31 0 0
112 146 47 8175.73 0 0
110 148 47 8179.96 0 0
116 149 47 8184.17 0 0
111 150 47 8188.42 0 0
114 153 47 8192.66 0 0
110 143 46 8196.88 0 0
110 143 47 8201.09 0 0
110 144 46 8205.29 0 0
111 148 46 8209.5 0 0
111 146 47 8213.72 0 0
111 148 47 8217.93 0 0
108 146 46 8222.15 0 0
112 146 46 8226.36 0 0
114 146 47 8230.58 0 0
112 147 47 8234.79 0 0
113 144 47 8239 0 0
110 149 47 8243.21 0 0
112 149 47 8247.46 0 0
112 146 46 8251.7 0 0
108 147 47 8255.94 0 0
111 146 47 8260.15 0 0
106 147 47 8264.35 0 0
111 147 47 8268.56 0 0
111 147 47 8272.76 0 0
110 154 46 8277 0 0
108 146 46 8281.22 0 0
111 144 47 8285.45 0 0
111 145 47 8289.66 0 0
109 144 47 8293.86 0 0
113 149 47 8298.07 0 0
114 152 46 8302.27 0 0
110 150 47 8306.48 0 0
115 155 47 8310.7 0 0
111 147 46 8314.93 0 0
113 145 47 8319.13 0 0
110 148 47 8323.34 0 0
111 147 47 8327.56 0 0
112 146 46 8331.88 0 0
110 148 47 8336.09 0 0
114 153 46 8340.3 0 0
110 148 47 8344.54 0 0
109 149 47 8348.76 0 0
111 152 47 8353.01 0 0
110 152 47 8357.21 0 0
111 144 47 8361.42 0 0
110 149 47 8365.62 0 0
110 147 46 8369.84 0 0
109 145 47 8374.07 0 0
109 147 47 8378.3 0 0
114 147 47 8382.53 0 0
113 150 46 8386.73 0 0
110 146 47 8390.94 0 0
110 148 47 8395.14 0 0
109 146 47 8399.36 0 0
112 156 46 8403.58 0 0
108 145 47 8407.82 0 0
110 151 47 8412.06 0 0
112 151 46 8416.3 0 0
110 155 47 8420.51 0 0
109 151 47 8424.71 0 0
111 150 46 8428.92 0 0
109 148 46 8433.15 0 0
114 151 46 8437.36 0 0
112 151 46 8441.59 0 0
110 150 47 8445.8 0 0
112 152 47 8450 0 0
109 147 46 8454.2 0 0
108 150 46 8458.42 0 0
112 146 46 8462.64 0 0
111 151 47 8466.85 0 0
112 147 46 8471.09 0 0
113 151 46 8475.29 0 0
111 154 47 8479.55 0 0
108 147 47 8483.76 0 0
112 147 47 8488.21 0 0
110 147 47 8492.42 0 0
110 153 47 8496.63 0 0
112 154 46 8500.88 0 0
111 153 46 8505.1 0 0
114 153 46 8509.31 0 0
110 150 46 8513.51 0 0
111 157 47 8517.72 0 0
110 150 46 8521.92 0 0
109 145 46 8526.14 0 0
110 147 46 8532.95 0 0
112 148 46 8537.19 0 0
110 148 47 8541.4 0 0
110 149 46 8545.62 0 0
112 150 47 8549.82 0 0
112 150 46 8554.03 0 0
111 150 47 8558.26 0 0
110 146 46 8562.47 0 0
110 147 46 8566.7 0 0
112 151 47 8570.92 0 0
111 147 46 8575.13 0 0
109 153 47 8579.33 0 0
108 147 47 8583.54 0 0
108 150 46 8587.75 0 0
108 147 46 8591.96 0 0
91 130 46 8596.19 0 0
112 149 46 8600.42 0 0
111 147 46 8604.65 0 0
110 151 46 8608.85 0 0
113 151 46 8613.08 0 0
112 147 46 8617.31 0 0
113 151 47 8621.52 0 0
107 150 46 8625.76 0 0
108 149 46 8629.98 0 0
110 147 46 8637.1 0 0
111 148 46 8641.33 0 0
109 139 46 8645.54 0 0
109 137 47 8649.75 0 0
106 127 47 8653.96 0 0
103 118 47 8658.2 0 0
105 114 47 8662.41 0 0
108 112 47 8666.63 0 0
104 114 47 8670.84 0 0
107 112 47 8675.05 0 0
104 113 47 8679.25 0 0
108 114 47 8683.48 0 0
104 112 47 8687.71 0 0
104 114 47 8691.94 0 0
107 115 47 8696.15 0 0
106 115 47 8700.36 0 0
107 110 47 8704.56 0 0
107 114 47 8708.76 0 0
105 114 47 8712.98 0 0
105 111 47 8717.21 0 0
107 110 47 8721.44 0 0
104 108 47 8725.67 0 0
106 111 47 8729.89 0 0
107 108 47 8734.09 0 0
108 111 47 8741.23 0 0
104 114 47 8745.46 0 0
106 113 47 8749.68 0 0
106 111 47 8753.9 0 0
102 114 47 8758.12 0 0
108 115 47 8762.33 0 0
106 114 47 8766.53 0 0
105 112 47 8770.82 0 0
107 116 47 8775.03 0 0
108 116 47 8779.25 0 0
107 114 47 8783.48 0 0
106 117 47 8787.69 0 0
109 115 47 8792.19 0 0
107 113 47 8796.4 0 0
105 114 47 8800.62 0 0
108 114 47 8804.86 0 0
110 109 47 8809.07 0 0
107 113 47 8820.17 0 0
107 113 47 8828.64 0 0
106 116 47 8835.87 0 0
107 114 47 8840.09 0 0
106 112 47 8845.15 0 0
106 113 47 8849.39 0 0
106 116 47 8853.63 0 0
108 113 47 8857.84 0 0
106 111 47 8862.05 0 0
107 111 47 8866.26 0 0
107 117 47 8870.49 0 0
105 112 47 8874.71 0 0
108 117 47 8878.94 0 0
108 116 47 8883.16 0 0
106 116 47 8887.38 0 0
107 117 47 8891.58 0 0
106 111 47 8895.78 0 0
105 113 47 8899.99 0 0
104 110 47 8904.2 0 0
106 111 47 8908.43 0 0
105 110 46 8912.75 0 0
106 115 47 8917.19 0 0
105 113 47 8921.39 0 0
105 112 47 8925.94 0 0
106 116 47 8932.56 0 0
106 115 47 8936.81 0 0
109 110 47 8941.06 0 0
114 107 47 8945.52 0 0
118 95 47 8949.73 0 0
119 91 47 8953.93 0 0
123 85 47 8958.13 0 0
120 79 47 8962.34 0 0
121 78 47 8966.55 0 0
123 77 47 8970.82 0 0
122 79 47 8975.05 0 0
122 80 47 8979.27 0 0
122 78 47 8983.49 0 0
123 78 48 8987.7 0 0
121 77 47 8991.9 0 0
123 77 47 8996.14 0 0
119 80 47 9000.36 0 0
122 77 48 9004.59 0 0
121 77 48 9008.8 0 0
121 77 48 9015.96 0 0
122 75 48 9023.38 0 0
119 76 47 9027.6 0 0
120 75 48 9032.47 0 0
123 75 48 9036.72 0 0
121 75 48 9040.97 0 0
123 76 47 9045.18 0 0
122 77 47 9049.39 0 0
121 75 48 9053.59 0 0
122 74 47 9057.81 0 0
122 76 47 9062.03 0 0
120 75 48 9066.25 0 0
119 74 48 9070.46 0 0
123 75 48 9074.66 0 0
122 74 48 9078.86 0 0
122 76 47 9083.07 0 0
123 77 48 9087.3 0 0
122 75 48 9091.51 0 0
121 76 48 9095.75 0 0
120 74 47 9099.97 0 0
124 77 48 9104.2 0 0
122 79 47 9108.4 0 0
120 80 48 9112.6 0 0
123 80 48 9116.8 0 0
122 77 47 9121.07 0 0
123 79 48 9125.3 0 0
122 75 48 9129.54 0 0
124 77 47 9133.76 0 0
120 74 48 9140.6 0 0
124 74 47 9144.84 0 0
122 74 47 9149.06 0 0
123 76 48 9153.32 0 0
124 71 48 9157.56 0 0
126 74 47 9161.78 0 0
119 75 47 9166.02 0 0
123 77 47 9170.22 0 0
122 77 48 9174.43 0 0
124 75 47 9178.63 0 0
121 77 47 9182.84 0 0
124 76 47 9187.07 0 0
123 79 47 9191.31 0 0
122 75 47 9195.52 0 0
123 74 47 9199.72 0 0
125 77 47 9203.92 0 0
122 75 47 9208.13 0 0
124 76 48 9212.34 0 0
123 75 48 9216.55 0 0
123 79 47 9220.78 0 0
124 76 47 9225 0 0
124 79 47 9229.21 0 0
122 75 47 9233.41 0 0
122 78 47 9237.62 0 0
121 79 47 9241.82 0 0
127 78 48 9246.06 0 0
125 76 47 9250.29 0 0
124 75 47 9254.55 0 0
124 74 47 9258.77 0 0
124 77 47 9265.71 0 0
124 75 47 9269.91 0 0
126 76 47 9274.11 0 0
128 78 47 9278.33 0 0
123 73 48 9282.58 0 0
124 79 47 9286.81 0 0
122 80 47 9291.02 0 0
123 73 47 9295.22 0 0
126 78 47 9299.43 0 0
122 72 48 9303.63 0 0
123 74 47 9307.85 0 0
123 77 47 9312.07 0 0
124 76 47 9316.33 0 0
123 76 47 9320.55 0 0
123 76 47 9324.75 0 0
120 76 47 9328.95 0 0
124 77 47 9333.15 0 0
120 76 47 9337.37 0 0
123 78 47 9341.58 0 0
123 75 47 9345.82 0 0
124 78 47 9350.04 0 0
125 79 47 9354.46 0 0
123 76 47 9358.67 0 0
122 76 47 9365.39 0 0
123 75 47 9369.64 0 0
122 76 47 9373.91 0 0
121 72 47 9378.17 0 0
123 75 47 9382.37 0 0
122 77 47 9386.58 0 0
124 75 47 9390.78 0 0
120 78 47 9394.99 0 0
122 76 47 9399.19 0 0
121 76 47 9403.4 0 0
124 74 47 9407.64 0 0
124 78 47 9411.87 0 0
123 76 47 9416.1 0 0
122 74 47 9420.31 0 0
123 78 47 9424.51 0 0
121 75 47 9428.71 0 0
124 75 47 9432.93 0 0
123 74 47 9437.16 0 0
122 76 47 9441.38 0 0
124 73 48 9445.6 0 0
122 76 47 9449.81 0 0
121 72 47 9454.01 0 0
126 77 47 9458.21 0 0
122 75 47 9462.42 0 0
123 75 47 9466.64 0 0
124 75 47 9470.87 0 0
124 78 47 9475.11 0 0
124 77 47 9482.02 0 0
123 77 47 9486.26 0 0
123 79 47 9490.46 0 0
122 74 48 9494.69 0 0
124 78 47 9498.9 0 0
123 79 47 9503.14 0 0
122 77 47 9507.36 0 0
124 79 47 9511.56 0 0
122 76 47 9515.77 0 0
128 77 47 9519.97 0 0
126 74 47 9524.18 0 0
126 77 47 9528.4 0 0
123 78 47 9532.64 0 0
123 75 47 9536.86 0 0
119 74 47 9541.15 0 0
119 74 47 9545.35 0 0
123 75 47 9549.55 0 0
119 74 47 9553.75 0 0
122 72 48 9557.99 0 0
121 76 47 9562.2 0 0
121 75 47 9566.43 0 0
121 73 47 9570.64 0 0
121 75 47 9574.9 0 0
122 76 47 9579.1 0 0
120 75 47 9583.3 0 0
124 77 47 9590.37 0 0
119 73 47 9594.66 0 0
122 76 47 9598.89 0 0
121 73 47 9603.1 0 0
121 74 47 9607.3 0 0
125 75 47 9611.5 0 0
118 73 47 9615.71 0 0
123 74 48 9619.93 0 0
122 77 47 9624.14 0 0
119 76 47 9628.4 0 0
122 74 47 9632.63 0 0
121 75 47 9636.85 0 0
124 75 47 9641.05 0 0
119 75 47 9645.25 0 0
118 75 47 9649.45 0 0
120 77 47 9653.67 0 0
121 77 47 9657.9 0 0
120 75 48 9662.14 0 0
122 75 47 9666.39 0 0
120 75 47 9670.63 0 0
122 75 47 9674.83 0 0
119 76 47 9679.14 0 0
121 74 47 9683.36 0 0
120 74 47 9690.3 0 0
120 76 47 9694.55 0 0
122 75 47 9698.77 0 0
119 74 47 9702.97 0 0
119 76 47 9707.17 0 0
122 79 47 9711.38 0 0
118 82 47 9715.58 0 0
110 88 47 9719.84 0 0
104 94 46 9724.07 0 0
95 106 47 9728.32 0 0
86 112 46 9732.52 0 0
82 129 46 9736.73 0 0
76 146 46 9740.93 0 0
74 168 45 9745.15 0 0
68 182 45 9749.38 0 0
68 198 45 9753.63 0 0
67 214 46 9757.87 0 0
61 225 45 9762.08 0 0
64 223 46 9766.29 0 0
65 225 45 9770.49 0 0
65 222 45 9774.7 0 0
65 226 45 9778.92 0 0
63 223 45 9783.16 0 0
64 224 45 9787.38 0 0
62 221 45 9794.42 0 0
64 232 45 9798.64 0 0
61 222 46 9802.84 0 0
63 226 45 9807.07 0 0
69 235 45 9811.28 0 0
62 224 45 9815.52 0 0
65 226 45 9819.74 0 0
65 228 45 9823.95 0 0
62 229 45 9828.15 0 0
64 231 45 9832.35 0 0
63 227 45 9836.56 0 0
63 233 46 9840.78 0 0
64 232 46 9845.03 0 0
64 228 45 9849.25 0 0
64 228 45 9853.48 0 0
64 228 45 9857.68 0 0
65 228 46 9861.88 0 0
68 235 45 9866.08 0 0
66 227 46 9870.32 0 0
63 232 45 9874.54 0 0
67 231 46 9878.79 0 0
63 229 45 9883.02 0 0
65 228 45 9887.22 0 0
63 233 45 9894.1 0 0
65 232 46 9898.33 0 0
67 233 46 9902.57 0 0
67 232 45 9906.83 0 0
64 238 45 9911.07 0 0
70 235 45 9915.3 0 0
65 230 46 9919.5 0 0
67 234 45 9923.71 0 0
63 231 45 9927.91 0 0
68 228 45 9932.14 0 0
72 223 46 9936.36 0 0
74 222 46 9940.61 0 0
72 225 45 9944.82 0 0
70 220 45 9949.03 0 0
69 223 45 9953.23 0 0
71 229 45 9957.43 0 0
71 224 46 9961.65 0 0
72 226 46 9965.87 0 0
72 224 46 9970.14 0 0
72 223 46 9974.38 0 0
72 221 46 9978.6 0 0
72 226 46 9982.81 0 0
73 222 45 9987.02 0 0
72 222 45 9991.22 0 0
75 221 45 9995.46 0 0
74 222 46 9999.67 0 0
72 226 45 10003.9 0 0
74 232 45 10011 0 0
70 223 46 10015.2 0 0
71 222 46 10019.5 0 0
74 223 46 10023.7 0 0
70 227 46 10028 0 0
69 224 46 10032.2 0 0
73 224 46 10036.4 0 0
73 224 46 10040.6 0 0
72 221 45 10044.9 0 0
70 223 45 10049.1 0 0
75 224 46 10053.3 0 0
72 231 46 10057.6 0 0
72 223 46 10061.9 0 0
74 228 46 10066.2 0 0
72 232 45 10070.4 0 0
72 225 46 10074.6 0 0
71 229 46 10078.8 0 0
72 221 46 10085.7 0 0
70 223 46 10089.9 0 0
72 224 45 10094.2 0 0
75 229 46 10098.4 0 0
72 218 46 10102.7 0 0
73 221 46 10106.9 0 0
72 225 46 10111.2 0 0
69 224 46 10115.4 0 0
70 223 46 10119.6 0 0
72 221 46 10123.8 0 0
72 226 46 10128 0 0
70 232 46 10132.2 0 0
71 224 46 10136.5 0 0
70 225 46 10140.7 0 0
70 226 46 10144.9 0 0
72 228 46 10149.1 0 0
73 224 46 10153.3 0 0
71 223 46 10157.5 0 0
72 223 46 10161.8 0 0
70 221 46 10166 0 0
70 220 46 10170.2 0 0
73 220 46 10174.4 0 0
73 222 46 10178.6 0 0
75 229 46 10182.8 0 0
70 220 46 10187 0 0
70 220 46 10191.3 0 0
71 225 46 10195.5 0 0
74 225 46 10199.7 0 0
72 225 46 10206.5 0 0
69 224 46 10210.8 0 0
73 228 46 10215 0 0
69 217 46 10219.3 0 0
70 220 46 10223.5 0 0
70 224 46 10227.7 0 0
70 216 46 10231.9 0 0
72 226 46 10236.1 0 0
70 224 46 10240.3 0 0
73 230 46 10244.5 0 0
71 220 46 10248.8 0 0
72 229 46 10253 0 0
71 224 46 10257.2 0 0
72 221 46 10261.4 0 0
71 224 46 10265.6 0 0
71 224 46 10269.8 0 0
72 223 46 10274 0 0
64 219 46 10278.3 0 0
66 222 46 10282.5 0 0
66 222 46 10286.8 0 0
66 224 46 10291.2 0 0
66 220 46 10295.4 0 0
66 220 46 10299.6 0 0
71 228 46 10304.6 0 0
66 219 46 10308.9 0 0
69 228 45 10313.1 0 0
70 225 45 10317.3 0 0
64 217 46 10321.5 0 0
66 221 46 10325.7 0 0
69 221 46 10329.9 0 0
67 216 46 10334.1 0 0
68 218 45 10338.4 0 0
68 221 46 10342.6 0 0
67 221 45 10346.8 0 0
69 218 45 10351 0 0
66 221 45 10355.2 0 0
67 222 46 10359.6 0 0
67 219 46 10363.8 0 0
70 217 46 10368 0 0
68 221 46 10372.2 0 0
68 220 46 10376.5 0 0
69 226 46 10380.7 0 0
64 218 46 10384.9 0 0
68 224 46 10389.1 0 0
70 225 46 10393.3 0 0
66 219 46 10397.5 0 0
69 226 46 10401.7 0 0
70 224 45 10406 0 0
64 221 46 10410.6 0 0
68 225 46 10414.9 0 0
67 223 45 10419.1 0 0
69 227 46 10423.3 0 0
70 223 46 10427.5 0 0
66 221 46 10431.7 0 0
70 226 46 10436 0 0
66 224 45 10440.2 0 0
65 228 46 10444.4 0 0
66 213 46 10448.6 0 0
68 223 46 10452.8 0 0
71 228 46 10457 0 0
65 226 46 10461.3 0 0
70 225 45 10465.5 0 0
70 223 46 10469.7 0 0
68 226 45 10474 0 0
68 225 46 10478.2 0 0
69 222 45 10482.4 0 0
70 223 46 10486.6 0 0
71 222 46 10490.8 0 0
69 221 46 10495 0 0
68 219 45 10499.3 0 0
69 221 46 10503.5 0 0
65 221 46 10507.7 0 0
65 220 46 10511.9 0 0
69 227 46 10516.1 0 0
65 226 46 10520.3 0 0
68 227 46 10524.5 0 0
69 223 46 10528.8 0 0
68 218 46 10533 0 0
69 223 46 10537.2 0 0
68 222 45 10541.5 0 0
69 221 46 10545.7 0 0
68 224 46 10549.9 0 0
64 221 46 10554.1 0 0
67 221 46 10558.4 0 0
70 220 46 10562.6 0 0
66 221 46 10566.8 0 0
72 219 46 10571.1 0 0
68 220 46 10575.3 0 0
69 226 46 10579.5 0 0
67 222 46 10583.7 0 0
69 221 46 10587.9 0 0
69 224 46 10592.1 0 0
65 222 46 10596.4 0 0
66 222 46 10600.6 0 0
70 218 46 10604.8 0 0
69 217 46 10609 0 0
68 220 46 10613.3 0 0
67 217 46 10617.5 0 0
67 218 46 10621.8 0 0
68 216 46 10626 0 0
71 216 46 10630.2 0 0
66 218 46 10634.4 0 0
70 222 46 10638.6 0 0
69 222 46 10642.8 0 0
69 221 46 10647 0 0
71 225 46 10651.3 0 0
68 219 46 10655.5 0 0
70 218 46 10659.8 0 0
71 227 46 10664 0 0
68 219 46 10668.2 0 0
65 217 46 10672.4 0 0
70 216 46 10676.6 0 0
67 217 46 10680.8 0 0
68 214 46 10685.1 0 0
68 222 46 10689.3 0 0
67 217 46 10693.5 0 0
70 216 46 10697.8 0 0
68 217 46 10702 0 0
69 214 46 10706.2 0 0
66 217 46 10710.4 0 0
67 214 46 10714.6 0 0
68 217 46 10718.8 0 0
67 221 46 10723.1 0 0
68 218 46 10727.3 0 0
68 218 46 10731.5 0 0
70 217 46 10735.8 0 0
66 221 46 10740 0 0
68 210 46 10744.2 0 0
68 215 46 10748.4 0 0
67 216 46 10752.6 0 0
69 226 46 10756.9 0 0
69 225 46 10761.1 0 0
64 221 46 10765.3 0 0
67 218 46 10769.5 0 0
66 221 46 10773.7 0 0
69 219 46 10777.9 0 0
70 216 46 10782.1 0 0
69 216 46 10787.2 0 0
67 222 46 10791.6 0 0
66 221 46 10795.8 0 0
67 221 46 10800 0 0
68 224 46 10804.2 0 0
65 225 46 10808.4 0 0
70 222 46 10812.6 0 0
66 223 46 10816.9 0 0
71 224 46 10821.1 0 0
70 223 46 10825.3 0 0
71 224 46 10829.5 0 0
67 220 46 10833.7 0 0
68 225 46 10837.9 0 0
68 224 46 10842.1 0 0
70 219 46 10846.4 0 0
68 220 46 10850.6 0 0
68 218 46 10854.8 0 0
68 219 46 10859 0 0
69 217 46 10863.2 0 0
67 216 46 10867.5 0 0
68 217 46 10871.7 0 0
72 217 46 10875.9 0 0
65 216 46 10880.1 0 0
70 217 46 10884.3 0 0
69 220 46 10888.5 0 0
67 219 46 10892.7 0 0
67 223 46 10906.9 0 0
68 218 46 10912.1 0 0
67 214 46 10916.4 0 0
70 216 46 10920.6 0 0
64 214 46 10924.8 0 0
68 215 46 10929 0 0
66 216 46 10933.2 0 0
68 226 46 10937.4 0 0
71 225 46 10941.6 0 0
66 223 46 10945.9 0 0
69 228 46 10950 0 0
69 226 46 10954.3 0 0
66 215 46 10958.5 0 0
68 219 46 10962.7 0 0
68 218 46 10966.9 0 0
70 219 46 10971.1 0 0
72 217 46 10975.4 0 0
79 205 46 10979.6 0 0
88 202 47 10983.8 0 0
97 182 47 10988.2 0 0
104 169 47 10992.4 0 0
110 160 47 10996.6 0 0
118 145 46 11000.9 0 0
124 131 47 11006.1 0 0
129 121 47 11010.3 0 0
133 116 46 11014.5 0 0
142 106 47 11018.7 0 0
144 96 46 11022.9 0 0
153 91 46 11027.1 0 0
152 84 46 11031.4 0 0
161 78 46 11035.6 0 0
162 71 46 11039.8 0 0
163 61 46 11044 0 0
167 59 47 11048.2 0 0
169 50 46 11052.4 0 0
173 50 46 11056.6 0 0
173 45 46 11060.8 0 0
174 45 46 11065.1 0 0
174 45 0 11069.3 0 0
171 46 46 11073.5 0 0
171 49 46 11077.7 0 0
173 47 46 11081.9 0 0
173 44 46 11086.1 0 0
174 48 46 11090.3 0 0
171 47 46 11094.6 0 0
170 46 46 11098.8 0 0
170 46 0 11103.2 0 0
172 48 46 11107.5 0 0
172 46 46 11111.7 0 0
171 48 46 11115.9 0 0
171 48 0 11120.1 0 0
175 48 46 11124.3 0 0
168 50 46 11128.5 0 0
170 46 46 11133 0 0
171 49 46 11137.2 0 0
171 50 46 11141.4 0 0
175 52 46 11145.6 0 0
172 50 46 11149.8 0 0
173 50 46 11154 0 0
170 49 46 11158.2 0 0
170 50 46 11162.5 0 0
171 49 46 11166.7 0 0
169 47 46 11170.9 0 0
172 50 46 11175.1 0 0
170 49 46 11179.3 0 0
170 52 46 11183.5 0 0
170 49 47 11187.8 0 0
173 50 46 11192 0 0
172 51 46 11196.2 0 0
174 51 46 11200.4 0 0
171 52 46 11204.6 0 0
171 52 0 11208.8 0 0
173 51 46 11213.2 0 0
173 51 0 11217.4 0 0
174 52 46 11221.6 0 0
170 49 46 11225.9 0 0
169 50 46 11230.1 0 0
170 50 46 11234.3 0 0
170 50 0 11238.5 0 0
170 51 46 11242.7 0 0
168 49 46 11246.9 0 0
167 50 46 11251.2 0 0
170 51 46 11255.4 0 0
171 53 46 11259.6 0 0
172 53 46 11263.8 0 0
171 52 46 11268 0 0
170 53 46 11272.2 0 0
172 51 46 11276.5 0 0
171 56 46 11280.7 0 0
170 54 47 11285.2 0 0
172 52 46 11289.4 0 0
171 52 46 11293.6 0 0
171 51 46 11297.8 0 0
172 50 46 11302 0 0
174 53 46 11306.3 0 0
174 50 46 11310.5 0 0
173 49 46 11314.7 0 0
173 46 46 11318.9 0 0
176 40 46 11323.1 0 0
176 35 46 11327.4 0 0
174 32 46 11331.5 0 0
174 27 46 11335.8 0 0
175 30 45 11340 0 0
179 28 46 11344.2 0 0
177 28 46 11348.4 0 0
175 31 46 11352.6 0 0
175 30 45 11356.9 0 0
176 31 45 11361.1 0 0
175 31 46 11365.3 0 0
176 28 45 11369.5 0 0
175 29 46 11373.7 0 0
175 28 46 11377.9 0 0
174 28 46 11382.2 0 0
176 31 45 11386.4 0 0
176 30 46 11390.6 0 0
176 31 45 11394.8 0 0
174 31 46 11399 0 0
175 31 45 11403.2 0 0
172 29 46 11407.5 0 0
174 31 46 11411.7 0 0
174 30 46 11415.9 0 0
174 31 46 11420.1 0 0
173 31 45 11424.3 0 0
174 30 45 11428.5 0 0
173 30 45 11432.7 0 0
172 29 45 11437 0 0
176 32 45 11441.2 0 0
173 29 46 11445.5 0 0
175 32 46 11449.7 0 0
173 31 46 11453.9 0 0
176 30 45 11458.1 0 0
173 30 45 11462.3 0 0
173 28 46 11466.5 0 0
177 27 45 11470.7 0 0
174 31 45 11475 0 0
172 30 45 11479.2 0 0
171 34 45 11483.4 0 0
174 31 45 11487.6 0 0
172 31 46 11491.8 0 0
172 30 45 11496 0 0
171 29 45 11500.3 0 0
174 31 45 11504.5 0 0
172 32 45 11508.7 0 0
173 33 45 11512.9 0 0
174 30 46 11517.1 0 0
176 32 45 11521.3 0 0
173 30 45 11525.5 0 0
173 29 45 11529.7 0 0
173 28 45 11534 0 0
174 29 45 11538.2 0 0
175 30 45 11542.6 0 0
175 30 45 11546.8 0 0
176 33 45 11551 0 0
172 32 45 11555.2 0 0
175 29 45 11559.4 0 0
169 30 45 11563.7 0 0
178 32 45 11568 0 0
174 31 45 11572.2 0 0
174 30 45 11576.4 0 0
172 32 45 11580.6 0 0
173 33 45 11584.8 0 0
174 30 46 11589 0 0
173 30 46 11593.2 0 0
174 32 45 11597.7 0 0
173 30 45 11602 0 0
175 30 45 11606.2 0 0
172 31 45 11610.4 0 0
173 30 46 11614.6 0 0
171 31 46 11618.8 0 0
175 30 45 11623 0 0
175 32 45 11627.3 0 0
175 30 45 11631.5 0 0
174 31 45 11635.7 0 0
177 30 45 11639.9 0 0
175 33 45 11644.1 0 0
173 31 45 11648.3 0 0
174 33 45 11652.5 0 0
176 30 46 11656.8 0 0
172 29 46 11661.8 0 0
173 32 46 11666 0 0
173 30 46 11670.2 0 0
174 31 46 11674.5 0 0
172 31 46 11678.7 0 0
173 31 46 11682.9 0 0
171 31 45 11687.1 0 0
173 32 45 11691.3 0 0
174 30 46 11695.6 0 0
171 31 46 11699.8 0 0
170 32 46 11704 0 0
173 29 45 11708.2 0 0
171 31 45 11712.4 0 0
172 30 46 11716.6 0 0
171 30 45 11720.8 0 0
173 33 45 11725 0 0
171 32 46 11729.3 0 0
176 33 45 11733.5 0 0
171 32 46 11737.7 0 0
172 30 45 11741.9 0 0
172 30 46 11746.1 0 0
174 30 46 11750.4 0 0
170 31 46 11754.6 0 0
174 30 45 11758.8 0 0
172 29 45 11763 0 0
173 30 45 11767.2 0 0
171 30 45 11771.4 0 0
177 33 46 11775.6 0 0
174 33 46 11779.8 0 0
172 32 46 11784 0 0
174 31 45 11788.3 0 0
172 35 45 11792.5 0 0
173 31 46 11796.7 0 0
176 32 45 11800.9 0 0
172 34 46 11805.1 0 0
173 32 45 11809.3 0 0
172 34 46 11813.5 0 0
172 31 46 11817.8 0 0
174 33 46 11822 0 0
173 35 46 11826.2 0 0
172 32 45 11830.4 0 0
173 31 45 11834.6 0 0
170 33 45 11838.8 0 0
172 31 46 11843 0 0
173 33 45 11847.2 0 0
169 32 46 11851.5 0 0
172 34 45 11855.7 0 0
171 33 46 11859.9 0 0
173 31 45 11864.1 0 0
173 31 46 11868.3 0 0
171 33 45 11872.5 0 0
173 31 45 11876.8 0 0
175 31 46 11881 0 0
173 31 45 11885.2 0 0
175 31 46 11889.4 0 0
170 32 45 11893.6 0 0
175 32 46 11897.8 0 0
173 31 45 11902 0 0
173 33 46 11906.2 0 0
177 31 46 11910.5 0 0
174 32 46 11914.7 0 0
174 31 45 11918.9 0 0
172 31 46 11923.1 0 0
171 29 45 11927.3 0 0
172 30 45 11931.5 0 0
171 31 46 11935.8 0 0
173 32 46 11942.5 0 0
173 29 45 11946.8 0 0
172 32 46 11951 0 0
174 32 46 11955.2 0 0
174 32 45 11959.4 0 0
175 31 45 11963.6 0 0
173 32 46 11967.8 0 0
173 31 45 11972 0 0
175 32 46 11976.2 0 0
172 32 46 11980.5 0 0
172 30 46 11984.7 0 0
172 32 46 11988.9 0 0
172 30 45 11993.1 0 0
171 33 45 11997.4 0 0
172 31 46 12001.6 0 0
174 34 45 12005.8 0 0
172 31 45 12010.1 0 0
172 32 46 12014.3 0 0
172 31 46 12018.5 0 0
172 34 46 12022.7 0 0
172 34 45 12026.9 0 0
174 31 46 12031.1 0 0
172 32 46 12035.3 0 0
172 30 46 12039.5 0 0
170 31 46 12043.8 0 0
170 31 46 12048 0 0
172 32 46 12054.7 0 0
171 31 46 12058.9 0 0
169 32 46 12063.4 0 0
172 33 46 12067.6 0 0
171 33 46 12071.8 0 0
174 33 46 12076 0 0
174 30 46 12080.2 0 0
172 32 46 12084.5 0 0
170 33 46 12088.7 0 0
173 35 45 12092.9 0 0
173 33 46 12097.1 0 0
173 34 46 12101.4 0 0
174 36 46 12105.6 0 0
174 34 46 12109.8 0 0
172 35 46 12114 0 0
171 34 46 12118.3 0 0
173 36 46 12122.5 0 0
174 35 46 12126.7 0 0
172 35 46 12131 0 0
173 37 46 12135.2 0 0
175 37 46 12139.4 0 0
167 35 46 12143.6 0 0
160 38 46 12147.8 0 0
145 49 47 12152 0 0
136 56 47 12158.8 0 0
129 60 48 12163.1 0 0
119 74 47 12167.3 0 0
112 80 47 12171.5 0 0
100 88 47 12175.7 0 0
88 93 47 12179.9 0 0
86 106 47 12184.1 0 0
78 109 47 12188.3 0 0
70 123 46 12192.6 0 0
62 128 46 12196.8 0 0
59 135 46 12201 0 0
51 137 46 12205.2 0 0
45 151 46 12209.4 0 0
38 159 45 12213.6 0 0
34 163 46 12217.8 0 0
36 173 45 12222.1 0 0
29 180 45 12226.3 0 0
27 179 45 12230.5 0 0
28 187 45 12234.7 0 0
23 185 45 12238.9 0 0
28 187 45 12243.1 0 0
30 186 45 12247.3 0 0
28 188 45 12251.6 0 0
26 191 45 12255.8 0 0
29 194 45 12260 0 0
26 193 45 12264.2 0 0
26 193 45 12268.4 0 0
27 194 45 12273.4 0 0
26 183 45 12277.6 0 0
23 193 45 12281.9 0 0
26 186 45 12286.1 0 0
25 185 45 12290.6 0 0
29 188 45 12294.8 0 0
31 193 45 12299 0 0
24 192 45 12303.2 0 0
27 191 45 12307.4 0 0
27 189 45 12311.6 0 0
28 190 45 12315.9 0 0
28 191 45 12320.1 0 0
27 189 45 12324.3 0 0
27 195 45 12328.5 0 0
26 195 45 12332.7 0 0
27 190 45 12336.9 0 0
30 191 45 12341.2 0 0
27 188 45 12345.4 0 0
27 189 45 12349.6 0 0
28 190 45 12354.1 0 0
28 191 45 12358.3 0 0
31 190 46 12362.5 0 0
29 190 45 12366.7 0 0
28 189 45 12370.9 0 0
27 189 45 12375.2 0 0
30 182 45 12379.4 0 0
29 192 46 12383.6 0 0
28 189 45 12387.8 0 0
28 190 45 12392 0 0
27 189 45 12396.2 0 0
27 192 46 12400.5 0 0
27 185 45 12404.7 0 0
28 189 45 12408.9 0 0
31 187 46 12413.1 0 0
29 188 45 12417.5 0 0
29 190 46 12421.7 0 0
28 188 46 12426 0 0
26 182 45 12430.2 0 0
28 171 46 12434.4 0 0
29 178 45 12438.6 0 0
29 168 45 12442.9 0 0
28 163 46 12447.1 0 0
29 161 46 12451.3 0 0
28 158 45 12455.5 0 0
30 160 46 12459.7 0 0
30 164 45 12463.9 0 0
30 164 45 12468.1 0 0
32 167 46 12472.7 0 0
34 167 46 12476.9 0 0
28 166 45 12481.1 0 0
29 169 46 12485.4 0 0
31 167 46 12489.6 0 0
29 158 45 12493.8 0 0
30 158 46 12498 0 0
26 159 46 12502.2 0 0
31 160 46 12506.5 0 0
30 160 46 12510.7 0 0
29 163 46 12514.9 0 0
31 166 46 12519.1 0 0
32 164 45 12523.3 0 0
30 168 45 12527.6 0 0
32 164 46 12531.8 0 0
30 167 46 12537 0 0
32 163 46 12541.2 0 0
31 165 46 12545.4 0 0
29 156 45 12549.6 0 0
31 158 46 12553.8 0 0
32 160 45 12558.1 0 0
34 157 45 12562.3 0 0
28 161 46 12566.5 0 0
31 158 46 12570.8 0 0
28 160 46 12575 0 0
30 159 45 12579.2 0 0
31 160 46 12583.4 0 0
30 164 45 12587.6 0 0
33 162 46 12591.8 0 0
32 163 46 12596.1 0 0
32 162 46 12600.3 0 0
32 166 45 12604.5 0 0
34 164 46 12608.7 0 0
31 162 46 12612.9 0 0
34 161 46 12617.1 0 0
33 163 45 12621.4 0 0
31 166 46 12625.6 0 0
34 166 46 12629.8 0 0
31 162 46 12634 0 0
32 166 45 12638.3 0 0
30 160 46 12642.5 0 0
31 156 46 12646.7 0 0
31 161 46 12650.9 0 0
30 161 45 12655.1 0 0
33 158 45 12659.4 0 0
30 163 45 12663.6 0 0
33 160 45 12667.8 0 0
31 160 46 12672 0 0
34 163 45 12676.2 0 0
32 162 45 12680.4 0 0
34 166 46 12684.6 0 0
33 163 45 12688.9 0 0
32 164 46 12693.1 0 0
33 163 45 12697.3 0 0
31 163 45 12701.5 0 0
33 160 45 12705.7 0 0
33 161 45 12709.9 0 0
33 163 46 12714.1 0 0
32 161 45 12718.4 0 0
33 161 46 12722.6 0 0
32 160 46 12726.8 0 0
33 160 46 12731.1 0 0
33 160 46 12735.3 0 0
30 160 46 12739.5 0 0
30 163 45 12743.7 0 0
31 159 45 12747.9 0 0
28 162 46 12752.2 0 0
32 165 45 12756.4 0 0
31 162 45 12760.6 0 0
28 164 46 12764.8 0 0
30 161 46 12769 0 0
32 163 46 12773.4 0 0
31 159 46 12777.6 0 0
31 161 45 12781.8 0 0
33 161 46 12786.1 0 0
32 160 46 12790.3 0 0
32 161 46 12794.5 0 0
32 158 45 12798.7 0 0
34 164 45 12802.9 0 0
32 160 45 12807.1 0 0
31 161 45 12811.4 0 0
33 161 46 12815.6 0 0
32 163 45 12819.8 0 0
32 164 45 12824 0 0
32 165 46 12828.2 0 0
33 155 45 12832.4 0 0
30 158 45 12836.6 0 0
31 158 45 12840.9 0 0
31 160 45 12845.1 0 0
32 160 46 12849.3 0 0
29 159 46 12853.8 0 0
34 160 45 12858.2 0 0
30 157 46 12862.5 0 0
33 160 45 12866.7 0 0
29 160 45 12870.9 0 0
31 159 45 12875.1 0 0
31 160 45 12879.4 0 0
31 157 45 12883.6 0 0
31 159 45 12887.8 0 0
31 157 45 12892 0 0
33 157 46 12896.2 0 0
32 162 46 12905.6 0 0
29 160 45 12910 0 0
32 161 45 12914.2 0 0
31 165 46 12918.5 0 0
30 164 45 12922.6 0 0
31 162 45 12926.9 0 0
32 162 45 12931.1 0 0
32 165 45 12935.3 0 0
31 163 45 12939.5 0 0
31 167 46 12943.8 0 0
31 165 46 12948 0 0
30 164 45 12952.2 0 0
32 163 46 12956.4 0 0
32 165 45 12960.6 0 0
28 161 45 12964.8 0 0
32 157 45 12969 0 0
30 157 45 12973.3 0 0
33 160 45 12977.5 0 0
29 161 46 12981.7 0 0
31 162 45 12985.9 0 0
31 162 45 12990.1 0 0
31 165 45 12994.4 0 0
32 163 45 12998.6 0 0
31 166 45 13002.8 0 0
29 164 45 13007 0 0
32 160 45 13011.2 0 0
34 161 45 13015.4 0 0
35 160 45 13019.6 0 0
30 159 45 13023.8 0 0
34 158 46 13028.1 0 0
33 160 46 13032.3 0 0
30 155 45 13036.5 0 0
30 162 46 13040.8 0 0
32 158 45 13045 0 0
30 156 45 13049.3 0 0
32 163 46 13053.5 0 0
31 162 45 13057.7 0 0
32 162 45 13061.9 0 0
29 162 45 13066.2 0 0
33 164 45 13070.5 0 0
33 164 45 13074.6 0 0
31 164 45 13078.9 0 0
32 165 45 13083.1 0 0
31 165 46 13087.3 0 0
31 165 45 13091.5 0 0
34 165 45 13095.8 0 0
34 163 45 13100 0 0
30 164 45 13104.2 0 0
35 163 46 13108.4 0 0
29 161 46 13112.6 0 0
36 163 45 13116.8 0 0
29 159 45 13121 0 0
32 162 46 13125.3 0 0
33 161 45 13129.5 0 0
29 164 45 13133.7 0 0
34 162 45 13137.9 0 0
32 164 45 13142.1 0 0
32 161 45 13146.3 0 0
34 166 45 13150.5 0 0
34 154 45 13154.8 0 0
32 157 45 13159 0 0
31 156 45 13163.2 0 0
32 163 45 13167.4 0 0
32 158 45 13171.6 0 0
31 155 45 13175.8 0 0
33 158 46 13180.1 0 0
33 165 46 13184.3 0 0
31 164 45 13188.5 0 0
32 164 45 13193.7 0 0
32 162 46 13197.9 0 0
35 165 45 13202.1 0 0
33 164 46 13206.3 0 0
32 164 45 13210.5 0 0
33 168 46 13214.8 0 0
31 169 46 13219 0 0
31 177 46 13223.3 0 0
38 179 46 13227.5 0 0
38 198 46 13231.7 0 0
151 184 42 13333.2 0 0
147 160 44 13337.4 0 0
144 138 45 13341.6 0 0
146 123 46 13345.9 0 0
142 112 47 13350.1 0 0
141 101 47 13354.3 0 0
142 99 47 13358.5 0 0
141 90 47 13362.7 0 0
143 84 47 13366.9 0 0
138 79 47 13371.1 0 0
142 78 47 13375.4 0 0
141 79 47 13379.6 0 0
142 75 47 13383.8 0 0
140 71 48 13388 0 0
143 77 47 13392.2 0 0
139 76 48 13396.4 0 0
138 76 48 13400.7 0 0
139 74 48 13404.9 0 0
139 74 48 13409.1 0 0
140 77 48 13414 0 0
139 75 48 13418.2 0 0
139 79 48 13422.5 0 0
140 79 48 13426.7 0 0
139 75 48 13430.9 0 0
139 76 48 13435.1 0 0
139 75 48 13439.3 0 0
142 77 48 13443.6 0 0
138 76 48 13447.8 0 0
137 75 48 13452 0 0
139 76 48 13456.2 0 0
141 76 47 13460.4 0 0
140 76 48 13464.6 0 0
139 77 48 13468.9 0 0
137 77 48 13473.1 0 0
139 75 48 13477.3 0 0
140 80 48 13481.5 0 0
141 83 48 13485.7 0 0
137 72 48 13489.9 0 0
143 76 48 13494.1 0 0
139 77 48 13498.4 0 0
137 76 48 13502.6 0 0
138 76 48 13506.8 0 0
142 80 48 13511 0 0
140 77 48 13515.2 0 0
139 77 48 13519.6 0 0
137 76 48 13523.8 0 0
132 79 48 13528 0 0
128 79 48 13532.2 0 0
124 81 48 13536.5 0 0
124 80 48 13540.8 0 0
123 83 48 13545 0 0
125 79 48 13549.2 0 0
125 81 48 13553.4 0 0
124 82 48 13557.6 0 0
126 83 48 13561.9 0 0
125 83 49 13566.2 0 0
129 83 48 13570.5 0 0
125 81 48 13574.7 0 0
121 82 48 13578.9 0 0
127 80 48 13583.1 0 0
124 82 48 13587.3 0 0
123 80 48 13591.5 0 0
123 81 48 13595.7 0 0
122 81 48 13600 0 0
126 79 48 13604.2 0 0
122 86 49 13608.4 0 0
125 79 49 13612.6 0 0
124 84 49 13616.8 0 0
125 82 48 13621.1 0 0
124 80 48 13625.3 0 0
125 83 48 13629.5 0 0
126 84 48 13633.8 0 0
125 85 48 13638 0 0
124 82 48 13642.2 0 0
122 83 49 13646.4 0 0
125 82 48 13650.6 0 0
124 81 48 13654.8 0 0
123 81 48 13659.1 0 0
128 85 48 13663.3 0 0
122 83 49 13667.5 0 0
126 80 48 13671.7 0 0
125 83 49 13675.9 0 0
124 82 49 13680.1 0 0
124 86 48 13684.4 0 0
126 86 48 13688.6 0 0
121 80 49 13692.9 0 0
123 80 48 13697.1 0 0
122 80 48 13701.3 0 0
128 81 48 13705.5 0 0
125 81 49 13709.7 0 0
124 81 48 13714 0 0
123 80 48 13718.2 0 0
121 83 48 13722.5 0 0
126 83 49 13726.7 0 0
125 87 49 13731 0 0
126 84 48 13735.2 0 0
124 80 48 13739.4 0 0
122 82 48 13743.6 0 0
124 81 49 13747.8 0 0
125 84 49 13752 0 0
125 82 49 13756.3 0 0
122 81 49 13760.5 0 0
122 83 49 13764.7 0 0
123 83 48 13768.9 0 0
126 82 49 13773.1 0 0
123 81 49 13777.3 0 0
126 83 49 13781.6 0 0
124 80 49 13785.8 0 0
123 82 48 13790.3 0 0
124 81 48 13794.5 0 0
127 86 49 13798.7 0 0
124 80 48 13802.9 0 0
124 82 49 13807.1 0 0
125 84 49 13811.3 0 0
127 84 49 13815.6 0 0
127 84 49 13819.8 0 0
124 80 48 13824 0 0
124 83 49 13828.2 0 0
122 80 49 13832.4 0 0
120 77 49 13836.6 0 0
119 77 49 13840.8 0 0
120 75 49 13845.1 0 0
124 78 49 13849.9 0 0
121 77 49 13854.2 0 0
120 75 49 13858.4 0 0
120 75 48 13862.6 0 0
122 77 49 13866.9 0 0
124 73 49 13871.1 0 0
123 76 49 13875.3 0 0
123 75 49 13879.5 0 0
125 75 49 13883.7 0 0
123 75 49 13888 0 0
120 75 49 13892.2 0 0
121 74 49 13896.4 0 0
124 78 49 13900.6 0 0
122 77 48 13904.8 0 0
120 76 49 13909 0 0
122 75 49 13913.2 0 0
122 76 49 13917.5 0 0
122 77 49 13921.7 0 0
122 77 49 13925.9 0 0
121 74 49 13930.1 0 0
121 75 49 13934.3 0 0
124 76 49 13938.6 0 0
121 76 48 13942.8 0 0
123 76 49 13947.1 0 0
119 79 49 13951.3 0 0
119 73 49 13955.5 0 0
120 75 49 13959.7 0 0
122 77 48 13963.9 0 0
124 77 49 13968.1 0 0
122 74 49 13972.5 0 0
121 78 48 13976.8 0 0
120 77 49 13981 0 0
119 74 49 13985.2 0 0
121 74 49 13989.4 0 0
121 75 49 13993.6 0 0
124 75 48 13997.8 0 0
121 75 49 14002.1 0 0
122 75 49 14006.3 0 0
121 78 49 14010.5 0 0
122 77 48 14014.7 0 0
119 76 49 14018.9 0 0
122 77 49 14023.1 0 0
120 77 49 14027.4 0 0
122 78 49 14031.6 0 0
120 80 48 14035.8 0 0
121 79 48 14040.1 0 0
120 78 49 14044.4 0 0
125 77 49 14048.6 0 0
121 78 49 14052.8 0 0
121 75 48 14057 0 0
121 75 48 14061.2 0 0
121 74 48 14065.5 0 0
120 75 48 14069.7 0 0
122 75 49 14073.9 0 0
122 76 48 14078.1 0 0
121 74 48 14082.3 0 0
121 77 48 14086.6 0 0
121 75 48 14090.8 0 0
120 76 48 14095 0 0
123 77 48 14099.3 0 0
122 81 48 14103.7 0 0
123 76 49 14108 0 0
121 80 48 14112.2 0 0
123 76 48 14116.4 0 0
122 78 48 14120.6 0 0
123 80 48 14124.9 0 0
118 88 48 14129.1 0 0
118 88 48 14133.3 0 0
116 93 48 14137.5 0 0
116 96 48 14141.7 0 0
118 93 48 14145.9 0 0
119 95 48 14150.1 0 0
118 92 48 14154.4 0 0
120 90 48 14158.6 0 0
120 92 48 14162.8 0 0
116 92 48 14167.8 0 0
120 91 48 14172 0 0
118 95 48 14176.2 0 0
119 95 48 14180.4 0 0
118 95 48 14184.6 0 0
117 93 48 14188.9 0 0
116 96 48 14193.1 0 0
119 96 48 14197.4 0 0
117 94 48 14201.5 0 0
118 97 48 14205.8 0 0
118 94 48 14210 0 0
117 95 48 14214.2 0 0
120 97 48 14218.4 0 0
117 96 49 14222.6 0 0
116 97 48 14226.9 0 0
119 95 48 14231.1 0 0
115 96 48 14235.3 0 0
117 94 48 14239.5 0 0
116 94 48 14243.7 0 0
120 97 48 14247.9 0 0
117 91 48 14252.2 0 0
118 92 48 14256.4 0 0
116 94 48 14260.6 0 0
115 94 48 14264.8 0 0
121 96 48 14269 0 0
119 97 48 14273.2 0 0
121 96 48 14277.5 0 0
119 94 48 14281.8 0 0
120 96 48 14286 0 0
119 98 48 14290.3 0 0
119 99 48 14294.5 0 0
118 102 47 14298.7 0 0
121 129 47 14302.9 0 0
122 191 45 14307.1 0 0
122 191 0 14311.4 0 0
122 191 0 14315.6 0 0
122 191 0 14319.8 0 0
122 191 0 14324 0 0
122 191 0 14328.2 0 0
122 191 0 14332.4 0 0
122 191 0 14336.6 0 0
122 191 0 14340.9 0 0
122 191 0 14345.1 0 0
122 191 0 14349.3 0 0
122 191 0 14353.5 0 0
122 191 0 14357.8 0 0
122 191 0 14362 0 0
122 191 0 14366.2 0 0
122 191 0 14373 0 0
122 191 0 14377.2 0 0
122 191 0 14381.5 0 0
122 191 0 14385.7 0 0
122 191 0 14389.9 0 0
122 191 0 14394.1 0 0
122 191 0 14398.3 0 0
126 195 42 14402.5 0 0
124 175 44 14406.8 0 0
123 158 45 14411 0 0
122 141 46 14415.2 0 0
121 128 46 14419.4 0 0
119 118 47 14423.6 0 0
119 109 47 14427.8 0 0
122 101 47 14432.1 0 0
120 86 48 14436.3 0 0
121 88 47 14440.5 0 0
119 82 48 14444.7 0 0
119 77 48 14448.9 0 0
117 70 48 14453.1 0 0
117 72 48 14457.3 0 0
118 74 48 14461.5 0 0
119 74 48 14465.8 0 0
121 74 48 14470 0 0
118 74 49 14474.3 0 0
118 74 48 14478.5 0 0
118 68 48 14482.7 0 0
117 71 48 14486.9 0 0
120 70 48 14491.1 0 0
120 69 48 14498.3 0 0
120 68 48 14506.7 0 0
117 68 48 14515 0 0
117 70 48 14523.2 0 0
117 70 48 14531.5 0 0
116 74 48 14539.1 0 0
120 74 48 14543.3 0 0
118 74 48 14548.2 0 0
118 72 48 14552.4 0 0
119 70 48 14556.6 0 0
119 72 48 14560.9 0 0
117 72 48 14565.1 0 0
120 73 48 14569.3 0 0
119 72 48 14573.5 0 0
119 70 48 14577.8 0 0
120 73 48 14582 0 0
118 72 48 14586.2 0 0
119 71 49 14590.4 0 0
118 73 48 14594.6 0 0
118 69 48 14598.8 0 0
116 72 48 14603.2 0 0
118 70 48 14607.5 0 0
117 73 48 14611.8 0 0
115 71 48 14616 0 0
118 69 49 14620.2 0 0
115 73 48 14624.4 0 0
117 69 48 14628.7 0 0
114 71 48 14633 0 0
119 71 48 14639.9 0 0
115 72 48 14644.1 0 0
118 71 48 14648.3 0 0
118 73 48 14652.5 0 0
121 72 48 14656.7 0 0
120 72 48 14661 0 0
115 71 48 14665.2 0 0
119 73 48 14669.4 0 0
118 75 49 14673.6 0 0
119 74 48 14677.8 0 0
118 70 48 14682 0 0
117 70 49 14686.2 0 0
121 73 48 14690.5 0 0
121 71 48 14694.7 0 0
119 70 48 14698.9 0 0
119 71 48 14703.1 0 0
120 73 48 14707.3 0 0
121 73 48 14711.5 0 0
117 71 48 14715.7 0 0
122 72 48 14720 0 0
121 73 48 14724.2 0 0
120 73 48 14728.4 0 0
119 73 48 14732.6 0 0
119 73 48 14736.9 0 0
120 73 48 14742.2 0 0
120 69 48 14746.4 0 0
122 72 48 14752.3 0 0
118 70 48 14756.5 0 0
120 69 48 14760.7 0 0
118 73 48 14764.9 0 0
119 70 48 14769.1 0 0
117 70 48 14773.5 0 0
119 72 48 14777.8 0 0
120 69 48 14782 0 0
119 70 48 14786.3 0 0
119 69 48 14790.5 0 0
120 73 48 14794.8 0 0
121 74 48 14799 0 0
118 72 48 14803.2 0 0
120 72 48 14807.4 0 0
120 76 48 14811.6 0 0
118 70 48 14815.8 0 0
117 76 48 14820 0 0
121 71 48 14824.3 0 0
117 70 48 14831.2 0 0
116 72 48 14835.4 0 0
122 73 48 14839.6 0 0
119 71 48 14843.9 0 0
119 69 48 14848.1 0 0
118 73 48 14852.3 0 0
121 73 48 14856.5 0 0
120 76 48 14860.7 0 0
119 71 48 14864.9 0 0
120 73 49 14869.2 0 0
118 73 48 14873.4 0 0
122 74 48 14877.6 0 0
119 73 48 14881.8 0 0
119 70 48 14886 0 0
121 75 48 14890.2 0 0
120 70 48 14894.4 0 0
122 75 48 14898.6 0 0
118 71 48 14902.9 0 0
119 73 48 14910.5 0 0
121 71 48 14914.8 0 0
120 73 48 14919 0 0
119 71 48 14923.2 0 0
120 72 48 14927.4 0 0
120 71 48 14931.6 0 0
120 70 48 14935.8 0 0
121 74 48 14940.1 0 0
122 74 49 14944.3 0 0
122 71 48 14948.5 0 0
123 73 48 14952.7 0 0
121 73 48 14957.1 0 0
122 74 48 14961.3 0 0
118 74 48 14965.5 0 0
120 72 48 14969.8 0 0
122 73 48 14974 0 0
119 75 48 14978.3 0 0
120 73 48 14982.5 0 0
120 73 48 14986.7 0 0
124 72 48 14992.2 0 0
118 71 48 14996.4 0 0
122 76 48 15000.7 0 0
123 73 48 15004.9 0 0
120 71 48 15009.1 0 0
121 75 48 15013.3 0 0
124 73 49 15017.5 0 0
119 72 48 15021.7 0 0
118 75 48 15025.9 0 0
120 75 48 15030.1 0 0
119 75 49 15034.4 0 0
122 71 48 15038.6 0 0
122 74 48 15042.8 0 0
119 73 48 15047 0 0
121 75 48 15051.2 0 0
122 72 48 15055.5 0 0
120 75 48 15059.7 0 0
124 73 48 15063.9 0 0
120 71 49 15068.1 0 0
118 72 48 15072.3 0 0
121 74 48 15076.5 0 0
120 73 48 15080.8 0 0
121 73 48 15085 0 0
120 69 48 15089.2 0 0
121 74 48 15093.4 0 0
120 71 48 15097.8 0 0
121 73 48 15102.1 0 0
122 71 48 15106.3 0 0
121 72 48 15110.5 0 0
120 71 48 15114.7 0 0
120 73 48 15119 0 0
120 73 48 15123.2 0 0
123 68 48 15127.4 0 0
121 73 48 15131.6 0 0
122 71 48 15135.8 0 0
121 73 48 15140 0 0
122 74 48 15144.2 0 0
121 74 48 15148.5 0 0
119 71 48 15152.7 0 0
120 72 48 15157 0 0
120 68 48 15161.2 0 0
121 72 48 15165.5 0 0
121 69 48 15169.7 0 0
122 71 47 15173.9 0 0
117 69 48 15178.1 0 0
121 70 48 15182.4 0 0
118 67 48 15186.6 0 0
122 74 48 15193.3 0 0
120 70 48 15197.6 0 0
119 73 48 15201.8 0 0
119 70 48 15206 0 0
120 71 48 15210.3 0 0
121 74 48 15214.5 0 0
120 70 48 15218.7 0 0
121 70 48 15222.9 0 0
119 73 48 15227.1 0 0
117 70 48 15231.4 0 0
120 70 48 15235.6 0 0
122 69 48 15239.8 0 0
118 70 48 15244 0 0
121 74 48 15248.2 0 0
120 76 48 15252.5 0 0
117 80 48 15256.6 0 0
117 90 47 15260.9 0 0
117 97 47 15265.1 0 0
118 97 47 15269.6 0 0
122 102 47 15273.8 0 0
119 100 48 15278 0 0
118 98 47 15282.2 0 0
118 99 47 15289 0 0
125 97 47 15293.3 0 0
121 100 47 15297.5 0 0
119 101 48 15301.7 0 0
119 97 47 15306 0 0
119 101 48 15310.2 0 0
117 98 47 15314.4 0 0
118 101 48 15318.6 0 0
118 98 47 15322.8 0 0
119 97 47 15327 0 0
119 96 47 15331.2 0 0
120 97 47 15335.4 0 0
118 96 47 15339.7 0 0
119 102 48 15343.9 0 0
120 100 47 15348.1 0 0
121 101 48 15352.3 0 0
122 103 48 15356.5 0 0
118 102 48 15360.8 0 0
119 102 48 15365 0 0
121 101 47 15369.2 0 0
118 101 48 15373.4 0 0
120 99 47 15377.6 0 0
120 98 47 15381.9 0 0
120 99 47 15386.1 0 0
120 99 47 15390.3 0 0
118 104 48 15394.5 0 0
122 102 47 15398.7 0 0
119 101 47 15405.6 0 0
120 102 48 15413.9 0 0
120 102 48 15422.4 0 0
123 103 48 15429.7 0 0
119 105 48 15433.9 0 0
122 101 47 15439.1 0 0
120 103 47 15443.3 0 0
118 99 47 15447.5 0 0
119 101 47 15451.7 0 0
122 104 48 15455.9 0 0
123 98 47 15460.2 0 0
124 104 47 15464.4 0 0
122 98 47 15468.6 0 0
121 104 47 15472.8 0 0
122 107 47 15477 0 0
122 111 47 15481.3 0 0
123 110 47 15485.5 0 0
121 110 47 15489.7 0 0
120 103 47 15493.9 0 0
124 112 47 15498.1 0 0
122 107 47 15502.4 0 0
120 105 47 15506.6 0 0
121 104 47 15510.8 0 0
124 104 47 15515 0 0
123 109 47 15519.2 0 0
121 106 47 15523.4 0 0
121 110 47 15527.6 0 0
126 110 47 15531.9 0 0
119 109 46 15539 0 0
119 110 47 15543.2 0 0
122 110 47 15547.4 0 0
123 109 47 15551.6 0 0
123 108 47 15555.8 0 0
120 109 47 15560 0 0
121 111 47 15564.3 0 0
119 110 47 15568.5 0 0
119 107 47 15572.7 0 0
123 110 47 15576.9 0 0
121 107 47 15581.1 0 0
123 110 47 15585.3 0 0
120 110 47 15589.5 0 0
119 109 47 15593.8 0 0
123 105 47 15599.3 0 0
119 109 47 15603.5 0 0
124 109 47 15609.7 0 0
120 109 47 15613.9 0 0
121 105 47 15618.1 0 0
124 106 47 15622.3 0 0
120 107 47 15626.6 0 0
121 107 47 15630.8 0 0
122 103 47 15635 0 0
121 109 47 15639.2 0 0
123 108 47 15643.4 0 0
124 110 47 15647.6 0 0
122 109 47 15651.9 0 0
122 109 0 15656.1 0 0
121 107 47 15660.4 0 0
125 113 47 15664.7 0 0
123 110 47 15668.9 0 0
123 107 47 15673.1 0 0
121 109 47 15677.3 0 0
123 110 47 15681.5 0 0
122 107 47 15685.7 0 0
120 109 47 15690 0 0
121 107 47 15694.2 0 0
120 108 47 15701.3 0 0
122 109 47 15705.5 0 0
119 110 47 15709.8 0 0
121 109 47 15714 0 0
122 106 47 15718.2 0 0
124 109 47 15722.7 0 0
122 109 47 15726.9 0 0
120 108 47 15731.1 0 0
122 110 47 15735.3 0 0
124 110 47 15739.5 0 0
121 107 47 15743.7 0 0
123 107 47 15747.9 0 0
122 110 47 15752.2 0 0
121 110 47 15756.4 0 0
124 109 47 15760.6 0 0
121 106 47 15764.8 0 0
121 109 47 15769 0 0
120 109 47 15773.2 0 0
120 109 47 15777.4 0 0
122 109 47 15781.7 0 0
121 110 47 15788.7 0 0
121 108 47 15793 0 0
121 110 47 15797.2 0 0
119 107 47 15801.4 0 0
124 111 47 15805.6 0 0
120 111 47 15809.8 0 0
120 112 48 15814 0 0
122 110 47 15818.3 0 0
125 106 47 15822.5 0 0
119 110 47 15826.7 0 0
123 106 47 15830.9 0 0
122 109 47 15835.1 0 0
121 108 47 15839.3 0 0
120 109 47 15843.5 0 0
123 109 47 15847.7 0 0
122 109 47 15852 0 0
121 109 47 15856.2 0 0
122 107 47 15860.4 0 0
121 110 47 15864.6 0 0
124 107 47 15868.8 0 0
123 108 47 15873 0 0
120 109 47 15877.3 0 0
120 105 47 15881.5 0 0
121 106 47 15888.6 0 0
122 108 47 15896.9 0 0
119 105 47 15905.1 0 0
121 108 47 15913.6 0 0
121 108 47 15921.9 0 0
120 103 47 15929.7 0 0
117 105 0 15933.9 0 0
122 111 47 15938.6 0 0
121 109 47 15942.8 0 0
122 110 47 15947 0 0
122 112 47 15951.2 0 0
121 108 47 15955.4 0 0
120 103 47 15959.6 0 0
123 106 47 15963.9 0 0
122 107 47 15968.1 0 0
123 106 47 15972.3 0 0
119 108 47 15976.5 0 0
120 106 47 15980.7 0 0
122 106 47 15984.9 0 0
119 104 47 15989.1 0 0
118 110 47 15993.3 0 0
121 104 47 15997.6 0 0
119 107 47 16001.8 0 0
118 114 47 16006 0 0
121 109 47 16010.2 0 0
121 109 47 16014.4 0 0
125 110 47 16018.6 0 0
121 107 47 16022.8 0 0
121 112 47 16027.1 0 0
122 106 47 16031.3 0 0
122 104 47 16036.9 0 0
119 105 47 16041.1 0 0
118 107 47 16046.7 0 0
119 107 47 16051 0 0
124 106 47 16055.3 0 0
118 109 47 16059.5 0 0
121 110 47 16063.8 0 0
119 106 47 16068 0 0
122 109 46 16072.2 0 0
120 105 47 16076.4 0 0
119 109 47 16080.6 0 0
121 112 47 16084.8 0 0
122 109 47 16089 0 0
122 108 47 16093.3 0 0
119 109 47 16097.7 0 0
119 107 47 16102 0 0
121 111 47 16106.2 0 0
120 107 47 16110.4 0 0
121 112 46 16114.6 0 0
121 110 47 16118.9 0 0
121 110 47 16123.1 0 0
120 104 47 16133 0 0
121 107 47 16137.2 0 0
119 107 47 16142.6 0 0
123 107 47 16146.8 0 0
117 108 47 16151 0 0
122 109 47 16155.3 0 0
121 106 47 16159.5 0 0
119 108 47 16163.7 0 0
121 106 47 16167.9 0 0
120 107 47 16172.1 0 0
119 109 47 16176.3 0 0
121 109 48 16180.5 0 0
123 103 47 16184.8 0 0
123 105 47 16189 0 0
122 109 47 16193.2 0 0
121 109 47 16197.4 0 0
117 110 47 16201.6 0 0
123 109 47 16205.8 0 0
119 110 47 16210 0 0
121 109 47 16214.3 0 0
123 108 47 16218.5 0 0
123 109 47 16222.7 0 0
122 111 47 16226.9 0 0
123 110 47 16231.1 0 0
119 109 47 16235.4 0 0
119 108 47 16239.5 0 0
117 110 47 16243.8 0 0
124 109 47 16248 0 0
124 109 47 16252.2 0 0
123 109 47 16257.8 0 0
120 107 47 16262 0 0
120 109 47 16266.2 0 0
122 110 47 16270.4 0 0
123 106 47 16274.6 0 0
120 108 47 16278.8 0 0
121 109 47 16283.1 0 0
124 110 47 16287.3 0 0
122 109 47 16291.5 0 0
119 114 47 16295.7 0 0
121 110 47 16299.9 0 0
122 108 47 16304.1 0 0
121 110 47 16308.4 0 0
122 110 47 16312.6 0 0
120 111 47 16316.8 0 0
120 112 48 16321 0 0
120 109 47 16325.2 0 0
119 108 47 16329.4 0 0
120 112 47 16333.6 0 0
122 109 47 16337.9 0 0
121 108 47 16342.1 0 0
121 111 47 16346.3 0 0
118 110 47 16350.5 0 0
121 111 47 16354.8 0 0
121 112 47 16359 0 0
120 111 47 16363.4 0 0
121 114 47 16367.6 0 0
120 109 47 16371.8 0 0
124 111 47 16376.1 0 0
122 110 47 16380.3 0 0
117 110 47 16384.5 0 0
120 111 47 16388.7 0 0
120 108 47 16392.9 0 0
120 109 47 16397.1 0 0
121 111 47 16401.4 0 0
120 110 47 16405.6 0 0
123 110 47 16409.8 0 0
122 105 47 16414 0 0
122 109 47 16418.2 0 0
123 110 47 16422.4 0 0
121 111 47 16426.6 0 0
119 107 47 16430.8 0 0
124 113 47 16435 0 0
123 113 47 16439.3 0 0
119 107 47 16443.5 0 0
122 115 47 16447.7 0 0
121 110 47 16452 0 0
120 107 47 16456.2 0 0
121 109 47 16460.4 0 0
120 111 47 16464.6 0 0
120 113 47 16468.9 0 0
119 106 47 16474.3 0 0
121 108 47 16478.5 0 0
121 106 47 16482.7 0 0
121 107 47 16487 0 0
118 109 47 16491.2 0 0
120 110 47 16495.4 0 0
120 109 47 16499.6 0 0
119 110 47 16503.8 0 0
121 109 47 16508.1 0 0
126 113 47 16512.3 0 0
121 109 47 16516.5 0 0
122 112 47 16520.7 0 0
121 108 47 16524.9 0 0
122 112 47 16529.1 0 0
123 111 47 16533.4 0 0
122 110 47 16537.6 0 0
121 110 47 16541.8 0 0
123 106 47 16546 0 0
119 109 47 16550.2 0 0
121 106 47 16554.4 0 0
119 108 47 16558.7 0 0
122 111 47 16562.9 0 0
122 109 47 16567.1 0 0
122 111 48 16571.3 0 0
120 110 47 16575.5 0 0
123 109 47 16579.8 0 0
118 109 47 16584 0 0
121 110 47 16588.2 0 0
121 107 47 16592.5 0 0
121 110 47 16596.7 0 0
125 110 47 16600.9 0 0
120 109 47 16605.2 0 0
121 110 47 16609.3 0 0
121 110 47 16613.6 0 0
121 111 47 16617.8 0 0
119 109 47 16622 0 0
122 111 47 16626.2 0 0
120 111 47 16630.5 0 0
122 109 47 16634.7 0 0
122 110 47 16638.9 0 0
121 110 47 16643.1 0 0
122 108 47 16647.3 0 0
121 111 47 16651.5 0 0
123 111 47 16655.7 0 0
122 109 47 16660.1 0 0
121 109 47 16664.4 0 0
123 110 47 16668.6 0 0
124 111 48 16672.8 0 0
123 110 47 16677 0 0
121 104 47 16681.2 0 0
123 107 47 16685.4 0 0
121 110 47 16689.7 0 0
123 109 47 16693.9 0 0
121 106 47 16698.1 0 0
122 107 47 16702.3 0 0
122 109 47 16706.5 0 0
118 113 47 16710.7 0 0
123 111 47 16714.9 0 0
127 110 47 16719.2 0 0
120 108 47 16723.4 0 0
122 113 48 16727.6 0 0
121 107 47 16731.8 0 0
123 109 47 16736 0 0
122 106 47 16740.2 0 0
123 111 47 16744.4 0 0
119 108 47 16748.7 0 0
119 109 47 16752.9 0 0
119 112 47 16757.1 0 0
118 111 47 16761.3 0 0
120 109 47 16765.5 0 0
120 108 47 16769.8 0 0
123 112 47 16774 0 0
120 114 47 16778.2 0 0
121 113 47 16782.4 0 0
121 112 47 16786.6 0 0
122 115 47 16791 0 0
122 116 48 16795.2 0 0
122 113 48 16799.5 0 0
123 112 47 16803.7 0 0
121 109 47 16808 0 0
122 111 48 16812.2 0 0
120 113 48 16816.4 0 0
119 106 47 16820.6 0 0
121 108 47 16824.8 0 0
121 110 47 16829 0 0
120 113 47 16833.3 0 0
120 109 47 16837.5 0 0
121 113 47 16841.7 0 0
121 111 47 16846 0 0
122 107 47 16850.2 0 0
119 110 47 16854.4 0 0
120 112 48 16858.7 0 0
123 113 47 16862.9 0 0
120 110 47 16867.1 0 0
120 113 48 16871.3 0 0
119 110 47 16875.6 0 0
121 109 47 16879.8 0 0
119 112 47 16884 0 0
120 110 47 16888.2 0 0
119 108 47 16892.4 0 0
121 113 48 16896.6 0 0
121 113 48 16903.2 0 0
121 110 47 16907.5 0 0
119 110 47 16913 0 0
120 111 47 16917.3 0 0
119 115 48 16921.5 0 0
120 111 48 16925.9 0 0
117 110 48 16930.1 0 0
122 113 48 16934.4 0 0
120 113 48 16938.6 0 0
121 113 48 16942.8 0 0
123 113 47 16947 0 0
120 111 47 16951.2 0 0
123 109 47 16955.4 0 0
120 107 47 16959.6 0 0
118 112 48 16963.9 0 0
120 111 47 16968.1 0 0
119 107 47 16972.3 0 0
119 107 47 16976.5 0 0
119 107 47 16987.5 0 0
120 114 47 16992.2 0 0
120 115 48 16996.4 0 0
121 113 48 17000.6 0 0
121 113 48 17004.9 0 0
117 109 48 17009.1 0 0
123 111 48 17013.3 0 0
119 110 48 17017.5 0 0
119 113 48 17021.7 0 0
123 111 48 17026.1 0 0
119 109 48 17030.3 0 0
121 113 47 17034.6 0 0
119 110 48 17038.8 0 0
122 109 47 17043 0 0
121 109 48 17047.2 0 0
123 106 47 17054.2 0 0
121 105 47 17058.4 0 0
120 112 48 17062.7 0 0
123 112 48 17066.9 0 0
120 110 48 17071.1 0 0
122 106 47 17075.3 0 0
123 108 48 17079.5 0 0
123 109 47 17083.7 0 0
121 107 48 17087.9 0 0
123 113 48 17092.2 0 0
121 107 47 17096.4 0 0
125 110 48 17100.6 0 0
123 109 48 17104.9 0 0
125 107 47 17109.1 0 0
122 107 47 17113.3 0 0
122 108 47 17117.5 0 0
120 107 47 17121.8 0 0
125 109 48 17126 0 0
123 104 47 17131.1 0 0
121 115 48 17135.3 0 0
120 112 48 17141.6 0 0
121 110 48 17145.8 0 0
123 106 47 17150 0 0
121 109 47 17154.3 0 0
123 107 48 17158.5 0 0
122 106 48 17162.7 0 0
121 111 48 17167 0 0
121 109 48 17171.2 0 0
121 107 47 17175.4 0 0
121 109 48 17179.6 0 0
123 106 47 17183.8 0 0
120 109 48 17188.1 0 0
123 107 47 17192.3 0 0
121 106 47 17196.5 0 0
121 110 48 17200.7 0 0
122 106 48 17204.9 0 0
123 112 48 17209.1 0 0
124 107 48 17213.3 0 0
119 109 48 17217.5 0 0
119 109 0 17221.8 0 0
123 108 48 17226.1 0 0
121 111 48 17230.3 0 0
123 109 48 17234.5 0 0
120 111 48 17238.7 0 0
123 110 48 17245.8 0 0
121 110 47 17250 0 0
123 110 48 17254.2 0 0
123 107 48 17258.4 0 0
123 111 48 17262.6 0 0
123 112 48 17266.8 0 0
119 107 47 17271 0 0
121 110 48 17275.2 0 0
122 107 48 17279.5 0 0
120 107 47 17283.7 0 0
120 112 48 17287.9 0 0
122 107 48 17292.1 0 0
124 111 48 17296.3 0 0
121 108 48 17300.5 0 0
122 106 48 17304.8 0 0
121 109 48 17309 0 0
123 110 48 17313.3 0 0
122 109 48 17317.5 0 0
121 109 48 17321.7 0 0
124 105 47 17325.9 0 0
119 109 48 17330.1 0 0
121 107 48 17334.3 0 0
121 113 48 17341.4 0 0
123 107 47 17350.1 0 0
120 109 48 17358.2 0 0
120 108 48 17366.4 0 0
120 108 48 17374.7 0 0
123 113 47 17382.8 0 0
122 111 48 17387 0 0
122 111 47 17391.4 0 0
121 112 48 17395.6 0 0
121 110 48 17399.8 0 0
124 111 47 17404 0 0
122 109 48 17408.3 0 0
118 113 48 17412.5 0 0
117 113 48 17416.7 0 0
123 115 48 17420.9 0 0
117 111 48 17425.1 0 0
118 109 48 17429.3 0 0
119 110 48 17433.5 0 0
119 109 48 17437.8 0 0
120 110 48 17442 0 0
120 108 47 17446.2 0 0
118 109 48 17450.4 0 0
117 112 48 17454.6 0 0
119 113 48 17458.8 0 0
119 110 48 17463 0 0
120 112 48 17467.3 0 0
118 109 47 17471.5 0 0
121 108 47 17475.7 0 0
119 107 47 17479.9 0 0
117 111 48 17484.1 0 0
120 111 48 17488.3 0 0
119 111 48 17492.5 0 0
121 108 48 17496.8 0 0
119 110 47 17501 0 0
120 110 48 17505.3 0 0
119 112 48 17512 0 0
121 111 48 17516.2 0 0
117 113 48 17520.5 0 0
121 109 48 17524.7 0 0
121 110 47 17528.9 0 0
122 104 47 17533.2 0 0
120 115 48 17537.4 0 0
118 111 48 17541.6 0 0
120 112 47 17545.8 0 0
121 108 47 17550 0 0
119 113 48 17554.2 0 0
121 114 47 17558.4 0 0
117 112 48 17562.7 0 0
118 113 48 17567.1 0 0
118 110 47 17571.3 0 0
122 112 48 17575.5 0 0
118 112 48 17579.7 0 0
119 110 47 17583.9 0 0
120 111 47 17588.1 0 0
119 111 47 17592.4 0 0
120 111 47 17596.6 0 0
121 113 47 17600.8 0 0
117 115 48 17605 0 0
121 112 48 17611.9 0 0
119 112 47 17616.2 0 0
122 113 47 17620.4 0 0
119 109 47 17624.7 0 0
118 104 47 17628.9 0 0
119 112 48 17633.1 0 0
119 107 47 17637.3 0 0
123 106 47 17641.5 0 0
118 112 48 17645.7 0 0
119 113 48 17650 0 0
120 109 47 17654.2 0 0
118 114 48 17658.4 0 0
122 114 48 17662.6 0 0
125 114 48 17666.9 0 0
122 111 48 17671.1 0 0
124 112 47 17675.3 0 0
120 105 47 17679.5 0 0
121 106 47 17683.7 0 0
124 107 47 17688.1 0 0
121 107 47 17692.3 0 0
123 115 48 17696.5 0 0
122 109 48 17700.7 0 0
122 109 48 17705 0 0
122 110 47 17711 0 0
124 113 48 17715.2 0 0
122 114 48 17719.4 0 0
124 113 48 17723.7 0 0
120 110 47 17727.9 0 0
121 112 47 17732.1 0 0
121 111 48 17736.3 0 0
123 109 47 17740.5 0 0
124 114 48 17744.7 0 0
121 113 48 17748.9 0 0
121 113 48 17753.2 0 0
121 113 47 17757.4 0 0
123 113 47 17761.6 0 0
122 114 48 17765.8 0 0
123 111 47 17770 0 0
122 107 47 17774.2 0 0
124 110 47 17778.4 0 0
122 110 47 17782.7 0 0
124 110 47 17786.9 0 0
121 110 47 17791.2 0 0
124 109 47 17795.4 0 0
123 114 48 17799.6 0 0
124 110 47 17803.8 0 0
123 111 47 17808 0 0
122 108 47 17812.2 0 0
123 109 47 17816.4 0 0
123 111 47 17820.7 0 0
123 109 47 17824.9 0 0
123 110 47 17829.1 0 0
124 110 47 17833.3 0 0
121 109 47 17837.5 0 0
124 112 47 17841.7 0 0
123 109 47 17846 0 0
123 111 47 17850.2 0 0
121 111 47 17854.4 0 0
122 108 47 17858.6 0 0
123 111 47 17862.8 0 0
121 111 47 17867 0 0
124 110 47 17871.2 0 0
123 110 47 17875.5 0 0
123 112 47 17879.7 0 0
124 112 47 17883.9 0 0
124 110 47 17888.1 0 0
122 112 48 17892.3 0 0
122 109 47 17896.5 0 0
123 113 47 17900.8 0 0
122 113 48 17905 0 0
123 109 47 17909.2 0 0
124 110 47 17913.4 0 0
121 109 47 17917.6 0 0
122 109 47 17921.8 0 0
123 112 47 17926 0 0
123 109 47 17930.3 0 0
123 110 47 17934.5 0 0
124 112 47 17938.7 0 0
122 110 48 17942.9 0 0
116 106 47 17947.2 0 0
120 109 47 17951.3 0 0
119 109 47 17955.5 0 0
120 113 47 17959.8 0 0
121 109 47 17964 0 0
120 106 47 17968.2 0 0
123 111 47 17972.6 0 0
122 112 47 17976.8 0 0
118 115 47 17981 0 0
120 110 47 17985.2 0 0
118 109 47 17989.4 0 0
120 112 47 17993.6 0 0
120 115 47 17997.8 0 0
122 109 47 18002.1 0 0
120 112 47 18006.3 0 0
122 111 47 18010.5 0 0
121 111 47 18014.7 0 0
123 110 47 18019 0 0
121 113 47 18023.2 0 0
119 110 47 18027.4 0 0
121 111 47 18031.6 0 0
121 109 47 18035.8 0 0
121 109 47 18040 0 0
123 109 47 18044.3 0 0
121 110 47 18048.5 0 0
121 110 47 18052.7 0 0
119 113 48 18056.9 0 0
119 108 47 18061.1 0 0
122 112 47 18065.4 0 0
123 112 47 18069.6 0 0
121 109 47 18073.8 0 0
120 110 47 18078 0 0
122 112 47 18082.2 0 0
122 109 47 18086.4 0 0
121 111 48 18090.6 0 0
122 110 47 18094.9 0 0
124 110 47 18099.2 0 0
123 109 47 18103.4 0 0
122 109 47 18107.6 0 0
119 110 47 18111.8 0 0
120 111 47 18116 0 0
124 110 47 18120.2 0 0
119 110 47 18124.4 0 0
119 113 47 18128.8 0 0
123 108 47 18133 0 0
120 111 47 18137.2 0 0
121 110 47 18141.4 0 0
122 108 47 18145.6 0 0
120 109 47 18149.8 0 0
123 111 47 18154 0 0
120 112 47 18158.2 0 0
120 107 47 18162.5 0 0
121 109 47 18166.7 0 0
122 112 47 18170.9 0 0
124 111 47 18175.1 0 0
120 111 47 18179.3 0 0
121 112 47 18183.5 0 0
122 108 47 18187.7 0 0
124 106 47 18192 0 0
121 113 48 18196.2 0 0
120 112 47 18200.4 0 0
121 110 47 18204.6 0 0
120 110 47 18208.8 0 0
119 107 47 18213.1 0 0
123 108 47 18217.3 0 0
121 110 47 18221.5 0 0
123 106 47 18225.7 0 0
125 109 47 18230 0 0
121 109 47 18234.2 0 0
123 109 47 18238.5 0 0
121 113 47 18242.7 0 0
124 109 47 18246.9 0 0
124 108 47 18251.1 0 0
120 112 47 18255.4 0 0
121 112 47 18259.6 0 0
121 110 47 18263.8 0 0
122 112 47 18268 0 0
120 116 48 18272.2 0 0
121 111 47 18276.4 0 0
122 110 47 18280.7 0 0
121 110 47 18285 0 0
120 112 47 18289.2 0 0
122 109 47 18293.4 0 0
121 107 47 18297.6 0 0
121 111 48 18301.8 0 0
121 116 48 18306 0 0
121 112 47 18310.2 0 0
121 113 47 18314.5 0 0
122 110 47 18318.7 0 0
117 106 47 18323 0 0
125 115 48 18327.2 0 0
123 111 47 18331.4 0 0
121 114 47 18335.6 0 0
123 113 47 18339.8 0 0
120 110 47 18344 0 0
121 110 47 18348.3 0 0
119 113 47 18352.5 0 0
121 113 48 18356.7 0 0
121 109 47 18360.9 0 0
123 108 47 18365.1 0 0
120 113 47 18369.3 0 0
119 111 47 18373.6 0 0
120 111 47 18377.8 0 0
121 109 47 18382 0 0
119 111 47 18386.2 0 0
123 112 48 18390.4 0 0
121 113 47 18394.7 0 0
123 109 47 18398.9 0 0
122 115 47 18403.1 0 0
121 114 47 18407.3 0 0
122 114 47 18411.6 0 0
122 112 48 18415.9 0 0
122 110 47 18420.1 0 0
123 111 47 18424.3 0 0
124 113 47 18428.5 0 0
120 112 47 18432.8 0 0
119 112 47 18437 0 0
119 115 47 18441.2 0 0
123 112 47 18445.4 0 0
122 113 47 18449.6 0 0
121 112 47 18453.8 0 0
123 112 48 18458 0 0
117 114 48 18462.2 0 0
123 109 47 18466.5 0 0
121 110 47 18470.7 0 0
122 114 47 18474.9 0 0
122 113 47 18479.1 0 0
122 111 48 18483.3 0 0
121 108 47 18487.5 0 0
121 112 48 18491.8 0 0
122 115 47 18496 0 0
122 115 47 18500.2 0 0
124 115 47 18504.4 0 0
124 116 47 18508.6 0 0
120 112 47 18512.8 0 0
124 115 47 18517 0 0
122 106 47 18521.2 0 0
122 110 47 18525.5 0 0
124 110 47 18529.7 0 0
121 114 47 18533.9 0 0
123 111 47 18538.2 0 0
121 109 47 18542.6 0 0
120 113 48 18546.8 0 0
121 112 47 18551 0 0
120 110 47 18555.2 0 0
122 111 47 18559.4 0 0
123 112 47 18563.7 0 0
123 109 47 18567.9 0 0
119 113 48 18572.1 0 0
121 113 47 18576.3 0 0
122 115 48 18580.5 0 0
120 112 48 18584.7 0 0
123 107 47 18589 0 0
122 110 47 18593.2 0 0
124 112 47 18597.7 0 0
117 113 47 18601.9 0 0
123 112 47 18606.1 0 0
119 109 47 18610.3 0 0
126 113 48 18614.5 0 0
124 114 47 18618.8 0 0
121 114 47 18623 0 0
121 113 47 18627.2 0 0
124 112 47 18631.4 0 0
121 112 47 18635.7 0 0
122 112 47 18639.9 0 0
123 112 47 18644.1 0 0
121 112 48 18648.3 0 0
121 111 47 18652.5 0 0
121 113 47 18656.7 0 0
121 107 47 18661 0 0
123 113 47 18665.2 0 0
119 113 48 18669.4 0 0
122 112 47 18673.7 0 0
121 110 47 18677.9 0 0
122 112 47 18682.1 0 0
123 110 47 18686.3 0 0
122 112 47 18690.5 0 0
122 112 47 18694.8 0 0
124 111 47 18699 0 0
121 112 47 18703.2 0 0
121 110 47 18707.4 0 0
123 111 47 18711.6 0 0
124 112 47 18715.8 0 0
124 113 47 18720 0 0
121 110 47 18724.3 0 0
122 111 47 18728.5 0 0
119 110 47 18732.7 0 0
118 108 47 18736.9 0 0
120 103 47 18741.1 0 0
119 107 47 18745.4 0 0
117 104 47 18749.6 0 0
119 100 47 18753.8 0 0
120 100 47 18758 0 0
118 101 47 18762.2 0 0
118 102 47 18766.4 0 0
118 99 47 18770.7 0 0
116 101 47 18775 0 0
117 101 47 18779.2 0 0
121 101 47 18783.4 0 0
117 102 47 18787.6 0 0
117 100 47 18791.8 0 0
117 101 47 18796.1 0 0
119 100 47 18800.3 0 0
120 101 47 18804.5 0 0
118 103 47 18808.7 0 0
117 101 47 18812.9 0 0
120 105 47 18817.2 0 0
118 101 47 18821.4 0 0
119 106 47 18825.6 0 0
118 105 47 18829.8 0 0
116 103 47 18834 0 0
119 99 47 18838.2 0 0
119 101 47 18842.4 0 0
119 102 47 18846.6 0 0
119 102 47 18850.9 0 0
117 101 47 18855.1 0 0
123 100 47 18859.3 0 0
117 105 47 18863.5 0 0
122 101 47 18867.7 0 0
116 103 47 18871.9 0 0
119 105 48 18876.2 0 0
119 101 47 18880.4 0 0
117 102 47 18884.6 0 0
118 100 47 18888.8 0 0
117 98 47 18893 0 0
120 104 47 18906.8 0 0
119 102 47 18913 0 0
117 98 47 18917.2 0 0
118 102 47 18921.4 0 0
120 103 47 18925.7 0 0
120 108 47 18930 0 0
117 105 47 18934.2 0 0
118 103 47 18938.4 0 0
119 101 47 18942.6 0 0
118 101 48 18946.8 0 0
118 99 47 18951 0 0
120 104 47 18955.2 0 0
117 102 47 18959.4 0 0
120 104 47 18963.7 0 0
118 102 47 18967.9 0 0
119 101 47 18972.1 0 0
118 106 47 18976.3 0 0
120 103 47 18980.5 0 0
120 107 47 18984.7 0 0
118 102 47 18989 0 0
118 106 47 18993.2 0 0
121 106 47 18997.4 0 0
118 104 47 19001.7 0 0
120 105 47 19005.9 0 0
119 99 47 19010.1 0 0
120 104 47 19014.3 0 0
119 101 47 19018.5 0 0
121 100 47 19022.7 0 0
118 90 47 19026.9 0 0
122 95 47 19031.2 0 0
122 92 47 19035.4 0 0
121 89 47 19039.6 0 0
122 92 47 19043.8 0 0
117 91 47 19048 0 0
120 92 47 19052.2 0 0
119 92 47 19056.5 0 0
120 90 47 19060.7 0 0
120 92 47 19065 0 0
122 89 47 19069.2 0 0
123 92 47 19073.4 0 0
122 91 47 19077.6 0 0
121 89 47 19081.8 0 0
123 92 48 19086.1 0 0
122 91 47 19090.3 0 0
121 90 47 19094.5 0 0
124 91 47 19099.3 0 0
120 91 47 19103.8 0 0
121 91 48 19108 0 0
120 92 47 19112.2 0 0
121 93 47 19116.4 0 0
119 92 47 19120.7 0 0
121 90 47 19124.9 0 0
121 91 47 19129.1 0 0
121 90 47 19133.3 0 0
121 92 47 19137.5 0 0
120 91 47 19141.7 0 0
120 93 47 19145.9 0 0
124 94 47 19150.2 0 0
121 91 47 19154.4 0 0
120 93 47 19158.6 0 0
120 93 47 19162.8 0 0
123 92 47 19167 0 0
121 91 47 19171.2 0 0
122 90 47 19175.4 0 0
121 95 47 19179.6 0 0
119 92 47 19183.9 0 0
123 93 47 19188.1 0 0
123 94 47 19192.4 0 0
121 92 47 19196.6 0 0
120 93 47 19200.8 0 0
121 93 47 19205 0 0
122 94 47 19209.2 0 0
119 94 47 19213.4 0 0
116 91 47 19217.6 0 0
123 91 47 19221.9 0 0
121 92 47 19226.1 0 0
123 92 47 19230.3 0 0
121 91 47 19234.5 0 0
121 92 47 19238.7 0 0
122 90 47 19242.9 0 0
121 93 47 19247.1 0 0
120 92 47 19251.3 0 0
123 93 47 19255.6 0 0
121 90 47 19259.8 0 0
123 92 47 19264 0 0
123 95 47 19268.2 0 0
122 97 48 19272.4 0 0
122 95 47 19276.6 0 0
120 91 47 19280.9 0 0
120 92 47 19285.2 0 0
126 92 47 19289.4 0 0
121 93 47 19293.6 0 0
123 92 47 19297.8 0 0
123 91 47 19302 0 0
121 92 47 19306.2 0 0
121 91 47 19310.5 0 0
123 97 48 19314.7 0 0
122 92 47 19318.9 0 0
122 93 48 19323.1 0 0
124 89 47 19327.3 0 0
122 92 47 19331.5 0 0
123 93 47 19335.8 0 0
121 91 47 19340 0 0
123 93 47 19344.2 0 0
121 91 47 19348.5 0 0
121 93 47 19352.7 0 0
122 92 47 19356.9 0 0
120 91 47 19361.1 0 0
124 91 47 19365.3 0 0
123 91 47 19369.5 0 0
120 88 47 19373.8 0 0
123 91 47 19378 0 0
122 91 47 19382.2 0 0
123 91 47 19386.4 0 0
122 91 47 19390.6 0 0
118 93 47 19394.8 0 0
121 91 47 19399 0 0
122 90 47 19403.2 0 0
122 93 47 19407.5 0 0
124 93 47 19411.7 0 0
121 90 47 19416.1 0 0
120 91 47 19420.6 0 0
121 93 47 19424.8 0 0
119 95 47 19429 0 0
121 90 47 19433.2 0 0
120 96 47 19437.4 0 0
118 95 48 19441.7 0 0
122 95 48 19445.9 0 0
120 95 47 19450.1 0 0
121 89 47 19454.3 0 0
122 95 47 19458.5 0 0
120 90 47 19462.7 0 0
122 96 47 19466.9 0 0
121 93 47 19471.2 0 0
119 90 48 19475.4 0 0
124 94 47 19479.6 0 0
122 93 47 19483.8 0 0
122 90 47 19488 0 0
121 92 47 19492.5 0 0
120 95 48 19496.7 0 0
121 92 47 19500.9 0 0
124 93 48 19505.2 0 0
123 93 47 19509.4 0 0
121 91 47 19513.6 0 0
122 92 47 19517.8 0 0
122 93 47 19522 0 0
122 95 48 19526.3 0 0
122 92 47 19530.5 0 0
118 94 47 19534.7 0 0
121 102 48 19538.9 0 0
120 99 47 19543.2 0 0
123 100 47 19547.4 0 0
118 97 47 19551.6 0 0
121 102 47 19555.8 0 0
123 99 47 19560 0 0
121 97 47 19564.3 0 0
121 102 48 19568.5 0 0
119 94 47 19572.7 0 0
123 98 47 19577 0 0
120 100 47 19581.2 0 0
120 96 47 19585.4 0 0
124 103 48 19589.6 0 0
118 99 47 19593.8 0 0
122 98 47 19598 0 0
124 100 47 19602.2 0 0
120 102 48 19606.5 0 0
122 101 47 19610.7 0 0
120 98 47 19614.9 0 0
119 101 47 19619.1 0 0
122 102 47 19623.3 0 0
122 97 47 19627.5 0 0
121 105 48 19631.8 0 0
118 98 47 19636 0 0
123 99 47 19640.2 0 0
121 97 47 19644.5 0 0
123 97 47 19648.7 0 0
120 100 48 19652.9 0 0
119 100 48 19657.2 0 0
122 97 47 19661.4 0 0
119 100 48 19666 0 0
124 99 47 19670.3 0 0
120 97 47 19674.5 0 0
124 102 47 19678.7 0 0
119 100 47 19682.9 0 0
120 98 47 19687.3 0 0
120 99 47 19691.5 0 0
121 100 48 19695.7 0 0
119 102 47 19699.9 0 0
121 100 48 19704.1 0 0
121 98 47 19708.3 0 0
121 103 47 19712.6 0 0
116 98 47 19716.8 0 0
123 101 47 19721 0 0
124 103 48 19725.2 0 0
121 96 47 19729.5 0 0
122 103 48 19733.7 0 0
121 100 47 19737.9 0 0
121 99 47 19742.1 0 0
122 100 47 19746.3 0 0
121 100 47 19750.5 0 0
121 96 47 19754.8 0 0
122 105 48 19759 0 0
121 96 47 19763.2 0 0
124 99 47 19767.4 0 0
119 103 48 19771.6 0 0
123 98 47 19775.8 0 0
121 98 47 19780.1 0 0
121 101 47 19784.3 0 0
121 100 47 19788.5 0 0
120 100 47 19792.7 0 0
121 103 47 19796.9 0 0
118 96 47 19801.1 0 0
121 97 47 19805.3 0 0
120 103 47 19809.5 0 0
120 97 48 19813.8 0 0
121 103 47 19818 0 0
118 97 47 19822.2 0 0
118 101 47 19826.5 0 0
122 98 47 19830.7 0 0
120 98 47 19834.9 0 0
120 103 48 19839.1 0 0
123 99 47 19843.3 0 0
123 100 47 19847.6 0 0
123 100 47 19851.8 0 0
117 98 47 19856.1 0 0
120 102 47 19860.3 0 0
123 104 48 19864.5 0 0
120 97 47 19868.7 0 0
120 98 47 19872.9 0 0
121 97 47 19877.1 0 0
120 99 47 19881.3 0 0
121 97 47 19885.6 0 0
119 96 47 19889.8 0 0
122 100 48 19894 0 0
118 100 48 19898.2 0 0
119 98 47 19902.4 0 0
121 106 48 19906.7 0 0
120 100 48 19910.9 0 0
122 103 47 19915.1 0 0
121 98 47 19919.3 0 0
121 100 47 19923.6 0 0
121 100 47 19927.8 0 0
121 100 47 19932 0 0
123 102 47 19936.2 0 0
119 101 47 19940.4 0 0
119 104 47 19944.7 0 0
120 104 47 19948.9 0 0
121 108 47 19953.1 0 0
121 112 48 19957.3 0 0
118 109 48 19961.5 0 0
120 107 47 19965.7 0 0
119 108 47 19970 0 0
120 109 47 19974.5 0 0
120 110 47 19978.7 0 0
120 102 47 19982.9 0 0
120 104 47 19987.1 0 0
120 107 48 19991.3 0 0
121 106 47 19995.5 0 0
119 105 47 19999.7 0 0
119 102 47 20004 0 0
119 107 47 20008.2 0 0
120 110 47 20012.4 0 0
120 104 47 20016.6 0 0
118 110 48 20020.8 0 0
117 107 48 20025.1 0 0
119 110 47 20029.3 0 0
119 106 48 20033.5 0 0
123 103 47 20037.7 0 0
121 106 47 20041.9 0 0
118 106 48 20046.1 0 0
124 109 47 20050.3 0 0
117 109 48 20054.6 0 0
120 105 48 20058.8 0 0
121 106 47 20063 0 0
123 105 47 20067.2 0 0
119 105 47 20071.5 0 0
121 104 47 20075.7 0 0
121 105 47 20079.9 0 0
120 107 47 20084.1 0 0
121 107 47 20088.3 0 0
120 109 48 20092.5 0 0
117 110 48 20096.7 0 0
116 106 47 20100.9 0 0
122 107 48 20105.2 0 0
120 106 47 20109.4 0 0
115 101 47 20113.6 0 0
120 106 47 20117.8 0 0
118 106 47 20122 0 0
117 107 48 20126.2 0 0
121 106 47 20130.5 0 0
119 104 47 20134.7 0 0
121 109 48 20138.9 0 0
122 108 47 20143.2 0 0
120 108 48 20147.3 0 0
121 109 48 20151.6 0 0
120 104 47 20155.8 0 0
119 109 48 20160.3 0 0
118 111 48 20164.5 0 0
121 102 47 20168.7 0 0
120 107 47 20172.9 0 0
117 110 48 20177.1 0 0
120 106 48 20181.3 0 0
122 111 47 20185.5 0 0
119 102 47 20189.8 0 0
121 107 48 20194 0 0
118 110 48 20198.2 0 0
118 107 47 20202.4 0 0
120 103 47 20206.7 0 0
119 106 48 20210.8 0 0
116 103 47 20215.1 0 0
123 112 48 20219.3 0 0
121 107 48 20223.5 0 0
123 103 47 20227.8 0 0
118 105 47 20232 0 0
120 103 47 20236.2 0 0
122 108 47 20240.4 0 0
120 107 48 20244.6 0 0
123 108 48 20248.8 0 0
119 103 47 20253 0 0
122 108 48 20257.2 0 0
120 110 47 20261.5 0 0
119 108 48 20265.7 0 0
121 110 48 20269.9 0 0
117 107 47 20274.1 0 0
119 108 47 20278.3 0 0
121 111 48 20282.6 0 0
119 109 48 20286.8 0 0
119 107 47 20291 0 0
119 104 47 20295.2 0 0
122 110 47 20299.4 0 0
120 109 48 20303.6 0 0
119 107 48 20307.9 0 0
123 106 47 20312.1 0 0
118 110 48 20316.3 0 0
120 105 47 20320.7 0 0
122 103 47 20324.9 0 0
119 104 47 20329.1 0 0
121 106 47 20333.3 0 0
122 107 47 20337.5 0 0
118 103 47 20341.7 0 0
119 106 47 20345.9 0 0
121 106 47 20350.1 0 0
118 112 48 20354.4 0 0
121 106 47 20358.6 0 0
117 109 47 20362.8 0 0
118 104 48 20367 0 0
123 109 47 20371.2 0 0
121 106 47 20375.4 0 0
119 110 48 20379.7 0 0
116 109 48 20383.9 0 0
117 107 47 20388.1 0 0
119 107 47 20392.3 0 0
121 107 47 20396.5 0 0
120 108 47 20400.7 0 0
121 107 48 20404.9 0 0
121 109 48 20409.2 0 0
118 112 48 20413.4 0 0
121 109 48 20417.7 0 0
117 110 48 20421.9 0 0
120 109 47 20426.1 0 0
119 107 47 20430.4 0 0
121 111 48 20434.6 0 0
118 107 47 20438.9 0 0
118 106 48 20443.1 0 0
120 106 47 20447.3 0 0
118 109 48 20452.4 0 0
119 109 47 20456.6 0 0
123 110 48 20460.8 0 0
123 106 47 20465 0 0
118 108 48 20469.3 0 0
118 109 48 20473.5 0 0
122 112 48 20477.7 0 0
117 103 47 20481.9 0 0
120 110 48 20486.1 0 0
120 112 47 20490.3 0 0
119 103 47 20494.5 0 0
119 112 47 20498.8 0 0
116 108 48 20503 0 0
121 109 47 20507.2 0 0
120 108 47 20511.4 0 0
120 110 48 20515.6 0 0
119 109 47 20519.8 0 0
119 110 48 20524 0 0
122 112 48 20528.2 0 0
117 110 47 20532.5 0 0
120 105 47 20536.7 0 0
119 110 47 20540.9 0 0
119 108 47 20545.1 0 0
121 106 47 20549.3 0 0
120 107 47 20553.5 0 0
119 112 48 20557.7 0 0
117 106 48 20562 0 0
119 103 47 20566.2 0 0
120 109 48 20570.4 0 0
121 105 47 20574.6 0 0
121 107 48 20578.8 0 0
121 109 48 20583 0 0
119 108 48 20587.2 0 0
120 107 47 20591.5 0 0
116 109 48 20595.7 0 0
121 105 47 20599.9 0 0
117 107 48 20604.1 0 0
121 111 48 20608.4 0 0
119 110 48 20612.6 0 0
120 108 48 20616.8 0 0
121 108 47 20621 0 0
118 111 48 20625.2 0 0
121 109 47 20630.1 0 0
119 107 47 20634.3 0 0
118 110 48 20638.5 0 0
118 110 48 20642.8 0 0
120 109 48 20647 0 0
120 110 47 20651.2 0 0
121 104 47 20655.4 0 0
123 112 48 20659.7 0 0
119 109 48 20663.9 0 0
120 109 47 20668.1 0 0
121 109 47 20672.3 0 0
121 107 47 20676.5 0 0
121 110 48 20680.7 0 0
123 109 47 20684.9 0 0
121 104 47 20689.1 0 0
121 107 47 20693.3 0 0
118 108 47 20697.5 0 0
119 109 48 20701.8 0 0
120 107 47 20706 0 0
120 105 47 20710.2 0 0
120 106 47 20714.4 0 0
121 110 48 20718.6 0 0
117 108 47 20722.8 0 0
118 109 48 20727 0 0
120 113 48 20731.3 0 0
118 112 48 20735.5 0 0
118 109 48 20739.7 0 0
118 109 48 20743.9 0 0
121 106 47 20748.1 0 0
120 108 47 20752.3 0 0
119 112 48 20756.5 0 0
123 110 48 20760.8 0 0
119 111 48 20765 0 0
117 110 48 20769.2 0 0
121 106 47 20773.5 0 0
119 109 47 20777.8 0 0
122 113 48 20782.1 0 0
122 107 47 20786.3 0 0
120 107 47 20790.5 0 0
118 108 47 20794.7 0 0
118 112 48 20798.9 0 0
121 110 48 20803.1 0 0
121 106 47 20807.3 0 0
120 110 47 20811.6 0 0
120 108 48 20815.8 0 0
118 112 47 20820 0 0
117 107 47 20824.2 0 0
119 110 48 20828.4 0 0
121 110 47 20832.6 0 0
120 109 48 20836.8 0 0
119 110 48 20841 0 0
121 110 48 20845.3 0 0
120 107 47 20849.5 0 0
123 108 47 20854 0 0
121 108 47 20858.2 0 0
122 101 47 20862.4 0 0
123 110 47 20866.6 0 0
117 108 48 20870.8 0 0
118 107 48 20875 0 0
119 110 48 20879.2 0 0
116 107 48 20883.5 0 0
121 106 47 20887.7 0 0
121 105 47 20891.9 0 0
120 106 47 20896.1 0 0
120 109 47 20903.6 0 0
122 109 48 20907.8 0 0
121 108 47 20912.1 0 0
119 109 48 20916.3 0 0
119 108 47 20920.5 0 0
121 109 47 20924.7 0 0
117 109 48 20928.9 0 0
122 110 47 20933.1 0 0
121 107 48 20937.3 0 0
120 107 47 20941.6 0 0
118 109 47 20945.8 0 0
118 108 47 20950 0 0
121 112 48 20954.2 0 0
119 107 47 20958.4 0 0
119 108 47 20962.6 0 0
119 111 47 20966.8 0 0
123 102 47 20971.1 0 0
123 109 47 20975.3 0 0
117 101 47 20979.5 0 0
121 105 47 20983.7 0 0
121 112 48 20987.9 0 0
120 102 47 20992.1 0 0
118 110 48 20996.4 0 0
121 110 48 21000.6 0 0
119 104 47 21004.8 0 0
117 107 47 21009 0 0
