124 117 46 23035.4 0 0
128 119 47 23039.7 0 0
126 116 46 23043.9 0 0
126 118 47 23048.1 0 0
125 118 46 23052.3 0 0
123 115 46 23056.5 0 0
125 115 47 23060.7 0 0
127 115 46 23065 0 0
125 116 47 23069.2 0 0
127 118 47 23073.4 0 0
124 115 46 23077.6 0 0
125 116 46 23081.8 0 0
125 116 46 23086 0 0
125 115 46 23090.3 0 0
128 119 47 23094.5 0 0
124 116 47 23098.7 0 0
124 117 47 23102.9 0 0
124 116 47 23107.1 0 0
125 119 47 23111.3 0 0
125 118 46 23115.5 0 0
126 114 47 23119.7 0 0
124 116 46 23123.9 0 0
125 118 47 23128.1 0 0
125 116 47 23132.4 0 0
123 117 47 23136.6 0 0
125 120 47 23143.6 0 0
124 121 47 23147.8 0 0
124 116 47 23152 0 0
124 114 47 23156.2 0 0
125 122 47 23160.5 0 0
126 118 47 23164.7 0 0
127 121 47 23168.9 0 0
126 118 47 23173.2 0 0
125 118 47 23177.4 0 0
126 118 47 23181.6 0 0
124 118 47 23185.8 0 0
123 118 47 23190 0 0
126 118 47 23194.2 0 0
122 116 47 23198.4 0 0
127 118 47 23202.6 0 0
125 117 47 23206.9 0 0
124 115 47 23211.1 0 0
125 118 47 23215.3 0 0
126 115 47 23219.5 0 0
123 114 47 23223.7 0 0
122 114 47 23227.9 0 0
125 117 47 23232.2 0 0
127 113 47 23236.4 0 0
123 113 47 23243.3 0 0
123 111 47 23247.5 0 0
126 116 47 23251.8 0 0
124 113 47 23256 0 0
123 116 47 23260.2 0 0
124 114 47 23264.4 0 0
123 114 47 23268.7 0 0
125 115 47 23272.9 0 0
128 114 47 23277.1 0 0
123 114 47 23281.3 0 0
125 112 47 23285.5 0 0
127 110 47 23289.8 0 0
128 99 47 23294 0 0
130 98 47 23298.2 0 0
124 92 47 23302.5 0 0
125 90 47 23306.7 0 0
127 91 47 23310.9 0 0
125 93 47 23315.1 0 0
125 97 47 23319.3 0 0
128 94 47 23323.5 0 0
126 94 47 23327.7 0 0
127 93 48 23331.9 0 0
127 86 47 23336.2 0 0
127 86 47 23340.4 0 0
125 87 47 23344.6 0 0
124 86 47 23348.8 0 0
127 87 47 23353 0 0
127 83 47 23359.9 0 0
127 87 47 23364.2 0 0
127 89 47 23368.4 0 0
126 88 47 23372.6 0 0
128 90 47 23376.8 0 0
124 88 47 23381 0 0
126 87 47 23385.2 0 0
127 86 47 23389.5 0 0
125 87 47 23393.7 0 0
125 87 47 23397.9 0 0
128 90 47 23402.1 0 0
125 85 47 23406.3 0 0
125 87 47 23410.5 0 0
127 86 47 23414.7 0 0
126 89 47 23419 0 0
124 87 47 23423.2 0 0
128 88 47 23427.4 0 0
126 88 47 23431.6 0 0
125 88 47 23435.8 0 0
123 89 47 23440 0 0
125 87 47 23444.2 0 0
123 90 47 23448.5 0 0
126 88 47 23452.7 0 0
125 88 47 23456.9 0 0
125 88 47 23461.1 0 0
126 89 47 23465.3 0 0
126 90 47 23469.5 0 0
128 88 46 23473.7 0 0
123 90 46 23477.9 0 0
124 90 46 23484.8 0 0
127 88 46 23489 0 0
125 89 46 23493.3 0 0
127 87 46 23497.5 0 0
125 88 46 23501.7 0 0
127 89 46 23505.9 0 0
125 89 46 23510.1 0 0
126 90 45 23514.3 0 0
125 88 46 23518.6 0 0
126 87 45 23522.8 0 0
128 91 45 23527 0 0
127 93 45 23531.2 0 0
124 90 46 23535.4 0 0
127 93 45 23539.7 0 0
127 89 45 23543.9 0 0
126 91 45 23548.1 0 0
125 91 45 23552.3 0 0
126 87 45 23556.5 0 0
128 89 45 23560.8 0 0
125 89 45 23565 0 0
126 90 45 23569.2 0 0
126 90 45 23573.4 0 0
124 88 45 23577.6 0 0
129 89 45 23581.8 0 0
125 85 45 23586.1 0 0
127 90 44 23592.9 0 0
128 89 44 23597.2 0 0
127 90 44 23601.4 0 0
126 90 44 23605.7 0 0
126 88 44 23609.9 0 0
123 89 44 23614.1 0 0
124 87 44 23618.3 0 0
127 88 44 23622.5 0 0
127 87 44 23626.8 0 0
126 87 44 23631 0 0
127 89 44 23635.2 0 0
126 88 44 23639.4 0 0
129 89 43 23643.6 0 0
126 88 44 23647.8 0 0
127 88 44 23652 0 0
127 89 43 23656.3 0 0
126 88 43 23660.5 0 0
126 90 44 23664.7 0 0
126 88 43 23668.9 0 0
126 88 43 23673.2 0 0
126 90 43 23677.4 0 0
126 88 43 23681.6 0 0
128 89 43 23685.8 0 0
127 88 43 23690 0 0
126 88 43 23694.2 0 0
125 88 43 23698.4 0 0
125 90 43 23705.6 0 0
125 91 43 23709.8 0 0
124 89 44 23714 0 0
125 90 43 23718.2 0 0
126 91 43 23722.4 0 0
125 92 43 23726.6 0 0
125 92 0 23730.9 0 0
126 91 43 23735.1 0 0
126 92 43 23739.3 0 0
125 85 43 23743.5 0 0
126 92 43 23747.7 0 0
126 90 43 23751.9 0 0
127 92 43 23756.2 0 0
125 90 43 23760.4 0 0
127 88 43 23764.6 0 0
127 93 43 23768.8 0 0
124 91 43 23773 0 0
127 88 43 23777.2 0 0
122 91 43 23781.4 0 0
125 90 43 23785.7 0 0
125 92 43 23789.9 0 0
124 91 43 23794.1 0 0
126 87 43 23798.3 0 0
125 88 43 23802.6 0 0
126 86 43 23809.5 0 0
125 87 43 23813.7 0 0
126 90 43 23817.9 0 0
124 85 43 23822.1 0 0
126 88 43 23826.3 0 0
127 91 43 23830.5 0 0
126 90 43 23834.8 0 0
125 90 43 23839 0 0
123 85 43 23843.2 0 0
123 85 0 23847.4 0 0
124 88 43 23851.7 0 0
124 88 43 23855.9 0 0
128 89 43 23860.1 0 0
127 92 43 23864.3 0 0
126 92 43 23868.5 0 0
127 91 43 23872.8 0 0
124 91 43 23877 0 0
125 93 43 23881.2 0 0
124 91 43 23885.4 0 0
129 94 43 23889.6 0 0
123 90 43 23893.9 0 0
126 90 43 23898.1 0 0
124 94 43 23902.3 0 0
124 89 43 23906.5 0 0
124 93 43 23910.7 0 0
126 89 43 23917.8 0 0
128 89 43 23922.1 0 0
125 87 43 23926.3 0 0
125 90 43 23930.5 0 0
126 88 43 23934.7 0 0
125 87 43 23938.9 0 0
125 88 43 23943.1 0 0
128 88 43 23947.4 0 0
126 89 43 23951.6 0 0
124 89 44 23955.8 0 0
125 89 43 23960.2 0 0
124 91 44 23964.4 0 0
124 92 43 23968.6 0 0
125 91 44 23972.8 0 0
126 94 43 23977 0 0
127 91 44 23981.3 0 0
125 89 44 23985.5 0 0
125 87 43 23989.7 0 0
128 90 43 23993.9 0 0
128 90 43 23998.1 0 0
125 88 44 24003.2 0 0
124 91 44 24007.5 0 0
125 93 44 24011.7 0 0
127 95 43 24015.9 0 0
122 98 43 24020.2 0 0
123 115 43 24024.4 0 0
127 124 43 24028.6 0 0
128 137 43 24032.8 0 0
127 143 43 24037 0 0
124 150 43 24041.2 0 0
123 161 43 24045.4 0 0
128 168 43 24049.7 0 0
124 171 43 24053.8 0 0
131 180 43 24058.1 0 0
126 176 43 24062.3 0 0
126 178 43 24066.5 0 0
126 177 43 24070.7 0 0
128 177 43 24074.9 0 0
127 189 43 24079.1 0 0
131 188 43 24083.4 0 0
128 189 43 24087.6 0 0
126 188 43 24091.8 0 0
128 189 43 24096 0 0
128 188 43 24100.2 0 0
131 180 43 24104.4 0 0
127 191 43 24108.7 0 0
132 182 43 24112.9 0 0
127 177 43 24117.1 0 0
129 185 43 24121.3 0 0
132 183 43 24125.5 0 0
127 176 43 24129.7 0 0
131 182 43 24133.9 0 0
127 178 43 24138.1 0 0
131 182 43 24142.3 0 0
129 181 43 24146.6 0 0
133 181 43 24150.8 0 0
128 179 43 24155 0 0
130 177 43 24159.2 0 0
128 178 43 24163.4 0 0
129 182 44 24167.6 0 0
129 178 43 24171.9 0 0
130 180 43 24176.1 0 0
129 179 43 24180.3 0 0
130 178 43 24184.5 0 0
130 182 43 24188.7 0 0
131 181 43 24192.9 0 0
130 181 43 24197.1 0 0
132 183 43 24201.3 0 0
131 185 44 24205.6 0 0
129 182 43 24209.8 0 0
130 181 44 24214 0 0
132 183 43 24218.2 0 0
130 184 43 24222.4 0 0
131 181 44 24226.6 0 0
131 182 43 24230.8 0 0
134 185 43 24235.1 0 0
130 182 44 24239.3 0 0
132 183 44 24243.5 0 0
130 180 44 24247.7 0 0
130 181 43 24251.9 0 0
130 184 44 24256.1 0 0
132 187 44 24260.3 0 0
133 185 44 24264.6 0 0
135 186 44 24268.8 0 0
132 187 44 24273 0 0
135 187 44 24277.2 0 0
129 186 44 24281.4 0 0
132 183 44 24285.7 0 0
131 184 44 24289.9 0 0
133 189 44 24294.1 0 0
136 190 44 24298.3 0 0
135 189 44 24302.5 0 0
129 184 44 24306.8 0 0
137 190 44 24311 0 0
135 191 44 24315.2 0 0
129 185 44 24319.4 0 0
133 187 44 24323.6 0 0
134 184 44 24327.8 0 0
132 172 44 24332 0 0
130 158 45 24336.3 0 0
126 149 44 24340.5 0 0
127 133 44 24344.7 0 0
124 132 45 24348.9 0 0
121 122 45 24353.1 0 0
123 112 45 24357.4 0 0
124 108 45 24361.6 0 0
128 101 45 24365.8 0 0
124 91 45 24370 0 0
130 86 45 24374.2 0 0
131 82 45 24378.4 0 0
129 83 45 24382.6 0 0
127 84 45 24386.8 0 0
126 81 45 24391.1 0 0
128 79 45 24395.3 0 0
129 82 45 24399.5 0 0
127 77 46 24403.7 0 0
127 75 45 24407.9 0 0
131 75 45 24412.1 0 0
130 78 45 24416.3 0 0
127 79 45 24420.6 0 0
129 73 46 24424.8 0 0
128 78 45 24429 0 0
129 77 45 24433.2 0 0
129 76 45 24437.4 0 0
129 74 45 24441.6 0 0
129 78 45 24445.8 0 0
130 77 45 24450 0 0
128 75 46 24454.3 0 0
127 80 45 24458.5 0 0
128 76 45 24462.7 0 0
129 79 46 24466.9 0 0
129 77 46 24471.1 0 0
130 78 46 24475.3 0 0
128 77 45 24479.5 0 0
131 79 46 24483.8 0 0
129 77 46 24488.1 0 0
129 74 46 24492.3 0 0
128 80 46 24496.5 0 0
130 77 46 24500.7 0 0
130 79 46 24505 0 0
128 79 46 24509.2 0 0
129 79 46 24513.4 0 0
129 77 46 24517.6 0 0
130 75 46 24521.8 0 0
132 77 46 24526 0 0
129 77 46 24530.3 0 0
129 75 46 24534.5 0 0
129 78 46 24538.8 0 0
127 77 46 24543 0 0
128 78 46 24547.2 0 0
128 80 46 24551.4 0 0
128 78 46 24555.6 0 0
127 80 46 24559.8 0 0
129 79 46 24564 0 0
129 80 46 24568.2 0 0
129 77 46 24572.5 0 0
131 77 46 24576.7 0 0
129 80 46 24580.9 0 0
128 78 46 24585.2 0 0
129 77 46 24589.4 0 0
125 80 46 24593.6 0 0
129 76 46 24597.8 0 0
128 79 46 24602 0 0
128 78 46 24606.2 0 0
128 77 46 24610.5 0 0
126 76 46 24614.7 0 0
126 80 46 24618.9 0 0
128 78 46 24623.1 0 0
129 80 46 24627.3 0 0
128 78 46 24631.5 0 0
127 78 46 24635.7 0 0
127 77 46 24640 0 0
129 78 46 24644.2 0 0
128 79 46 24648.4 0 0
127 80 46 24652.6 0 0
128 76 46 24656.8 0 0
127 81 46 24661 0 0
127 79 46 24665.2 0 0
128 79 46 24669.5 0 0
128 79 46 24673.7 0 0
130 78 46 24677.9 0 0
129 80 46 24682.1 0 0
129 80 46 24686.3 0 0
127 82 46 24690.5 0 0
130 79 47 24694.7 0 0
126 79 46 24698.9 0 0
126 81 46 24703.1 0 0
126 77 46 24707.3 0 0
127 81 46 24711.5 0 0
124 77 46 24715.8 0 0
118 75 47 24720 0 0
111 70 47 24724.2 0 0
108 66 47 24728.4 0 0
100 56 47 24732.6 0 0
97 54 47 24736.8 0 0
89 49 47 24741 0 0
85 42 47 24745.2 0 0
83 35 47 24749.5 0 0
81 34 46 24753.7 0 0
84 36 46 24757.9 0 0
81 40 46 24762.1 0 0
80 41 46 24766.3 0 0
82 36 47 24770.5 0 0
79 38 47 24774.8 0 0
80 34 47 24779 0 0
79 34 47 24783.2 0 0
79 35 47 24787.4 0 0
81 37 47 24791.6 0 0
81 35 47 24795.8 0 0
79 35 47 24800 0 0
82 36 47 24804.3 0 0
82 35 47 24808.5 0 0
80 38 46 24812.8 0 0
82 36 47 24817 0 0
83 36 47 24821.2 0 0
80 35 47 24825.4 0 0
83 33 47 24829.6 0 0
80 34 47 24833.9 0 0
82 37 47 24838.1 0 0
81 34 47 24842.3 0 0
81 32 47 24846.5 0 0
81 35 47 24850.7 0 0
81 32 47 24855 0 0
81 34 47 24859.2 0 0
84 35 47 24863.4 0 0
80 33 47 24867.6 0 0
82 34 47 24871.8 0 0
83 32 47 24876 0 0
80 35 47 24880.3 0 0
83 37 47 24884.5 0 0
79 35 47 24888.7 0 0
81 37 47 24892.9 0 0
81 32 47 24897.2 0 0
79 35 47 24901.4 0 0
81 34 47 24905.6 0 0
82 32 47 24909.8 0 0
84 33 47 24914.1 0 0
81 36 47 24918.3 0 0
82 37 47 24922.5 0 0
81 35 47 24926.7 0 0
80 37 47 24930.9 0 0
82 37 48 24935.1 0 0
81 37 47 24939.3 0 0
82 35 47 24943.6 0 0
82 35 47 24947.8 0 0
81 37 47 24952 0 0
80 35 47 24956.2 0 0
83 35 47 24960.5 0 0
82 33 47 24964.7 0 0
80 33 47 24968.9 0 0
86 36 47 24973.1 0 0
80 32 47 24977.3 0 0
83 34 48 24981.5 0 0
82 32 47 24985.7 0 0
83 34 47 24989.9 0 0
82 36 47 24994.1 0 0
82 40 47 24998.3 0 0
82 37 48 25002.5 0 0
82 37 47 25006.8 0 0
80 37 48 25011 0 0
82 39 47 25015.2 0 0
78 38 47 25019.4 0 0
81 37 47 25023.6 0 0
84 38 47 25027.8 0 0
81 38 47 25032 0 0
83 37 48 25036.3 0 0
82 39 47 25040.5 0 0
82 38 48 25044.7 0 0
82 39 47 25048.9 0 0
83 35 47 25053.1 0 0
83 37 48 25057.3 0 0
83 35 47 25061.6 0 0
82 37 47 25065.8 0 0
82 39 48 25070 0 0
82 36 47 25074.2 0 0
80 37 47 25078.4 0 0
82 35 47 25082.7 0 0
79 38 48 25086.9 0 0
78 36 48 25091.1 0 0
84 36 48 25095.3 0 0
83 37 47 25099.5 0 0
82 38 48 25103.7 0 0
83 39 47 25108 0 0
81 37 47 25112.2 0 0
83 38 47 25116.4 0 0
84 36 47 25120.6 0 0
79 35 47 25124.8 0 0
83 35 47 25129 0 0
82 35 47 25133.2 0 0
83 37 47 25137.5 0 0
82 35 47 25141.7 0 0
81 36 47 25145.9 0 0
83 38 47 25150.1 0 0
82 40 48 25154.3 0 0
83 36 47 25158.5 0 0
82 38 47 25162.7 0 0
82 39 48 25166.9 0 0
80 36 47 25171.2 0 0
83 37 48 25175.4 0 0
81 38 47 25179.6 0 0
83 37 48 25183.8 0 0
83 39 47 25188 0 0
81 39 48 25192.2 0 0
81 35 47 25196.4 0 0
81 38 48 25200.7 0 0
83 37 47 25204.9 0 0
83 38 47 25209.1 0 0
80 36 48 25213.3 0 0
83 36 48 25217.5 0 0
79 39 48 25221.7 0 0
81 41 47 25225.9 0 0
82 37 47 25230.1 0 0
81 36 48 25234.4 0 0
84 37 48 25238.6 0 0
81 37 47 25242.8 0 0
82 37 47 25247 0 0
81 37 48 25251.2 0 0
83 36 48 25255.5 0 0
83 37 48 25259.7 0 0
82 37 47 25263.9 0 0
82 39 48 25268.1 0 0
81 36 47 25272.3 0 0
82 38 48 25276.5 0 0
81 37 47 25280.7 0 0
84 50 48 25284.9 0 0
91 59 47 25289.1 0 0
97 73 47 25293.4 0 0
105 86 47 25297.6 0 0
111 101 47 25301.8 0 0
115 112 47 25306 0 0
121 115 47 25310.2 0 0
117 123 47 25314.4 0 0
118 133 46 25318.7 0 0
124 131 47 25323 0 0
121 142 47 25327.2 0 0
124 154 47 25331.5 0 0
122 155 46 25335.7 0 0
126 158 47 25339.9 0 0
126 155 47 25344.1 0 0
125 158 46 25348.3 0 0
126 159 46 25352.5 0 0
125 161 46 25356.8 0 0
125 153 46 25361 0 0
125 154 46 25365.2 0 0
127 161 46 25369.4 0 0
126 156 47 25373.6 0 0
126 156 46 25377.9 0 0
125 152 47 25382.1 0 0
127 155 46 25386.3 0 0
127 156 47 25390.5 0 0
127 156 46 25394.8 0 0
126 160 46 25399 0 0
130 156 46 25403.2 0 0
129 156 46 25407.4 0 0
124 157 46 25411.6 0 0
126 156 46 25415.8 0 0
123 156 46 25420 0 0
127 157 47 25424.2 0 0
126 159 47 25428.4 0 0
123 159 46 25432.6 0 0
126 160 47 25436.8 0 0
125 159 47 25441 0 0
126 158 46 25445.3 0 0
127 159 46 25449.5 0 0
126 159 47 25453.7 0 0
127 157 46 25457.9 0 0
127 160 46 25462.1 0 0
126 160 47 25466.3 0 0
125 159 46 25470.5 0 0
126 158 47 25474.8 0 0
125 159 46 25479 0 0
125 161 46 25483.7 0 0
126 161 46 25487.9 0 0
127 162 47 25492.1 0 0
127 159 46 25496.3 0 0
125 160 46 25500.5 0 0
128 166 47 25504.7 0 0
126 159 47 25509 0 0
125 157 47 25513.2 0 0
129 159 46 25517.5 0 0
123 163 46 25521.7 0 0
128 161 47 25525.9 0 0
128 159 47 25530.1 0 0
126 163 46 25534.3 0 0
129 164 46 25538.5 0 0
128 163 47 25542.7 0 0
126 166 47 25549.5 0 0
127 165 47 25553.7 0 0
131 165 47 25557.9 0 0
131 169 47 25562.2 0 0
133 172 47 25566.5 0 0
128 170 47 25570.7 0 0
131 171 47 25574.9 0 0
130 169 47 25579.2 0 0
130 168 47 25583.4 0 0
132 165 47 25587.6 0 0
134 174 47 25591.8 0 0
135 174 46 25596 0 0
128 170 47 25600.2 0 0
138 176 47 25604.5 0 0
130 168 47 25608.7 0 0
131 171 46 25612.9 0 0
133 171 47 25617.1 0 0
131 168 47 25621.3 0 0
133 172 47 25625.5 0 0
130 167 47 25629.8 0 0
132 171 47 25634 0 0
136 174 47 25638.2 0 0
132 177 47 25642.5 0 0
133 179 47 25646.7 0 0
133 179 47 25653.8 0 0
133 178 47 25659.5 0 0
136 183 47 25663.7 0 0
130 179 47 25670.3 0 0
132 177 47 25674.5 0 0
138 175 47 25678.8 0 0
134 170 47 25683 0 0
135 182 47 25687.2 0 0
136 174 47 25691.4 0 0
133 170 47 25695.6 0 0
136 174 47 25699.8 0 0
131 170 47 25704 0 0
133 172 47 25708.2 0 0
129 170 47 25712.4 0 0
131 171 46 25716.6 0 0
137 176 47 25720.8 0 0
133 173 47 25725.1 0 0
135 175 47 25729.3 0 0
129 164 47 25733.6 0 0
131 171 47 25737.8 0 0
136 174 47 25742 0 0
131 168 47 25746.2 0 0
136 174 47 25750.5 0 0
134 174 47 25754.7 0 0
134 173 46 25758.9 0 0
136 173 47 25763.1 0 0
137 184 47 25767.9 0 0
130 179 47 25774.5 0 0
135 175 47 25778.7 0 0
133 181 46 25782.9 0 0
134 174 47 25787.1 0 0
131 177 46 25791.3 0 0
134 177 47 25795.6 0 0
130 178 47 25799.8 0 0
136 181 46 25804 0 0
129 170 47 25808.2 0 0
130 172 46 25812.4 0 0
128 173 47 25816.7 0 0
134 175 47 25820.9 0 0
130 178 47 25825.1 0 0
134 176 47 25829.4 0 0
137 184 47 25833.6 0 0
135 173 46 25837.8 0 0
132 170 46 25842 0 0
132 178 47 25846.2 0 0
133 174 46 25850.4 0 0
130 174 46 25854.7 0 0
133 170 46 25858.9 0 0
129 172 46 25863.1 0 0
130 172 47 25867.3 0 0
130 170 46 25871.5 0 0
136 176 46 25875.7 0 0
132 177 47 25882.6 0 0
133 170 47 25886.9 0 0
131 172 46 25891.1 0 0
131 169 46 25895.4 0 0
130 171 46 25899.6 0 0
131 172 47 25903.8 0 0
129 168 46 25908 0 0
130 173 46 25912.2 0 0
133 173 46 25916.5 0 0
128 171 46 25920.7 0 0
134 174 46 25924.9 0 0
134 172 47 25929.1 0 0
130 171 46 25933.3 0 0
134 175 46 25937.5 0 0
133 173 46 25941.8 0 0
130 172 46 25946 0 0
134 173 46 25950.2 0 0
131 174 46 25954.4 0 0
129 172 46 25958.6 0 0
136 175 46 25962.8 0 0
131 172 46 25967 0 0
134 177 47 25971.2 0 0
129 168 46 25975.5 0 0
133 176 47 25979.7 0 0
130 171 46 25986.5 0 0
136 178 46 25991 0 0
131 168 46 25995.2 0 0
131 175 46 25999.4 0 0
132 174 47 26003.6 0 0
131 171 46 26007.8 0 0
129 175 46 26012 0 0
135 173 46 26016.3 0 0
130 170 46 26020.5 0 0
135 175 46 26024.7 0 0
130 178 46 26028.9 0 0
133 180 46 26033.1 0 0
133 181 46 26037.4 0 0
130 173 46 26041.6 0 0
132 174 46 26045.8 0 0
131 172 46 26050 0 0
129 171 46 26054.2 0 0
132 172 46 26058.4 0 0
129 172 46 26062.6 0 0
130 173 46 26066.8 0 0
130 175 46 26071.1 0 0
130 170 46 26075.3 0 0
133 176 46 26079.5 0 0
132 172 46 26083.7 0 0
129 170 46 26087.9 0 0
131 175 46 26092.1 0 0
132 160 46 26096.3 0 0
132 144 47 26103.4 0 0
131 124 47 26107.6 0 0
126 112 47 26111.8 0 0
127 109 47 26116.1 0 0
126 101 47 26120.3 0 0
125 101 47 26124.5 0 0
127 94 47 26128.7 0 0
129 89 47 26133 0 0
127 88 47 26137.2 0 0
129 84 47 26141.4 0 0
129 81 47 26145.8 0 0
128 80 47 26150.1 0 0
127 85 47 26154.3 0 0
126 81 47 26158.5 0 0
131 81 47 26162.7 0 0
130 76 47 26166.9 0 0
128 78 47 26173.9 0 0
129 80 47 26178.1 0 0
127 81 47 26182.3 0 0
129 79 47 26186.6 0 0
129 80 47 26190.8 0 0
129 82 47 26195 0 0
128 79 47 26199.2 0 0
128 79 47 26203.5 0 0
128 80 47 26207.7 0 0
129 79 47 26211.9 0 0
129 75 47 26216.1 0 0
129 79 47 26220.3 0 0
130 79 47 26224.5 0 0
126 81 47 26228.7 0 0
130 79 47 26233 0 0
127 81 47 26237.2 0 0
130 80 47 26241.4 0 0
127 81 47 26245.6 0 0
128 78 47 26249.8 0 0
130 81 48 26254 0 0
131 79 47 26258.2 0 0
130 75 47 26262.4 0 0
128 78 47 26266.7 0 0
128 77 47 26270.9 0 0
131 77 47 26275.1 0 0
131 77 47 26279.3 0 0
130 76 47 26283.5 0 0
130 79 47 26287.7 0 0
129 81 47 26291.9 0 0
125 81 47 26298.7 0 0
129 79 47 26303 0 0
129 80 47 26307.2 0 0
133 80 47 26311.4 0 0
131 78 47 26315.6 0 0
129 77 47 26319.8 0 0
129 78 47 26324 0 0
129 82 48 26328.2 0 0
131 75 47 26332.5 0 0
129 81 48 26336.7 0 0
127 78 47 26340.9 0 0
132 77 47 26345.1 0 0
130 77 47 26349.3 0 0
131 82 48 26353.5 0 0
128 80 47 26357.8 0 0
126 80 47 26362 0 0
130 79 47 26366.2 0 0
128 77 47 26370.4 0 0
129 84 48 26374.6 0 0
132 79 47 26378.8 0 0
128 79 47 26383 0 0
129 78 47 26387.3 0 0
126 77 47 26391.5 0 0
130 79 47 26395.7 0 0
127 75 47 26399.9 0 0
130 78 47 26404.1 0 0
130 77 47 26408.3 0 0
128 80 47 26412.5 0 0
128 78 47 26416.8 0 0
129 77 47 26423.8 0 0
129 80 47 26428.1 0 0
131 78 47 26432.3 0 0
128 79 47 26436.5 0 0
131 79 47 26440.7 0 0
128 87 48 26444.9 0 0
130 78 47 26449.1 0 0
127 85 48 26453.3 0 0
130 79 47 26457.6 0 0
128 77 47 26461.8 0 0
130 78 47 26466 0 0
129 81 47 26470.2 0 0
130 86 48 26474.4 0 0
131 76 47 26478.6 0 0
127 84 48 26482.8 0 0
128 78 47 26487.1 0 0
130 84 48 26491.3 0 0
130 79 47 26495.5 0 0
130 78 47 26499.7 0 0
129 84 48 26503.9 0 0
129 77 47 26508.1 0 0
125 78 47 26512.3 0 0
123 79 47 26516.5 0 0
127 78 47 26520.8 0 0
125 82 48 26525 0 0
128 78 47 26529.2 0 0
124 80 47 26533.4 0 0
126 80 47 26540.2 0 0
127 83 48 26544.5 0 0
127 81 48 26548.7 0 0
128 77 47 26552.9 0 0
125 82 48 26557.1 0 0
126 77 47 26561.3 0 0
127 79 48 26565.5 0 0
127 82 48 26569.7 0 0
126 80 47 26574 0 0
127 83 48 26578.2 0 0
128 79 47 26582.5 0 0
124 78 47 26586.7 0 0
127 79 47 26590.9 0 0
123 76 47 26595.1 0 0
126 85 48 26599.3 0 0
129 80 48 26603.5 0 0
125 78 47 26607.8 0 0
127 81 47 26612 0 0
128 84 48 26616.2 0 0
126 94 48 26620.4 0 0
119 105 48 26624.6 0 0
111 112 47 26628.8 0 0
101 139 47 26633 0 0
98 158 46 26640.1 0 0
94 168 47 26644.4 0 0
89 184 46 26648.7 0 0
89 190 47 26652.9 0 0
83 201 46 26657.1 0 0
84 209 46 26661.3 0 0
84 221 46 26665.5 0 0
83 220 46 26669.8 0 0
82 224 46 26674 0 0
84 217 46 26678.2 0 0
81 221 46 26682.4 0 0
86 218 46 26686.6 0 0
80 222 46 26690.8 0 0
80 220 46 26695 0 0
83 220 46 26699.2 0 0
83 223 45 26703.5 0 0
85 220 45 26707.7 0 0
83 219 45 26711.9 0 0
84 221 46 26716.1 0 0
85 222 46 26720.3 0 0
85 220 46 26724.5 0 0
82 221 46 26728.7 0 0
84 219 46 26732.9 0 0
85 223 45 26737.2 0 0
84 224 46 26741.3 0 0
82 218 45 26745.5 0 0
82 229 46 26749.8 0 0
84 224 45 26754 0 0
86 219 45 26758.2 0 0
86 219 45 26762.4 0 0
85 222 46 26768.9 0 0
79 224 45 26773.1 0 0
81 222 46 26777.3 0 0
82 221 46 26781.5 0 0
82 226 45 26785.7 0 0
83 220 45 26789.9 0 0
83 224 45 26794.2 0 0
81 222 45 26798.4 0 0
86 222 45 26802.6 0 0
81 221 45 26806.8 0 0
83 222 45 26811 0 0
80 224 45 26815.2 0 0
83 224 45 26819.4 0 0
85 222 46 26823.7 0 0
80 219 45 26827.9 0 0
82 222 45 26832.1 0 0
82 225 46 26836.3 0 0
81 219 46 26840.5 0 0
84 224 45 26844.7 0 0
83 223 46 26849 0 0
85 215 46 26853.2 0 0
85 210 45 26857.4 0 0
83 214 45 26861.6 0 0
86 209 46 26865.8 0 0
87 210 45 26870 0 0
81 218 45 26874.2 0 0
86 215 45 26878.4 0 0
84 213 45 26882.6 0 0
86 215 45 26886.8 0 0
86 215 45 26891 0 0
85 209 45 26895.3 0 0
85 215 45 26899.6 0 0
85 219 45 26903.8 0 0
84 211 45 26908 0 0
84 214 45 26912.2 0 0
81 210 45 26916.4 0 0
84 207 45 26920.7 0 0
84 211 45 26924.9 0 0
87 213 45 26929.1 0 0
84 212 45 26933.3 0 0
83 215 45 26937.5 0 0
84 211 45 26941.7 0 0
82 212 45 26946 0 0
84 212 45 26950.2 0 0
86 211 45 26954.4 0 0
84 212 46 26958.6 0 0
84 214 45 26962.8 0 0
84 215 45 26967 0 0
84 214 45 26971.2 0 0
82 211 45 26975.5 0 0
82 214 45 26979.7 0 0
84 213 45 26983.9 0 0
84 211 45 26988.1 0 0
86 214 45 26992.3 0 0
85 213 45 26996.5 0 0
86 214 45 27000.7 0 0
82 214 45 27005 0 0
82 211 45 27009.2 0 0
85 212 45 27013.4 0 0
81 212 45 27017.6 0 0
84 215 45 27021.9 0 0
86 212 45 27026.1 0 0
85 209 45 27030.3 0 0
82 213 45 27034.8 0 0
83 211 45 27039 0 0
83 213 45 27043.3 0 0
82 216 45 27047.5 0 0
84 211 45 27051.8 0 0
84 215 45 27056 0 0
83 214 45 27060.2 0 0
84 217 45 27064.4 0 0
82 215 45 27068.6 0 0
81 212 45 27072.8 0 0
81 212 45 27077.1 0 0
80 213 45 27081.3 0 0
85 212 45 27085.5 0 0
83 216 45 27089.7 0 0
82 212 45 27093.9 0 0
86 216 45 27098.2 0 0
83 217 45 27102.4 0 0
85 214 44 27106.7 0 0
84 212 45 27110.9 0 0
83 214 45 27115.1 0 0
83 217 45 27119.3 0 0
83 215 45 27123.5 0 0
83 216 45 27127.7 0 0
84 217 45 27131.9 0 0
81 212 45 27136.1 0 0
83 212 45 27140.4 0 0
82 215 45 27144.6 0 0
85 214 45 27148.8 0 0
83 214 45 27153 0 0
81 212 45 27157.2 0 0
83 210 45 27161.5 0 0
83 212 45 27165.7 0 0
83 209 45 27169.9 0 0
83 216 45 27174.1 0 0
82 214 45 27178.3 0 0
80 214 45 27182.5 0 0
82 214 45 27186.8 0 0
85 213 45 27191 0 0
81 217 45 27195.2 0 0
83 213 45 27199.4 0 0
82 211 45 27203.7 0 0
81 211 45 27207.9 0 0
83 213 44 27212.1 0 0
81 214 45 27216.3 0 0
83 214 45 27220.5 0 0
84 216 44 27224.7 0 0
82 214 45 27229 0 0
83 213 45 27233.2 0 0
82 216 45 27237.4 0 0
83 221 45 27241.6 0 0
82 224 44 27245.8 0 0
83 218 45 27250 0 0
83 219 45 27254.2 0 0
84 219 44 27258.5 0 0
82 217 45 27262.7 0 0
80 219 45 27266.9 0 0
86 218 45 27271.1 0 0
83 221 45 27275.3 0 0
86 219 45 27279.5 0 0
80 218 45 27283.7 0 0
82 222 44 27287.9 0 0
82 225 45 27292.1 0 0
82 222 44 27296.4 0 0
83 222 45 27300.6 0 0
81 218 44 27304.8 0 0
83 214 45 27309 0 0
84 219 45 27313.2 0 0
85 223 45 27317.5 0 0
84 223 45 27321.7 0 0
82 218 45 27325.9 0 0
84 221 45 27330.1 0 0
82 219 45 27334.3 0 0
80 218 45 27338.6 0 0
84 216 45 27342.8 0 0
81 221 45 27347 0 0
84 218 45 27351.2 0 0
84 220 45 27355.5 0 0
84 214 45 27359.7 0 0
83 210 45 27363.9 0 0
83 221 45 27368.1 0 0
79 217 45 27372.3 0 0
84 221 45 27376.5 0 0
83 214 45 27380.8 0 0
83 216 45 27385 0 0
85 220 44 27389.2 0 0
83 214 44 27393.4 0 0
83 213 45 27397.6 0 0
86 214 44 27401.9 0 0
85 215 45 27406.1 0 0
83 213 45 27410.3 0 0
86 214 45 27414.5 0 0
79 215 45 27418.8 0 0
82 215 45 27423 0 0
82 216 45 27427.2 0 0
83 215 45 27431.4 0 0
84 217 45 27435.6 0 0
84 226 44 27439.8 0 0
81 226 45 27444 0 0
82 225 45 27448.2 0 0
84 226 45 27452.5 0 0
85 224 45 27456.7 0 0
79 221 45 27460.9 0 0
83 224 45 27465.1 0 0
86 221 45 27469.3 0 0
83 226 45 27473.6 0 0
81 224 45 27477.8 0 0
82 223 45 27482 0 0
85 225 45 27486.2 0 0
82 222 45 27490.5 0 0
84 221 45 27494.7 0 0
84 223 45 27498.9 0 0
83 224 45 27503.1 0 0
81 220 45 27507.3 0 0
83 220 45 27511.5 0 0
84 223 45 27515.7 0 0
82 221 45 27519.9 0 0
84 216 45 27524.1 0 0
82 220 45 27528.4 0 0
83 216 45 27532.6 0 0
87 217 45 27536.8 0 0
83 210 45 27541 0 0
82 201 45 27545.2 0 0
84 212 45 27549.5 0 0
82 208 45 27553.7 0 0
82 210 45 27557.9 0 0
80 215 45 27562.1 0 0
79 215 45 27566.3 0 0
83 212 45 27570.5 0 0
80 211 45 27574.8 0 0
79 211 45 27579 0 0
80 213 45 27583.2 0 0
82 210 45 27587.4 0 0
84 208 45 27591.6 0 0
81 215 45 27595.8 0 0
80 208 45 27600 0 0
83 212 45 27604.3 0 0
81 209 45 27608.5 0 0
79 211 45 27612.8 0 0
82 207 45 27617 0 0
81 211 45 27621.2 0 0
79 209 45 27625.4 0 0
80 208 45 27629.6 0 0
85 206 45 27633.8 0 0
84 209 45 27638.1 0 0
80 199 45 27642.3 0 0
82 209 45 27646.5 0 0
79 202 45 27650.8 0 0
81 201 45 27655 0 0
81 203 45 27659.2 0 0
81 204 45 27663.4 0 0
81 201 45 27667.6 0 0
80 204 46 27671.8 0 0
77 205 45 27676.1 0 0
80 204 45 27680.3 0 0
82 204 45 27684.5 0 0
82 206 46 27688.7 0 0
81 202 45 27693.2 0 0
81 202 45 27697.4 0 0
80 205 45 27701.6 0 0
79 201 45 27705.9 0 0
84 201 45 27710.1 0 0
79 204 45 27714.3 0 0
81 206 45 27718.5 0 0
80 203 45 27722.7 0 0
82 203 45 27726.9 0 0
81 201 45 27731.2 0 0
80 214 45 27735.4 0 0
74 194 46 27739.6 0 0
71 193 46 27743.8 0 0
66 189 46 27748 0 0
63 181 46 27752.2 0 0
59 173 46 27756.5 0 0
56 161 46 27760.7 0 0
52 171 46 27764.9 0 0
53 168 45 27769.1 0 0
53 169 45 27773.3 0 0
52 171 45 27777.5 0 0
53 172 45 27781.7 0 0
53 168 45 27785.9 0 0
50 170 46 27790.2 0 0
49 166 46 27794.4 0 0
48 164 46 27798.6 0 0
53 168 46 27802.8 0 0
49 162 46 27807 0 0
52 165 45 27811.2 0 0
50 170 46 27815.4 0 0
49 167 45 27819.6 0 0
53 168 45 27823.9 0 0
52 162 45 27828.1 0 0
49 166 45 27832.3 0 0
48 166 46 27836.5 0 0
54 168 46 27840.8 0 0
50 166 46 27845 0 0
50 167 46 27849.2 0 0
51 168 45 27853.4 0 0
49 165 46 27857.6 0 0
51 168 46 27861.8 0 0
48 166 45 27866 0 0
52 164 45 27870.2 0 0
50 165 46 27874.4 0 0
52 162 45 27878.6 0 0
52 166 46 27882.8 0 0
52 162 46 27887.2 0 0
51 165 46 27891.4 0 0
52 163 46 27895.6 0 0
51 165 46 27899.9 0 0
50 165 46 27904.1 0 0
54 169 45 27908.3 0 0
53 171 46 27912.5 0 0
57 173 46 27916.7 0 0
65 167 46 27921 0 0
75 177 46 27925.2 0 0
78 196 45 27929.4 0 0
81 192 45 27933.6 0 0
77 207 45 27937.8 0 0
74 204 46 27942 0 0
78 193 46 27946.2 0 0
79 188 46 27950.4 0 0
84 197 46 27954.6 0 0
79 201 46 27958.8 0 0
84 202 46 27963.1 0 0
79 206 46 27967.3 0 0
83 209 46 27971.5 0 0
79 210 45 27975.7 0 0
80 205 45 27979.9 0 0
82 203 45 27984.1 0 0
80 195 45 27988.3 0 0
82 199 46 27992.5 0 0
82 202 46 27996.7 0 0
82 197 46 28000.9 0 0
80 198 45 28005.2 0 0
78 194 45 28009.4 0 0
78 197 45 28013.6 0 0
79 197 46 28017.9 0 0
79 201 46 28022.1 0 0
81 201 45 28026.3 0 0
80 197 46 28030.5 0 0
80 198 45 28034.7 0 0
81 197 46 28038.9 0 0
77 199 46 28043.1 0 0
81 197 46 28047.4 0 0
80 197 45 28051.6 0 0
81 199 45 28055.8 0 0
81 198 46 28060 0 0
82 196 46 28064.2 0 0
82 198 46 28068.4 0 0
80 196 45 28072.6 0 0
82 197 46 28076.8 0 0
81 196 46 28081.1 0 0
81 197 45 28085.3 0 0
80 196 46 28089.5 0 0
81 192 45 28093.7 0 0
83 196 46 28097.9 0 0
83 198 46 28102.2 0 0
82 195 46 28106.4 0 0
80 203 46 28110.6 0 0
83 205 45 28114.9 0 0
82 202 45 28119.1 0 0
82 201 45 28123.3 0 0
81 197 46 28127.5 0 0
81 196 45 28131.9 0 0
79 199 46 28136.1 0 0
83 195 45 28140.3 0 0
82 200 46 28144.5 0 0
82 198 46 28148.7 0 0
82 199 46 28153 0 0
80 196 46 28157.2 0 0
81 199 45 28161.4 0 0
81 200 45 28165.6 0 0
82 201 46 28169.8 0 0
82 201 46 28174 0 0
81 201 46 28178.2 0 0
81 199 46 28182.5 0 0
79 199 45 28186.7 0 0
80 197 46 28191 0 0
80 197 46 28195.2 0 0
83 198 46 28199.4 0 0
81 197 46 28203.7 0 0
81 199 46 28207.9 0 0
81 201 46 28212.1 0 0
81 200 46 28216.3 0 0
82 199 46 28220.5 0 0
80 202 46 28224.7 0 0
84 195 46 28228.9 0 0
80 203 46 28233.2 0 0
84 205 46 28237.4 0 0
83 199 46 28241.6 0 0
79 205 45 28245.8 0 0
82 199 46 28250 0 0
80 199 45 28254.2 0 0
81 198 46 28258.4 0 0
84 197 45 28262.7 0 0
82 199 46 28266.9 0 0
81 197 46 28271.2 0 0
78 199 46 28275.4 0 0
80 198 46 28279.6 0 0
82 198 46 28283.8 0 0
84 202 45 28288 0 0
94 208 46 28292.2 0 0
104 203 46 28296.6 0 0
117 211 46 28300.8 0 0
123 229 46 28305 0 0
133 234 46 28309.2 0 0
156 240 46 28313.5 0 0
205 216 45 28583.5 0 0
190 188 45 28587.8 0 0
170 157 46 28592 0 0
158 122 47 28596.2 0 0
148 111 47 28600.4 0 0
143 102 47 28604.6 0 0
136 104 48 28608.8 0 0
128 94 48 28613 0 0
117 86 47 28617.3 0 0
110 71 47 28621.5 0 0
105 71 47 28625.7 0 0
101 67 48 28629.9 0 0
96 56 48 28634.1 0 0
93 48 48 28638.4 0 0
91 46 48 28642.6 0 0
89 48 48 28646.8 0 0
91 44 48 28651.1 0 0
90 44 47 28655.5 0 0
89 44 47 28659.8 0 0
90 49 47 28664 0 0
91 46 47 28668.2 0 0
91 52 48 28672.4 0 0
91 50 48 28676.6 0 0
92 47 48 28680.8 0 0
92 47 48 28685 0 0
92 50 48 28689.2 0 0
91 46 48 28693.5 0 0
89 46 48 28697.7 0 0
94 43 48 28701.9 0 0
91 46 48 28706.1 0 0
93 45 48 28710.4 0 0
90 48 48 28714.6 0 0
92 46 48 28718.8 0 0
90 49 48 28723 0 0
89 50 48 28727.2 0 0
92 51 48 28731.5 0 0
89 50 48 28735.7 0 0
92 46 48 28739.9 0 0
93 47 48 28744.1 0 0
93 44 48 28748.3 0 0
90 52 48 28752.5 0 0
93 44 48 28756.7 0 0
92 46 48 28760.9 0 0
90 49 48 28765.2 0 0
91 50 48 28769.4 0 0
90 50 48 28773.6 0 0
90 50 48 28777.8 0 0
91 48 48 28782 0 0
90 46 48 28786.2 0 0
91 46 48 28790.4 0 0
91 49 48 28794.7 0 0
92 45 48 28798.9 0 0
93 46 48 28803.1 0 0
91 47 48 28807.3 0 0
92 45 48 28811.5 0 0
94 47 48 28815.8 0 0
92 45 48 28820 0 0
90 36 48 28824.2 0 0
84 33 48 28828.4 0 0
83 30 48 28832.7 0 0
84 31 48 28836.9 0 0
86 33 48 28841.1 0 0
85 32 48 28845.3 0 0
88 30 48 28849.5 0 0
86 30 48 28853.7 0 0
85 30 48 28858 0 0
87 31 48 28862.2 0 0
84 31 48 28866.4 0 0
86 31 48 28870.6 0 0
85 33 48 28874.8 0 0
84 31 48 28879 0 0
85 34 48 28883.2 0 0
85 34 48 28887.4 0 0
86 33 48 28891.6 0 0
85 31 48 28895.9 0 0
87 34 48 28900.1 0 0
85 30 47 28904.3 0 0
88 31 48 28908.5 0 0
85 35 48 28912.7 0 0
86 34 48 28916.9 0 0
87 31 47 28921.2 0 0
85 33 48 28925.4 0 0
88 30 48 28929.6 0 0
85 36 48 28933.9 0 0
84 32 48 28938.1 0 0
86 32 47 28942.3 0 0
89 32 48 28946.5 0 0
84 32 48 28950.7 0 0
88 33 48 28955 0 0
87 29 47 28959.2 0 0
84 30 48 28963.4 0 0
85 32 48 28967.6 0 0
86 30 48 28971.8 0 0
85 32 48 28976 0 0
87 31 48 28980.2 0 0
86 31 48 28984.5 0 0
88 33 48 28988.7 0 0
85 33 48 28992.9 0 0
86 33 48 28997.1 0 0
84 30 48 29001.3 0 0
84 32 48 29005.5 0 0
84 36 48 29009.7 0 0
82 40 48 29014 0 0
73 47 48 29018.2 0 0
66 51 48 29022.4 0 0
60 50 47 29026.6 0 0
56 49 47 29030.8 0 0
41 52 47 29035.1 0 0
37 53 46 29039.3 0 0
37 53 46 29043.5 0 0
34 54 46 29050.1 0 0
36 53 46 29054.3 0 0
31 53 46 29058.5 0 0
35 55 45 29062.7 0 0
33 56 46 29067 0 0
33 57 46 29071.2 0 0
34 56 46 29075.5 0 0
32 57 46 29079.7 0 0
34 56 46 29084 0 0
34 57 46 29088.2 0 0
33 56 46 29092.4 0 0
32 56 46 29096.6 0 0
33 62 45 29100.8 0 0
35 57 46 29105 0 0
34 58 46 29109.2 0 0
35 60 46 29113.4 0 0
34 60 46 29117.7 0 0
33 59 46 29121.9 0 0
33 59 46 29126.1 0 0
32 60 46 29130.3 0 0
33 60 46 29134.5 0 0
33 59 46 29138.7 0 0
33 60 46 29142.9 0 0
32 60 46 29147.2 0 0
31 61 46 29151.4 0 0
34 58 46 29155.6 0 0
34 60 46 29159.8 0 0
34 63 46 29164 0 0
34 59 46 29168.3 0 0
32 60 46 29172.5 0 0
35 60 46 29176.7 0 0
31 63 46 29180.9 0 0
32 60 46 29185.1 0 0
34 59 46 29189.4 0 0
35 59 46 29193.6 0 0
35 63 46 29197.8 0 0
34 59 46 29202 0 0
36 59 46 29206.2 0 0
34 60 46 29210.5 0 0
34 64 46 29214.7 0 0
32 61 46 29218.9 0 0
36 59 47 29223.1 0 0
32 61 46 29227.3 0 0
33 63 46 29231.5 0 0
34 57 46 29235.8 0 0
34 60 46 29240 0 0
34 59 46 29244.2 0 0
32 59 46 29248.4 0 0
34 58 46 29252.6 0 0
33 58 46 29256.8 0 0
34 58 46 29261.1 0 0
33 59 46 29265.3 0 0
34 57 46 29269.5 0 0
34 59 46 29273.7 0 0
34 60 46 29277.9 0 0
35 57 46 29282.1 0 0
33 59 46 29286.3 0 0
35 59 46 29290.5 0 0
34 56 46 29294.8 0 0
34 57 46 29299 0 0
36 56 46 29303.2 0 0
32 60 46 29307.4 0 0
33 57 46 29311.6 0 0
34 59 46 29315.8 0 0
33 56 46 29320 0 0
34 57 46 29324.2 0 0
34 59 46 29328.5 0 0
35 60 46 29332.7 0 0
31 58 46 29336.9 0 0
35 57 46 29341.1 0 0
36 56 46 29345.4 0 0
34 57 46 29349.6 0 0
33 56 46 29353.8 0 0
32 58 46 29358 0 0
33 58 46 29362.2 0 0
31 56 46 29366.4 0 0
34 56 47 29370.6 0 0
31 58 46 29374.8 0 0
34 58 46 29379 0 0
36 59 46 29383.2 0 0
32 58 46 29387.5 0 0
34 57 46 29391.7 0 0
33 57 46 29396 0 0
32 58 46 29400.2 0 0
34 59 46 29404.4 0 0
33 61 46 29408.6 0 0
35 63 46 29412.8 0 0
34 57 46 29417 0 0
33 62 47 29421.3 0 0
31 62 46 29425.5 0 0
32 61 47 29429.7 0 0
33 65 46 29433.9 0 0
33 62 46 29438.1 0 0
33 62 0 29442.3 0 0
35 64 46 29446.5 0 0
34 64 46 29450.8 0 0
33 66 47 29455 0 0
35 63 46 29459.2 0 0
35 62 46 29463.4 0 0
34 63 46 29467.6 0 0
34 62 46 29471.8 0 0
34 66 46 29476 0 0
41 66 46 29480.3 0 0
55 73 46 29484.5 0 0
63 87 46 29488.7 0 0
84 101 47 29492.9 0 0
94 109 47 29497.1 0 0
102 107 47 29501.3 0 0
111 118 48 29505.5 0 0
130 122 47 29509.8 0 0
143 133 47 29516.5 0 0
151 152 47 29520.8 0 0
163 182 46 29525 0 0
186 202 46 29529.2 0 0
197 220 46 29533.5 0 0
207 239 46 29537.7 0 0
212 238 45 29541.9 0 0
228 210 46 30042.2 0 0
225 198 46 30046.4 0 0
215 168 45 30050.6 0 0
204 127 45 30054.8 0 0
200 109 46 30059 0 0
199 106 45 30063.2 0 0
200 93 45 30067.5 0 0
201 89 45 30071.7 0 0
201 89 45 30075.9 0 0
202 82 46 30081.4 0 0
201 85 45 30085.6 0 0
201 86 46 30089.8 0 0
204 86 45 30094 0 0
202 82 46 30098.2 0 0
202 79 45 30102.4 0 0
202 82 46 30106.8 0 0
200 78 45 30111 0 0
201 79 45 30115.2 0 0
201 79 45 30119.5 0 0
201 78 45 30123.7 0 0
203 82 45 30127.9 0 0
203 80 45 30132.1 0 0
204 83 45 30136.3 0 0
204 79 45 30140.5 0 0
205 80 45 30144.8 0 0
202 79 45 30149 0 0
203 79 45 30153.2 0 0
201 79 46 30157.4 0 0
205 80 46 30161.7 0 0
206 80 45 30165.9 0 0
205 81 45 30170.2 0 0
204 80 46 30174.4 0 0
204 80 45 30178.6 0 0
202 79 45 30182.8 0 0
202 81 46 30187 0 0
202 80 46 30191.2 0 0
201 80 46 30195.4 0 0
205 79 46 30199.6 0 0
201 78 46 30203.9 0 0
204 81 46 30208.1 0 0
203 80 46 30212.3 0 0
204 81 46 30216.5 0 0
203 80 46 30220.7 0 0
203 80 46 30225 0 0
204 81 46 30229.2 0 0
205 79 46 30233.7 0 0
202 76 46 30237.9 0 0
201 78 46 30242.1 0 0
198 68 46 30246.3 0 0
192 61 46 30250.5 0 0
187 53 46 30254.8 0 0
183 53 46 30259 0 0
183 59 46 30263.2 0 0
183 54 47 30267.4 0 0
186 56 47 30271.6 0 0
184 53 47 30275.8 0 0
185 52 47 30280 0 0
183 49 46 30284.2 0 0
182 45 46 30288.5 0 0
182 44 46 30292.7 0 0
182 44 46 30296.9 0 0
183 46 46 30301.1 0 0
185 46 46 30305.3 0 0
183 48 46 30309.5 0 0
184 46 46 30313.8 0 0
184 46 46 30318 0 0
184 47 47 30322.2 0 0
182 46 46 30326.4 0 0
184 50 46 30330.7 0 0
184 49 46 30334.9 0 0
184 49 46 30339.1 0 0
185 46 46 30343.3 0 0
183 45 46 30347.5 0 0
184 46 47 30351.7 0 0
186 48 46 30356 0 0
182 47 47 30360.2 0 0
184 48 46 30364.4 0 0
182 50 47 30368.6 0 0
183 50 46 30372.8 0 0
183 52 46 30377 0 0
182 47 46 30381.2 0 0
182 49 46 30385.4 0 0
184 47 46 30389.7 0 0
185 49 47 30393.9 0 0
186 48 46 30398.1 0 0
183 47 46 30402.3 0 0
182 46 47 30406.6 0 0
184 49 46 30410.8 0 0
184 54 46 30415 0 0
186 51 46 30419.2 0 0
184 49 46 30423.5 0 0
184 53 46 30427.7 0 0
185 52 47 30431.9 0 0
185 49 46 30436.1 0 0
183 50 46 30440.3 0 0
184 45 46 30444.5 0 0
184 52 46 30448.7 0 0
185 51 46 30452.9 0 0
183 51 47 30457.2 0 0
181 43 47 30461.4 0 0
182 46 47 30465.6 0 0
184 47 46 30469.8 0 0
183 46 46 30474 0 0
184 47 46 30478.3 0 0
186 48 47 30482.5 0 0
183 46 46 30486.7 0 0
184 50 46 30491 0 0
183 42 46 30495.2 0 0
184 47 47 30499.3 0 0
183 45 46 30503.6 0 0
181 46 47 30507.8 0 0
185 52 47 30512 0 0
183 50 47 30516.2 0 0
184 47 47 30520.4 0 0
184 49 46 30524.6 0 0
182 54 46 30528.9 0 0
175 66 47 30533.1 0 0
169 79 47 30537.3 0 0
158 91 46 30541.5 0 0
147 104 47 30545.7 0 0
141 115 48 30549.9 0 0
133 120 48 30554.1 0 0
127 124 48 30558.3 0 0
122 132 48 30562.5 0 0
115 132 48 30566.8 0 0
104 137 47 30571 0 0
97 149 47 30575.2 0 0
94 160 47 30579.4 0 0
87 162 47 30583.6 0 0
80 171 47 30587.8 0 0
67 191 47 30592 0 0
63 190 46 30596.2 0 0
62 199 46 30600.5 0 0
59 191 46 30604.7 0 0
61 194 46 30608.9 0 0
59 194 46 30613.1 0 0
59 203 46 30617.3 0 0
57 202 46 30621.5 0 0
56 205 46 30625.7 0 0
53 199 46 30629.9 0 0
56 201 45 30634.2 0 0
59 201 45 30638.4 0 0
58 193 46 30642.6 0 0
59 196 46 30647 0 0
58 193 46 30651.2 0 0
58 198 46 30655.4 0 0
59 194 46 30659.6 0 0
58 197 46 30663.8 0 0
56 196 46 30668.1 0 0
56 198 46 30672.3 0 0
58 192 46 30676.5 0 0
58 194 46 30680.7 0 0
59 186 46 30685 0 0
55 193 46 30689.2 0 0
56 191 46 30693.4 0 0
55 192 46 30697.6 0 0
55 192 46 30701.8 0 0
57 189 46 30706 0 0
59 195 46 30710.2 0 0
56 191 46 30714.5 0 0
57 197 46 30718.7 0 0
50 175 46 30722.9 0 0
45 165 47 30727.1 0 0
42 162 47 30731.3 0 0
42 152 47 30735.6 0 0
38 162 47 30739.8 0 0
39 164 47 30744 0 0
40 167 46 30748.2 0 0
44 163 46 30752.4 0 0
41 164 46 30756.6 0 0
44 163 46 30760.8 0 0
40 162 46 30765.1 0 0
40 160 46 30769.3 0 0
40 157 46 30773.5 0 0
38 158 46 30777.7 0 0
40 158 46 30781.9 0 0
40 154 47 30786.1 0 0
39 158 47 30790.3 0 0
40 161 47 30794.6 0 0
41 157 46 30798.8 0 0
40 160 46 30803 0 0
40 159 46 30807.2 0 0
39 159 46 30811.4 0 0
38 160 46 30815.6 0 0
37 160 46 30819.8 0 0
41 162 46 30824 0 0
39 161 47 30828.3 0 0
38 156 46 30832.5 0 0
42 158 47 30836.7 0 0
41 157 46 30840.9 0 0
42 160 47 30845.1 0 0
40 158 46 30849.3 0 0
39 158 46 30853.5 0 0
41 161 46 30857.8 0 0
39 160 46 30862 0 0
36 157 47 30866.2 0 0
39 159 46 30870.4 0 0
37 162 47 30874.6 0 0
41 166 46 30878.8 0 0
38 163 46 30883 0 0
38 162 47 30887.2 0 0
39 162 46 30891.5 0 0
39 164 47 30895.7 0 0
39 164 47 30900 0 0
36 160 46 30904.2 0 0
41 162 47 30908.3 0 0
40 159 47 30912.6 0 0
39 159 47 30916.8 0 0
39 160 46 30921.7 0 0
38 157 47 30925.9 0 0
40 159 46 30930.1 0 0
41 161 46 30934.3 0 0
39 158 47 30938.5 0 0
44 158 46 30942.7 0 0
39 161 47 30946.9 0 0
36 160 46 30951.1 0 0
39 165 46 30955.8 0 0
38 163 46 30960 0 0
41 166 46 30964.2 0 0
39 163 46 30968.5 0 0
40 163 46 30972.7 0 0
36 161 46 30976.9 0 0
39 161 46 30981.1 0 0
42 156 46 30985.3 0 0
38 162 46 30989.5 0 0
42 156 47 30993.7 0 0
42 159 46 30997.9 0 0
42 157 46 31002.1 0 0
41 158 46 31006.4 0 0
39 158 46 31010.6 0 0
41 158 46 31014.8 0 0
42 159 46 31019 0 0
40 159 46 31023.3 0 0
40 161 46 31027.5 0 0
39 158 46 31031.7 0 0
39 159 46 31035.9 0 0
40 159 46 31040.1 0 0
39 158 46 31044.4 0 0
41 159 46 31048.6 0 0
39 166 46 31052.8 0 0
40 165 46 31057 0 0
37 164 46 31061.2 0 0
38 162 46 31065.4 0 0
40 165 45 31069.6 0 0
35 163 46 31073.8 0 0
38 161 45 31078.1 0 0
39 163 46 31082.3 0 0
39 163 46 31086.5 0 0
39 159 46 31090.7 0 0
41 162 46 31094.9 0 0
37 164 46 31099.2 0 0
41 160 45 31103.4 0 0
39 160 45 31107.7 0 0
41 157 45 31111.9 0 0
40 161 45 31116.1 0 0
40 161 46 31120.3 0 0
42 161 45 31124.5 0 0
37 160 45 31128.7 0 0
40 160 45 31132.9 0 0
37 161 45 31137.1 0 0
40 161 45 31141.3 0 0
38 159 45 31145.6 0 0
37 161 45 31149.8 0 0
38 159 45 31154 0 0
39 160 45 31158.2 0 0
43 162 45 31162.4 0 0
39 161 45 31166.6 0 0
38 159 45 31170.9 0 0
40 161 45 31175.4 0 0
38 159 45 31179.6 0 0
39 160 45 31183.8 0 0
38 161 45 31188 0 0
38 160 45 31192.2 0 0
42 161 45 31196.4 0 0
39 161 45 31200.7 0 0
39 159 45 31204.9 0 0
38 158 45 31209.1 0 0
37 159 45 31213.3 0 0
38 159 45 31217.5 0 0
39 161 45 31221.7 0 0
37 160 45 31225.9 0 0
42 161 45 31230.2 0 0
38 161 45 31234.4 0 0
39 160 45 31238.6 0 0
36 158 45 31242.8 0 0
39 158 45 31247 0 0
41 160 45 31251.2 0 0
38 159 45 31255.4 0 0
41 157 45 31259.7 0 0
40 156 45 31263.9 0 0
38 157 45 31268.1 0 0
39 157 45 31272.3 0 0
39 155 45 31276.5 0 0
39 154 45 31280.7 0 0
40 157 45 31284.9 0 0
38 157 45 31289.2 0 0
40 157 44 31293.4 0 0
41 155 45 31297.6 0 0
39 160 45 31301.8 0 0
36 155 45 31306 0 0
44 161 45 31310.2 0 0
38 153 45 31314.5 0 0
49 152 45 31318.9 0 0
60 137 45 31323.1 0 0
68 131 45 31327.3 0 0
73 122 45 31331.6 0 0
81 122 46 31335.8 0 0
88 121 46 31340 0 0
93 112 46 31344.2 0 0
100 106 46 31348.4 0 0
113 97 46 31352.6 0 0
121 91 47 31356.9 0 0
130 84 47 31361.1 0 0
140 81 46 31365.3 0 0
148 76 46 31369.5 0 0
154 69 46 31373.7 0 0
160 64 46 31377.9 0 0
165 69 45 31382.1 0 0
164 59 45 31386.3 0 0
163 57 45 31390.6 0 0
166 56 45 31394.8 0 0
165 60 45 31399.1 0 0
167 58 45 31403.3 0 0
165 58 45 31407.5 0 0
174 56 45 31411.7 0 0
169 58 45 31415.9 0 0
170 58 45 31420.1 0 0
165 59 45 31424.4 0 0
170 59 45 31428.6 0 0
166 56 45 31432.8 0 0
167 56 45 31437 0 0
169 58 45 31441.2 0 0
168 58 45 31445.4 0 0
169 58 45 31449.6 0 0
166 56 45 31453.9 0 0
170 60 45 31458.1 0 0
171 60 45 31462.3 0 0
168 58 45 31466.5 0 0
168 58 45 31470.7 0 0
171 57 45 31474.9 0 0
168 58 45 31479.1 0 0
173 60 45 31483.3 0 0
170 56 46 31487.6 0 0
170 59 45 31491.8 0 0
168 58 45 31496 0 0
171 59 46 31500.2 0 0
170 60 46 31504.5 0 0
172 57 46 31508.7 0 0
179 47 46 31512.9 0 0
179 23 46 31517.1 0 0
183 28 46 31521.3 0 0
182 38 45 31525.5 0 0
183 38 45 31529.7 0 0
185 39 45 31533.9 0 0
183 35 45 31538.2 0 0
184 34 45 31542.4 0 0
185 32 45 31546.6 0 0
185 32 45 31550.8 0 0
185 32 45 31555 0 0
183 36 46 31559.2 0 0
184 35 45 31563.4 0 0
184 35 45 31567.6 0 0
186 33 45 31571.9 0 0
186 35 45 31576.1 0 0
183 35 45 31580.3 0 0
185 34 45 31584.5 0 0
184 34 45 31588.7 0 0
183 31 45 31592.9 0 0
184 33 45 31597.2 0 0
183 31 46 31601.3 0 0
185 31 45 31605.6 0 0
185 34 45 31609.8 0 0
188 35 45 31614 0 0
184 33 45 31618.2 0 0
183 33 46 31622.5 0 0
186 35 45 31626.7 0 0
185 33 45 31630.9 0 0
183 33 45 31635.1 0 0
182 33 45 31639.3 0 0
183 33 45 31643.5 0 0
185 36 45 31647.8 0 0
185 34 46 31652 0 0
184 34 45 31656.2 0 0
184 34 45 31660.4 0 0
185 36 45 31664.6 0 0
185 35 45 31668.9 0 0
185 34 45 31673.1 0 0
185 33 45 31677.3 0 0
185 33 45 31681.5 0 0
183 34 45 31685.7 0 0
184 33 45 31689.9 0 0
182 31 46 31694.2 0 0
182 30 45 31698.4 0 0
183 30 46 31702.6 0 0
184 32 46 31706.8 0 0
185 33 46 31711 0 0
184 34 45 31715.2 0 0
185 31 46 31719.5 0 0
183 30 45 31723.7 0 0
182 34 46 31727.9 0 0
184 29 46 31732.1 0 0
184 31 46 31736.4 0 0
185 31 46 31740.6 0 0
181 29 45 31744.8 0 0
185 35 46 31749 0 0
184 34 46 31753.6 0 0
184 33 45 31757.8 0 0
186 34 46 31762 0 0
182 32 46 31766.3 0 0
184 33 46 31770.5 0 0
185 35 45 31774.7 0 0
182 33 46 31778.9 0 0
184 34 46 31783.1 0 0
184 34 46 31787.3 0 0
183 35 46 31791.5 0 0
184 33 46 31795.7 0 0
184 33 46 31800 0 0
184 34 46 31804.2 0 0
182 33 46 31808.4 0 0
182 33 46 31812.6 0 0
183 33 46 31816.8 0 0
186 34 46 31821 0 0
184 33 46 31825.2 0 0
181 33 46 31829.5 0 0
185 34 46 31833.7 0 0
184 34 46 31837.9 0 0
185 34 46 31842.1 0 0
185 35 46 31846.3 0 0
182 33 46 31850.5 0 0
183 36 46 31854.7 0 0
186 35 46 31859 0 0
192 40 46 31863.2 0 0
200 45 46 31867.4 0 0
206 55 46 31871.6 0 0
214 60 46 31875.8 0 0
221 64 45 31880 0 0
224 63 44 31884.2 0 0
229 68 44 31888.4 0 0
232 69 44 31892.6 0 0
228 67 44 31896.9 0 0
229 62 43 31901.1 0 0
231 65 44 31905.3 0 0
231 67 44 31909.5 0 0
232 69 44 31913.7 0 0
235 68 44 31918 0 0
233 69 44 31922.2 0 0
235 69 44 31926.4 0 0
231 65 44 31930.6 0 0
235 65 44 31934.8 0 0
232 63 44 31939 0 0
233 62 43 31943.2 0 0
234 64 43 31947.5 0 0
234 65 43 31951.7 0 0
232 64 44 31955.9 0 0
232 67 44 31960.1 0 0
233 66 44 31964.3 0 0
232 67 44 31968.6 0 0
233 65 44 31972.8 0 0
231 63 44 31977 0 0
232 66 44 31981.3 0 0
231 64 44 31985.5 0 0
234 64 44 31989.7 0 0
233 66 44 31993.9 0 0
232 70 44 31998.1 0 0
231 65 44 32002.3 0 0
236 67 44 32006.6 0 0
232 66 44 32010.8 0 0
233 70 44 32015 0 0
233 67 44 32019.2 0 0
233 65 44 32023.4 0 0
233 65 44 32027.7 0 0
234 68 44 32031.8 0 0
232 66 44 32036.1 0 0
234 66 44 32040.3 0 0
231 69 44 32044.5 0 0
233 67 44 32048.7 0 0
233 67 44 32052.9 0 0
231 67 44 32057.1 0 0
234 67 44 32061.3 0 0
233 68 44 32065.5 0 0
233 68 44 32069.9 0 0
233 69 44 32074.1 0 0
234 69 44 32078.3 0 0
231 70 44 32082.6 0 0
231 70 44 32086.8 0 0
234 67 44 32091 0 0
232 69 44 32095.2 0 0
233 69 44 32099.4 0 0
234 71 44 32103.6 0 0
233 67 45 32107.8 0 0
233 69 44 32112 0 0
233 68 45 32116.2 0 0
231 67 44 32120.5 0 0
230 67 45 32124.7 0 0
234 70 44 32128.9 0 0
232 70 44 32133.1 0 0
229 68 44 32137.3 0 0
233 70 44 32141.5 0 0
232 67 44 32145.8 0 0
231 69 44 32150 0 0
232 68 44 32154.2 0 0
234 72 44 32158.4 0 0
232 70 45 32162.6 0 0
231 69 44 32166.8 0 0
233 71 44 32171 0 0
233 69 44 32175.2 0 0
233 67 45 32179.5 0 0
233 67 45 32183.7 0 0
231 67 44 32187.8 0 0
233 68 44 32192.1 0 0
231 67 44 32196.3 0 0
233 68 44 32200.5 0 0
232 67 44 32204.7 0 0
232 69 45 32208.9 0 0
231 65 44 32213.1 0 0
230 68 44 32217.3 0 0
232 67 45 32221.5 0 0
231 67 44 32225.8 0 0
233 67 44 32230 0 0
231 70 45 32234.2 0 0
232 68 45 32238.4 0 0
231 71 45 32242.6 0 0
232 68 45 32246.8 0 0
230 71 45 32251 0 0
233 70 45 32255.3 0 0
231 68 45 32259.5 0 0
232 69 45 32263.7 0 0
232 69 44 32267.9 0 0
231 68 44 32272.1 0 0
231 68 44 32276.3 0 0
233 70 45 32280.5 0 0
232 69 45 32284.8 0 0
231 70 45 32289 0 0
230 69 45 32293.3 0 0
231 69 45 32297.5 0 0
231 69 45 32301.7 0 0
232 68 45 32305.9 0 0
233 68 45 32310.1 0 0
234 69 45 32314.3 0 0
232 72 45 32318.6 0 0
232 70 45 32322.8 0 0
232 68 45 32327 0 0
233 73 45 32331.2 0 0
238 85 45 32335.4 0 0
241 94 45 32339.6 0 0
243 103 44 32343.8 0 0
238 110 44 32348 0 0
240 117 44 32352.3 0 0
244 142 44 32356.5 0 0
