133 119 48 34046.2 0 0
131 122 48 34050.5 0 0
132 120 48 34054.7 0 0
129 122 48 34058.9 0 0
130 122 48 34063.1 0 0
129 123 48 34067.3 0 0
131 123 48 34071.6 0 0
131 119 48 34075.8 0 0
131 122 48 34080.3 0 0
131 120 48 34084.5 0 0
131 120 48 34091.6 0 0
132 122 48 34096.9 0 0
130 121 48 34101.2 0 0
130 122 48 34105.4 0 0
132 117 48 34112.2 0 0
133 121 48 34116.4 0 0
130 123 48 34120.6 0 0
130 121 48 34124.9 0 0
130 122 48 34129.1 0 0
129 120 48 34133.3 0 0
131 120 48 34137.5 0 0
130 123 48 34141.8 0 0
129 119 48 34146 0 0
131 121 48 34150.2 0 0
133 122 48 34154.4 0 0
129 118 48 34158.6 0 0
134 120 48 34162.8 0 0
130 119 48 34167.1 0 0
129 119 48 34171.3 0 0
130 120 48 34175.5 0 0
131 118 48 34179.7 0 0
131 123 48 34183.9 0 0
130 119 48 34188.1 0 0
129 122 48 34192.3 0 0
131 119 48 34196.6 0 0
129 119 48 34200.8 0 0
129 120 48 34205.5 0 0
130 120 48 34209.8 0 0
130 119 48 34216.5 0 0
129 121 48 34220.7 0 0
130 122 49 34224.9 0 0
132 119 48 34229.2 0 0
127 120 48 34233.6 0 0
131 123 48 34237.9 0 0
132 119 48 34242.1 0 0
128 120 48 34246.3 0 0
130 122 48 34250.5 0 0
129 123 48 34254.7 0 0
133 121 48 34258.9 0 0
132 115 48 34263.1 0 0
129 119 48 34267.4 0 0
134 115 48 34271.6 0 0
132 106 48 34275.8 0 0
131 98 49 34280 0 0
128 93 49 34284.2 0 0
130 88 49 34288.4 0 0
131 88 48 34292.7 0 0
131 93 48 34296.9 0 0
131 94 48 34303.7 0 0
132 85 49 34307.9 0 0
131 86 49 34312.2 0 0
128 85 49 34316.4 0 0
129 88 49 34320.7 0 0
129 88 48 34324.9 0 0
130 85 48 34329.1 0 0
130 86 48 34333.3 0 0
128 89 48 34337.5 0 0
130 89 49 34341.7 0 0
130 86 48 34345.9 0 0
130 86 49 34350.1 0 0
130 85 48 34354.3 0 0
131 85 48 34358.6 0 0
131 85 48 34362.8 0 0
132 85 48 34367 0 0
128 86 48 34371.2 0 0
129 87 48 34375.4 0 0
131 86 48 34379.6 0 0
131 86 48 34383.8 0 0
133 88 48 34388 0 0
132 86 48 34392.2 0 0
133 88 49 34396.5 0 0
129 86 48 34400.7 0 0
130 85 48 34404.9 0 0
133 87 48 34409.1 0 0
130 84 48 34413.4 0 0
129 86 48 34417.6 0 0
131 86 48 34421.8 0 0
132 88 48 34428.8 0 0
129 85 48 34433 0 0
130 85 48 34437.2 0 0
129 84 48 34441.4 0 0
131 84 48 34445.6 0 0
131 87 48 34449.8 0 0
133 84 48 34454 0 0
129 80 47 34458.3 0 0
129 85 48 34462.5 0 0
133 81 47 34466.8 0 0
130 87 48 34470.9 0 0
129 82 47 34475.2 0 0
130 82 47 34479.4 0 0
132 85 47 34483.6 0 0
129 79 47 34487.8 0 0
129 80 47 34492.1 0 0
131 83 47 34496.3 0 0
131 80 47 34500.5 0 0
130 82 47 34504.7 0 0
131 83 47 34508.9 0 0
128 83 47 34513.1 0 0
127 82 47 34517.9 0 0
131 83 46 34524.5 0 0
132 82 46 34528.7 0 0
130 86 46 34532.9 0 0
129 82 46 34537.1 0 0
129 86 46 34541.4 0 0
131 84 46 34545.6 0 0
129 81 46 34549.8 0 0
129 85 46 34554 0 0
131 89 46 34558.2 0 0
131 91 46 34562.4 0 0
131 103 46 34566.7 0 0
131 116 45 34570.9 0 0
130 121 45 34575.1 0 0
128 128 45 34579.3 0 0
127 131 45 34583.6 0 0
128 130 45 34587.8 0 0
133 132 45 34591.9 0 0
127 128 45 34596.2 0 0
131 125 45 34600.4 0 0
129 126 45 34604.6 0 0
128 131 45 34608.8 0 0
129 133 45 34613 0 0
128 135 45 34617.2 0 0
132 132 45 34621.4 0 0
131 134 45 34625.6 0 0
131 130 45 34629.8 0 0
131 128 45 34634.1 0 0
129 127 44 34640.9 0 0
130 133 44 34645.2 0 0
127 131 44 34649.4 0 0
128 133 44 34653.7 0 0
130 130 44 34658.7 0 0
130 133 44 34663 0 0
128 131 45 34667.2 0 0
130 135 44 34671.4 0 0
127 135 44 34678.3 0 0
128 138 44 34682.6 0 0
125 135 44 34686.8 0 0
131 137 44 34691.1 0 0
128 131 44 34695.3 0 0
128 132 44 34699.6 0 0
130 131 44 34703.8 0 0
130 133 44 34708 0 0
131 131 44 34712.2 0 0
126 131 44 34716.4 0 0
130 130 44 34720.6 0 0
131 130 44 34724.9 0 0
128 131 44 34729.1 0 0
127 131 44 34733.3 0 0
129 135 44 34737.5 0 0
127 134 44 34741.7 0 0
130 138 44 34745.9 0 0
130 135 44 34750.1 0 0
132 136 44 34754.3 0 0
129 135 44 34758.6 0 0
126 134 44 34762.8 0 0
130 140 44 34767 0 0
130 137 44 34771.2 0 0
128 136 44 34775.4 0 0
128 140 44 34779.6 0 0
129 139 44 34783.8 0 0
128 136 44 34790.9 0 0
127 140 44 34795.2 0 0
130 141 44 34799.4 0 0
128 142 44 34803.6 0 0
132 141 43 34807.8 0 0
129 139 44 34812 0 0
127 140 44 34816.2 0 0
128 138 44 34820.4 0 0
129 134 44 34824.6 0 0
129 132 44 34828.9 0 0
130 135 44 34833.1 0 0
128 139 44 34837.3 0 0
129 134 44 34841.5 0 0
127 137 44 34845.7 0 0
130 138 43 34849.9 0 0
129 135 44 34854.2 0 0
126 137 43 34858.4 0 0
132 137 44 34862.6 0 0
129 137 44 34866.8 0 0
128 138 44 34871 0 0
129 136 44 34875.2 0 0
127 138 44 34879.4 0 0
131 136 44 34883.6 0 0
126 139 44 34887.9 0 0
129 124 44 34892.1 0 0
131 115 44 34899.1 0 0
128 111 44 34903.3 0 0
127 103 44 34907.5 0 0
125 99 44 34911.8 0 0
127 100 44 34916 0 0
128 93 45 34920.2 0 0
127 89 44 34924.4 0 0
127 94 44 34928.6 0 0
126 92 44 34932.8 0 0
129 91 44 34937 0 0
128 88 44 34941.2 0 0
128 90 44 34945.5 0 0
123 90 44 34949.7 0 0
128 90 44 34953.9 0 0
126 89 44 34958.2 0 0
126 89 44 34962.4 0 0
125 89 44 34966.6 0 0
127 90 44 34970.8 0 0
126 91 44 34975.1 0 0
127 86 44 34979.3 0 0
128 88 44 34983.6 0 0
127 91 44 34987.8 0 0
127 91 44 34994.8 0 0
128 91 44 35003.2 0 0
125 89 44 35007.4 0 0
127 89 44 35011.6 0 0
128 89 44 35015.9 0 0
127 90 45 35020.1 0 0
127 88 45 35024.3 0 0
129 89 45 35028.5 0 0
127 93 45 35032.7 0 0
126 87 44 35036.9 0 0
127 90 44 35041.1 0 0
126 89 44 35045.4 0 0
126 90 45 35049.6 0 0
127 89 44 35053.8 0 0
126 86 45 35058 0 0
130 89 44 35062.2 0 0
125 86 45 35066.4 0 0
127 88 45 35070.6 0 0
125 90 45 35074.8 0 0
127 89 45 35079 0 0
128 94 45 35083.3 0 0
129 93 45 35087.5 0 0
129 89 45 35091.7 0 0
126 90 45 35095.9 0 0
130 96 45 35100.1 0 0
131 103 45 35104.3 0 0
140 143 44 35111.4 0 0
156 225 0 35119.9 0 0
156 225 0 35127.9 0 0
156 225 0 35136.6 0 0
156 225 0 35143.9 0 0
156 225 0 35148.1 0 0
156 225 0 35153.1 0 0
156 225 0 35157.3 0 0
156 225 0 35161.6 0 0
156 225 0 35165.8 0 0
156 225 0 35170.1 0 0
156 225 0 35174.3 0 0
156 225 0 35178.5 0 0
156 225 0 35182.7 0 0
156 225 0 35186.9 0 0
156 225 0 35191.1 0 0
156 225 0 35195.3 0 0
156 225 0 35199.6 0 0
156 225 0 35203.8 0 0
156 225 0 35208 0 0
156 225 0 35212.2 0 0
156 225 0 35216.4 0 0
156 225 0 35220.6 0 0
156 225 0 35224.8 0 0
156 225 0 35229.1 0 0
156 225 0 35233.3 0 0
156 225 0 35237.5 0 0
156 225 0 35241.7 0 0
156 225 0 35248.7 0 0
134 199 44 35257.5 0 0
130 177 44 35261.7 0 0
127 173 44 35265.9 0 0
130 163 45 35270.2 0 0
126 168 44 35274.4 0 0
127 168 45 35278.6 0 0
130 167 44 35282.8 0 0
129 169 44 35287 0 0
125 170 44 35291.2 0 0
128 174 44 35295.4 0 0
129 166 44 35299.7 0 0
131 173 44 35303.9 0 0
131 171 45 35308.1 0 0
128 165 44 35312.3 0 0
128 168 45 35316.5 0 0
130 167 45 35320.7 0 0
128 170 44 35324.9 0 0
133 171 44 35329.1 0 0
130 172 45 35333.3 0 0
128 168 44 35337.6 0 0
132 173 44 35344.4 0 0
132 171 44 35348.6 0 0
127 171 44 35352.9 0 0
125 172 44 35357.2 0 0
127 169 44 35361.4 0 0
127 170 45 35365.6 0 0
130 162 45 35369.8 0 0
128 166 44 35374 0 0
129 164 45 35378.2 0 0
127 165 44 35382.4 0 0
129 166 45 35386.6 0 0
129 162 45 35390.8 0 0
130 164 44 35395.1 0 0
129 169 44 35399.3 0 0
132 166 45 35403.5 0 0
132 170 44 35407.7 0 0
130 170 44 35411.9 0 0
130 170 45 35416.2 0 0
129 174 44 35420.4 0 0
131 173 45 35424.6 0 0
135 180 44 35428.8 0 0
127 173 44 35433 0 0
137 178 44 35437.2 0 0
129 177 44 35441.6 0 0
130 173 44 35445.8 0 0
135 176 44 35452.8 0 0
130 169 44 35457 0 0
130 172 44 35461.3 0 0
127 171 45 35465.5 0 0
130 171 44 35469.7 0 0
131 174 45 35473.9 0 0
130 173 45 35478.1 0 0
130 177 45 35482.4 0 0
131 182 44 35486.6 0 0
132 180 45 35490.8 0 0
129 175 45 35495 0 0
129 173 45 35499.4 0 0
128 176 44 35503.6 0 0
130 178 45 35507.8 0 0
131 170 45 35512 0 0
130 146 45 35516.3 0 0
130 132 44 35520.5 0 0
130 128 45 35524.7 0 0
130 128 45 35528.9 0 0
126 112 45 35534.4 0 0
127 103 45 35538.7 0 0
127 100 45 35542.9 0 0
127 88 45 35547.1 0 0
128 83 45 35551.4 0 0
127 80 45 35555.6 0 0
129 73 45 35559.8 0 0
130 73 45 35564 0 0
128 72 45 35568.2 0 0
127 70 45 35572.4 0 0
130 74 45 35576.7 0 0
129 70 45 35580.9 0 0
126 74 45 35585.1 0 0
130 71 45 35589.3 0 0
129 75 45 35593.5 0 0
127 75 45 35597.7 0 0
129 74 45 35601.9 0 0
125 70 45 35606.2 0 0
132 73 45 35610.4 0 0
132 71 45 35614.6 0 0
131 72 45 35618.8 0 0
130 69 45 35623 0 0
130 69 45 35627.2 0 0
129 71 45 35631.4 0 0
128 72 45 35635.7 0 0
130 69 46 35639.9 0 0
129 73 46 35644.2 0 0
129 71 45 35648.4 0 0
128 74 46 35652.6 0 0
131 73 45 35656.8 0 0
131 73 46 35661 0 0
128 74 46 35665.2 0 0
131 73 46 35669.5 0 0
128 78 45 35673.7 0 0
128 74 46 35677.9 0 0
128 73 46 35682.1 0 0
132 72 45 35686.3 0 0
130 74 46 35690.5 0 0
129 73 46 35694.7 0 0
129 75 46 35699.1 0 0
130 75 46 35703.3 0 0
129 72 45 35707.5 0 0
129 73 46 35711.8 0 0
129 72 46 35716 0 0
130 74 46 35720.2 0 0
129 74 46 35724.4 0 0
129 75 46 35728.6 0 0
129 74 46 35732.8 0 0
130 74 46 35737.1 0 0
128 76 46 35741.3 0 0
130 76 46 35745.5 0 0
131 76 46 35749.7 0 0
130 77 46 35753.9 0 0
130 74 46 35758.2 0 0
129 77 46 35762.4 0 0
128 78 46 35766.6 0 0
128 77 46 35770.8 0 0
128 77 46 35775 0 0
129 75 46 35779.2 0 0
129 72 46 35783.4 0 0
130 76 46 35787.7 0 0
130 75 46 35791.9 0 0
130 74 46 35796.1 0 0
129 74 46 35800.3 0 0
129 74 46 35804.5 0 0
128 75 46 35808.7 0 0
129 77 46 35812.9 0 0
133 74 46 35817.1 0 0
129 74 46 35821.4 0 0
129 75 46 35825.6 0 0
131 74 47 35829.8 0 0
128 74 46 35834 0 0
130 74 46 35838.2 0 0
129 74 47 35842.4 0 0
127 74 46 35846.6 0 0
130 76 47 35850.8 0 0
131 75 46 35855.1 0 0
127 75 46 35859.3 0 0
127 75 47 35863.5 0 0
130 73 46 35867.7 0 0
127 74 47 35871.9 0 0
129 75 47 35876.1 0 0
131 76 46 35880.3 0 0
129 75 46 35884.5 0 0
127 76 47 35888.7 0 0
129 74 47 35893 0 0
129 78 46 35897.2 0 0
129 77 47 35901.4 0 0
128 76 47 35905.6 0 0
130 79 47 35909.8 0 0
129 74 46 35914 0 0
129 78 46 35918.3 0 0
132 76 47 35922.5 0 0
128 78 47 35926.7 0 0
127 77 47 35930.9 0 0
128 76 47 35935.1 0 0
130 77 46 35939.3 0 0
131 78 47 35943.6 0 0
131 79 47 35947.8 0 0
131 79 47 35952 0 0
129 83 47 35956.2 0 0
130 82 47 35960.7 0 0
129 81 47 35964.9 0 0
136 93 47 35969.2 0 0
141 103 47 35973.4 0 0
148 116 47 35977.6 0 0
153 119 46 35981.8 0 0
160 138 46 35986 0 0
166 150 46 35990.2 0 0
178 176 46 35994.4 0 0
187 196 45 35998.6 0 0
187 195 45 36002.8 0 0
192 208 45 36007.1 0 0
198 216 45 36011.3 0 0
200 235 45 36019.7 0 0
203 236 44 36023.9 0 0
203 233 45 36028.1 0 0
207 239 45 36061.8 0 0
206 239 45 36116.6 0 0
167 231 45 36689.9 0 0
157 206 45 36694.1 0 0
153 193 46 36698.3 0 0
142 185 46 36702.6 0 0
139 186 46 36706.8 0 0
144 191 46 36711 0 0
147 192 46 36715.2 0 0
142 189 46 36719.4 0 0
141 187 46 36723.6 0 0
132 179 45 36730.8 0 0
138 182 45 36735 0 0
138 184 45 36739.2 0 0
140 189 45 36743.4 0 0
140 186 45 36747.6 0 0
141 192 46 36751.8 0 0
140 188 46 36756 0 0
144 195 46 36760.3 0 0
132 183 45 36764.5 0 0
140 187 45 36768.7 0 0
139 186 46 36773 0 0
142 187 46 36777.2 0 0
139 187 46 36781.4 0 0
140 186 46 36785.6 0 0
140 193 46 36789.8 0 0
137 186 46 36794.1 0 0
139 187 46 36798.3 0 0
132 178 45 36802.5 0 0
145 189 45 36806.7 0 0
137 183 46 36810.9 0 0
141 184 46 36815.1 0 0
135 180 46 36819.3 0 0
139 184 46 36823.6 0 0
140 185 46 36827.8 0 0
138 185 46 36834.7 0 0
141 184 46 36838.9 0 0
135 183 45 36843.1 0 0
140 190 46 36847.3 0 0
138 186 46 36851.5 0 0
137 190 46 36855.8 0 0
141 187 45 36860 0 0
142 191 46 36864.2 0 0
140 193 45 36868.4 0 0
138 190 46 36872.6 0 0
140 189 45 36876.8 0 0
139 188 45 36881.1 0 0
141 192 46 36885.3 0 0
141 190 45 36889.5 0 0
142 193 46 36893.7 0 0
141 193 46 36897.9 0 0
138 189 45 36902.1 0 0
142 191 46 36906.3 0 0
141 191 46 36910.6 0 0
140 191 46 36914.8 0 0
138 188 45 36919 0 0
136 192 46 36923.2 0 0
140 185 46 36927.4 0 0
140 188 46 36931.6 0 0
139 188 46 36935.8 0 0
142 188 45 36940 0 0
141 191 45 36944.3 0 0
140 191 45 36948.5 0 0
137 188 46 36952.7 0 0
140 191 45 36959.8 0 0
141 193 46 36964 0 0
139 192 46 36968.2 0 0
140 191 46 36972.4 0 0
138 193 46 36976.6 0 0
137 190 46 36980.9 0 0
141 192 46 36985.1 0 0
140 194 46 36989.3 0 0
136 187 46 36993.5 0 0
137 191 46 36997.7 0 0
137 191 46 37001.9 0 0
141 191 46 37006.2 0 0
137 188 46 37010.4 0 0
139 193 46 37014.6 0 0
140 186 46 37018.9 0 0
142 191 46 37023.1 0 0
133 182 45 37027.3 0 0
140 192 46 37031.5 0 0
137 186 45 37035.7 0 0
139 190 46 37039.9 0 0
138 193 45 37044.2 0 0
132 175 46 37048.4 0 0
132 175 46 37059.4 0 0
121 151 46 37065.7 0 0
111 130 46 37069.9 0 0
107 114 46 37076.2 0 0
111 108 47 37080.4 0 0
113 95 47 37084.7 0 0
106 91 47 37088.8 0 0
105 83 47 37093.1 0 0
100 70 46 37097.3 0 0
94 69 46 37101.5 0 0
89 69 46 37105.7 0 0
86 52 46 37109.9 0 0
87 41 47 37114.1 0 0
86 36 47 37118.3 0 0
87 34 47 37122.6 0 0
86 30 47 37126.8 0 0
87 36 46 37131 0 0
86 39 46 37135.2 0 0
85 40 46 37139.4 0 0
87 39 46 37143.6 0 0
86 36 46 37147.8 0 0
89 32 46 37152.1 0 0
86 32 47 37156.2 0 0
87 33 47 37160.5 0 0
86 33 47 37164.7 0 0
86 35 47 37168.9 0 0
85 34 46 37173.1 0 0
85 33 46 37177.4 0 0
86 31 46 37181.6 0 0
87 32 46 37188.3 0 0
85 32 47 37192.6 0 0
86 32 46 37197 0 0
86 31 46 37201.3 0 0
85 30 47 37205.5 0 0
90 31 47 37209.8 0 0
85 29 47 37214 0 0
86 31 46 37218.2 0 0
86 30 47 37222.4 0 0
88 31 47 37226.7 0 0
86 34 47 37230.9 0 0
86 34 47 37235.1 0 0
87 32 47 37239.3 0 0
87 33 47 37243.6 0 0
86 31 47 37247.8 0 0
87 33 47 37251.9 0 0
89 34 47 37256.2 0 0
86 33 46 37260.4 0 0
88 32 47 37264.7 0 0
87 35 46 37268.9 0 0
86 34 47 37273.1 0 0
87 31 47 37280 0 0
88 31 47 37284.2 0 0
88 33 46 37288.5 0 0
87 31 47 37292.7 0 0
86 35 47 37297 0 0
87 32 46 37301.2 0 0
87 34 47 37305.4 0 0
89 35 47 37309.6 0 0
87 33 46 37313.8 0 0
85 37 46 37318 0 0
88 34 46 37322.2 0 0
88 33 46 37326.4 0 0
90 35 46 37330.7 0 0
86 35 47 37334.9 0 0
86 35 47 37339.1 0 0
85 34 47 37343.3 0 0
88 37 47 37347.5 0 0
87 36 47 37351.8 0 0
86 38 47 37356 0 0
87 37 47 37360.2 0 0
88 33 47 37364.4 0 0
87 37 47 37368.6 0 0
87 34 47 37372.8 0 0
86 39 46 37377 0 0
84 35 47 37381.2 0 0
87 36 47 37385.4 0 0
87 40 47 37389.8 0 0
85 38 46 37394 0 0
87 40 47 37400.9 0 0
85 42 46 37405.1 0 0
86 41 46 37409.3 0 0
88 42 47 37413.5 0 0
88 40 46 37417.8 0 0
85 40 47 37422 0 0
88 40 46 37426.2 0 0
88 41 46 37430.4 0 0
86 40 47 37434.6 0 0
88 41 46 37438.8 0 0
86 40 47 37443.1 0 0
89 39 46 37447.4 0 0
87 41 46 37451.6 0 0
86 37 46 37455.9 0 0
87 40 46 37460.1 0 0
89 41 46 37464.3 0 0
89 42 47 37468.6 0 0
87 43 46 37472.8 0 0
88 41 46 37477 0 0
86 41 46 37481.2 0 0
88 42 46 37485.4 0 0
87 41 46 37489.7 0 0
89 41 46 37496.5 0 0
87 42 46 37500.8 0 0
86 40 46 37505 0 0
86 42 47 37509.2 0 0
87 39 46 37513.5 0 0
87 43 46 37517.7 0 0
88 42 46 37521.9 0 0
87 42 46 37526.1 0 0
88 41 46 37530.7 0 0
88 39 46 37534.9 0 0
85 36 46 37539.2 0 0
83 34 46 37543.4 0 0
81 37 46 37547.6 0 0
85 37 46 37551.8 0 0
87 37 46 37556 0 0
86 40 46 37560.2 0 0
84 39 46 37564.4 0 0
83 39 46 37568.7 0 0
86 38 46 37572.9 0 0
83 40 46 37577.2 0 0
83 40 46 37583.9 0 0
86 39 46 37588.2 0 0
84 40 46 37592.4 0 0
83 39 46 37596.6 0 0
84 38 46 37600.8 0 0
83 41 46 37605.1 0 0
85 34 46 37609.3 0 0
84 40 46 37613.5 0 0
86 36 46 37617.7 0 0
84 39 46 37621.9 0 0
84 36 46 37626.1 0 0
83 38 46 37630.3 0 0
84 39 46 37634.5 0 0
84 38 46 37638.7 0 0
83 39 46 37643 0 0
83 38 46 37647.2 0 0
85 39 46 37651.4 0 0
83 41 46 37655.6 0 0
84 39 46 37659.9 0 0
85 42 46 37664.1 0 0
80 39 46 37668.4 0 0
86 40 46 37672.6 0 0
85 38 46 37676.8 0 0
85 40 46 37681 0 0
85 40 46 37685.2 0 0
86 39 46 37690.7 0 0
83 40 46 37694.9 0 0
82 38 46 37699.1 0 0
83 41 46 37703.3 0 0
84 39 46 37707.5 0 0
83 41 46 37711.8 0 0
83 41 46 37716 0 0
83 40 46 37720.2 0 0
86 41 46 37724.4 0 0
83 40 46 37728.6 0 0
83 41 46 37732.8 0 0
85 39 46 37737 0 0
83 40 46 37741.2 0 0
84 40 46 37745.4 0 0
84 41 46 37749.6 0 0
84 39 47 37753.8 0 0
84 39 46 37758.1 0 0
82 41 47 37762.3 0 0
86 39 46 37766.5 0 0
83 42 46 37770.7 0 0
84 39 47 37774.9 0 0
86 41 47 37779.2 0 0
92 34 46 37783.3 0 0
100 34 47 37787.6 0 0
116 38 47 37791.8 0 0
123 35 47 37796 0 0
132 37 47 37800.2 0 0
140 40 47 37804.4 0 0
149 43 47 37808.7 0 0
158 38 46 37812.8 0 0
167 41 46 37817.1 0 0
170 43 45 37821.3 0 0
173 48 45 37825.5 0 0
172 46 45 37829.7 0 0
171 47 45 37833.9 0 0
175 47 45 37838.1 0 0
176 49 45 37842.3 0 0
176 50 45 37846.5 0 0
175 47 46 37850.8 0 0
178 48 45 37855 0 0
177 50 46 37859.2 0 0
176 47 45 37863.4 0 0
178 48 45 37867.6 0 0
175 45 45 37871.8 0 0
175 46 45 37876 0 0
177 43 45 37880.3 0 0
176 46 45 37884.5 0 0
175 47 45 37888.7 0 0
173 46 45 37892.9 0 0
175 46 45 37897.1 0 0
176 46 45 37901.3 0 0
176 47 45 37905.6 0 0
175 44 45 37909.8 0 0
176 48 46 37914 0 0
174 43 45 37918.2 0 0
174 43 46 37922.4 0 0
176 44 46 37926.6 0 0
176 45 46 37930.8 0 0
175 44 45 37935.1 0 0
176 49 46 37939.3 0 0
175 47 46 37943.5 0 0
175 50 46 37950.3 0 0
176 50 46 37954.6 0 0
176 50 46 37958.8 0 0
177 50 46 37963.1 0 0
176 48 46 37967.3 0 0
176 50 46 37971.5 0 0
175 48 46 37975.7 0 0
176 50 46 37979.9 0 0
175 49 46 37984.2 0 0
176 49 46 37988.4 0 0
175 49 46 37992.6 0 0
182 47 46 37996.8 0 0
186 51 46 38001 0 0
197 51 47 38005.2 0 0
204 61 46 38009.4 0 0
212 71 46 38013.7 0 0
216 74 45 38017.9 0 0
224 73 45 38022.1 0 0
227 73 44 38026.3 0 0
226 69 44 38030.5 0 0
226 71 43 38034.7 0 0
225 69 43 38038.9 0 0
229 69 43 38043.2 0 0
231 69 44 38047.4 0 0
232 73 44 38051.6 0 0
231 76 43 38055.8 0 0
233 75 44 38062.7 0 0
231 73 44 38066.9 0 0
230 73 44 38071.2 0 0
233 72 44 38075.4 0 0
230 69 43 38079.6 0 0
233 68 43 38083.8 0 0
231 72 43 38088.1 0 0
234 71 44 38092.2 0 0
234 70 43 38096.4 0 0
229 71 43 38100.7 0 0
233 72 44 38104.9 0 0
231 71 44 38109.1 0 0
234 72 44 38113.3 0 0
233 72 44 38117.6 0 0
231 72 44 38121.8 0 0
235 72 43 38126 0 0
232 73 43 38130.2 0 0
232 72 44 38134.4 0 0
235 71 44 38138.6 0 0
231 70 44 38142.9 0 0
235 71 44 38147.1 0 0
230 71 44 38151.3 0 0
232 70 44 38155.5 0 0
233 70 44 38159.7 0 0
234 70 44 38171.1 0 0
235 74 44 38179.3 0 0
231 70 44 38187.6 0 0
232 68 44 38195.8 0 0
230 69 44 38204.3 0 0
231 77 44 38212.6 0 0
231 72 44 38220.8 0 0
231 72 44 38229.3 0 0
231 75 44 38237.6 0 0
231 75 44 38245.8 0 0
232 72 44 38253.2 0 0
236 74 44 38257.5 0 0
232 74 44 38262.5 0 0
232 74 44 38266.8 0 0
233 72 44 38271 0 0
232 75 44 38275.2 0 0
232 74 44 38279.4 0 0
229 71 44 38283.6 0 0
235 77 44 38287.8 0 0
229 69 44 38292.1 0 0
234 75 44 38296.4 0 0
230 76 44 38300.6 0 0
230 71 44 38304.9 0 0
232 74 44 38309.1 0 0
233 76 44 38313.3 0 0
230 76 44 38317.5 0 0
234 85 44 38321.7 0 0
241 99 44 38325.9 0 0
243 108 44 38330.1 0 0
240 118 44 38334.3 0 0
250 152 44 38338.5 0 0
260 185 43 38342.8 0 0
247 192 43 38775.7 0 0
220 125 44 38779.9 0 0
212 118 44 38784.1 0 0
205 108 45 38788.3 0 0
199 91 46 38792.6 0 0
195 88 46 38799.5 0 0
192 89 46 38803.7 0 0
189 81 46 38807.9 0 0
186 76 46 38812.1 0 0
186 64 46 38816.4 0 0
185 61 46 38820.6 0 0
182 60 46 38824.8 0 0
185 58 46 38829.1 0 0
182 60 46 38833.3 0 0
183 58 46 38837.5 0 0
184 58 46 38841.7 0 0
184 60 46 38845.9 0 0
185 60 46 38850.1 0 0
183 56 46 38854.3 0 0
184 59 46 38858.6 0 0
185 62 46 38862.8 0 0
185 61 46 38867 0 0
186 59 46 38871.2 0 0
184 59 46 38875.4 0 0
186 60 46 38879.6 0 0
185 61 46 38883.8 0 0
185 59 46 38888.1 0 0
185 60 46 38892.3 0 0
184 61 46 38896.5 0 0
184 59 46 38900.8 0 0
184 59 46 38904.9 0 0
185 59 46 38909.4 0 0
185 60 46 38913.6 0 0
188 61 46 38917.9 0 0
185 59 46 38922.1 0 0
185 60 46 38926.3 0 0
186 59 46 38930.5 0 0
185 62 46 38934.7 0 0
184 58 46 38938.9 0 0
186 62 46 38943.2 0 0
183 59 46 38947.5 0 0
183 61 46 38951.8 0 0
183 62 46 38956 0 0
186 62 46 38960.2 0 0
184 61 46 38964.4 0 0
184 59 46 38968.6 0 0
182 64 46 38972.8 0 0
183 62 46 38977.1 0 0
185 61 46 38981.3 0 0
186 62 46 38985.5 0 0
185 58 46 38989.7 0 0
184 59 46 38993.9 0 0
186 62 46 38998.1 0 0
185 59 46 39002.3 0 0
184 58 46 39006.6 0 0
182 58 46 39010.8 0 0
186 62 46 39015 0 0
186 59 46 39019.2 0 0
185 55 46 39023.5 0 0
184 60 46 39027.7 0 0
185 59 46 39031.9 0 0
184 58 46 39036.1 0 0
183 61 46 39040.3 0 0
180 69 46 39044.5 0 0
179 75 46 39048.7 0 0
169 87 46 39052.9 0 0
163 96 46 39057.1 0 0
162 103 47 39061.3 0 0
155 108 47 39065.6 0 0
149 109 47 39069.8 0 0
145 113 47 39074 0 0
147 133 48 39078.2 0 0
146 134 48 39082.4 0 0
150 130 48 39086.7 0 0
143 119 47 39090.9 0 0
142 120 47 39095.1 0 0
144 122 47 39099.3 0 0
142 125 47 39103.5 0 0
144 125 47 39107.7 0 0
144 125 47 39111.9 0 0
145 125 47 39116.1 0 0
145 129 47 39120.4 0 0
143 124 47 39124.6 0 0
143 123 47 39128.8 0 0
144 120 47 39133 0 0
142 122 47 39137.2 0 0
145 125 47 39141.4 0 0
144 120 47 39145.7 0 0
145 124 47 39149.9 0 0
143 129 47 39154.1 0 0
144 122 47 39158.3 0 0
145 125 47 39162.5 0 0
143 123 47 39166.7 0 0
145 122 47 39171 0 0
144 122 47 39175.2 0 0
144 122 47 39179.4 0 0
145 124 47 39183.6 0 0
146 125 47 39187.8 0 0
144 133 48 39192 0 0
143 124 47 39196.2 0 0
143 121 47 39200.5 0 0
143 123 47 39204.7 0 0
145 122 47 39208.9 0 0
146 126 47 39213.1 0 0
140 132 47 39217.3 0 0
129 142 47 39221.5 0 0
122 151 47 39225.8 0 0
115 167 46 39230 0 0
108 170 47 39234.2 0 0
104 178 47 39238.4 0 0
96 178 47 39242.6 0 0
93 177 47 39246.8 0 0
89 214 46 39251 0 0
78 211 46 39255.2 0 0
80 212 46 39259.4 0 0
81 218 46 39263.7 0 0
80 214 46 39267.9 0 0
77 223 46 39272.1 0 0
78 229 46 39276.3 0 0
71 227 45 39280.5 0 0
79 232 46 39284.7 0 0
81 228 46 39288.9 0 0
80 226 46 39293.2 0 0
78 228 46 39297.4 0 0
82 226 46 39301.6 0 0
80 226 46 39305.8 0 0
79 227 45 39310 0 0
82 227 45 39314.2 0 0
78 227 45 39318.5 0 0
82 229 45 39322.7 0 0
85 228 46 39326.9 0 0
84 225 46 39331.1 0 0
90 226 45 39335.4 0 0
86 223 46 39339.6 0 0
84 233 46 39343.8 0 0
90 226 45 39348 0 0
70 202 46 39352.2 0 0
84 230 46 39356.4 0 0
87 233 46 39360.6 0 0
82 226 46 39364.8 0 0
89 222 46 39369.1 0 0
89 221 45 39373.3 0 0
84 224 46 39377.5 0 0
93 223 46 39381.7 0 0
88 223 46 39385.9 0 0
88 223 46 39390.1 0 0
86 224 46 39394.4 0 0
87 225 46 39398.6 0 0
86 211 46 39402.8 0 0
93 211 46 39407 0 0
89 212 46 39411.2 0 0
90 212 45 39415.4 0 0
88 209 46 39419.7 0 0
90 213 46 39423.9 0 0
87 213 46 39428.1 0 0
87 217 46 39432.3 0 0
85 201 46 39436.6 0 0
89 195 46 39440.8 0 0
89 200 46 39445 0 0
88 202 46 39449.2 0 0
89 203 46 39453.4 0 0
86 204 46 39457.6 0 0
88 200 46 39461.8 0 0
86 198 46 39466.1 0 0
87 206 46 39470.2 0 0
87 199 46 39474.5 0 0
87 199 45 39478.7 0 0
85 199 46 39482.9 0 0
87 201 46 39487.1 0 0
92 202 46 39491.3 0 0
88 200 45 39495.5 0 0
87 204 46 39499.7 0 0
83 200 46 39504 0 0
73 191 46 39508.2 0 0
73 183 46 39512.4 0 0
63 175 47 39516.7 0 0
56 168 47 39520.9 0 0
51 163 47 39525.1 0 0
48 158 47 39529.3 0 0
43 149 47 39533.5 0 0
42 156 46 39537.7 0 0
42 162 46 39541.9 0 0
45 163 45 39546.1 0 0
46 162 46 39550.4 0 0
42 159 46 39554.6 0 0
40 158 46 39558.8 0 0
39 148 46 39563 0 0
40 152 47 39567.2 0 0
38 152 46 39571.4 0 0
41 153 46 39575.7 0 0
40 155 46 39579.9 0 0
41 152 46 39584.1 0 0
40 160 46 39588.3 0 0
40 155 46 39592.5 0 0
41 154 46 39596.7 0 0
40 157 46 39600.9 0 0
41 154 46 39605.2 0 0
40 157 46 39609.4 0 0
39 155 46 39613.6 0 0
43 154 46 39617.8 0 0
39 156 46 39622 0 0
43 152 46 39626.2 0 0
42 151 46 39630.5 0 0
37 154 46 39634.8 0 0
39 158 46 39639 0 0
41 154 46 39643.2 0 0
41 157 46 39647.5 0 0
38 154 46 39651.7 0 0
41 154 46 39655.9 0 0
38 154 46 39660.1 0 0
40 155 46 39664.3 0 0
41 150 46 39668.5 0 0
40 152 46 39672.8 0 0
42 152 46 39677 0 0
41 161 46 39681.2 0 0
37 142 46 39685.4 0 0
42 129 46 39689.6 0 0
46 119 47 39693.8 0 0
50 103 47 39698 0 0
52 95 47 39702.2 0 0
55 87 47 39706.4 0 0
57 80 47 39710.7 0 0
63 66 47 39714.9 0 0
69 59 47 39719.1 0 0
72 48 47 39723.3 0 0
78 37 47 39727.5 0 0
81 38 47 39731.8 0 0
84 36 47 39736 0 0
85 35 47 39740.2 0 0
84 35 48 39744.4 0 0
83 34 48 39748.6 0 0
82 34 48 39752.8 0 0
86 32 48 39757.1 0 0
84 31 48 39761.3 0 0
84 28 48 39765.5 0 0
84 27 48 39769.7 0 0
85 26 48 39773.9 0 0
81 26 48 39778.1 0 0
86 25 48 39782.3 0 0
84 24 47 39786.5 0 0
84 26 48 39790.8 0 0
82 25 48 39795 0 0
85 24 48 39799.2 0 0
84 26 48 39803.4 0 0
86 27 48 39807.6 0 0
85 28 48 39811.8 0 0
83 26 48 39816 0 0
81 29 48 39820.2 0 0
84 22 48 39824.4 0 0
84 26 48 39828.7 0 0
84 28 48 39832.9 0 0
83 23 48 39837.1 0 0
84 26 48 39841.3 0 0
86 25 48 39845.5 0 0
81 27 48 39849.7 0 0
87 27 48 39853.9 0 0
86 25 48 39858.2 0 0
83 27 48 39862.4 0 0
83 25 47 39866.6 0 0
83 27 48 39870.8 0 0
85 26 48 39875 0 0
85 25 47 39879.2 0 0
83 27 48 39883.4 0 0
85 27 48 39887.6 0 0
83 25 47 39891.9 0 0
84 27 48 39896.1 0 0
83 30 48 39900.3 0 0
81 27 48 39904.5 0 0
86 28 48 39908.7 0 0
82 28 48 39912.9 0 0
86 27 48 39917.2 0 0
83 27 47 39921.4 0 0
83 27 48 39925.6 0 0
87 28 48 39929.8 0 0
81 30 48 39934 0 0
85 28 47 39938.2 0 0
82 30 48 39942.4 0 0
84 27 47 39946.6 0 0
84 31 48 39950.8 0 0
85 26 47 39955.1 0 0
84 31 48 39959.5 0 0
82 27 47 39963.7 0 0
87 31 48 39967.9 0 0
85 28 47 39972.1 0 0
84 28 47 39976.3 0 0
81 30 47 39980.5 0 0
84 28 47 39984.8 0 0
84 28 47 39989 0 0
82 28 47 39993.2 0 0
86 29 47 39997.4 0 0
82 28 47 40001.6 0 0
82 32 47 40005.8 0 0
83 34 47 40010 0 0
80 39 47 40014.2 0 0
80 49 47 40018.4 0 0
72 59 46 40022.7 0 0
68 76 46 40026.9 0 0
69 88 46 40031.1 0 0
64 103 46 40035.3 0 0
60 109 46 40039.5 0 0
59 119 46 40043.8 0 0
61 124 46 40048 0 0
59 138 46 40052.2 0 0
57 146 46 40056.4 0 0
58 151 46 40060.6 0 0
55 159 46 40064.8 0 0
53 156 45 40069 0 0
53 158 46 40073.2 0 0
55 152 46 40077.5 0 0
56 156 46 40081.8 0 0
55 158 46 40085.9 0 0
56 159 45 40090.2 0 0
55 159 46 40094.4 0 0
57 159 45 40098.6 0 0
58 161 45 40102.8 0 0
54 159 45 40107 0 0
56 159 45 40111.2 0 0
57 160 45 40115.5 0 0
56 157 45 40119.7 0 0
54 158 45 40123.9 0 0
54 158 45 40128.1 0 0
59 158 45 40132.3 0 0
55 156 45 40136.5 0 0
56 158 45 40140.8 0 0
57 158 45 40145 0 0
55 157 45 40149.2 0 0
53 160 45 40153.4 0 0
55 160 45 40157.6 0 0
54 156 45 40161.8 0 0
55 158 45 40166.1 0 0
57 158 45 40170.3 0 0
57 159 46 40174.5 0 0
58 161 45 40178.7 0 0
58 158 45 40182.9 0 0
52 159 45 40189.8 0 0
52 159 45 40198.1 0 0
41 159 46 40206.3 0 0
40 167 46 40210.6 0 0
39 167 45 40215 0 0
38 169 45 40219.2 0 0
40 167 45 40223.4 0 0
38 166 45 40227.7 0 0
38 171 45 40231.9 0 0
39 170 45 40236.1 0 0
33 173 44 40240.3 0 0
37 165 45 40244.5 0 0
38 168 45 40248.8 0 0
37 165 45 40252.9 0 0
39 166 45 40257.2 0 0
36 167 46 40261.4 0 0
38 168 45 40265.6 0 0
37 166 45 40269.9 0 0
38 166 45 40274.1 0 0
38 167 45 40278.3 0 0
38 166 45 40282.5 0 0
39 165 45 40286.7 0 0
39 164 45 40290.9 0 0
36 168 45 40295.1 0 0
38 166 45 40299.3 0 0
37 162 45 40303.5 0 0
37 165 45 40307.8 0 0
36 162 46 40311.9 0 0
36 160 45 40318.9 0 0
40 172 45 40323.2 0 0
36 169 45 40327.4 0 0
37 165 45 40331.7 0 0
38 168 45 40335.9 0 0
36 163 45 40340.1 0 0
41 165 45 40344.3 0 0
35 167 45 40348.5 0 0
36 165 45 40352.8 0 0
38 166 45 40357 0 0
37 159 45 40361.2 0 0
37 169 45 40365.4 0 0
37 164 45 40369.6 0 0
38 158 45 40373.8 0 0
36 160 45 40378 0 0
35 159 45 40382.2 0 0
38 159 45 40386.4 0 0
36 163 45 40390.7 0 0
35 159 45 40394.9 0 0
36 158 45 40399.1 0 0
35 161 45 40403.3 0 0
40 159 45 40407.5 0 0
34 158 46 40411.7 0 0
35 158 45 40415.9 0 0
35 158 45 40420.2 0 0
36 165 46 40425.1 0 0
38 158 45 40429.3 0 0
34 161 45 40433.5 0 0
35 161 45 40437.7 0 0
35 155 46 40441.9 0 0
37 160 45 40446.1 0 0
35 160 46 40450.3 0 0
34 160 45 40454.5 0 0
37 163 45 40458.8 0 0
40 159 45 40463 0 0
38 160 45 40467.2 0 0
34 161 45 40471.4 0 0
35 160 46 40475.7 0 0
38 157 45 40479.9 0 0
40 159 45 40484.1 0 0
38 158 46 40488.3 0 0
37 160 45 40492.5 0 0
37 158 45 40496.7 0 0
36 160 45 40500.9 0 0
38 157 45 40505.2 0 0
37 159 45 40509.4 0 0
34 167 46 40513.6 0 0
37 158 45 40517.8 0 0
36 165 45 40522.1 0 0
36 166 45 40526.3 0 0
35 166 45 40530.5 0 0
33 167 46 40534.7 0 0
34 163 45 40538.9 0 0
36 163 46 40543.2 0 0
35 166 46 40547.4 0 0
39 163 46 40551.6 0 0
33 166 45 40555.8 0 0
35 159 46 40560 0 0
38 158 45 40564.2 0 0
37 157 46 40568.5 0 0
38 158 46 40572.7 0 0
35 161 46 40576.9 0 0
36 158 45 40581.2 0 0
36 160 46 40585.4 0 0
38 158 46 40589.7 0 0
35 162 46 40593.9 0 0
38 163 46 40598.1 0 0
39 165 46 40602.3 0 0
35 164 46 40606.5 0 0
37 162 46 40610.8 0 0
37 164 46 40615 0 0
38 163 46 40619.2 0 0
38 166 45 40623.4 0 0
33 164 45 40627.6 0 0
39 164 45 40631.8 0 0
37 165 45 40636 0 0
38 166 46 40640.3 0 0
36 166 45 40644.5 0 0
35 166 46 40648.7 0 0
37 162 45 40652.9 0 0
40 158 46 40657.1 0 0
33 157 46 40661.3 0 0
37 142 46 40665.6 0 0
37 135 46 40669.8 0 0
38 137 46 40674 0 0
38 143 46 40678.2 0 0
41 139 46 40682.4 0 0
48 138 45 40686.7 0 0
55 145 45 40690.9 0 0
74 162 45 40695.1 0 0
81 163 45 40699.3 0 0
90 169 46 40703.6 0 0
99 174 46 40707.8 0 0
98 168 46 40712 0 0
104 167 46 40716.2 0 0
103 168 46 40720.4 0 0
101 164 46 40724.6 0 0
101 165 46 40728.9 0 0
105 170 46 40733.1 0 0
109 172 46 40737.3 0 0
109 174 46 40741.5 0 0
109 174 45 40745.7 0 0
107 174 46 40749.9 0 0
104 174 46 40754.2 0 0
107 170 46 40758.4 0 0
104 168 46 40762.6 0 0
105 171 46 40766.8 0 0
106 167 46 40771 0 0
106 174 46 40775.2 0 0
106 167 46 40779.4 0 0
108 169 46 40783.6 0 0
108 167 46 40787.9 0 0
107 172 46 40792.1 0 0
108 169 46 40796.3 0 0
107 172 46 40800.5 0 0
107 167 46 40804.7 0 0
107 170 46 40808.9 0 0
106 170 46 40813.1 0 0
109 167 46 40817.3 0 0
107 167 46 40821.6 0 0
107 168 46 40825.8 0 0
106 171 46 40830 0 0
105 170 46 40834.2 0 0
107 174 46 40838.4 0 0
107 168 46 40842.6 0 0
108 170 46 40846.8 0 0
106 169 46 40851 0 0
106 168 46 40855.3 0 0
108 170 46 40859.5 0 0
105 170 46 40863.7 0 0
97 154 46 40867.9 0 0
95 150 46 40872.1 0 0
92 134 47 40876.3 0 0
88 131 47 40880.6 0 0
89 124 47 40884.8 0 0
94 130 46 40889 0 0
98 123 47 40893.2 0 0
97 129 46 40897.4 0 0
96 133 47 40901.6 0 0
93 132 46 40905.9 0 0
96 132 46 40910.1 0 0
95 127 47 40914.3 0 0
96 125 47 40918.6 0 0
94 121 46 40922.8 0 0
95 121 47 40927 0 0
94 121 47 40931.2 0 0
94 122 47 40935.4 0 0
91 126 46 40939.6 0 0
95 125 46 40943.8 0 0
94 127 46 40948.1 0 0
97 127 47 40952.3 0 0
97 127 47 40956.5 0 0
96 126 46 40960.7 0 0
99 121 47 40964.9 0 0
96 121 47 40969.2 0 0
96 120 46 40973.4 0 0
94 121 47 40977.6 0 0
96 124 47 40981.8 0 0
93 118 46 40986 0 0
96 121 47 40990.2 0 0
96 124 46 40994.4 0 0
96 120 47 40998.6 0 0
97 124 47 41002.8 0 0
96 123 47 41007.1 0 0
97 123 46 41011.3 0 0
98 124 47 41015.5 0 0
98 123 47 41019.7 0 0
98 123 47 41023.9 0 0
96 126 47 41028.1 0 0
99 127 46 41032.3 0 0
99 127 46 41036.6 0 0
97 120 47 41040.8 0 0
98 124 47 41045 0 0
96 128 47 41049.2 0 0
97 123 47 41053.4 0 0
97 124 47 41057.7 0 0
99 127 47 41061.9 0 0
96 124 47 41066.1 0 0
100 126 47 41070.3 0 0
98 128 47 41074.5 0 0
97 124 47 41078.7 0 0
99 122 47 41083 0 0
96 123 47 41087.2 0 0
97 123 47 41091.4 0 0
96 119 47 41095.6 0 0
98 122 47 41099.8 0 0
99 122 47 41104.1 0 0
98 120 47 41108.3 0 0
98 122 47 41112.5 0 0
98 123 47 41116.7 0 0
98 121 47 41120.9 0 0
99 122 47 41125.1 0 0
99 121 47 41129.3 0 0
98 122 47 41133.5 0 0
98 123 47 41137.7 0 0
100 123 47 41142 0 0
95 120 47 41146.2 0 0
92 122 48 41150.4 0 0
87 106 47 41154.6 0 0
81 98 47 41158.8 0 0
75 103 48 41163 0 0
67 92 48 41167.2 0 0
60 87 48 41171.4 0 0
54 74 47 41175.7 0 0
51 70 46 41179.9 0 0
46 67 45 41184.1 0 0
40 76 45 41188.3 0 0
41 74 44 41192.5 0 0
44 72 45 41196.7 0 0
44 69 46 41200.9 0 0
42 68 46 41205.1 0 0
41 66 47 41209.4 0 0
40 67 47 41213.7 0 0
42 66 47 41217.9 0 0
40 66 46 41222.1 0 0
42 67 47 41226.3 0 0
43 65 46 41230.6 0 0
41 68 46 41234.8 0 0
41 68 46 41239 0 0
39 65 45 41243.2 0 0
44 68 46 41247.4 0 0
43 66 46 41251.6 0 0
45 66 46 41255.8 0 0
44 63 46 41260.1 0 0
43 65 46 41264.3 0 0
43 63 46 41268.5 0 0
43 67 47 41272.7 0 0
40 67 46 41276.9 0 0
42 64 46 41281.1 0 0
44 66 46 41285.3 0 0
44 67 46 41289.6 0 0
45 66 46 41293.8 0 0
43 66 46 41298.1 0 0
39 66 46 41302.3 0 0
42 66 46 41306.5 0 0
45 66 46 41310.7 0 0
43 66 46 41314.9 0 0
44 66 46 41319.1 0 0
39 68 47 41323.3 0 0
43 65 47 41327.6 0 0
43 67 47 41331.8 0 0
43 67 46 41336 0 0
44 65 46 41340.2 0 0
45 65 46 41344.4 0 0
44 64 47 41348.6 0 0
40 67 47 41355.4 0 0
42 66 47 41359.7 0 0
44 68 47 41363.9 0 0
41 67 47 41368.1 0 0
42 68 47 41372.3 0 0
40 70 47 41376.5 0 0
44 67 47 41380.7 0 0
41 69 47 41384.9 0 0
48 68 47 41389.2 0 0
56 63 47 41393.4 0 0
70 57 47 41397.6 0 0
79 62 48 41401.8 0 0
87 68 48 41406 0 0
94 68 48 41410.2 0 0
101 73 48 41414.4 0 0
109 69 48 41418.7 0 0
115 74 48 41422.9 0 0
115 72 47 41427.1 0 0
113 69 47 41431.3 0 0
116 70 47 41435.6 0 0
116 68 47 41439.8 0 0
122 74 48 41444 0 0
123 73 48 41448.2 0 0
121 71 47 41452.4 0 0
119 74 47 41456.6 0 0
119 74 47 41463.8 0 0
119 72 47 41471.9 0 0
119 69 47 41476.1 0 0
120 67 47 41480.4 0 0
117 67 47 41484.6 0 0
118 67 47 41488.8 0 0
118 71 47 41493 0 0
118 73 47 41497.2 0 0
117 71 48 41501.4 0 0
120 70 47 41505.6 0 0
119 71 47 41509.8 0 0
120 68 47 41514.1 0 0
120 74 47 41518.3 0 0
122 70 47 41522.5 0 0
119 71 47 41526.7 0 0
120 70 47 41530.9 0 0
118 71 47 41535.1 0 0
118 71 47 41539.4 0 0
117 69 47 41543.7 0 0
117 71 47 41547.9 0 0
118 69 47 41552.1 0 0
118 72 47 41556.3 0 0
118 67 47 41560.5 0 0
120 71 47 41564.7 0 0
119 69 47 41568.9 0 0
118 69 47 41573.1 0 0
119 65 47 41577.4 0 0
120 68 47 41581.6 0 0
117 70 47 41588.6 0 0
119 72 47 41592.9 0 0
117 73 47 41597.5 0 0
118 71 47 41601.7 0 0
117 70 47 41606 0 0
120 70 47 41610.2 0 0
117 69 47 41614.4 0 0
119 70 47 41618.7 0 0
118 72 47 41622.9 0 0
120 69 47 41627.1 0 0
119 71 47 41631.3 0 0
116 71 47 41635.5 0 0
119 67 47 41639.8 0 0
119 72 47 41644 0 0
117 71 47 41648.2 0 0
115 72 47 41652.4 0 0
119 70 47 41659.3 0 0
119 70 47 41667.8 0 0
117 71 47 41675.1 0 0
121 74 47 41679.3 0 0
127 76 48 41684.3 0 0
126 74 47 41688.6 0 0
126 73 47 41692.8 0 0
122 74 47 41697 0 0
124 73 47 41701.2 0 0
122 75 47 41705.5 0 0
126 73 47 41709.7 0 0
123 75 47 41713.9 0 0
126 81 48 41718.1 0 0
124 79 47 41722.3 0 0
124 77 47 41726.5 0 0
124 75 47 41730.8 0 0
123 81 48 41735 0 0
124 79 48 41739.3 0 0
124 76 47 41743.5 0 0
123 71 47 41747.7 0 0
124 75 47 41751.9 0 0
122 75 47 41756.1 0 0
124 73 47 41760.3 0 0
126 76 47 41764.6 0 0
121 75 47 41768.9 0 0
124 81 48 41773.2 0 0
123 79 47 41777.4 0 0
123 82 48 41784.2 0 0
123 83 48 41788.4 0 0
124 80 48 41792.7 0 0
126 83 48 41796.9 0 0
125 77 47 41801.2 0 0
125 77 47 41805.3 0 0
123 83 48 41809.6 0 0
123 78 48 41813.8 0 0
124 82 48 41818.2 0 0
123 83 48 41822.4 0 0
125 82 48 41826.7 0 0
126 83 48 41830.9 0 0
126 79 48 41835.1 0 0
124 85 48 41839.3 0 0
122 82 48 41843.5 0 0
125 82 48 41847.7 0 0
125 83 48 41851.9 0 0
124 80 48 41856.2 0 0
123 84 48 41860.4 0 0
125 77 48 41864.6 0 0
124 84 48 41868.8 0 0
124 84 48 41873 0 0
124 77 48 41878.2 0 0
124 81 48 41882.4 0 0
124 81 48 41886.6 0 0
124 78 48 41890.8 0 0
125 78 48 41895 0 0
124 80 48 41899.2 0 0
125 81 48 41903.4 0 0
125 78 48 41907.7 0 0
125 81 48 41911.9 0 0
127 76 48 41916.1 0 0
123 82 48 41920.3 0 0
124 79 48 41924.5 0 0
122 81 48 41928.8 0 0
126 82 48 41933 0 0
125 82 48 41937.2 0 0
125 80 48 41941.4 0 0
126 81 48 41945.6 0 0
126 82 48 41949.8 0 0
125 80 48 41954 0 0
122 82 48 41958.2 0 0
125 83 48 41962.4 0 0
122 85 48 41966.7 0 0
128 82 48 41970.8 0 0
126 81 48 41975.1 0 0
124 85 48 41979.3 0 0
126 82 48 41984 0 0
125 82 48 41988.3 0 0
125 81 48 41992.5 0 0
124 80 48 41996.7 0 0
122 85 48 42000.9 0 0
124 82 48 42005.2 0 0
124 83 48 42009.4 0 0
128 80 48 42013.6 0 0
123 81 48 42017.8 0 0
127 80 48 42022 0 0
124 80 48 42026.2 0 0
123 81 48 42030.4 0 0
124 81 48 42034.7 0 0
124 84 48 42038.9 0 0
123 82 48 42043.1 0 0
124 83 48 42047.3 0 0
126 83 48 42051.6 0 0
127 81 48 42055.8 0 0
126 84 48 42060 0 0
127 81 48 42064.2 0 0
124 83 48 42068.4 0 0
130 84 48 42072.6 0 0
137 72 48 42076.8 0 0
145 61 49 42081.1 0 0
157 53 49 42085.3 0 0
172 41 48 42089.5 0 0
179 35 47 42096.4 0 0
180 35 47 42100.7 0 0
178 34 47 42104.9 0 0
178 34 47 42109.1 0 0
180 38 46 42113.3 0 0
180 35 46 42117.6 0 0
182 33 47 42121.8 0 0
182 34 46 42126 0 0
181 33 47 42130.2 0 0
181 35 47 42134.4 0 0
180 36 46 42138.6 0 0
180 39 46 42142.9 0 0
180 35 47 42147.1 0 0
180 37 47 42151.3 0 0
184 40 47 42155.5 0 0
180 36 47 42159.8 0 0
183 38 47 42164 0 0
182 36 46 42168.2 0 0
180 40 46 42172.4 0 0
182 35 47 42176.7 0 0
180 36 47 42180.9 0 0
183 37 47 42185.1 0 0
183 37 47 42189.3 0 0
181 36 46 42193.6 0 0
181 35 47 42197.8 0 0
181 36 47 42204.6 0 0
178 36 47 42208.8 0 0
183 36 47 42213 0 0
182 30 47 42217.3 0 0
179 37 47 42221.5 0 0
181 35 47 42225.7 0 0
182 36 47 42229.9 0 0
181 35 47 42234.2 0 0
184 37 47 42238.4 0 0
181 39 47 42242.6 0 0
182 38 47 42246.8 0 0
182 38 47 42251 0 0
181 38 47 42255.2 0 0
183 39 47 42259.4 0 0
182 38 47 42263.7 0 0
182 38 47 42267.9 0 0
180 40 47 42272.1 0 0
181 36 47 42276.3 0 0
182 36 47 42280.5 0 0
180 36 47 42284.7 0 0
185 38 47 42288.9 0 0
181 39 47 42293.2 0 0
184 37 47 42297.4 0 0
181 38 47 42301.6 0 0
180 38 47 42305.8 0 0
180 36 47 42310 0 0
182 37 47 42314.2 0 0
183 37 47 42318.4 0 0
182 37 47 42322.6 0 0
184 38 47 42329.7 0 0
184 39 47 42333.9 0 0
184 39 47 42338.1 0 0
181 37 47 42342.3 0 0
181 39 47 42346.5 0 0
181 36 47 42350.7 0 0
185 38 47 42354.9 0 0
183 37 47 42359.2 0 0
181 38 47 42363.4 0 0
181 38 47 42367.6 0 0
182 37 47 42371.8 0 0
182 40 47 42376 0 0
180 48 47 42380.2 0 0
170 64 47 42384.4 0 0
163 74 47 42388.6 0 0
155 82 47 42392.9 0 0
147 101 48 42397.1 0 0
139 110 48 42401.3 0 0
133 116 48 42405.5 0 0
125 128 49 42409.7 0 0
118 134 48 42413.9 0 0
113 147 48 42418.1 0 0
107 151 48 42422.4 0 0
102 154 48 42426.6 0 0
93 174 48 42430.8 0 0
93 174 48 42435 0 0
85 183 47 42440.7 0 0
88 187 47 42444.9 0 0
81 201 47 42449.1 0 0
84 199 47 42453.3 0 0
86 203 47 42457.6 0 0
83 197 47 42461.8 0 0
84 199 47 42466 0 0
82 203 47 42470.2 0 0
80 207 47 42474.4 0 0
81 209 47 42478.6 0 0
84 197 47 42482.8 0 0
81 198 47 42487.1 0 0
82 200 47 42491.3 0 0
85 200 47 42495.5 0 0
82 201 47 42499.7 0 0
80 198 46 42503.9 0 0
82 202 47 42508.2 0 0
84 202 47 42512.4 0 0
87 202 46 42516.6 0 0
81 203 47 42520.8 0 0
84 198 47 42525 0 0
82 201 47 42529.2 0 0
81 200 47 42533.4 0 0
82 205 47 42537.7 0 0
83 200 47 42541.9 0 0
85 203 47 42546.1 0 0
86 199 47 42550.3 0 0
83 201 47 42554.5 0 0
83 196 47 42558.8 0 0
85 202 47 42563 0 0
84 197 47 42567.2 0 0
83 198 47 42571.4 0 0
83 196 47 42575.6 0 0
86 198 47 42579.8 0 0
82 200 47 42584 0 0
80 203 47 42588.2 0 0
84 202 47 42592.4 0 0
83 200 47 42596.7 0 0
84 197 46 42600.9 0 0
83 200 47 42605.1 0 0
81 198 47 42609.3 0 0
82 204 47 42613.5 0 0
82 194 47 42617.7 0 0
85 208 47 42621.9 0 0
82 206 47 42626.2 0 0
82 204 47 42630.4 0 0
86 203 47 42634.6 0 0
82 203 47 42638.8 0 0
80 203 47 42643 0 0
84 204 46 42647.2 0 0
86 204 47 42651.4 0 0
82 205 46 42655.6 0 0
81 203 46 42659.9 0 0
83 204 46 42664.1 0 0
81 202 47 42670.9 0 0
85 206 46 42675.1 0 0
81 206 47 42679.4 0 0
83 199 47 42683.6 0 0
82 203 47 42687.8 0 0
85 201 46 42692 0 0
85 203 46 42696.2 0 0
81 199 46 42700.4 0 0
85 205 47 42704.6 0 0
81 205 47 42708.8 0 0
83 205 47 42713.1 0 0
81 202 46 42717.2 0 0
85 203 46 42721.4 0 0
83 205 46 42725.7 0 0
84 200 46 42729.9 0 0
82 199 46 42734.1 0 0
79 197 46 42738.3 0 0
69 193 47 42742.5 0 0
63 184 47 42746.7 0 0
58 180 48 42750.9 0 0
54 172 47 42755.1 0 0
46 164 48 42759.3 0 0
45 153 48 42763.6 0 0
41 154 47 42767.8 0 0
40 170 46 42772 0 0
39 176 46 42776.3 0 0
40 164 45 42780.5 0 0
42 161 46 42784.7 0 0
38 156 47 42788.9 0 0
38 155 47 42795.7 0 0
38 153 47 42800 0 0
35 152 47 42804.2 0 0
39 156 47 42808.4 0 0
36 162 46 42812.6 0 0
38 154 47 42816.8 0 0
34 165 46 42821.1 0 0
38 162 46 42825.3 0 0
37 166 46 42829.5 0 0
37 159 46 42833.7 0 0
37 161 46 42837.9 0 0
33 158 46 42842.1 0 0
41 156 46 42846.3 0 0
38 158 46 42850.6 0 0
37 157 46 42854.8 0 0
38 159 47 42859 0 0
37 158 46 42863.2 0 0
38 158 47 42867.4 0 0
36 167 46 42871.6 0 0
35 161 46 42875.8 0 0
34 163 46 42880.1 0 0
39 161 47 42884.3 0 0
36 161 46 42888.5 0 0
37 163 46 42892.7 0 0
36 162 47 42896.9 0 0
38 162 46 42901.1 0 0
39 163 46 42905.3 0 0
35 161 47 42909.6 0 0
36 162 46 42913.8 0 0
33 163 46 42920.6 0 0
38 162 47 42924.8 0 0
34 161 47 42929.1 0 0
36 163 46 42933.3 0 0
39 163 47 42937.5 0 0
34 163 46 42941.7 0 0
37 160 46 42945.9 0 0
39 163 47 42950.1 0 0
36 163 46 42954.4 0 0
35 164 46 42958.6 0 0
36 161 47 42962.8 0 0
39 153 47 42967 0 0
37 153 46 42971.2 0 0
37 164 46 42975.4 0 0
37 158 47 42979.7 0 0
37 155 46 42983.9 0 0
37 156 46 42988.2 0 0
36 163 47 42992.4 0 0
35 164 46 42996.6 0 0
40 161 46 43000.8 0 0
35 162 46 43005 0 0
37 165 46 43009.2 0 0
36 162 47 43013.4 0 0
35 163 46 43017.6 0 0
37 162 47 43021.8 0 0
39 163 46 43026.1 0 0
38 166 46 43030.3 0 0
43 164 46 43037.2 0 0
43 168 46 43041.5 0 0
57 176 46 43045.8 0 0
66 186 46 43049.9 0 0
73 198 45 43054.2 0 0
79 204 45 43058.4 0 0
82 209 46 43062.6 0 0
77 216 46 43066.8 0 0
76 213 46 43071 0 0
75 201 46 43075.2 0 0
80 199 46 43079.4 0 0
84 202 46 43083.7 0 0
82 205 46 43087.9 0 0
82 211 46 43092.1 0 0
84 212 46 43096.3 0 0
84 213 45 43100.5 0 0
84 211 45 43104.7 0 0
80 209 45 43108.9 0 0
83 206 46 43113.1 0 0
80 210 45 43117.3 0 0
84 204 46 43121.6 0 0
82 202 45 43125.8 0 0
82 209 46 43130 0 0
83 203 45 43134.2 0 0
83 203 45 43138.4 0 0
80 206 45 43143.8 0 0
84 200 45 43148 0 0
83 203 45 43153.8 0 0
82 197 45 43158 0 0
81 201 45 43162.2 0 0
81 201 45 43166.5 0 0
87 205 45 43170.7 0 0
82 199 46 43174.9 0 0
81 205 45 43179.1 0 0
89 208 45 43183.3 0 0
102 208 45 43187.5 0 0
113 209 46 43191.7 0 0
121 209 47 43195.9 0 0
131 221 46 43200.1 0 0
151 235 46 43204.3 0 0
169 225 46 43212.8 0 0
185 231 46 43217.1 0 0
197 199 45 43829.6 0 0
168 156 46 43833.9 0 0
160 139 47 43840.6 0 0
150 125 47 43844.9 0 0
143 113 47 43849.1 0 0
138 117 47 43853.3 0 0
130 114 47 43857.5 0 0
122 110 47 43861.8 0 0
112 109 47 43866 0 0
109 108 48 43870.2 0 0
104 99 47 43874.4 0 0
100 102 48 43878.6 0 0
99 99 48 43882.8 0 0
93 94 47 43887.1 0 0
93 99 48 43891.3 0 0
93 92 47 43895.5 0 0
95 97 47 43899.7 0 0
96 100 47 43903.9 0 0
92 98 47 43908.2 0 0
93 96 47 43912.4 0 0
91 104 48 43916.6 0 0
90 101 48 43920.8 0 0
92 101 48 43925.1 0 0
94 94 47 43929.3 0 0
91 101 48 43933.5 0 0
92 100 48 43940.6 0 0
93 97 47 43944.8 0 0
93 98 47 43949 0 0
95 97 47 43953.2 0 0
92 102 48 43957.4 0 0
95 104 48 43961.7 0 0
93 97 47 43965.9 0 0
91 104 48 43970.1 0 0
90 103 48 43974.3 0 0
92 101 48 43978.5 0 0
94 103 48 43982.7 0 0
89 103 48 43986.9 0 0
94 103 48 43991.2 0 0
95 105 48 43995.4 0 0
94 107 48 43999.6 0 0
94 104 48 44003.8 0 0
93 106 48 44008 0 0
91 107 48 44012.4 0 0
94 108 48 44016.6 0 0
93 105 48 44020.9 0 0
93 106 48 44025.1 0 0
93 106 48 44029.3 0 0
94 105 48 44034.4 0 0
94 103 48 44038.6 0 0
93 106 48 44042.9 0 0
91 103 48 44047.1 0 0
