103 92 54 1011.53 0 0
102 96 54 1015.75 0 0
103 92 54 1019.97 0 0
105 92 54 1024.2 0 0
105 91 54 1028.43 0 0
103 93 54 1032.63 0 0
101 94 54 1036.84 0 0
104 91 54 1041.04 0 0
104 92 54 1045.24 0 0
104 94 54 1049.47 0 0
105 92 54 1053.69 0 0
102 96 54 1057.92 0 0
100 92 54 1062.16 0 0
103 95 54 1069.29 0 0
101 93 54 1073.49 0 0
100 98 54 1077.69 0 0
100 96 54 1081.91 0 0
103 95 54 1086.12 0 0
103 94 54 1090.57 0 0
109 94 54 1094.78 0 0
113 101 55 1098.98 0 0
118 102 55 1103.18 0 0
118 101 55 1107.38 0 0
120 126 54 1111.59 0 0
128 108 54 1115.81 0 0
132 106 54 1120.04 0 0
132 114 54 1124.25 0 0
123 134 54 1128.49 0 0
125 120 54 1132.73 0 0
126 121 54 1136.93 0 0
130 123 54 1141.13 0 0
125 116 54 1145.35 0 0
127 118 54 1149.59 0 0
120 142 54 1156.49 0 0
126 120 54 1160.72 0 0
127 117 54 1164.95 0 0
127 118 54 1169.15 0 0
130 117 54 1173.37 0 0
127 117 54 1177.58 0 0
124 121 54 1181.83 0 0
128 122 54 1186.06 0 0
129 118 54 1190.27 0 0
117 144 54 1194.49 0 0
128 117 54 1198.7 0 0
130 115 54 1202.9 0 0
128 122 54 1207.12 0 0
128 118 54 1211.34 0 0
129 121 54 1215.57 0 0
131 114 54 1219.79 0 0
131 118 54 1223.99 0 0
133 113 54 1228.19 0 0
125 117 54 1232.39 0 0
115 144 54 1236.61 0 0
126 120 54 1240.82 0 0
127 118 54 1245.05 0 0
130 117 54 1249.26 0 0
132 115 54 1253.49 0 0
129 119 54 1257.69 0 0
116 147 54 1261.89 0 0
127 120 54 1266.11 0 0
128 123 54 1270.32 0 0
127 121 54 1274.64 0 0
129 116 54 1281.58 0 0
127 118 54 1285.79 0 0
120 139 54 1289.99 0 0
130 109 54 1294.19 0 0
131 91 54 1298.4 0 0
33 143 54 1302.63 0 0
125 97 54 1306.87 0 0
123 98 54 1311.11 0 0
140 109 54 1315.33 0 0
125 94 54 1319.54 0 0
123 93 54 1323.74 0 0
126 94 54 1327.94 0 0
125 93 54 1332.16 0 0
125 83 54 1340.61 0 0
125 78 54 1344.82 0 0
123 74 54 1349.02 0 0
127 90 54 1353.22 0 0
127 93 54 1357.43 0 0
6 151 54 1361.66 0 0
123 69 54 1365.9 0 0
123 81 54 1370.13 0 0
120 84 55 1374.34 0 0
114 79 55 1381.47 0 0
110 77 54 1385.67 0 0
109 75 54 1389.88 0 0
106 74 54 1394.09 0 0
104 79 54 1398.31 0 0
104 76 54 1403.21 0 0
107 80 54 1407.41 0 0
111 77 54 1411.61 0 0
109 78 54 1415.82 0 0
107 71 54 1420.02 0 0
105 71 54 1427.19 0 0
106 73 54 1435.45 0 0
105 72 53 1443.93 0 0
107 73 53 1452.17 0 0
104 73 53 1460.42 0 0
108 72 53 1468.66 0 0
108 72 53 1477.15 0 0
101 69 52 1485.17 0 0
106 74 52 1489.38 0 0
104 73 52 1493.66 0 0
106 70 52 1497.9 0 0
104 64 52 1502.12 0 0
97 64 52 1506.32 0 0
95 66 52 1510.52 0 0
94 61 52 1514.72 0 0
97 61 52 1518.93 0 0
95 59 51 1523.15 0 0
92 62 51 1527.37 0 0
97 64 52 1531.57 0 0
95 60 51 1535.78 0 0
95 62 51 1539.98 0 0
98 63 51 1544.18 0 0
97 61 51 1548.39 0 0
98 60 51 1552.59 0 0
93 61 51 1556.83 0 0
95 61 50 1561.04 0 0
95 59 50 1565.25 0 0
92 63 50 1569.45 0 0
94 60 50 1573.65 0 0
95 60 50 1577.85 0 0
96 63 50 1582.06 0 0
93 59 50 1586.3 0 0
93 60 50 1590.59 0 0
94 67 50 1594.82 0 0
93 61 50 1599.02 0 0
96 64 50 1603.22 0 0
98 63 49 1607.42 0 0
95 63 50 1614.28 0 0
93 63 50 1618.58 0 0
96 63 49 1622.8 0 0
93 62 49 1627.03 0 0
95 62 49 1631.23 0 0
95 62 50 1635.43 0 0
92 62 49 1639.64 0 0
93 61 49 1643.85 0 0
96 59 49 1648.07 0 0
93 63 49 1652.29 0 0
93 63 49 1656.49 0 0
90 60 49 1660.7 0 0
92 59 49 1664.91 0 0
95 61 49 1669.11 0 0
92 59 49 1673.31 0 0
93 59 49 1677.53 0 0
92 58 49 1681.77 0 0
93 62 49 1685.98 0 0
92 57 49 1690.19 0 0
94 65 48 1694.4 0 0
95 61 49 1698.6 0 0
99 67 48 1702.8 0 0
92 63 49 1707.02 0 0
99 64 48 1711.24 0 0
95 62 48 1715.53 0 0
93 58 48 1719.74 0 0
93 58 48 1726.67 0 0
93 57 48 1735.15 0 0
92 63 48 1739.36 0 0
93 61 47 1743.61 0 0
93 61 48 1747.83 0 0
95 63 48 1752.04 0 0
92 63 48 1756.25 0 0
94 59 47 1760.45 0 0
97 62 48 1764.65 0 0
93 62 47 1768.86 0 0
93 60 47 1773.08 0 0
93 62 47 1777.31 0 0
96 57 47 1781.51 0 0
94 61 47 1785.72 0 0
98 60 47 1789.92 0 0
95 56 47 1794.12 0 0
94 61 47 1798.33 0 0
93 55 47 1802.55 0 0
94 57 47 1806.79 0 0
90 59 47 1811.01 0 0
90 63 47 1815.23 0 0
83 65 47 1819.44 0 0
77 66 47 1823.64 0 0
71 71 47 1827.84 0 0
63 71 47 1832.05 0 0
58 72 47 1836.29 0 0
43 87 46 1840.51 0 0
51 84 46 1847.53 0 0
48 84 46 1851.73 0 0
51 87 46 1855.95 0 0
51 83 46 1860.15 0 0
48 83 46 1864.36 0 0
52 82 46 1868.61 0 0
51 81 46 1872.83 0 0
50 81 45 1877.05 0 0
53 79 46 1881.25 0 0
51 79 45 1885.45 0 0
54 81 45 1889.65 0 0
49 77 45 1893.87 0 0
50 77 46 1898.09 0 0
49 80 45 1902.32 0 0
49 81 46 1906.54 0 0
49 81 45 1910.74 0 0
51 80 45 1914.95 0 0
49 80 46 1919.15 0 0
50 80 45 1923.35 0 0
54 80 45 1927.57 0 0
50 77 45 1931.81 0 0
51 80 45 1936.04 0 0
53 80 45 1940.27 0 0
51 81 45 1944.48 0 0
50 76 45 1948.68 0 0
54 83 45 1952.88 0 0
54 83 0 1959.92 0 0
49 74 45 1964.15 0 0
49 74 0 1968.36 0 0
51 74 45 1972.58 0 0
48 78 45 1976.79 0 0
49 80 45 1980.99 0 0
54 78 45 1985.19 0 0
53 79 45 1989.4 0 0
54 77 45 1993.65 0 0
54 78 45 1997.87 0 0
48 79 45 2002.08 0 0
50 80 45 2006.29 0 0
49 85 45 2010.49 0 0
49 83 45 2014.75 0 0
45 87 45 2018.97 0 0
47 86 45 2023.18 0 0
37 111 45 2027.42 0 0
18 153 44 2031.62 0 0
6 221 45 2118.69 0 0
8 220 45 2122.91 0 0
11 219 45 2127.13 0 0
33 207 45 2131.33 0 0
47 199 45 2135.53 0 0
55 192 45 2139.73 0 0
64 183 46 2143.96 0 0
68 184 46 2148.18 0 0
76 177 46 2152.41 0 0
76 175 46 2156.63 0 0
82 173 45 2160.85 0 0
78 176 45 2165.06 0 0
80 176 46 2169.27 0 0
75 176 46 2173.47 0 0
73 177 46 2177.7 0 0
73 177 46 2181.94 0 0
83 170 46 2188.26 0 0
87 167 46 2192.47 0 0
83 170 46 2196.69 0 0
77 172 46 2200.9 0 0
82 170 46 2205.11 0 0
74 176 46 2209.32 0 0
75 174 46 2213.58 0 0
78 172 46 2217.8 0 0
78 174 46 2222.05 0 0
75 174 46 2226.25 0 0
77 176 46 2230.46 0 0
79 175 46 2234.68 0 0
78 175 46 2238.89 0 0
76 179 46 2243.11 0 0
73 178 46 2247.34 0 0
74 177 46 2251.57 0 0
76 177 46 2255.79 0 0
78 177 46 2260 0 0
73 177 46 2264.2 0 0
77 176 46 2268.42 0 0
73 176 46 2272.63 0 0
73 177 46 2276.87 0 0
79 176 46 2281.08 0 0
72 177 46 2285.29 0 0
71 179 46 2289.5 0 0
76 176 46 2293.71 0 0
76 176 46 2297.92 0 0
72 179 46 2302.13 0 0
69 179 46 2306.37 0 0
76 176 46 2310.6 0 0
72 181 46 2314.81 0 0
78 176 46 2319.01 0 0
71 180 46 2323.21 0 0
71 179 46 2327.42 0 0
76 175 47 2331.66 0 0
73 176 46 2335.88 0 0
75 178 47 2340.12 0 0
58 197 46 2344.34 0 0
60 195 46 2351.29 0 0
46 206 47 2355.49 0 0
43 206 46 2359.69 0 0
57 199 47 2363.91 0 0
41 207 47 2368.13 0 0
49 204 47 2372.36 0 0
46 204 47 2376.58 0 0
51 202 47 2380.78 0 0
48 203 47 2384.98 0 0
45 205 47 2389.18 0 0
50 201 47 2393.41 0 0
43 208 47 2397.68 0 0
51 202 47 2401.92 0 0
47 203 47 2406.14 0 0
50 203 47 2410.34 0 0
51 201 47 2414.54 0 0
51 202 47 2418.74 0 0
53 201 47 2422.97 0 0
52 200 47 2427.18 0 0
51 200 47 2431.45 0 0
62 193 47 2435.68 0 0
61 195 47 2439.92 0 0
56 198 47 2444.13 0 0
56 198 47 2448.34 0 0
58 196 47 2453.87 0 0
46 205 47 2458.1 0 0
47 203 47 2462.38 0 0
47 205 47 2466.6 0 0
45 203 47 2470.84 0 0
50 203 47 2475.04 0 0
48 203 47 2479.25 0 0
51 202 47 2483.51 0 0
55 199 47 2487.74 0 0
54 199 48 2491.96 0 0
55 200 47 2496.19 0 0
56 199 47 2500.41 0 0
58 199 47 2504.62 0 0
54 200 47 2508.82 0 0
55 200 47 2513.03 0 0
54 199 47 2517.23 0 0
54 201 48 2521.46 0 0
54 198 48 2525.7 0 0
54 200 48 2529.92 0 0
59 198 48 2534.14 0 0
57 199 48 2538.35 0 0
51 203 48 2542.56 0 0
57 200 48 2546.77 0 0
55 199 48 2551 0 0
58 199 48 2555.23 0 0
55 199 48 2559.46 0 0
58 199 48 2563.68 0 0
62 195 48 2567.89 0 0
69 187 48 2572.09 0 0
81 179 48 2576.29 0 0
92 167 48 2580.52 0 0
101 159 48 2584.73 0 0
113 147 48 2588.96 0 0
118 138 48 2593.18 0 0
122 131 48 2597.4 0 0
128 123 48 2601.6 0 0
134 113 48 2605.8 0 0
134 108 48 2610 0 0
139 103 48 2614.22 0 0
139 107 48 2618.48 0 0
136 112 48 2622.72 0 0
134 107 48 2626.93 0 0
137 105 48 2631.14 0 0
137 104 48 2635.34 0 0
141 102 48 2639.54 0 0
136 104 48 2643.79 0 0
137 105 48 2648.01 0 0
134 108 49 2652.24 0 0
138 103 48 2656.46 0 0
140 105 49 2660.68 0 0
140 103 49 2664.89 0 0
137 105 48 2669.09 0 0
139 105 49 2673.31 0 0
135 104 49 2677.52 0 0
140 104 48 2681.78 0 0
138 102 49 2686 0 0
138 102 49 2690.28 0 0
139 104 49 2694.49 0 0
137 102 49 2698.69 0 0
137 103 49 2702.89 0 0
136 102 49 2707.12 0 0
136 102 49 2711.34 0 0
139 100 49 2715.57 0 0
136 99 49 2719.78 0 0
138 101 49 2723.99 0 0
135 107 49 2728.19 0 0
136 102 49 2732.39 0 0
136 105 49 2736.6 0 0
137 101 49 2740.83 0 0
139 100 49 2745.08 0 0
136 100 49 2749.3 0 0
134 102 49 2753.58 0 0
137 101 49 2757.79 0 0
136 97 49 2761.99 0 0
135 106 49 2766.19 0 0
135 103 49 2770.42 0 0
134 106 49 2774.69 0 0
139 95 48 2778.91 0 0
137 102 49 2783.12 0 0
135 102 49 2787.33 0 0
140 96 49 2791.54 0 0
136 103 49 2795.74 0 0
139 101 49 2799.96 0 0
137 100 49 2804.2 0 0
137 101 48 2808.43 0 0
138 101 49 2812.66 0 0
139 98 49 2816.87 0 0
136 97 49 2821.08 0 0
140 100 49 2825.28 0 0
139 97 48 2829.49 0 0
136 103 48 2833.71 0 0
133 99 49 2838.31 0 0
136 97 49 2842.56 0 0
137 102 49 2846.78 0 0
136 99 49 2850.98 0 0
139 99 48 2855.18 0 0
135 104 48 2859.39 0 0
135 101 48 2863.6 0 0
139 97 48 2867.82 0 0
137 99 49 2872.04 0 0
136 99 48 2876.26 0 0
136 99 48 2880.47 0 0
137 99 49 2884.67 0 0
138 103 48 2888.88 0 0
140 101 48 2893.16 0 0
137 100 48 2897.39 0 0
138 99 48 2901.64 0 0
138 100 48 2905.86 0 0
138 99 48 2910.07 0 0
139 98 48 2914.28 0 0
137 100 48 2918.73 0 0
139 100 48 2922.94 0 0
138 96 48 2927.16 0 0
136 98 48 2931.41 0 0
138 100 48 2935.65 0 0
140 95 48 2939.88 0 0
138 101 48 2944.08 0 0
138 95 48 2948.3 0 0
139 98 48 2952.51 0 0
135 99 48 2956.72 0 0
138 102 48 2960.94 0 0
136 104 48 2965.17 0 0
139 98 48 2969.37 0 0
142 101 48 2973.58 0 0
138 100 48 2977.8 0 0
136 102 48 2982.01 0 0
139 100 48 2986.21 0 0
136 101 48 2990.43 0 0
136 108 48 2994.68 0 0
131 115 48 2998.91 0 0
127 124 48 3003.2 0 0
121 134 48 3007.42 0 0
119 143 48 3011.63 0 0
115 147 48 3015.83 0 0
102 162 48 3020.04 0 0
90 172 48 3024.27 0 0
77 183 48 3028.53 0 0
70 188 48 3032.75 0 0
53 199 48 3036.96 0 0
46 200 48 3041.17 0 0
37 207 48 3045.4 0 0
35 208 48 3049.62 0 0
47 203 48 3053.84 0 0
39 207 47 3058.07 0 0
41 205 48 3062.29 0 0
38 207 48 3066.51 0 0
40 207 48 3070.73 0 0
41 205 48 3074.93 0 0
40 207 48 3079.15 0 0
38 207 47 3083.36 0 0
38 207 47 3087.6 0 0
41 209 47 3091.84 0 0
43 205 48 3096.05 0 0
40 207 48 3100.26 0 0
40 207 48 3104.47 0 0
42 206 48 3108.67 0 0
39 207 48 3112.89 0 0
39 207 48 3117.13 0 0
42 206 47 3121.35 0 0
40 207 48 3125.55 0 0
36 209 48 3129.79 0 0
35 209 48 3133.99 0 0
30 211 48 3138.19 0 0
38 208 48 3142.43 0 0
38 209 48 3146.64 0 0
31 212 48 3150.87 0 0
34 208 48 3155.1 0 0
43 206 48 3159.31 0 0
47 201 48 3163.52 0 0
38 209 48 3167.72 0 0
39 206 48 3171.92 0 0
45 203 48 3176.15 0 0
41 205 48 3180.36 0 0
42 203 48 3184.63 0 0
47 201 48 3188.87 0 0
38 207 48 3193.08 0 0
39 204 48 3197.29 0 0
45 202 48 3201.49 0 0
42 205 48 3205.7 0 0
34 208 48 3209.92 0 0
37 210 48 3214.18 0 0
44 206 48 3218.38 0 0
39 206 48 3222.6 0 0
26 214 48 3226.8 0 0
36 210 48 3231.01 0 0
37 207 48 3235.21 0 0
42 208 48 3239.42 0 0
36 208 48 3243.66 0 0
37 208 48 3247.89 0 0
42 206 48 3252.14 0 0
33 211 48 3256.39 0 0
44 203 48 3260.6 0 0
39 205 48 3264.81 0 0
43 204 48 3269.02 0 0
39 206 48 3273.24 0 0
37 208 48 3277.46 0 0
42 204 48 3281.68 0 0
32 210 48 3285.9 0 0
35 210 48 3290.1 0 0
7 220 48 3403.94 0 0
15 216 48 3408.16 0 0
22 213 48 3412.36 0 0
31 207 48 3416.61 0 0
36 203 48 3420.82 0 0
44 201 48 3425.04 0 0
48 197 48 3429.25 0 0
48 198 48 3433.5 0 0
52 194 48 3437.73 0 0
41 201 49 3441.97 0 0
43 201 48 3446.2 0 0
53 193 48 3450.4 0 0
53 191 48 3454.61 0 0
52 193 48 3458.83 0 0
51 195 48 3463.09 0 0
55 194 48 3467.32 0 0
52 193 48 3471.53 0 0
40 203 48 3475.73 0 0
44 199 48 3479.94 0 0
52 195 48 3484.14 0 0
56 191 48 3488.37 0 0
52 193 48 3492.59 0 0
56 191 48 3496.81 0 0
56 192 48 3501.03 0 0
55 192 48 3505.23 0 0
54 191 48 3509.44 0 0
53 193 48 3513.64 0 0
56 190 48 3517.86 0 0
56 193 48 3522.06 0 0
60 190 48 3526.3 0 0
58 190 48 3530.5 0 0
51 194 48 3534.71 0 0
56 192 48 3538.91 0 0
56 190 48 3543.11 0 0
56 192 48 3547.31 0 0
52 192 48 3551.53 0 0
48 197 48 3558.36 0 0
55 191 48 3562.6 0 0
48 197 48 3566.84 0 0
51 195 48 3571.04 0 0
38 202 48 3575.24 0 0
47 196 48 3579.44 0 0
42 199 48 3583.65 0 0
48 197 48 3587.89 0 0
54 194 48 3592.1 0 0
48 197 48 3596.31 0 0
54 193 48 3600.51 0 0
38 204 48 3604.72 0 0
52 194 48 3608.91 0 0
41 201 48 3613.13 0 0
51 196 48 3617.35 0 0
48 199 48 3621.59 0 0
37 205 48 3625.82 0 0
47 197 48 3630.02 0 0
48 197 48 3634.22 0 0
53 196 48 3638.42 0 0
51 195 48 3642.63 0 0
48 196 48 3646.84 0 0
49 195 48 3651.07 0 0
48 196 48 3655.28 0 0
53 194 48 3659.49 0 0
47 197 47 3663.69 0 0
48 196 48 3667.9 0 0
53 198 48 3672.1 0 0
62 192 48 3679.22 0 0
74 184 48 3683.44 0 0
78 180 48 3687.66 0 0
74 182 48 3691.87 0 0
80 176 48 3696.07 0 0
84 175 48 3700.27 0 0
90 169 48 3704.48 0 0
95 164 48 3708.69 0 0
98 158 48 3712.93 0 0
93 162 48 3717.15 0 0
93 166 48 3721.35 0 0
91 164 48 3725.55 0 0
97 161 48 3729.75 0 0
91 165 48 3733.95 0 0
98 158 48 3738.17 0 0
96 165 48 3742.39 0 0
95 166 48 3746.95 0 0
91 167 48 3751.18 0 0
93 165 48 3755.39 0 0
93 165 48 3759.6 0 0
87 171 48 3766.39 0 0
89 170 48 3770.64 0 0
93 168 48 3774.9 0 0
86 171 48 3779.14 0 0
90 170 48 3783.36 0 0
88 170 48 3787.57 0 0
93 168 48 3791.77 0 0
89 170 48 3795.97 0 0
89 170 48 3800.19 0 0
88 169 48 3804.41 0 0
89 170 48 3808.63 0 0
89 168 48 3812.84 0 0
89 169 48 3817.05 0 0
92 167 48 3821.26 0 0
97 161 48 3825.46 0 0
101 157 48 3829.67 0 0
101 156 48 3833.88 0 0
105 155 48 3838.12 0 0
98 158 48 3842.33 0 0
100 158 48 3846.53 0 0
98 158 48 3850.74 0 0
101 157 48 3854.94 0 0
100 159 48 3859.14 0 0
101 156 48 3863.35 0 0
101 158 48 3867.57 0 0
101 157 48 3871.79 0 0
95 160 48 3876 0 0
101 158 48 3880.21 0 0
96 160 48 3884.41 0 0
99 159 48 3888.61 0 0
100 159 48 3895.52 0 0
101 157 48 3899.79 0 0
103 159 48 3904.05 0 0
100 159 49 3908.26 0 0
98 164 49 3912.46 0 0
103 156 48 3916.66 0 0
104 156 48 3920.86 0 0
102 156 49 3925.08 0 0
102 159 48 3929.29 0 0
101 156 49 3933.52 0 0
101 159 49 3937.72 0 0
101 160 49 3941.93 0 0
101 159 48 3946.14 0 0
98 161 49 3950.34 0 0
96 164 49 3954.54 0 0
96 163 49 3958.77 0 0
98 157 48 3963.01 0 0
101 156 49 3967.24 0 0
97 160 49 3971.45 0 0
102 154 49 3975.65 0 0
102 156 48 3979.85 0 0
100 156 49 3984.06 0 0
99 158 48 3988.29 0 0
101 159 49 3992.5 0 0
101 158 48 3996.72 0 0
101 158 48 4001.23 0 0
100 160 49 4005.44 0 0
104 159 48 4012.38 0 0
99 159 48 4016.6 0 0
97 160 49 4020.82 0 0
102 158 49 4025.08 0 0
97 161 48 4029.3 0 0
105 154 49 4033.51 0 0
102 155 48 4037.72 0 0
99 158 49 4041.92 0 0
105 154 48 4046.12 0 0
102 156 49 4050.33 0 0
104 156 49 4054.56 0 0
99 160 49 4058.78 0 0
100 158 49 4062.99 0 0
101 157 49 4067.2 0 0
100 159 49 4071.4 0 0
102 156 48 4075.6 0 0
102 157 49 4079.82 0 0
101 158 48 4084.03 0 0
98 158 48 4088.27 0 0
105 155 48 4092.5 0 0
101 158 48 4096.71 0 0
98 159 49 4100.91 0 0
103 156 48 4105.11 0 0
104 157 48 4109.32 0 0
104 158 48 4113.55 0 0
100 157 49 4117.76 0 0
105 159 48 4124.77 0 0
105 153 49 4128.98 0 0
105 153 48 4133.18 0 0
104 153 49 4137.4 0 0
105 154 49 4141.68 0 0
108 153 48 4145.89 0 0
103 155 48 4150.14 0 0
108 151 48 4154.39 0 0
101 153 49 4158.61 0 0
96 160 48 4162.81 0 0
101 158 48 4167.02 0 0
100 157 48 4171.22 0 0
100 160 48 4175.45 0 0
100 156 48 4179.67 0 0
110 148 48 4183.9 0 0
113 146 48 4188.11 0 0
117 145 48 4192.32 0 0
120 136 48 4196.52 0 0
118 143 48 4200.72 0 0
113 148 48 4204.93 0 0
99 164 48 4209.14 0 0
99 164 48 4213.38 0 0
31 215 47 4219.54 0 0
19 219 46 4324.96 0 0
41 207 47 4329.18 0 0
69 188 48 4333.39 0 0
94 172 48 4337.64 0 0
109 155 48 4341.89 0 0
118 141 48 4346.11 0 0
122 132 48 4350.31 0 0
132 125 48 4354.51 0 0
133 121 49 4358.71 0 0
136 117 49 4362.93 0 0
136 113 48 4367.16 0 0
136 114 49 4371.38 0 0
134 113 49 4375.6 0 0
135 115 49 4379.81 0 0
133 116 49 4384.01 0 0
137 108 49 4388.21 0 0
135 113 49 4392.44 0 0
136 112 49 4396.65 0 0
134 117 49 4400.88 0 0
133 113 49 4405.1 0 0
134 114 49 4409.33 0 0
132 114 49 4413.54 0 0
135 113 49 4417.74 0 0
134 114 49 4421.94 0 0
133 113 49 4426.16 0 0
138 110 49 4430.38 0 0
132 113 49 4434.6 0 0
133 112 49 4438.82 0 0
136 115 49 4443.04 0 0
131 115 49 4447.25 0 0
135 109 49 4451.45 0 0
137 115 49 4455.67 0 0
137 108 49 4459.88 0 0
137 113 49 4464.14 0 0
133 113 49 4468.37 0 0
137 109 49 4472.57 0 0
135 113 49 4476.79 0 0
135 116 49 4481 0 0
138 107 49 4485.21 0 0
134 115 49 4489.42 0 0
134 114 49 4493.66 0 0
136 108 49 4497.88 0 0
137 108 49 4502.14 0 0
136 112 49 4506.42 0 0
137 108 49 4510.62 0 0
137 108 0 4514.83 0 0
136 112 49 4519.04 0 0
135 113 49 4523.25 0 0
135 114 49 4527.48 0 0
137 105 49 4531.68 0 0
134 109 49 4535.9 0 0
134 109 0 4540.1 0 0
138 112 49 4544.3 0 0
135 111 49 4548.52 0 0
138 108 49 4552.73 0 0
137 109 49 4556.97 0 0
138 109 49 4561.22 0 0
135 109 49 4565.43 0 0
137 114 49 4569.63 0 0
136 116 49 4573.84 0 0
138 109 49 4578.04 0 0
133 107 49 4582.26 0 0
135 109 49 4586.49 0 0
135 110 49 4590.71 0 0
133 109 49 4594.93 0 0
136 114 49 4599.15 0 0
132 117 49 4603.36 0 0
135 113 49 4607.56 0 0
129 113 49 4611.81 0 0
131 112 49 4616.04 0 0
124 127 49 4620.27 0 0
104 146 49 4624.49 0 0
75 172 49 4628.69 0 0
31 200 48 4632.89 0 0
2 188 48 4793.64 0 0
16 171 49 5169.08 0 0
20 162 49 5173.3 0 0
28 158 49 5177.51 0 0
29 154 48 5181.75 0 0
41 146 49 5185.98 0 0
40 144 49 5190.19 0 0
51 130 49 5194.4 0 0
53 124 49 5198.61 0 0
54 119 49 5202.81 0 0
52 122 48 5207.03 0 0
52 124 49 5211.25 0 0
48 126 49 5215.5 0 0
50 121 49 5219.72 0 0
51 123 49 5223.92 0 0
53 119 48 5228.12 0 0
52 125 49 5232.32 0 0
53 122 49 5236.53 0 0
55 123 49 5240.74 0 0
46 125 48 5244.98 0 0
51 125 49 5249.21 0 0
52 125 49 5253.84 0 0
50 123 49 5258.04 0 0
50 123 49 5262.24 0 0
49 120 49 5266.47 0 0
48 122 48 5270.71 0 0
53 119 49 5274.96 0 0
53 124 49 5279.19 0 0
50 124 48 5283.4 0 0
50 123 49 5287.6 0 0
51 125 49 5291.8 0 0
50 123 49 5296 0 0
48 125 48 5300.22 0 0
50 122 49 5304.43 0 0
52 118 49 5308.66 0 0
49 117 49 5312.88 0 0
52 117 48 5317.11 0 0
50 119 49 5321.36 0 0
50 120 49 5325.56 0 0
49 124 49 5329.77 0 0
50 117 49 5333.98 0 0
51 118 49 5338.21 0 0
50 120 48 5342.42 0 0
50 118 48 5346.63 0 0
52 117 48 5350.83 0 0
54 116 49 5355.03 0 0
54 119 48 5359.24 0 0
50 119 49 5363.45 0 0
52 119 49 5367.66 0 0
51 120 49 5371.9 0 0
47 119 48 5376.11 0 0
53 118 49 5380.31 0 0
52 118 48 5384.52 0 0
50 120 49 5388.72 0 0
50 124 49 5392.94 0 0
44 117 49 5397.16 0 0
46 115 48 5401.4 0 0
46 109 49 5405.61 0 0
48 108 49 5409.82 0 0
45 103 48 5414.03 0 0
46 97 48 5418.23 0 0
43 99 48 5422.43 0 0
41 97 49 5426.66 0 0
46 93 48 5430.89 0 0
44 99 48 5435.14 0 0
43 98 48 5439.36 0 0
41 99 48 5443.57 0 0
43 101 48 5447.77 0 0
47 100 48 5451.97 0 0
43 100 48 5456.19 0 0
47 101 48 5460.4 0 0
45 97 48 5464.65 0 0
45 102 48 5468.85 0 0
43 97 48 5473.06 0 0
41 99 48 5477.28 0 0
43 98 48 5481.48 0 0
42 99 48 5485.68 0 0
43 97 48 5489.93 0 0
42 103 48 5494.19 0 0
45 97 48 5498.43 0 0
39 101 48 5502.64 0 0
44 98 48 5506.85 0 0
43 98 49 5511.06 0 0
44 96 48 5515.26 0 0
43 98 48 5519.48 0 0
41 98 48 5523.71 0 0
42 100 48 5528.1 0 0
43 98 48 5532.32 0 0
49 98 48 5536.53 0 0
43 100 48 5540.73 0 0
42 99 48 5544.94 0 0
41 99 48 5549.15 0 0
40 102 48 5553.37 0 0
39 97 48 5557.7 0 0
45 97 48 5561.92 0 0
42 98 48 5566.12 0 0
41 100 48 5570.32 0 0
41 99 48 5574.52 0 0
44 101 48 5578.72 0 0
43 96 48 5582.94 0 0
38 98 49 5587.19 0 0
43 98 48 5591.4 0 0
39 102 48 5595.61 0 0
39 106 48 5599.82 0 0
44 105 48 5604.02 0 0
43 123 49 5608.22 0 0
43 128 49 5612.43 0 0
47 143 49 5616.65 0 0
47 149 49 5620.87 0 0
39 162 48 5625.09 0 0
39 168 49 5629.29 0 0
28 177 48 5633.49 0 0
14 190 48 5637.69 0 0
4 214 48 5844.27 0 0
21 208 48 5848.48 0 0
20 212 48 5852.68 0 0
35 205 48 5856.88 0 0
50 200 48 5861.09 0 0
57 198 47 5865.3 0 0
61 195 48 5869.54 0 0
58 197 48 5873.76 0 0
57 196 48 5877.98 0 0
59 196 48 5882.18 0 0
62 196 48 5886.38 0 0
57 197 48 5890.58 0 0
60 194 48 5894.8 0 0
65 190 48 5899.04 0 0
61 196 48 5903.26 0 0
63 195 48 5907.48 0 0
69 188 48 5911.68 0 0
62 191 48 5915.88 0 0
60 196 48 5920.08 0 0
62 192 48 5924.3 0 0
61 195 48 5928.51 0 0
66 191 48 5935.48 0 0
67 190 48 5939.94 0 0
67 190 48 5944.14 0 0
70 187 48 5948.35 0 0
59 196 48 5952.56 0 0
62 193 48 5956.78 0 0
68 189 48 5960.99 0 0
61 194 48 5965.6 0 0
60 196 48 5969.81 0 0
60 195 48 5974.02 0 0
67 191 48 5978.22 0 0
65 190 48 5982.42 0 0
63 193 48 5986.63 0 0
65 188 48 5990.84 0 0
65 188 48 5995.09 0 0
60 194 48 6000.81 0 0
67 190 48 6005.03 0 0
59 197 48 6009.23 0 0
54 198 48 6013.43 0 0
60 197 48 6017.65 0 0
72 185 47 6021.86 0 0
59 193 48 6026.09 0 0
28 214 47 6030.31 0 0
13 220 46 6131.53 0 0
45 204 46 6135.73 0 0
56 195 46 6139.93 0 0
78 177 46 6144.15 0 0
89 168 47 6148.36 0 0
100 157 47 6152.6 0 0
99 155 46 6156.8 0 0
95 159 46 6161.01 0 0
99 158 47 6165.21 0 0
97 158 47 6169.41 0 0
99 157 47 6173.62 0 0
96 161 47 6177.85 0 0
99 158 47 6182.08 0 0
96 162 47 6186.34 0 0
97 160 47 6190.57 0 0
100 161 47 6194.77 0 0
94 161 47 6198.98 0 0
101 157 47 6203.18 0 0
99 162 47 6207.4 0 0
96 160 47 6211.63 0 0
93 161 46 6215.86 0 0
92 165 47 6220.07 0 0
94 164 47 6224.28 0 0
98 158 47 6228.49 0 0
99 157 46 6232.69 0 0
96 160 47 6236.9 0 0
100 158 46 6241.13 0 0
100 158 47 6245.36 0 0
100 156 47 6249.57 0 0
101 157 47 6253.8 0 0
102 154 46 6258 0 0
100 158 46 6262.24 0 0
101 153 47 6266.45 0 0
100 158 46 6270.66 0 0
102 154 46 6274.91 0 0
102 156 47 6279.14 0 0
100 157 46 6283.35 0 0
101 154 47 6287.56 0 0
101 160 46 6291.76 0 0
102 156 46 6295.96 0 0
101 156 46 6300.18 0 0
103 156 46 6304.39 0 0
103 154 47 6308.62 0 0
102 156 47 6312.84 0 0
102 153 47 6317.06 0 0
101 156 47 6321.26 0 0
102 158 46 6325.47 0 0
100 159 46 6329.68 0 0
100 162 46 6333.89 0 0
100 162 46 6338.13 0 0
99 157 47 6342.39 0 0
103 154 47 6346.6 0 0
102 155 47 6350.81 0 0
100 158 47 6355.01 0 0
106 153 47 6359.22 0 0
107 153 47 6363.44 0 0
103 155 47 6367.65 0 0
105 153 47 6371.88 0 0
98 156 47 6376.09 0 0
105 157 47 6380.29 0 0
100 153 47 6384.5 0 0
101 155 47 6388.71 0 0
101 157 47 6392.94 0 0
102 156 47 6397.16 0 0
102 155 47 6401.4 0 0
102 155 47 6405.6 0 0
105 156 47 6409.81 0 0
99 158 47 6414.01 0 0
103 155 47 6418.22 0 0
102 153 47 6422.42 0 0
102 156 47 6426.64 0 0
103 153 47 6430.86 0 0
99 158 47 6435.09 0 0
105 154 47 6439.3 0 0
101 154 47 6443.5 0 0
98 162 47 6447.7 0 0
105 153 47 6451.91 0 0
102 154 47 6456.14 0 0
102 152 47 6460.35 0 0
103 154 47 6464.57 0 0
102 153 47 6468.78 0 0
104 153 47 6472.98 0 0
103 154 47 6477.19 0 0
106 153 47 6481.38 0 0
103 154 47 6485.59 0 0
104 154 47 6489.8 0 0
105 151 47 6494.05 0 0
108 152 47 6498.29 0 0
105 151 47 6502.5 0 0
104 154 47 6506.71 0 0
107 152 47 6510.91 0 0
103 153 47 6515.12 0 0
107 154 47 6519.34 0 0
104 157 47 6523.56 0 0
103 155 47 6527.78 0 0
103 155 47 6532.04 0 0
102 156 47 6536.24 0 0
107 154 47 6540.44 0 0
104 154 47 6544.64 0 0
108 152 47 6548.85 0 0
103 155 48 6553.06 0 0
106 156 48 6557.31 0 0
107 151 47 6561.53 0 0
107 152 48 6565.74 0 0
106 149 48 6569.96 0 0
105 152 48 6574.16 0 0
111 146 47 6578.36 0 0
102 158 48 6582.59 0 0
105 153 48 6586.83 0 0
106 154 48 6591.05 0 0
102 155 48 6595.27 0 0
108 152 48 6599.48 0 0
104 153 48 6603.69 0 0
102 155 48 6607.89 0 0
104 155 48 6612.12 0 0
103 154 48 6616.33 0 0
108 151 48 6620.57 0 0
108 150 48 6624.8 0 0
102 154 48 6629.01 0 0
107 151 48 6633.22 0 0
101 157 48 6637.42 0 0
109 149 48 6641.62 0 0
104 153 48 6645.84 0 0
96 164 48 6650.08 0 0
73 184 48 6654.3 0 0
42 208 48 6658.55 0 0
10 223 48 6776.61 0 0
21 219 48 6780.81 0 0
31 213 48 6785.02 0 0
47 203 48 6789.22 0 0
51 203 48 6793.42 0 0
60 195 49 6797.86 0 0
69 189 49 6802.08 0 0
75 183 49 6806.32 0 0
83 179 49 6810.55 0 0
79 179 49 6814.76 0 0
84 178 49 6818.96 0 0
77 185 49 6823.16 0 0
80 178 49 6827.36 0 0
81 182 49 6831.58 0 0
76 182 49 6835.79 0 0
86 177 49 6840.01 0 0
75 186 49 6844.21 0 0
74 184 49 6848.42 0 0
80 179 49 6852.63 0 0
85 175 49 6856.87 0 0
89 171 49 6861.08 0 0
89 172 49 6865.29 0 0
81 176 49 6872.07 0 0
90 172 49 6876.3 0 0
85 175 49 6880.54 0 0
83 177 49 6884.77 0 0
93 173 49 6888.97 0 0
85 176 49 6893.19 0 0
93 170 49 6897.41 0 0
88 174 49 6901.64 0 0
85 176 49 6905.85 0 0
88 174 49 6910.05 0 0
85 174 49 6914.25 0 0
92 171 49 6918.46 0 0
91 172 49 6922.77 0 0
92 170 49 6926.99 0 0
87 173 49 6931.24 0 0
86 177 49 6935.47 0 0
90 170 49 6939.68 0 0
82 176 49 6943.88 0 0
84 176 49 6948.08 0 0
84 176 49 6952.29 0 0
88 174 49 6956.51 0 0
84 176 49 6960.72 0 0
86 176 49 6964.94 0 0
83 175 49 6969.16 0 0
85 176 50 6973.36 0 0
86 175 49 6977.56 0 0
88 174 49 6984.67 0 0
85 176 49 6988.88 0 0
81 176 50 6993.1 0 0
85 176 49 6997.34 0 0
79 179 50 7001.55 0 0
86 174 49 7005.76 0 0
76 186 49 7009.97 0 0
86 174 49 7014.18 0 0
85 176 49 7018.39 0 0
78 183 50 7022.61 0 0
84 175 49 7026.85 0 0
76 182 49 7031.06 0 0
72 185 50 7035.27 0 0
79 181 49 7039.47 0 0
87 176 50 7043.67 0 0
85 176 50 7047.88 0 0
84 173 50 7052.09 0 0
83 177 49 7056.33 0 0
83 177 0 7060.55 0 0
80 178 49 7064.76 0 0
81 178 50 7068.96 0 0
84 177 50 7073.17 0 0
82 179 49 7077.37 0 0
85 176 50 7081.59 0 0
80 179 50 7085.8 0 0
83 178 50 7090.02 0 0
84 176 50 7094.23 0 0
80 179 50 7101.08 0 0
85 179 50 7105.31 0 0
86 176 50 7109.51 0 0
86 176 50 7113.74 0 0
81 178 50 7117.96 0 0
84 178 50 7122.45 0 0
77 181 50 7126.67 0 0
82 179 50 7130.88 0 0
76 182 49 7135.08 0 0
80 180 49 7139.28 0 0
68 191 50 7143.49 0 0
55 200 50 7147.7 0 0
51 201 50 7151.92 0 0
46 204 50 7156.13 0 0
54 202 50 7160.34 0 0
59 195 50 7164.55 0 0
59 195 50 7168.75 0 0
63 193 50 7172.96 0 0
62 194 50 7177.17 0 0
56 198 50 7181.4 0 0
62 194 50 7185.65 0 0
65 192 50 7189.88 0 0
62 194 50 7196.73 0 0
63 194 50 7200.97 0 0
55 199 50 7205.2 0 0
61 196 50 7209.44 0 0
58 194 50 7213.69 0 0
57 196 50 7217.9 0 0
52 198 50 7222.1 0 0
64 193 50 7226.3 0 0
57 196 50 7230.51 0 0
57 197 50 7234.71 0 0
53 196 50 7238.93 0 0
56 198 50 7243.16 0 0
55 198 50 7247.38 0 0
57 198 50 7251.64 0 0
53 200 50 7255.9 0 0
54 200 49 7260.11 0 0
54 200 0 7264.31 0 0
52 201 50 7268.55 0 0
50 200 50 7272.78 0 0
51 203 50 7277.02 0 0
55 200 50 7281.25 0 0
58 196 50 7285.47 0 0
53 199 50 7289.67 0 0
61 195 50 7293.87 0 0
57 197 50 7298.08 0 0
55 199 50 7302.29 0 0
55 199 50 7306.55 0 0
57 198 50 7313.34 0 0
59 194 50 7317.56 0 0
57 198 50 7321.77 0 0
57 198 50 7325.97 0 0
60 194 50 7330.18 0 0
52 200 50 7334.42 0 0
54 201 50 7338.66 0 0
59 195 50 7342.87 0 0
51 201 50 7347.09 0 0
64 193 50 7351.3 0 0
52 199 50 7355.5 0 0
60 195 50 7359.7 0 0
57 196 49 7363.92 0 0
55 197 49 7368.14 0 0
56 196 50 7372.64 0 0
53 200 50 7376.86 0 0
56 198 49 7381.07 0 0
58 195 50 7385.27 0 0
55 199 50 7389.47 0 0
62 195 50 7393.69 0 0
48 203 50 7397.91 0 0
57 198 49 7402.13 0 0
58 197 50 7406.34 0 0
52 199 50 7410.55 0 0
47 202 50 7414.75 0 0
47 202 50 7418.95 0 0
52 200 49 7425.76 0 0
48 202 50 7430.02 0 0
47 205 50 7434.7 0 0
37 211 49 7438.91 0 0
45 206 50 7443.16 0 0
39 212 49 7447.37 0 0
40 214 49 7451.57 0 0
32 215 49 7455.8 0 0
33 214 49 7460.02 0 0
36 214 49 7464.27 0 0
46 208 50 7468.47 0 0
39 211 49 7472.69 0 0
41 210 49 7476.89 0 0
40 212 49 7481.16 0 0
37 213 49 7485.38 0 0
40 211 49 7489.59 0 0
40 211 49 7493.83 0 0
41 213 49 7500.84 0 0
41 213 49 7505.06 0 0
40 212 49 7509.27 0 0
38 212 49 7513.47 0 0
35 214 49 7517.68 0 0
38 212 49 7521.9 0 0
39 212 49 7526.65 0 0
36 213 50 7530.86 0 0
38 211 49 7535.08 0 0
40 213 49 7539.28 0 0
35 215 49 7543.49 0 0
35 212 49 7547.71 0 0
41 210 49 7551.92 0 0
42 211 49 7556.16 0 0
35 213 49 7560.4 0 0
43 211 49 7564.61 0 0
36 215 49 7568.81 0 0
46 208 49 7573.02 0 0
38 212 49 7577.22 0 0
41 211 49 7581.45 0 0
38 211 49 7585.67 0 0
38 213 49 7589.89 0 0
44 209 49 7594.1 0 0
33 213 49 7598.31 0 0
44 208 49 7602.51 0 0
41 211 49 7606.71 0 0
41 211 49 7610.92 0 0
39 211 49 7615.16 0 0
33 216 49 7619.41 0 0
42 211 49 7623.65 0 0
39 215 49 7627.85 0 0
23 227 49 7632.06 0 0
21 230 49 7636.25 0 0
25 230 49 7640.46 0 0
40 227 49 7644.67 0 0
27 235 49 7648.88 0 0
27 240 48 7669.99 0 0
29 239 48 7674.21 0 0
32 237 48 7678.44 0 0
42 234 48 7682.67 0 0
36 235 48 7686.94 0 0
37 236 48 7691.15 0 0
37 235 48 7699.55 0 0
25 240 48 7712.23 0 0
29 239 48 7720.67 0 0
27 239 48 7830.31 0 0
29 239 48 7876.69 0 0
30 237 48 7885.09 0 0
28 234 48 7893.51 0 0
28 231 48 7900.3 0 0
35 225 49 7904.56 0 0
19 231 49 7908.76 0 0
10 233 48 7912.97 0 0
8 227 48 8029.82 0 0
19 221 48 8034.03 0 0
24 219 48 8038.24 0 0
34 213 48 8042.44 0 0
39 209 48 8046.64 0 0
48 207 48 8050.85 0 0
50 203 48 8055.06 0 0
47 203 48 8059.28 0 0
49 207 48 8063.5 0 0
61 196 48 8067.7 0 0
59 197 48 8071.9 0 0
57 199 48 8076.1 0 0
58 198 48 8080.33 0 0
56 199 47 8084.54 0 0
56 198 48 8088.78 0 0
57 199 48 8092.98 0 0
56 199 48 8097.19 0 0
59 198 47 8101.4 0 0
56 201 48 8105.6 0 0
56 199 48 8109.8 0 0
57 199 47 8114.02 0 0
57 198 47 8121.09 0 0
55 201 47 8125.31 0 0
58 197 47 8129.53 0 0
52 202 47 8133.73 0 0
54 199 47 8137.93 0 0
55 200 47 8142.15 0 0
51 203 47 8146.36 0 0
53 199 47 8150.6 0 0
56 202 47 8154.81 0 0
55 199 47 8159.08 0 0
56 200 47 8163.28 0 0
55 199 47 8167.5 0 0
54 202 47 8171.7 0 0
55 201 47 8175.93 0 0
54 201 47 8180.14 0 0
50 202 47 8184.6 0 0
44 208 47 8188.82 0 0
44 208 47 8195.99 0 0
45 207 47 8203.92 0 0
51 206 47 8208.15 0 0
39 210 47 8212.51 0 0
47 207 47 8216.78 0 0
55 201 47 8221.03 0 0
52 204 47 8225.23 0 0
47 206 47 8229.43 0 0
47 206 47 8233.63 0 0
54 200 47 8237.84 0 0
47 207 47 8242.07 0 0
43 208 47 8246.3 0 0
46 207 47 8250.5 0 0
47 207 47 8254.71 0 0
57 201 47 8258.92 0 0
47 206 47 8263.12 0 0
52 201 46 8267.33 0 0
51 204 47 8271.54 0 0
63 194 46 8275.77 0 0
66 191 47 8280.01 0 0
72 188 46 8284.23 0 0
84 178 47 8288.43 0 0
77 179 46 8292.65 0 0
93 170 46 8296.85 0 0
84 175 46 8301.07 0 0
94 165 46 8305.31 0 0
87 171 46 8309.55 0 0
87 170 46 8316.63 0 0
87 172 46 8320.86 0 0
88 170 46 8325.06 0 0
85 172 46 8329.27 0 0
92 166 46 8333.48 0 0
91 168 46 8337.72 0 0
87 170 46 8341.95 0 0
91 168 46 8346.16 0 0
89 172 46 8350.36 0 0
95 165 46 8354.57 0 0
90 170 46 8358.77 0 0
95 163 46 8362.99 0 0
90 166 47 8367.2 0 0
90 169 46 8371.42 0 0
94 166 46 8375.62 0 0
88 172 46 8379.84 0 0
98 166 46 8384.04 0 0
84 172 46 8388.24 0 0
90 170 46 8392.45 0 0
90 171 46 8396.67 0 0
85 172 46 8400.9 0 0
95 166 46 8405.13 0 0
86 172 46 8409.34 0 0
86 173 46 8413.55 0 0
88 173 46 8417.75 0 0
97 163 46 8421.95 0 0
97 163 46 8429.06 0 0
96 162 46 8433.3 0 0
104 158 46 8437.52 0 0
105 156 46 8441.73 0 0
102 159 46 8445.93 0 0
103 158 46 8450.13 0 0
99 160 46 8454.35 0 0
102 157 46 8458.56 0 0
97 162 46 8462.79 0 0
96 162 47 8467.01 0 0
99 162 46 8471.22 0 0
97 164 46 8475.44 0 0
97 162 46 8479.64 0 0
97 164 47 8483.84 0 0
98 164 46 8488.06 0 0
95 163 46 8492.28 0 0
101 163 46 8496.51 0 0
98 163 46 8500.72 0 0
96 162 46 8504.95 0 0
97 166 47 8509.16 0 0
97 163 47 8513.36 0 0
95 164 47 8517.57 0 0
99 162 47 8521.79 0 0
97 162 47 8526.32 0 0
99 162 46 8530.55 0 0
99 159 47 8537.16 0 0
97 160 47 8541.4 0 0
102 158 47 8545.64 0 0
103 157 46 8549.89 0 0
102 157 46 8554.11 0 0
106 155 46 8558.34 0 0
98 160 46 8562.54 0 0
103 156 47 8566.75 0 0
102 158 47 8570.95 0 0
100 160 46 8575.21 0 0
99 158 47 8579.42 0 0
102 157 47 8583.63 0 0
101 156 47 8587.88 0 0
101 158 46 8592.1 0 0
103 159 47 8596.36 0 0
103 154 47 8600.57 0 0
100 157 47 8604.77 0 0
100 158 47 8608.97 0 0
94 166 46 8613.19 0 0
100 157 46 8617.42 0 0
97 162 47 8621.65 0 0
99 163 47 8625.92 0 0
105 153 47 8630.12 0 0
101 160 47 8634.33 0 0
94 162 47 8638.53 0 0
105 157 47 8642.74 0 0
112 149 47 8649.56 0 0
111 148 47 8653.81 0 0
118 139 47 8658.02 0 0
119 135 47 8662.23 0 0
122 130 46 8666.43 0 0
125 129 46 8670.64 0 0
130 120 46 8674.85 0 0
128 120 47 8679.07 0 0
130 118 47 8683.3 0 0
127 122 47 8687.53 0 0
126 122 46 8691.75 0 0
126 122 47 8695.95 0 0
129 120 47 8700.15 0 0
127 122 47 8704.36 0 0
128 124 47 8708.57 0 0
127 122 47 8712.82 0 0
128 124 47 8717.06 0 0
132 123 47 8721.27 0 0
128 120 47 8725.48 0 0
128 124 46 8729.68 0 0
132 124 47 8733.88 0 0
128 121 47 8738.11 0 0
127 127 47 8742.32 0 0
132 123 47 8747.1 0 0
134 126 47 8753.69 0 0
126 123 47 8757.93 0 0
128 123 47 8762.16 0 0
125 122 47 8766.36 0 0
129 122 47 8770.58 0 0
128 122 47 8774.82 0 0
127 122 47 8779.05 0 0
127 120 47 8783.3 0 0
130 124 47 8787.5 0 0
127 122 47 8791.7 0 0
128 123 47 8795.9 0 0
128 122 47 8800.11 0 0
128 122 47 8804.32 0 0
127 124 47 8808.54 0 0
129 121 47 8812.75 0 0
127 123 47 8816.97 0 0
130 122 47 8821.17 0 0
132 118 47 8825.38 0 0
126 120 47 8829.59 0 0
132 118 47 8833.82 0 0
132 118 47 8838.06 0 0
128 123 47 8842.27 0 0
128 120 47 8846.48 0 0
129 121 47 8850.68 0 0
126 124 47 8854.88 0 0
131 122 47 8859.09 0 0
128 123 47 8863.32 0 0
128 122 47 8867.54 0 0
131 121 47 8874.34 0 0
131 124 47 8878.58 0 0
129 122 47 8882.81 0 0
128 121 47 8887.01 0 0
130 122 47 8891.21 0 0
128 119 47 8895.42 0 0
129 120 47 8899.66 0 0
128 124 47 8903.9 0 0
129 121 47 8908.11 0 0
126 123 47 8912.31 0 0
127 124 47 8916.51 0 0
126 120 47 8920.71 0 0
127 123 47 8924.93 0 0
131 121 47 8929.14 0 0
131 116 47 8933.38 0 0
125 121 47 8937.59 0 0
133 117 47 8941.81 0 0
126 120 47 8946.01 0 0
125 122 47 8950.23 0 0
132 118 47 8954.44 0 0
129 119 47 8958.65 0 0
131 118 47 8962.89 0 0
130 117 47 8967.12 0 0
130 116 47 8971.33 0 0
130 118 47 8975.53 0 0
131 117 47 8979.72 0 0
129 119 47 8983.93 0 0
128 118 47 8990.96 0 0
130 119 47 8999.21 0 0
128 118 47 9007.68 0 0
128 117 47 9015.95 0 0
128 117 47 9024.2 0 0
126 127 47 9032.06 0 0
117 142 47 9036.27 0 0
112 148 47 9040.92 0 0
109 151 47 9045.15 0 0
106 156 47 9049.39 0 0
101 158 47 9053.6 0 0
103 160 47 9057.83 0 0
111 154 47 9062.04 0 0
107 155 47 9066.26 0 0
108 152 47 9070.46 0 0
115 147 47 9074.66 0 0
107 155 47 9078.86 0 0
109 151 47 9083.08 0 0
109 155 47 9087.32 0 0
106 155 47 9091.54 0 0
108 152 47 9095.76 0 0
108 155 47 9099.97 0 0
109 153 47 9104.18 0 0
108 154 47 9108.38 0 0
105 155 47 9112.63 0 0
106 153 46 9116.84 0 0
104 157 47 9121.06 0 0
110 150 47 9125.28 0 0
109 151 47 9129.49 0 0
106 154 47 9133.69 0 0
106 152 47 9137.89 0 0
107 154 46 9142.1 0 0
105 154 46 9146.31 0 0
109 152 46 9150.58 0 0
108 155 47 9154.83 0 0
103 156 46 9161.78 0 0
104 156 46 9165.99 0 0
103 156 46 9170.2 0 0
106 156 47 9174.41 0 0
108 152 47 9178.64 0 0
105 154 46 9182.87 0 0
108 152 46 9187.08 0 0
109 151 46 9191.29 0 0
105 154 46 9195.49 0 0
108 153 46 9199.7 0 0
105 157 46 9203.98 0 0
107 153 46 9208.21 0 0
109 154 46 9212.45 0 0
102 157 46 9216.67 0 0
109 153 46 9220.88 0 0
106 156 46 9225.08 0 0
103 156 46 9229.29 0 0
107 154 46 9233.49 0 0
106 155 46 9237.71 0 0
106 153 46 9241.92 0 0
108 156 46 9246.15 0 0
105 155 47 9250.37 0 0
107 153 46 9254.58 0 0
105 154 46 9261.44 0 0
108 153 46 9265.68 0 0
103 157 46 9269.93 0 0
106 155 46 9274.17 0 0
107 158 46 9278.39 0 0
100 158 46 9282.6 0 0
106 153 46 9286.8 0 0
107 155 46 9291.01 0 0
106 154 46 9295.22 0 0
109 154 47 9299.43 0 0
106 154 47 9303.64 0 0
106 150 46 9307.88 0 0
109 154 46 9312.1 0 0
107 153 46 9316.31 0 0
106 154 46 9320.51 0 0
105 157 46 9324.72 0 0
110 149 46 9329 0 0
107 154 46 9333.22 0 0
109 151 47 9337.46 0 0
113 147 46 9341.68 0 0
109 150 47 9345.9 0 0
111 148 47 9350.1 0 0
111 147 47 9354.3 0 0
103 155 46 9358.5 0 0
93 166 46 9362.71 0 0
63 195 46 9369.85 0 0
13 221 46 9374.08 0 0
36 208 46 9469.57 0 0
53 201 47 9473.78 0 0
70 189 47 9478.01 0 0
83 178 47 9482.24 0 0
92 169 47 9486.46 0 0
104 157 47 9490.71 0 0
107 154 47 9494.96 0 0
113 148 47 9499.17 0 0
115 141 47 9503.43 0 0
119 139 47 9507.64 0 0
117 139 47 9511.86 0 0
120 137 47 9516.06 0 0
117 140 47 9520.27 0 0
119 138 47 9524.52 0 0
115 139 47 9528.74 0 0
118 140 47 9532.96 0 0
112 146 48 9537.16 0 0
114 141 47 9541.36 0 0
119 140 47 9545.56 0 0
114 145 48 9549.78 0 0
119 138 47 9553.99 0 0
116 145 48 9558.24 0 0
121 137 47 9562.45 0 0
119 140 47 9566.75 0 0
120 141 47 9570.95 0 0
123 138 47 9575.16 0 0
118 143 48 9579.37 0 0
120 139 47 9586.36 0 0
120 136 47 9590.62 0 0
114 147 48 9594.82 0 0
122 137 47 9599.03 0 0
116 144 48 9603.24 0 0
114 145 48 9607.44 0 0
113 145 48 9611.65 0 0
115 144 48 9615.86 0 0
115 142 48 9620.09 0 0
117 143 48 9624.32 0 0
119 139 47 9628.53 0 0
119 143 48 9632.73 0 0
117 145 48 9636.94 0 0
120 141 48 9641.15 0 0
117 146 48 9645.36 0 0
116 144 48 9649.63 0 0
115 143 48 9653.85 0 0
122 137 48 9658.06 0 0
125 130 48 9662.27 0 0
127 125 48 9666.47 0 0
130 121 48 9670.67 0 0
132 119 48 9674.9 0 0
129 118 48 9679.11 0 0
129 118 48 9683.36 0 0
130 119 48 9688.35 0 0
129 119 48 9692.58 0 0
126 120 48 9696.79 0 0
129 116 48 9700.99 0 0
131 120 48 9705.22 0 0
131 114 48 9709.44 0 0
133 112 48 9713.67 0 0
130 117 48 9717.88 0 0
131 116 48 9722.09 0 0
131 120 48 9726.3 0 0
128 119 48 9730.52 0 0
132 115 48 9734.72 0 0
130 119 48 9738.94 0 0
131 114 48 9743.15 0 0
129 117 48 9747.39 0 0
131 112 48 9751.61 0 0
134 118 48 9755.82 0 0
130 116 48 9760.02 0 0
129 117 48 9764.22 0 0
131 119 48 9768.44 0 0
133 112 48 9772.65 0 0
131 114 48 9776.9 0 0
131 116 48 9781.11 0 0
134 117 48 9785.31 0 0
132 119 48 9789.51 0 0
132 114 48 9793.71 0 0
132 118 48 9797.93 0 0
128 118 48 9802.15 0 0
127 118 48 9806.39 0 0
132 118 48 9810.61 0 0
129 117 48 9814.84 0 0
131 113 48 9819.13 0 0
128 119 48 9823.34 0 0
132 114 48 9827.54 0 0
130 121 48 9831.76 0 0
132 113 48 9835.98 0 0
135 115 48 9840.22 0 0
131 118 48 9844.43 0 0
132 118 48 9848.65 0 0
130 119 48 9852.85 0 0
131 117 48 9857.05 0 0
129 119 48 9861.26 0 0
130 115 48 9865.47 0 0
130 119 48 9869.7 0 0
132 119 48 9873.92 0 0
134 114 48 9878.15 0 0
131 118 48 9882.35 0 0
130 115 48 9886.55 0 0
129 117 48 9890.75 0 0
129 117 48 9894.97 0 0
129 117 48 9899.2 0 0
130 117 48 9903.42 0 0
126 116 48 9907.64 0 0
131 114 48 9911.86 0 0
132 117 48 9916.06 0 0
126 114 48 9920.26 0 0
129 117 48 9924.48 0 0
130 118 48 9928.7 0 0
135 116 48 9932.94 0 0
129 119 48 9937.18 0 0
133 114 48 9941.4 0 0
131 117 48 9945.6 0 0
131 115 48 9949.85 0 0
132 114 48 9954.09 0 0
130 117 48 9958.31 0 0
129 116 48 9962.55 0 0
128 115 48 9966.77 0 0
130 114 48 9970.99 0 0
134 112 48 9975.19 0 0
131 112 48 9979.4 0 0
133 116 48 9983.6 0 0
131 115 48 9987.81 0 0
129 117 48 9992.03 0 0
130 116 48 9996.85 0 0
133 114 48 10001.1 0 0
132 113 48 10005.3 0 0
134 114 48 10009.5 0 0
130 115 48 10013.7 0 0
136 112 48 10017.9 0 0
133 114 48 10022.1 0 0
130 113 48 10026.4 0 0
129 115 48 10030.6 0 0
133 112 48 10034.8 0 0
132 114 48 10039 0 0
131 112 48 10043.2 0 0
130 114 48 10047.4 0 0
129 116 48 10051.6 0 0
130 114 48 10055.9 0 0
133 113 48 10060.1 0 0
134 112 48 10064.3 0 0
131 112 48 10068.5 0 0
130 115 48 10072.7 0 0
131 114 48 10077 0 0
134 112 48 10081.2 0 0
142 111 48 10085.4 0 0
151 99 48 10089.6 0 0
156 95 48 10093.9 0 0
164 92 48 10098.1 0 0
171 79 48 10102.3 0 0
175 84 48 10106.5 0 0
179 69 48 10110.7 0 0
183 62 47 10114.9 0 0
186 58 47 10119.1 0 0
184 58 47 10123.4 0 0
188 57 47 10127.6 0 0
186 55 47 10131.8 0 0
188 56 47 10136 0 0
187 57 47 10140.2 0 0
187 57 47 10144.5 0 0
188 60 47 10148.7 0 0
187 55 47 10153 0 0
187 59 47 10157.2 0 0
187 60 47 10161.4 0 0
185 58 47 10165.6 0 0
185 53 47 10169.8 0 0
187 55 46 10174 0 0
182 48 47 10178.3 0 0
188 55 47 10182.5 0 0
182 53 47 10186.7 0 0
183 49 47 10190.9 0 0
188 55 47 10195.1 0 0
187 61 47 10199.4 0 0
186 58 47 10203.5 0 0
189 58 46 10207.8 0 0
186 55 46 10212 0 0
189 58 46 10216.3 0 0
185 58 47 10220.5 0 0
188 60 47 10224.7 0 0
187 56 47 10228.9 0 0
188 60 47 10233.1 0 0
188 59 46 10237.3 0 0
189 57 47 10241.5 0 0
191 56 47 10245.8 0 0
190 57 47 10250 0 0
190 60 47 10254.4 0 0
187 58 46 10258.6 0 0
189 58 47 10262.9 0 0
189 60 47 10267.1 0 0
189 57 47 10271.3 0 0
192 60 47 10275.5 0 0
186 56 47 10279.8 0 0
185 55 47 10284 0 0
191 60 47 10288.2 0 0
186 56 47 10292.4 0 0
190 62 47 10296.6 0 0
191 58 47 10300.8 0 0
192 57 47 10305 0 0
191 62 47 10309.5 0 0
186 54 47 10313.7 0 0
186 54 0 10317.9 0 0
189 61 47 10322.1 0 0
187 54 47 10326.3 0 0
190 62 47 10330.6 0 0
187 57 47 10334.8 0 0
188 57 47 10339 0 0
189 57 47 10343.2 0 0
183 56 47 10347.5 0 0
186 58 47 10351.7 0 0
191 61 47 10355.9 0 0
187 59 47 10360.1 0 0
187 55 47 10364.3 0 0
175 40 47 10368.5 0 0
181 47 47 10372.7 0 0
188 61 47 10377 0 0
186 60 47 10381.2 0 0
186 64 47 10385.4 0 0
188 76 47 10389.6 0 0
187 96 47 10393.8 0 0
128 169 46 10402.3 0 0
82 202 45 10406.5 0 0
23 231 42 10410.7 0 0
23 231 0 10414.9 0 0
23 231 0 10419.1 0 0
23 231 0 10423.4 0 0
23 231 0 10427.6 0 0
23 231 0 10431.8 0 0
23 231 0 10436 0 0
23 231 0 10440.2 0 0
23 231 0 10444.5 0 0
23 231 0 10448.7 0 0
23 231 0 10452.9 0 0
11 223 48 10486.6 0 0
31 210 48 10490.9 0 0
50 200 48 10495.1 0 0
65 189 48 10499.4 0 0
74 182 48 10503.7 0 0
82 177 48 10507.9 0 0
84 173 48 10512.1 0 0
82 173 48 10516.3 0 0
84 175 48 10520.5 0 0
83 173 48 10524.8 0 0
78 177 49 10529 0 0
85 173 48 10533.2 0 0
85 173 48 10537.4 0 0
84 172 49 10541.6 0 0
83 180 48 10545.8 0 0
81 176 49 10550 0 0
89 170 48 10554.2 0 0
83 176 49 10558.5 0 0
84 170 49 10562.7 0 0
84 174 48 10566.9 0 0
83 171 49 10571.1 0 0
77 180 48 10575.3 0 0
81 176 49 10579.6 0 0
89 169 49 10583.8 0 0
84 173 49 10588.2 0 0
85 172 49 10592.4 0 0
83 172 49 10596.6 0 0
90 172 49 10600.8 0 0
85 172 49 10605 0 0
85 172 49 10609.2 0 0
88 170 49 10613.5 0 0
84 173 49 10617.7 0 0
86 171 49 10622.2 0 0
86 171 49 10626.4 0 0
85 174 49 10630.6 0 0
86 169 49 10634.8 0 0
79 177 49 10639.1 0 0
86 169 49 10643.3 0 0
85 173 49 10647.5 0 0
79 175 49 10651.7 0 0
83 172 49 10655.9 0 0
77 178 49 10660.1 0 0
83 173 49 10664.3 0 0
82 176 49 10668.9 0 0
81 176 49 10673.1 0 0
80 176 49 10677.3 0 0
77 178 49 10681.5 0 0
80 174 49 10686.3 0 0
80 178 49 10690.5 0 0
80 178 49 10694.7 0 0
82 176 49 10698.9 0 0
84 172 49 10703.1 0 0
84 176 49 10707.4 0 0
82 172 49 10711.6 0 0
75 178 49 10715.8 0 0
87 169 49 10720 0 0
84 172 49 10724.2 0 0
84 173 49 10728.5 0 0
84 172 49 10732.6 0 0
78 179 49 10736.9 0 0
86 169 49 10741.1 0 0
80 177 49 10745.3 0 0
83 176 49 10749.5 0 0
83 175 49 10754.2 0 0
80 179 49 10758.4 0 0
83 173 49 10762.6 0 0
80 176 49 10766.8 0 0
83 173 50 10771 0 0
79 176 49 10775.2 0 0
79 178 50 10779.5 0 0
81 175 50 10783.7 0 0
84 174 49 10787.9 0 0
82 173 50 10792.1 0 0
80 179 50 10796.3 0 0
89 169 49 10800.5 0 0
82 176 50 10804.7 0 0
86 170 50 10808.9 0 0
83 173 49 10813.2 0 0
87 170 49 10817.4 0 0
85 170 49 10821.6 0 0
89 170 50 10825.8 0 0
84 174 50 10830 0 0
83 173 49 10834.2 0 0
82 173 50 10838.5 0 0
87 170 49 10842.7 0 0
83 173 50 10846.9 0 0
84 172 50 10851.1 0 0
85 173 50 10855.3 0 0
90 173 50 10859.5 0 0
86 173 49 10863.7 0 0
90 168 49 10867.9 0 0
88 170 50 10872.2 0 0
88 170 50 10876.4 0 0
86 171 50 10880.6 0 0
90 170 50 10884.8 0 0
88 170 50 10889 0 0
86 172 50 10893.2 0 0
89 170 50 10897.4 0 0
88 169 50 10901.7 0 0
86 169 50 10905.9 0 0
85 169 50 10910.1 0 0
84 173 49 10914.4 0 0
89 170 50 10918.7 0 0
88 171 50 10922.9 0 0
84 173 50 10927.1 0 0
87 171 50 10931.4 0 0
85 176 50 10935.6 0 0
89 170 50 10939.8 0 0
88 172 50 10944 0 0
84 174 49 10948.2 0 0
88 171 50 10952.4 0 0
81 174 50 10956.6 0 0
86 170 50 10960.8 0 0
87 170 50 10965.1 0 0
83 173 50 10969.3 0 0
86 170 50 10973.5 0 0
89 169 50 10977.7 0 0
84 174 50 10981.9 0 0
88 171 50 10986.1 0 0
88 171 50 10990.3 0 0
82 175 50 10994.5 0 0
83 176 50 10998.8 0 0
80 176 50 11003.3 0 0
89 170 50 11007.5 0 0
83 175 50 11011.8 0 0
