119 114 56 68042 0 0
114 114 56 68046.2 0 0
113 115 56 68050.5 0 0
115 115 56 68054.7 0 0
116 115 56 68058.9 0 0
117 116 56 68063.1 0 0
113 115 56 68067.3 0 0
115 113 56 68071.5 0 0
113 112 56 68075.8 0 0
116 113 56 68080 0 0
114 111 56 68084.2 0 0
113 110 56 68088.4 0 0
117 111 56 68092.6 0 0
116 112 56 68096.8 0 0
113 112 56 68101 0 0
113 113 56 68105.2 0 0
114 110 56 68109.4 0 0
116 112 56 68113.7 0 0
115 111 56 68118 0 0
115 111 56 68122.2 0 0
115 110 56 68126.4 0 0
115 113 56 68130.6 0 0
116 111 56 68134.8 0 0
114 111 56 68139.1 0 0
115 111 56 68143.3 0 0
116 112 56 68147.5 0 0
114 112 56 68151.7 0 0
113 111 56 68155.9 0 0
115 110 56 68160.1 0 0
114 111 56 68164.3 0 0
116 112 56 68168.6 0 0
116 110 56 68172.8 0 0
116 111 56 68177 0 0
115 112 56 68181.2 0 0
114 112 56 68185.4 0 0
115 110 56 68189.6 0 0
113 111 56 68193.8 0 0
114 112 56 68198.1 0 0
113 111 56 68202.3 0 0
115 108 56 68206.5 0 0
114 113 56 68210.7 0 0
114 109 56 68214.9 0 0
113 113 56 68219.1 0 0
115 113 56 68223.3 0 0
112 111 56 68227.5 0 0
112 113 56 68231.8 0 0
113 111 56 68236 0 0
116 110 56 68240.2 0 0
116 106 55 68244.4 0 0
115 112 56 68248.6 0 0
115 112 56 68252.8 0 0
113 111 56 68257 0 0
116 112 56 68261.3 0 0
111 108 56 68265.5 0 0
114 110 56 68269.7 0 0
113 111 56 68273.9 0 0
113 112 56 68278.1 0 0
113 111 56 68282.4 0 0
116 110 56 68286.6 0 0
116 109 56 68290.8 0 0
116 109 56 68295 0 0
114 111 56 68299.3 0 0
115 110 56 68303.5 0 0
115 112 56 68307.7 0 0
114 112 56 68311.9 0 0
118 106 55 68316.1 0 0
114 111 56 68320.3 0 0
113 113 56 68324.5 0 0
116 111 56 68328.7 0 0
115 109 56 68333 0 0
119 108 55 68337.2 0 0
114 107 56 68341.4 0 0
112 101 56 68345.6 0 0
110 92 56 68349.8 0 0
107 81 55 68354 0 0
105 66 56 68358.2 0 0
104 55 55 68362.5 0 0
97 52 55 68366.7 0 0
98 49 55 68370.9 0 0
96 50 54 68375.1 0 0
94 50 54 68379.3 0 0
93 51 54 68383.5 0 0
94 51 53 68387.8 0 0
90 48 54 68392 0 0
94 50 54 68396.2 0 0
92 50 54 68400.4 0 0
90 47 54 68404.6 0 0
90 43 53 68408.8 0 0
90 44 53 68413 0 0
90 42 54 68417.3 0 0
89 43 53 68421.5 0 0
89 44 54 68425.7 0 0
93 46 54 68429.9 0 0
89 44 53 68434.1 0 0
89 44 53 68438.3 0 0
90 42 53 68442.5 0 0
89 41 53 68446.7 0 0
92 42 53 68451 0 0
90 42 53 68455.2 0 0
90 42 53 68459.4 0 0
91 42 53 68463.6 0 0
89 42 52 68467.8 0 0
90 43 53 68472.1 0 0
91 42 52 68476.3 0 0
90 42 53 68480.5 0 0
90 43 52 68484.7 0 0
91 42 52 68488.9 0 0
90 42 52 68493.1 0 0
91 42 52 68497.4 0 0
92 42 52 68501.6 0 0
90 42 51 68505.8 0 0
90 41 51 68510 0 0
91 42 51 68514.3 0 0
95 50 51 68518.5 0 0
98 50 51 68522.7 0 0
104 48 52 68526.9 0 0
108 47 52 68531.1 0 0
114 52 53 68535.3 0 0
119 58 53 68539.5 0 0
126 63 53 68543.8 0 0
128 74 53 68548 0 0
129 78 52 68552.2 0 0
124 77 52 68556.4 0 0
125 75 52 68560.7 0 0
123 76 52 68565 0 0
125 75 51 68569.2 0 0
124 77 51 68573.4 0 0
123 76 51 68577.7 0 0
123 76 51 68581.9 0 0
125 77 51 68586.1 0 0
124 77 51 68590.3 0 0
124 76 51 68594.5 0 0
122 76 50 68598.7 0 0
126 76 50 68602.9 0 0
126 75 50 68607.2 0 0
126 75 50 68611.4 0 0
125 77 50 68615.6 0 0
126 74 50 68619.8 0 0
124 74 50 68624 0 0
126 77 50 68628.2 0 0
125 77 50 68632.5 0 0
126 75 50 68636.7 0 0
124 74 50 68640.9 0 0
124 76 49 68645.2 0 0
126 78 49 68649.4 0 0
126 75 49 68653.6 0 0
126 77 49 68657.8 0 0
125 76 49 68662 0 0
125 75 49 68666.2 0 0
125 77 49 68670.4 0 0
126 76 49 68674.7 0 0
124 76 49 68678.9 0 0
125 76 49 68683.1 0 0
125 77 49 68687.3 0 0
125 77 49 68691.5 0 0
125 78 49 68695.7 0 0
124 77 49 68699.9 0 0
127 78 49 68704.2 0 0
126 77 48 68708.4 0 0
126 73 49 68712.6 0 0
124 61 48 68716.8 0 0
121 55 49 68721 0 0
117 43 49 68725.2 0 0
115 43 47 68729.4 0 0
100 16 47 68733.7 0 0
105 48 47 68737.9 0 0
102 49 46 68742.1 0 0
100 28 46 68746.3 0 0
97 28 46 68750.5 0 0
96 29 45 68754.7 0 0
98 29 45 68758.9 0 0
98 29 46 68763.1 0 0
99 29 46 68767.4 0 0
99 28 46 68771.6 0 0
99 29 45 68775.8 0 0
98 29 45 68780 0 0
98 28 45 68784.2 0 0
100 28 45 68788.4 0 0
102 46 45 68792.7 0 0
98 28 45 68796.9 0 0
100 28 45 68801.1 0 0
97 28 45 68805.3 0 0
101 47 45 68809.5 0 0
99 28 46 68813.7 0 0
98 27 45 68817.9 0 0
99 28 45 68822.1 0 0
99 27 45 68826.4 0 0
98 27 45 68830.6 0 0
99 27 45 68834.8 0 0
99 27 45 68839 0 0
98 27 45 68843.2 0 0
99 28 45 68847.4 0 0
99 27 45 68851.6 0 0
103 51 45 68855.8 0 0
98 27 45 68860 0 0
99 27 45 68864.2 0 0
102 51 44 68868.4 0 0
98 27 44 68872.7 0 0
102 50 45 68876.9 0 0
98 27 45 68881.1 0 0
102 51 45 68885.3 0 0
102 50 45 68889.5 0 0
101 51 45 68893.8 0 0
101 51 45 68898 0 0
102 51 45 68902.2 0 0
102 51 45 68906.4 0 0
104 51 44 68910.6 0 0
103 52 44 68914.8 0 0
105 51 45 68919 0 0
102 51 45 68923.2 0 0
102 50 44 68927.4 0 0
103 50 44 68931.7 0 0
104 51 45 68935.9 0 0
104 50 45 68940.1 0 0
101 51 44 68944.3 0 0
105 52 45 68948.6 0 0
102 51 44 68952.8 0 0
103 51 44 68957 0 0
101 52 44 68961.2 0 0
103 50 44 68965.4 0 0
100 27 43 68969.6 0 0
103 49 44 68973.8 0 0
103 49 44 68978 0 0
103 50 44 68982.3 0 0
105 50 44 68986.5 0 0
107 49 44 68990.7 0 0
101 48 44 68994.9 0 0
102 49 44 68999.1 0 0
106 46 45 69003.3 0 0
110 43 45 69007.5 0 0
111 47 46 69011.8 0 0
116 60 46 69016 0 0
122 83 46 69020.2 0 0
124 94 46 69024.4 0 0
125 101 46 69028.6 0 0
127 105 46 69032.8 0 0
126 105 46 69037.1 0 0
123 102 46 69041.3 0 0
124 102 46 69045.5 0 0
125 100 46 69049.7 0 0
124 103 46 69053.9 0 0
125 103 46 69058.1 0 0
125 104 46 69062.3 0 0
126 105 46 69066.6 0 0
125 103 46 69070.8 0 0
126 104 45 69075 0 0
125 102 45 69079.2 0 0
126 103 46 69083.5 0 0
125 101 46 69087.7 0 0
125 99 46 69091.9 0 0
128 100 46 69096.1 0 0
127 99 46 69100.3 0 0
127 101 45 69104.6 0 0
128 101 45 69108.8 0 0
126 102 46 69113 0 0
124 101 45 69117.2 0 0
126 98 45 69121.4 0 0
125 101 46 69125.6 0 0
126 101 46 69129.8 0 0
126 98 45 69134.1 0 0
125 101 45 69138.3 0 0
128 100 46 69142.5 0 0
128 100 46 69146.7 0 0
124 98 46 69150.9 0 0
128 102 46 69155.1 0 0
126 100 45 69159.3 0 0
125 103 46 69163.5 0 0
126 103 46 69167.8 0 0
126 100 46 69172 0 0
124 101 46 69176.2 0 0
126 101 45 69180.4 0 0
126 100 45 69184.6 0 0
129 98 46 69188.8 0 0
128 100 46 69193.1 0 0
128 99 45 69197.3 0 0
125 101 45 69201.5 0 0
126 101 46 69205.7 0 0
126 104 45 69209.9 0 0
126 100 45 69214.1 0 0
126 102 45 69218.3 0 0
126 101 46 69222.5 0 0
125 101 46 69226.8 0 0
127 103 46 69231 0 0
126 102 46 69235.2 0 0
126 101 45 69239.4 0 0
126 102 46 69243.6 0 0
128 101 46 69247.9 0 0
126 101 46 69252.1 0 0
126 100 46 69256.3 0 0
127 103 46 69260.6 0 0
129 102 46 69264.8 0 0
128 100 46 69269 0 0
124 102 46 69273.2 0 0
124 105 46 69277.4 0 0
123 109 46 69281.7 0 0
121 120 47 69285.9 0 0
116 129 46 69290.1 0 0
112 139 46 69294.4 0 0
111 139 46 69298.6 0 0
110 147 46 69302.8 0 0
105 158 46 69307 0 0
108 159 46 69311.2 0 0
110 163 46 69315.4 0 0
107 162 46 69319.6 0 0
108 156 46 69323.9 0 0
107 160 46 69328.1 0 0
108 160 46 69332.3 0 0
105 156 46 69336.5 0 0
109 155 47 69340.7 0 0
108 159 47 69344.9 0 0
110 159 47 69349.1 0 0
106 158 46 69353.3 0 0
108 155 46 69357.9 0 0
107 154 47 69362.1 0 0
107 152 47 69366.3 0 0
105 157 47 69370.5 0 0
108 160 47 69374.7 0 0
107 158 47 69378.9 0 0
107 159 47 69383.1 0 0
110 157 47 69387.4 0 0
107 157 47 69391.6 0 0
108 163 48 69395.8 0 0
107 162 47 69400 0 0
108 158 47 69404.2 0 0
106 158 47 69408.4 0 0
107 155 47 69412.7 0 0
107 156 47 69416.9 0 0
109 156 47 69421.1 0 0
106 157 47 69425.3 0 0
107 161 47 69429.6 0 0
110 160 47 69433.8 0 0
107 163 48 69438 0 0
111 160 48 69442.2 0 0
104 162 48 69446.4 0 0
106 159 48 69450.6 0 0
107 162 48 69454.8 0 0
107 161 48 69459.1 0 0
106 159 48 69463.3 0 0
107 162 48 69467.4 0 0
107 163 48 69471.7 0 0
107 158 48 69475.9 0 0
109 160 48 69480.1 0 0
108 161 48 69484.4 0 0
108 161 49 69488.6 0 0
107 161 48 69492.8 0 0
107 161 48 69497 0 0
107 159 48 69501.2 0 0
103 157 49 69505.4 0 0
98 172 49 69509.6 0 0
94 171 49 69513.8 0 0
87 185 48 69518.1 0 0
87 187 49 69522.3 0 0
82 187 48 69526.5 0 0
77 191 48 69530.7 0 0
77 198 48 69534.9 0 0
79 193 48 69539.1 0 0
81 193 48 69543.4 0 0
81 196 49 69547.6 0 0
80 193 48 69551.8 0 0
79 191 48 69556 0 0
80 192 48 69560.2 0 0
77 192 48 69564.4 0 0
80 193 48 69568.7 0 0
81 193 48 69572.9 0 0
83 190 49 69577.1 0 0
88 191 49 69581.3 0 0
91 166 49 69585.5 0 0
100 152 50 69589.7 0 0
106 138 50 69593.9 0 0
108 129 50 69598.2 0 0
115 123 51 69602.4 0 0
117 112 51 69606.6 0 0
122 100 51 69610.9 0 0
125 93 50 69615.1 0 0
127 88 51 69619.3 0 0
127 90 51 69623.5 0 0
131 88 51 69627.7 0 0
131 85 51 69631.9 0 0
133 86 51 69636.2 0 0
130 88 51 69640.4 0 0
130 87 51 69644.6 0 0
130 88 51 69648.8 0 0
131 91 51 69653 0 0
130 89 51 69657.2 0 0
131 90 51 69661.4 0 0
133 89 51 69665.7 0 0
129 90 51 69669.9 0 0
131 89 51 69674.1 0 0
132 90 51 69678.3 0 0
131 87 51 69682.5 0 0
131 90 51 69687.4 0 0
130 91 52 69691.6 0 0
130 90 51 69695.8 0 0
131 89 52 69700.1 0 0
130 89 51 69704.3 0 0
131 90 51 69708.5 0 0
130 89 52 69712.7 0 0
131 90 51 69716.9 0 0
131 91 52 69721.2 0 0
129 88 52 69725.4 0 0
132 91 51 69729.7 0 0
133 89 51 69733.9 0 0
133 91 51 69738.1 0 0
129 90 51 69742.3 0 0
131 90 52 69746.5 0 0
128 91 52 69750.7 0 0
130 90 52 69754.9 0 0
130 89 52 69759.2 0 0
131 89 52 69763.4 0 0
130 88 52 69767.6 0 0
129 90 52 69771.8 0 0
129 89 52 69776 0 0
130 90 52 69780.2 0 0
130 90 52 69784.4 0 0
128 90 52 69791.3 0 0
132 89 52 69795.6 0 0
130 90 52 69799.8 0 0
130 89 52 69804 0 0
130 89 52 69808.2 0 0
130 91 52 69812.4 0 0
131 90 52 69816.6 0 0
130 90 52 69820.8 0 0
131 91 52 69825.1 0 0
132 90 52 69829.3 0 0
131 90 52 69833.5 0 0
133 89 52 69837.7 0 0
133 92 52 69841.9 0 0
132 92 52 69846.1 0 0
131 91 52 69850.4 0 0
131 92 52 69854.6 0 0
127 89 52 69858.8 0 0
129 89 52 69863 0 0
127 85 51 69867.2 0 0
126 82 52 69871.4 0 0
123 84 52 69875.6 0 0
124 83 51 69879.8 0 0
125 86 51 69884 0 0
125 84 51 69888.3 0 0
128 83 51 69892.5 0 0
126 84 51 69896.7 0 0
127 83 52 69900.9 0 0
126 84 51 69905.1 0 0
126 83 51 69909.3 0 0
127 84 51 69913.5 0 0
126 83 51 69920.4 0 0
125 83 51 69924.6 0 0
124 83 51 69928.9 0 0
125 83 50 69933.1 0 0
124 83 51 69937.3 0 0
126 83 51 69941.6 0 0
129 82 51 69945.8 0 0
127 83 50 69950 0 0
124 85 50 69954.2 0 0
126 82 50 69958.4 0 0
124 83 50 69962.6 0 0
124 84 50 69966.8 0 0
124 83 51 69971.1 0 0
126 81 50 69975.4 0 0
126 80 50 69979.6 0 0
127 81 50 69983.8 0 0
126 82 50 69988 0 0
125 80 50 69992.2 0 0
125 80 50 69996.4 0 0
124 82 50 70000.7 0 0
125 82 50 70004.9 0 0
124 81 50 70009.1 0 0
126 82 50 70013.3 0 0
128 81 50 70017.5 0 0
127 83 49 70024.5 0 0
128 81 50 70033 0 0
128 81 50 70041 0 0
126 81 49 70049 0 0
126 82 49 70053.2 0 0
124 81 49 70057.7 0 0
124 82 49 70062 0 0
125 80 50 70066.2 0 0
125 82 49 70070.4 0 0
126 80 50 70074.6 0 0
128 84 49 70078.8 0 0
124 83 49 70083 0 0
126 81 49 70087.2 0 0
127 80 49 70091.4 0 0
125 81 49 70095.6 0 0
129 79 49 70099.9 0 0
126 82 49 70104.1 0 0
127 81 49 70108.3 0 0
128 81 50 70112.5 0 0
128 81 49 70116.7 0 0
127 79 48 70120.9 0 0
127 80 49 70125.1 0 0
126 79 49 70129.3 0 0
127 79 49 70133.6 0 0
126 79 49 70137.8 0 0
127 78 49 70142 0 0
125 82 49 70146.2 0 0
128 80 48 70150.4 0 0
127 82 49 70154.6 0 0
126 83 49 70158.8 0 0
122 98 49 70163 0 0
115 106 49 70169.9 0 0
104 116 49 70174.2 0 0
103 123 48 70178.4 0 0
96 132 48 70182.6 0 0
93 141 48 70186.8 0 0
86 155 48 70191 0 0
83 176 48 70195.2 0 0
84 178 48 70199.5 0 0
79 194 48 70203.7 0 0
79 197 48 70207.9 0 0
80 200 48 70212.1 0 0
80 196 48 70216.3 0 0
78 199 48 70220.5 0 0
79 188 47 70224.7 0 0
83 190 48 70228.9 0 0
79 191 48 70233.2 0 0
79 193 48 70237.4 0 0
79 191 48 70241.6 0 0
79 192 48 70245.8 0 0
79 190 48 70250 0 0
80 187 47 70254.2 0 0
79 193 48 70258.4 0 0
78 191 48 70262.7 0 0
81 191 48 70266.9 0 0
77 188 48 70271.1 0 0
79 190 48 70275.3 0 0
82 191 48 70279.5 0 0
78 191 48 70283.7 0 0
80 190 48 70290.6 0 0
80 181 48 70294.8 0 0
79 181 48 70299.1 0 0
79 189 48 70303.3 0 0
80 186 48 70307.5 0 0
79 185 48 70311.7 0 0
80 184 48 70315.9 0 0
77 188 48 70320.1 0 0
80 186 48 70324.4 0 0
81 184 48 70328.6 0 0
80 188 48 70332.8 0 0
80 187 49 70337 0 0
77 187 48 70341.2 0 0
78 186 48 70345.4 0 0
78 185 48 70349.6 0 0
77 187 48 70353.8 0 0
76 185 49 70358.1 0 0
79 185 48 70362.3 0 0
79 179 49 70366.5 0 0
78 179 48 70370.7 0 0
78 175 49 70374.9 0 0
77 188 49 70379.1 0 0
79 186 49 70383.3 0 0
77 187 49 70387.6 0 0
79 183 49 70391.8 0 0
76 189 49 70398.9 0 0
78 189 49 70403.1 0 0
77 185 48 70407.4 0 0
77 189 49 70411.6 0 0
76 188 49 70415.8 0 0
78 186 49 70420.1 0 0
76 186 49 70424.3 0 0
77 178 49 70428.5 0 0
76 180 49 70432.7 0 0
77 184 49 70436.9 0 0
73 182 49 70441.1 0 0
77 187 49 70445.4 0 0
77 181 49 70449.6 0 0
76 181 49 70453.8 0 0
76 188 49 70458 0 0
79 185 49 70462.2 0 0
76 180 49 70466.4 0 0
75 185 49 70470.6 0 0
77 185 49 70474.8 0 0
75 187 49 70479.1 0 0
78 185 50 70483.3 0 0
78 182 50 70487.5 0 0
77 185 49 70491.7 0 0
76 180 49 70495.9 0 0
77 186 50 70500.1 0 0
78 184 49 70507.1 0 0
76 184 49 70515.3 0 0
76 184 50 70523.8 0 0
77 180 50 70532.1 0 0
77 182 50 70540.5 0 0
76 182 50 70548.8 0 0
76 182 50 70557 0 0
75 184 50 70564.6 0 0
78 185 50 70568.9 0 0
78 181 50 70573.7 0 0
78 182 50 70578 0 0
76 185 50 70582.2 0 0
77 184 50 70586.4 0 0
78 186 50 70590.6 0 0
77 188 51 70594.8 0 0
75 185 50 70599.1 0 0
77 188 50 70603.3 0 0
78 186 50 70607.5 0 0
78 185 51 70611.7 0 0
76 192 50 70615.9 0 0
80 182 50 70620.1 0 0
78 186 50 70624.4 0 0
86 188 51 70628.6 0 0
93 177 52 70632.8 0 0
101 178 52 70637 0 0
111 172 53 70641.2 0 0
117 166 53 70645.4 0 0
122 164 52 70649.6 0 0
122 161 52 70653.9 0 0
126 159 52 70658.1 0 0
123 161 52 70662.3 0 0
125 161 52 70666.5 0 0
124 158 52 70670.7 0 0
123 160 52 70677.7 0 0
122 162 53 70686.1 0 0
125 161 52 70694.4 0 0
126 164 52 70702.6 0 0
125 163 52 70711.1 0 0
124 160 52 70719.4 0 0
123 163 52 70727.8 0 0
123 162 52 70736.1 0 0
123 162 52 70744.3 0 0
124 158 52 70752.1 0 0
125 159 52 70756.4 0 0
125 160 52 70761.1 0 0
120 159 53 70765.3 0 0
127 162 52 70769.5 0 0
124 161 52 70773.7 0 0
123 160 52 70777.9 0 0
126 160 52 70782.1 0 0
122 163 52 70786.3 0 0
122 161 52 70790.6 0 0
124 161 52 70794.8 0 0
123 160 52 70799 0 0
123 164 52 70803.3 0 0
120 162 52 70807.5 0 0
122 160 52 70811.7 0 0
124 163 52 70815.9 0 0
124 165 52 70820.1 0 0
125 159 52 70824.3 0 0
124 158 52 70828.5 0 0
122 158 52 70832.8 0 0
122 159 52 70836.9 0 0
123 162 53 70841.2 0 0
121 165 52 70845.4 0 0
122 163 52 70849.6 0 0
122 163 52 70853.8 0 0
122 164 52 70858 0 0
123 159 53 70862.2 0 0
122 160 52 70866.4 0 0
122 160 52 70870.6 0 0
122 157 53 70877.2 0 0
120 159 53 70881.4 0 0
122 157 52 70885.6 0 0
123 158 53 70889.9 0 0
124 157 53 70894.1 0 0
121 160 52 70898.3 0 0
124 158 52 70902.5 0 0
123 156 53 70906.7 0 0
123 160 53 70910.9 0 0
122 157 52 70915.2 0 0
124 155 53 70919.4 0 0
123 155 53 70923.6 0 0
117 160 53 70927.8 0 0
122 160 53 70932 0 0
122 158 53 70936.2 0 0
120 164 52 70940.4 0 0
122 160 53 70944.8 0 0
123 159 53 70949 0 0
121 161 53 70953.2 0 0
122 153 52 70957.4 0 0
121 150 53 70961.6 0 0
121 144 53 70965.8 0 0
124 140 53 70970.1 0 0
119 137 53 70974.3 0 0
121 129 52 70978.5 0 0
118 121 52 70982.7 0 0
119 113 52 70986.9 0 0
120 103 52 70991.1 0 0
122 94 52 70995.3 0 0
123 85 52 70999.6 0 0
125 76 52 71003.8 0 0
126 62 53 71008 0 0
125 58 52 71012.3 0 0
126 54 52 71016.5 0 0
125 55 52 71020.7 0 0
126 56 52 71024.9 0 0
124 55 52 71029.1 0 0
125 56 52 71033.3 0 0
126 55 52 71037.5 0 0
125 58 51 71041.8 0 0
125 57 51 71046 0 0
125 58 52 71050.2 0 0
126 57 52 71054.4 0 0
125 56 51 71058.6 0 0
125 58 51 71062.8 0 0
124 57 51 71067 0 0
125 57 51 71071.2 0 0
126 57 51 71075.5 0 0
126 57 51 71079.7 0 0
125 57 51 71083.9 0 0
126 59 51 71088.1 0 0
125 58 51 71092.3 0 0
126 59 50 71096.5 0 0
126 60 50 71100.7 0 0
126 58 50 71104.9 0 0
127 59 50 71109.2 0 0
126 60 50 71113.4 0 0
126 59 50 71117.6 0 0
128 59 50 71121.8 0 0
125 60 50 71126 0 0
127 61 50 71130.2 0 0
124 62 50 71134.4 0 0
127 60 49 71138.7 0 0
125 60 50 71142.9 0 0
126 61 50 71147.1 0 0
126 61 50 71151.3 0 0
127 60 49 71155.5 0 0
127 59 50 71159.7 0 0
126 60 50 71164 0 0
127 60 50 71168.2 0 0
126 59 50 71172.4 0 0
126 61 50 71176.6 0 0
127 62 49 71180.8 0 0
125 60 49 71185.1 0 0
128 61 49 71189.2 0 0
127 61 49 71193.5 0 0
128 62 49 71197.7 0 0
127 60 49 71201.9 0 0
129 60 49 71206.2 0 0
130 61 49 71210.4 0 0
133 58 49 71214.6 0 0
142 53 49 71218.8 0 0
150 49 50 71223 0 0
157 46 50 71227.2 0 0
165 47 50 71231.5 0 0
171 46 50 71235.7 0 0
180 44 50 71239.9 0 0
184 41 49 71244.1 0 0
188 39 49 71248.3 0 0
188 39 49 71252.6 0 0
189 38 49 71256.8 0 0
190 37 49 71261.1 0 0
189 37 49 71265.3 0 0
186 38 49 71269.5 0 0
187 38 49 71273.7 0 0
188 39 49 71277.9 0 0
187 39 49 71282.1 0 0
187 38 49 71286.3 0 0
187 38 48 71290.6 0 0
188 39 49 71294.8 0 0
187 39 49 71299.1 0 0
188 39 49 71303.3 0 0
187 39 48 71307.5 0 0
188 39 49 71311.7 0 0
187 38 49 71315.9 0 0
188 39 48 71320.1 0 0
190 38 49 71324.4 0 0
188 39 48 71328.6 0 0
188 40 48 71332.8 0 0
189 40 49 71337 0 0
187 40 48 71341.2 0 0
187 39 48 71345.4 0 0
189 40 48 71349.6 0 0
186 40 48 71353.8 0 0
188 40 48 71358.1 0 0
187 40 48 71362.4 0 0
187 38 48 71366.6 0 0
188 40 48 71370.9 0 0
188 40 48 71375.1 0 0
186 39 48 71379.3 0 0
186 41 48 71383.5 0 0
188 39 48 71387.7 0 0
187 40 48 71391.9 0 0
187 40 48 71396.1 0 0
188 40 48 71400.3 0 0
187 41 48 71404.6 0 0
188 40 49 71408.8 0 0
189 41 48 71413 0 0
187 40 48 71417.2 0 0
188 42 48 71421.5 0 0
188 41 48 71425.7 0 0
190 41 48 71429.9 0 0
188 40 48 71434.1 0 0
185 40 48 71438.3 0 0
188 40 48 71442.5 0 0
185 42 48 71446.8 0 0
187 41 48 71451 0 0
187 42 48 71455.2 0 0
188 41 48 71459.4 0 0
187 42 48 71463.6 0 0
188 41 48 71467.8 0 0
189 40 48 71472.1 0 0
190 40 48 71476.3 0 0
188 41 48 71480.5 0 0
188 41 48 71484.8 0 0
188 41 48 71489 0 0
187 40 48 71493.2 0 0
187 40 48 71497.4 0 0
188 41 48 71501.6 0 0
187 40 48 71505.8 0 0
191 40 48 71510 0 0
188 41 47 71514.2 0 0
188 41 48 71518.4 0 0
189 41 48 71522.7 0 0
187 40 48 71526.9 0 0
187 41 48 71531.1 0 0
188 40 48 71535.3 0 0
189 40 48 71539.5 0 0
187 40 48 71543.8 0 0
189 39 48 71548 0 0
189 39 48 71552.3 0 0
186 40 48 71556.5 0 0
188 39 48 71560.7 0 0
189 39 48 71565 0 0
187 40 48 71569.2 0 0
189 39 48 71573.4 0 0
189 38 48 71577.6 0 0
190 38 48 71581.9 0 0
187 39 48 71586.1 0 0
189 38 48 71590.3 0 0
187 39 48 71594.5 0 0
189 37 48 71598.7 0 0
190 38 48 71602.9 0 0
189 38 48 71607.2 0 0
189 38 48 71611.4 0 0
190 37 48 71615.7 0 0
190 37 48 71619.9 0 0
189 38 49 71624.1 0 0
192 37 48 71628.3 0 0
185 37 48 71632.5 0 0
191 37 48 71636.7 0 0
189 37 49 71641 0 0
189 37 48 71647.9 0 0
189 37 48 71652.1 0 0
188 38 49 71656.3 0 0
189 37 48 71660.5 0 0
189 37 49 71664.7 0 0
190 38 49 71669 0 0
189 38 49 71673.2 0 0
188 37 48 71677.4 0 0
190 38 49 71681.6 0 0
188 37 49 71685.8 0 0
187 38 49 71690 0 0
188 37 49 71694.2 0 0
187 37 49 71698.5 0 0
189 36 49 71702.7 0 0
189 37 49 71706.9 0 0
190 37 49 71711.1 0 0
190 37 49 71715.3 0 0
188 37 49 71719.6 0 0
187 37 49 71723.8 0 0
187 38 49 71728 0 0
189 37 49 71732.2 0 0
191 37 49 71736.4 0 0
189 37 49 71740.7 0 0
190 37 49 71744.9 0 0
187 40 50 71749.1 0 0
185 43 49 71756.1 0 0
183 46 49 71760.3 0 0
179 45 50 71764.5 0 0
180 46 50 71768.8 0 0
181 47 50 71772.9 0 0
182 48 50 71777.1 0 0
182 46 50 71781.4 0 0
180 46 50 71785.6 0 0
181 46 50 71789.8 0 0
181 46 50 71794 0 0
182 46 50 71798.2 0 0
181 46 50 71802.5 0 0
182 46 50 71806.7 0 0
181 46 50 71810.9 0 0
183 45 50 71815.1 0 0
182 45 50 71819.3 0 0
181 45 50 71823.6 0 0
179 46 50 71827.8 0 0
180 46 51 71832 0 0
178 45 51 71836.2 0 0
179 45 51 71840.4 0 0
179 45 51 71844.6 0 0
180 45 51 71849 0 0
181 45 51 71853.2 0 0
179 45 51 71857.5 0 0
178 45 51 71864.4 0 0
179 44 50 71868.6 0 0
180 44 51 71872.8 0 0
180 46 51 71877 0 0
180 45 51 71881.2 0 0
181 45 51 71885.5 0 0
181 45 51 71889.7 0 0
179 45 51 71893.9 0 0
179 44 51 71898.1 0 0
180 45 51 71902.3 0 0
180 45 51 71906.5 0 0
181 44 51 71910.8 0 0
180 45 51 71915 0 0
180 44 51 71919.2 0 0
181 45 51 71923.4 0 0
182 45 51 71927.7 0 0
184 43 51 71931.9 0 0
186 40 51 71936.1 0 0
188 38 51 71940.3 0 0
189 37 51 71944.6 0 0
189 37 51 71948.8 0 0
190 37 51 71953 0 0
187 38 52 71957.2 0 0
190 37 52 71964.3 0 0
190 37 52 71968.5 0 0
186 37 51 71972.8 0 0
191 37 51 71977 0 0
188 37 51 71981.2 0 0
189 37 52 71985.4 0 0
188 37 52 71989.7 0 0
187 38 52 71993.9 0 0
186 38 52 71998.1 0 0
189 37 52 72002.3 0 0
186 37 52 72006.5 0 0
190 37 52 72010.7 0 0
187 37 52 72015 0 0
188 37 52 72019.2 0 0
187 37 52 72023.4 0 0
189 38 52 72027.6 0 0
189 37 52 72031.8 0 0
188 37 52 72036 0 0
189 37 52 72040.2 0 0
190 37 52 72044.4 0 0
188 37 52 72048.7 0 0
186 38 52 72052.9 0 0
189 39 53 72057.1 0 0
186 38 52 72064 0 0
186 38 52 72072.5 0 0
188 38 52 72080.3 0 0
187 38 52 72084.5 0 0
187 38 53 72089.2 0 0
188 38 52 72093.4 0 0
186 37 52 72097.9 0 0
188 38 52 72102.2 0 0
184 38 52 72106.4 0 0
188 38 52 72110.6 0 0
186 39 52 72114.8 0 0
186 38 53 72119 0 0
188 39 52 72123.3 0 0
190 38 52 72127.5 0 0
188 39 52 72131.7 0 0
187 38 53 72136 0 0
187 38 52 72140.2 0 0
186 39 52 72144.4 0 0
188 39 52 72148.6 0 0
188 39 53 72152.8 0 0
187 39 52 72157 0 0
186 39 52 72164.1 0 0
187 40 52 72168.3 0 0
186 39 52 72172.5 0 0
186 40 52 72176.8 0 0
186 40 52 72181 0 0
189 40 52 72185.2 0 0
188 39 52 72189.4 0 0
188 40 52 72193.6 0 0
186 40 52 72197.9 0 0
188 41 52 72202.1 0 0
188 40 52 72206.3 0 0
186 41 52 72210.5 0 0
189 40 52 72214.7 0 0
188 41 51 72218.9 0 0
188 40 52 72223.2 0 0
186 40 52 72227.4 0 0
185 41 52 72231.6 0 0
189 40 52 72235.8 0 0
185 40 51 72240 0 0
186 40 51 72244.2 0 0
188 40 51 72248.4 0 0
188 40 52 72252.6 0 0
187 40 52 72256.9 0 0
187 40 51 72261.1 0 0
186 40 52 72265.4 0 0
187 40 51 72272.3 0 0
185 41 51 72276.5 0 0
187 40 52 72280.7 0 0
186 41 52 72284.9 0 0
187 40 51 72289.1 0 0
187 41 51 72293.4 0 0
188 40 51 72297.9 0 0
188 40 51 72302.1 0 0
186 41 51 72306.3 0 0
187 40 51 72310.5 0 0
187 40 51 72314.7 0 0
187 40 51 72318.9 0 0
185 39 51 72323.2 0 0
186 40 51 72327.4 0 0
188 39 51 72331.6 0 0
184 40 51 72335.8 0 0
188 39 50 72340 0 0
186 38 50 72344.2 0 0
184 40 50 72348.7 0 0
187 40 50 72352.9 0 0
185 39 50 72359.7 0 0
187 40 50 72364 0 0
187 40 50 72368.2 0 0
188 40 50 72372.4 0 0
185 40 50 72376.6 0 0
187 39 50 72380.8 0 0
188 39 50 72385.1 0 0
188 38 50 72389.3 0 0
186 38 50 72393.5 0 0
185 38 50 72397.7 0 0
187 38 50 72401.9 0 0
187 38 50 72406.1 0 0
196 35 50 72410.3 0 0
196 35 50 72414.5 0 0
196 35 50 72418.7 0 0
196 35 50 72422.9 0 0
196 35 50 72427.1 0 0
196 35 49 72431.4 0 0
196 35 50 72435.8 0 0
199 35 50 72440 0 0
196 38 50 72444.3 0 0
196 38 50 72448.5 0 0
198 35 49 72455.3 0 0
196 37 49 72459.5 0 0
195 36 50 72463.7 0 0
197 35 49 72467.9 0 0
197 35 49 72472.1 0 0
197 35 49 72476.4 0 0
197 35 49 72480.6 0 0
199 37 49 72484.8 0 0
199 37 49 72489 0 0
196 37 49 72493.2 0 0
196 37 49 72497.4 0 0
197 36 50 72501.6 0 0
196 35 49 72505.9 0 0
197 36 49 72510.1 0 0
197 36 49 72514.4 0 0
197 35 50 72518.6 0 0
195 38 49 72522.8 0 0
195 35 49 72527 0 0
197 37 49 72531.2 0 0
198 36 49 72535.4 0 0
195 37 49 72539.6 0 0
197 37 49 72543.9 0 0
197 37 49 72548.1 0 0
194 38 49 72552.3 0 0
195 37 49 72556.5 0 0
195 37 49 72560.7 0 0
195 38 49 72564.9 0 0
197 37 49 72569.1 0 0
199 36 48 72573.4 0 0
195 37 49 72580.2 0 0
197 36 48 72584.5 0 0
197 36 49 72588.7 0 0
198 37 48 72592.9 0 0
196 37 49 72597.1 0 0
198 35 49 72601.3 0 0
198 35 49 72605.5 0 0
198 35 48 72609.8 0 0
199 35 49 72614 0 0
196 35 49 72618.2 0 0
199 35 48 72622.4 0 0
198 35 49 72626.6 0 0
198 35 49 72630.8 0 0
194 36 48 72635.1 0 0
194 36 48 72639.3 0 0
196 36 48 72643.5 0 0
196 36 48 72647.7 0 0
196 36 48 72651.9 0 0
196 36 48 72656.1 0 0
196 36 48 72660.3 0 0
196 36 49 72664.5 0 0
196 36 48 72668.7 0 0
196 36 48 72672.9 0 0
196 36 0 72677.1 0 0
196 36 48 72681.4 0 0
196 36 48 72685.6 0 0
196 36 48 72689.8 0 0
196 36 48 72696.9 0 0
196 36 48 72701.1 0 0
196 36 48 72705.3 0 0
196 36 48 72709.6 0 0
196 36 48 72713.8 0 0
196 36 48 72717.9 0 0
198 34 48 72722.2 0 0
198 34 48 72726.4 0 0
199 35 48 72730.6 0 0
198 35 48 72734.9 0 0
198 35 48 72739.1 0 0
198 35 48 72743.3 0 0
198 35 48 72747.5 0 0
198 35 48 72751.7 0 0
198 35 48 72755.9 0 0
198 35 47 72760.1 0 0
190 37 48 72764.4 0 0
186 40 47 72768.6 0 0
177 46 48 72772.8 0 0
166 53 49 72777 0 0
154 68 48 72781.2 0 0
148 75 49 72785.4 0 0
132 82 48 72789.7 0 0
132 82 48 72793.9 0 0
116 94 47 72799.1 0 0
104 101 47 72803.3 0 0
96 107 47 72807.5 0 0
89 111 46 72811.7 0 0
78 114 45 72815.9 0 0
72 119 46 72820.1 0 0
65 120 45 72824.3 0 0
58 120 45 72828.5 0 0
55 120 45 72832.8 0 0
52 127 44 72837 0 0
45 122 44 72841.2 0 0
44 118 44 72845.4 0 0
43 119 44 72849.6 0 0
43 126 44 72853.8 0 0
43 120 44 72858 0 0
44 124 44 72862.3 0 0
44 124 44 72866.5 0 0
43 120 44 72870.7 0 0
42 122 44 72874.9 0 0
44 122 44 72879.1 0 0
42 124 44 72883.3 0 0
43 122 44 72887.6 0 0
44 119 44 72891.8 0 0
44 124 44 72896 0 0
44 119 44 72900.2 0 0
45 119 44 72904.4 0 0
44 120 44 72908.6 0 0
43 120 44 72912.8 0 0
44 119 44 72917 0 0
45 118 44 72921.2 0 0
43 119 44 72925.4 0 0
45 117 44 72929.6 0 0
44 119 44 72933.9 0 0
42 117 44 72938.1 0 0
43 118 44 72942.4 0 0
42 115 44 72946.6 0 0
44 118 44 72950.9 0 0
44 116 45 72955.1 0 0
44 117 44 72959.3 0 0
44 116 44 72963.6 0 0
41 116 45 72967.8 0 0
43 117 44 72972 0 0
43 116 45 72976.2 0 0
42 115 45 72980.5 0 0
42 115 45 72984.7 0 0
44 116 45 72988.9 0 0
44 117 45 72993.1 0 0
43 117 45 72997.3 0 0
45 118 45 73001.6 0 0
44 116 45 73005.8 0 0
43 116 45 73010 0 0
43 116 45 73014.2 0 0
44 116 45 73018.4 0 0
44 116 45 73022.6 0 0
43 116 45 73026.8 0 0
44 115 45 73031 0 0
43 115 45 73035.2 0 0
42 115 45 73039.4 0 0
43 114 45 73043.7 0 0
