129 126 38 1008.79 0 0
125 130 38 1013.02 0 0
128 128 38 1017.24 0 0
129 131 38 1021.45 0 0
127 128 38 1025.66 0 0
127 127 38 1029.86 0 0
127 130 38 1034.07 0 0
129 130 38 1038.3 0 0
129 131 38 1042.53 0 0
127 129 38 1046.76 0 0
129 130 38 1050.98 0 0
127 130 38 1055.18 0 0
128 129 38 1059.39 0 0
125 126 39 1063.61 0 0
128 130 38 1067.83 0 0
125 133 38 1072.09 0 0
131 132 38 1076.32 0 0
129 132 38 1080.52 0 0
131 136 38 1084.73 0 0
130 128 39 1088.92 0 0
132 128 39 1093.13 0 0
127 134 38 1097.35 0 0
126 134 38 1101.57 0 0
129 127 38 1105.81 0 0
128 130 38 1110.04 0 0
130 130 38 1114.24 0 0
128 131 38 1118.45 0 0
127 131 38 1122.65 0 0
131 126 38 1126.88 0 0
124 133 38 1131.09 0 0
131 130 38 1135.33 0 0
125 131 38 1139.55 0 0
129 134 38 1143.76 0 0
129 131 38 1147.96 0 0
129 130 38 1152.16 0 0
131 131 39 1156.36 0 0
129 134 38 1160.59 0 0
130 129 38 1164.82 0 0
129 130 37 1169.07 0 0
124 130 38 1173.38 0 0
127 130 38 1177.82 0 0
127 127 38 1182.05 0 0
126 129 38 1186.26 0 0
127 128 38 1190.47 0 0
132 130 38 1194.7 0 0
127 128 38 1198.93 0 0
129 129 38 1203.14 0 0
130 128 38 1207.37 0 0
134 126 38 1211.58 0 0
128 129 38 1215.78 0 0
127 127 38 1220.02 0 0
127 127 38 1224.25 0 0
130 131 38 1228.66 0 0
126 129 38 1232.89 0 0
132 129 37 1237.11 0 0
127 127 38 1241.32 0 0
127 129 38 1245.52 0 0
127 130 38 1249.72 0 0
127 133 38 1253.94 0 0
126 123 38 1258.16 0 0
115 131 38 1262.38 0 0
105 137 37 1266.6 0 0
97 146 37 1270.8 0 0
86 161 37 1275 0 0
79 165 38 1279.21 0 0
78 168 37 1283.42 0 0
82 166 38 1287.63 0 0
84 166 38 1291.86 0 0
84 161 38 1296.09 0 0
83 161 37 1300.31 0 0
80 164 38 1304.51 0 0
81 165 38 1308.72 0 0
81 166 38 1312.92 0 0
80 166 37 1317.32 0 0
84 164 37 1321.77 0 0
80 167 38 1326.01 0 0
81 163 37 1330.21 0 0
83 164 38 1334.42 0 0
81 163 37 1338.62 0 0
82 165 37 1342.82 0 0
81 168 38 1347.03 0 0
81 165 37 1351.25 0 0
82 168 37 1355.49 0 0
83 166 37 1359.72 0 0
80 167 37 1363.93 0 0
83 167 37 1368.13 0 0
83 167 37 1372.34 0 0
80 167 37 1376.63 0 0
81 169 37 1380.84 0 0
81 165 37 1385.09 0 0
81 169 37 1389.31 0 0
82 168 37 1393.53 0 0
78 171 37 1397.74 0 0
81 167 37 1401.94 0 0
83 169 37 1406.14 0 0
77 170 37 1410.36 0 0
81 168 37 1414.58 0 0
85 168 37 1418.83 0 0
78 169 36 1423.05 0 0
82 166 37 1427.26 0 0
81 167 36 1431.47 0 0
77 168 36 1445.68 0 0
81 169 36 1449.92 0 0
68 186 35 1454.13 0 0
64 190 35 1458.33 0 0
68 191 35 1462.55 0 0
68 189 35 1466.75 0 0
70 188 34 1470.96 0 0
67 190 34 1475.17 0 0
67 192 35 1479.41 0 0
67 189 35 1483.61 0 0
69 189 34 1487.82 0 0
66 191 34 1492.03 0 0
66 190 34 1496.25 0 0
68 191 34 1500.6 0 0
66 193 34 1504.81 0 0
69 192 33 1509.03 0 0
66 194 34 1513.26 0 0
68 191 33 1517.47 0 0
66 192 33 1521.67 0 0
64 193 34 1525.87 0 0
67 195 33 1530.08 0 0
68 193 33 1534.3 0 0
69 192 33 1538.52 0 0
62 192 33 1542.74 0 0
64 192 33 1546.96 0 0
68 195 33 1551.18 0 0
68 195 32 1555.39 0 0
66 194 32 1559.59 0 0
67 192 32 1563.8 0 0
67 190 33 1568.01 0 0
67 194 32 1572.24 0 0
70 189 32 1576.46 0 0
63 195 32 1580.67 0 0
58 192 31 1584.88 0 0
55 185 31 1589.08 0 0
49 183 31 1593.28 0 0
48 182 30 1597.51 0 0
40 187 30 1601.73 0 0
40 190 30 1605.98 0 0
42 188 30 1610.2 0 0
44 184 30 1614.42 0 0
43 185 30 1618.66 0 0
42 189 29 1622.87 0 0
45 183 30 1627.1 0 0
43 180 30 1631.32 0 0
44 184 31 1635.55 0 0
40 192 30 1639.77 0 0
43 193 29 1643.98 0 0
45 183 30 1648.18 0 0
40 187 29 1652.38 0 0
41 189 30 1656.63 0 0
41 185 29 1660.83 0 0
46 184 29 1665.11 0 0
41 183 29 1669.33 0 0
47 179 29 1673.55 0 0
43 183 29 1677.75 0 0
43 185 30 1681.95 0 0
41 188 30 1686.15 0 0
43 183 30 1690.37 0 0
48 179 29 1694.58 0 0
41 182 30 1698.81 0 0
43 183 29 1703.03 0 0
43 185 30 1707.25 0 0
41 189 28 1711.46 0 0
42 185 30 1715.66 0 0
43 189 29 1719.87 0 0
40 187 29 1724.09 0 0
40 189 28 1728.33 0 0
41 188 29 1732.56 0 0
45 185 29 1736.77 0 0
44 184 29 1740.97 0 0
42 187 29 1745.17 0 0
41 185 29 1749.37 0 0
42 188 29 1753.62 0 0
44 184 29 1757.86 0 0
43 184 28 1762.12 0 0
43 168 29 1766.34 0 0
42 165 29 1770.54 0 0
43 155 30 1774.74 0 0
39 153 29 1778.94 0 0
43 137 29 1783.15 0 0
40 128 29 1787.36 0 0
33 120 30 1791.59 0 0
29 105 29 1795.81 0 0
24 94 29 1800.02 0 0
24 94 29 1804.23 0 0
24 94 30 1808.43 0 0
24 94 29 1812.63 0 0
24 94 30 1816.85 0 0
24 94 30 1821.09 0 0
24 94 29 1825.31 0 0
24 94 30 1829.53 0 0
24 94 29 1833.73 0 0
24 94 29 1837.93 0 0
24 94 29 1842.13 0 0
24 94 30 1846.35 0 0
24 94 30 1850.56 0 0
24 94 29 1854.78 0 0
24 94 30 1859 0 0
24 94 29 1863.21 0 0
24 94 30 1867.41 0 0
24 94 29 1871.62 0 0
24 94 30 1875.82 0 0
24 94 29 1880.03 0 0
24 94 29 1884.27 0 0
24 94 30 1888.49 0 0
24 94 30 1892.7 0 0
24 94 30 1896.9 0 0
24 94 29 1901.1 0 0
24 94 29 1905.3 0 0
24 94 30 1909.52 0 0
24 94 29 1913.73 0 0
24 94 29 1917.96 0 0
24 94 30 1922.17 0 0
24 94 29 1926.39 0 0
24 94 29 1930.6 0 0
24 94 29 1934.8 0 0
24 94 28 1939.02 0 0
24 94 29 1943.23 0 0
24 94 29 1947.46 0 0
24 94 29 1951.68 0 0
24 94 28 1955.89 0 0
24 94 28 1960.1 0 0
24 94 29 1964.3 0 0
24 94 29 1968.5 0 0
24 94 28 1972.72 0 0
24 94 28 1976.95 0 0
24 94 28 1981.18 0 0
24 94 28 1985.39 0 0
24 94 29 1989.59 0 0
24 94 29 1993.8 0 0
24 94 29 1998.01 0 0
24 94 29 2002.24 0 0
46 42 28 2082.29 0 0
57 38 29 2086.49 0 0
66 41 30 2090.68 0 0
79 44 29 2094.9 0 0
84 45 31 2099.11 0 0
87 48 30 2103.34 0 0
87 46 30 2107.56 0 0
85 45 30 2111.78 0 0
83 50 29 2115.99 0 0
87 46 30 2122.86 0 0
87 47 30 2127.1 0 0
87 46 29 2131.31 0 0
86 45 29 2135.53 0 0
86 46 30 2139.75 0 0
87 47 30 2143.96 0 0
86 49 30 2148.18 0 0
86 48 29 2152.38 0 0
88 46 30 2156.62 0 0
87 46 30 2160.84 0 0
88 47 30 2165.08 0 0
88 48 30 2169.35 0 0
87 49 29 2173.58 0 0
88 47 30 2177.79 0 0
88 45 30 2182 0 0
87 50 30 2186.2 0 0
88 49 29 2190.42 0 0
87 49 30 2194.64 0 0
86 48 30 2198.89 0 0
88 44 30 2203.12 0 0
88 44 29 2207.33 0 0
87 48 30 2211.55 0 0
87 45 30 2215.76 0 0
88 44 29 2219.97 0 0
88 45 30 2224.19 0 0
89 45 30 2231.02 0 0
91 53 30 2235.32 0 0
98 53 30 2239.52 0 0
113 52 31 2243.72 0 0
124 52 31 2247.93 0 0
130 60 31 2252.14 0 0
137 53 32 2256.37 0 0
146 57 31 2260.6 0 0
154 55 32 2264.81 0 0
164 53 32 2269.03 0 0
173 58 32 2273.23 0 0
178 62 33 2277.43 0 0
182 53 32 2281.7 0 0
184 56 32 2285.92 0 0
187 55 32 2290.16 0 0
185 55 31 2294.38 0 0
184 61 32 2298.6 0 0
180 60 33 2302.8 0 0
185 63 32 2307.02 0 0
185 65 32 2311.22 0 0
183 52 32 2315.45 0 0
183 56 32 2319.66 0 0
186 70 31 2326.67 0 0
182 58 33 2330.88 0 0
184 54 32 2335.15 0 0
183 57 32 2339.35 0 0
184 55 32 2343.55 0 0
182 58 33 2347.78 0 0
187 60 33 2352.01 0 0
182 53 32 2356.26 0 0
185 54 33 2360.5 0 0
186 55 32 2364.71 0 0
186 58 32 2368.91 0 0
182 53 32 2373.11 0 0
183 55 33 2377.34 0 0
184 57 32 2381.55 0 0
181 56 33 2385.79 0 0
186 59 32 2390.02 0 0
183 61 33 2394.23 0 0
183 60 32 2398.44 0 0
184 63 33 2402.65 0 0
183 55 33 2407.09 0 0
183 56 32 2411.3 0 0
183 56 32 2415.55 0 0
183 57 33 2422.23 0 0
184 51 34 2426.44 0 0
179 54 33 2430.65 0 0
183 52 33 2434.86 0 0
182 53 33 2439.07 0 0
182 53 34 2443.28 0 0
184 53 33 2447.55 0 0
182 52 33 2451.78 0 0
185 52 33 2456.01 0 0
181 56 34 2460.25 0 0
183 54 33 2464.45 0 0
183 56 34 2468.66 0 0
183 57 34 2472.89 0 0
183 52 34 2477.12 0 0
184 54 34 2481.35 0 0
183 54 34 2485.57 0 0
184 52 34 2489.78 0 0
183 56 34 2493.98 0 0
183 51 34 2498.18 0 0
184 57 34 2502.4 0 0
182 57 34 2506.61 0 0
182 52 34 2510.84 0 0
184 55 34 2515.06 0 0
194 55 35 2519.27 0 0
198 52 34 2523.47 0 0
209 62 35 2527.68 0 0
215 65 35 2531.93 0 0
216 66 34 2536.13 0 0
218 63 34 2540.38 0 0
221 67 35 2544.61 0 0
223 79 35 2548.84 0 0
222 68 34 2553.04 0 0
218 63 35 2557.24 0 0
223 72 34 2561.44 0 0
220 66 34 2565.66 0 0
223 68 35 2569.88 0 0
221 69 35 2574.1 0 0
219 66 34 2578.32 0 0
221 65 35 2582.54 0 0
221 63 35 2586.74 0 0
219 66 34 2590.94 0 0
221 61 35 2595.15 0 0
222 68 35 2599.37 0 0
220 67 35 2603.61 0 0
222 71 35 2607.85 0 0
221 67 36 2612.06 0 0
221 64 35 2616.27 0 0
221 66 35 2620.47 0 0
223 66 35 2624.68 0 0
223 63 35 2628.92 0 0
221 65 35 2633.25 0 0
222 65 35 2637.61 0 0
223 67 35 2641.83 0 0
224 67 35 2646.03 0 0
221 65 36 2650.23 0 0
221 66 36 2654.43 0 0
231 69 35 2658.65 0 0
231 69 36 2662.87 0 0
235 72 35 2667.1 0 0
234 72 35 2671.32 0 0
231 75 35 2675.52 0 0
229 68 36 2679.73 0 0
230 71 36 2683.94 0 0
233 71 36 2688.15 0 0
233 69 35 2692.36 0 0
233 76 35 2696.61 0 0
231 74 36 2700.83 0 0
233 75 36 2705.05 0 0
232 72 35 2709.26 0 0
233 76 36 2713.49 0 0
230 73 35 2717.7 0 0
229 74 36 2721.92 0 0
231 75 36 2726.13 0 0
233 74 36 2730.36 0 0
227 71 36 2734.58 0 0
234 74 35 2738.79 0 0
229 71 35 2743.01 0 0
218 66 36 2747.24 0 0
207 55 36 2751.46 0 0
196 58 37 2755.68 0 0
182 53 36 2759.91 0 0
174 51 36 2764.15 0 0
163 55 37 2768.36 0 0
152 46 36 2772.56 0 0
141 53 36 2776.78 0 0
130 54 36 2780.98 0 0
118 54 36 2785.2 0 0
110 52 36 2789.42 0 0
98 47 35 2793.64 0 0
88 43 35 2797.85 0 0
75 39 34 2802.06 0 0
68 39 34 2806.26 0 0
64 36 34 2810.46 0 0
65 35 34 2814.68 0 0
65 37 35 2818.95 0 0
68 35 35 2823.19 0 0
67 38 36 2827.44 0 0
67 39 34 2831.66 0 0
67 36 35 2835.87 0 0
66 37 34 2840.07 0 0
65 39 34 2844.31 0 0
66 38 35 2848.54 0 0
65 41 34 2852.79 0 0
66 37 35 2857.02 0 0
67 36 35 2861.25 0 0
65 41 34 2865.45 0 0
67 36 34 2869.67 0 0
66 36 34 2873.87 0 0
66 38 35 2878.1 0 0
66 37 35 2882.31 0 0
67 39 34 2886.55 0 0
66 38 34 2890.76 0 0
65 40 34 2894.96 0 0
66 38 33 2899.16 0 0
68 35 34 2903.37 0 0
66 41 35 2907.58 0 0
66 37 34 2911.79 0 0
66 40 34 2916.03 0 0
64 37 34 2920.26 0 0
55 39 34 2924.5 0 0
46 39 34 2928.71 0 0
46 39 33 2932.92 0 0
46 39 33 2937.12 0 0
46 39 33 2941.33 0 0
46 39 33 2945.57 0 0
38 63 33 2954.01 0 0
38 63 33 2958.21 0 0
38 63 33 2962.42 0 0
36 59 33 2987.72 0 0
34 66 33 3013.11 0 0
34 66 32 3017.32 0 0
34 67 33 3029.94 0 0
34 64 33 3038.39 0 0
34 65 33 3042.64 0 0
34 63 32 3093.31 0 0
33 66 33 3167.8 0 0
34 69 33 3205.9 0 0
34 67 34 3210.11 0 0
27 24 33 3248.31 0 0
33 69 34 3255.22 0 0
27 24 34 3259.49 0 0
36 67 34 3276.34 0 0
35 65 34 3280.55 0 0
34 64 34 3293.2 0 0
36 66 33 3301.62 0 0
26 25 34 3305.82 0 0
35 59 34 3380.48 0 0
35 60 34 3384.73 0 0
33 66 34 3393.19 0 0
32 63 34 3427.15 0 0
32 65 34 3450.6 0 0
30 62 34 3467.85 0 0
27 70 34 3472.08 0 0
26 100 35 3488.99 0 0
34 118 34 3493.19 0 0
39 127 35 3497.41 0 0
44 144 34 3501.71 0 0
40 159 35 3505.99 0 0
39 166 34 3510.26 0 0
38 171 34 3514.49 0 0
35 176 35 3518.71 0 0
37 176 34 3522.91 0 0
38 176 35 3527.11 0 0
39 172 35 3531.31 0 0
37 174 35 3535.53 0 0
39 173 35 3542.67 0 0
36 175 35 3546.92 0 0
38 174 34 3551.13 0 0
40 177 34 3555.39 0 0
38 173 34 3559.6 0 0
39 176 35 3563.81 0 0
39 176 35 3568.03 0 0
36 175 35 3572.27 0 0
37 177 34 3576.5 0 0
35 175 34 3580.73 0 0
36 175 34 3584.93 0 0
40 175 35 3589.13 0 0
39 173 35 3593.34 0 0
39 173 35 3597.58 0 0
38 174 35 3601.79 0 0
38 172 34 3606.71 0 0
37 173 34 3610.96 0 0
37 174 35 3617.35 0 0
35 176 34 3621.65 0 0
40 172 35 3625.89 0 0
39 174 34 3630.16 0 0
40 171 35 3634.39 0 0
38 172 34 3638.63 0 0
38 171 35 3642.84 0 0
39 174 35 3647.04 0 0
36 175 34 3651.25 0 0
38 173 35 3655.45 0 0
38 173 35 3659.66 0 0
38 174 35 3663.88 0 0
42 172 35 3668.1 0 0
39 175 35 3672.32 0 0
39 175 35 3676.52 0 0
38 174 35 3680.73 0 0
40 173 36 3684.94 0 0
38 174 34 3689.15 0 0
39 173 35 3693.37 0 0
41 174 36 3697.62 0 0
39 175 35 3701.85 0 0
38 174 35 3706.07 0 0
38 172 35 3710.3 0 0
38 172 35 3714.5 0 0
39 176 34 3719.1 0 0
39 173 35 3723.33 0 0
37 176 35 3727.7 0 0
39 174 35 3731.94 0 0
37 174 34 3736.16 0 0
37 175 35 3740.37 0 0
38 172 35 3744.57 0 0
39 175 34 3748.77 0 0
37 172 35 3752.99 0 0
37 174 35 3757.2 0 0
40 174 35 3762 0 0
38 175 35 3766.21 0 0
38 177 35 3770.41 0 0
40 172 35 3774.61 0 0
36 175 35 3778.82 0 0
39 173 35 3783.04 0 0
35 175 35 3787.27 0 0
39 174 35 3791.5 0 0
40 177 35 3795.72 0 0
35 175 35 3799.95 0 0
40 174 35 3804.15 0 0
40 175 35 3808.35 0 0
38 174 35 3812.56 0 0
39 177 35 3816.89 0 0
41 173 35 3821.32 0 0
41 171 35 3825.56 0 0
36 173 34 3829.77 0 0
40 172 35 3833.97 0 0
39 172 35 3838.17 0 0
38 172 35 3842.38 0 0
41 172 35 3846.59 0 0
39 170 35 3850.81 0 0
45 175 36 3855.03 0 0
52 171 35 3859.25 0 0
65 162 36 3863.46 0 0
75 151 37 3867.66 0 0
87 149 37 3871.88 0 0
100 136 37 3876.08 0 0
109 133 37 3880.29 0 0
118 127 36 3884.53 0 0
118 127 38 3888.75 0 0
139 117 37 3892.97 0 0
143 113 36 3897.17 0 0
154 109 37 3901.38 0 0
162 109 37 3905.58 0 0
170 105 37 3909.79 0 0
174 112 38 3914.01 0 0
185 119 38 3918.25 0 0
190 115 37 3922.47 0 0
186 114 38 3926.67 0 0
183 115 38 3930.9 0 0
186 115 38 3935.1 0 0
184 113 37 3939.32 0 0
191 113 37 3943.54 0 0
188 118 37 3947.77 0 0
188 112 37 3952 0 0
188 115 37 3956.2 0 0
193 118 37 3960.41 0 0
189 115 37 3964.61 0 0
187 114 37 3968.81 0 0
187 115 37 3973.05 0 0
189 115 37 3977.28 0 0
187 117 37 3981.52 0 0
186 113 37 3985.73 0 0
190 119 37 3989.93 0 0
188 117 37 3994.13 0 0
188 120 37 3998.33 0 0
190 118 36 4002.56 0 0
188 116 37 4006.85 0 0
186 121 38 4011.11 0 0
186 119 37 4015.32 0 0
191 115 37 4019.55 0 0
187 114 37 4023.75 0 0
187 118 37 4027.95 0 0
191 121 36 4032.16 0 0
188 114 37 4036.37 0 0
190 113 37 4040.62 0 0
190 116 36 4044.84 0 0
186 114 36 4049.06 0 0
189 109 37 4053.27 0 0
194 116 37 4057.48 0 0
189 112 36 4061.68 0 0
190 114 36 4065.9 0 0
190 114 36 4070.11 0 0
188 119 37 4075 0 0
189 115 36 4079.23 0 0
188 116 36 4083.44 0 0
187 118 37 4087.64 0 0
190 116 36 4091.84 0 0
189 116 36 4096.07 0 0
188 119 36 4100.28 0 0
190 120 36 4104.53 0 0
191 114 35 4108.76 0 0
190 117 36 4112.96 0 0
187 117 35 4117.21 0 0
191 121 35 4121.42 0 0
190 122 35 4125.64 0 0
191 126 36 4129.86 0 0
184 135 36 4134.11 0 0
180 145 35 4138.34 0 0
173 158 35 4142.56 0 0
173 161 35 4146.76 0 0
169 165 35 4150.96 0 0
170 172 35 4155.16 0 0
174 179 35 4159.4 0 0
172 180 34 4163.61 0 0
175 176 34 4167.85 0 0
174 183 34 4172.07 0 0
171 179 34 4176.29 0 0
171 178 34 4180.5 0 0
174 181 33 4184.7 0 0
173 182 34 4188.91 0 0
178 192 34 4193.14 0 0
172 178 34 4197.38 0 0
173 181 34 4201.59 0 0
170 179 34 4205.82 0 0
175 189 33 4210.03 0 0
173 186 33 4214.23 0 0
174 185 33 4218.43 0 0
172 185 33 4222.65 0 0
171 185 34 4226.87 0 0
175 183 33 4231.1 0 0
170 184 34 4235.33 0 0
175 190 33 4239.53 0 0
175 188 33 4243.73 0 0
175 187 33 4247.94 0 0
172 188 33 4252.17 0 0
173 184 33 4256.39 0 0
174 192 33 4260.62 0 0
175 190 33 4264.84 0 0
173 185 33 4269.06 0 0
173 186 33 4273.27 0 0
174 194 33 4277.64 0 0
178 209 33 4281.88 0 0
178 193 32 4286.09 0 0
176 195 31 4290.32 0 0
176 179 33 4294.56 0 0
175 192 32 4298.78 0 0
182 195 32 4302.98 0 0
179 193 33 4307.19 0 0
178 223 31 4311.39 0 0
178 223 0 4315.61 0 0
147 216 33 4319.82 0 0
141 217 33 4324.53 0 0
131 188 34 4328.73 0 0
122 180 33 4332.93 0 0
113 188 33 4337.13 0 0
108 184 33 4341.34 0 0
108 187 33 4345.55 0 0
108 189 33 4349.76 0 0
111 184 34 4354.02 0 0
110 182 33 4358.27 0 0
110 187 34 4362.48 0 0
106 188 34 4366.68 0 0
109 185 33 4370.89 0 0
108 186 34 4375.09 0 0
108 187 34 4379.41 0 0
108 186 34 4383.65 0 0
110 189 33 4387.89 0 0
108 185 34 4392.1 0 0
108 183 34 4396.3 0 0
107 182 33 4400.5 0 0
109 187 33 4404.71 0 0
110 186 33 4408.93 0 0
105 186 34 4413.18 0 0
105 185 34 4417.41 0 0
110 186 33 4421.63 0 0
104 187 34 4425.9 0 0
109 185 34 4430.14 0 0
108 183 33 4434.34 0 0
107 183 34 4438.56 0 0
106 190 34 4442.77 0 0
106 180 34 4447.01 0 0
108 185 33 4451.24 0 0
107 188 33 4455.46 0 0
106 185 34 4459.67 0 0
106 189 34 4463.88 0 0
108 189 33 4468.07 0 0
109 193 33 4472.3 0 0
107 185 34 4476.52 0 0
109 187 33 4480.74 0 0
109 189 34 4484.98 0 0
106 185 34 4489.29 0 0
106 187 34 4493.5 0 0
106 185 34 4497.72 0 0
104 186 34 4501.94 0 0
96 196 34 4506.15 0 0
91 196 34 4510.38 0 0
82 197 34 4514.6 0 0
79 201 34 4518.82 0 0
79 198 33 4523.02 0 0
81 203 33 4527.22 0 0
80 205 33 4531.42 0 0
79 202 34 4535.64 0 0
82 197 34 4539.86 0 0
80 204 34 4544.11 0 0
83 200 33 4548.37 0 0
80 201 33 4552.58 0 0
80 197 34 4556.78 0 0
79 201 34 4560.98 0 0
77 202 33 4565.27 0 0
80 201 33 4569.48 0 0
80 203 34 4573.72 0 0
79 200 33 4577.94 0 0
79 204 33 4582.16 0 0
79 202 33 4586.36 0 0
78 200 34 4590.57 0 0
81 203 33 4594.79 0 0
79 205 33 4599.08 0 0
79 202 33 4603.32 0 0
78 203 33 4607.56 0 0
82 201 33 4611.78 0 0
80 201 33 4616 0 0
80 202 33 4620.2 0 0
79 204 33 4624.41 0 0
77 203 34 4628.64 0 0
80 201 33 4632.97 0 0
78 203 33 4637.21 0 0
78 200 33 4641.42 0 0
78 206 33 4645.62 0 0
80 199 33 4649.82 0 0
80 202 33 4654.02 0 0
80 203 33 4658.25 0 0
78 202 34 4662.47 0 0
76 205 33 4666.73 0 0
80 205 33 4670.96 0 0
77 204 33 4675.19 0 0
78 202 33 4679.44 0 0
80 204 34 4683.66 0 0
77 203 33 4687.87 0 0
77 204 33 4692.08 0 0
82 206 33 4696.32 0 0
81 201 33 4700.55 0 0
82 199 34 4704.76 0 0
94 191 34 4708.97 0 0
101 185 34 4713.18 0 0
115 174 34 4717.38 0 0
125 166 34 4721.6 0 0
143 148 32 4725.81 0 0
151 134 33 4730.05 0 0
172 108 33 4734.27 0 0
182 109 34 4741.03 0 0
187 102 34 4745.26 0 0
196 97 34 4749.49 0 0
203 95 34 4753.76 0 0
214 93 34 4758.17 0 0
210 92 34 4762.41 0 0
214 89 34 4766.62 0 0
218 90 35 4770.82 0 0
218 90 34 4775.02 0 0
218 90 34 4779.23 0 0
221 89 34 4783.45 0 0
220 85 35 4787.66 0 0
217 88 34 4791.9 0 0
222 90 35 4796.12 0 0
222 90 35 4800.35 0 0
222 90 35 4804.55 0 0
222 90 34 4808.75 0 0
222 90 35 4812.99 0 0
222 90 34 4817.25 0 0
222 90 35 4821.51 0 0
222 90 35 4828.21 0 0
222 90 35 4832.45 0 0
222 90 34 4836.69 0 0
222 90 34 4840.92 0 0
222 90 35 4845.13 0 0
222 90 34 4849.35 0 0
222 90 34 4853.58 0 0
222 90 34 4857.82 0 0
222 90 34 4862.03 0 0
222 90 35 4866.23 0 0
222 90 35 4870.43 0 0
222 90 34 4874.65 0 0
222 90 34 4878.85 0 0
222 90 35 4883.08 0 0
222 90 34 4887.3 0 0
222 90 34 4891.52 0 0
222 90 35 4895.72 0 0
222 90 34 4899.92 0 0
222 90 35 4904.12 0 0
222 90 34 4908.34 0 0
218 88 33 4912.57 0 0
227 81 34 4916.8 0 0
226 84 34 4921.02 0 0
227 81 34 4925.23 0 0
227 84 34 4929.43 0 0
230 77 35 4933.64 0 0
228 76 34 4937.91 0 0
227 78 34 4942.13 0 0
224 77 35 4946.38 0 0
226 78 34 4950.6 0 0
225 77 35 4957.33 0 0
227 81 34 4961.57 0 0
226 81 34 4965.8 0 0
228 80 34 4970.05 0 0
228 81 35 4974.26 0 0
229 78 34 4978.5 0 0
224 79 34 4982.71 0 0
229 81 34 4986.97 0 0
230 80 34 4991.2 0 0
224 75 34 4995.41 0 0
228 81 34 4999.62 0 0
228 78 34 5003.84 0 0
225 78 34 5008.05 0 0
227 78 34 5012.62 0 0
229 80 35 5016.83 0 0
225 76 34 5021.04 0 0
225 76 0 5025.24 0 0
226 77 34 5029.44 0 0
225 75 34 5033.67 0 0
224 74 34 5037.88 0 0
230 80 34 5044.74 0 0
229 77 33 5049 0 0
229 72 34 5053.23 0 0
224 76 34 5057.43 0 0
229 78 34 5061.63 0 0
229 82 34 5065.93 0 0
227 75 34 5070.21 0 0
219 71 34 5074.51 0 0
217 65 34 5078.72 0 0
215 57 35 5082.93 0 0
209 59 35 5087.13 0 0
202 47 34 5091.34 0 0
199 49 35 5095.55 0 0
196 50 34 5099.76 0 0
196 50 0 5104 0 0
193 47 35 5108.23 0 0
195 49 35 5112.45 0 0
195 49 35 5116.65 0 0
196 52 34 5120.85 0 0
197 53 34 5125.06 0 0
194 49 34 5129.28 0 0
196 50 34 5133.52 0 0
193 48 35 5140.62 0 0
193 49 34 5144.85 0 0
193 49 0 5149.05 0 0
196 47 35 5153.31 0 0
195 49 34 5157.52 0 0
194 47 34 5161.73 0 0
195 47 34 5165.98 0 0
195 48 34 5170.2 0 0
197 50 35 5174.41 0 0
194 50 34 5178.62 0 0
196 49 35 5182.82 0 0
197 49 34 5187.02 0 0
194 46 35 5191.24 0 0
196 49 34 5195.46 0 0
194 50 35 5200.14 0 0
192 49 35 5204.35 0 0
194 49 34 5208.57 0 0
194 49 34 5212.79 0 0
194 48 34 5219.32 0 0
196 49 34 5223.54 0 0
194 46 35 5227.78 0 0
194 45 34 5232.04 0 0
194 50 35 5236.32 0 0
194 46 34 5240.59 0 0
195 50 35 5244.8 0 0
196 53 34 5249 0 0
195 48 35 5253.22 0 0
188 44 35 5257.43 0 0
181 45 35 5261.76 0 0
181 42 34 5266.01 0 0
180 47 35 5270.22 0 0
183 48 35 5274.42 0 0
182 42 35 5278.62 0 0
182 48 35 5282.84 0 0
184 46 35 5287.05 0 0
185 49 35 5291.29 0 0
185 47 35 5295.52 0 0
181 49 35 5299.73 0 0
184 46 35 5303.94 0 0
180 47 35 5308.14 0 0
179 46 35 5312.34 0 0
182 49 35 5316.56 0 0
180 48 35 5320.79 0 0
180 45 35 5325.01 0 0
181 45 35 5329.23 0 0
181 45 35 5333.43 0 0
183 45 35 5337.63 0 0
182 49 35 5341.85 0 0
178 43 35 5346.07 0 0
171 45 35 5350.28 0 0
161 43 36 5354.52 0 0
146 47 35 5358.74 0 0
137 50 35 5362.95 0 0
123 54 34 5367.15 0 0
115 53 34 5371.37 0 0
111 45 34 5375.58 0 0
100 46 34 5379.83 0 0
99 47 33 5384.1 0 0
100 46 34 5388.34 0 0
102 45 34 5392.55 0 0
100 48 35 5396.75 0 0
102 46 34 5400.95 0 0
102 46 34 5405.15 0 0
102 49 34 5409.37 0 0
100 45 34 5413.58 0 0
102 46 34 5417.8 0 0
102 45 33 5422.02 0 0
101 44 35 5426.23 0 0
101 47 34 5430.43 0 0
102 45 34 5434.63 0 0
101 46 34 5442.63 0 0
100 46 34 5446.93 0 0
102 47 34 5451.17 0 0
101 46 35 5455.38 0 0
101 48 34 5459.59 0 0
101 46 34 5463.79 0 0
101 46 34 5467.99 0 0
100 46 34 5472.21 0 0
99 45 34 5476.5 0 0
99 48 34 5481.22 0 0
100 47 34 5485.43 0 0
103 46 35 5489.65 0 0
100 46 35 5493.85 0 0
99 45 34 5498.05 0 0
102 45 35 5502.27 0 0
98 46 34 5506.49 0 0
99 47 35 5510.72 0 0
99 46 35 5514.94 0 0
90 41 35 5519.15 0 0
84 32 35 5523.36 0 0
77 27 34 5527.89 0 0
70 29 34 5532.1 0 0
69 30 34 5536.31 0 0
71 28 34 5540.55 0 0
73 27 33 5544.79 0 0
72 29 34 5549.01 0 0
75 26 34 5553.23 0 0
72 29 35 5557.43 0 0
73 27 34 5561.63 0 0
73 27 34 5565.84 0 0
68 28 34 5570.06 0 0
70 30 34 5574.3 0 0
71 29 34 5578.52 0 0
72 27 34 5582.75 0 0
71 30 34 5586.95 0 0
70 29 34 5591.16 0 0
70 30 34 5595.37 0 0
72 27 34 5599.58 0 0
72 28 35 5603.82 0 0
69 30 34 5608.05 0 0
73 28 34 5612.27 0 0
73 28 34 5616.47 0 0
71 29 35 5620.67 0 0
71 30 35 5624.87 0 0
72 30 35 5629.1 0 0
71 31 34 5633.33 0 0
73 28 34 5637.55 0 0
71 29 34 5641.77 0 0
71 31 35 5645.98 0 0
70 31 35 5653.05 0 0
72 32 35 5657.27 0 0
72 30 35 5661.48 0 0
70 28 35 5665.73 0 0
71 31 34 5669.95 0 0
70 29 35 5674.17 0 0
70 28 35 5678.37 0 0
71 30 35 5682.58 0 0
71 30 35 5686.78 0 0
70 31 35 5691.09 0 0
70 32 35 5695.41 0 0
76 37 35 5699.64 0 0
78 53 35 5703.85 0 0
80 71 34 5708.07 0 0
76 93 34 5712.27 0 0
79 108 34 5716.48 0 0
79 122 35 5720.71 0 0
78 129 35 5724.93 0 0
78 129 35 5729.17 0 0
77 150 35 5734.72 0 0
74 158 35 5738.93 0 0
76 165 35 5743.13 0 0
75 171 35 5747.33 0 0
73 175 36 5751.55 0 0
74 173 36 5755.76 0 0
72 174 36 5760 0 0
72 172 35 5764.22 0 0
72 170 36 5768.44 0 0
74 173 35 5772.64 0 0
73 172 35 5776.84 0 0
72 170 36 5781.04 0 0
71 173 36 5785.27 0 0
71 176 36 5789.49 0 0
72 175 35 5793.71 0 0
75 174 36 5797.95 0 0
71 173 35 5802.16 0 0
72 175 36 5806.38 0 0
74 174 35 5810.57 0 0
72 172 36 5814.79 0 0
72 174 36 5819.01 0 0
72 174 35 5823.24 0 0
72 174 35 5827.47 0 0
72 173 36 5831.68 0 0
73 172 36 5835.88 0 0
73 173 35 5840.41 0 0
74 175 35 5844.65 0 0
73 173 36 5848.88 0 0
67 175 36 5853.12 0 0
73 173 36 5857.38 0 0
77 173 35 5861.59 0 0
73 173 36 5865.79 0 0
72 174 35 5869.99 0 0
77 174 36 5874.19 0 0
74 173 35 5878.41 0 0
72 177 36 5882.63 0 0
71 175 36 5886.85 0 0
69 179 36 5891.07 0 0
74 174 36 5895.28 0 0
73 172 36 5899.48 0 0
70 177 36 5903.68 0 0
73 174 36 5907.92 0 0
73 177 36 5912.2 0 0
74 176 36 5916.46 0 0
73 181 36 5920.68 0 0
71 172 36 5925.15 0 0
73 175 36 5931.8 0 0
73 173 36 5936 0 0
74 173 36 5940.21 0 0
73 175 35 5944.44 0 0
71 178 35 5948.67 0 0
73 173 36 5952.89 0 0
73 176 36 5957.09 0 0
75 175 36 5961.29 0 0
73 178 35 5965.49 0 0
72 177 36 5969.7 0 0
76 171 36 5973.92 0 0
73 172 36 5978.17 0 0
73 172 36 5982.41 0 0
73 173 36 5986.75 0 0
73 175 36 5990.96 0 0
73 173 36 5995.17 0 0
75 172 36 5999.37 0 0
74 176 37 6003.57 0 0
72 171 36 6007.79 0 0
74 172 36 6012.03 0 0
