118 102 47 43034.4 0 0
119 104 47 43038.6 0 0
118 101 47 43042.9 0 0
118 107 47 43047.1 0 0
119 107 47 43051.3 0 0
118 103 47 43055.5 0 0
119 105 47 43059.7 0 0
121 106 47 43064 0 0
117 105 47 43068.2 0 0
121 106 47 43072.4 0 0
119 104 47 43076.6 0 0
118 104 47 43080.9 0 0
120 105 47 43085.1 0 0
118 105 47 43089.3 0 0
116 109 48 43093.5 0 0
118 105 47 43098 0 0
119 109 48 43102.2 0 0
120 102 47 43106.4 0 0
119 104 47 43110.6 0 0
120 103 47 43114.8 0 0
118 106 47 43119.1 0 0
116 102 47 43123.3 0 0
119 104 47 43127.5 0 0
120 106 47 43131.8 0 0
120 107 48 43136 0 0
118 104 47 43140.2 0 0
119 106 47 43144.6 0 0
118 104 47 43148.8 0 0
121 104 47 43153.1 0 0
120 109 48 43157.3 0 0
118 105 47 43161.5 0 0
119 102 47 43165.8 0 0
119 104 47 43170 0 0
121 105 47 43174.2 0 0
119 105 47 43178.4 0 0
119 105 47 43182.6 0 0
119 104 47 43186.8 0 0
120 102 47 43191.1 0 0
120 103 47 43195.2 0 0
119 104 47 43199.5 0 0
118 103 47 43203.7 0 0
120 109 48 43207.9 0 0
121 104 47 43212.1 0 0
120 107 47 43216.3 0 0
121 104 47 43220.6 0 0
121 104 47 43224.8 0 0
120 106 47 43229 0 0
120 108 48 43233.2 0 0
120 103 47 43237.4 0 0
119 106 47 43241.6 0 0
120 103 47 43245.8 0 0
118 109 48 43250.1 0 0
119 104 47 43254.3 0 0
120 110 48 43258.6 0 0
119 110 48 43262.8 0 0
121 114 48 43267 0 0
118 108 47 43271.2 0 0
121 108 47 43275.4 0 0
123 106 47 43279.6 0 0
119 112 48 43283.8 0 0
119 116 48 43288.1 0 0
122 110 47 43292.3 0 0
119 112 48 43296.5 0 0
121 109 47 43300.7 0 0
118 107 47 43304.9 0 0
119 105 47 43309.1 0 0
121 114 48 43313.4 0 0
119 106 47 43317.6 0 0
119 110 48 43321.8 0 0
120 105 47 43326 0 0
122 106 47 43330.2 0 0
121 106 47 43334.4 0 0
118 111 48 43338.6 0 0
121 111 48 43342.8 0 0
122 106 47 43347.1 0 0
119 106 47 43351.3 0 0
121 110 48 43355.5 0 0
122 110 48 43359.7 0 0
121 108 48 43364 0 0
120 109 48 43368.3 0 0
121 109 48 43372.5 0 0
121 112 48 43376.7 0 0
120 108 47 43380.9 0 0
122 106 47 43385.2 0 0
119 105 47 43389.4 0 0
121 109 48 43393.6 0 0
121 114 48 43397.8 0 0
123 113 48 43402 0 0
121 112 48 43406.2 0 0
122 112 48 43410.4 0 0
120 112 48 43414.7 0 0
121 109 47 43418.9 0 0
120 110 48 43423.1 0 0
120 112 48 43427.3 0 0
121 113 48 43431.5 0 0
119 106 47 43435.7 0 0
123 111 47 43440 0 0
122 107 47 43444.2 0 0
119 111 48 43448.4 0 0
122 114 48 43452.6 0 0
121 113 48 43456.8 0 0
120 104 47 43461 0 0
120 106 47 43465.2 0 0
119 112 48 43469.5 0 0
120 112 48 43473.7 0 0
121 112 48 43477.9 0 0
121 105 47 43482.1 0 0
121 104 47 43486.3 0 0
119 115 48 43490.6 0 0
120 110 47 43494.8 0 0
121 110 47 43499 0 0
121 115 48 43503.2 0 0
121 110 47 43507.4 0 0
119 110 47 43511.7 0 0
119 109 48 43515.9 0 0
122 110 48 43520.1 0 0
119 107 47 43524.3 0 0
121 110 47 43528.5 0 0
119 109 47 43532.7 0 0
120 109 47 43537 0 0
122 110 47 43541.4 0 0
120 109 47 43545.6 0 0
120 110 47 43549.8 0 0
119 110 47 43554 0 0
119 110 47 43558.2 0 0
120 109 47 43562.5 0 0
120 110 47 43567.1 0 0
122 109 47 43571.3 0 0
119 109 47 43575.5 0 0
119 108 47 43579.7 0 0
121 110 47 43583.9 0 0
121 112 47 43588.1 0 0
121 106 47 43592.3 0 0
120 111 47 43596.6 0 0
118 114 47 43600.8 0 0
120 120 46 43605 0 0
120 124 46 43609.2 0 0
120 133 46 43613.7 0 0
123 149 46 43617.9 0 0
124 153 47 43622.1 0 0
124 151 46 43626.4 0 0
123 157 46 43630.6 0 0
124 152 46 43634.8 0 0
121 152 46 43639 0 0
124 152 46 43643.2 0 0
124 154 46 43647.4 0 0
125 154 46 43651.6 0 0
123 153 46 43655.9 0 0
123 150 46 43660.3 0 0
123 154 46 43664.5 0 0
121 154 46 43668.7 0 0
124 157 46 43672.9 0 0
123 152 46 43677.1 0 0
126 151 46 43681.4 0 0
121 152 46 43685.6 0 0
123 152 47 43689.8 0 0
126 157 46 43694 0 0
121 155 46 43698.2 0 0
122 154 46 43702.5 0 0
125 156 46 43706.7 0 0
123 156 46 43710.9 0 0
123 154 46 43715.1 0 0
125 155 46 43719.4 0 0
122 156 46 43723.6 0 0
124 150 46 43727.8 0 0
120 155 46 43732 0 0
122 154 46 43736.2 0 0
123 155 46 43740.4 0 0
125 155 46 43744.7 0 0
123 152 46 43748.9 0 0
122 155 46 43753.1 0 0
122 154 46 43757.3 0 0
126 157 46 43761.5 0 0
121 158 46 43765.7 0 0
125 157 46 43769.9 0 0
122 157 46 43774.2 0 0
125 161 46 43778.4 0 0
123 158 47 43782.7 0 0
126 164 46 43786.9 0 0
124 159 46 43791.6 0 0
124 160 46 43795.8 0 0
124 161 46 43800 0 0
124 160 46 43804.2 0 0
123 154 46 43808.5 0 0
124 164 46 43812.7 0 0
122 156 46 43816.9 0 0
120 156 46 43821.1 0 0
123 152 46 43825.3 0 0
122 156 47 43829.5 0 0
121 156 46 43833.7 0 0
121 156 46 43838 0 0
124 157 46 43842.2 0 0
123 159 46 43846.4 0 0
122 155 46 43850.6 0 0
122 155 46 43854.9 0 0
123 155 46 43859.1 0 0
121 154 46 43863.4 0 0
123 154 46 43867.7 0 0
124 156 46 43871.9 0 0
124 153 46 43876.1 0 0
123 159 46 43880.3 0 0
121 155 46 43884.6 0 0
126 155 46 43888.8 0 0
122 157 46 43893 0 0
122 156 46 43897.2 0 0
126 161 46 43904.3 0 0
123 162 46 43908.6 0 0
122 164 46 43912.8 0 0
124 164 46 43917.2 0 0
121 161 46 43921.4 0 0
124 157 46 43925.9 0 0
121 156 46 43930.1 0 0
122 155 46 43934.3 0 0
121 164 46 43938.5 0 0
122 156 46 43942.8 0 0
123 152 46 43947 0 0
123 159 46 43951.2 0 0
123 164 46 43955.4 0 0
123 160 46 43959.6 0 0
121 158 46 43963.8 0 0
122 160 46 43968 0 0
123 165 46 43972.2 0 0
123 156 46 43976.5 0 0
119 159 46 43983.2 0 0
119 163 46 43987.4 0 0
125 165 46 43991.7 0 0
123 158 46 43995.9 0 0
122 157 46 44000.1 0 0
121 159 46 44004.3 0 0
122 162 46 44008.6 0 0
123 162 46 44012.8 0 0
120 161 46 44017 0 0
122 161 46 44021.2 0 0
123 160 46 44025.4 0 0
121 159 46 44029.6 0 0
122 156 46 44033.8 0 0
121 154 46 44038.1 0 0
124 160 46 44042.3 0 0
123 161 46 44046.5 0 0
121 159 46 44050.7 0 0
121 164 46 44055 0 0
123 156 46 44059.2 0 0
121 156 46 44063.4 0 0
123 154 46 44067.7 0 0
121 156 46 44071.9 0 0
122 158 46 44076.1 0 0
120 161 46 44080.3 0 0
121 166 46 44084.5 0 0
120 165 46 44091.6 0 0
119 166 46 44099.9 0 0
120 160 46 44108.3 0 0
118 159 46 44116.6 0 0
118 159 46 44124.8 0 0
119 160 46 44132.9 0 0
120 161 46 44137.2 0 0
119 163 46 44141.5 0 0
117 164 46 44145.7 0 0
116 157 46 44150 0 0
121 163 46 44154.2 0 0
118 162 46 44158.4 0 0
119 159 46 44162.6 0 0
120 160 46 44166.9 0 0
121 159 46 44171.1 0 0
120 160 46 44175.3 0 0
121 166 46 44179.5 0 0
116 159 46 44183.7 0 0
121 162 46 44188 0 0
121 168 46 44192.2 0 0
118 164 46 44196.4 0 0
122 161 46 44200.7 0 0
118 159 46 44204.9 0 0
118 166 46 44209.1 0 0
120 160 46 44213.3 0 0
119 161 46 44217.5 0 0
120 162 46 44221.7 0 0
122 168 46 44225.9 0 0
120 171 46 44230.2 0 0
119 167 46 44234.4 0 0
119 164 46 44238.6 0 0
118 164 45 44245.7 0 0
119 167 46 44249.9 0 0
120 167 46 44254.1 0 0
118 164 46 44258.4 0 0
120 164 46 44262.6 0 0
118 163 46 44266.8 0 0
119 163 46 44271 0 0
118 164 46 44275.2 0 0
121 165 46 44279.4 0 0
119 164 46 44283.6 0 0
119 166 46 44287.9 0 0
120 164 46 44292.1 0 0
121 162 46 44296.3 0 0
119 164 46 44300.5 0 0
117 166 46 44304.7 0 0
119 165 46 44308.9 0 0
120 169 46 44313.1 0 0
120 165 46 44317.4 0 0
119 166 46 44321.6 0 0
119 166 46 44325.8 0 0
121 165 46 44330 0 0
117 165 46 44334.2 0 0
121 166 46 44338.4 0 0
123 165 46 44342.6 0 0
120 167 46 44346.8 0 0
118 165 46 44351 0 0
120 164 46 44355.5 0 0
119 164 46 44362.1 0 0
119 166 46 44366.3 0 0
118 167 46 44370.6 0 0
120 164 46 44374.8 0 0
119 170 46 44379 0 0
121 166 46 44383.2 0 0
119 164 45 44387.4 0 0
119 165 46 44391.6 0 0
119 166 45 44395.8 0 0
118 163 46 44400.1 0 0
120 163 46 44404.3 0 0
118 163 46 44408.5 0 0
118 165 46 44412.8 0 0
118 165 45 44417 0 0
118 167 45 44421.2 0 0
118 165 46 44425.4 0 0
121 162 45 44429.6 0 0
120 166 46 44433.8 0 0
118 165 46 44438.1 0 0
121 168 46 44442.3 0 0
116 166 46 44446.5 0 0
120 165 46 44450.7 0 0
118 167 46 44454.9 0 0
119 165 45 44459.1 0 0
119 164 46 44463.3 0 0
118 168 46 44467.6 0 0
120 167 45 44475.2 0 0
120 166 46 44479.4 0 0
120 166 46 44483.6 0 0
119 168 46 44487.8 0 0
119 166 46 44492.1 0 0
119 164 46 44496.3 0 0
119 167 46 44500.5 0 0
120 166 45 44504.8 0 0
120 166 46 44509 0 0
118 167 46 44513.2 0 0
121 164 46 44517.4 0 0
120 166 46 44521.6 0 0
117 165 46 44528.7 0 0
120 165 45 44536.9 0 0
115 163 46 44545.4 0 0
117 164 46 44553.6 0 0
116 161 45 44561.9 0 0
121 164 45 44570.3 0 0
121 164 45 44578.6 0 0
121 167 45 44586.1 0 0
117 165 46 44590.3 0 0
121 169 45 44595.4 0 0
119 168 45 44599.6 0 0
119 166 45 44603.9 0 0
120 165 45 44608.1 0 0
117 165 45 44612.3 0 0
118 165 45 44616.5 0 0
119 167 46 44620.8 0 0
119 166 45 44625 0 0
117 166 46 44629.7 0 0
120 166 46 44633.9 0 0
120 168 46 44638.1 0 0
118 164 46 44642.3 0 0
121 164 45 44646.5 0 0
119 166 46 44650.8 0 0
121 169 45 44655 0 0
124 160 46 44661.8 0 0
123 156 45 44666.1 0 0
133 142 46 44670.3 0 0
138 125 46 44674.5 0 0
142 112 46 44678.7 0 0
144 105 46 44682.9 0 0
147 98 45 44687.1 0 0
151 87 46 44691.4 0 0
153 80 45 44695.6 0 0
158 72 45 44699.8 0 0
157 64 46 44704 0 0
158 63 45 44708.2 0 0
160 56 45 44712.4 0 0
164 53 45 44716.6 0 0
164 50 46 44720.9 0 0
165 48 46 44725.1 0 0
167 47 45 44729.3 0 0
162 48 45 44733.5 0 0
163 48 45 44737.7 0 0
161 50 46 44741.9 0 0
162 48 45 44746.1 0 0
164 47 45 44750.4 0 0
161 48 46 44754.6 0 0
162 48 46 44758.8 0 0
161 50 45 44763 0 0
161 50 45 44767.2 0 0
162 52 45 44773.6 0 0
162 51 45 44777.8 0 0
164 52 45 44782.7 0 0
164 51 45 44786.9 0 0
164 53 46 44791.2 0 0
162 50 45 44795.4 0 0
163 51 45 44799.6 0 0
162 52 45 44803.8 0 0
161 49 45 44808.1 0 0
162 50 46 44812.3 0 0
163 53 45 44816.5 0 0
163 53 45 44820.7 0 0
162 52 46 44824.9 0 0
163 51 45 44829.1 0 0
164 51 45 44833.3 0 0
160 51 46 44837.6 0 0
166 52 45 44841.8 0 0
163 54 46 44846 0 0
162 54 45 44850.2 0 0
161 51 45 44854.5 0 0
164 54 46 44858.7 0 0
165 52 46 44863 0 0
162 55 45 44867.2 0 0
169 49 45 44874.3 0 0
171 40 45 44882.8 0 0
171 40 45 44891 0 0
172 34 45 44906.8 0 0
173 38 45 44911 0 0
172 37 45 44916 0 0
172 37 45 44920.2 0 0
172 37 45 44924.5 0 0
174 38 44 44928.7 0 0
172 39 45 44932.9 0 0
171 38 45 44937.1 0 0
170 37 45 44941.4 0 0
172 39 45 44945.6 0 0
174 38 45 44949.8 0 0
171 39 45 44954 0 0
171 40 45 44958.2 0 0
173 38 45 44962.4 0 0
171 39 45 44966.6 0 0
172 38 45 44970.8 0 0
170 39 45 44975.1 0 0
171 38 45 44979.3 0 0
169 39 45 44983.5 0 0
170 38 45 44987.7 0 0
174 37 45 44991.9 0 0
171 37 45 44996.1 0 0
171 38 45 45000.4 0 0
171 40 45 45004.6 0 0
172 36 45 45008.8 0 0
175 37 45 45013 0 0
175 37 45 45017.2 0 0
172 36 45 45023.6 0 0
172 36 45 45027.8 0 0
169 39 45 45032.1 0 0
171 39 45 45036.3 0 0
171 39 45 45040.5 0 0
173 37 45 45044.7 0 0
171 38 45 45048.9 0 0
171 40 45 45053.2 0 0
171 40 45 45057.4 0 0
170 39 45 45061.6 0 0
172 39 45 45065.9 0 0
170 38 45 45070.1 0 0
172 37 45 45074.3 0 0
171 40 45 45078.5 0 0
171 39 45 45082.7 0 0
171 38 45 45086.9 0 0
172 40 44 45091.1 0 0
171 36 45 45095.4 0 0
172 40 45 45099.6 0 0
172 41 45 45104.1 0 0
171 38 45 45108.3 0 0
173 39 45 45112.5 0 0
170 38 45 45116.7 0 0
170 40 45 45121 0 0
172 40 45 45125.2 0 0
172 38 45 45131.1 0 0
167 40 45 45135.3 0 0
171 38 45 45139.6 0 0
169 38 44 45143.8 0 0
170 40 45 45148 0 0
171 38 44 45152.2 0 0
169 40 45 45156.4 0 0
171 37 45 45160.6 0 0
170 37 45 45164.9 0 0
170 39 45 45169.1 0 0
171 42 45 45173.3 0 0
173 36 45 45177.5 0 0
172 40 44 45181.7 0 0
172 38 45 45185.9 0 0
171 39 45 45190.2 0 0
168 40 45 45194.3 0 0
172 38 45 45198.6 0 0
172 41 45 45202.8 0 0
174 36 45 45207 0 0
171 38 45 45211.2 0 0
171 38 45 45215.4 0 0
171 38 45 45219.6 0 0
170 40 45 45223.9 0 0
172 37 45 45228.1 0 0
173 39 45 45232.3 0 0
172 38 45 45236.5 0 0
170 38 45 45240.7 0 0
172 37 45 45245 0 0
171 39 45 45249.2 0 0
173 37 45 45253.4 0 0
171 38 45 45257.6 0 0
172 39 45 45261.8 0 0
173 36 45 45266 0 0
171 41 45 45270.2 0 0
172 39 45 45274.4 0 0
172 36 45 45278.7 0 0
172 40 45 45282.9 0 0
173 38 45 45287.1 0 0
171 37 45 45291.7 0 0
170 40 45 45295.9 0 0
171 39 45 45300.1 0 0
169 38 44 45304.3 0 0
173 40 45 45308.5 0 0
170 40 45 45312.8 0 0
172 39 45 45317 0 0
173 40 45 45321.2 0 0
173 41 45 45325.4 0 0
173 39 45 45329.6 0 0
169 37 45 45333.8 0 0
171 42 45 45338.1 0 0
173 39 45 45342.3 0 0
169 37 44 45346.5 0 0
170 38 45 45350.7 0 0
172 37 45 45355 0 0
171 40 45 45359.2 0 0
171 38 45 45363.4 0 0
171 38 45 45367.7 0 0
171 38 45 45371.9 0 0
172 38 45 45376.1 0 0
172 40 45 45380.4 0 0
169 39 45 45384.6 0 0
171 38 45 45388.8 0 0
172 39 45 45393 0 0
171 38 45 45397.2 0 0
171 38 45 45401.4 0 0
171 40 45 45405.6 0 0
171 39 45 45409.8 0 0
173 40 45 45414.1 0 0
170 37 45 45418.3 0 0
169 40 45 45422.5 0 0
171 37 45 45426.7 0 0
171 37 45 45430.9 0 0
171 38 45 45435.2 0 0
170 40 45 45439.4 0 0
169 40 45 45443.6 0 0
172 37 45 45447.8 0 0
169 39 45 45452 0 0
171 38 45 45456.2 0 0
171 39 45 45460.4 0 0
171 41 45 45464.7 0 0
172 39 45 45468.9 0 0
173 38 45 45473.1 0 0
172 40 45 45477.3 0 0
170 40 45 45481.5 0 0
171 40 44 45485.7 0 0
168 39 45 45490 0 0
172 39 45 45494.2 0 0
171 40 45 45498.4 0 0
172 38 45 45502.6 0 0
173 39 45 45506.8 0 0
171 38 45 45511 0 0
171 38 45 45515.2 0 0
172 38 45 45519.5 0 0
170 40 44 45523.7 0 0
170 38 45 45527.9 0 0
176 40 45 45532.2 0 0
170 38 45 45536.4 0 0
174 38 45 45540.9 0 0
171 39 45 45545.2 0 0
171 40 45 45549.4 0 0
172 38 45 45553.6 0 0
171 38 45 45557.8 0 0
171 38 45 45562 0 0
172 38 45 45566.2 0 0
170 37 45 45570.7 0 0
171 39 45 45574.9 0 0
174 40 45 45579.1 0 0
172 41 45 45583.3 0 0
176 41 45 45587.5 0 0
171 41 45 45591.7 0 0
177 42 44 45595.9 0 0
176 39 45 45600.2 0 0
175 40 44 45604.4 0 0
175 38 44 45608.6 0 0
176 39 45 45612.8 0 0
175 41 44 45617 0 0
175 39 44 45621.2 0 0
174 42 45 45625.5 0 0
176 41 44 45629.7 0 0
174 40 44 45633.9 0 0
176 39 44 45638.1 0 0
173 40 44 45642.3 0 0
175 39 45 45646.5 0 0
174 40 45 45650.7 0 0
175 39 45 45654.9 0 0
175 38 45 45659.2 0 0
172 39 45 45663.4 0 0
176 41 45 45667.6 0 0
177 40 44 45671.8 0 0
176 42 44 45676 0 0
172 39 45 45680.2 0 0
176 40 44 45684.4 0 0
175 41 45 45688.7 0 0
175 40 45 45692.9 0 0
175 40 45 45697.1 0 0
177 42 44 45701.3 0 0
176 40 45 45705.5 0 0
175 42 45 45709.7 0 0
178 42 45 45713.9 0 0
175 41 45 45718.2 0 0
177 44 45 45722.4 0 0
176 42 45 45726.6 0 0
177 41 45 45730.8 0 0
174 41 45 45735.1 0 0
178 40 45 45739.3 0 0
175 43 45 45743.5 0 0
174 42 45 45747.7 0 0
178 42 45 45751.9 0 0
178 43 45 45756.2 0 0
177 44 45 45760.4 0 0
175 41 44 45764.6 0 0
176 41 45 45768.8 0 0
177 41 44 45773 0 0
177 45 45 45777.2 0 0
177 43 45 45781.4 0 0
177 49 45 45785.7 0 0
184 61 45 45789.9 0 0
186 75 44 45794.1 0 0
186 85 44 45798.3 0 0
185 97 44 45802.5 0 0
189 111 44 45806.8 0 0
192 124 44 45811 0 0
191 147 44 45815.2 0 0
190 160 44 45819.4 0 0
194 181 44 45823.6 0 0
191 189 44 45827.8 0 0
193 205 44 45832.1 0 0
192 199 44 45836.3 0 0
192 201 44 45840.5 0 0
196 202 44 45844.8 0 0
195 205 45 45849 0 0
192 198 44 45853.5 0 0
192 203 44 45857.7 0 0
194 210 44 45861.9 0 0
194 204 44 45866.1 0 0
197 211 44 45870.3 0 0
195 213 44 45874.5 0 0
192 201 44 45878.7 0 0
193 206 44 45883.1 0 0
196 200 44 45887.3 0 0
195 204 44 45891.5 0 0
195 206 44 45895.7 0 0
196 207 44 45899.9 0 0
195 204 44 45904.1 0 0
197 203 44 45908.4 0 0
198 211 44 45912.6 0 0
199 211 44 45916.8 0 0
196 210 44 45921 0 0
198 216 44 45925.2 0 0
199 215 44 45929.4 0 0
197 219 45 45933.7 0 0
199 215 45 45937.9 0 0
194 197 44 45942.1 0 0
196 209 45 45946.3 0 0
198 214 45 45950.5 0 0
195 206 45 45954.7 0 0
198 207 45 45958.9 0 0
197 204 45 45963.2 0 0
199 210 45 45967.4 0 0
196 202 44 45971.6 0 0
193 208 45 45975.8 0 0
198 209 45 45980 0 0
198 212 45 45984.2 0 0
197 212 45 45988.4 0 0
197 216 45 45992.7 0 0
195 201 45 45996.9 0 0
197 206 45 46001.1 0 0
194 201 45 46005.7 0 0
196 203 45 46009.9 0 0
193 207 45 46014.1 0 0
195 208 45 46018.3 0 0
196 214 45 46022.5 0 0
196 219 45 46026.7 0 0
194 229 46 46030.9 0 0
194 236 46 46060.9 0 0
165 235 46 46186.2 0 0
147 239 46 46194.7 0 0
137 235 46 46198.9 0 0
127 231 46 46203.1 0 0
114 229 46 46207.3 0 0
103 225 46 46211.5 0 0
97 229 47 46215.8 0 0
87 230 46 46220 0 0
74 223 46 46224.9 0 0
66 225 46 46229.1 0 0
61 225 46 46235.4 0 0
63 227 46 46239.7 0 0
66 228 46 46243.9 0 0
67 227 47 46248.1 0 0
65 235 46 46252.3 0 0
63 231 46 46256.6 0 0
63 232 46 46260.8 0 0
64 230 46 46265 0 0
64 234 46 46269.2 0 0
65 228 46 46273.4 0 0
62 228 45 46277.6 0 0
60 228 46 46281.8 0 0
64 229 46 46286.1 0 0
62 229 46 46290.3 0 0
64 232 46 46294.5 0 0
64 228 46 46298.8 0 0
62 231 45 46303 0 0
63 230 46 46307.2 0 0
65 233 46 46311.4 0 0
62 229 45 46315.6 0 0
64 230 46 46319.8 0 0
63 228 46 46324.1 0 0
60 228 46 46328.3 0 0
63 228 46 46332.5 0 0
62 227 46 46339.6 0 0
62 229 46 46343.8 0 0
62 229 46 46348 0 0
66 229 46 46352.2 0 0
63 228 46 46356.4 0 0
60 227 46 46360.7 0 0
66 229 45 46364.9 0 0
67 230 46 46369.1 0 0
64 229 46 46373.3 0 0
65 234 46 46377.5 0 0
64 233 46 46381.8 0 0
63 236 46 46386 0 0
65 232 46 46390.2 0 0
68 235 46 46394.5 0 0
68 237 46 46398.7 0 0
62 229 46 46402.9 0 0
65 231 46 46407.1 0 0
66 230 46 46411.4 0 0
68 232 46 46415.6 0 0
66 228 46 46419.8 0 0
65 234 46 46424 0 0
64 225 46 46428.2 0 0
69 217 46 46432.4 0 0
70 218 46 46439.3 0 0
68 212 46 46443.6 0 0
71 215 47 46447.8 0 0
68 211 46 46452 0 0
70 213 46 46456.2 0 0
71 214 46 46460.4 0 0
70 216 46 46464.6 0 0
67 212 46 46468.8 0 0
72 215 46 46473.1 0 0
70 212 46 46477.3 0 0
70 216 46 46481.5 0 0
73 214 46 46485.7 0 0
67 212 46 46489.9 0 0
70 215 46 46494.1 0 0
69 213 46 46498.3 0 0
72 216 46 46502.6 0 0
70 217 46 46506.8 0 0
67 208 46 46511 0 0
70 212 46 46515.2 0 0
67 213 46 46519.4 0 0
71 214 46 46524 0 0
71 212 46 46528.2 0 0
68 214 46 46532.4 0 0
70 216 46 46539.2 0 0
70 212 46 46543.5 0 0
69 212 46 46547.7 0 0
69 213 46 46551.9 0 0
68 212 46 46556.1 0 0
69 210 46 46560.3 0 0
70 214 46 46564.6 0 0
69 214 47 46568.8 0 0
68 211 46 46573 0 0
72 209 46 46577.2 0 0
70 214 46 46581.4 0 0
68 214 46 46585.6 0 0
66 200 46 46589.8 0 0
69 214 46 46594.1 0 0
71 211 46 46598.3 0 0
70 215 45 46602.5 0 0
71 213 46 46606.7 0 0
68 211 46 46610.9 0 0
73 216 46 46615.1 0 0
67 201 46 46619.3 0 0
70 215 46 46623.6 0 0
68 208 46 46627.8 0 0
71 212 46 46632 0 0
72 213 46 46636.2 0 0
70 213 46 46640.4 0 0
69 211 46 46644.6 0 0
73 215 46 46651.8 0 0
73 215 46 46659.8 0 0
70 209 47 46664.2 0 0
69 205 46 46668.4 0 0
73 207 46 46672.6 0 0
67 210 46 46676.8 0 0
69 204 46 46681.1 0 0
70 216 46 46685.3 0 0
69 214 46 46689.5 0 0
66 198 46 46693.7 0 0
72 217 46 46697.9 0 0
70 211 46 46702.2 0 0
68 212 46 46706.4 0 0
70 212 46 46710.6 0 0
71 215 46 46714.8 0 0
73 215 46 46719 0 0
70 210 46 46723.2 0 0
72 213 46 46727.5 0 0
72 213 46 46731.7 0 0
71 215 46 46735.9 0 0
69 212 46 46740.1 0 0
70 212 46 46744.3 0 0
70 206 46 46748.5 0 0
68 206 46 46752.8 0 0
69 213 46 46757 0 0
67 199 46 46761.2 0 0
67 213 46 46765.4 0 0
66 195 46 46769.6 0 0
70 210 46 46776.4 0 0
70 210 46 46780.7 0 0
69 214 46 46784.9 0 0
69 211 46 46789.1 0 0
69 203 46 46793.4 0 0
70 211 46 46797.6 0 0
69 214 46 46801.8 0 0
71 212 46 46806 0 0
69 212 46 46810.2 0 0
67 217 46 46814.4 0 0
67 198 46 46818.6 0 0
69 214 46 46822.8 0 0
70 213 46 46827.1 0 0
65 212 46 46831.3 0 0
70 217 46 46835.5 0 0
71 215 46 46839.7 0 0
70 214 46 46843.9 0 0
70 212 46 46848.2 0 0
68 212 46 46852.4 0 0
62 192 46 46856.6 0 0
69 215 46 46860.8 0 0
71 213 46 46865 0 0
71 213 46 46869.2 0 0
72 213 46 46873.4 0 0
70 215 46 46877.7 0 0
61 190 46 46881.9 0 0
65 198 46 46889.1 0 0
67 212 46 46899.1 0 0
67 212 46 46909.8 0 0
65 195 46 46914.4 0 0
70 212 46 46918.6 0 0
68 212 46 46922.8 0 0
70 211 46 46927.1 0 0
67 205 46 46931.3 0 0
72 216 46 46935.5 0 0
72 213 46 46939.7 0 0
67 211 45 46943.9 0 0
64 203 46 46948.2 0 0
64 193 46 46952.3 0 0
68 204 46 46956.6 0 0
68 203 46 46960.8 0 0
69 202 46 46965 0 0
65 206 46 46969.3 0 0
64 202 46 46973.5 0 0
69 210 46 46977.7 0 0
65 211 46 46981.9 0 0
69 200 45 46988.7 0 0
66 207 46 46993 0 0
68 199 46 46997.3 0 0
65 200 46 47001.5 0 0
70 209 46 47005.8 0 0
68 212 46 47010 0 0
62 193 46 47014.2 0 0
66 206 46 47018.4 0 0
66 199 46 47022.6 0 0
67 203 46 47026.8 0 0
66 197 46 47031 0 0
62 189 46 47035.3 0 0
69 203 46 47039.5 0 0
63 190 46 47043.7 0 0
68 204 46 47047.9 0 0
67 202 46 47052.1 0 0
63 191 45 47056.3 0 0
64 197 46 47060.6 0 0
65 198 46 47064.8 0 0
68 206 46 47069 0 0
68 207 46 47073.2 0 0
69 206 46 47077.4 0 0
68 205 46 47084.6 0 0
67 202 46 47092.9 0 0
62 189 46 47101.3 0 0
62 189 46 47109.6 0 0
65 197 46 47117.9 0 0
65 204 46 47122.1 0 0
67 204 46 47126.4 0 0
69 203 46 47130.6 0 0
66 206 46 47134.8 0 0
68 207 46 47139 0 0
67 207 46 47143.2 0 0
67 210 46 47147.4 0 0
66 208 46 47151.6 0 0
68 204 46 47155.9 0 0
70 211 46 47160.1 0 0
68 210 46 47164.3 0 0
66 200 46 47168.6 0 0
68 210 46 47172.8 0 0
68 210 46 47176.9 0 0
64 191 46 47181.2 0 0
64 192 46 47185.4 0 0
67 207 46 47189.6 0 0
65 202 46 47193.9 0 0
66 203 46 47198.1 0 0
68 207 46 47202.3 0 0
65 209 46 47206.5 0 0
63 203 46 47210.7 0 0
63 195 46 47214.9 0 0
65 201 45 47219.1 0 0
70 203 46 47226.2 0 0
61 188 46 47230.4 0 0
67 205 46 47234.7 0 0
69 201 46 47238.9 0 0
68 203 46 47243.1 0 0
66 202 46 47247.3 0 0
65 190 46 47251.5 0 0
67 202 45 47255.8 0 0
68 209 46 47260 0 0
70 212 46 47264.2 0 0
68 210 46 47268.4 0 0
66 210 46 47272.6 0 0
66 195 46 47276.8 0 0
66 210 46 47281 0 0
67 211 46 47285.2 0 0
69 213 46 47289.4 0 0
65 199 46 47293.7 0 0
69 200 46 47297.9 0 0
66 194 46 47302.1 0 0
68 204 46 47306.3 0 0
62 187 46 47310.5 0 0
68 190 46 47314.7 0 0
71 203 46 47319.3 0 0
71 198 46 47323.5 0 0
73 199 46 47330.1 0 0
72 198 46 47334.4 0 0
71 193 46 47338.6 0 0
72 193 46 47342.8 0 0
72 199 46 47347 0 0
74 203 46 47351.2 0 0
69 190 46 47355.5 0 0
73 203 46 47359.7 0 0
71 189 46 47363.9 0 0
76 206 46 47368.1 0 0
73 204 46 47372.3 0 0
72 204 46 47376.6 0 0
72 202 46 47380.8 0 0
73 200 46 47385.1 0 0
73 194 46 47389.3 0 0
73 201 46 47393.5 0 0
73 203 46 47397.7 0 0
72 201 46 47401.9 0 0
71 191 46 47406.1 0 0
72 196 46 47410.4 0 0
71 186 46 47414.6 0 0
73 208 46 47418.8 0 0
74 196 46 47423 0 0
73 197 46 47427.2 0 0
74 198 46 47434.3 0 0
77 199 46 47438.5 0 0
74 198 45 47442.8 0 0
73 200 46 47447 0 0
72 200 46 47451.2 0 0
75 203 46 47455.4 0 0
74 201 45 47459.6 0 0
75 200 46 47463.8 0 0
72 202 45 47468 0 0
74 202 46 47472.3 0 0
70 202 46 47476.5 0 0
73 201 46 47480.7 0 0
73 198 46 47484.9 0 0
73 198 45 47489.1 0 0
73 199 46 47493.3 0 0
74 200 46 47497.6 0 0
72 198 46 47501.8 0 0
75 201 46 47506.1 0 0
73 199 46 47510.3 0 0
70 199 46 47514.5 0 0
71 202 46 47521.7 0 0
75 200 46 47529.9 0 0
76 205 46 47538.4 0 0
76 205 46 47546.7 0 0
74 203 45 47555.2 0 0
75 202 46 47559.4 0 0
73 203 46 47563.6 0 0
73 199 46 47567.9 0 0
74 200 45 47572.1 0 0
73 201 46 47576.3 0 0
72 198 46 47580.5 0 0
74 201 45 47584.7 0 0
72 199 45 47589 0 0
75 204 46 47593.2 0 0
75 202 45 47597.4 0 0
73 205 46 47601.6 0 0
72 201 46 47605.9 0 0
74 202 45 47610.1 0 0
73 203 46 47614.3 0 0
72 200 45 47618.5 0 0
73 201 46 47622.8 0 0
75 201 45 47627.4 0 0
75 204 46 47631.6 0 0
73 204 46 47638.3 0 0
72 198 46 47642.5 0 0
76 198 46 47646.7 0 0
73 197 45 47650.9 0 0
74 203 46 47655.1 0 0
72 201 46 47659.4 0 0
74 202 46 47663.6 0 0
74 205 45 47667.8 0 0
74 206 45 47672 0 0
75 207 45 47676.2 0 0
72 204 46 47680.4 0 0
75 208 46 47684.6 0 0
75 207 46 47689 0 0
74 207 46 47693.3 0 0
77 208 46 47697.5 0 0
73 205 45 47701.7 0 0
73 203 46 47705.9 0 0
73 203 46 47710.1 0 0
73 204 46 47714.3 0 0
74 206 45 47718.6 0 0
74 205 45 47723 0 0
75 201 45 47729.8 0 0
73 199 46 47734 0 0
72 201 45 47738.5 0 0
74 200 46 47742.7 0 0
76 203 45 47746.9 0 0
74 203 45 47751.3 0 0
73 207 46 47755.6 0 0
76 205 45 47759.8 0 0
73 211 45 47764 0 0
74 210 46 47768.2 0 0
77 205 46 47772.4 0 0
73 205 46 47776.6 0 0
75 208 46 47780.8 0 0
74 210 46 47785.1 0 0
76 206 45 47789.3 0 0
74 206 46 47793.5 0 0
77 203 46 47800.4 0 0
73 203 46 47804.7 0 0
72 203 46 47808.9 0 0
73 204 45 47813.2 0 0
74 206 46 47817.4 0 0
73 202 45 47821.6 0 0
75 206 45 47825.8 0 0
74 206 46 47830 0 0
73 208 46 47834.2 0 0
73 204 46 47838.5 0 0
74 204 45 47842.7 0 0
67 195 46 47846.9 0 0
73 207 45 47851.1 0 0
75 205 46 47855.5 0 0
71 209 45 47859.7 0 0
74 205 46 47863.9 0 0
75 206 46 47868.1 0 0
72 201 45 47872.4 0 0
76 204 46 47876.7 0 0
77 204 46 47880.9 0 0
72 203 45 47885.1 0 0
74 207 45 47889.3 0 0
74 207 45 47893.5 0 0
75 201 45 47898.6 0 0
75 203 45 47902.8 0 0
75 205 46 47907.1 0 0
74 206 45 47911.3 0 0
74 207 46 47915.5 0 0
76 207 45 47919.7 0 0
77 205 45 47923.9 0 0
76 208 45 47928.1 0 0
73 208 45 47932.3 0 0
77 210 46 47936.6 0 0
76 208 45 47940.8 0 0
76 200 46 47945 0 0
78 194 46 47949.2 0 0
85 179 46 47953.4 0 0
91 156 46 47957.7 0 0
93 143 46 47961.9 0 0
100 133 46 47966.1 0 0
102 118 46 47970.3 0 0
100 107 46 47974.6 0 0
103 100 47 47978.8 0 0
107 96 47 47983.1 0 0
111 92 47 47987.3 0 0
112 88 47 47991.5 0 0
113 84 47 47995.7 0 0
115 77 46 47999.9 0 0
116 73 47 48004.1 0 0
121 70 47 48008.4 0 0
121 69 47 48012.6 0 0
117 65 47 48016.8 0 0
119 64 47 48021 0 0
118 66 47 48025.2 0 0
117 68 47 48029.4 0 0
116 66 47 48033.6 0 0
118 67 47 48037.8 0 0
121 67 47 48042.1 0 0
123 67 47 48046.3 0 0
120 65 47 48050.5 0 0
118 67 47 48054.7 0 0
121 69 47 48058.9 0 0
118 67 47 48063.1 0 0
121 69 47 48067.4 0 0
121 68 47 48071.6 0 0
121 68 47 48075.8 0 0
117 66 47 48080 0 0
120 68 47 48084.2 0 0
118 67 47 48088.4 0 0
120 65 47 48092.6 0 0
121 65 47 48096.9 0 0
121 65 47 48101.1 0 0
121 70 47 48105.3 0 0
119 65 47 48109.5 0 0
123 70 47 48113.7 0 0
118 69 47 48117.9 0 0
119 69 47 48122.1 0 0
118 69 47 48126.4 0 0
121 70 47 48130.7 0 0
121 69 47 48134.9 0 0
119 71 47 48139.1 0 0
120 70 47 48143.3 0 0
119 70 47 48147.5 0 0
119 69 47 48151.7 0 0
118 70 47 48155.9 0 0
120 70 47 48160.1 0 0
120 68 47 48164.4 0 0
121 71 47 48168.6 0 0
120 68 47 48172.8 0 0
122 71 47 48177 0 0
119 69 47 48181.2 0 0
118 69 47 48185.4 0 0
121 70 47 48189.7 0 0
120 67 47 48193.9 0 0
120 72 47 48198.1 0 0
120 68 47 48202.3 0 0
120 71 47 48206.5 0 0
122 69 47 48210.7 0 0
119 66 47 48214.9 0 0
121 70 47 48219.2 0 0
118 68 47 48223.4 0 0
120 66 47 48227.6 0 0
120 69 47 48231.8 0 0
121 70 47 48236 0 0
119 71 47 48240.2 0 0
121 70 47 48244.4 0 0
118 69 47 48248.7 0 0
119 69 47 48252.9 0 0
119 68 47 48257.1 0 0
120 70 47 48261.3 0 0
122 69 47 48265.5 0 0
118 70 47 48269.7 0 0
120 69 47 48273.9 0 0
121 69 47 48278.2 0 0
120 69 47 48282.4 0 0
121 69 47 48286.7 0 0
119 70 47 48291.1 0 0
121 70 47 48295.3 0 0
121 68 47 48299.5 0 0
120 69 47 48303.7 0 0
118 70 47 48307.9 0 0
120 70 47 48312.1 0 0
119 68 47 48316.6 0 0
118 69 47 48320.8 0 0
120 67 47 48325 0 0
121 69 47 48329.2 0 0
121 70 47 48333.4 0 0
121 70 47 48337.7 0 0
119 68 47 48341.9 0 0
121 69 47 48346.1 0 0
120 70 47 48350.3 0 0
120 68 47 48354.6 0 0
119 70 47 48358.8 0 0
121 69 47 48363 0 0
117 68 47 48367.2 0 0
120 68 47 48371.4 0 0
119 67 47 48375.6 0 0
118 67 47 48379.8 0 0
119 67 47 48384.1 0 0
121 69 47 48388.3 0 0
118 68 47 48392.5 0 0
119 68 47 48396.7 0 0
120 68 47 48400.9 0 0
120 70 47 48405.1 0 0
120 67 47 48409.3 0 0
119 69 47 48413.6 0 0
118 68 47 48417.8 0 0
119 68 47 48422 0 0
119 69 47 48426.2 0 0
116 67 47 48430.4 0 0
120 67 47 48434.6 0 0
117 68 47 48438.8 0 0
119 70 47 48443.1 0 0
121 69 47 48450 0 0
120 72 47 48458.2 0 0
116 70 47 48466.7 0 0
120 70 47 48475 0 0
120 69 47 48483.2 0 0
119 70 47 48491.5 0 0
119 70 47 48500 0 0
122 72 47 48508.1 0 0
120 69 47 48512.3 0 0
117 70 47 48516.7 0 0
119 69 47 48520.9 0 0
120 72 47 48525.1 0 0
118 70 47 48529.3 0 0
119 70 47 48533.6 0 0
122 70 47 48537.8 0 0
118 70 47 48542 0 0
122 68 47 48546.2 0 0
121 72 47 48550.4 0 0
117 71 47 48554.6 0 0
120 70 47 48558.9 0 0
121 70 47 48563.1 0 0
121 69 47 48567.3 0 0
119 71 47 48571.6 0 0
119 72 47 48575.8 0 0
119 69 47 48579.9 0 0
121 72 47 48584.2 0 0
119 69 47 48588.4 0 0
118 71 47 48592.6 0 0
119 70 47 48596.9 0 0
120 69 47 48601.1 0 0
118 70 47 48605.4 0 0
122 69 47 48609.6 0 0
117 71 47 48616.3 0 0
118 69 47 48620.6 0 0
120 68 47 48624.9 0 0
117 71 47 48629.1 0 0
117 68 47 48633.3 0 0
118 73 48 48637.5 0 0
121 70 47 48641.7 0 0
119 68 47 48645.9 0 0
120 72 47 48650.2 0 0
119 69 47 48654.4 0 0
121 72 48 48658.6 0 0
118 71 47 48662.8 0 0
119 69 47 48667 0 0
119 73 47 48671.2 0 0
119 71 47 48675.4 0 0
118 70 47 48679.6 0 0
117 72 47 48683.9 0 0
121 70 47 48688.1 0 0
118 73 47 48692.3 0 0
119 70 47 48696.5 0 0
120 71 47 48700.7 0 0
119 73 47 48704.9 0 0
120 70 47 48709.1 0 0
119 69 47 48713.4 0 0
118 67 47 48717.6 0 0
119 70 47 48721.8 0 0
119 74 47 48726 0 0
119 70 47 48730.4 0 0
118 71 47 48734.7 0 0
117 70 47 48741.2 0 0
117 70 47 48745.5 0 0
119 72 47 48749.7 0 0
120 70 47 48754 0 0
117 70 47 48758.2 0 0
117 71 47 48762.4 0 0
121 72 47 48766.6 0 0
116 72 47 48770.9 0 0
119 71 47 48775.1 0 0
118 71 47 48779.4 0 0
118 73 47 48783.6 0 0
120 69 47 48787.8 0 0
118 71 47 48792.3 0 0
120 74 47 48796.5 0 0
120 74 47 48800.9 0 0
117 74 47 48805.1 0 0
118 75 47 48809.3 0 0
120 73 47 48813.5 0 0
116 72 47 48817.7 0 0
117 72 47 48824.6 0 0
117 74 47 48828.9 0 0
119 77 47 48833.1 0 0
117 81 47 48837.3 0 0
119 78 47 48841.5 0 0
117 75 47 48845.7 0 0
118 75 47 48850 0 0
118 79 47 48854.2 0 0
118 78 47 48858.4 0 0
123 83 47 48862.7 0 0
129 90 47 48866.8 0 0
140 94 47 48871.1 0 0
144 104 46 48875.3 0 0
152 113 46 48880.1 0 0
162 121 46 48884.3 0 0
164 136 46 48888.6 0 0
164 136 46 48892.8 0 0
173 168 45 48907.1 0 0
178 176 45 48911.4 0 0
184 211 45 48915.6 0 0
184 220 46 48919.8 0 0
185 226 45 48924 0 0
183 209 45 48928.2 0 0
184 213 46 48932.4 0 0
190 216 45 48936.6 0 0
186 223 46 48940.9 0 0
184 227 45 48945.1 0 0
183 226 45 48949.3 0 0
187 228 45 48953.5 0 0
187 234 45 48957.7 0 0
181 208 45 48961.9 0 0
185 218 45 48966.1 0 0
186 217 46 48970.4 0 0
186 219 46 48974.6 0 0
188 225 45 48978.9 0 0
188 228 45 48983.1 0 0
184 217 46 48987.3 0 0
185 230 46 48991.5 0 0
182 218 45 48995.7 0 0
187 231 45 48999.9 0 0
186 217 46 49004.1 0 0
186 222 46 49008.4 0 0
186 219 46 49012.6 0 0
187 223 46 49016.8 0 0
187 226 46 49021 0 0
185 226 46 49025.2 0 0
186 224 46 49029.4 0 0
188 232 45 49033.7 0 0
183 227 46 49037.9 0 0
187 219 46 49042.2 0 0
186 216 45 49046.4 0 0
185 220 45 49050.6 0 0
183 223 45 49054.8 0 0
183 219 46 49059 0 0
187 225 46 49063.3 0 0
187 222 46 49068.1 0 0
184 226 46 49072.3 0 0
190 225 46 49076.5 0 0
183 228 46 49080.7 0 0
186 217 46 49084.9 0 0
187 214 46 49089.1 0 0
186 219 46 49093.3 0 0
184 224 46 49097.8 0 0
186 217 46 49102.1 0 0
183 215 46 49106.3 0 0
183 221 45 49110.5 0 0
183 215 46 49114.7 0 0
186 224 46 49118.9 0 0
184 222 46 49123.1 0 0
185 222 45 49127.4 0 0
190 225 45 49131.6 0 0
185 226 46 49135.8 0 0
181 222 46 49140 0 0
186 219 46 49144.2 0 0
187 222 46 49148.4 0 0
186 226 46 49152.7 0 0
192 235 46 49156.9 0 0
196 233 46 49161.1 0 0
195 235 46 49190.6 0 0
190 240 46 49207.5 0 0
194 240 45 49228.8 0 0
192 237 46 49233 0 0
195 237 46 49287.8 0 0
192 238 45 49345.3 0 0
193 237 45 49391.7 0 0
192 237 46 49400.1 0 0
193 234 46 49508.3 0 0
191 234 45 49520.9 0 0
193 240 46 49620.8 0 0
193 238 46 49625 0 0
191 240 45 49719.1 0 0
189 240 46 49724.9 0 0
193 237 46 49860.5 0 0
191 239 46 49877.4 0 0
192 238 45 49936.4 0 0
190 239 46 49944.8 0 0
192 239 45 49953.2 0 0
193 239 45 50095.2 0 0
178 222 46 50202.8 0 0
172 213 45 50207.1 0 0
160 197 46 50211.3 0 0
150 171 46 50215.6 0 0
141 151 46 50219.8 0 0
136 146 46 50224 0 0
128 137 45 50228.3 0 0
116 125 47 50232.5 0 0
109 120 46 50236.7 0 0
104 117 46 50240.9 0 0
96 104 46 50245.1 0 0
87 101 46 50249.3 0 0
81 93 46 50253.6 0 0
76 89 47 50257.8 0 0
68 85 46 50262 0 0
61 78 46 50266.2 0 0
56 71 46 50270.4 0 0
47 67 46 50274.6 0 0
39 59 46 50278.8 0 0
32 53 46 50286.1 0 0
29 51 46 50290.7 0 0
26 46 46 50294.9 0 0
22 48 46 50299.1 0 0
20 47 46 50303.3 0 0
19 45 45 50307.6 0 0
17 44 45 50311.8 0 0
18 46 45 50316 0 0
19 47 46 50320.2 0 0
18 46 45 50324.4 0 0
21 44 45 50328.6 0 0
20 46 45 50332.8 0 0
20 48 45 50337.1 0 0
17 48 45 50341.3 0 0
19 43 45 50345.5 0 0
18 48 45 50349.7 0 0
18 50 45 50356.8 0 0
20 49 45 50361.1 0 0
19 49 45 50365.3 0 0
20 49 45 50369.5 0 0
20 48 45 50373.7 0 0
18 48 45 50377.9 0 0
20 47 45 50382.2 0 0
21 49 45 50386.4 0 0
21 50 45 50390.6 0 0
19 52 45 50394.8 0 0
22 49 45 50399 0 0
21 50 45 50403.2 0 0
21 52 45 50407.4 0 0
20 50 45 50411.7 0 0
22 50 46 50415.9 0 0
20 53 45 50420.1 0 0
19 52 45 50424.3 0 0
20 49 45 50428.5 0 0
22 52 45 50432.8 0 0
25 51 46 50437 0 0
23 52 45 50441.2 0 0
21 50 45 50445.6 0 0
19 54 45 50452.5 0 0
21 52 46 50460.7 0 0
21 52 46 50469.2 0 0
23 51 45 50476.7 0 0
20 51 45 50481 0 0
21 52 45 50485.7 0 0
23 51 45 50489.9 0 0
20 49 45 50494.2 0 0
21 52 45 50498.4 0 0
21 50 45 50502.6 0 0
20 49 45 50506.8 0 0
21 49 46 50511.1 0 0
22 49 45 50515.2 0 0
22 51 45 50519.5 0 0
18 52 45 50523.7 0 0
22 49 45 50527.9 0 0
22 50 45 50532.2 0 0
21 49 46 50536.4 0 0
21 50 45 50540.9 0 0
21 50 45 50545.1 0 0
21 52 45 50549.3 0 0
23 52 45 50553.5 0 0
21 51 45 50557.7 0 0
24 51 45 50561.9 0 0
20 52 45 50568.9 0 0
20 51 45 50573.1 0 0
21 52 46 50577.4 0 0
23 51 45 50581.6 0 0
23 52 45 50585.8 0 0
20 51 45 50590 0 0
20 53 45 50594.2 0 0
21 52 45 50598.4 0 0
22 52 45 50602.7 0 0
22 49 45 50606.9 0 0
22 51 45 50611.1 0 0
22 51 45 50615.3 0 0
22 52 45 50619.5 0 0
23 50 45 50623.7 0 0
24 50 45 50627.9 0 0
19 50 45 50632.1 0 0
21 50 45 50636.4 0 0
21 50 45 50640.6 0 0
20 52 45 50644.8 0 0
24 51 45 50649 0 0
22 53 45 50653.2 0 0
21 53 45 50657.5 0 0
24 50 45 50661.7 0 0
21 53 45 50666.2 0 0
21 53 45 50673 0 0
22 52 46 50677.3 0 0
23 50 45 50681.5 0 0
22 50 45 50685.7 0 0
22 53 45 50689.9 0 0
21 54 45 50694.1 0 0
21 54 45 50698.4 0 0
21 52 45 50702.6 0 0
20 50 45 50706.8 0 0
16 47 45 50711 0 0
15 46 45 50715.2 0 0
13 46 45 50719.4 0 0
19 45 45 50723.7 0 0
16 45 45 50727.9 0 0
19 45 45 50732.1 0 0
18 46 45 50736.3 0 0
18 46 45 50740.5 0 0
19 47 45 50744.7 0 0
19 47 45 50748.9 0 0
19 47 45 50753.2 0 0
17 47 45 50757.4 0 0
19 47 45 50761.6 0 0
17 46 45 50765.8 0 0
20 47 45 50770.2 0 0
17 46 46 50774.4 0 0
17 47 45 50781.4 0 0
21 47 45 50785.6 0 0
19 46 45 50789.9 0 0
17 47 45 50794.1 0 0
21 49 45 50798.3 0 0
20 48 45 50802.5 0 0
15 47 45 50806.8 0 0
19 48 45 50811 0 0
16 48 45 50815.2 0 0
20 49 45 50819.4 0 0
18 46 45 50823.6 0 0
19 45 45 50827.8 0 0
20 46 45 50832.1 0 0
18 44 46 50836.3 0 0
17 45 45 50840.5 0 0
16 45 45 50844.8 0 0
17 45 46 50849 0 0
21 45 45 50853.2 0 0
20 46 45 50857.4 0 0
20 45 45 50861.6 0 0
18 46 45 50865.8 0 0
22 46 46 50870.1 0 0
20 46 45 50874.3 0 0
19 47 45 50881.1 0 0
19 47 45 50885.3 0 0
22 48 45 50889.6 0 0
20 48 45 50893.8 0 0
19 47 45 50901.6 0 0
16 45 45 50905.8 0 0
19 46 45 50910.4 0 0
22 46 45 50914.6 0 0
17 45 46 50918.8 0 0
20 49 45 50923 0 0
21 47 45 50927.2 0 0
18 45 45 50931.8 0 0
18 46 46 50936 0 0
18 44 45 50940.2 0 0
19 47 45 50944.4 0 0
19 47 46 50948.6 0 0
20 45 45 50952.8 0 0
19 48 45 50957.3 0 0
19 45 45 50961.6 0 0
19 45 45 50968.5 0 0
18 43 45 50976.9 0 0
21 48 46 50981.2 0 0
19 45 45 50985.3 0 0
19 47 45 50989.6 0 0
17 48 46 50993.8 0 0
19 47 45 50998 0 0
18 45 45 51002.2 0 0
19 48 45 51006.4 0 0
21 46 45 51010.7 0 0
18 45 46 51014.8 0 0
21 46 45 51019.1 0 0
19 46 45 51023.2 0 0
23 46 45 51027.5 0 0
21 46 45 51031.7 0 0
18 47 46 51036 0 0
21 46 45 51040.2 0 0
19 45 45 51044.4 0 0
20 47 46 51048.7 0 0
19 48 46 51052.9 0 0
20 48 45 51057.1 0 0
19 45 46 51061.3 0 0
19 45 45 51065.5 0 0
19 45 46 51069.8 0 0
20 47 46 51073.9 0 0
20 47 46 51080.9 0 0
21 48 46 51086.5 0 0
17 46 45 51090.7 0 0
20 46 46 51097.8 0 0
18 45 46 51102 0 0
20 46 46 51106.2 0 0
20 47 45 51110.4 0 0
19 45 46 51114.6 0 0
19 47 46 51118.8 0 0
18 44 46 51123.1 0 0
18 46 46 51127.3 0 0
22 47 46 51131.5 0 0
20 48 45 51135.7 0 0
21 46 46 51139.9 0 0
16 46 46 51144.2 0 0
19 44 45 51148.4 0 0
20 47 46 51152.7 0 0
20 45 46 51156.9 0 0
20 46 46 51161.1 0 0
19 47 46 51165.3 0 0
19 47 46 51169.6 0 0
20 46 46 51173.8 0 0
18 48 46 51178 0 0
20 46 45 51182.2 0 0
20 46 45 51189.3 0 0
19 46 46 51193.5 0 0
20 45 46 51197.7 0 0
19 49 46 51201.9 0 0
20 46 46 51206.1 0 0
18 46 46 51210.3 0 0
18 49 46 51214.5 0 0
20 49 46 51218.8 0 0
18 47 46 51223 0 0
17 47 46 51227.2 0 0
14 48 46 51231.4 0 0
17 48 46 51235.6 0 0
16 48 46 51239.8 0 0
18 46 46 51244 0 0
18 46 46 51248.3 0 0
18 46 46 51252.5 0 0
15 48 46 51256.8 0 0
19 48 46 51261 0 0
17 49 46 51265.2 0 0
19 46 46 51269.4 0 0
17 50 45 51273.7 0 0
20 47 46 51277.9 0 0
16 51 46 51282.1 0 0
17 48 46 51286.3 0 0
18 49 46 51293.4 0 0
17 49 46 51297.6 0 0
17 50 46 51301.8 0 0
18 50 46 51306 0 0
16 49 46 51310.3 0 0
18 48 46 51314.5 0 0
17 47 46 51318.8 0 0
18 48 46 51323 0 0
18 46 46 51327.2 0 0
18 50 46 51331.4 0 0
17 52 46 51335.6 0 0
17 50 46 51339.8 0 0
17 48 46 51344 0 0
20 50 46 51348.2 0 0
20 48 46 51352.5 0 0
18 49 46 51356.7 0 0
17 49 46 51360.9 0 0
21 48 46 51365.1 0 0
17 50 46 51369.3 0 0
18 49 46 51373.5 0 0
19 48 46 51377.8 0 0
19 51 46 51382 0 0
17 49 46 51386.2 0 0
17 50 46 51393.1 0 0
18 49 46 51397.3 0 0
19 50 46 51401.5 0 0
18 50 46 51405.8 0 0
19 51 46 51410 0 0
18 50 46 51414.5 0 0
18 53 46 51418.7 0 0
19 58 46 51422.9 0 0
23 64 46 51427.3 0 0
25 77 46 51431.5 0 0
25 88 46 51435.7 0 0
25 103 45 51440 0 0
25 109 46 51444.2 0 0
29 133 45 51448.4 0 0
28 157 46 51452.6 0 0
29 156 45 51459.5 0 0
29 160 45 51468 0 0
30 159 45 51476.3 0 0
30 159 45 51484.7 0 0
30 157 46 51492.3 0 0
28 159 45 51496.6 0 0
29 159 45 51501.3 0 0
27 160 45 51505.5 0 0
29 158 45 51509.8 0 0
30 170 45 51513.9 0 0
28 161 45 51518.1 0 0
32 160 45 51522.3 0 0
31 161 46 51526.6 0 0
29 161 45 51530.8 0 0
29 160 46 51535 0 0
32 165 46 51539.4 0 0
29 164 45 51543.6 0 0
30 168 45 51547.8 0 0
29 168 46 51552 0 0
29 165 45 51556.2 0 0
28 166 46 51560.4 0 0
27 165 46 51564.7 0 0
29 167 46 51568.9 0 0
29 165 45 51573.2 0 0
30 166 45 51577.4 0 0
31 169 45 51581.6 0 0
31 163 45 51585.8 0 0
29 167 46 51590 0 0
28 167 46 51594.2 0 0
31 165 46 51601.1 0 0
31 165 46 51605.4 0 0
29 166 45 51609.6 0 0
30 165 45 51613.8 0 0
30 168 46 51618 0 0
31 167 46 51622.2 0 0
31 165 46 51626.5 0 0
30 166 46 51630.7 0 0
31 168 46 51635 0 0
30 166 46 51639.2 0 0
32 166 46 51643.4 0 0
31 166 46 51647.6 0 0
30 164 46 51651.8 0 0
32 165 46 51656 0 0
31 164 45 51660.2 0 0
31 165 46 51664.4 0 0
33 165 46 51668.6 0 0
30 169 45 51672.8 0 0
31 168 46 51677.1 0 0
32 167 46 51681.4 0 0
31 169 46 51685.7 0 0
31 159 46 51689.9 0 0
31 164 46 51694.1 0 0
33 161 46 51698.3 0 0
30 168 45 51705.3 0 0
32 166 45 51709.5 0 0
31 169 46 51713.7 0 0
30 167 46 51717.9 0 0
33 166 46 51722.2 0 0
31 168 46 51726.4 0 0
31 167 46 51730.6 0 0
30 163 46 51734.8 0 0
30 158 46 51739 0 0
33 160 46 51743.2 0 0
31 163 46 51747.4 0 0
32 158 46 51751.7 0 0
34 160 45 51755.9 0 0
34 160 46 51760.1 0 0
35 161 46 51764.3 0 0
31 158 46 51768.5 0 0
33 159 46 51772.7 0 0
33 159 46 51776.9 0 0
33 160 46 51781.1 0 0
31 163 46 51785.4 0 0
33 159 46 51789.6 0 0
37 162 46 51793.9 0 0
31 162 46 51798.1 0 0
33 165 45 51802.3 0 0
33 161 45 51809.4 0 0
34 166 46 51817.7 0 0
33 163 46 51825.9 0 0
33 161 46 51834.4 0 0
33 160 46 51842.7 0 0
33 165 46 51851.1 0 0
33 165 46 51859.4 0 0
32 164 45 51867.6 0 0
31 163 46 51871.9 0 0
28 159 46 51876.1 0 0
28 161 46 51880.3 0 0
31 166 46 51884.6 0 0
28 164 46 51888.8 0 0
30 159 45 51893 0 0
29 161 46 51897.2 0 0
30 161 46 51901.4 0 0
28 161 46 51905.6 0 0
29 164 46 51909.8 0 0
31 165 46 51914.1 0 0
27 169 46 51918.8 0 0
30 166 46 51923.1 0 0
31 165 46 51927.3 0 0
26 167 46 51934.3 0 0
27 166 45 51942.6 0 0
31 162 45 51951 0 0
31 166 46 51959.3 0 0
29 167 46 51967.5 0 0
29 160 46 51976 0 0
29 160 46 51984.2 0 0
29 160 45 51992.4 0 0
29 163 46 51996.6 0 0
28 162 46 52001 0 0
29 163 45 52005.2 0 0
27 162 46 52009.4 0 0
29 159 45 52013.6 0 0
30 163 46 52017.8 0 0
31 165 46 52022 0 0
28 165 46 52026.3 0 0
27 167 45 52030.5 0 0
28 165 46 52034.8 0 0
29 159 45 52039 0 0
30 160 46 52043.2 0 0
28 161 46 52047.4 0 0
30 161 45 52051.6 0 0
29 160 46 52055.8 0 0
29 158 45 52060.1 0 0
30 163 46 52064.3 0 0
30 159 46 52068.6 0 0
30 160 46 52072.8 0 0
29 160 46 52077 0 0
28 160 45 52084.1 0 0
31 162 46 52092.4 0 0
28 158 46 52100.9 0 0
28 158 46 52109.1 0 0
29 160 46 52117.6 0 0
30 161 46 52121.8 0 0
29 166 46 52126.1 0 0
29 167 46 52130.3 0 0
30 158 46 52134.5 0 0
31 163 45 52138.7 0 0
30 160 45 52142.9 0 0
27 161 46 52147.1 0 0
29 160 46 52151.3 0 0
28 165 46 52155.6 0 0
31 165 46 52159.8 0 0
29 162 46 52164 0 0
32 161 46 52168.3 0 0
28 162 46 52172.5 0 0
31 162 46 52176.7 0 0
29 159 46 52180.9 0 0
33 161 46 52185.2 0 0
29 160 46 52189.4 0 0
30 165 45 52193.6 0 0
32 165 45 52197.8 0 0
30 162 45 52204.8 0 0
28 164 45 52209 0 0
29 163 46 52213.2 0 0
33 168 46 52217.4 0 0
31 165 46 52221.7 0 0
31 163 45 52225.9 0 0
28 163 46 52230.1 0 0
33 163 46 52234.3 0 0
31 161 45 52238.5 0 0
30 160 46 52242.8 0 0
29 162 46 52247 0 0
32 163 46 52251.3 0 0
29 163 46 52255.5 0 0
27 145 46 52259.7 0 0
32 160 46 52263.9 0 0
34 162 46 52268.1 0 0
29 163 46 52272.3 0 0
30 164 46 52276.6 0 0
28 166 45 52280.8 0 0
30 158 46 52285 0 0
29 161 46 52289.2 0 0
29 150 45 52293.4 0 0
31 159 46 52297.6 0 0
29 166 46 52301.8 0 0
29 166 46 52308.9 0 0
30 161 46 52313.2 0 0
30 161 46 52317.6 0 0
29 161 45 52321.8 0 0
32 161 46 52326 0 0
28 160 46 52330.2 0 0
28 162 46 52334.4 0 0
28 161 46 52338.6 0 0
32 159 46 52342.9 0 0
32 160 46 52347.1 0 0
31 163 46 52351.3 0 0
33 162 45 52355.5 0 0
31 161 46 52359.8 0 0
33 163 46 52364 0 0
29 160 46 52368.2 0 0
32 165 46 52372.4 0 0
32 162 45 52376.6 0 0
31 163 46 52380.8 0 0
27 163 46 52385.1 0 0
30 161 46 52389.3 0 0
30 161 46 52393.5 0 0
31 159 46 52398.6 0 0
30 161 46 52402.8 0 0
30 161 46 52407.1 0 0
30 161 46 52411.3 0 0
29 159 45 52415.5 0 0
29 162 46 52419.7 0 0
32 162 46 52423.9 0 0
30 159 46 52428.1 0 0
31 163 46 52432.3 0 0
30 161 46 52436.6 0 0
32 164 46 52440.8 0 0
31 161 45 52445 0 0
34 161 46 52449.2 0 0
30 161 46 52453.5 0 0
31 161 46 52457.7 0 0
34 162 46 52461.9 0 0
30 161 46 52466.1 0 0
32 159 46 52470.3 0 0
32 169 45 52474.6 0 0
30 161 46 52478.8 0 0
29 167 46 52483 0 0
30 164 45 52487.2 0 0
29 161 46 52491.4 0 0
29 161 46 52495.6 0 0
29 164 46 52499.9 0 0
30 163 46 52504.8 0 0
31 161 45 52509 0 0
32 163 45 52513.2 0 0
29 160 46 52517.4 0 0
31 161 46 52521.6 0 0
28 162 46 52525.8 0 0
30 160 46 52530 0 0
30 162 46 52534.2 0 0
28 160 46 52538.5 0 0
28 162 45 52542.7 0 0
33 161 45 52546.9 0 0
30 162 45 52551.1 0 0
32 160 45 52555.3 0 0
31 160 46 52559.5 0 0
29 162 45 52563.8 0 0
31 163 46 52569 0 0
32 162 46 52573.2 0 0
31 162 45 52577.4 0 0
29 162 46 52581.6 0 0
30 162 46 52585.8 0 0
30 161 45 52590 0 0
30 160 46 52594.2 0 0
33 159 45 52598.5 0 0
32 164 45 52602.7 0 0
29 162 46 52606.9 0 0
32 165 46 52611.1 0 0
29 159 46 52615.3 0 0
31 162 46 52619.6 0 0
29 161 46 52623.8 0 0
31 162 46 52628 0 0
32 163 46 52632.2 0 0
28 163 46 52636.4 0 0
31 159 45 52640.7 0 0
30 162 45 52644.9 0 0
31 163 45 52649.1 0 0
29 161 45 52653.3 0 0
30 162 46 52657.5 0 0
31 164 46 52661.7 0 0
29 166 46 52666.2 0 0
31 167 46 52670.4 0 0
33 164 45 52674.8 0 0
28 168 46 52679.1 0 0
31 165 45 52683.3 0 0
32 162 45 52687.5 0 0
28 160 45 52691.8 0 0
31 163 45 52696 0 0
29 161 46 52700.2 0 0
33 163 45 52704.4 0 0
31 163 46 52708.6 0 0
28 161 45 52712.8 0 0
31 162 46 52717 0 0
30 161 46 52721.2 0 0
31 161 46 52725.5 0 0
32 161 46 52729.7 0 0
31 162 46 52733.9 0 0
32 162 46 52738.1 0 0
29 162 45 52742.3 0 0
27 158 46 52746.5 0 0
33 161 46 52750.8 0 0
32 164 45 52755 0 0
31 163 46 52759.2 0 0
32 166 45 52763.4 0 0
30 164 45 52767.6 0 0
32 162 45 52771.9 0 0
31 162 46 52776.1 0 0
30 163 46 52780.4 0 0
30 163 46 52784.6 0 0
29 162 45 52788.8 0 0
32 160 45 52793 0 0
29 162 45 52797.2 0 0
28 162 46 52801.4 0 0
28 161 45 52805.6 0 0
34 164 46 52809.9 0 0
41 163 46 52814.1 0 0
52 153 47 52818.4 0 0
58 148 47 52822.6 0 0
71 138 47 52826.8 0 0
79 131 47 52831 0 0
88 123 47 52835.2 0 0
95 118 48 52839.4 0 0
105 116 48 52843.7 0 0
115 107 48 52847.9 0 0
124 99 47 52852.1 0 0
131 98 47 52856.3 0 0
142 96 47 52860.5 0 0
151 94 47 52864.7 0 0
156 87 46 52868.9 0 0
164 88 46 52873.1 0 0
172 83 46 52877.3 0 0
176 82 46 52881.6 0 0
184 80 45 52885.8 0 0
188 78 45 52890 0 0
193 77 45 52894.2 0 0
195 76 45 52907 0 0
192 78 45 52913.2 0 0
188 79 46 52917.4 0 0
192 77 46 52921.7 0 0
193 78 45 52925.9 0 0
190 78 45 52930.1 0 0
190 78 45 52934.3 0 0
191 77 45 52938.5 0 0
191 76 46 52942.8 0 0
192 78 45 52947 0 0
191 78 45 52951.2 0 0
194 78 45 52955.4 0 0
191 76 45 52959.6 0 0
190 76 45 52963.8 0 0
190 77 45 52968.1 0 0
188 78 45 52972.3 0 0
193 78 45 52976.5 0 0
191 77 45 52983.5 0 0
193 78 45 52987.7 0 0
189 80 45 52991.9 0 0
192 79 45 52996.1 0 0
190 79 45 53000.4 0 0
190 79 45 53004.6 0 0
192 77 45 53008.8 0 0
188 79 45 53013 0 0
193 79 45 53017.2 0 0
189 78 45 53021.4 0 0
190 79 45 53025.6 0 0
193 79 45 53029.8 0 0
192 79 45 53034.1 0 0
190 78 45 53038.3 0 0
190 79 45 53042.6 0 0
190 79 45 53046.8 0 0
192 79 45 53051.1 0 0
192 78 45 53055.3 0 0
192 78 45 53059.5 0 0
192 78 45 53063.8 0 0
193 82 45 53070.5 0 0
193 81 45 53074.7 0 0
192 78 45 53078.9 0 0
193 77 45 53083.2 0 0
191 79 45 53087.4 0 0
194 80 45 53091.6 0 0
191 80 45 53095.9 0 0
191 80 45 53100.2 0 0
190 80 45 53104.5 0 0
190 79 45 53108.7 0 0
197 78 45 53112.9 0 0
204 73 45 53117.2 0 0
210 72 45 53121.4 0 0
216 61 44 53125.6 0 0
221 60 44 53129.8 0 0
222 58 44 53134.1 0 0
222 58 43 53138.2 0 0
217 58 43 53142.5 0 0
220 57 44 53146.7 0 0
221 61 43 53150.9 0 0
220 60 44 53155.1 0 0
220 56 44 53159.3 0 0
221 57 43 53163.6 0 0
221 56 43 53167.8 0 0
219 60 44 53172 0 0
220 59 44 53176.2 0 0
224 59 44 53180.4 0 0
221 57 43 53184.6 0 0
222 59 44 53188.8 0 0
218 58 44 53193.1 0 0
225 58 43 53197.3 0 0
221 58 43 53201.5 0 0
223 59 43 53205.7 0 0
222 57 44 53209.9 0 0
223 58 43 53216.7 0 0
217 58 43 53221 0 0
223 57 44 53225.2 0 0
223 57 43 53229.5 0 0
219 57 43 53233.7 0 0
222 57 43 53237.9 0 0
221 59 43 53242.1 0 0
218 58 44 53246.3 0 0
222 59 44 53254.8 0 0
220 56 43 53259 0 0
220 56 43 53263.2 0 0
220 59 43 53267.4 0 0
220 54 44 53271.6 0 0
220 58 44 53275.8 0 0
220 58 43 53280 0 0
218 55 43 53284.3 0 0
219 58 44 53288.5 0 0
217 55 43 53292.7 0 0
221 57 43 53296.9 0 0
221 55 43 53301.1 0 0
217 56 43 53305.3 0 0
220 54 44 53309.5 0 0
220 56 43 53318 0 0
219 55 43 53324.9 0 0
223 59 43 53329.1 0 0
223 60 43 53333.4 0 0
223 57 43 53341.8 0 0
218 58 43 53346.1 0 0
219 57 43 53350.3 0 0
219 58 43 53354.5 0 0
218 55 43 53358.7 0 0
220 57 43 53362.9 0 0
220 56 43 53367.1 0 0
218 58 43 53371.3 0 0
220 57 43 53375.6 0 0
222 58 43 53379.8 0 0
217 58 43 53384 0 0
222 55 43 53388.2 0 0
222 56 43 53392.5 0 0
218 58 43 53396.7 0 0
221 57 43 53400.9 0 0
217 56 43 53405.1 0 0
220 58 43 53409.3 0 0
219 56 43 53413.6 0 0
222 56 43 53417.9 0 0
220 58 43 53422.2 0 0
220 56 43 53429 0 0
222 58 43 53433.3 0 0
221 57 43 53437.5 0 0
221 56 43 53441.7 0 0
220 57 43 53445.9 0 0
215 57 43 53450.2 0 0
219 54 43 53454.4 0 0
222 56 43 53458.6 0 0
217 55 43 53462.8 0 0
220 58 43 53467 0 0
220 58 43 53471.2 0 0
220 55 43 53475.4 0 0
218 58 43 53479.7 0 0
219 54 43 53483.9 0 0
218 57 43 53488.1 0 0
219 55 43 53492.3 0 0
220 56 43 53496.6 0 0
219 55 43 53500.8 0 0
221 58 43 53505 0 0
219 58 43 53509.2 0 0
218 56 43 53517.6 0 0
220 57 43 53521.8 0 0
219 55 43 53526.1 0 0
219 56 43 53530.3 0 0
219 56 43 53534.5 0 0
219 55 43 53539.3 0 0
221 55 43 53543.6 0 0
219 59 43 53547.8 0 0
220 56 43 53552 0 0
220 57 43 53556.2 0 0
218 56 43 53560.4 0 0
219 55 43 53564.6 0 0
222 57 43 53568.9 0 0
219 55 43 53573.1 0 0
217 56 43 53581.5 0 0
220 56 43 53585.7 0 0
219 55 43 53589.9 0 0
223 57 43 53594.2 0 0
219 53 43 53598.4 0 0
217 56 43 53602.6 0 0
218 55 43 53606.8 0 0
218 56 43 53611 0 0
220 57 43 53615.2 0 0
219 56 43 53619.4 0 0
217 57 43 53623.7 0 0
216 55 43 53627.9 0 0
218 57 43 53632.1 0 0
218 57 43 53636.3 0 0
217 57 43 53644.7 0 0
221 55 43 53648.9 0 0
220 56 43 53653.2 0 0
220 59 43 53657.4 0 0
219 58 43 53661.7 0 0
221 59 43 53666.2 0 0
219 54 43 53670.4 0 0
216 58 43 53674.6 0 0
217 55 43 53678.8 0 0
217 57 43 53683.1 0 0
217 57 43 53687.3 0 0
216 55 43 53691.5 0 0
219 57 43 53695.7 0 0
216 57 43 53699.9 0 0
219 55 43 53704.1 0 0
219 56 43 53708.3 0 0
218 57 43 53712.5 0 0
218 55 43 53716.8 0 0
216 56 43 53721 0 0
220 56 43 53729.4 0 0
219 58 43 53733.6 0 0
221 55 43 53737.8 0 0
219 56 43 53742.1 0 0
215 57 43 53746.3 0 0
217 55 43 53750.5 0 0
220 57 43 53754.7 0 0
219 56 43 53759 0 0
220 57 43 53763.2 0 0
217 55 43 53767.5 0 0
216 54 43 53771.7 0 0
219 56 43 53775.9 0 0
218 55 43 53780.1 0 0
221 54 43 53784.3 0 0
217 56 43 53788.5 0 0
218 57 43 53792.8 0 0
214 55 43 53797 0 0
218 57 43 53801.2 0 0
216 57 43 53805.4 0 0
218 56 43 53809.6 0 0
216 55 43 53813.8 0 0
217 57 43 53818.1 0 0
216 56 43 53822.3 0 0
219 59 43 53826.5 0 0
220 55 43 53830.7 0 0
219 58 43 53834.9 0 0
219 58 43 53839.1 0 0
221 58 43 53843.3 0 0
219 58 43 53847.6 0 0
217 56 43 53852.1 0 0
221 56 43 53856.3 0 0
222 54 43 53860.5 0 0
221 58 43 53864.7 0 0
220 57 44 53868.9 0 0
218 57 43 53873.1 0 0
218 57 43 53877.4 0 0
217 56 43 53885.8 0 0
219 53 43 53890 0 0
218 54 43 53894.2 0 0
221 55 43 53898.4 0 0
218 57 43 53902.6 0 0
220 55 43 53906.9 0 0
220 56 43 53911.1 0 0
221 59 43 53915.3 0 0
219 58 43 53919.5 0 0
219 57 43 53923.7 0 0
218 57 43 53928 0 0
219 57 44 53932.2 0 0
221 59 44 53944.8 0 0
224 61 43 53949 0 0
221 62 43 53953.2 0 0
221 58 43 53957.4 0 0
218 55 43 53961.6 0 0
220 57 44 53965.8 0 0
220 59 43 53970.1 0 0
220 61 43 53974.3 0 0
220 62 43 53978.6 0 0
222 61 44 53982.8 0 0
222 58 43 53987 0 0
219 57 43 53991.2 0 0
219 57 43 53995.4 0 0
222 59 44 53999.7 0 0
218 57 43 54004 0 0
216 56 43 54008.2 0 0
219 57 43 54012.4 0 0
219 55 44 54016.6 0 0
218 57 43 54020.8 0 0
220 58 43 54025.1 0 0
220 61 43 54033.5 0 0
220 62 44 54037.7 0 0
219 59 43 54041.9 0 0
221 62 43 54046.2 0 0
220 61 43 54050.4 0 0
219 61 43 54054.6 0 0
217 61 43 54058.8 0 0
222 59 43 54063 0 0
216 58 43 54067.3 0 0
219 59 43 54071.5 0 0
220 59 44 54075.7 0 0
219 58 44 54079.9 0 0
220 61 43 54084.1 0 0
219 60 44 54091.1 0 0
217 60 43 54095.3 0 0
219 61 43 54099.6 0 0
219 61 43 54103.8 0 0
221 59 43 54108 0 0
218 58 44 54112.2 0 0
220 61 43 54116.4 0 0
218 63 44 54120.6 0 0
219 61 43 54124.8 0 0
219 62 43 54129.1 0 0
218 59 43 54133.3 0 0
221 60 43 54137.5 0 0
218 59 44 54141.7 0 0
223 61 44 54145.9 0 0
218 59 44 54150.1 0 0
217 57 44 54154.3 0 0
219 61 43 54158.6 0 0
220 62 43 54162.8 0 0
219 59 43 54167.4 0 0
219 59 44 54171.6 0 0
216 59 44 54178.5 0 0
219 61 43 54182.7 0 0
218 60 44 54186.9 0 0
218 62 44 54191.2 0 0
220 61 44 54195.4 0 0
218 58 44 54199.6 0 0
221 61 43 54203.8 0 0
218 62 43 54208 0 0
218 62 44 54216.4 0 0
221 60 44 54220.7 0 0
219 60 44 54224.9 0 0
220 58 43 54229.1 0 0
215 60 43 54233.3 0 0
218 60 44 54237.5 0 0
223 60 44 54241.7 0 0
217 62 43 54245.9 0 0
223 61 44 54250.2 0 0
221 62 44 54254.4 0 0
216 59 44 54258.6 0 0
219 62 44 54262.8 0 0
215 60 43 54267 0 0
218 62 44 54271.2 0 0
217 62 43 54275.4 0 0
218 60 43 54279.6 0 0
218 60 43 54283.9 0 0
219 59 43 54289.2 0 0
219 64 44 54293.5 0 0
215 68 44 54301.9 0 0
213 72 44 54306.1 0 0
216 79 43 54310.3 0 0
218 85 44 54314.5 0 0
219 101 44 54318.8 0 0
227 156 43 54323 0 0
213 141 23 54327.2 0 0
213 141 0 54331.4 0 0
239 236 44 54482.2 0 0
238 226 44 54486.5 0 0
238 228 44 54490.7 0 0
238 223 44 54494.9 0 0
240 222 44 54499.1 0 0
237 223 44 54503.3 0 0
237 219 44 54507.6 0 0
235 205 44 54511.8 0 0
238 217 44 54516 0 0
237 210 45 54520.2 0 0
236 209 44 54524.4 0 0
238 208 44 54528.6 0 0
239 208 44 54532.9 0 0
239 208 44 54537.3 0 0
236 215 44 54541.7 0 0
236 201 44 54545.9 0 0
236 198 44 54550.1 0 0
233 198 44 54554.3 0 0
235 200 44 54558.5 0 0
233 203 45 54565.4 0 0
235 206 45 54569.7 0 0
239 221 44 54573.9 0 0
236 199 44 54578.1 0 0
235 203 44 54582.3 0 0
235 206 44 54586.5 0 0
236 200 44 54590.7 0 0
234 200 45 54595 0 0
237 207 45 54599.2 0 0
242 222 44 54603.4 0 0
237 197 45 54607.6 0 0
238 199 44 54611.8 0 0
237 199 44 54616 0 0
238 199 44 54620.3 0 0
235 205 44 54624.5 0 0
239 209 44 54628.7 0 0
235 212 44 54632.9 0 0
237 215 44 54637.1 0 0
235 207 44 54641.3 0 0
234 192 44 54645.5 0 0
234 185 44 54649.7 0 0
231 184 45 54653.9 0 0
229 177 44 54658.2 0 0
232 184 44 54662.4 0 0
231 184 44 54669.5 0 0
231 183 45 54673.8 0 0
235 190 45 54678 0 0
236 186 45 54682.2 0 0
232 175 44 54686.4 0 0
231 184 44 54690.7 0 0
235 182 45 54694.9 0 0
233 192 44 54699.1 0 0
234 188 44 54703.3 0 0
234 188 44 54707.5 0 0
234 182 44 54711.7 0 0
233 184 44 54715.9 0 0
232 187 44 54720.1 0 0
235 186 44 54724.4 0 0
234 190 44 54728.6 0 0
234 188 44 54732.8 0 0
234 194 44 54737 0 0
235 193 44 54741.2 0 0
235 198 44 54745.4 0 0
230 181 44 54749.6 0 0
234 192 44 54754 0 0
234 193 44 54758.3 0 0
236 198 44 54762.5 0 0
233 186 44 54766.7 0 0
235 191 44 54771.1 0 0
233 187 44 54777.9 0 0
230 180 44 54782.2 0 0
231 191 45 54786.4 0 0
234 191 44 54790.6 0 0
234 188 44 54794.8 0 0
232 191 44 54799 0 0
235 190 44 54803.2 0 0
229 192 44 54807.4 0 0
231 191 44 54811.7 0 0
234 187 44 54815.9 0 0
230 192 44 54820.1 0 0
233 187 44 54824.3 0 0
234 188 44 54828.5 0 0
235 195 44 54832.7 0 0
232 197 44 54836.9 0 0
230 189 44 54841.2 0 0
233 188 44 54845.4 0 0
231 191 45 54849.6 0 0
234 189 44 54854.1 0 0
233 186 44 54858.3 0 0
234 196 44 54865.1 0 0
231 188 45 54869.4 0 0
234 187 44 54873.6 0 0
233 196 44 54877.8 0 0
234 192 44 54882.1 0 0
232 194 44 54886.3 0 0
235 196 44 54890.5 0 0
233 186 44 54894.9 0 0
232 190 44 54899.2 0 0
233 188 45 54905.7 0 0
233 188 45 54910 0 0
235 190 44 54914.6 0 0
231 195 44 54918.8 0 0
235 194 44 54923 0 0
233 179 44 54927.2 0 0
234 186 45 54931.4 0 0
232 188 44 54935.6 0 0
235 192 44 54939.9 0 0
234 194 44 54944.1 0 0
233 195 44 54948.3 0 0
236 192 45 54952.5 0 0
234 195 44 54956.7 0 0
234 188 44 54960.9 0 0
231 191 44 54965.2 0 0
237 197 44 54969.4 0 0
232 196 44 54973.6 0 0
233 189 44 54977.8 0 0
234 198 44 54982.1 0 0
236 199 44 54986.2 0 0
235 195 44 54990.4 0 0
228 184 44 54994.7 0 0
231 182 44 54998.9 0 0
234 181 44 55003.1 0 0
230 186 44 55007.3 0 0
234 176 44 55011.5 0 0
235 187 44 55015.7 0 0
234 176 44 55019.9 0 0
232 182 44 55024.2 0 0
234 184 44 55028.4 0 0
231 182 45 55032.6 0 0
236 185 44 55036.8 0 0
230 181 44 55041.3 0 0
234 179 44 55045.6 0 0
230 180 44 55049.8 0 0
235 176 44 55054 0 0
233 178 44 55058.2 0 0
232 181 45 55062.4 0 0
231 182 44 55066.6 0 0
234 172 44 55070.9 0 0
233 184 44 55075.1 0 0
234 181 44 55079.3 0 0
235 185 44 55083.5 0 0
234 184 44 55087.7 0 0
234 182 44 55091.9 0 0
232 186 44 55096.1 0 0
237 186 44 55100.4 0 0
236 187 44 55104.6 0 0
230 179 44 55108.8 0 0
232 180 44 55113 0 0
234 184 44 55117.2 0 0
234 187 44 55121.4 0 0
232 181 44 55125.6 0 0
232 182 44 55129.9 0 0
228 177 44 55134.1 0 0
233 180 44 55138.3 0 0
232 180 44 55142.5 0 0
232 177 44 55146.7 0 0
230 184 44 55150.9 0 0
232 180 44 55155.1 0 0
232 175 44 55159.4 0 0
233 184 44 55163.6 0 0
233 181 44 55167.8 0 0
232 178 44 55172 0 0
233 184 44 55176.2 0 0
233 178 44 55180.4 0 0
232 186 44 55184.6 0 0
230 173 44 55188.9 0 0
235 190 44 55193.2 0 0
236 192 44 55197.4 0 0
233 187 44 55201.6 0 0
233 187 44 55205.8 0 0
236 187 44 55210 0 0
235 187 44 55214.2 0 0
231 185 44 55218.4 0 0
232 187 44 55222.7 0 0
237 187 44 55226.9 0 0
227 172 44 55231.1 0 0
236 188 44 55235.3 0 0
231 180 44 55239.5 0 0
228 175 44 55243.8 0 0
230 184 44 55248 0 0
231 170 44 55252.2 0 0
230 184 44 55256.5 0 0
229 173 44 55260.7 0 0
229 190 44 55264.9 0 0
235 188 44 55269.1 0 0
230 185 44 55273.3 0 0
234 187 44 55277.6 0 0
234 187 44 55281.8 0 0
232 186 44 55286.2 0 0
234 188 44 55290.5 0 0
236 186 44 55294.7 0 0
232 185 44 55298.9 0 0
234 188 44 55303.1 0 0
233 183 44 55307.3 0 0
235 185 44 55311.5 0 0
230 187 44 55315.8 0 0
229 183 44 55319.9 0 0
233 188 44 55324.2 0 0
230 186 44 55328.4 0 0
233 188 44 55332.6 0 0
232 187 44 55336.8 0 0
234 187 43 55341 0 0
232 186 44 55345.2 0 0
231 184 44 55349.5 0 0
231 184 44 55354.3 0 0
234 183 44 55358.6 0 0
234 187 44 55362.8 0 0
234 184 44 55367 0 0
231 182 43 55371.2 0 0
231 182 44 55375.4 0 0
231 185 44 55379.7 0 0
235 184 43 55383.9 0 0
232 180 43 55388.1 0 0
233 187 44 55392.3 0 0
232 190 44 55396.5 0 0
233 190 44 55400.7 0 0
234 188 44 55404.9 0 0
234 179 44 55409.2 0 0
233 187 44 55413.4 0 0
232 183 44 55417.6 0 0
231 181 44 55421.8 0 0
231 189 44 55426 0 0
232 185 44 55430.2 0 0
230 187 43 55434.5 0 0
232 178 44 55438.7 0 0
230 173 44 55443 0 0
231 174 44 55447.2 0 0
233 177 44 55451.4 0 0
234 197 44 55455.6 0 0
232 180 44 55459.8 0 0
231 173 44 55464 0 0
234 176 44 55468.2 0 0
232 182 44 55472.5 0 0
233 179 44 55476.7 0 0
233 184 44 55480.9 0 0
230 184 44 55485.1 0 0
231 176 44 55489.3 0 0
231 182 44 55493.5 0 0
231 176 43 55497.7 0 0
234 188 44 55502 0 0
232 179 44 55506.2 0 0
236 192 44 55510.5 0 0
234 194 44 55514.7 0 0
234 184 44 55518.9 0 0
232 194 44 55523.1 0 0
234 195 44 55527.3 0 0
234 197 44 55531.6 0 0
228 179 44 55535.8 0 0
232 188 44 55540 0 0
228 183 44 55544.2 0 0
233 180 44 55548.4 0 0
230 182 44 55552.6 0 0
232 188 44 55556.8 0 0
234 183 44 55561 0 0
231 190 43 55565.3 0 0
228 173 44 55569.5 0 0
218 173 44 55573.7 0 0
213 182 44 55577.9 0 0
217 221 44 55582.4 0 0
76 100 43 55688.8 0 0
75 77 45 55693 0 0
69 56 47 55697.2 0 0
71 44 47 55701.4 0 0
68 33 47 55705.6 0 0
68 29 47 55709.8 0 0
66 25 47 55714.1 0 0
70 25 47 55718.3 0 0
68 28 47 55722.7 0 0
69 28 47 55726.9 0 0
65 26 47 55731.2 0 0
71 25 47 55735.3 0 0
68 28 47 55739.6 0 0
72 29 47 55744 0 0
71 28 47 55748.2 0 0
70 30 47 55752.4 0 0
68 30 47 55756.7 0 0
71 30 47 55760.9 0 0
69 31 47 55765.1 0 0
68 31 47 55769.3 0 0
68 32 46 55773.5 0 0
67 29 47 55777.7 0 0
70 32 48 55781.9 0 0
68 32 47 55786.2 0 0
67 31 47 55790.4 0 0
67 32 47 55794.6 0 0
68 32 47 55798.8 0 0
67 35 47 55803 0 0
69 33 47 55807.2 0 0
66 35 47 55811.4 0 0
67 33 47 55815.7 0 0
65 34 47 55819.8 0 0
66 33 47 55824.1 0 0
68 34 47 55828.3 0 0
67 33 47 55832.5 0 0
66 34 47 55836.7 0 0
68 35 47 55840.9 0 0
66 36 47 55845.1 0 0
71 35 47 55850.1 0 0
67 37 47 55854.4 0 0
68 35 47 55858.7 0 0
68 34 47 55862.9 0 0
69 34 47 55867.1 0 0
66 33 47 55871.3 0 0
68 36 47 55875.5 0 0
66 35 47 55879.8 0 0
68 35 47 55884 0 0
66 36 47 55888.2 0 0
68 37 47 55892.4 0 0
67 36 47 55896.6 0 0
66 35 47 55900.8 0 0
68 35 47 55905 0 0
71 36 47 55909.2 0 0
67 37 47 55913.5 0 0
67 35 47 55917.7 0 0
68 34 47 55921.9 0 0
68 36 47 55926.1 0 0
70 36 47 55930.4 0 0
67 36 47 55934.6 0 0
67 37 47 55938.8 0 0
69 33 47 55943.1 0 0
69 34 47 55947.4 0 0
69 35 47 55951.6 0 0
70 33 47 55955.8 0 0
72 31 47 55960 0 0
75 29 47 55964.2 0 0
81 27 47 55968.4 0 0
77 22 47 55972.9 0 0
79 26 47 55977.2 0 0
76 25 47 55981.4 0 0
78 26 47 55985.6 0 0
78 28 47 55989.8 0 0
77 25 47 55994 0 0
78 23 47 55998.2 0 0
79 25 47 56002.5 0 0
78 27 47 56006.7 0 0
74 26 47 56010.9 0 0
76 23 47 56015.1 0 0
76 26 47 56019.3 0 0
80 25 47 56023.5 0 0
77 26 47 56027.7 0 0
79 27 47 56032 0 0
78 25 47 56036.2 0 0
74 25 47 56043 0 0
77 28 47 56047.2 0 0
78 26 47 56051.4 0 0
78 27 47 56055.6 0 0
79 27 47 56059.8 0 0
76 27 47 56064.1 0 0
78 28 47 56068.3 0 0
75 27 47 56072.5 0 0
76 28 47 56076.7 0 0
77 27 47 56080.9 0 0
78 26 47 56085.1 0 0
80 26 47 56089.4 0 0
78 27 47 56093.6 0 0
80 25 47 56097.8 0 0
76 27 47 56102 0 0
78 24 47 56106.2 0 0
77 25 47 56110.4 0 0
77 26 47 56114.6 0 0
78 26 47 56118.9 0 0
75 25 47 56123.1 0 0
78 25 47 56127.3 0 0
78 27 47 56131.6 0 0
78 25 47 56135.8 0 0
77 26 47 56140 0 0
77 26 47 56147.1 0 0
76 26 47 56151.3 0 0
77 26 47 56155.5 0 0
78 26 47 56159.8 0 0
75 25 47 56164 0 0
77 25 47 56168.4 0 0
79 26 47 56172.6 0 0
75 26 47 56176.8 0 0
80 26 47 56181 0 0
80 25 47 56185.2 0 0
75 28 47 56189.5 0 0
75 27 47 56193.7 0 0
80 25 47 56197.9 0 0
76 27 47 56202.1 0 0
78 25 47 56206.3 0 0
77 27 47 56210.5 0 0
79 26 47 56214.7 0 0
78 27 47 56219 0 0
78 27 47 56223.2 0 0
76 26 47 56227.4 0 0
75 28 47 56231.6 0 0
75 28 47 56235.8 0 0
74 28 47 56242.4 0 0
76 29 47 56246.6 0 0
77 26 47 56250.8 0 0
78 27 47 56255.1 0 0
76 28 47 56259.3 0 0
77 28 47 56263.5 0 0
76 28 47 56267.7 0 0
75 26 47 56271.9 0 0
77 28 47 56276.1 0 0
75 26 47 56280.3 0 0
78 28 47 56284.6 0 0
75 29 47 56288.8 0 0
76 26 47 56293 0 0
78 27 47 56297.2 0 0
74 28 47 56301.4 0 0
76 26 47 56305.6 0 0
76 28 47 56309.8 0 0
78 28 47 56314.1 0 0
76 29 47 56318.3 0 0
73 30 47 56322.5 0 0
76 29 47 56326.7 0 0
78 29 47 56330.9 0 0
75 30 47 56335.1 0 0
74 29 47 56339.3 0 0
75 29 47 56343.6 0 0
78 29 47 56347.8 0 0
75 30 47 56352 0 0
79 30 47 56356.2 0 0
74 28 47 56360.4 0 0
77 28 47 56364.6 0 0
75 27 47 56368.9 0 0
77 29 47 56373.1 0 0
76 28 47 56377.3 0 0
75 29 47 56381.6 0 0
75 28 47 56385.8 0 0
77 30 47 56390 0 0
74 32 47 56394.2 0 0
76 29 47 56398.4 0 0
76 32 47 56402.6 0 0
75 29 47 56406.8 0 0
73 30 47 56411.1 0 0
74 29 47 56415.3 0 0
74 29 47 56419.5 0 0
77 30 47 56423.7 0 0
75 32 46 56427.9 0 0
74 31 47 56432.1 0 0
73 32 47 56436.4 0 0
77 27 47 56440.6 0 0
77 29 47 56444.8 0 0
74 29 47 56449 0 0
75 28 47 56453.2 0 0
74 32 47 56457.4 0 0
73 27 47 56461.7 0 0
74 29 47 56465.9 0 0
77 29 47 56470.1 0 0
75 29 47 56474.3 0 0
74 30 47 56478.6 0 0
74 28 47 56482.8 0 0
73 30 47 56487 0 0
74 27 47 56491.2 0 0
73 29 47 56495.4 0 0
77 32 46 56499.6 0 0
75 27 47 56503.9 0 0
75 31 46 56508.1 0 0
75 29 47 56512.3 0 0
73 30 47 56516.5 0 0
74 30 47 56520.7 0 0
76 28 47 56524.9 0 0
75 29 47 56529.2 0 0
74 30 47 56533.4 0 0
76 30 47 56537.7 0 0
75 30 47 56541.9 0 0
73 28 47 56546.1 0 0
71 30 46 56550.3 0 0
74 31 47 56554.5 0 0
76 30 47 56558.8 0 0
74 29 47 56563 0 0
77 30 46 56567.2 0 0
75 28 47 56571.4 0 0
76 29 46 56575.6 0 0
74 28 47 56579.8 0 0
74 31 46 56584 0 0
75 29 46 56588.2 0 0
75 30 47 56592.5 0 0
74 30 47 56596.7 0 0
76 30 47 56600.9 0 0
76 29 47 56605.2 0 0
76 30 47 56609.4 0 0
76 29 47 56613.6 0 0
75 30 47 56617.8 0 0
76 29 47 56622 0 0
74 30 46 56626.2 0 0
76 29 46 56630.4 0 0
75 30 47 56634.7 0 0
74 29 47 56638.9 0 0
73 30 47 56643.1 0 0
76 30 47 56647.3 0 0
75 29 47 56651.5 0 0
74 29 47 56655.7 0 0
74 29 47 56659.9 0 0
75 30 47 56664.2 0 0
74 30 47 56668.4 0 0
75 29 46 56672.6 0 0
74 31 47 56676.8 0 0
76 31 47 56681 0 0
75 29 47 56685.2 0 0
77 30 47 56689.5 0 0
74 28 47 56693.7 0 0
76 29 47 56697.9 0 0
77 30 47 56704.8 0 0
76 29 47 56709 0 0
75 30 47 56713.3 0 0
73 29 47 56717.5 0 0
78 29 47 56721.8 0 0
76 31 47 56726 0 0
78 28 47 56730.2 0 0
79 30 47 56734.4 0 0
77 29 47 56738.7 0 0
75 27 47 56742.9 0 0
75 27 47 56747.1 0 0
75 30 47 56751.3 0 0
75 27 47 56755.6 0 0
75 29 47 56759.8 0 0
75 30 47 56764 0 0
77 27 47 56768.2 0 0
75 27 47 56772.5 0 0
77 29 47 56776.7 0 0
75 29 47 56780.9 0 0
79 26 47 56785.2 0 0
75 28 47 56789.4 0 0
75 26 47 56793.6 0 0
79 28 47 56800.5 0 0
76 28 47 56804.7 0 0
78 27 47 56808.9 0 0
77 27 47 56813.2 0 0
74 27 47 56817.4 0 0
74 29 47 56821.7 0 0
76 28 47 56825.9 0 0
76 28 47 56830.1 0 0
76 28 47 56834.3 0 0
78 31 47 56838.5 0 0
76 28 47 56842.7 0 0
76 30 47 56847 0 0
79 30 47 56851.2 0 0
78 29 47 56855.4 0 0
75 28 47 56859.6 0 0
77 28 47 56863.8 0 0
77 29 47 56868.1 0 0
75 29 47 56872.3 0 0
77 27 47 56876.5 0 0
77 26 47 56880.7 0 0
77 26 48 56884.9 0 0
75 26 47 56889.1 0 0
77 25 47 56893.3 0 0
78 28 47 56906.8 0 0
77 28 47 56913 0 0
76 29 47 56919 0 0
76 28 47 56923.2 0 0
78 27 47 56929.6 0 0
76 28 47 56933.8 0 0
78 26 47 56938.1 0 0
77 30 47 56942.3 0 0
76 28 47 56946.5 0 0
76 26 47 56950.7 0 0
77 26 47 56954.9 0 0
79 26 47 56959.1 0 0
75 26 47 56963.3 0 0
79 27 47 56967.5 0 0
79 27 47 56971.8 0 0
77 28 47 56976 0 0
76 29 47 56980.2 0 0
78 29 47 56984.4 0 0
78 31 47 56988.6 0 0
78 29 47 56992.8 0 0
78 26 48 56997 0 0
79 26 47 57001.3 0 0
78 26 47 57005.5 0 0
78 26 48 57009.7 0 0
76 26 48 57013.9 0 0
78 27 47 57018.1 0 0
75 26 48 57022.3 0 0
76 27 48 57026.5 0 0
77 28 47 57030.8 0 0
78 27 47 57035 0 0
75 26 48 57039.2 0 0
81 28 47 57043.4 0 0
78 26 47 57054.5 0 0
78 26 47 57062.9 0 0
77 27 48 57070.6 0 0
79 28 47 57074.8 0 0
78 29 47 57079.4 0 0
78 30 48 57083.7 0 0
77 30 48 57087.9 0 0
77 29 47 57092.1 0 0
79 31 48 57096.3 0 0
80 33 47 57100.6 0 0
78 35 48 57104.8 0 0
81 39 47 57109 0 0
81 50 47 57113.2 0 0
84 86 46 57117.5 0 0
85 144 42 57121.7 0 0
85 144 0 57125.9 0 0
85 144 0 57130.2 0 0
85 144 0 57134.4 0 0
85 144 0 57138.6 0 0
85 144 0 57145.6 0 0
85 144 0 57149.9 0 0
85 144 0 57154.1 0 0
85 144 0 57158.3 0 0
85 144 0 57162.6 0 0
85 144 0 57166.8 0 0
85 144 0 57171 0 0
85 144 0 57175.2 0 0
85 144 0 57179.4 0 0
85 144 0 57183.6 0 0
85 144 0 57187.8 0 0
85 144 0 57192.1 0 0
85 144 0 57196.3 0 0
85 144 0 57200.5 0 0
85 144 0 57204.7 0 0
78 153 38 57208.9 0 0
81 132 42 57213.1 0 0
80 115 44 57217.3 0 0
79 102 46 57221.5 0 0
78 86 46 57225.7 0 0
74 77 47 57229.9 0 0
80 67 47 57234.2 0 0
75 58 48 57238.4 0 0
75 50 48 57242.6 0 0
75 48 48 57246.8 0 0
73 44 48 57251 0 0
75 43 48 57255.2 0 0
75 40 48 57259.5 0 0
75 37 48 57263.7 0 0
75 38 48 57267.9 0 0
75 37 48 57272.1 0 0
76 38 48 57276.3 0 0
76 37 48 57280.5 0 0
73 37 48 57287.5 0 0
75 37 48 57296 0 0
73 37 48 57304.4 0 0
73 37 48 57312.7 0 0
71 38 48 57320.5 0 0
72 39 48 57324.7 0 0
75 36 48 57329.2 0 0
76 42 48 57333.4 0 0
75 40 48 57337.7 0 0
74 39 48 57341.9 0 0
74 39 48 57346.1 0 0
77 40 48 57350.3 0 0
73 37 48 57354.7 0 0
73 39 48 57358.9 0 0
74 37 48 57363.2 0 0
76 40 48 57367.4 0 0
75 39 48 57371.6 0 0
74 39 48 57375.8 0 0
74 36 48 57380.1 0 0
74 40 48 57384.3 0 0
73 39 48 57388.5 0 0
77 39 48 57392.7 0 0
73 39 48 57396.9 0 0
75 41 48 57401.1 0 0
77 39 48 57405.3 0 0
76 41 48 57409.5 0 0
75 39 48 57413.8 0 0
74 38 48 57418 0 0
73 40 48 57422.2 0 0
74 39 48 57429.1 0 0
74 39 49 57433.3 0 0
75 37 48 57437.6 0 0
76 39 48 57441.8 0 0
74 39 48 57446 0 0
74 38 48 57450.2 0 0
72 38 48 57454.4 0 0
77 38 48 57458.6 0 0
76 38 48 57462.8 0 0
74 37 48 57467.1 0 0
75 40 48 57471.2 0 0
76 40 48 57475.4 0 0
75 37 48 57479.8 0 0
70 38 48 57484 0 0
74 38 48 57488.5 0 0
74 42 48 57492.7 0 0
74 38 48 57496.9 0 0
72 39 48 57501.1 0 0
73 37 48 57506.4 0 0
75 39 48 57512.5 0 0
76 37 48 57516.7 0 0
74 41 48 57520.9 0 0
76 38 48 57525.1 0 0
74 38 48 57529.3 0 0
73 38 48 57533.6 0 0
73 40 48 57537.8 0 0
74 41 48 57542 0 0
74 40 48 57546.2 0 0
75 38 49 57550.4 0 0
74 38 48 57554.6 0 0
75 39 48 57558.9 0 0
80 42 49 57563.1 0 0
86 44 49 57567.3 0 0
94 51 49 57571.5 0 0
98 48 49 57575.8 0 0
104 56 48 57580 0 0
109 62 49 57584.2 0 0
109 66 48 57588.4 0 0
116 72 48 57592.6 0 0
115 79 48 57596.9 0 0
114 82 48 57601.1 0 0
112 77 48 57605.4 0 0
111 74 48 57609.6 0 0
116 77 48 57616.6 0 0
116 81 48 57620.8 0 0
114 80 48 57625.1 0 0
115 81 49 57629.3 0 0
112 78 49 57633.5 0 0
112 80 48 57637.7 0 0
114 81 48 57641.9 0 0
113 79 49 57646.1 0 0
117 80 48 57650.3 0 0
116 82 48 57654.6 0 0
117 80 48 57658.8 0 0
114 83 48 57663 0 0
115 83 49 57667.5 0 0
113 81 49 57671.7 0 0
114 81 49 57675.9 0 0
117 84 48 57680.1 0 0
113 84 49 57684.3 0 0
117 80 48 57688.6 0 0
114 81 49 57692.8 0 0
114 80 49 57699.6 0 0
116 83 49 57703.8 0 0
117 85 49 57708.1 0 0
116 81 48 57712.3 0 0
117 87 49 57716.5 0 0
114 83 48 57720.8 0 0
115 83 48 57725 0 0
114 87 49 57729.2 0 0
113 85 49 57733.4 0 0
116 86 48 57737.6 0 0
120 94 49 57741.8 0 0
123 96 49 57746 0 0
122 101 48 57750.3 0 0
121 102 48 57754.5 0 0
124 105 48 57758.7 0 0
124 106 48 57762.9 0 0
123 106 48 57767.1 0 0
119 103 48 57771.3 0 0
123 104 48 57775.5 0 0
123 105 48 57779.8 0 0
126 102 48 57784 0 0
124 104 48 57788.2 0 0
126 105 48 57792.4 0 0
123 106 48 57796.6 0 0
122 105 48 57800.9 0 0
122 105 48 57805.1 0 0
121 106 48 57812 0 0
123 107 48 57816.2 0 0
123 103 48 57820.5 0 0
123 106 48 57824.7 0 0
125 106 48 57828.9 0 0
124 106 48 57833.1 0 0
123 107 49 57837.3 0 0
120 106 48 57841.5 0 0
128 104 48 57845.8 0 0
123 107 48 57850 0 0
127 105 48 57854.2 0 0
124 105 48 57858.4 0 0
123 105 48 57862.7 0 0
121 102 48 57866.8 0 0
123 104 48 57871.1 0 0
121 107 48 57875.3 0 0
124 106 48 57879.5 0 0
124 107 48 57883.7 0 0
126 108 48 57887.9 0 0
124 104 48 57892.2 0 0
126 105 48 57896.4 0 0
122 107 49 57900.6 0 0
124 107 48 57904.8 0 0
122 106 49 57909 0 0
121 106 48 57913.2 0 0
123 106 48 57920.3 0 0
124 106 48 57928.6 0 0
125 103 48 57937.1 0 0
124 106 48 57945.3 0 0
124 106 48 57953.6 0 0
123 110 48 57961.2 0 0
125 134 47 57965.4 0 0
124 193 46 57970.3 0 0
124 193 0 57974.5 0 0
124 193 0 57978.7 0 0
124 193 0 57982.9 0 0
124 193 0 57987.2 0 0
124 193 0 57991.4 0 0
124 193 0 57995.6 0 0
124 193 0 57999.8 0 0
124 193 0 58004 0 0
124 193 0 58008.2 0 0
124 193 0 58012.5 0 0
124 193 0 58016.7 0 0
124 193 0 58020.9 0 0
124 193 0 58025.1 0 0
124 193 0 58029.3 0 0
124 193 0 58033.5 0 0
124 193 0 58037.8 0 0
124 193 0 58042 0 0
124 193 0 58046.2 0 0
124 193 0 58053 0 0
124 193 0 58057.3 0 0
124 193 0 58061.5 0 0
124 193 0 58065.7 0 0
124 193 0 58069.9 0 0
124 193 0 58074.1 0 0
124 193 0 58078.3 0 0
124 193 0 58082.5 0 0
124 193 0 58086.7 0 0
124 193 0 58090.9 0 0
122 190 43 58095.2 0 0
121 165 45 58099.4 0 0
124 151 46 58103.8 0 0
120 138 47 58108 0 0
121 128 47 58112.2 0 0
119 114 48 58116.4 0 0
119 101 48 58120.7 0 0
116 97 48 58124.9 0 0
119 90 48 58129.1 0 0
118 83 48 58133.4 0 0
118 83 48 58137.6 0 0
118 80 48 58141.8 0 0
119 78 48 58146 0 0
117 76 48 58150.2 0 0
119 75 48 58154.4 0 0
120 78 48 58158.7 0 0
119 73 49 58162.9 0 0
119 79 49 58167.1 0 0
116 71 48 58171.3 0 0
117 78 48 58175.5 0 0
117 75 48 58179.7 0 0
120 78 48 58183.9 0 0
117 79 48 58190.8 0 0
119 77 48 58195.1 0 0
117 78 48 58199.3 0 0
117 78 48 58203.6 0 0
116 78 48 58207.8 0 0
116 75 48 58212 0 0
115 79 48 58216.2 0 0
117 76 48 58220.4 0 0
118 77 48 58224.7 0 0
118 75 48 58228.9 0 0
118 81 48 58233.1 0 0
120 78 48 58237.3 0 0
115 79 48 58241.5 0 0
118 77 48 58245.7 0 0
117 76 48 58249.9 0 0
119 76 49 58255.7 0 0
116 78 48 58259.9 0 0
120 79 48 58266 0 0
118 79 48 58270.2 0 0
117 77 48 58274.4 0 0
118 76 48 58278.6 0 0
118 74 48 58282.8 0 0
117 79 48 58287.1 0 0
119 77 48 58291.3 0 0
115 75 48 58295.5 0 0
120 78 48 58299.7 0 0
117 73 48 58303.9 0 0
117 78 48 58308.2 0 0
117 75 48 58312.4 0 0
117 75 49 58316.6 0 0
116 78 48 58320.8 0 0
120 75 48 58325.1 0 0
119 78 48 58329.2 0 0
117 76 49 58333.5 0 0
116 77 48 58337.7 0 0
118 75 48 58341.9 0 0
119 77 48 58346.1 0 0
119 75 48 58350.3 0 0
118 77 48 58354.6 0 0
121 78 48 58358.8 0 0
117 76 48 58365.9 0 0
120 81 48 58370.1 0 0
117 78 48 58374.3 0 0
120 76 48 58378.6 0 0
117 75 48 58382.8 0 0
116 78 48 58387 0 0
114 77 48 58391.2 0 0
119 76 48 58395.4 0 0
121 75 48 58399.6 0 0
118 79 48 58403.8 0 0
121 76 48 58408 0 0
117 79 48 58412.3 0 0
119 78 49 58416.5 0 0
120 80 48 58420.7 0 0
120 79 48 58424.9 0 0
121 78 48 58429.1 0 0
119 74 48 58433.3 0 0
119 77 48 58437.6 0 0
118 78 48 58441.8 0 0
116 74 48 58446 0 0
119 73 48 58450.2 0 0
121 78 48 58454.4 0 0
115 77 48 58458.6 0 0
117 78 48 58465.8 0 0
118 75 48 58474 0 0
122 78 48 58482.3 0 0
121 73 48 58490.8 0 0
119 78 48 58499 0 0
117 77 48 58507.2 0 0
117 77 48 58515.7 0 0
115 79 48 58523.8 0 0
118 74 48 58528.1 0 0
122 78 48 58532.3 0 0
120 77 48 58536.5 0 0
116 81 48 58540.8 0 0
116 77 48 58545 0 0
119 79 48 58549.2 0 0
119 74 48 58553.4 0 0
119 78 48 58557.6 0 0
118 78 48 58561.8 0 0
119 77 48 58566.1 0 0
116 78 48 58570.3 0 0
117 76 48 58574.5 0 0
121 76 48 58578.7 0 0
118 77 48 58582.9 0 0
120 78 48 58587.1 0 0
117 75 48 58591.3 0 0
118 75 48 58595.6 0 0
121 76 49 58599.8 0 0
120 77 48 58604.1 0 0
118 80 48 58608.3 0 0
121 77 48 58612.5 0 0
118 79 48 58616.7 0 0
113 74 48 58620.9 0 0
117 76 48 58625.2 0 0
121 74 48 58629.4 0 0
120 81 48 58636.4 0 0
120 75 48 58640.6 0 0
120 78 48 58644.8 0 0
119 80 48 58649 0 0
116 77 48 58653.2 0 0
120 79 48 58657.5 0 0
119 78 48 58661.7 0 0
119 77 48 58665.9 0 0
118 79 48 58670.3 0 0
118 79 48 58674.5 0 0
118 77 48 58678.7 0 0
121 77 49 58682.9 0 0
118 76 48 58687.2 0 0
116 78 48 58691.5 0 0
120 79 49 58695.8 0 0
117 78 48 58699.9 0 0
119 80 48 58704.2 0 0
117 77 48 58708.4 0 0
119 76 48 58712.6 0 0
119 71 48 58716.8 0 0
120 79 48 58723.8 0 0
118 82 48 58728.1 0 0
122 79 49 58732.3 0 0
118 77 48 58736.5 0 0
119 78 48 58740.7 0 0
120 79 48 58744.9 0 0
121 79 48 58749.1 0 0
118 78 48 58753.3 0 0
118 76 48 58757.6 0 0
117 77 48 58761.8 0 0
115 79 48 58766 0 0
118 74 48 58770.4 0 0
117 75 48 58774.6 0 0
116 78 48 58778.8 0 0
119 77 48 58783 0 0
119 75 48 58787.2 0 0
118 78 48 58791.5 0 0
120 78 48 58795.7 0 0
117 77 48 58799.9 0 0
117 76 48 58804.1 0 0
119 77 48 58808.4 0 0
115 77 48 58815.2 0 0
118 77 48 58819.5 0 0
116 78 48 58823.7 0 0
117 76 48 58827.9 0 0
118 75 48 58832.1 0 0
119 80 48 58836.4 0 0
117 77 48 58840.6 0 0
118 76 48 58844.8 0 0
116 74 48 58849 0 0
118 78 48 58853.7 0 0
118 78 48 58857.9 0 0
121 77 48 58862.1 0 0
118 77 48 58866.3 0 0
122 78 48 58870.5 0 0
119 79 48 58874.7 0 0
119 78 48 58879.4 0 0
119 82 48 58883.6 0 0
116 88 47 58890.4 0 0
113 100 48 58894.6 0 0
114 105 48 58901.6 0 0
118 107 48 58905.8 0 0
117 110 48 58911.2 0 0
117 108 48 58915.4 0 0
122 109 48 58919.6 0 0
118 103 47 58923.8 0 0
119 102 47 58928 0 0
118 105 48 58932.2 0 0
119 100 47 58936.4 0 0
115 102 47 58940.7 0 0
118 111 48 58944.9 0 0
118 100 47 58949.1 0 0
118 105 47 58953.3 0 0
121 110 48 58957.5 0 0
118 105 47 58961.7 0 0
120 106 47 58965.9 0 0
119 107 47 58970.2 0 0
119 106 47 58974.4 0 0
119 104 47 58978.7 0 0
116 105 47 58982.9 0 0
120 105 47 58987.1 0 0
119 107 47 58991.3 0 0
119 107 47 58995.5 0 0
115 102 47 58999.7 0 0
119 101 47 59003.9 0 0
118 100 47 59008.2 0 0
116 101 47 59015 0 0
117 103 47 59019.3 0 0
118 100 47 59023.5 0 0
116 101 47 59027.7 0 0
121 102 47 59032 0 0
118 101 47 59036.2 0 0
117 102 47 59040.4 0 0
122 98 47 59044.6 0 0
117 100 47 59048.8 0 0
119 106 47 59053 0 0
119 100 47 59057.3 0 0
119 102 47 59061.5 0 0
119 104 47 59065.7 0 0
121 105 47 59069.9 0 0
118 104 47 59074.1 0 0
118 107 47 59078.3 0 0
119 103 47 59082.5 0 0
119 106 47 59086.8 0 0
118 103 47 59091 0 0
119 104 47 59095.2 0 0
121 104 47 59099.4 0 0
122 107 47 59103.9 0 0
122 108 47 59108.2 0 0
122 108 47 59114.9 0 0
123 106 47 59119.2 0 0
122 107 47 59123.4 0 0
123 107 47 59127.6 0 0
120 109 47 59131.9 0 0
119 107 47 59136.1 0 0
121 105 47 59140.3 0 0
119 107 47 59144.6 0 0
123 107 47 59148.9 0 0
123 109 46 59153.1 0 0
124 108 47 59157.4 0 0
121 108 47 59161.6 0 0
120 109 47 59165.8 0 0
123 109 46 59170.1 0 0
122 109 47 59174.3 0 0
122 110 47 59178.5 0 0
120 106 47 59182.7 0 0
121 108 47 59186.9 0 0
123 110 47 59191.1 0 0
123 106 47 59195.3 0 0
120 109 47 59199.6 0 0
121 107 47 59203.8 0 0
121 108 47 59210.8 0 0
122 106 47 59215 0 0
123 107 47 59219.2 0 0
123 103 47 59223.5 0 0
121 103 47 59227.7 0 0
121 101 47 59232 0 0
121 104 47 59236.2 0 0
120 106 47 59240.4 0 0
121 106 47 59244.6 0 0
121 104 47 59248.8 0 0
122 103 47 59253 0 0
120 103 47 59257.2 0 0
121 101 47 59261.5 0 0
122 109 47 59265.7 0 0
124 106 47 59269.9 0 0
121 107 47 59274.1 0 0
124 110 47 59278.3 0 0
121 109 48 59282.6 0 0
121 109 47 59286.8 0 0
120 105 47 59291 0 0
123 105 47 59295.2 0 0
120 106 47 59299.4 0 0
124 107 47 59303.6 0 0
124 104 47 59310.8 0 0
122 101 47 59319 0 0
120 108 47 59327.4 0 0
120 105 47 59335.7 0 0
120 105 47 59344 0 0
119 103 47 59351.8 0 0
122 105 47 59356 0 0
124 102 47 59360.7 0 0
123 108 47 59364.9 0 0
121 103 47 59369.1 0 0
123 109 47 59373.3 0 0
122 107 47 59377.5 0 0
123 110 47 59381.7 0 0
120 109 47 59385.9 0 0
122 106 47 59390.1 0 0
121 107 47 59394.3 0 0
122 109 47 59398.6 0 0
120 106 47 59402.8 0 0
123 108 47 59407 0 0
124 109 47 59411.2 0 0
123 106 47 59415.4 0 0
123 111 47 59419.6 0 0
121 104 47 59423.8 0 0
125 105 47 59428.1 0 0
122 106 47 59432.3 0 0
122 106 47 59436.5 0 0
122 106 47 59440.7 0 0
120 109 46 59444.9 0 0
122 105 47 59449.1 0 0
120 109 47 59453.3 0 0
123 109 47 59457.5 0 0
123 109 47 59461.7 0 0
121 113 48 59466 0 0
124 109 47 59470.2 0 0
121 110 47 59474.5 0 0
123 107 47 59481.3 0 0
121 109 47 59485.5 0 0
122 110 47 59489.9 0 0
119 106 47 59494.2 0 0
124 110 47 59498.4 0 0
121 110 47 59502.7 0 0
123 110 47 59506.9 0 0
121 106 47 59511.1 0 0
122 109 47 59515.3 0 0
121 106 47 59519.5 0 0
121 110 47 59523.8 0 0
124 110 47 59528 0 0
121 107 47 59532.2 0 0
122 111 47 59536.4 0 0
121 107 47 59540.7 0 0
122 107 47 59544.9 0 0
121 109 47 59549.1 0 0
121 108 47 59553.3 0 0
122 108 47 59557.5 0 0
120 107 47 59561.7 0 0
120 109 47 59566 0 0
123 108 47 59570.2 0 0
126 110 47 59574.4 0 0
120 108 47 59581.2 0 0
121 110 47 59585.4 0 0
122 109 47 59589.7 0 0
119 108 47 59593.9 0 0
121 110 47 59598.2 0 0
124 109 47 59602.4 0 0
118 109 47 59606.6 0 0
123 107 47 59610.8 0 0
123 109 47 59615 0 0
120 113 48 59619.2 0 0
118 109 47 59623.4 0 0
117 106 47 59627.7 0 0
120 106 47 59631.9 0 0
116 104 47 59636.1 0 0
119 105 47 59640.3 0 0
120 106 47 59645 0 0
119 104 47 59649.2 0 0
123 108 47 59653.4 0 0
118 102 47 59657.6 0 0
119 102 47 59661.9 0 0
120 106 47 59668.6 0 0
121 103 47 59672.9 0 0
120 109 47 59677.1 0 0
123 106 47 59681.3 0 0
120 107 47 59685.5 0 0
121 109 47 59689.7 0 0
119 108 47 59694 0 0
120 107 47 59698.2 0 0
121 107 47 59702.4 0 0
119 107 47 59706.7 0 0
123 109 47 59710.9 0 0
118 109 47 59715.1 0 0
121 105 47 59719.3 0 0
117 106 47 59723.6 0 0
119 105 47 59727.8 0 0
121 106 47 59732 0 0
117 103 47 59736.2 0 0
119 102 47 59740.4 0 0
120 106 47 59744.6 0 0
116 106 47 59748.8 0 0
119 107 47 59753.1 0 0
118 109 47 59757.4 0 0
117 107 47 59761.6 0 0
120 107 47 59765.8 0 0
123 106 47 59770 0 0
122 109 47 59777 0 0
121 108 47 59781.2 0 0
120 106 47 59785.5 0 0
121 109 47 59789.7 0 0
119 107 47 59793.9 0 0
123 110 47 59798.1 0 0
117 105 47 59802.3 0 0
117 106 47 59806.5 0 0
120 102 47 59810.8 0 0
119 102 47 59815 0 0
119 105 47 59819.2 0 0
118 105 47 59823.4 0 0
121 101 47 59827.7 0 0
120 107 47 59831.9 0 0
121 106 47 59836.1 0 0
119 108 47 59840.3 0 0
118 107 47 59844.5 0 0
121 109 47 59848.7 0 0
117 107 47 59853 0 0
120 111 47 59857.2 0 0
123 110 47 59861.4 0 0
120 107 47 59865.6 0 0
122 109 47 59869.8 0 0
122 111 47 59874 0 0
119 109 47 59881.1 0 0
120 107 47 59885.3 0 0
121 107 47 59889.5 0 0
120 107 47 59893.7 0 0
121 108 47 59897.9 0 0
123 109 47 59902.2 0 0
119 107 47 59906.4 0 0
123 107 47 59910.6 0 0
120 107 47 59914.8 0 0
122 107 47 59919.1 0 0
120 106 47 59923.3 0 0
120 105 47 59927.5 0 0
122 110 47 59931.7 0 0
122 106 47 59935.9 0 0
119 110 47 59940.2 0 0
122 109 47 59944.4 0 0
119 108 47 59948.6 0 0
122 107 47 59952.8 0 0
118 107 47 59957.1 0 0
125 108 47 59961.3 0 0
122 110 47 59965.5 0 0
119 106 47 59969.8 0 0
123 108 47 59974 0 0
123 105 47 59981 0 0
122 102 47 59985.2 0 0
125 105 47 59989.4 0 0
123 107 47 59993.7 0 0
123 106 47 59997.9 0 0
124 105 47 60002.1 0 0
124 102 47 60006.3 0 0
122 103 47 60010.5 0 0
124 102 47 60014.7 0 0
122 102 47 60018.9 0 0
123 101 47 60023.1 0 0
119 103 47 60027.4 0 0
122 103 47 60031.6 0 0
125 102 47 60035.8 0 0
123 103 47 60040 0 0
124 101 47 60044.2 0 0
121 108 48 60048.5 0 0
122 104 47 60052.7 0 0
126 105 47 60057 0 0
124 107 47 60061.2 0 0
126 101 47 60065.4 0 0
120 106 47 60069.7 0 0
125 105 47 60073.9 0 0
124 104 47 60080.7 0 0
127 106 47 60084.9 0 0
122 105 47 60089.2 0 0
127 101 47 60093.4 0 0
123 102 47 60097.9 0 0
123 100 47 60102.2 0 0
121 103 47 60106.4 0 0
121 102 47 60110.6 0 0
123 107 47 60114.8 0 0
125 108 47 60119 0 0
123 109 47 60123.2 0 0
126 107 47 60127.5 0 0
126 107 47 60131.7 0 0
124 108 47 60135.9 0 0
124 109 47 60140.1 0 0
121 113 48 60144.3 0 0
125 111 48 60148.5 0 0
124 106 47 60152.7 0 0
124 107 47 60157 0 0
127 106 47 60161.2 0 0
126 107 47 60168.3 0 0
125 106 47 60172.6 0 0
124 107 47 60176.8 0 0
124 108 47 60181 0 0
124 108 47 60185.2 0 0
126 107 47 60189.4 0 0
126 107 47 60193.7 0 0
124 106 47 60197.9 0 0
128 105 47 60202.1 0 0
123 110 48 60206.3 0 0
123 108 47 60210.5 0 0
125 109 47 60214.8 0 0
118 113 48 60219 0 0
124 107 47 60223.2 0 0
121 107 47 60227.4 0 0
120 108 47 60231.6 0 0
121 104 47 60235.8 0 0
120 101 47 60240.1 0 0
122 103 47 60244.3 0 0
121 107 47 60248.5 0 0
120 104 47 60252.7 0 0
121 104 47 60256.9 0 0
120 103 47 60261.2 0 0
121 107 47 60268 0 0
123 101 47 60272.3 0 0
119 106 47 60276.5 0 0
122 103 47 60280.8 0 0
120 104 47 60285 0 0
120 103 47 60289.2 0 0
121 106 47 60293.4 0 0
121 109 48 60297.6 0 0
120 106 47 60301.8 0 0
123 106 47 60306 0 0
120 107 47 60310.2 0 0
120 107 48 60314.5 0 0
123 105 47 60318.7 0 0
122 107 48 60322.9 0 0
122 108 48 60327.2 0 0
119 107 48 60331.3 0 0
121 107 47 60335.6 0 0
122 107 47 60339.8 0 0
121 106 47 60344 0 0
120 106 47 60348.2 0 0
121 105 47 60352.5 0 0
122 104 47 60356.7 0 0
120 106 48 60360.9 0 0
120 104 47 60365.1 0 0
121 107 48 60369.4 0 0
120 106 47 60373.6 0 0
119 107 48 60380.6 0 0
124 106 47 60384.8 0 0
122 103 47 60389.1 0 0
120 103 47 60393.2 0 0
121 106 47 60397.5 0 0
123 103 47 60401.7 0 0
121 105 47 60405.9 0 0
118 109 48 60410.2 0 0
121 105 48 60414.4 0 0
119 109 48 60418.6 0 0
123 104 47 60422.8 0 0
121 109 48 60427 0 0
123 102 47 60431.2 0 0
122 104 47 60435.5 0 0
119 110 48 60439.7 0 0
120 104 47 60444.1 0 0
120 102 47 60448.3 0 0
118 107 48 60452.5 0 0
118 107 48 60456.7 0 0
120 108 48 60461.1 0 0
120 107 48 60465.4 0 0
124 113 48 60469.6 0 0
119 109 48 60473.8 0 0
122 110 48 60478.1 0 0
120 109 48 60482.3 0 0
120 107 48 60486.6 0 0
123 104 47 60490.8 0 0
122 109 48 60495 0 0
121 106 48 60499.2 0 0
121 106 48 60503.4 0 0
119 109 48 60507.6 0 0
121 103 47 60511.8 0 0
121 107 48 60516.1 0 0
121 111 48 60520.2 0 0
120 102 47 60524.5 0 0
125 106 47 60528.7 0 0
121 109 48 60532.9 0 0
120 111 48 60537.2 0 0
121 111 48 60541.6 0 0
118 107 48 60545.8 0 0
122 108 48 60550.1 0 0
120 100 47 60554.3 0 0
121 109 48 60558.5 0 0
122 108 48 60562.7 0 0
121 109 48 60566.9 0 0
119 108 48 60571.1 0 0
120 107 48 60575.3 0 0
119 103 47 60579.5 0 0
121 108 48 60583.7 0 0
119 109 48 60588 0 0
120 109 48 60592.2 0 0
121 108 48 60596.4 0 0
122 102 47 60600.7 0 0
121 107 48 60604.9 0 0
124 110 48 60609.1 0 0
121 102 47 60613.5 0 0
122 111 48 60617.7 0 0
123 112 48 60621.9 0 0
118 102 47 60626.2 0 0
124 109 48 60630.4 0 0
127 111 48 60634.7 0 0
123 109 48 60638.8 0 0
121 108 47 60643.1 0 0
120 108 48 60647.2 0 0
123 106 47 60651.5 0 0
124 109 48 60655.7 0 0
123 111 48 60659.9 0 0
119 109 48 60664.2 0 0
123 105 48 60668.4 0 0
122 107 48 60672.6 0 0
125 105 47 60676.8 0 0
121 109 48 60681 0 0
119 111 48 60685.2 0 0
119 103 47 60689.4 0 0
122 106 47 60693.7 0 0
123 109 48 60697.9 0 0
118 104 47 60702.1 0 0
118 109 47 60706.3 0 0
119 107 48 60710.5 0 0
123 106 47 60714.7 0 0
122 112 48 60718.9 0 0
123 108 48 60723.2 0 0
119 110 48 60727.4 0 0
119 112 48 60731.6 0 0
119 112 48 60735.8 0 0
121 112 48 60742.4 0 0
124 112 48 60746.6 0 0
120 109 48 60750.8 0 0
123 114 48 60755.1 0 0
121 109 48 60759.3 0 0
123 105 47 60763.5 0 0
123 112 48 60767.8 0 0
122 108 48 60772.1 0 0
121 107 48 60776.4 0 0
122 105 47 60780.6 0 0
121 106 48 60784.8 0 0
124 107 48 60789 0 0
120 106 48 60793.3 0 0
119 109 48 60797.5 0 0
120 105 48 60801.7 0 0
121 111 48 60805.9 0 0
122 112 48 60810.1 0 0
122 107 48 60814.3 0 0
121 106 48 60818.6 0 0
123 109 48 60822.8 0 0
121 109 48 60827 0 0
123 107 47 60831.2 0 0
120 110 48 60835.4 0 0
117 109 48 60839.6 0 0
124 106 48 60843.8 0 0
121 105 48 60848.1 0 0
122 107 48 60852.3 0 0
119 106 48 60856.5 0 0
121 109 48 60860.7 0 0
122 107 48 60864.9 0 0
123 107 48 60869.1 0 0
121 109 48 60873.3 0 0
123 107 48 60877.6 0 0
121 109 48 60881.8 0 0
123 102 47 60886 0 0
122 106 48 60890.2 0 0
122 108 48 60894.4 0 0
122 110 48 60907.1 0 0
120 110 48 60914.1 0 0
124 111 47 60918.3 0 0
120 109 48 60922.5 0 0
120 105 48 60926.7 0 0
121 110 48 60930.9 0 0
123 107 48 60935.2 0 0
122 109 48 60939.4 0 0
121 108 48 60943.6 0 0
118 109 48 60947.8 0 0
121 108 48 60952 0 0
123 102 47 60956.2 0 0
122 112 48 60960.4 0 0
120 107 48 60964.7 0 0
119 108 47 60968.9 0 0
121 105 48 60973.1 0 0
120 108 48 60977.3 0 0
123 105 47 60981.5 0 0
121 111 48 60985.7 0 0
123 107 48 60990 0 0
123 109 48 60994.2 0 0
123 109 48 60998.4 0 0
123 110 48 61002.6 0 0
123 105 47 61006.8 0 0
121 113 48 61011.1 0 0
121 106 47 61015.3 0 0
124 109 48 61019.6 0 0
121 108 48 61023.8 0 0
121 110 48 61028 0 0
124 107 47 61032.2 0 0
123 109 48 61036.4 0 0
122 103 47 61040.8 0 0
124 105 48 61045 0 0
124 111 48 61049.2 0 0
121 113 48 61053.5 0 0
121 112 48 61057.7 0 0
121 112 48 61061.9 0 0
120 113 48 61066.1 0 0
121 110 48 61070.3 0 0
120 111 48 61074.6 0 0
119 110 48 61078.8 0 0
121 107 47 61082.9 0 0
121 109 47 61087.2 0 0
124 112 48 61091.4 0 0
119 109 48 61095.6 0 0
125 110 48 61099.8 0 0
121 111 48 61104.1 0 0
123 107 48 61108.3 0 0
126 110 48 61112.5 0 0
124 109 48 61116.7 0 0
121 112 48 61120.9 0 0
123 107 48 61125.1 0 0
122 109 48 61129.4 0 0
123 110 48 61133.6 0 0
122 113 48 61137.8 0 0
125 110 48 61142 0 0
124 111 48 61146.2 0 0
122 112 48 61150.4 0 0
123 107 47 61154.6 0 0
125 106 48 61158.9 0 0
126 107 48 61163.1 0 0
125 107 47 61167.3 0 0
123 104 47 61171.5 0 0
124 108 48 61175.8 0 0
125 108 47 61180.1 0 0
124 102 47 61184.3 0 0
125 106 47 61188.5 0 0
123 108 47 61192.7 0 0
126 109 48 61197 0 0
126 109 47 61201.2 0 0
127 113 48 61205.4 0 0
124 114 48 61209.6 0 0
124 111 47 61213.8 0 0
124 122 47 61218 0 0
128 141 47 61222.2 0 0
123 169 46 61226.4 0 0
122 199 45 61230.7 0 0
123 220 44 61234.9 0 0
123 220 0 61239.1 0 0
123 220 0 61243.3 0 0
123 220 0 61247.5 0 0
123 220 0 61251.8 0 0
123 220 0 61256 0 0
123 220 0 61260.2 0 0
123 220 0 61264.4 0 0
123 220 0 61268.6 0 0
127 223 43 61272.8 0 0
124 214 44 61277.1 0 0
124 206 45 61281.3 0 0
119 196 45 61285.5 0 0
119 183 45 61289.7 0 0
118 180 46 61293.9 0 0
120 176 46 61298.1 0 0
120 169 46 61302.3 0 0
119 159 46 61306.6 0 0
124 154 46 61310.8 0 0
118 148 47 61315 0 0
124 139 47 61319.3 0 0
119 133 47 61323.5 0 0
119 132 47 61327.7 0 0
118 125 47 61331.9 0 0
120 125 47 61336.1 0 0
122 119 47 61340.3 0 0
119 119 47 61344.6 0 0
120 117 47 61348.8 0 0
121 118 47 61353 0 0
121 115 47 61357.2 0 0
119 114 47 61361.4 0 0
120 114 48 61365.6 0 0
120 110 47 61369.9 0 0
120 110 47 61374.1 0 0
121 113 48 61378.3 0 0
121 115 48 61382.5 0 0
119 110 47 61386.7 0 0
118 111 47 61390.9 0 0
119 110 47 61395.1 0 0
119 116 48 61399.3 0 0
119 112 47 61403.6 0 0
119 114 48 61407.8 0 0
121 113 48 61412 0 0
120 115 48 61416.5 0 0
116 114 48 61420.7 0 0
122 113 47 61424.9 0 0
117 110 47 61429.1 0 0
119 114 48 61433.3 0 0
121 113 48 61437.6 0 0
121 109 47 61441.8 0 0
117 113 47 61446 0 0
120 110 47 61450.2 0 0
122 117 48 61454.4 0 0
118 110 47 61458.6 0 0
119 109 47 61462.9 0 0
119 109 47 61467.1 0 0
121 115 47 61471.4 0 0
117 106 47 61475.6 0 0
120 113 47 61479.8 0 0
124 114 48 61484 0 0
121 110 47 61488.3 0 0
122 110 47 61492.6 0 0
118 110 47 61496.8 0 0
120 111 47 61501 0 0
121 110 47 61505.2 0 0
125 113 48 61509.5 0 0
124 107 47 61513.7 0 0
124 107 47 61517.9 0 0
121 106 47 61522.1 0 0
122 109 47 61526.3 0 0
121 106 47 61530.5 0 0
119 110 47 61534.7 0 0
122 110 47 61538.9 0 0
121 111 48 61543.2 0 0
122 110 47 61547.4 0 0
121 112 47 61551.6 0 0
121 111 47 61555.8 0 0
118 109 47 61560 0 0
121 112 47 61564.3 0 0
121 111 47 61568.5 0 0
124 113 48 61572.7 0 0
123 108 47 61576.9 0 0
122 107 47 61581.1 0 0
122 111 48 61585.3 0 0
122 111 47 61589.6 0 0
120 108 47 61593.8 0 0
123 110 47 61598 0 0
125 110 47 61602.2 0 0
119 109 47 61606.4 0 0
122 110 47 61610.7 0 0
122 108 47 61614.9 0 0
123 111 47 61619.1 0 0
123 107 47 61623.3 0 0
121 107 47 61627.5 0 0
121 110 47 61631.8 0 0
119 108 47 61636 0 0
124 109 47 61640.2 0 0
122 108 47 61644.4 0 0
123 108 47 61648.6 0 0
123 110 47 61652.8 0 0
121 109 47 61657.1 0 0
122 109 47 61661.3 0 0
122 106 47 61665.5 0 0
123 115 48 61669.7 0 0
121 112 47 61673.9 0 0
123 111 47 61678.1 0 0
125 110 47 61682.3 0 0
123 105 47 61686.6 0 0
122 109 47 61690.8 0 0
125 113 47 61695 0 0
121 104 47 61699.2 0 0
123 110 47 61703.4 0 0
123 110 47 61707.8 0 0
123 109 47 61711.9 0 0
122 108 47 61716.2 0 0
122 112 47 61720.4 0 0
118 106 47 61724.6 0 0
123 110 47 61729.1 0 0
123 111 47 61733.3 0 0
122 111 47 61737.6 0 0
123 112 47 61741.8 0 0
121 106 47 61746 0 0
122 107 47 61750.2 0 0
121 108 47 61754.5 0 0
122 108 47 61758.7 0 0
124 110 47 61762.9 0 0
123 110 47 61767.1 0 0
122 109 47 61771.3 0 0
120 109 47 61775.5 0 0
120 107 47 61779.8 0 0
121 110 47 61784 0 0
122 111 47 61788.2 0 0
123 109 47 61792.4 0 0
119 102 47 61796.6 0 0
121 108 47 61800.9 0 0
123 111 47 61805.1 0 0
123 105 47 61809.3 0 0
123 111 47 61813.6 0 0
121 104 47 61817.8 0 0
124 111 47 61822 0 0
123 108 47 61826.2 0 0
121 106 47 61830.4 0 0
121 108 47 61834.6 0 0
120 112 47 61838.8 0 0
122 109 47 61843 0 0
121 112 47 61847.2 0 0
120 110 47 61851.5 0 0
124 109 47 61855.7 0 0
123 107 47 61859.9 0 0
121 107 47 61864.1 0 0
123 109 47 61868.3 0 0
122 109 47 61872.6 0 0
121 109 47 61876.8 0 0
123 109 47 61881 0 0
122 108 47 61885.2 0 0
125 108 47 61889.4 0 0
125 109 47 61893.6 0 0
122 109 47 61897.8 0 0
123 108 47 61902.1 0 0
123 108 47 61906.3 0 0
121 108 47 61910.5 0 0
124 110 47 61914.8 0 0
124 108 47 61919 0 0
120 110 47 61923.2 0 0
126 107 47 61927.4 0 0
122 109 47 61931.6 0 0
121 110 47 61935.8 0 0
122 109 47 61940.1 0 0
122 109 47 61944.3 0 0
123 109 47 61948.5 0 0
123 109 47 61952.7 0 0
123 110 47 61956.9 0 0
124 108 47 61961.4 0 0
122 110 47 61965.7 0 0
121 109 47 61969.9 0 0
124 109 47 61974.1 0 0
124 111 47 61978.3 0 0
123 108 47 61982.6 0 0
123 107 47 61986.8 0 0
122 115 48 61991 0 0
122 110 47 61995.2 0 0
121 107 47 61999.4 0 0
123 110 47 62003.7 0 0
120 110 47 62007.9 0 0
124 110 47 62012.1 0 0
123 109 47 62016.3 0 0
124 109 47 62020.5 0 0
122 109 47 62024.7 0 0
122 108 47 62028.9 0 0
124 108 47 62033.2 0 0
122 107 47 62037.4 0 0
123 110 47 62041.6 0 0
123 107 47 62045.9 0 0
121 108 47 62050.1 0 0
124 109 47 62054.3 0 0
120 108 47 62058.5 0 0
124 109 47 62062.7 0 0
122 107 47 62066.9 0 0
123 108 47 62071.2 0 0
121 109 47 62075.4 0 0
125 109 47 62079.6 0 0
124 109 47 62083.8 0 0
122 109 47 62088 0 0
126 108 47 62092.2 0 0
122 109 47 62096.4 0 0
122 107 47 62100.6 0 0
124 111 47 62104.9 0 0
125 109 47 62109.1 0 0
121 113 47 62113.4 0 0
123 109 46 62117.6 0 0
124 109 47 62121.8 0 0
125 109 47 62126 0 0
122 106 47 62130.2 0 0
120 107 47 62134.5 0 0
123 110 47 62138.7 0 0
123 110 47 62142.9 0 0
125 107 47 62148.7 0 0
122 109 47 62152.9 0 0
122 108 47 62157.1 0 0
121 107 47 62161.4 0 0
121 108 47 62165.9 0 0
124 107 47 62170.2 0 0
124 108 47 62174.3 0 0
122 107 47 62178.6 0 0
122 107 46 62182.8 0 0
119 107 47 62187 0 0
121 105 47 62191.2 0 0
124 108 46 62195.4 0 0
122 106 46 62199.7 0 0
120 107 47 62203.9 0 0
122 107 46 62208.1 0 0
121 102 46 62212.3 0 0
122 106 47 62216.5 0 0
123 105 46 62220.8 0 0
122 103 47 62225 0 0
120 107 46 62229.8 0 0
120 107 47 62234 0 0
123 103 47 62238.4 0 0
119 108 46 62242.7 0 0
124 103 47 62246.9 0 0
121 104 47 62251.2 0 0
124 102 46 62255.4 0 0
124 105 47 62259.6 0 0
122 106 47 62263.8 0 0
121 103 47 62268 0 0
120 106 46 62272.2 0 0
121 108 47 62276.4 0 0
122 107 47 62280.6 0 0
123 107 46 62284.8 0 0
123 106 46 62289.1 0 0
123 110 46 62293.3 0 0
121 107 47 62297.5 0 0
123 108 47 62301.7 0 0
123 107 46 62305.9 0 0
120 109 46 62310.2 0 0
121 102 46 62314.4 0 0
120 103 47 62318.6 0 0
119 111 47 62322.8 0 0
125 108 47 62327.1 0 0
123 107 47 62331.2 0 0
124 107 47 62335.5 0 0
124 108 47 62339.7 0 0
122 106 46 62343.9 0 0
121 109 46 62348.1 0 0
122 103 46 62352.3 0 0
122 105 46 62356.6 0 0
121 106 46 62360.8 0 0
122 103 46 62364.9 0 0
122 108 47 62369.2 0 0
122 108 46 62373.4 0 0
122 110 46 62377.6 0 0
125 109 46 62381.8 0 0
122 106 47 62386 0 0
122 109 47 62390.2 0 0
120 108 47 62394.4 0 0
121 109 47 62398.8 0 0
123 102 46 62403 0 0
118 103 46 62407.3 0 0
120 105 47 62412.5 0 0
119 103 47 62416.7 0 0
122 103 46 62420.9 0 0
122 106 47 62425.1 0 0
119 103 47 62429.3 0 0
124 107 47 62433.5 0 0
122 108 47 62437.7 0 0
122 108 46 62442 0 0
123 105 46 62446.2 0 0
120 104 46 62450.4 0 0
120 106 46 62454.6 0 0
122 107 46 62458.8 0 0
119 105 46 62463 0 0
121 107 46 62467.2 0 0
122 109 47 62471.5 0 0
123 105 47 62475.7 0 0
120 105 47 62479.9 0 0
123 108 47 62484.1 0 0
123 107 47 62488.4 0 0
123 108 47 62492.6 0 0
122 106 46 62499.3 0 0
123 110 46 62503.6 0 0
123 108 47 62507.8 0 0
122 106 46 62512 0 0
122 109 47 62516.2 0 0
125 106 46 62520.4 0 0
120 105 47 62524.6 0 0
123 109 47 62528.8 0 0
120 105 47 62533.1 0 0
122 109 47 62537.3 0 0
124 107 46 62541.6 0 0
122 104 46 62545.8 0 0
122 108 46 62550 0 0
119 102 47 62554.2 0 0
119 106 46 62558.4 0 0
123 106 47 62562.6 0 0
120 106 46 62566.8 0 0
122 110 47 62571.1 0 0
123 107 46 62575.2 0 0
122 107 46 62579.5 0 0
121 109 47 62583.7 0 0
125 108 47 62587.9 0 0
123 106 47 62592.1 0 0
123 110 47 62596.3 0 0
123 109 47 62600.6 0 0
124 106 47 62607.7 0 0
121 108 47 62611.9 0 0
122 108 47 62616.1 0 0
124 105 47 62620.4 0 0
122 106 47 62624.6 0 0
121 110 46 62628.8 0 0
123 107 46 62633.2 0 0
122 105 46 62637.4 0 0
119 103 47 62641.6 0 0
121 106 47 62645.8 0 0
121 103 47 62650 0 0
119 110 46 62654.2 0 0
123 108 46 62658.5 0 0
122 106 47 62662.7 0 0
121 107 46 62666.9 0 0
122 107 46 62671.1 0 0
120 108 47 62675.3 0 0
122 107 47 62679.5 0 0
121 106 47 62683.7 0 0
123 107 46 62688 0 0
121 110 47 62695.1 0 0
124 110 46 62699.3 0 0
122 106 46 62703.5 0 0
123 111 47 62707.7 0 0
120 108 47 62711.9 0 0
122 108 46 62716.1 0 0
120 108 47 62720.4 0 0
122 109 47 62724.6 0 0
117 105 47 62729.1 0 0
123 108 46 62733.5 0 0
123 109 47 62737.7 0 0
122 109 47 62741.9 0 0
122 105 47 62746.1 0 0
125 108 46 62750.4 0 0
124 109 47 62754.6 0 0
122 109 47 62758.8 0 0
124 111 47 62763 0 0
124 109 47 62767.2 0 0
121 109 47 62771.6 0 0
121 106 47 62778.3 0 0
121 108 46 62782.5 0 0
123 109 47 62786.8 0 0
121 106 47 62791 0 0
121 107 47 62795.2 0 0
122 107 47 62799.4 0 0
124 105 47 62803.6 0 0
121 109 46 62807.9 0 0
121 109 46 62812.1 0 0
122 107 47 62816.5 0 0
123 108 47 62820.7 0 0
121 108 46 62824.9 0 0
124 111 47 62829.1 0 0
123 109 47 62833.3 0 0
124 109 47 62837.6 0 0
121 109 46 62841.8 0 0
123 105 47 62846 0 0
120 110 47 62850.3 0 0
123 109 47 62854.5 0 0
121 107 47 62858.7 0 0
121 109 47 62862.9 0 0
123 108 47 62867.1 0 0
122 108 47 62874.2 0 0
123 108 47 62878.4 0 0
124 108 47 62882.6 0 0
120 107 47 62886.8 0 0
120 108 47 62891 0 0
123 109 46 62895.2 0 0
121 108 47 62899.4 0 0
123 109 47 62909.1 0 0
121 106 47 62913.3 0 0
121 106 47 62919.9 0 0
123 108 47 62924.1 0 0
120 107 47 62928.3 0 0
122 109 46 62932.5 0 0
124 109 47 62936.7 0 0
120 106 47 62941 0 0
121 110 47 62945.2 0 0
124 109 46 62949.4 0 0
120 107 47 62953.6 0 0
122 110 47 62957.8 0 0
121 106 47 62962 0 0
121 110 47 62966.2 0 0
121 110 47 62970.5 0 0
120 105 46 62974.7 0 0
123 102 47 62979 0 0
121 104 47 62983.2 0 0
122 106 46 62987.4 0 0
123 109 47 62991.6 0 0
123 104 46 62995.8 0 0
124 105 47 63000.1 0 0
120 109 47 63004.5 0 0
119 108 46 63008.8 0 0
120 109 47 63015.5 0 0
119 105 47 63019.8 0 0
119 105 47 63024 0 0
120 101 47 63028.2 0 0
119 106 46 63032.4 0 0
123 102 47 63036.7 0 0
