123 131 45 12023.9 0 0
120 131 45 12028 0 0
120 139 45 12032.3 0 0
121 131 45 12036.5 0 0
120 137 45 12040.8 0 0
122 138 45 12045 0 0
119 132 45 12049.2 0 0
120 133 45 12053.4 0 0
123 132 45 12057.6 0 0
122 135 45 12061.9 0 0
121 135 45 12066.1 0 0
121 135 45 12070.3 0 0
121 137 45 12074.6 0 0
123 135 45 12078.8 0 0
123 135 45 12083 0 0
118 136 45 12089.8 0 0
121 137 45 12094 0 0
121 132 45 12098.3 0 0
120 137 45 12102.5 0 0
122 133 45 12106.7 0 0
120 137 45 12110.9 0 0
121 135 45 12115.1 0 0
119 133 45 12119.3 0 0
119 137 45 12123.5 0 0
121 135 45 12127.8 0 0
122 136 45 12132 0 0
121 135 45 12136.2 0 0
120 132 45 12140.4 0 0
119 135 45 12144.6 0 0
120 136 45 12148.9 0 0
121 134 45 12153.1 0 0
122 134 45 12157.3 0 0
119 134 45 12161.5 0 0
119 134 0 12165.8 0 0
121 131 45 12170 0 0
118 134 45 12174.2 0 0
120 135 46 12178.4 0 0
119 137 45 12182.6 0 0
118 136 45 12186.8 0 0
119 133 45 12191 0 0
120 131 44 12197.9 0 0
121 137 45 12202.2 0 0
118 138 45 12206.4 0 0
121 133 45 12210.6 0 0
121 136 45 12214.8 0 0
118 129 45 12219 0 0
121 137 45 12223.3 0 0
118 132 45 12227.5 0 0
121 133 44 12231.7 0 0
121 135 45 12235.9 0 0
119 133 45 12240.1 0 0
119 127 44 12244.3 0 0
120 133 45 12248.5 0 0
121 138 45 12252.7 0 0
121 134 45 12257 0 0
120 135 44 12261.2 0 0
120 135 44 12265.4 0 0
122 133 44 12269.6 0 0
120 137 45 12273.8 0 0
120 135 44 12278 0 0
122 134 45 12282.2 0 0
133 143 45 12286.5 0 0
131 121 46 12290.7 0 0
142 100 45 12294.9 0 0
149 83 45 12299.1 0 0
156 67 45 12303.3 0 0
160 61 45 12307.5 0 0
166 55 44 12311.7 0 0
164 51 45 12318.8 0 0
167 51 44 12323.1 0 0
166 50 44 12327.3 0 0
165 54 44 12331.5 0 0
165 51 44 12335.7 0 0
166 50 44 12339.9 0 0
164 49 44 12344.1 0 0
166 51 44 12348.4 0 0
165 48 44 12352.6 0 0
164 49 43 12356.8 0 0
165 46 43 12361 0 0
167 49 44 12365.2 0 0
164 48 43 12369.4 0 0
166 48 43 12373.6 0 0
167 48 43 12377.9 0 0
165 47 42 12382 0 0
170 50 42 12386.2 0 0
162 47 42 12390.5 0 0
169 49 42 12394.7 0 0
164 48 42 12398.9 0 0
166 47 42 12403.1 0 0
165 49 41 12407.4 0 0
165 49 41 12411.6 0 0
164 47 42 12418.3 0 0
169 51 41 12422.5 0 0
165 47 41 12426.7 0 0
165 51 41 12431 0 0
165 51 0 12435.2 0 0
167 49 41 12439.5 0 0
167 49 0 12443.7 0 0
168 50 41 12447.9 0 0
165 48 40 12452.1 0 0
165 49 40 12456.4 0 0
169 54 40 12460.5 0 0
168 50 40 12464.8 0 0
163 49 40 12469 0 0
167 51 40 12473.2 0 0
172 52 40 12477.4 0 0
166 54 40 12481.6 0 0
155 48 40 12485.9 0 0
144 49 40 12490.1 0 0
132 51 39 12494.3 0 0
121 53 39 12498.5 0 0
109 49 40 12502.7 0 0
101 54 39 12507 0 0
91 52 39 12511.2 0 0
84 59 39 12515.4 0 0
78 59 39 12519.6 0 0
81 59 39 12523.8 0 0
82 58 38 12528 0 0
85 56 39 12532.2 0 0
82 55 39 12536.5 0 0
81 55 39 12540.7 0 0
81 58 38 12544.9 0 0
79 57 39 12549.1 0 0
82 51 38 12553.3 0 0
80 56 38 12557.5 0 0
81 52 38 12561.8 0 0
78 52 38 12566 0 0
81 53 38 12570.2 0 0
79 53 38 12574.4 0 0
81 52 38 12578.6 0 0
79 55 39 12582.9 0 0
79 54 38 12587.1 0 0
79 53 39 12591.3 0 0
77 53 38 12595.5 0 0
81 54 38 12599.8 0 0
78 53 38 12604 0 0
77 54 38 12608.2 0 0
80 51 38 12612.4 0 0
75 52 38 12616.6 0 0
80 53 38 12620.8 0 0
83 53 38 12625 0 0
81 56 38 12629.2 0 0
82 53 38 12633.4 0 0
81 55 38 12637.6 0 0
80 54 38 12641.9 0 0
79 54 38 12646.1 0 0
81 57 38 12650.3 0 0
79 53 38 12654.5 0 0
80 58 38 12658.7 0 0
79 54 38 12663 0 0
79 54 38 12667.2 0 0
79 56 39 12671.4 0 0
80 54 38 12675.6 0 0
79 52 38 12680.1 0 0
79 54 37 12684.3 0 0
79 54 38 12688.5 0 0
81 55 38 12692.8 0 0
77 54 38 12697 0 0
79 54 38 12701.2 0 0
80 53 38 12705.4 0 0
81 57 38 12709.6 0 0
81 55 38 12713.8 0 0
79 53 38 12718 0 0
83 54 38 12722.2 0 0
81 54 38 12726.5 0 0
80 53 38 12730.7 0 0
83 49 38 12734.9 0 0
86 47 38 12739.1 0 0
80 54 38 12743.3 0 0
81 51 38 12747.5 0 0
78 52 38 12751.8 0 0
81 53 38 12756 0 0
82 52 37 12760.2 0 0
81 51 38 12764.5 0 0
79 55 37 12768.7 0 0
83 54 38 12772.9 0 0
80 53 38 12777.1 0 0
81 50 38 12781.3 0 0
79 50 38 12785.5 0 0
80 53 38 12789.7 0 0
81 54 38 12794 0 0
75 51 38 12798.2 0 0
76 54 38 12802.4 0 0
77 51 37 12806.6 0 0
73 49 38 12810.8 0 0
79 50 38 12815 0 0
75 50 38 12819.2 0 0
75 50 37 12823.4 0 0
78 48 38 12827.6 0 0
75 56 37 12831.9 0 0
76 50 38 12836.1 0 0
71 49 38 12840.3 0 0
75 47 38 12844.5 0 0
78 48 37 12848.7 0 0
80 49 37 12853 0 0
79 51 38 12857.2 0 0
79 51 37 12861.4 0 0
78 53 38 12865.6 0 0
79 50 37 12869.8 0 0
79 50 37 12874 0 0
78 52 37 12878.2 0 0
79 50 37 12882.4 0 0
81 49 37 12886.6 0 0
80 51 37 12890.8 0 0
80 50 38 12895 0 0
80 50 0 12899.3 0 0
83 51 37 12903.5 0 0
80 52 37 12907.7 0 0
82 51 37 12912 0 0
79 47 37 12916.2 0 0
83 50 37 12920.4 0 0
80 50 37 12924.6 0 0
79 51 37 12928.8 0 0
82 55 37 12933 0 0
80 48 37 12937.2 0 0
82 49 37 12941.4 0 0
81 51 37 12945.6 0 0
78 49 37 12949.9 0 0
80 52 37 12954.1 0 0
80 55 37 12958.3 0 0
83 50 37 12962.5 0 0
82 49 37 12966.7 0 0
86 53 37 12970.9 0 0
84 51 37 12975.1 0 0
84 51 37 12979.4 0 0
82 50 37 12983.6 0 0
83 51 38 12987.8 0 0
83 51 0 12992 0 0
79 50 37 12996.2 0 0
81 53 38 13000.4 0 0
87 63 38 13004.6 0 0
80 51 37 13010.6 0 0
80 56 37 13014.8 0 0
82 48 38 13019 0 0
83 50 38 13023.2 0 0
83 50 0 13027.5 0 0
82 55 37 13031.7 0 0
80 51 38 13035.9 0 0
82 53 38 13040.1 0 0
82 49 38 13044.3 0 0
81 54 38 13048.5 0 0
82 52 38 13052.8 0 0
82 51 38 13057 0 0
85 51 38 13061.1 0 0
83 48 38 13065.4 0 0
81 53 38 13069.6 0 0
83 50 38 13073.8 0 0
81 52 38 13078.1 0 0
81 52 38 13082.3 0 0
82 55 38 13086.5 0 0
80 50 38 13090.7 0 0
81 53 38 13094.9 0 0
82 53 38 13099.1 0 0
80 52 38 13103.4 0 0
81 54 38 13107.6 0 0
80 53 38 13111.8 0 0
81 53 39 13116 0 0
81 54 38 13120.2 0 0
81 49 39 13124.4 0 0
81 52 39 13128.6 0 0
81 53 39 13132.8 0 0
80 54 38 13137 0 0
82 50 38 13141.3 0 0
80 54 39 13145.5 0 0
80 51 39 13149.8 0 0
81 51 39 13154 0 0
80 54 39 13158.2 0 0
80 54 39 13162.4 0 0
81 53 39 13166.6 0 0
79 51 39 13170.9 0 0
80 55 39 13175.1 0 0
78 54 40 13179.3 0 0
78 54 0 13183.5 0 0
81 53 39 13187.7 0 0
80 54 40 13191.9 0 0
80 55 40 13196.1 0 0
81 55 40 13200.4 0 0
79 55 40 13204.6 0 0
81 55 40 13208.8 0 0
79 53 40 13213 0 0
80 53 40 13217.2 0 0
80 54 40 13221.4 0 0
80 55 40 13225.6 0 0
78 55 40 13229.9 0 0
80 55 40 13234.1 0 0
80 54 40 13238.3 0 0
81 53 40 13242.5 0 0
77 55 41 13246.7 0 0
80 54 41 13250.9 0 0
79 56 41 13255.2 0 0
79 56 41 13259.4 0 0
77 56 40 13263.7 0 0
80 54 41 13267.9 0 0
70 67 40 13272.1 0 0
68 77 40 13276.3 0 0
63 93 41 13280.5 0 0
59 102 40 13284.7 0 0
61 106 40 13289 0 0
57 113 41 13293.2 0 0
59 120 40 13297.4 0 0
57 133 40 13301.6 0 0
55 134 41 13305.8 0 0
54 144 41 13310 0 0
56 135 41 13314.2 0 0
54 133 41 13318.4 0 0
55 125 41 13322.6 0 0
57 128 41 13326.9 0 0
55 134 41 13331.1 0 0
55 131 41 13335.3 0 0
54 135 41 13339.5 0 0
58 134 41 13343.7 0 0
57 130 41 13347.9 0 0
55 138 41 13352.1 0 0
56 136 41 13356.4 0 0
54 136 41 13360.6 0 0
56 137 41 13364.8 0 0
55 136 41 13369 0 0
56 136 41 13373.2 0 0
56 137 41 13377.4 0 0
54 137 41 13381.6 0 0
57 131 41 13385.8 0 0
56 134 41 13390 0 0
57 131 41 13394.2 0 0
55 135 41 13398.5 0 0
59 139 42 13405.4 0 0
52 137 42 13409.7 0 0
57 138 41 13413.9 0 0
56 136 42 13418.1 0 0
57 136 42 13422.3 0 0
53 140 42 13426.5 0 0
57 137 42 13430.7 0 0
53 135 42 13434.9 0 0
53 137 42 13439.1 0 0
56 133 42 13443.4 0 0
53 135 42 13448.6 0 0
54 138 42 13452.8 0 0
53 138 42 13459.4 0 0
55 134 42 13463.6 0 0
55 139 43 13467.9 0 0
56 142 42 13472.1 0 0
54 142 42 13476.3 0 0
54 140 43 13480.5 0 0
56 144 42 13484.7 0 0
53 139 43 13489 0 0
56 137 42 13493.1 0 0
56 143 42 13497.4 0 0
55 142 42 13501.6 0 0
54 138 43 13505.8 0 0
53 137 42 13510.1 0 0
57 142 42 13514.3 0 0
56 137 42 13518.5 0 0
54 134 43 13522.7 0 0
52 138 43 13526.9 0 0
56 138 43 13531.1 0 0
54 146 42 13535.3 0 0
55 134 43 13539.6 0 0
59 129 43 13543.9 0 0
65 108 43 13548.1 0 0
72 94 43 13552.3 0 0
78 84 44 13556.5 0 0
81 68 44 13560.7 0 0
82 63 43 13567.5 0 0
84 59 44 13571.8 0 0
85 55 43 13576 0 0
82 54 43 13580.2 0 0
86 52 43 13584.4 0 0
86 53 43 13588.6 0 0
86 53 43 13592.9 0 0
86 56 43 13597.1 0 0
86 53 43 13601.3 0 0
85 53 43 13605.5 0 0
84 57 44 13609.8 0 0
88 53 44 13614 0 0
86 52 44 13618.2 0 0
85 54 44 13622.5 0 0
82 55 44 13626.7 0 0
84 54 44 13630.9 0 0
85 53 44 13635.1 0 0
85 54 43 13639.3 0 0
83 56 44 13643.5 0 0
83 54 44 13647.8 0 0
84 55 44 13652 0 0
85 54 44 13656.2 0 0
85 55 44 13660.4 0 0
85 57 44 13664.6 0 0
84 54 44 13671.7 0 0
84 57 44 13675.9 0 0
86 59 44 13680.1 0 0
82 56 44 13684.4 0 0
84 55 45 13688.6 0 0
86 55 44 13692.8 0 0
84 55 44 13697 0 0
88 56 44 13701.2 0 0
86 54 44 13705.4 0 0
87 54 44 13709.6 0 0
86 54 44 13713.9 0 0
88 54 44 13718.1 0 0
85 54 44 13722.3 0 0
87 56 44 13726.5 0 0
83 58 44 13730.7 0 0
84 57 44 13734.9 0 0
83 55 45 13739.1 0 0
87 56 44 13743.4 0 0
83 56 44 13747.6 0 0
84 56 44 13751.8 0 0
85 55 44 13756 0 0
86 56 44 13760.3 0 0
86 55 44 13767.4 0 0
85 57 44 13775.6 0 0
85 58 44 13784.1 0 0
84 53 45 13792.3 0 0
84 53 45 13800.6 0 0
86 56 44 13808.9 0 0
87 54 44 13813.1 0 0
84 53 44 13817.3 0 0
88 54 44 13821.6 0 0
82 53 44 13825.8 0 0
87 51 44 13830 0 0
88 53 44 13834.2 0 0
86 56 45 13838.4 0 0
81 52 44 13842.6 0 0
87 54 44 13846.9 0 0
86 57 44 13851.1 0 0
84 55 44 13855.3 0 0
87 55 44 13859.5 0 0
85 53 44 13863.7 0 0
86 53 44 13867.9 0 0
84 55 44 13872.1 0 0
85 53 45 13876.3 0 0
86 53 45 13880.5 0 0
88 54 44 13884.8 0 0
85 57 44 13889 0 0
85 54 44 13893.3 0 0
84 53 44 13897.5 0 0
85 55 44 13901.7 0 0
87 57 44 13905.9 0 0
86 61 45 13910.1 0 0
87 57 45 13914.3 0 0
89 57 45 13918.5 0 0
98 57 45 13925.5 0 0
107 65 45 13929.7 0 0
115 76 45 13934 0 0
114 89 45 13938.2 0 0
116 97 45 13942.4 0 0
120 115 45 13946.6 0 0
123 130 44 13950.9 0 0
122 145 44 13955 0 0
121 154 44 13959.3 0 0
121 151 44 13963.5 0 0
122 150 45 13967.7 0 0
123 147 44 13971.9 0 0
123 144 44 13976.1 0 0
124 146 44 13980.3 0 0
125 149 44 13984.5 0 0
121 148 44 13988.8 0 0
120 149 44 13993 0 0
127 150 44 13997.2 0 0
120 150 45 14001.4 0 0
123 150 44 14005.7 0 0
122 150 44 14009.9 0 0
121 150 44 14014.1 0 0
120 151 45 14018.3 0 0
124 151 45 14022.5 0 0
122 152 44 14026.7 0 0
121 148 45 14033.9 0 0
120 154 45 14038.1 0 0
119 152 45 14042.3 0 0
122 150 44 14046.5 0 0
122 157 45 14050.7 0 0
122 153 45 14054.9 0 0
122 154 44 14059.1 0 0
122 153 45 14063.4 0 0
122 154 45 14067.6 0 0
122 150 45 14071.9 0 0
122 152 45 14076.1 0 0
122 150 45 14080.3 0 0
123 151 45 14084.5 0 0
123 147 45 14088.7 0 0
124 150 45 14092.9 0 0
122 150 45 14097.1 0 0
121 149 45 14101.4 0 0
122 146 45 14105.6 0 0
121 149 46 14109.8 0 0
122 150 45 14114 0 0
120 150 45 14118.2 0 0
124 150 45 14122.4 0 0
124 151 45 14126.6 0 0
124 151 45 14130.8 0 0
120 146 45 14135 0 0
122 147 46 14142.2 0 0
121 151 45 14150.5 0 0
125 150 46 14158.7 0 0
121 148 46 14167.2 0 0
122 149 46 14175.4 0 0
123 143 46 14183.7 0 0
123 143 46 14192.2 0 0
124 151 45 14199.6 0 0
120 151 46 14203.8 0 0
125 154 46 14208.7 0 0
124 150 45 14212.9 0 0
122 146 45 14217.1 0 0
124 152 45 14221.4 0 0
122 149 46 14225.6 0 0
119 150 46 14229.8 0 0
121 149 46 14234 0 0
119 150 46 14238.2 0 0
124 149 46 14242.4 0 0
121 149 45 14246.6 0 0
122 149 45 14250.9 0 0
125 150 46 14255.1 0 0
123 150 46 14259.4 0 0
123 152 45 14263.6 0 0
123 151 46 14267.8 0 0
123 150 45 14272 0 0
123 149 46 14276.2 0 0
123 150 45 14280.4 0 0
119 148 46 14284.6 0 0
123 149 46 14288.9 0 0
123 154 46 14293.1 0 0
121 147 46 14297.3 0 0
123 148 45 14301.5 0 0
123 147 45 14305.7 0 0
126 152 45 14312.8 0 0
122 149 45 14317.1 0 0
121 147 45 14321.3 0 0
124 153 45 14325.6 0 0
122 150 45 14329.8 0 0
120 151 45 14334 0 0
124 150 46 14338.2 0 0
123 148 45 14342.4 0 0
122 148 45 14346.6 0 0
127 153 45 14350.9 0 0
127 151 45 14355.1 0 0
129 148 46 14359.3 0 0
143 141 45 14363.5 0 0
149 135 46 14367.7 0 0
154 117 45 14371.9 0 0
158 100 45 14376.1 0 0
163 91 45 14380.3 0 0
162 82 45 14384.5 0 0
164 69 45 14388.8 0 0
166 61 45 14393 0 0
166 55 45 14397.2 0 0
166 46 45 14401.5 0 0
169 53 45 14408.5 0 0
169 53 45 14412.7 0 0
173 56 45 14417 0 0
172 59 45 14421.2 0 0
174 58 45 14425.4 0 0
175 58 45 14429.6 0 0
176 58 46 14433.8 0 0
170 54 45 14438 0 0
175 54 45 14442.2 0 0
171 53 45 14446.5 0 0
171 54 45 14450.7 0 0
169 54 45 14454.9 0 0
172 54 45 14459.1 0 0
172 55 45 14463.3 0 0
174 51 45 14467.5 0 0
171 56 45 14471.7 0 0
169 52 46 14476 0 0
172 50 45 14480.2 0 0
170 51 45 14484.4 0 0
173 54 45 14488.6 0 0
170 51 45 14492.8 0 0
171 53 45 14497 0 0
172 52 45 14501.3 0 0
173 54 45 14505.5 0 0
172 56 45 14509.7 0 0
172 53 45 14516.8 0 0
175 54 45 14521 0 0
169 53 45 14525.2 0 0
172 55 45 14529.5 0 0
173 56 45 14533.7 0 0
173 52 45 14537.9 0 0
175 54 45 14542.1 0 0
170 54 45 14546.4 0 0
174 54 45 14550.6 0 0
171 52 45 14554.8 0 0
172 51 45 14559 0 0
172 50 45 14563.2 0 0
173 53 45 14567.4 0 0
172 55 45 14571.7 0 0
173 52 45 14575.9 0 0
174 51 45 14580.1 0 0
172 54 45 14584.3 0 0
168 52 44 14588.5 0 0
171 52 45 14592.7 0 0
173 50 44 14597 0 0
174 50 45 14601.2 0 0
173 52 45 14605.4 0 0
173 51 45 14609.6 0 0
171 52 45 14616.5 0 0
172 52 44 14620.8 0 0
172 54 44 14625 0 0
173 53 44 14629.2 0 0
171 56 45 14633.5 0 0
174 54 44 14637.7 0 0
172 56 45 14641.9 0 0
174 55 45 14646.1 0 0
173 52 44 14650.3 0 0
172 52 44 14654.6 0 0
173 52 44 14658.8 0 0
173 56 44 14663 0 0
174 52 44 14667.2 0 0
171 54 44 14671.4 0 0
174 54 44 14675.6 0 0
173 56 44 14679.9 0 0
171 54 44 14684.1 0 0
173 51 44 14688.3 0 0
174 51 43 14692.6 0 0
174 53 43 14696.8 0 0
175 52 43 14701 0 0
173 54 43 14705.2 0 0
173 53 43 14709.5 0 0
175 56 44 14713.7 0 0
174 52 43 14717.9 0 0
173 51 44 14722.1 0 0
171 52 44 14729.1 0 0
173 53 43 14733.3 0 0
173 53 43 14737.5 0 0
173 53 43 14741.7 0 0
173 53 43 14746 0 0
173 53 0 14750.2 0 0
172 51 43 14754.4 0 0
174 50 43 14758.6 0 0
174 55 43 14762.8 0 0
172 50 43 14767 0 0
172 51 43 14771.2 0 0
176 56 43 14775.4 0 0
174 56 43 14779.7 0 0
177 53 43 14783.9 0 0
190 66 43 14788.1 0 0
202 78 43 14792.4 0 0
202 78 0 14796.6 0 0
202 78 0 14800.8 0 0
224 117 41 14805 0 0
226 130 40 14809.2 0 0
226 148 40 14813.4 0 0
230 173 40 14817.6 0 0
232 182 40 14821.8 0 0
230 193 40 14826 0 0
229 205 40 14830.3 0 0
230 197 40 14834.5 0 0
230 190 40 14838.7 0 0
231 190 39 14845.8 0 0
231 191 40 14850 0 0
234 202 39 14854.3 0 0
229 196 40 14858.5 0 0
229 192 40 14862.7 0 0
229 193 40 14866.9 0 0
233 193 40 14871.1 0 0
226 202 39 14875.3 0 0
231 194 40 14879.5 0 0
230 192 39 14883.7 0 0
229 200 40 14888 0 0
230 196 39 14892.2 0 0
227 203 40 14896.4 0 0
232 197 39 14900.6 0 0
227 200 40 14904.8 0 0
230 194 40 14909 0 0
228 198 39 14913.3 0 0
231 193 40 14917.5 0 0
229 195 40 14921.7 0 0
231 205 40 14925.9 0 0
233 197 40 14930.1 0 0
233 200 40 14937.2 0 0
233 194 40 14941.4 0 0
235 194 40 14945.6 0 0
231 194 40 14949.9 0 0
230 197 39 14954.1 0 0
229 198 40 14958.3 0 0
234 195 40 14962.5 0 0
231 195 40 14966.7 0 0
235 196 40 14970.9 0 0
229 197 40 14975.1 0 0
230 195 40 14979.4 0 0
229 198 40 14983.7 0 0
228 199 41 14987.9 0 0
232 198 41 14992.1 0 0
231 200 41 14996.3 0 0
235 199 41 15000.5 0 0
231 201 40 15004.7 0 0
232 198 41 15008.9 0 0
231 200 40 15013.1 0 0
230 201 41 15017.4 0 0
233 200 41 15021.5 0 0
232 202 41 15025.8 0 0
232 201 40 15030 0 0
232 200 41 15034.2 0 0
232 200 41 15038.4 0 0
231 195 40 15043.3 0 0
234 199 41 15047.5 0 0
233 197 40 15051.7 0 0
233 200 41 15055.9 0 0
232 199 41 15060.1 0 0
230 196 41 15064.4 0 0
231 199 41 15068.6 0 0
235 201 41 15072.8 0 0
231 192 41 15077 0 0
234 192 41 15081.3 0 0
231 195 42 15085.5 0 0
233 191 41 15089.7 0 0
232 193 41 15093.9 0 0
229 196 41 15098.1 0 0
232 200 41 15102.3 0 0
232 195 42 15106.5 0 0
231 200 41 15110.8 0 0
230 196 41 15115 0 0
235 197 41 15119.1 0 0
234 196 41 15123.6 0 0
234 196 41 15127.8 0 0
233 201 41 15132 0 0
231 196 42 15136.2 0 0
232 195 41 15140.4 0 0
230 192 41 15144.6 0 0
230 197 41 15149 0 0
231 195 41 15153.2 0 0
235 195 41 15157.5 0 0
233 200 41 15161.7 0 0
231 195 41 15166 0 0
231 201 42 15170.1 0 0
235 197 41 15174.4 0 0
233 197 41 15178.6 0 0
232 197 41 15182.8 0 0
233 197 41 15187 0 0
232 197 41 15191.2 0 0
232 196 41 15195.5 0 0
232 195 41 15199.7 0 0
229 194 41 15203.9 0 0
231 192 42 15208.1 0 0
233 198 41 15212.3 0 0
231 192 41 15216.5 0 0
231 198 42 15220.7 0 0
232 198 41 15225 0 0
232 193 41 15229.2 0 0
228 198 41 15233.4 0 0
231 200 42 15237.6 0 0
230 203 41 15241.8 0 0
230 202 41 15246 0 0
232 200 41 15250.3 0 0
232 194 42 15254.5 0 0
232 198 41 15258.7 0 0
231 199 42 15263 0 0
233 197 41 15267.1 0 0
233 192 41 15271.4 0 0
230 196 41 15275.5 0 0
231 195 41 15279.8 0 0
230 200 41 15284 0 0
233 192 42 15288.3 0 0
234 201 41 15292.5 0 0
233 198 41 15296.7 0 0
231 193 41 15300.9 0 0
232 196 42 15305.1 0 0
233 195 41 15309.3 0 0
233 195 42 15313.5 0 0
233 196 41 15317.8 0 0
235 194 41 15322.1 0 0
231 195 42 15326.3 0 0
232 194 41 15330.5 0 0
234 196 42 15334.7 0 0
235 197 42 15338.9 0 0
232 198 42 15343.1 0 0
231 195 42 15347.4 0 0
230 199 41 15351.6 0 0
232 193 42 15355.8 0 0
233 198 42 15360 0 0
234 190 41 15364.2 0 0
229 193 41 15368.4 0 0
234 195 41 15372.6 0 0
233 198 41 15376.8 0 0
233 197 42 15381.1 0 0
234 195 42 15385.3 0 0
231 192 42 15389.5 0 0
231 196 41 15393.7 0 0
231 195 41 15397.9 0 0
231 195 0 15402.1 0 0
233 195 41 15406.4 0 0
232 197 41 15410.6 0 0
232 196 41 15414.8 0 0
229 194 41 15419 0 0
229 196 42 15423.2 0 0
233 197 41 15427.4 0 0
232 196 42 15431.6 0 0
235 197 42 15435.9 0 0
232 199 42 15440.1 0 0
234 193 41 15444.4 0 0
230 199 42 15448.6 0 0
233 195 42 15452.8 0 0
231 195 41 15457 0 0
233 189 41 15461.2 0 0
234 191 42 15465.4 0 0
234 193 41 15469.6 0 0
234 195 42 15473.9 0 0
235 190 41 15478.1 0 0
232 193 42 15482.3 0 0
233 195 42 15486.5 0 0
230 197 42 15490.7 0 0
234 194 41 15495 0 0
239 194 42 15499.2 0 0
239 198 41 15503.4 0 0
239 199 41 15507.6 0 0
240 203 41 15511.9 0 0
237 200 42 15516.1 0 0
236 200 41 15520.3 0 0
234 199 42 15524.5 0 0
235 197 41 15528.7 0 0
238 198 41 15532.9 0 0
235 195 42 15537.2 0 0
233 196 42 15541.4 0 0
237 194 42 15545.6 0 0
236 196 42 15549.8 0 0
236 198 42 15554 0 0
233 201 42 15558.2 0 0
236 202 41 15562.6 0 0
235 195 42 15566.8 0 0
233 193 42 15571.1 0 0
235 196 42 15575.3 0 0
234 198 42 15579.5 0 0
237 194 41 15583.7 0 0
235 196 42 15587.9 0 0
236 197 41 15592.1 0 0
235 198 42 15596.3 0 0
236 198 41 15600.6 0 0
237 197 42 15604.8 0 0
238 195 41 15611.5 0 0
235 191 42 15615.8 0 0
236 197 43 15620 0 0
239 200 41 15624.2 0 0
235 198 42 15628.4 0 0
234 196 42 15632.6 0 0
234 198 43 15636.9 0 0
234 199 41 15641.1 0 0
234 198 42 15645.4 0 0
236 196 42 15649.6 0 0
232 193 41 15653.8 0 0
236 194 42 15658 0 0
237 197 42 15662.2 0 0
238 198 42 15666.5 0 0
235 194 42 15670.7 0 0
240 193 42 15674.9 0 0
235 198 42 15679.1 0 0
235 199 41 15683.3 0 0
240 194 42 15687.5 0 0
237 192 42 15691.7 0 0
236 194 43 15696 0 0
236 194 42 15700.2 0 0
235 193 42 15704.4 0 0
235 194 42 15708.6 0 0
235 192 42 15712.8 0 0
236 190 42 15719.9 0 0
238 193 42 15724.2 0 0
235 193 42 15728.4 0 0
235 194 42 15732.6 0 0
234 198 42 15736.8 0 0
234 197 42 15741 0 0
234 197 42 15745.2 0 0
234 197 0 15749.5 0 0
234 197 0 15753.7 0 0
236 197 42 15757.9 0 0
233 200 41 15762.1 0 0
237 198 42 15766.4 0 0
236 191 42 15770.6 0 0
237 197 41 15774.8 0 0
234 196 42 15779 0 0
235 195 42 15783.2 0 0
232 195 42 15787.4 0 0
237 193 42 15791.6 0 0
237 194 42 15795.9 0 0
238 194 41 15800.1 0 0
232 194 42 15804.3 0 0
236 193 42 15808.5 0 0
237 189 42 15812.7 0 0
235 197 42 15816.9 0 0
237 193 41 15824 0 0
233 193 42 15828.2 0 0
235 196 42 15832.5 0 0
234 198 42 15836.6 0 0
237 195 42 15840.9 0 0
233 199 42 15845.1 0 0
235 197 41 15849.4 0 0
233 194 42 15855.2 0 0
236 199 42 15859.4 0 0
237 198 42 15865.5 0 0
236 201 41 15869.7 0 0
235 198 42 15874 0 0
235 200 42 15878.2 0 0
236 198 41 15882.4 0 0
233 200 41 15886.6 0 0
235 197 41 15890.9 0 0
234 199 41 15895.1 0 0
236 197 41 15899.3 0 0
236 198 42 15903.5 0 0
235 199 41 15907.7 0 0
238 196 41 15912 0 0
237 199 41 15916.2 0 0
235 199 42 15920.4 0 0
232 202 41 15924.6 0 0
236 200 41 15928.8 0 0
234 198 41 15933 0 0
234 198 42 15937.2 0 0
234 200 42 15941.4 0 0
237 205 42 15945.7 0 0
236 204 42 15949.9 0 0
235 201 41 15954.1 0 0
233 202 42 15958.3 0 0
237 201 41 15962.5 0 0
235 200 42 15966.8 0 0
238 201 42 15971 0 0
237 200 41 15977.9 0 0
235 198 42 15982.1 0 0
240 202 41 15986.4 0 0
235 204 41 15990.6 0 0
237 198 41 15994.8 0 0
238 194 41 15999 0 0
233 201 42 16003.2 0 0
233 201 0 16007.5 0 0
233 197 42 16011.7 0 0
239 195 42 16015.9 0 0
236 197 42 16020.1 0 0
233 195 41 16024.3 0 0
238 198 41 16028.5 0 0
236 193 42 16032.8 0 0
235 193 41 16037 0 0
237 196 42 16041.2 0 0
235 195 41 16045.4 0 0
235 191 42 16049.6 0 0
235 191 0 16053.8 0 0
236 196 42 16058 0 0
235 196 42 16062.4 0 0
237 196 42 16066.6 0 0
236 201 42 16073.8 0 0
236 201 42 16082 0 0
233 190 42 16090.2 0 0
231 195 42 16094.4 0 0
235 200 42 16098.8 0 0
238 199 42 16103 0 0
237 198 42 16107.2 0 0
231 195 43 16111.4 0 0
223 189 43 16115.6 0 0
223 190 43 16119.8 0 0
221 196 42 16124 0 0
230 201 43 16128.2 0 0
237 201 42 16132.5 0 0
235 199 42 16136.7 0 0
232 203 43 16140.9 0 0
233 205 42 16145.1 0 0
233 212 43 16149.3 0 0
236 205 42 16153.5 0 0
231 206 42 16157.8 0 0
234 205 42 16162 0 0
234 201 43 16166.2 0 0
234 204 43 16170.5 0 0
234 200 43 16174.7 0 0
235 201 43 16178.9 0 0
234 205 43 16183.1 0 0
225 195 43 16187.3 0 0
239 190 42 16191.5 0 0
242 194 42 16198.6 0 0
240 194 42 16202.9 0 0
239 190 42 16207.1 0 0
237 200 42 16211.3 0 0
240 196 42 16215.5 0 0
236 190 42 16219.7 0 0
235 191 42 16224 0 0
237 191 42 16228.2 0 0
237 195 42 16232.4 0 0
237 192 42 16236.6 0 0
236 193 43 16240.8 0 0
240 194 42 16245 0 0
233 194 42 16249.2 0 0
235 195 42 16253.5 0 0
239 193 42 16257.7 0 0
236 193 43 16261.9 0 0
240 193 42 16266.1 0 0
238 202 42 16270.3 0 0
237 192 42 16274.5 0 0
238 191 42 16278.7 0 0
235 189 42 16282.9 0 0
238 196 42 16287.2 0 0
238 194 42 16291.6 0 0
237 188 42 16298.5 0 0
238 192 42 16302.8 0 0
238 190 42 16307 0 0
234 198 42 16311.2 0 0
238 194 42 16315.4 0 0
237 191 41 16319.7 0 0
239 190 42 16323.9 0 0
234 192 42 16328.1 0 0
238 191 42 16332.3 0 0
235 191 42 16336.5 0 0
239 192 42 16340.7 0 0
236 193 42 16344.9 0 0
237 190 43 16349.2 0 0
235 198 42 16353.4 0 0
241 193 42 16357.6 0 0
236 194 42 16361.8 0 0
235 194 42 16366 0 0
239 192 42 16370.2 0 0
237 196 42 16374.5 0 0
235 194 42 16378.7 0 0
237 199 42 16383 0 0
238 194 42 16387.2 0 0
239 200 41 16391.4 0 0
239 193 42 16398.5 0 0
239 193 41 16403 0 0
237 196 42 16407.2 0 0
238 193 41 16411.4 0 0
239 196 42 16415.7 0 0
242 198 42 16419.9 0 0
235 193 41 16424.1 0 0
240 194 42 16428.3 0 0
237 195 42 16432.5 0 0
235 195 42 16436.7 0 0
237 197 42 16440.9 0 0
240 199 42 16445.2 0 0
238 195 41 16449.4 0 0
238 196 42 16453.6 0 0
238 199 42 16457.8 0 0
240 195 42 16462 0 0
235 193 42 16466.2 0 0
237 196 42 16470.4 0 0
240 191 41 16474.6 0 0
235 195 41 16478.9 0 0
230 191 42 16483.1 0 0
204 179 43 16494.1 0 0
185 170 43 16502.4 0 0
171 167 44 16510.8 0 0
148 153 44 16519.1 0 0
139 148 45 16527.3 0 0
139 148 45 16535.8 0 0
131 144 44 16543.3 0 0
127 146 44 16547.5 0 0
124 148 44 16552.3 0 0
123 146 45 16556.6 0 0
123 143 44 16560.8 0 0
124 145 45 16565 0 0
126 141 44 16569.3 0 0
121 137 45 16573.5 0 0
125 136 45 16577.7 0 0
123 137 45 16581.9 0 0
125 139 45 16586.1 0 0
122 135 44 16590.3 0 0
120 140 44 16594.5 0 0
117 135 44 16598.8 0 0
119 139 44 16603 0 0
122 133 45 16607.2 0 0
121 136 45 16611.4 0 0
118 134 45 16615.6 0 0
121 135 44 16619.8 0 0
119 135 45 16624 0 0
119 140 44 16628.2 0 0
121 137 44 16632.5 0 0
120 140 44 16636.7 0 0
119 139 44 16640.9 0 0
121 142 44 16645.1 0 0
121 138 44 16649.3 0 0
120 139 44 16656.2 0 0
119 139 44 16660.5 0 0
119 139 44 16664.8 0 0
125 142 44 16669 0 0
124 139 44 16673.2 0 0
122 146 44 16677.4 0 0
122 142 44 16681.6 0 0
120 139 44 16685.8 0 0
122 138 43 16690 0 0
122 149 43 16694.3 0 0
124 145 44 16698.5 0 0
123 140 44 16702.7 0 0
119 147 43 16706.9 0 0
115 135 44 16711.1 0 0
119 140 43 16715.5 0 0
115 140 43 16719.8 0 0
122 144 44 16724 0 0
119 145 43 16728.3 0 0
119 137 43 16732.5 0 0
120 140 43 16736.7 0 0
117 137 43 16740.9 0 0
117 138 43 16745.1 0 0
121 140 43 16752.1 0 0
114 136 42 16756.4 0 0
120 138 42 16760.6 0 0
114 137 42 16764.8 0 0
117 138 42 16769 0 0
120 137 42 16773.2 0 0
116 140 42 16777.5 0 0
116 138 42 16781.7 0 0
121 134 41 16785.9 0 0
118 143 42 16790.1 0 0
120 147 41 16794.3 0 0
117 135 42 16798.5 0 0
119 141 42 16802.7 0 0
115 139 41 16807 0 0
113 141 41 16811.2 0 0
116 141 41 16815.4 0 0
123 141 41 16819.6 0 0
125 132 42 16823.8 0 0
125 132 0 16828 0 0
124 130 41 16832.2 0 0
126 134 41 16836.4 0 0
126 134 41 16840.6 0 0
124 136 41 16844.9 0 0
130 133 41 16849.1 0 0
134 135 41 16853.3 0 0
129 133 41 16857.5 0 0
130 137 41 16861.8 0 0
131 133 41 16868.5 0 0
132 132 40 16872.8 0 0
132 132 41 16877 0 0
128 134 40 16881.5 0 0
133 134 40 16885.7 0 0
128 126 40 16889.9 0 0
131 131 41 16894.1 0 0
134 134 41 16898.4 0 0
132 128 40 16902.6 0 0
129 131 39 16906.8 0 0
132 135 40 16911 0 0
131 134 40 16915.3 0 0
132 135 40 16919.5 0 0
127 130 40 16923.7 0 0
133 135 40 16927.9 0 0
131 132 40 16932.1 0 0
131 135 40 16936.3 0 0
130 131 40 16940.5 0 0
130 131 40 16944.8 0 0
132 130 40 16949.6 0 0
129 128 40 16953.8 0 0
132 130 40 16960.2 0 0
131 133 39 16964.4 0 0
132 131 39 16968.7 0 0
128 130 39 16972.9 0 0
128 129 40 16977.1 0 0
130 132 39 16981.3 0 0
128 130 40 16985.5 0 0
131 128 39 16989.8 0 0
129 126 40 16994 0 0
128 131 40 16998.2 0 0
128 131 39 17002.4 0 0
129 121 39 17006.6 0 0
129 126 40 17010.8 0 0
130 131 40 17015.1 0 0
132 132 40 17019.3 0 0
127 131 40 17023.5 0 0
130 132 40 17027.9 0 0
133 128 40 17032.2 0 0
128 129 39 17036.4 0 0
130 133 39 17040.6 0 0
128 128 40 17044.8 0 0
128 130 40 17056.1 0 0
128 127 40 17064.3 0 0
128 128 40 17072.6 0 0
129 130 40 17081 0 0
130 135 40 17089.3 0 0
130 134 40 17097.5 0 0
130 134 40 17105.8 0 0
130 134 40 17114.3 0 0
126 134 40 17121.4 0 0
129 137 40 17125.6 0 0
129 129 40 17130.8 0 0
129 133 41 17135 0 0
129 135 40 17139.3 0 0
129 133 41 17143.5 0 0
129 135 40 17147.7 0 0
128 131 41 17151.9 0 0
129 133 41 17156.1 0 0
130 132 41 17160.3 0 0
129 132 41 17164.5 0 0
128 128 40 17168.8 0 0
129 131 41 17173 0 0
126 129 41 17177.2 0 0
128 124 40 17181.4 0 0
128 129 41 17185.6 0 0
127 133 41 17189.8 0 0
127 128 40 17194 0 0
129 131 41 17198.3 0 0
127 131 41 17202.5 0 0
128 131 40 17206.7 0 0
125 136 41 17210.9 0 0
125 128 42 17215.1 0 0
126 131 41 17219.4 0 0
126 131 41 17223.6 0 0
127 133 41 17227.8 0 0
125 136 41 17232.1 0 0
127 135 42 17236.3 0 0
127 135 42 17240.5 0 0
128 132 41 17246.5 0 0
126 129 42 17250.7 0 0
125 136 42 17254.9 0 0
126 132 42 17259.1 0 0
126 134 42 17263.4 0 0
130 132 41 17267.6 0 0
129 138 42 17271.8 0 0
126 136 41 17276 0 0
128 132 41 17280.2 0 0
129 133 41 17284.4 0 0
125 132 42 17288.6 0 0
128 138 42 17292.8 0 0
126 133 42 17297 0 0
128 134 42 17301.2 0 0
129 138 41 17305.5 0 0
127 135 42 17309.7 0 0
128 132 42 17313.9 0 0
128 136 42 17318.1 0 0
129 136 42 17322.3 0 0
129 133 42 17326.6 0 0
127 139 42 17330.8 0 0
125 136 42 17335 0 0
127 139 42 17339.2 0 0
126 136 42 17343.4 0 0
125 132 42 17347.6 0 0
125 140 43 17351.9 0 0
125 134 43 17356.1 0 0
124 137 42 17360.3 0 0
126 131 42 17364.5 0 0
125 132 43 17368.7 0 0
126 137 42 17372.9 0 0
129 135 42 17377.1 0 0
127 133 43 17381.3 0 0
125 133 43 17385.5 0 0
128 133 43 17389.8 0 0
123 132 43 17394 0 0
131 131 43 17398.2 0 0
125 133 42 17402.4 0 0
126 136 43 17406.6 0 0
125 128 43 17410.9 0 0
126 135 43 17415.1 0 0
124 130 43 17419.3 0 0
124 134 43 17423.5 0 0
125 135 43 17427.7 0 0
124 136 43 17431.9 0 0
124 136 43 17436.2 0 0
124 130 43 17440.4 0 0
127 132 43 17444.6 0 0
126 133 43 17448.8 0 0
126 132 43 17453 0 0
127 132 43 17457.2 0 0
124 133 43 17461.4 0 0
123 134 43 17465.6 0 0
127 134 43 17469.8 0 0
124 135 43 17474.1 0 0
128 136 43 17478.3 0 0
126 133 43 17482.5 0 0
125 138 43 17486.7 0 0
126 136 43 17490.9 0 0
123 131 44 17495.1 0 0
123 134 44 17499.4 0 0
125 141 43 17503.6 0 0
128 133 43 17507.8 0 0
126 134 43 17512 0 0
124 136 44 17516.2 0 0
125 135 43 17520.4 0 0
126 134 43 17524.6 0 0
125 135 44 17528.8 0 0
127 132 43 17533.1 0 0
124 131 43 17537.3 0 0
123 129 43 17541.5 0 0
128 134 43 17545.7 0 0
126 132 44 17549.9 0 0
125 134 44 17554.1 0 0
126 131 44 17558.3 0 0
129 134 43 17562.6 0 0
128 134 44 17566.8 0 0
126 136 44 17571 0 0
128 137 44 17575.2 0 0
125 130 43 17579.5 0 0
125 136 44 17583.7 0 0
127 132 43 17587.9 0 0
122 135 44 17592.1 0 0
124 133 44 17596.3 0 0
124 134 44 17600.5 0 0
124 135 44 17604.8 0 0
127 135 43 17609 0 0
125 133 44 17613.2 0 0
125 132 44 17617.4 0 0
124 133 43 17621.6 0 0
125 136 44 17625.8 0 0
127 137 44 17630 0 0
127 133 44 17634.2 0 0
124 136 44 17638.4 0 0
128 136 44 17642.7 0 0
126 130 44 17646.9 0 0
128 133 44 17651.1 0 0
129 132 43 17655.3 0 0
127 129 44 17659.5 0 0
126 132 44 17663.8 0 0
128 139 44 17668 0 0
118 132 44 17672.2 0 0
118 138 44 17676.5 0 0
113 127 44 17680.7 0 0
109 119 44 17684.9 0 0
113 124 44 17689.1 0 0
114 117 44 17693.3 0 0
110 115 45 17697.5 0 0
107 115 44 17701.8 0 0
102 115 44 17706 0 0
105 116 44 17710.2 0 0
106 116 44 17714.4 0 0
105 114 44 17718.6 0 0
102 112 44 17722.8 0 0
101 119 44 17727 0 0
100 114 44 17731.3 0 0
95 123 45 17735.5 0 0
95 123 44 17739.7 0 0
95 141 44 17743.9 0 0
90 135 44 17748.1 0 0
84 134 45 17752.3 0 0
80 136 44 17756.6 0 0
76 140 44 17760.8 0 0
73 144 44 17765 0 0
76 149 44 17769.2 0 0
71 152 44 17773.4 0 0
68 159 44 17777.6 0 0
69 163 44 17781.9 0 0
71 158 44 17786.1 0 0
70 154 44 17790.3 0 0
69 157 44 17794.6 0 0
69 159 44 17798.8 0 0
71 154 44 17803 0 0
74 162 44 17807.2 0 0
71 159 44 17811.4 0 0
71 161 44 17815.6 0 0
72 157 44 17819.8 0 0
71 159 44 17824.3 0 0
75 161 44 17828.5 0 0
69 156 44 17832.7 0 0
74 158 44 17836.9 0 0
71 158 44 17841.1 0 0
74 158 44 17845.3 0 0
70 158 44 17849.6 0 0
69 153 43 17853.8 0 0
71 158 44 17858 0 0
70 158 44 17862.2 0 0
69 156 44 17866.5 0 0
73 160 44 17870.7 0 0
72 160 43 17878.3 0 0
66 154 44 17882.5 0 0
71 161 44 17886.8 0 0
68 154 44 17891 0 0
68 154 44 17895.2 0 0
73 160 44 17899.4 0 0
70 158 44 17903.6 0 0
70 161 43 17907.9 0 0
68 155 45 17912.1 0 0
72 158 44 17916.3 0 0
68 158 43 17920.5 0 0
69 156 43 17924.7 0 0
67 158 43 17928.9 0 0
68 156 44 17933.2 0 0
72 158 43 17937.4 0 0
67 155 44 17941.6 0 0
68 159 43 17946.3 0 0
69 160 43 17950.5 0 0
68 158 43 17954.7 0 0
67 153 43 17958.9 0 0
71 162 43 17963.1 0 0
67 156 43 17967.4 0 0
70 158 43 17971.6 0 0
64 150 43 17975.8 0 0
65 151 43 17980 0 0
73 135 44 17984.3 0 0
77 115 44 17988.5 0 0
77 103 44 17992.7 0 0
79 87 44 17996.9 0 0
78 79 44 18001.1 0 0
80 73 44 18005.4 0 0
82 71 44 18009.6 0 0
81 67 44 18013.8 0 0
81 64 44 18018 0 0
80 60 44 18022.2 0 0
77 62 44 18026.4 0 0
81 67 44 18030.7 0 0
85 66 43 18034.9 0 0
82 66 43 18039.2 0 0
86 66 43 18043.5 0 0
81 69 43 18047.8 0 0
85 67 44 18052 0 0
80 72 44 18056.2 0 0
82 65 44 18060.4 0 0
85 66 44 18064.6 0 0
87 65 44 18068.8 0 0
87 65 44 18073 0 0
82 67 44 18077.2 0 0
84 66 44 18081.5 0 0
83 66 44 18085.7 0 0
84 67 44 18089.8 0 0
82 65 44 18094.1 0 0
87 65 44 18098.3 0 0
82 65 44 18102.6 0 0
87 66 44 18106.8 0 0
83 64 44 18111 0 0
83 63 44 18115.2 0 0
86 64 44 18119.4 0 0
83 65 43 18123.8 0 0
83 65 44 18128 0 0
85 64 44 18132.3 0 0
81 60 44 18136.5 0 0
84 64 44 18140.7 0 0
86 66 44 18145 0 0
86 66 44 18149.2 0 0
83 67 44 18153.4 0 0
85 68 44 18157.6 0 0
85 68 43 18161.8 0 0
85 68 44 18166 0 0
85 66 43 18170.3 0 0
89 61 44 18174.5 0 0
87 65 44 18178.7 0 0
87 69 44 18182.9 0 0
84 68 44 18187.1 0 0
83 67 44 18191.3 0 0
84 62 44 18195.5 0 0
84 59 44 18199.8 0 0
84 65 44 18204 0 0
84 58 44 18208.2 0 0
86 65 44 18212.4 0 0
86 66 43 18216.6 0 0
86 61 43 18220.8 0 0
86 69 43 18225 0 0
84 65 44 18229.3 0 0
85 69 44 18233.5 0 0
86 61 43 18237.7 0 0
84 66 43 18241.9 0 0
86 67 43 18246.1 0 0
85 68 43 18250.3 0 0
85 65 44 18254.5 0 0
85 61 43 18258.8 0 0
84 62 43 18263 0 0
85 58 44 18267.2 0 0
85 62 43 18271.4 0 0
84 61 43 18275.6 0 0
84 62 43 18279.8 0 0
84 61 43 18284 0 0
82 61 43 18288.2 0 0
82 59 43 18292.5 0 0
84 62 43 18296.7 0 0
84 60 43 18300.9 0 0
84 60 43 18305.1 0 0
83 62 43 18309.3 0 0
85 61 43 18313.6 0 0
85 59 42 18317.8 0 0
84 61 43 18322 0 0
85 61 42 18326.2 0 0
87 62 43 18330.4 0 0
87 55 43 18334.6 0 0
86 54 42 18338.8 0 0
87 48 42 18343.1 0 0
85 51 42 18347.3 0 0
84 50 42 18351.5 0 0
82 53 42 18355.7 0 0
84 50 42 18359.9 0 0
81 52 42 18364.1 0 0
81 52 42 18368.3 0 0
85 52 42 18372.5 0 0
83 50 43 18376.7 0 0
81 54 42 18381 0 0
81 53 43 18385.2 0 0
84 49 42 18389.4 0 0
84 51 43 18393.6 0 0
85 49 42 18397.8 0 0
85 50 42 18402 0 0
84 50 42 18406.3 0 0
83 49 42 18410.5 0 0
84 52 42 18414.7 0 0
82 50 41 18418.9 0 0
84 50 42 18423.1 0 0
84 50 42 18427.3 0 0
83 50 42 18431.5 0 0
83 50 0 18435.8 0 0
83 51 42 18440 0 0
82 52 42 18444.2 0 0
82 50 42 18448.5 0 0
84 51 43 18452.7 0 0
84 49 42 18456.9 0 0
84 51 42 18461.1 0 0
84 50 42 18465.3 0 0
85 51 42 18469.5 0 0
83 52 42 18473.7 0 0
83 49 43 18478 0 0
83 51 43 18482.2 0 0
82 49 42 18486.4 0 0
84 49 43 18490.6 0 0
85 51 42 18494.8 0 0
84 50 42 18499 0 0
84 51 42 18503.2 0 0
84 53 43 18507.5 0 0
82 51 42 18511.7 0 0
83 50 42 18515.9 0 0
82 49 42 18520.1 0 0
84 47 42 18524.3 0 0
84 51 42 18528.5 0 0
86 50 42 18532.8 0 0
83 51 43 18537 0 0
83 50 42 18541.2 0 0
85 51 42 18545.4 0 0
83 53 42 18549.6 0 0
83 53 42 18553.8 0 0
84 51 42 18558 0 0
83 52 42 18562.2 0 0
83 50 42 18566.5 0 0
84 50 42 18570.7 0 0
83 49 42 18574.9 0 0
84 52 42 18579.1 0 0
84 51 42 18583.3 0 0
85 51 42 18587.5 0 0
84 51 42 18591.8 0 0
83 51 43 18596 0 0
83 50 42 18600.2 0 0
83 51 42 18604.5 0 0
81 52 43 18608.7 0 0
83 52 42 18612.9 0 0
82 51 43 18617.1 0 0
82 52 43 18621.3 0 0
82 54 42 18625.5 0 0
83 49 42 18629.7 0 0
83 51 42 18633.9 0 0
83 51 43 18638.2 0 0
84 51 42 18642.4 0 0
81 52 43 18646.6 0 0
83 51 43 18650.8 0 0
83 51 42 18655 0 0
81 52 43 18659.2 0 0
86 52 44 18663.5 0 0
83 53 42 18667.7 0 0
83 52 42 18671.9 0 0
84 51 43 18676.1 0 0
84 52 43 18680.3 0 0
83 53 43 18684.5 0 0
82 53 44 18688.7 0 0
85 51 42 18692.9 0 0
84 54 43 18697.2 0 0
89 55 43 18701.4 0 0
95 60 43 18705.6 0 0
95 60 0 18709.8 0 0
116 74 43 18714 0 0
121 88 43 18718.3 0 0
117 113 43 18722.5 0 0
122 136 42 18729.4 0 0
126 139 43 18737.9 0 0
127 145 42 18746.1 0 0
127 145 42 18754.4 0 0
125 150 43 18762.2 0 0
128 157 44 18766.4 0 0
130 160 43 18771.1 0 0
128 159 43 18775.3 0 0
128 159 43 18779.5 0 0
128 156 43 18783.7 0 0
128 158 43 18788 0 0
125 157 43 18792.2 0 0
125 156 44 18796.4 0 0
125 159 43 18800.6 0 0
129 159 43 18804.9 0 0
127 153 42 18809.1 0 0
129 159 43 18813.3 0 0
127 157 43 18817.6 0 0
125 157 44 18821.8 0 0
127 149 43 18826 0 0
125 157 43 18830.3 0 0
129 155 43 18834.5 0 0
128 154 43 18838.7 0 0
127 155 43 18842.9 0 0
129 160 43 18847.1 0 0
129 156 43 18851.3 0 0
129 159 44 18855.6 0 0
126 153 44 18859.8 0 0
128 153 43 18864 0 0
129 155 44 18868.2 0 0
129 149 43 18875.2 0 0
126 159 43 18879.5 0 0
127 157 43 18883.7 0 0
126 153 43 18888 0 0
129 156 43 18892.2 0 0
125 155 44 18896.4 0 0
126 152 43 18900.5 0 0
127 158 43 18904.8 0 0
129 160 43 18909 0 0
127 153 44 18913.2 0 0
125 154 44 18917.5 0 0
127 156 43 18921.7 0 0
124 155 44 18925.9 0 0
127 152 43 18930.1 0 0
127 155 44 18934.3 0 0
130 154 43 18938.5 0 0
127 151 44 18942.7 0 0
126 156 43 18946.9 0 0
127 152 44 18951.1 0 0
127 157 43 18955.4 0 0
128 154 43 18959.6 0 0
129 154 44 18963.8 0 0
128 156 44 18968 0 0
128 157 44 18972.2 0 0
127 156 43 18979.4 0 0
127 156 44 18987.6 0 0
127 155 44 18995.9 0 0
127 155 44 19004.4 0 0
130 154 43 19012.1 0 0
129 157 44 19016.3 0 0
130 154 43 19020.9 0 0
129 157 44 19025.1 0 0
129 154 43 19029.3 0 0
129 153 43 19033.5 0 0
129 154 43 19037.8 0 0
127 155 43 19042 0 0
128 157 44 19046.2 0 0
128 158 43 19050.4 0 0
128 157 44 19054.6 0 0
128 154 44 19058.8 0 0
127 154 44 19063 0 0
130 154 43 19067.2 0 0
125 157 43 19071.5 0 0
129 154 43 19075.7 0 0
126 154 43 19079.9 0 0
126 152 43 19084.1 0 0
127 159 43 19088.3 0 0
124 149 43 19092.5 0 0
127 160 43 19096.7 0 0
130 155 44 19101 0 0
128 157 43 19105.2 0 0
127 156 43 19109.4 0 0
127 160 44 19113.6 0 0
130 159 43 19117.8 0 0
138 153 43 19122 0 0
148 148 43 19126.3 0 0
148 148 43 19130.5 0 0
161 111 44 19137.2 0 0
166 91 43 19141.4 0 0
174 83 44 19145.6 0 0
171 71 43 19149.8 0 0
174 63 43 19154 0 0
176 57 43 19158.2 0 0
177 55 43 19162.5 0 0
180 58 43 19166.8 0 0
180 56 43 19171 0 0
180 54 43 19175.2 0 0
180 52 43 19179.4 0 0
180 53 43 19183.6 0 0
180 51 43 19187.8 0 0
181 54 43 19192 0 0
178 53 43 19196.2 0 0
180 51 43 19200.4 0 0
178 50 43 19204.6 0 0
176 51 43 19208.8 0 0
181 50 43 19213.1 0 0
176 50 43 19217.3 0 0
179 52 43 19221.5 0 0
179 51 44 19225.8 0 0
177 52 43 19230 0 0
179 54 44 19234.2 0 0
178 50 43 19238.4 0 0
177 51 43 19242.6 0 0
178 53 43 19246.8 0 0
177 53 43 19251 0 0
178 51 43 19255.2 0 0
178 53 43 19259.5 0 0
178 52 43 19263.7 0 0
176 52 44 19267.9 0 0
178 50 43 19272.1 0 0
177 50 43 19276.3 0 0
177 52 43 19280.5 0 0
179 50 43 19284.7 0 0
180 51 43 19288.9 0 0
178 51 43 19293.1 0 0
177 52 43 19297.3 0 0
178 52 43 19301.5 0 0
175 52 43 19305.8 0 0
177 52 43 19310 0 0
179 52 44 19314.2 0 0
179 51 43 19318.4 0 0
176 53 43 19322.6 0 0
178 54 43 19326.8 0 0
178 53 43 19331 0 0
179 53 43 19335.2 0 0
178 54 43 19339.5 0 0
176 48 42 19343.7 0 0
178 54 43 19347.9 0 0
176 54 42 19352.1 0 0
177 50 43 19356.3 0 0
179 48 43 19360.5 0 0
180 53 43 19364.7 0 0
177 53 42 19368.9 0 0
175 53 42 19373.1 0 0
177 49 42 19377.3 0 0
178 51 42 19381.6 0 0
177 51 42 19386.1 0 0
177 50 42 19390.3 0 0
176 52 42 19394.5 0 0
178 52 42 19398.8 0 0
178 53 42 19403 0 0
178 52 41 19407.2 0 0
176 51 42 19411.4 0 0
177 52 42 19415.7 0 0
177 52 0 19419.8 0 0
177 47 42 19424.1 0 0
179 40 42 19428.3 0 0
178 39 42 19432.5 0 0
183 39 42 19436.7 0 0
184 42 41 19440.9 0 0
182 41 42 19445.1 0 0
184 43 42 19449.3 0 0
183 44 42 19453.5 0 0
181 42 41 19457.8 0 0
183 44 41 19462 0 0
183 41 41 19466.3 0 0
181 41 41 19470.5 0 0
182 43 41 19474.8 0 0
181 42 41 19479 0 0
182 42 41 19483.2 0 0
186 42 41 19487.4 0 0
181 40 41 19491.7 0 0
181 44 41 19495.8 0 0
181 41 41 19500.1 0 0
182 41 41 19504.3 0 0
181 40 41 19508.5 0 0
182 40 41 19512.7 0 0
180 42 41 19516.9 0 0
181 43 41 19521.1 0 0
184 43 41 19525.3 0 0
180 42 41 19529.6 0 0
181 42 41 19533.8 0 0
181 42 41 19538 0 0
185 44 41 19542.2 0 0
184 41 41 19546.4 0 0
182 43 41 19550.6 0 0
182 42 41 19554.8 0 0
180 43 41 19559.1 0 0
182 40 41 19563.3 0 0
182 42 41 19567.5 0 0
183 41 41 19573.5 0 0
182 39 41 19577.7 0 0
183 42 41 19581.9 0 0
183 42 41 19586.1 0 0
184 42 41 19590.3 0 0
182 41 41 19594.6 0 0
180 40 41 19598.8 0 0
182 45 41 19603 0 0
179 41 40 19607.2 0 0
180 42 41 19611.5 0 0
182 42 41 19615.7 0 0
183 43 41 19619.9 0 0
182 42 41 19624.1 0 0
181 39 41 19628.3 0 0
181 43 41 19632.5 0 0
183 41 41 19636.7 0 0
180 40 41 19641 0 0
181 41 41 19645.2 0 0
185 45 41 19649.3 0 0
181 46 42 19653.6 0 0
185 46 41 19657.8 0 0
180 45 41 19662 0 0
181 41 41 19666.3 0 0
189 50 41 19670.5 0 0
204 54 41 19674.7 0 0
209 57 41 19678.9 0 0
214 64 41 19683.1 0 0
217 68 40 19687.3 0 0
223 73 40 19691.5 0 0
228 80 40 19695.7 0 0
231 94 39 19699.9 0 0
235 105 39 19704.1 0 0
242 120 38 19708.4 0 0
238 128 38 19712.6 0 0
237 142 39 19716.8 0 0
242 155 39 19721 0 0
238 167 38 19725.3 0 0
238 171 39 19729.5 0 0
241 185 39 19733.7 0 0
239 189 39 19737.9 0 0
243 200 38 19742.1 0 0
241 203 38 19746.3 0 0
245 203 38 19750.5 0 0
240 204 39 19754.8 0 0
240 209 39 19759 0 0
235 212 39 19763.3 0 0
243 220 38 19767.5 0 0
237 208 39 19771.7 0 0
239 214 39 19775.9 0 0
236 212 39 19780.1 0 0
236 204 39 19784.3 0 0
236 211 39 19788.5 0 0
239 207 38 19792.8 0 0
237 209 39 19797 0 0
240 206 39 19801.2 0 0
240 205 38 19805.4 0 0
238 207 39 19809.6 0 0
241 210 39 19813.8 0 0
239 202 38 19818 0 0
240 217 39 19822.2 0 0
241 207 39 19826.5 0 0
241 204 39 19830.7 0 0
238 200 39 19834.9 0 0
238 209 39 19839.1 0 0
235 207 40 19843.3 0 0
236 202 39 19847.5 0 0
239 207 39 19851.8 0 0
240 213 39 19856 0 0
239 206 39 19860.2 0 0
242 210 39 19864.4 0 0
236 206 39 19868.6 0 0
237 204 39 19872.8 0 0
236 208 40 19877 0 0
238 209 39 19881.2 0 0
240 206 39 19885.5 0 0
241 208 39 19889.7 0 0
241 200 39 19893.9 0 0
236 207 40 19898.1 0 0
241 206 39 19902.3 0 0
238 207 39 19906.6 0 0
239 205 40 19910.8 0 0
239 201 40 19915 0 0
240 205 40 19919.2 0 0
241 207 40 19923.4 0 0
240 203 40 19927.7 0 0
238 204 40 19931.8 0 0
239 202 40 19936.1 0 0
237 203 40 19940.3 0 0
235 200 41 19944.5 0 0
240 204 40 19948.7 0 0
236 203 40 19952.9 0 0
242 201 41 19957.1 0 0
242 204 41 19961.3 0 0
239 200 41 19965.5 0 0
240 202 41 19969.8 0 0
240 203 41 19974 0 0
238 202 40 19978.2 0 0
239 203 41 19982.5 0 0
240 203 40 19986.7 0 0
240 205 41 19990.9 0 0
239 199 41 19995.1 0 0
240 208 40 19999.4 0 0
237 199 40 20003.6 0 0
238 201 40 20007.9 0 0
239 200 41 20012.1 0 0
238 203 40 20016.3 0 0
242 195 40 20020.5 0 0
240 200 40 20024.7 0 0
243 204 41 20029 0 0
242 202 41 20033.2 0 0
241 203 41 20037.5 0 0
238 203 41 20041.7 0 0
244 199 41 20045.9 0 0
235 208 41 20050.1 0 0
238 204 41 20054.3 0 0
240 205 41 20058.5 0 0
240 198 41 20062.7 0 0
237 199 40 20066.9 0 0
242 206 41 20071.1 0 0
240 201 40 20075.3 0 0
236 201 41 20079.6 0 0
239 199 41 20083.8 0 0
236 202 41 20088 0 0
238 203 41 20092.2 0 0
238 206 40 20096.4 0 0
235 204 41 20100.6 0 0
242 200 41 20104.8 0 0
240 204 41 20109.1 0 0
237 202 40 20113.3 0 0
239 198 41 20117.5 0 0
236 204 41 20121.7 0 0
239 204 40 20125.9 0 0
243 208 41 20130.1 0 0
242 207 41 20134.3 0 0
239 207 40 20138.6 0 0
237 203 41 20142.8 0 0
240 203 40 20147 0 0
243 202 40 20151.2 0 0
239 200 41 20155.4 0 0
241 201 40 20159.6 0 0
240 202 41 20163.9 0 0
236 201 41 20168.1 0 0
232 202 41 20172.3 0 0
233 201 41 20176.5 0 0
233 202 41 20180.7 0 0
233 197 40 20184.9 0 0
236 199 41 20189.1 0 0
235 198 41 20193.3 0 0
234 196 41 20197.5 0 0
237 197 41 20201.8 0 0
234 200 41 20206 0 0
237 196 41 20210.2 0 0
237 205 41 20214.4 0 0
236 202 41 20218.6 0 0
236 200 41 20222.8 0 0
235 198 41 20227 0 0
237 198 41 20231.3 0 0
235 197 41 20235.5 0 0
235 197 41 20239.7 0 0
235 201 41 20243.9 0 0
233 200 41 20248.1 0 0
235 198 41 20252.3 0 0
236 198 41 20256.6 0 0
236 201 41 20260.8 0 0
232 197 41 20265 0 0
236 201 41 20269.2 0 0
235 195 41 20273.4 0 0
233 200 41 20277.6 0 0
234 203 41 20281.9 0 0
230 202 41 20286.1 0 0
236 200 41 20290.4 0 0
234 195 41 20294.6 0 0
234 196 42 20298.8 0 0
236 195 41 20303 0 0
233 198 40 20307.2 0 0
233 195 41 20311.4 0 0
234 202 41 20315.6 0 0
234 196 41 20319.9 0 0
233 195 41 20324.1 0 0
233 196 41 20328.3 0 0
231 195 40 20332.5 0 0
233 199 41 20336.7 0 0
236 197 40 20340.9 0 0
232 196 41 20345.1 0 0
234 200 41 20349.4 0 0
235 197 41 20353.6 0 0
237 198 41 20357.8 0 0
236 196 41 20362 0 0
234 199 42 20366.2 0 0
233 200 41 20370.4 0 0
231 199 41 20374.6 0 0
236 197 41 20378.9 0 0
236 197 42 20383.2 0 0
231 203 41 20387.5 0 0
238 200 41 20391.7 0 0
233 199 41 20395.9 0 0
236 198 41 20400.1 0 0
233 199 41 20404.3 0 0
235 201 41 20408.5 0 0
233 200 41 20412.8 0 0
236 201 41 20417 0 0
234 201 41 20421.2 0 0
239 200 41 20428 0 0
229 203 42 20432.2 0 0
237 204 41 20436.4 0 0
235 199 41 20440.6 0 0
233 198 41 20444.8 0 0
235 197 41 20449 0 0
235 200 41 20453.2 0 0
233 203 41 20457.4 0 0
234 199 41 20461.7 0 0
232 202 41 20465.9 0 0
237 196 42 20470.2 0 0
233 194 42 20474.4 0 0
233 203 41 20478.7 0 0
237 198 41 20482.9 0 0
235 197 41 20487.1 0 0
233 198 41 20491.3 0 0
234 197 41 20495.5 0 0
233 195 41 20499.7 0 0
237 195 41 20504 0 0
233 200 42 20508.2 0 0
233 196 41 20512.4 0 0
233 197 42 20516.6 0 0
234 197 41 20520.8 0 0
230 200 42 20525 0 0
232 199 41 20532.1 0 0
234 195 41 20536.3 0 0
234 199 42 20540.6 0 0
237 198 42 20544.8 0 0
232 198 42 20549 0 0
237 197 41 20553.2 0 0
230 198 41 20557.4 0 0
234 199 42 20561.6 0 0
233 195 42 20565.8 0 0
235 199 41 20570.1 0 0
234 199 41 20574.3 0 0
235 196 41 20578.5 0 0
232 196 41 20582.7 0 0
235 195 41 20586.9 0 0
236 198 42 20591.1 0 0
235 200 41 20595.3 0 0
235 197 41 20599.6 0 0
235 196 41 20603.8 0 0
233 197 41 20608 0 0
234 195 41 20612.2 0 0
233 200 41 20616.4 0 0
235 196 42 20620.6 0 0
235 199 41 20627.8 0 0
235 199 42 20636.2 0 0
235 199 42 20644.5 0 0
235 195 41 20652.7 0 0
235 196 41 20656.9 0 0
233 196 42 20661.2 0 0
233 201 41 20665.5 0 0
233 198 42 20669.8 0 0
235 195 42 20674 0 0
233 194 41 20678.2 0 0
235 197 41 20682.4 0 0
237 195 41 20686.6 0 0
229 202 42 20690.8 0 0
234 199 41 20695 0 0
233 196 41 20699.2 0 0
235 196 42 20703.4 0 0
231 199 42 20707.7 0 0
232 202 42 20711.9 0 0
233 196 42 20716.2 0 0
232 203 41 20720.4 0 0
234 202 41 20724.6 0 0
231 199 41 20728.8 0 0
231 203 41 20733 0 0
228 200 42 20737.2 0 0
228 200 42 20741.5 0 0
233 201 41 20746.4 0 0
235 201 42 20750.7 0 0
232 202 42 20756.9 0 0
234 203 41 20761.1 0 0
232 197 41 20765.3 0 0
236 206 41 20769.5 0 0
231 201 41 20773.8 0 0
230 197 41 20778 0 0
233 198 42 20782.2 0 0
230 200 42 20786.4 0 0
233 201 41 20790.7 0 0
232 196 41 20794.9 0 0
230 199 41 20799.1 0 0
235 199 41 20803.3 0 0
233 200 41 20807.5 0 0
233 201 41 20811.7 0 0
235 198 42 20815.9 0 0
231 203 42 20820.2 0 0
235 203 42 20824.4 0 0
231 200 41 20828.6 0 0
232 206 41 20832.8 0 0
233 195 41 20837 0 0
232 198 41 20841.2 0 0
234 197 41 20845.4 0 0
231 200 41 20849.7 0 0
232 197 41 20853.9 0 0
231 201 41 20858.1 0 0
238 197 41 20865 0 0
234 201 41 20869.2 0 0
240 196 41 20873.7 0 0
239 196 41 20877.9 0 0
237 196 41 20882.1 0 0
236 199 41 20886.4 0 0
239 196 41 20890.6 0 0
237 203 41 20894.8 0 0
235 199 40 20899 0 0
238 202 41 20903.2 0 0
234 198 41 20907.4 0 0
238 200 41 20911.7 0 0
235 201 41 20915.9 0 0
234 202 41 20920.1 0 0
239 196 41 20924.3 0 0
235 200 40 20928.5 0 0
237 200 41 20932.7 0 0
235 199 41 20936.9 0 0
238 199 41 20941.1 0 0
233 199 41 20945.3 0 0
237 201 41 20949.5 0 0
237 198 41 20953.8 0 0
234 197 40 20960.7 0 0
237 196 41 20964.9 0 0
237 195 40 20969.2 0 0
236 194 41 20973.4 0 0
240 194 41 20977.7 0 0
239 195 41 20981.9 0 0
233 196 40 20986.1 0 0
236 202 41 20990.3 0 0
235 199 41 20994.5 0 0
236 198 41 20998.7 0 0
234 199 41 21003 0 0
236 201 40 21007.2 0 0
234 196 41 21011.4 0 0
235 201 41 21015.6 0 0
237 197 41 21019.8 0 0
234 195 41 21024 0 0
240 198 40 21028.3 0 0
234 201 41 21032.5 0 0
238 194 40 21036.7 0 0
238 196 40 21041 0 0
238 200 41 21045.2 0 0
237 198 40 21049.4 0 0
235 200 41 21053.6 0 0
235 197 41 21057.8 0 0
234 199 41 21062 0 0
239 196 40 21066.2 0 0
239 201 41 21070.5 0 0
235 197 41 21077.5 0 0
234 202 41 21081.7 0 0
238 199 41 21085.9 0 0
238 198 40 21090.1 0 0
236 201 41 21094.3 0 0
236 201 41 21098.6 0 0
235 202 41 21102.8 0 0
240 201 41 21107 0 0
239 200 41 21111.2 0 0
237 198 41 21115.4 0 0
237 197 41 21119.6 0 0
238 200 40 21123.8 0 0
239 203 41 21128 0 0
235 200 41 21132.2 0 0
238 200 40 21136.5 0 0
237 196 40 21140.7 0 0
240 195 40 21144.9 0 0
238 200 41 21149.1 0 0
238 200 41 21153.3 0 0
238 192 41 21157.6 0 0
238 193 41 21161.8 0 0
237 201 41 21166 0 0
239 199 41 21170.2 0 0
240 202 41 21174.4 0 0
240 202 41 21178.6 0 0
239 201 40 21184.2 0 0
238 195 41 21188.4 0 0
237 202 41 21192.6 0 0
238 200 41 21196.8 0 0
239 195 41 21201 0 0
236 198 40 21205.2 0 0
235 195 40 21209.5 0 0
239 197 41 21213.7 0 0
239 196 40 21217.9 0 0
239 195 41 21222.1 0 0
239 198 41 21226.4 0 0
234 195 41 21230.6 0 0
241 207 41 21234.8 0 0
239 199 41 21239 0 0
244 203 40 21243.2 0 0
237 195 41 21247.4 0 0
237 198 41 21251.6 0 0
234 198 40 21255.9 0 0
237 197 41 21260.1 0 0
238 196 41 21264.3 0 0
238 199 41 21268.5 0 0
239 197 41 21272.7 0 0
238 202 41 21276.9 0 0
237 198 41 21281.2 0 0
239 198 40 21285.4 0 0
238 198 41 21289.7 0 0
240 198 41 21293.9 0 0
241 199 41 21298.1 0 0
239 196 41 21302.3 0 0
239 197 41 21306.5 0 0
237 197 41 21310.7 0 0
241 199 41 21314.9 0 0
242 199 41 21319.2 0 0
242 205 41 21323.7 0 0
238 200 42 21327.9 0 0
238 197 41 21332.1 0 0
238 199 41 21336.3 0 0
236 198 42 21340.5 0 0
237 199 41 21344.7 0 0
234 196 41 21349 0 0
239 199 41 21353.2 0 0
236 192 41 21357.4 0 0
238 194 41 21361.6 0 0
239 191 42 21365.8 0 0
239 195 41 21370 0 0
239 200 41 21374.2 0 0
240 200 41 21378.4 0 0
236 190 41 21382.7 0 0
237 194 41 21386.9 0 0
237 196 41 21393.7 0 0
236 197 41 21398 0 0
234 200 41 21402.2 0 0
241 196 41 21406.4 0 0
235 197 41 21410.6 0 0
240 198 41 21414.8 0 0
237 195 41 21419.1 0 0
240 197 41 21423.3 0 0
237 193 41 21427.5 0 0
238 202 42 21431.7 0 0
241 197 41 21435.9 0 0
235 197 42 21440.1 0 0
235 193 42 21444.3 0 0
236 198 41 21448.5 0 0
240 196 42 21452.8 0 0
238 193 42 21457 0 0
240 193 41 21461.3 0 0
239 199 42 21465.6 0 0
233 192 42 21469.8 0 0
236 193 42 21474 0 0
238 192 42 21478.2 0 0
240 194 42 21482.5 0 0
240 194 42 21489.4 0 0
234 204 41 21496.5 0 0
237 196 41 21500.7 0 0
237 189 42 21506.2 0 0
238 192 41 21510.4 0 0
238 194 42 21514.6 0 0
237 193 42 21518.8 0 0
235 192 42 21523 0 0
237 192 42 21527.2 0 0
236 192 42 21531.5 0 0
237 198 42 21535.7 0 0
235 189 42 21539.9 0 0
236 200 41 21544.1 0 0
236 200 0 21548.3 0 0
241 194 42 21552.5 0 0
235 192 42 21556.7 0 0
233 190 42 21561 0 0
237 193 42 21565.2 0 0
238 193 42 21569.4 0 0
234 191 42 21573.7 0 0
238 187 42 21577.9 0 0
235 194 42 21582.1 0 0
235 189 43 21586.3 0 0
235 194 42 21590.5 0 0
234 190 42 21594.7 0 0
235 191 42 21599 0 0
236 195 42 21603.2 0 0
235 195 42 21607.4 0 0
234 185 42 21614.5 0 0
235 191 42 21618.7 0 0
239 186 42 21622.9 0 0
232 189 42 21627.1 0 0
237 193 42 21631.3 0 0
236 187 42 21635.6 0 0
235 193 43 21640.2 0 0
237 190 43 21644.4 0 0
234 192 42 21648.6 0 0
237 192 42 21652.8 0 0
239 191 42 21657 0 0
237 191 42 21661.3 0 0
237 189 42 21665.5 0 0
238 186 42 21669.7 0 0
236 192 42 21673.9 0 0
236 192 42 21678.1 0 0
234 188 42 21684 0 0
236 187 42 21688.2 0 0
234 193 43 21692.4 0 0
235 187 42 21696.6 0 0
237 191 43 21700.8 0 0
237 188 43 21705 0 0
235 190 42 21709.3 0 0
235 192 43 21713.5 0 0
236 183 42 21717.7 0 0
232 188 43 21721.9 0 0
232 188 0 21726.2 0 0
234 195 43 21730.4 0 0
233 196 43 21734.6 0 0
235 189 42 21738.8 0 0
236 192 42 21743 0 0
233 186 43 21747.2 0 0
234 185 43 21751.4 0 0
235 191 42 21755.7 0 0
233 188 42 21759.9 0 0
233 188 42 21764.1 0 0
235 190 42 21768.3 0 0
236 189 43 21772.5 0 0
235 187 43 21776.8 0 0
235 189 43 21781 0 0
234 192 42 21785.2 0 0
235 192 43 21789.4 0 0
235 185 43 21793.6 0 0
234 187 43 21797.8 0 0
236 188 43 21802 0 0
235 188 43 21806.2 0 0
232 188 43 21810.5 0 0
234 188 42 21814.7 0 0
236 188 43 21818.9 0 0
233 187 43 21823.1 0 0
234 187 43 21827.3 0 0
233 188 43 21831.5 0 0
234 191 43 21835.8 0 0
235 188 43 21840 0 0
236 195 43 21844.2 0 0
237 191 43 21848.4 0 0
235 196 43 21852.7 0 0
235 188 43 21856.9 0 0
233 188 43 21861.2 0 0
231 197 43 21865.3 0 0
237 196 43 21869.6 0 0
236 188 43 21873.8 0 0
235 191 43 21878 0 0
238 193 43 21882.2 0 0
235 191 44 21886.6 0 0
235 191 43 21890.8 0 0
232 193 43 21895 0 0
235 209 44 21899.3 0 0
235 209 44 21903.5 0 0
209 180 44 21907.7 0 0
196 172 44 21911.9 0 0
188 173 45 21916.2 0 0
185 183 45 21920.3 0 0
176 158 46 21924.5 0 0
171 156 45 21928.8 0 0
160 151 46 21933 0 0
160 156 46 21937.2 0 0
156 152 46 21941.4 0 0
155 154 46 21945.6 0 0
156 158 46 21949.8 0 0
159 156 46 21954 0 0
155 150 46 21958.2 0 0
151 153 46 21962.4 0 0
147 154 46 21966.6 0 0
145 141 46 21970.8 0 0
140 148 46 21975.1 0 0
139 140 47 21979.3 0 0
130 142 46 21983.5 0 0
130 144 46 21987.8 0 0
133 145 47 21992 0 0
131 147 46 21996.2 0 0
133 148 47 22000.4 0 0
133 147 46 22004.6 0 0
134 148 46 22008.9 0 0
135 146 46 22013.1 0 0
135 148 46 22017.3 0 0
134 148 46 22021.5 0 0
134 147 46 22025.7 0 0
