120 120 59 2009.29 0 0
120 118 59 2013.52 0 0
120 118 59 2017.75 0 0
121 120 59 2021.95 0 0
120 119 59 2026.15 0 0
122 121 59 2030.35 0 0
121 118 59 2034.58 0 0
117 119 59 2038.79 0 0
120 120 59 2043.02 0 0
122 118 59 2047.24 0 0
118 118 59 2051.46 0 0
121 120 59 2055.66 0 0
123 119 59 2059.86 0 0
119 118 60 2064.07 0 0
120 118 59 2068.3 0 0
119 116 59 2072.52 0 0
119 115 59 2076.76 0 0
120 116 59 2080.97 0 0
120 117 59 2085.18 0 0
123 116 59 2089.38 0 0
120 119 59 2093.57 0 0
123 120 59 2097.78 0 0
121 117 59 2101.98 0 0
121 119 59 2106.21 0 0
120 118 59 2110.45 0 0
120 118 59 2114.69 0 0
121 117 60 2118.9 0 0
121 118 60 2123.1 0 0
124 118 60 2127.31 0 0
119 118 59 2131.51 0 0
120 118 59 2135.75 0 0
121 117 60 2139.99 0 0
122 116 59 2144.19 0 0
120 117 59 2148.41 0 0
121 116 59 2152.62 0 0
123 117 60 2156.82 0 0
121 120 59 2161.04 0 0
120 120 60 2165.25 0 0
120 119 59 2169.5 0 0
121 119 59 2173.73 0 0
122 120 59 2177.95 0 0
120 120 59 2182.15 0 0
121 120 60 2186.35 0 0
119 118 59 2190.58 0 0
121 119 59 2194.81 0 0
120 120 59 2199.06 0 0
119 117 59 2203.28 0 0
120 121 60 2207.49 0 0
121 121 59 2211.7 0 0
121 121 60 2215.9 0 0
121 122 59 2220.11 0 0
118 119 59 2224.33 0 0
120 121 60 2228.54 0 0
117 119 59 2232.77 0 0
121 120 59 2236.98 0 0
122 120 59 2241.18 0 0
122 118 59 2245.38 0 0
121 117 59 2249.58 0 0
118 117 60 2253.8 0 0
121 117 59 2258.02 0 0
121 118 60 2262.25 0 0
121 116 60 2266.46 0 0
122 117 59 2270.68 0 0
121 119 59 2274.88 0 0
122 116 59 2279.49 0 0
122 117 59 2283.7 0 0
118 117 59 2287.93 0 0
122 117 60 2292.15 0 0
122 116 60 2296.38 0 0
121 119 59 2300.6 0 0
121 117 60 2304.8 0 0
122 117 60 2309 0 0
120 118 60 2313.21 0 0
117 115 59 2317.43 0 0
108 111 60 2321.64 0 0
101 107 60 2325.86 0 0
94 101 60 2330.07 0 0
87 93 59 2334.28 0 0
81 84 59 2338.49 0 0
76 70 58 2342.69 0 0
73 60 58 2346.89 0 0
73 60 57 2351.09 0 0
73 60 56 2355.33 0 0
62 9 56 2359.56 0 0
62 12 55 2363.85 0 0
60 13 56 2368.06 0 0
60 13 55 2372.26 0 0
62 13 56 2376.46 0 0
62 15 56 2380.68 0 0
63 17 55 2384.89 0 0
62 16 55 2389.15 0 0
62 16 55 2393.36 0 0
62 15 55 2397.58 0 0
62 16 54 2401.79 0 0
62 16 55 2406 0 0
62 16 54 2410.21 0 0
62 15 54 2414.42 0 0
62 15 54 2418.67 0 0
61 22 54 2422.95 0 0
62 15 54 2427.23 0 0
61 14 54 2431.43 0 0
61 21 54 2435.63 0 0
60 21 53 2439.84 0 0
61 14 54 2444.04 0 0
61 14 53 2448.3 0 0
61 15 53 2452.55 0 0
61 14 53 2456.77 0 0
61 14 53 2460.98 0 0
61 13 53 2465.18 0 0
61 14 53 2469.38 0 0
62 14 53 2473.6 0 0
61 14 52 2477.82 0 0
61 14 52 2482.07 0 0
62 13 52 2486.27 0 0
63 12 52 2490.49 0 0
64 30 52 2494.74 0 0
69 39 53 2498.95 0 0
79 43 53 2503.17 0 0
85 35 54 2507.39 0 0
94 35 55 2511.63 0 0
94 35 55 2515.87 0 0
112 49 55 2520.08 0 0
118 44 55 2524.29 0 0
128 43 56 2528.49 0 0
138 46 55 2532.69 0 0
145 47 56 2536.92 0 0
151 51 56 2541.13 0 0
158 52 56 2545.42 0 0
164 52 55 2549.64 0 0
165 53 56 2553.85 0 0
163 54 56 2558.05 0 0
160 52 56 2562.25 0 0
161 52 56 2566.46 0 0
162 52 56 2570.69 0 0
162 52 56 2574.93 0 0
162 52 0 2579.17 0 0
161 54 56 2583.41 0 0
162 52 55 2587.61 0 0
160 53 55 2591.81 0 0
162 53 55 2596.01 0 0
162 52 55 2600.23 0 0
160 53 55 2604.44 0 0
162 53 55 2608.65 0 0
161 53 55 2612.88 0 0
161 54 54 2617.09 0 0
161 54 54 2621.3 0 0
162 53 54 2625.5 0 0
161 54 54 2629.73 0 0
162 53 54 2633.94 0 0
162 53 54 2638.18 0 0
163 54 54 2642.4 0 0
161 53 54 2646.61 0 0
161 53 54 2650.82 0 0
163 54 53 2655.02 0 0
161 53 53 2659.23 0 0
161 54 53 2663.46 0 0
163 54 53 2667.71 0 0
162 54 53 2671.93 0 0
162 53 53 2676.16 0 0
162 54 53 2680.36 0 0
162 54 53 2684.56 0 0
162 54 53 2688.77 0 0
164 53 53 2692.99 0 0
163 53 53 2697.2 0 0
161 54 53 2701.43 0 0
163 54 53 2705.63 0 0
162 54 53 2709.84 0 0
164 55 53 2714.04 0 0
164 54 53 2718.24 0 0
164 55 53 2722.46 0 0
162 54 53 2726.69 0 0
165 54 52 2730.95 0 0
164 57 53 2735.25 0 0
165 67 53 2739.46 0 0
167 80 53 2743.67 0 0
178 92 53 2748.05 0 0
186 102 53 2752.26 0 0
194 115 53 2756.47 0 0
203 127 53 2760.73 0 0
212 141 52 2764.96 0 0
221 151 52 2769.17 0 0
226 162 52 2773.37 0 0
229 173 52 2777.58 0 0
238 188 52 2781.79 0 0
246 196 52 2786 0 0
244 202 52 2790.21 0 0
241 196 52 2794.45 0 0
243 192 52 2798.67 0 0
244 195 52 2802.89 0 0
245 198 52 2807.1 0 0
244 195 52 2811.31 0 0
244 198 52 2815.51 0 0
242 197 51 2819.72 0 0
241 196 51 2823.97 0 0
242 198 52 2828.2 0 0
242 201 52 2832.43 0 0
242 201 52 2836.63 0 0
248 200 52 2840.83 0 0
242 197 51 2845.03 0 0
241 197 51 2849.24 0 0
241 200 51 2853.45 0 0
245 192 51 2857.66 0 0
253 191 51 2861.92 0 0
253 176 51 2866.13 0 0
259 189 51 2887.26 0 0
260 187 52 2904.11 0 0
258 179 51 2908.32 0 0
256 183 51 2912.55 0 0
258 180 51 2916.78 0 0
257 180 51 2921.03 0 0
259 192 50 2925.24 0 0
257 179 50 2929.44 0 0
260 191 51 2937.85 0 0
258 188 51 2946.29 0 0
257 189 51 2950.52 0 0
260 192 51 2954.76 0 0
260 189 51 2958.99 0 0
255 182 51 2963.2 0 0
258 180 51 2967.4 0 0
261 190 50 2971.61 0 0
260 191 51 2975.82 0 0
261 188 51 2980.07 0 0
260 190 51 2984.3 0 0
259 188 51 2988.51 0 0
260 187 51 2992.72 0 0
259 194 51 2996.93 0 0
257 189 51 3001.13 0 0
257 187 51 3005.35 0 0
255 181 51 3009.56 0 0
260 195 51 3013.81 0 0
260 190 51 3018.02 0 0
255 181 51 3022.22 0 0
255 184 52 3026.42 0 0
256 185 51 3030.63 0 0
261 200 51 3034.83 0 0
261 192 51 3039.04 0 0
258 185 51 3043.28 0 0
255 177 51 3051.73 0 0
259 186 51 3055.93 0 0
255 187 51 3060.13 0 0
258 182 51 3064.33 0 0
258 185 51 3068.55 0 0
256 187 51 3072.77 0 0
260 186 51 3077.01 0 0
257 184 51 3081.22 0 0
258 186 51 3085.42 0 0
257 187 51 3089.62 0 0
257 185 51 3093.82 0 0
254 185 51 3098.04 0 0
259 184 51 3102.26 0 0
261 184 52 3106.47 0 0
254 190 51 3110.75 0 0
258 188 52 3114.98 0 0
259 187 52 3119.19 0 0
258 191 52 3123.4 0 0
258 188 51 3127.62 0 0
261 190 52 3131.85 0 0
255 191 52 3136.1 0 0
260 187 52 3140.32 0 0
261 192 52 3144.53 0 0
259 185 52 3148.75 0 0
257 191 52 3157.15 0 0
258 191 52 3161.38 0 0
254 196 52 3165.59 0 0
246 204 53 3169.82 0 0
238 216 53 3174.04 0 0
225 216 54 3178.25 0 0
215 221 53 3182.45 0 0
214 232 53 3186.65 0 0
217 239 53 3190.86 0 0
217 240 52 3216.17 0 0
209 237 52 3220.37 0 0
213 240 52 3224.6 0 0
214 238 52 3233.57 0 0
218 239 53 3241.99 0 0
210 235 53 3246.19 0 0
217 238 52 3254.61 0 0
213 239 53 3258.82 0 0
213 234 52 3263.04 0 0
214 239 53 3267.25 0 0
217 237 53 3275.71 0 0
212 238 53 3282.64 0 0
212 238 53 3286.86 0 0
216 240 53 3291.07 0 0
213 235 53 3295.32 0 0
218 240 53 3299.55 0 0
217 240 53 3303.75 0 0
215 237 53 3307.95 0 0
214 238 53 3312.15 0 0
214 236 53 3316.38 0 0
214 238 53 3320.59 0 0
214 240 53 3324.84 0 0
216 238 53 3329.05 0 0
216 236 53 3333.28 0 0
211 237 53 3337.49 0 0
214 237 54 3341.69 0 0
212 237 53 3345.89 0 0
210 234 53 3350.1 0 0
212 233 53 3354.31 0 0
209 234 53 3358.53 0 0
215 238 53 3362.74 0 0
214 240 53 3366.95 0 0
226 239 54 3375.35 0 0
227 228 54 3379.56 0 0
232 215 55 3383.77 0 0
232 215 55 3388 0 0
248 203 54 3392.65 0 0
250 191 54 3396.87 0 0
250 182 54 3401.07 0 0
254 185 53 3405.27 0 0
249 183 54 3409.49 0 0
250 189 54 3413.71 0 0
246 181 54 3417.96 0 0
248 183 54 3422.19 0 0
250 185 54 3426.41 0 0
248 179 54 3430.62 0 0
248 186 54 3434.82 0 0
250 185 54 3439.03 0 0
247 182 54 3443.25 0 0
250 187 54 3447.47 0 0
249 185 54 3451.69 0 0
253 185 54 3455.91 0 0
250 187 54 3460.13 0 0
248 182 54 3464.34 0 0
253 186 54 3468.54 0 0
252 195 54 3472.76 0 0
249 183 54 3476.98 0 0
250 185 54 3481.21 0 0
254 194 54 3485.42 0 0
256 196 54 3489.65 0 0
254 193 54 3493.85 0 0
246 185 55 3498.05 0 0
255 195 55 3502.26 0 0
256 197 55 3506.47 0 0
248 185 54 3510.72 0 0
253 192 54 3514.95 0 0
253 193 55 3519.16 0 0
258 198 55 3523.37 0 0
254 193 54 3527.56 0 0
257 197 54 3531.77 0 0
253 195 55 3535.98 0 0
256 192 54 3540.19 0 0
253 188 55 3544.43 0 0
250 189 55 3548.64 0 0
257 193 55 3552.85 0 0
251 193 56 3557.05 0 0
256 192 55 3561.25 0 0
252 191 55 3565.46 0 0
251 192 55 3569.67 0 0
252 191 55 3573.91 0 0
253 191 55 3578.17 0 0
251 194 55 3582.4 0 0
254 193 55 3586.61 0 0
254 195 55 3590.81 0 0
251 193 55 3595.01 0 0
255 195 55 3599.78 0 0
254 198 56 3604.01 0 0
256 191 55 3608.23 0 0
255 195 55 3612.49 0 0
254 193 55 3616.72 0 0
252 199 55 3620.93 0 0
255 192 55 3625.13 0 0
259 191 55 3629.35 0 0
250 194 55 3633.57 0 0
256 189 55 3637.8 0 0
253 194 55 3642.01 0 0
253 196 55 3646.22 0 0
253 191 55 3650.42 0 0
255 192 55 3654.63 0 0
253 195 55 3658.84 0 0
252 195 55 3663.05 0 0
252 187 55 3667.29 0 0
249 191 55 3671.51 0 0
256 186 56 3675.72 0 0
250 190 56 3679.92 0 0
252 192 56 3684.12 0 0
253 191 55 3688.33 0 0
250 189 55 3692.56 0 0
251 187 55 3696.78 0 0
253 187 55 3701.1 0 0
252 190 56 3705.42 0 0
251 191 55 3709.64 0 0
254 191 55 3713.85 0 0
254 192 56 3718.05 0 0
254 193 55 3722.26 0 0
251 194 56 3726.47 0 0
253 193 55 3730.71 0 0
250 194 55 3734.94 0 0
252 192 55 3739.14 0 0
251 191 55 3743.35 0 0
254 189 55 3747.56 0 0
252 192 55 3751.75 0 0
250 192 55 3755.96 0 0
259 200 56 3760.19 0 0
254 194 55 3764.42 0 0
255 194 55 3768.64 0 0
253 198 55 3772.84 0 0
253 193 55 3777.04 0 0
256 196 55 3781.24 0 0
256 195 55 3785.45 0 0
255 196 55 3789.66 0 0
255 197 55 3793.9 0 0
252 197 55 3798.13 0 0
253 194 55 3802.34 0 0
253 196 55 3806.54 0 0
253 196 55 3810.74 0 0
253 192 55 3814.95 0 0
244 187 55 3819.18 0 0
230 171 56 3823.42 0 0
218 158 56 3827.66 0 0
201 155 56 3831.9 0 0
186 145 56 3836.19 0 0
180 135 56 3840.4 0 0
165 125 56 3844.6 0 0
158 120 56 3849.01 0 0
149 118 56 3853.23 0 0
142 109 55 3857.44 0 0
137 109 55 3861.68 0 0
133 106 55 3865.9 0 0
129 106 54 3870.1 0 0
124 101 54 3874.31 0 0
124 103 55 3878.51 0 0
129 102 55 3882.72 0 0
129 104 55 3886.97 0 0
129 104 55 3891.19 0 0
128 105 55 3895.41 0 0
130 104 54 3899.62 0 0
127 105 55 3903.83 0 0
129 105 54 3908.04 0 0
128 102 54 3912.26 0 0
126 103 55 3916.49 0 0
129 103 54 3920.71 0 0
130 102 54 3924.96 0 0
128 101 54 3929.18 0 0
127 101 54 3933.39 0 0
126 102 54 3937.59 0 0
127 102 54 3941.81 0 0
127 102 54 3946.07 0 0
127 102 54 3950.41 0 0
125 101 54 3954.62 0 0
128 103 54 3958.84 0 0
129 103 54 3963.05 0 0
124 101 54 3967.25 0 0
127 102 54 3971.46 0 0
129 102 54 3975.69 0 0
126 102 54 3979.93 0 0
129 103 54 3984.16 0 0
126 102 54 3988.38 0 0
129 103 54 3992.58 0 0
124 102 54 3996.78 0 0
126 102 54 4000.98 0 0
128 101 54 4005.21 0 0
127 101 54 4009.42 0 0
129 103 54 4013.64 0 0
127 103 54 4017.86 0 0
128 103 55 4022.08 0 0
128 103 54 4026.28 0 0
126 101 54 4030.48 0 0
127 101 54 4034.69 0 0
128 103 55 4038.9 0 0
127 103 54 4043.17 0 0
128 102 54 4047.4 0 0
127 102 54 4051.61 0 0
128 101 54 4055.81 0 0
128 101 54 4060.01 0 0
130 103 55 4064.21 0 0
128 102 55 4068.44 0 0
129 102 54 4072.66 0 0
130 101 54 4076.89 0 0
126 103 54 4081.11 0 0
127 102 55 4085.32 0 0
125 102 55 4089.53 0 0
126 102 55 4093.73 0 0
129 102 54 4097.98 0 0
128 102 54 4102.19 0 0
128 101 54 4106.4 0 0
128 103 54 4110.64 0 0
127 101 54 4114.86 0 0
126 103 54 4119.06 0 0
129 99 54 4123.26 0 0
129 96 54 4127.47 0 0
129 97 54 4131.68 0 0
127 93 54 4135.94 0 0
127 87 55 4140.18 0 0
128 84 54 4144.41 0 0
126 84 54 4148.61 0 0
127 83 54 4152.82 0 0
128 84 55 4157.01 0 0
127 83 54 4161.24 0 0
127 84 55 4165.46 0 0
125 84 55 4169.7 0 0
126 85 54 4173.93 0 0
127 84 54 4178.16 0 0
127 85 54 4182.36 0 0
127 84 54 4186.56 0 0
128 86 54 4190.77 0 0
128 86 55 4194.98 0 0
125 86 54 4199.22 0 0
127 86 54 4203.43 0 0
130 85 54 4207.64 0 0
126 85 54 4211.85 0 0
126 86 54 4216.05 0 0
129 86 54 4220.25 0 0
127 86 54 4224.46 0 0
128 84 54 4228.68 0 0
127 86 54 4232.92 0 0
125 84 54 4237.14 0 0
125 85 54 4241.35 0 0
125 86 54 4245.55 0 0
129 86 54 4249.75 0 0
128 85 54 4253.97 0 0
125 87 54 4258.2 0 0
126 84 54 4262.44 0 0
125 86 54 4266.68 0 0
126 86 54 4270.89 0 0
128 86 53 4275.09 0 0
127 84 54 4279.31 0 0
127 85 54 4283.51 0 0
127 84 54 4287.72 0 0
127 86 54 4291.94 0 0
125 85 54 4296.17 0 0
126 85 54 4300.38 0 0
127 85 53 4304.6 0 0
126 86 53 4308.81 0 0
128 85 53 4313.01 0 0
123 86 53 4317.24 0 0
126 86 54 4321.45 0 0
125 84 53 4325.69 0 0
126 85 53 4329.91 0 0
126 86 53 4334.12 0 0
125 86 53 4338.32 0 0
125 84 53 4342.52 0 0
128 85 53 4346.77 0 0
126 85 53 4350.97 0 0
127 84 53 4355.2 0 0
128 83 53 4359.45 0 0
122 85 53 4363.73 0 0
126 85 53 4367.93 0 0
125 84 53 4372.13 0 0
127 85 53 4376.33 0 0
124 84 53 4380.56 0 0
126 84 53 4384.79 0 0
126 85 53 4389.01 0 0
125 85 53 4393.23 0 0
127 84 53 4397.43 0 0
125 85 53 4401.67 0 0
124 84 52 4405.88 0 0
124 85 52 4410.11 0 0
127 86 53 4414.32 0 0
126 85 53 4418.57 0 0
126 84 52 4422.78 0 0
124 84 52 4427 0 0
126 87 53 4431.2 0 0
126 85 52 4435.4 0 0
127 86 53 4439.61 0 0
127 92 53 4443.83 0 0
129 94 52 4448.07 0 0
134 103 53 4452.3 0 0
144 107 54 4456.54 0 0
152 110 54 4460.75 0 0
160 115 54 4464.96 0 0
167 119 54 4469.16 0 0
175 122 54 4473.38 0 0
184 128 54 4477.6 0 0
191 128 53 4481.83 0 0
199 129 54 4486.06 0 0
207 138 53 4490.26 0 0
211 139 53 4494.47 0 0
215 141 53 4498.67 0 0
226 140 53 4502.87 0 0
226 144 53 4507.09 0 0
227 144 53 4511.33 0 0
226 143 53 4515.55 0 0
225 140 53 4519.76 0 0
223 143 53 4523.97 0 0
223 142 53 4528.17 0 0
224 144 53 4532.37 0 0
225 143 53 4536.6 0 0
226 145 53 4540.81 0 0
224 151 53 4545.04 0 0
227 144 53 4549.25 0 0
224 147 53 4553.47 0 0
228 144 53 4557.67 0 0
223 142 53 4561.87 0 0
224 147 53 4568.87 0 0
228 145 53 4573.15 0 0
225 145 53 4577.39 0 0
226 147 53 4581.61 0 0
225 146 52 4585.81 0 0
223 146 52 4590.01 0 0
225 147 52 4594.21 0 0
222 148 53 4598.42 0 0
224 148 52 4602.63 0 0
225 148 52 4606.84 0 0
223 146 52 4611.07 0 0
221 148 52 4615.28 0 0
225 149 52 4619.48 0 0
227 145 53 4623.68 0 0
226 150 53 4627.88 0 0
228 144 53 4632.1 0 0
223 147 52 4636.37 0 0
226 152 52 4640.6 0 0
223 150 52 4644.82 0 0
224 145 52 4649.03 0 0
226 146 53 4653.23 0 0
227 147 52 4657.43 0 0
226 149 53 4661.69 0 0
226 149 53 4665.9 0 0
225 147 52 4673.89 0 0
228 144 52 4678.1 0 0
226 144 52 4682.3 0 0
222 153 52 4686.5 0 0
226 152 52 4690.76 0 0
225 148 52 4694.97 0 0
225 148 52 4699.21 0 0
224 156 52 4705.16 0 0
230 152 53 4709.37 0 0
228 155 52 4713.57 0 0
229 152 52 4717.77 0 0
229 151 53 4721.98 0 0
226 149 53 4726.2 0 0
226 155 53 4730.46 0 0
230 148 52 4734.68 0 0
224 145 52 4738.9 0 0
228 140 53 4743.1 0 0
225 122 52 4747.31 0 0
226 118 52 4751.51 0 0
225 115 52 4755.73 0 0
222 114 52 4759.97 0 0
228 107 53 4764.21 0 0
224 105 52 4768.42 0 0
224 106 53 4772.62 0 0
225 105 52 4776.82 0 0
225 104 53 4781.02 0 0
224 105 53 4785.23 0 0
223 106 53 4789.45 0 0
225 107 52 4793.69 0 0
222 107 53 4797.92 0 0
228 104 53 4802.13 0 0
227 105 53 4806.33 0 0
224 109 52 4810.54 0 0
230 104 52 4814.75 0 0
227 106 52 4818.96 0 0
225 106 53 4823.19 0 0
223 107 53 4827.42 0 0
225 107 53 4831.63 0 0
223 107 53 4835.83 0 0
223 106 53 4840.03 0 0
224 108 53 4844.23 0 0
222 107 53 4848.67 0 0
225 106 53 4852.88 0 0
223 108 53 4857.1 0 0
225 106 53 4861.41 0 0
226 108 53 4865.62 0 0
225 106 53 4869.82 0 0
227 106 53 4874.02 0 0
223 106 53 4878.24 0 0
226 107 53 4882.45 0 0
221 108 53 4886.69 0 0
226 106 53 4890.92 0 0
225 106 53 4895.14 0 0
223 108 53 4899.35 0 0
229 106 54 4903.57 0 0
221 108 53 4907.77 0 0
227 107 53 4912 0 0
226 106 54 4916.21 0 0
224 105 54 4920.45 0 0
224 103 53 4924.67 0 0
225 108 53 4928.88 0 0
224 101 54 4933.08 0 0
217 97 53 4937.29 0 0
210 91 54 4941.5 0 0
206 87 55 4945.79 0 0
198 81 54 4950.03 0 0
194 75 55 4954.25 0 0
190 65 54 4958.46 0 0
190 52 55 4962.68 0 0
185 49 55 4966.88 0 0
186 48 54 4971.11 0 0
184 49 54 4975.31 0 0
184 49 54 4979.56 0 0
186 50 54 4983.78 0 0
186 49 54 4987.99 0 0
186 49 54 4992.2 0 0
184 50 54 4996.4 0 0
183 49 54 5000.6 0 0
185 49 54 5004.82 0 0
183 50 54 5009.05 0 0
183 49 55 5013.28 0 0
184 49 54 5017.49 0 0
184 50 54 5021.71 0 0
186 49 54 5025.91 0 0
184 49 55 5030.11 0 0
185 49 55 5034.32 0 0
183 50 54 5038.54 0 0
184 51 55 5042.8 0 0
183 50 55 5047.02 0 0
184 50 54 5051.23 0 0
183 50 54 5055.44 0 0
183 50 55 5059.64 0 0
185 50 55 5063.84 0 0
184 50 55 5068.05 0 0
184 50 55 5072.27 0 0
184 51 55 5076.49 0 0
185 49 54 5080.71 0 0
186 50 55 5084.91 0 0
182 50 54 5089.11 0 0
186 51 55 5093.31 0 0
184 51 54 5097.52 0 0
184 50 55 5101.74 0 0
184 50 54 5105.97 0 0
185 51 55 5110.2 0 0
184 50 55 5114.42 0 0
184 49 55 5118.62 0 0
184 50 54 5123.32 0 0
184 51 55 5127.53 0 0
181 50 55 5131.75 0 0
185 49 55 5136.03 0 0
184 50 55 5140.32 0 0
180 58 54 5144.53 0 0
177 75 53 5148.75 0 0
180 105 51 5152.95 0 0
180 105 0 5157.15 0 0
180 105 0 5161.37 0 0
180 105 0 5165.58 0 0
180 105 0 5170.3 0 0
180 105 0 5174.51 0 0
180 105 0 5178.72 0 0
180 105 0 5182.92 0 0
180 105 0 5187.17 0 0
180 105 0 5191.38 0 0
180 105 0 5195.61 0 0
180 105 0 5199.86 0 0
180 105 0 5204.07 0 0
180 105 0 5208.28 0 0
180 105 0 5212.48 0 0
180 105 0 5216.68 0 0
180 105 0 5220.89 0 0
180 105 0 5225.11 0 0
180 105 0 5229.35 0 0
180 105 47 5233.58 0 0
213 239 54 5376.87 0 0
217 237 54 5381.09 0 0
216 237 54 5385.32 0 0
216 233 54 5389.54 0 0
214 239 54 5402.21 0 0
219 237 54 5406.41 0 0
216 235 54 5410.62 0 0
211 233 54 5414.84 0 0
217 236 54 5419.09 0 0
214 233 54 5423.3 0 0
217 239 54 5427.51 0 0
217 238 54 5431.71 0 0
215 237 54 5435.93 0 0
212 233 54 5440.13 0 0
213 234 54 5444.34 0 0
213 236 54 5448.59 0 0
219 240 54 5452.82 0 0
215 240 54 5457.03 0 0
213 240 54 5465.45 0 0
217 240 54 5469.65 0 0
210 228 54 5478.08 0 0
210 229 54 5482.33 0 0
217 240 54 5486.55 0 0
216 238 54 5490.75 0 0
209 228 55 5499.15 0 0
211 236 54 5503.36 0 0
213 234 54 5507.56 0 0
213 235 55 5511.83 0 0
213 232 55 5516.06 0 0
214 232 54 5520.28 0 0
213 231 54 5524.48 0 0
201 224 55 5528.69 0 0
195 213 55 5532.9 0 0
180 195 55 5537.12 0 0
164 175 56 5541.34 0 0
154 166 55 5545.56 0 0
141 156 55 5549.77 0 0
133 148 55 5553.98 0 0
121 140 55 5558.18 0 0
113 143 54 5562.38 0 0
106 135 54 5566.6 0 0
96 144 54 5570.82 0 0
90 140 53 5575.08 0 0
82 132 53 5579.31 0 0
82 127 53 5583.51 0 0
80 123 52 5587.71 0 0
77 125 53 5591.92 0 0
81 119 53 5596.13 0 0
83 119 53 5600.34 0 0
82 122 54 5604.55 0 0
84 122 53 5608.81 0 0
83 126 53 5613.05 0 0
80 126 53 5617.27 0 0
80 127 53 5621.47 0 0
81 124 53 5625.67 0 0
80 129 53 5629.88 0 0
82 126 53 5634.1 0 0
82 127 53 5638.32 0 0
81 125 53 5642.53 0 0
78 121 53 5646.76 0 0
81 117 53 5650.96 0 0
82 125 53 5655.16 0 0
80 129 53 5659.37 0 0
81 120 53 5663.57 0 0
83 124 53 5667.8 0 0
78 121 53 5672 0 0
82 122 53 5676.21 0 0
79 121 53 5680.43 0 0
80 118 53 5684.66 0 0
82 120 53 5688.89 0 0
80 119 53 5693.11 0 0
82 122 53 5697.34 0 0
81 119 53 5701.58 0 0
80 121 53 5705.79 0 0
81 125 53 5710 0 0
79 121 53 5714.21 0 0
79 121 53 5718.41 0 0
80 120 53 5722.62 0 0
78 120 53 5726.83 0 0
79 124 53 5731.07 0 0
80 120 54 5735.4 0 0
78 119 53 5739.61 0 0
78 116 53 5743.81 0 0
76 108 53 5748.01 0 0
71 94 53 5752.23 0 0
69 76 53 5756.45 0 0
67 59 53 5760.7 0 0
67 59 52 5764.92 0 0
67 59 52 5769.14 0 0
62 21 52 5773.34 0 0
60 28 51 5777.54 0 0
60 28 50 5781.74 0 0
60 28 50 5785.96 0 0
60 28 50 5790.18 0 0
60 28 50 5794.41 0 0
60 28 50 5798.63 0 0
60 28 50 5802.84 0 0
60 28 51 5807.04 0 0
60 28 50 5811.26 0 0
60 28 50 5815.47 0 0
60 28 50 5819.69 0 0
60 28 50 5823.93 0 0
60 28 51 5828.15 0 0
60 28 50 5832.36 0 0
60 28 50 5836.57 0 0
60 28 50 5840.77 0 0
60 28 50 5844.97 0 0
60 28 50 5849.18 0 0
60 28 50 5853.4 0 0
60 28 50 5857.62 0 0
60 28 50 5861.88 0 0
60 28 50 5866.09 0 0
50 8 50 5870.29 0 0
57 16 50 5874.49 0 0
56 14 50 5878.7 0 0
56 17 50 5882.93 0 0
56 18 50 5887.17 0 0
55 16 50 5891.4 0 0
55 16 50 5895.61 0 0
56 15 51 5899.81 0 0
55 16 50 5904.04 0 0
55 17 50 5908.27 0 0
56 15 50 5912.47 0 0
56 16 50 5916.68 0 0
56 17 50 5920.88 0 0
55 14 50 5925.09 0 0
55 16 51 5929.31 0 0
54 16 50 5933.56 0 0
55 17 50 5937.77 0 0
55 15 50 5941.99 0 0
55 16 50 5946.27 0 0
54 16 50 5950.5 0 0
56 17 50 5954.71 0 0
56 15 50 5958.93 0 0
56 15 50 5963.13 0 0
55 16 50 5967.33 0 0
55 16 50 5971.54 0 0
55 16 50 5975.76 0 0
56 16 50 5980.03 0 0
56 16 50 5984.27 0 0
51 28 50 5988.5 0 0
51 28 50 5992.7 0 0
51 26 50 5996.9 0 0
51 27 50 6001.1 0 0
50 26 50 6005.34 0 0
48 29 50 6009.55 0 0
50 28 50 6013.77 0 0
50 29 50 6018 0 0
50 31 50 6022.21 0 0
50 29 50 6026.41 0 0
49 29 50 6030.62 0 0
49 30 50 6034.83 0 0
55 19 50 6039.04 0 0
56 16 50 6043.28 0 0
58 13 50 6047.52 0 0
59 12 52 6051.73 0 0
62 47 52 6055.97 0 0
63 74 53 6060.17 0 0
69 92 54 6064.37 0 0
73 107 54 6068.59 0 0
79 121 54 6072.82 0 0
92 138 53 6077.05 0 0
95 138 53 6081.28 0 0
91 137 54 6085.48 0 0
91 138 54 6089.68 0 0
91 138 54 6093.88 0 0
90 140 54 6098.1 0 0
91 143 54 6102.31 0 0
92 137 54 6106.51 0 0
91 142 54 6110.74 0 0
89 138 54 6114.97 0 0
94 144 54 6119.18 0 0
92 143 53 6123.38 0 0
92 136 54 6127.58 0 0
92 142 54 6131.79 0 0
90 137 54 6136.04 0 0
93 139 53 6140.26 0 0
90 140 54 6144.48 0 0
93 137 53 6148.68 0 0
94 138 53 6152.88 0 0
91 139 53 6157.08 0 0
90 144 53 6161.28 0 0
91 144 54 6165.48 0 0
90 143 54 6169.76 0 0
90 142 53 6173.97 0 0
93 142 53 6178.18 0 0
91 141 53 6182.42 0 0
90 140 53 6186.64 0 0
91 139 53 6190.85 0 0
91 141 53 6195.06 0 0
91 142 53 6199.3 0 0
87 145 53 6203.53 0 0
79 149 53 6207.74 0 0
74 162 53 6211.94 0 0
65 170 53 6216.15 0 0
57 172 53 6220.36 0 0
52 181 52 6224.58 0 0
47 185 51 6228.8 0 0
46 170 51 6233.02 0 0
43 181 51 6237.27 0 0
44 170 51 6241.48 0 0
48 177 51 6245.68 0 0
47 175 51 6249.88 0 0
47 176 51 6254.15 0 0
48 173 51 6258.37 0 0
46 179 50 6262.63 0 0
44 168 50 6266.85 0 0
45 175 51 6271.08 0 0
45 174 51 6275.29 0 0
43 174 51 6279.52 0 0
46 173 51 6283.75 0 0
45 175 50 6287.96 0 0
45 178 51 6292.2 0 0
44 177 51 6296.42 0 0
45 174 50 6300.63 0 0
45 178 50 6304.83 0 0
45 176 51 6309.04 0 0
46 177 51 6313.24 0 0
43 181 50 6317.5 0 0
44 173 50 6321.72 0 0
46 177 51 6325.98 0 0
46 175 50 6330.22 0 0
45 168 50 6334.43 0 0
44 175 51 6338.63 0 0
46 168 50 6342.83 0 0
44 174 51 6347.04 0 0
47 169 51 6351.25 0 0
46 175 50 6355.46 0 0
45 170 51 6359.72 0 0
45 167 51 6363.94 0 0
45 175 50 6368.16 0 0
44 170 51 6372.4 0 0
45 170 51 6376.62 0 0
45 170 51 6380.83 0 0
45 171 51 6385.05 0 0
45 175 51 6389.27 0 0
45 172 51 6393.49 0 0
44 170 51 6397.69 0 0
45 168 51 6401.89 0 0
46 173 50 6406.09 0 0
45 169 51 6410.29 0 0
45 176 51 6414.5 0 0
46 173 51 6418.71 0 0
46 168 51 6428.69 0 0
45 173 50 6432.93 0 0
45 171 50 6437.16 0 0
46 176 51 6441.37 0 0
46 176 51 6445.6 0 0
44 176 51 6449.86 0 0
45 170 51 6454.11 0 0
45 171 51 6458.32 0 0
44 177 51 6462.52 0 0
45 171 51 6466.73 0 0
41 162 51 6470.94 0 0
36 162 51 6475.15 0 0
35 138 51 6479.41 0 0
37 121 50 6483.63 0 0
36 122 51 6487.85 0 0
40 122 51 6492.05 0 0
40 121 51 6496.25 0 0
39 128 51 6500.45 0 0
38 128 51 6504.68 0 0
41 128 51 6508.89 0 0
40 120 51 6513.11 0 0
44 124 51 6517.33 0 0
51 115 53 6521.54 0 0
62 110 53 6525.74 0 0
71 107 53 6529.95 0 0
80 98 54 6534.15 0 0
88 93 54 6538.36 0 0
96 82 55 6542.6 0 0
109 73 55 6546.82 0 0
113 62 54 6551.04 0 0
118 56 54 6555.24 0 0
123 56 55 6559.45 0 0
120 59 55 6563.65 0 0
121 58 55 6567.94 0 0
119 61 55 6572.16 0 0
118 60 55 6576.43 0 0
118 61 55 6580.65 0 0
118 62 55 6584.86 0 0
119 61 55 6589.07 0 0
118 61 55 6593.27 0 0
120 61 55 6597.53 0 0
119 62 55 6601.74 0 0
118 63 55 6605.96 0 0
119 62 55 6610.18 0 0
119 63 55 6614.39 0 0
119 62 55 6618.59 0 0
118 63 55 6622.8 0 0
118 63 55 6627.13 0 0
118 64 55 6631.35 0 0
117 65 55 6635.59 0 0
120 64 55 6639.82 0 0
117 65 55 6644.04 0 0
119 65 55 6648.24 0 0
119 65 55 6652.44 0 0
118 63 55 6656.65 0 0
119 65 55 6661.14 0 0
119 65 55 6665.37 0 0
118 65 55 6669.57 0 0
118 65 55 6673.79 0 0
119 66 55 6678.03 0 0
119 65 55 6682.25 0 0
118 66 55 6686.45 0 0
118 66 55 6690.67 0 0
119 66 55 6694.88 0 0
119 66 56 6699.11 0 0
119 67 55 6703.33 0 0
120 65 55 6707.55 0 0
119 65 55 6711.75 0 0
121 65 55 6715.95 0 0
118 66 55 6720.15 0 0
121 66 55 6724.38 0 0
120 65 55 6728.6 0 0
121 66 55 6732.83 0 0
120 67 55 6737.04 0 0
119 65 55 6741.25 0 0
119 66 55 6745.45 0 0
120 65 55 6749.65 0 0
122 64 55 6753.88 0 0
119 66 55 6758.09 0 0
121 65 55 6762.34 0 0
118 64 55 6766.58 0 0
121 63 56 6770.81 0 0
120 62 55 6775.01 0 0
119 61 55 6779.21 0 0
118 63 55 6783.45 0 0
121 62 55 6787.68 0 0
121 63 55 6791.92 0 0
121 61 55 6796.15 0 0
120 63 56 6800.36 0 0
120 62 55 6804.56 0 0
120 62 55 6808.77 0 0
118 60 55 6812.96 0 0
115 48 55 6817.18 0 0
112 44 55 6821.39 0 0
109 46 55 6825.61 0 0
105 47 55 6829.83 0 0
96 22 54 6834.03 0 0
97 54 54 6838.24 0 0
92 50 53 6842.44 0 0
92 50 53 6846.65 0 0
91 49 53 6850.85 0 0
95 47 53 6855.06 0 0
96 50 53 6859.29 0 0
95 49 53 6863.51 0 0
95 49 53 6867.71 0 0
95 48 53 6871.91 0 0
93 49 52 6876.11 0 0
95 49 52 6880.33 0 0
93 50 52 6884.55 0 0
93 49 52 6888.8 0 0
94 49 52 6893 0 0
95 49 52 6897.21 0 0
95 49 52 6901.42 0 0
94 50 53 6905.61 0 0
97 50 52 6909.83 0 0
95 48 52 6914.03 0 0
95 49 52 6918.24 0 0
95 48 52 6922.45 0 0
93 48 52 6926.73 0 0
93 49 52 6930.93 0 0
97 51 52 6935.14 0 0
95 49 53 6939.34 0 0
94 50 52 6943.59 0 0
95 49 52 6947.83 0 0
95 49 52 6952.05 0 0
95 49 52 6956.26 0 0
95 49 52 6960.47 0 0
96 49 52 6964.67 0 0
94 48 52 6968.87 0 0
95 49 52 6973.09 0 0
95 50 52 6977.3 0 0
95 50 51 6981.52 0 0
93 50 52 6985.74 0 0
94 49 52 6989.95 0 0
96 50 51 6994.15 0 0
96 49 51 6998.35 0 0
96 48 52 7002.56 0 0
96 49 52 7006.77 0 0
98 48 51 7011.02 0 0
96 49 51 7015.24 0 0
94 47 51 7019.45 0 0
97 49 51 7023.66 0 0
96 51 52 7027.86 0 0
96 48 51 7032.06 0 0
97 48 51 7036.27 0 0
97 49 52 7040.48 0 0
97 48 51 7044.72 0 0
97 48 51 7048.94 0 0
96 49 51 7053.14 0 0
97 48 51 7057.34 0 0
94 49 51 7061.54 0 0
96 47 51 7065.75 0 0
97 50 51 7069.96 0 0
97 48 51 7074.2 0 0
98 50 51 7078.42 0 0
98 49 51 7082.62 0 0
98 48 51 7086.82 0 0
98 49 51 7091.03 0 0
98 48 51 7095.23 0 0
98 48 50 7099.66 0 0
97 47 51 7103.88 0 0
96 49 51 7108.14 0 0
95 47 50 7112.39 0 0
97 49 50 7116.6 0 0
95 49 50 7120.82 0 0
98 49 51 7125.02 0 0
97 49 50 7129.24 0 0
98 47 50 7133.45 0 0
97 47 50 7137.66 0 0
97 47 50 7141.87 0 0
98 49 50 7146.08 0 0
98 48 50 7150.29 0 0
98 48 50 7154.49 0 0
98 50 50 7158.69 0 0
98 48 50 7162.89 0 0
98 48 50 7167.1 0 0
97 49 50 7171.31 0 0
97 64 50 7175.57 0 0
98 47 50 7179.78 0 0
98 47 50 7183.98 0 0
97 47 50 7188.18 0 0
97 47 50 7192.39 0 0
98 50 50 7196.61 0 0
95 52 50 7200.83 0 0
91 23 50 7205.03 0 0
100 22 50 7209.25 0 0
102 17 51 7213.45 0 0
111 44 52 7217.7 0 0
119 64 52 7221.91 0 0
120 77 52 7226.12 0 0
119 82 52 7230.36 0 0
116 80 52 7234.57 0 0
119 79 52 7238.79 0 0
115 78 52 7242.99 0 0
119 80 52 7247.19 0 0
116 80 51 7251.39 0 0
119 78 52 7255.6 0 0
118 77 51 7259.82 0 0
116 79 51 7264.05 0 0
119 78 52 7268.26 0 0
118 78 51 7272.47 0 0
117 77 51 7276.67 0 0
118 78 51 7280.87 0 0
119 78 51 7285.09 0 0
114 77 51 7289.3 0 0
119 77 51 7293.54 0 0
118 77 51 7297.76 0 0
118 78 51 7301.97 0 0
116 78 51 7306.17 0 0
119 78 51 7310.78 0 0
117 77 51 7315.01 0 0
119 77 51 7319.22 0 0
117 78 51 7323.47 0 0
117 78 51 7327.73 0 0
119 78 51 7331.95 0 0
117 79 51 7336.15 0 0
119 77 51 7340.35 0 0
119 79 51 7344.55 0 0
115 78 51 7348.76 0 0
117 79 51 7352.98 0 0
114 79 51 7357.25 0 0
117 77 51 7361.52 0 0
119 79 51 7365.73 0 0
118 77 51 7369.94 0 0
115 78 51 7374.14 0 0
115 78 51 7378.34 0 0
117 78 51 7382.56 0 0
116 79 51 7386.83 0 0
114 77 50 7391.04 0 0
119 79 51 7395.26 0 0
117 77 51 7399.46 0 0
117 79 51 7403.67 0 0
117 78 51 7407.88 0 0
118 80 51 7412.1 0 0
117 79 51 7416.3 0 0
117 80 50 7420.51 0 0
117 79 51 7424.76 0 0
116 79 51 7429 0 0
118 79 51 7433.21 0 0
118 78 51 7437.42 0 0
118 80 51 7441.63 0 0
119 79 51 7445.85 0 0
116 78 51 7450.08 0 0
116 79 50 7454.31 0 0
116 79 51 7458.52 0 0
116 79 51 7462.77 0 0
116 79 50 7466.98 0 0
118 78 51 7471.19 0 0
118 82 51 7475.4 0 0
118 84 51 7479.64 0 0
123 89 51 7483.87 0 0
136 98 52 7488.08 0 0
144 101 53 7492.3 0 0
154 101 53 7496.51 0 0
165 106 53 7500.71 0 0
179 108 52 7504.92 0 0
187 110 53 7511.77 0 0
190 112 52 7516.01 0 0
198 110 52 7520.23 0 0
193 111 52 7524.43 0 0
192 111 53 7528.63 0 0
191 111 52 7532.83 0 0
193 114 52 7537.07 0 0
197 110 53 7541.3 0 0
194 113 53 7545.53 0 0
193 112 53 7549.76 0 0
193 110 53 7553.98 0 0
191 112 53 7558.18 0 0
192 112 53 7562.38 0 0
196 111 53 7566.61 0 0
193 111 53 7570.82 0 0
194 110 53 7575.05 0 0
195 111 52 7579.28 0 0
194 112 53 7583.48 0 0
196 109 53 7587.7 0 0
195 111 52 7591.93 0 0
194 113 53 7596.14 0 0
198 110 53 7600.35 0 0
194 113 53 7604.57 0 0
193 112 53 7608.8 0 0
195 112 53 7613.03 0 0
195 111 52 7617.24 0 0
193 113 53 7624.09 0 0
197 112 53 7628.33 0 0
199 114 53 7632.57 0 0
191 113 53 7636.83 0 0
194 112 53 7641.06 0 0
193 112 53 7645.27 0 0
197 111 53 7649.47 0 0
193 112 53 7653.68 0 0
191 112 53 7657.88 0 0
194 112 53 7662.09 0 0
196 113 53 7666.29 0 0
193 111 53 7670.51 0 0
193 111 53 7675.28 0 0
194 115 54 7679.54 0 0
193 112 53 7683.75 0 0
196 112 53 7687.95 0 0
192 112 53 7692.16 0 0
195 113 53 7699.05 0 0
195 112 53 7703.3 0 0
196 112 54 7707.51 0 0
196 112 54 7711.76 0 0
199 112 54 7715.96 0 0
190 118 54 7720.17 0 0
181 123 54 7724.4 0 0
173 131 55 7728.61 0 0
163 136 55 7732.84 0 0
152 143 55 7737.05 0 0
144 152 55 7741.25 0 0
135 156 54 7745.45 0 0
125 160 54 7749.65 0 0
123 172 54 7753.86 0 0
118 175 53 7758.08 0 0
112 180 53 7762.31 0 0
113 181 53 7766.54 0 0
117 181 53 7770.75 0 0
119 180 54 7774.95 0 0
117 179 53 7779.16 0 0
116 180 53 7783.38 0 0
116 178 54 7787.61 0 0
117 178 53 7791.85 0 0
117 176 53 7796.07 0 0
119 177 53 7803.16 0 0
117 177 53 7807.39 0 0
116 179 53 7811.59 0 0
115 181 53 7815.8 0 0
115 176 53 7820.01 0 0
114 182 53 7824.24 0 0
119 180 53 7828.47 0 0
116 180 54 7832.7 0 0
118 178 53 7836.9 0 0
118 180 53 7841.1 0 0
114 175 53 7845.3 0 0
114 174 53 7849.51 0 0
118 177 53 7853.72 0 0
115 177 53 7857.99 0 0
116 177 53 7862.22 0 0
117 174 53 7866.43 0 0
114 175 53 7870.64 0 0
114 177 53 7874.85 0 0
116 177 53 7879.07 0 0
113 173 53 7883.28 0 0
118 179 53 7887.52 0 0
114 177 53 7891.74 0 0
115 175 53 7895.95 0 0
114 183 53 7900.16 0 0
118 180 53 7904.49 0 0
115 183 53 7908.75 0 0
116 183 53 7915.56 0 0
115 180 53 7919.81 0 0
118 179 53 7924.06 0 0
116 183 53 7928.28 0 0
114 181 53 7932.49 0 0
115 183 53 7936.69 0 0
115 184 53 7940.92 0 0
116 184 53 7945.21 0 0
115 184 53 7949.44 0 0
115 185 53 7953.66 0 0
119 185 53 7957.88 0 0
115 188 53 7962.08 0 0
116 184 53 7966.29 0 0
113 180 54 7970.49 0 0
116 182 53 7974.71 0 0
114 184 54 7978.93 0 0
116 180 53 7983.16 0 0
116 183 53 7987.37 0 0
115 179 53 7991.57 0 0
115 190 53 7995.77 0 0
107 192 53 7999.98 0 0
99 202 54 8004.18 0 0
90 204 54 8008.39 0 0
90 204 54 8012.62 0 0
77 221 53 8017.67 0 0
74 226 53 8021.89 0 0
74 228 53 8026.09 0 0
75 226 53 8030.29 0 0
76 226 52 8034.5 0 0
73 227 53 8038.71 0 0
76 228 52 8042.97 0 0
73 226 52 8047.25 0 0
76 225 53 8051.47 0 0
74 226 52 8055.67 0 0
74 227 52 8059.89 0 0
74 225 52 8064.09 0 0
75 228 52 8068.3 0 0
75 227 52 8072.52 0 0
73 226 52 8076.75 0 0
76 228 52 8080.98 0 0
73 225 52 8085.19 0 0
78 227 52 8089.39 0 0
76 226 52 8093.59 0 0
74 223 52 8097.8 0 0
75 227 52 8102.02 0 0
77 225 52 8106.24 0 0
74 226 53 8110.47 0 0
72 217 52 8114.68 0 0
75 226 52 8118.88 0 0
72 217 52 8123.08 0 0
74 227 52 8127.29 0 0
74 224 52 8131.5 0 0
76 227 52 8135.75 0 0
71 227 52 8140 0 0
75 226 52 8144.22 0 0
75 228 52 8148.43 0 0
72 227 52 8152.67 0 0
75 226 52 8156.89 0 0
73 226 52 8161.14 0 0
73 231 52 8165.34 0 0
74 225 52 8169.55 0 0
73 217 52 8173.78 0 0
69 206 52 8178 0 0
67 195 52 8182.22 0 0
64 162 51 8186.42 0 0
58 163 51 8190.69 0 0
51 144 51 8194.9 0 0
51 129 51 8199.16 0 0
46 119 50 8203.54 0 0
41 112 50 8207.75 0 0
37 109 50 8211.96 0 0
35 109 49 8216.16 0 0
37 111 49 8220.37 0 0
38 111 50 8224.58 0 0
41 109 50 8228.81 0 0
37 107 50 8233.03 0 0
37 109 49 8237.25 0 0
39 110 49 8241.45 0 0
37 109 50 8245.65 0 0
37 108 49 8249.85 0 0
38 110 49 8254.06 0 0
39 107 49 8258.28 0 0
38 110 49 8262.5 0 0
38 110 49 8266.71 0 0
38 108 49 8270.92 0 0
38 108 49 8275.13 0 0
38 108 49 8279.34 0 0
37 108 49 8283.55 0 0
35 110 49 8287.76 0 0
37 109 49 8292 0 0
39 107 49 8296.23 0 0
36 107 49 8300.44 0 0
38 108 49 8304.65 0 0
37 111 50 8308.86 0 0
36 110 49 8313.06 0 0
39 109 49 8317.27 0 0
38 110 49 8321.48 0 0
39 110 49 8325.7 0 0
38 111 49 8329.95 0 0
36 108 49 8334.17 0 0
37 109 49 8338.37 0 0
37 109 49 8342.58 0 0
37 109 49 8346.79 0 0
37 108 49 8351 0 0
38 109 49 8355.21 0 0
39 109 49 8359.44 0 0
38 110 49 8363.66 0 0
38 110 49 8367.86 0 0
39 110 49 8372.06 0 0
35 110 49 8376.26 0 0
36 110 49 8380.47 0 0
37 111 49 8384.69 0 0
37 110 49 8388.92 0 0
36 109 49 8393.14 0 0
38 110 49 8397.34 0 0
38 110 49 8401.54 0 0
36 108 49 8411.74 0 0
37 110 49 8415.96 0 0
37 110 48 8420.18 0 0
39 109 48 8424.49 0 0
37 110 48 8428.71 0 0
39 110 49 8432.92 0 0
36 110 48 8437.13 0 0
38 109 48 8441.34 0 0
37 109 48 8445.55 0 0
39 110 48 8449.78 0 0
40 111 48 8453.99 0 0
37 110 48 8458.21 0 0
43 114 48 8462.43 0 0
52 114 50 8466.7 0 0
62 116 50 8470.91 0 0
72 117 51 8475.12 0 0
84 113 51 8479.34 0 0
95 110 51 8483.58 0 0
105 104 52 8487.79 0 0
114 100 52 8491.99 0 0
126 94 52 8496.2 0 0
133 89 52 8500.39 0 0
144 87 52 8504.62 0 0
150 83 52 8508.83 0 0
160 78 52 8513.07 0 0
163 78 52 8517.28 0 0
168 77 53 8521.49 0 0
169 75 52 8525.71 0 0
170 77 52 8529.92 0 0
167 77 52 8534.13 0 0
164 79 53 8538.36 0 0
168 78 53 8542.61 0 0
167 79 53 8546.83 0 0
167 79 52 8551.06 0 0
166 80 53 8555.26 0 0
168 81 53 8559.48 0 0
168 79 53 8563.68 0 0
166 79 52 8567.89 0 0
163 80 52 8572.12 0 0
165 79 52 8576.34 0 0
166 79 52 8580.55 0 0
167 80 52 8584.75 0 0
166 80 52 8588.95 0 0
169 80 52 8593.16 0 0
169 79 52 8597.36 0 0
167 80 52 8601.58 0 0
164 80 52 8605.8 0 0
168 80 52 8610.07 0 0
164 79 52 8614.28 0 0
164 80 52 8618.49 0 0
165 81 52 8622.7 0 0
166 80 52 8626.9 0 0
166 82 52 8631.12 0 0
165 81 52 8635.36 0 0
168 80 52 8639.62 0 0
168 82 52 8643.83 0 0
168 81 52 8648.03 0 0
165 81 52 8652.23 0 0
167 80 52 8656.44 0 0
166 81 52 8660.73 0 0
168 79 52 8664.94 0 0
169 79 52 8669.16 0 0
168 78 52 8673.39 0 0
167 80 52 8677.62 0 0
169 79 52 8681.82 0 0
168 81 52 8686.03 0 0
163 80 52 8690.25 0 0
166 81 52 8694.47 0 0
168 80 53 8698.72 0 0
166 82 52 8703.01 0 0
167 79 52 8707.23 0 0
168 80 52 8711.44 0 0
167 80 52 8715.64 0 0
165 79 52 8719.85 0 0
167 78 52 8724.07 0 0
165 78 52 8728.28 0 0
166 81 52 8732.84 0 0
166 78 52 8737.06 0 0
167 79 52 8741.26 0 0
166 79 52 8745.46 0 0
166 79 52 8749.67 0 0
167 79 52 8753.88 0 0
163 77 52 8758.09 0 0
170 79 52 8762.33 0 0
167 78 52 8766.54 0 0
166 79 52 8770.75 0 0
167 80 52 8774.95 0 0
169 80 52 8779.15 0 0
170 79 53 8783.35 0 0
167 80 52 8787.56 0 0
165 80 52 8791.8 0 0
166 79 52 8796.03 0 0
169 78 52 8800.24 0 0
167 77 53 8804.44 0 0
166 79 52 8808.66 0 0
166 79 52 8812.88 0 0
165 78 53 8817.09 0 0
161 77 53 8821.3 0 0
150 77 53 8825.53 0 0
138 76 53 8829.73 0 0
133 72 53 8833.94 0 0
127 68 53 8838.14 0 0
125 67 52 8842.35 0 0
126 70 52 8846.55 0 0
129 70 52 8850.76 0 0
130 70 52 8855.08 0 0
131 69 52 8859.31 0 0
130 69 52 8863.54 0 0
130 70 52 8867.75 0 0
128 69 52 8871.96 0 0
128 70 52 8876.15 0 0
128 70 53 8880.37 0 0
127 70 52 8884.58 0 0
129 68 52 8888.82 0 0
128 70 52 8893.04 0 0
127 71 52 8897.24 0 0
129 68 52 8901.44 0 0
129 68 52 8905.64 0 0
129 70 52 8909.85 0 0
130 68 52 8914.05 0 0
128 69 52 8918.27 0 0
126 72 52 8922.49 0 0
130 69 52 8926.73 0 0
127 70 51 8930.94 0 0
128 70 51 8935.15 0 0
129 68 51 8939.35 0 0
129 69 52 8943.56 0 0
130 69 51 8947.79 0 0
128 68 52 8952.04 0 0
129 67 52 8956.3 0 0
130 68 52 8960.54 0 0
129 68 52 8964.75 0 0
128 70 52 8968.96 0 0
129 70 51 8973.17 0 0
129 67 52 8977.4 0 0
130 70 52 8981.64 0 0
128 69 52 8985.87 0 0
129 70 52 8990.1 0 0
128 69 52 8994.32 0 0
129 70 52 8998.52 0 0
128 68 52 9002.73 0 0
128 70 52 9006.94 0 0
128 69 52 9011.19 0 0
130 69 52 9015.42 0 0
131 69 52 9019.63 0 0
136 74 53 9023.83 0 0
147 75 54 9028.03 0 0
158 77 54 9032.23 0 0
165 75 54 9036.45 0 0
175 73 55 9040.67 0 0
185 73 54 9044.9 0 0
194 72 54 9049.11 0 0
203 71 53 9053.31 0 0
208 69 53 9057.51 0 0
222 66 53 9061.71 0 0
226 65 53 9065.92 0 0
226 66 52 9070.13 0 0
226 66 52 9074.37 0 0
225 66 53 9080.18 0 0
228 65 53 9084.39 0 0
226 65 53 9088.59 0 0
225 65 53 9092.8 0 0
227 65 53 9097.03 0 0
227 65 53 9101.25 0 0
227 63 53 9105.46 0 0
227 63 53 9110.12 0 0
227 64 53 9114.33 0 0
227 64 52 9118.54 0 0
226 65 53 9122.74 0 0
225 64 53 9126.94 0 0
227 66 53 9131.16 0 0
230 62 53 9135.39 0 0
226 64 53 9139.62 0 0
226 66 53 9143.88 0 0
225 65 53 9148.08 0 0
225 65 53 9152.28 0 0
228 65 53 9156.48 0 0
224 65 53 9160.96 0 0
228 64 53 9165.18 0 0
223 66 53 9169.39 0 0
224 66 53 9173.63 0 0
225 65 53 9177.88 0 0
226 66 53 9182.08 0 0
226 66 53 9186.29 0 0
226 66 53 9190.52 0 0
226 67 53 9194.75 0 0
225 66 53 9199 0 0
226 67 53 9203.22 0 0
226 65 53 9207.42 0 0
224 66 53 9211.63 0 0
226 67 53 9215.83 0 0
226 69 53 9220.04 0 0
226 67 52 9224.26 0 0
225 68 53 9228.48 0 0
224 66 53 9232.7 0 0
222 66 53 9236.92 0 0
226 67 53 9241.13 0 0
225 66 52 9245.33 0 0
225 67 52 9249.53 0 0
226 67 53 9253.74 0 0
226 68 52 9257.95 0 0
226 67 52 9262.19 0 0
227 66 52 9266.4 0 0
224 67 52 9270.61 0 0
224 65 52 9274.81 0 0
227 68 52 9279.01 0 0
227 67 52 9283.21 0 0
224 66 52 9287.45 0 0
226 69 52 9291.69 0 0
227 67 52 9295.92 0 0
225 69 52 9300.14 0 0
226 66 52 9304.35 0 0
224 68 52 9308.56 0 0
227 65 52 9312.76 0 0
227 66 51 9316.97 0 0
225 67 51 9321.18 0 0
226 66 51 9325.43 0 0
227 66 51 9329.65 0 0
227 66 52 9333.87 0 0
227 66 51 9338.07 0 0
226 68 51 9342.27 0 0
226 67 51 9346.48 0 0
224 67 51 9350.69 0 0
226 66 52 9354.9 0 0
227 68 51 9359.14 0 0
227 68 51 9363.36 0 0
228 67 51 9367.56 0 0
227 68 51 9371.77 0 0
225 68 52 9375.97 0 0
228 67 51 9380.19 0 0
226 67 51 9384.4 0 0
226 67 51 9388.63 0 0
226 67 51 9392.87 0 0
227 68 51 9397.09 0 0
228 67 51 9401.3 0 0
228 65 51 9405.5 0 0
226 67 52 9409.71 0 0
227 66 51 9413.91 0 0
228 68 51 9418.13 0 0
229 68 51 9422.35 0 0
226 67 51 9426.62 0 0
228 67 51 9430.82 0 0
228 67 51 9435.04 0 0
225 67 51 9439.24 0 0
229 67 51 9443.46 0 0
228 68 50 9447.68 0 0
228 67 51 9451.91 0 0
229 66 51 9456.15 0 0
226 69 51 9460.38 0 0
228 67 51 9464.58 0 0
227 68 50 9468.78 0 0
227 68 51 9473 0 0
226 67 50 9477.21 0 0
229 66 51 9481.43 0 0
226 67 50 9485.64 0 0
226 66 51 9489.87 0 0
226 67 51 9494.07 0 0
228 67 51 9498.27 0 0
227 66 51 9502.47 0 0
228 67 50 9506.7 0 0
225 68 50 9510.95 0 0
226 68 51 9515.17 0 0
229 66 50 9519.38 0 0
229 66 51 9523.58 0 0
230 64 51 9527.78 0 0
226 66 50 9531.99 0 0
229 65 50 9536.22 0 0
228 67 51 9540.45 0 0
228 66 50 9544.68 0 0
227 66 50 9549.06 0 0
229 66 50 9555.67 0 0
227 66 51 9559.91 0 0
227 65 50 9564.14 0 0
225 68 50 9568.35 0 0
228 66 51 9572.58 0 0
226 69 50 9576.8 0 0
218 72 51 9581.01 0 0
210 75 51 9585.22 0 0
200 78 52 9589.42 0 0
190 82 52 9593.62 0 0
178 82 52 9597.83 0 0
170 83 52 9602.03 0 0
164 82 52 9606.26 0 0
156 84 51 9610.49 0 0
147 84 51 9614.72 0 0
140 86 51 9618.92 0 0
142 86 51 9623.12 0 0
146 86 51 9627.63 0 0
146 86 51 9631.85 0 0
146 84 52 9636.09 0 0
145 85 51 9640.32 0 0
143 85 51 9644.53 0 0
145 87 51 9648.73 0 0
142 84 51 9655.57 0 0
143 86 51 9659.84 0 0
142 84 51 9664.06 0 0
142 86 51 9668.26 0 0
144 85 51 9672.49 0 0
141 87 51 9676.72 0 0
144 85 51 9680.92 0 0
144 85 51 9685.12 0 0
143 86 51 9689.32 0 0
144 86 51 9693.58 0 0
144 87 51 9697.79 0 0
144 86 51 9702.02 0 0
142 86 51 9706.23 0 0
144 85 51 9710.44 0 0
144 86 51 9714.64 0 0
143 86 51 9718.84 0 0
143 88 51 9723.05 0 0
144 86 51 9727.29 0 0
143 87 51 9731.52 0 0
143 87 51 9735.75 0 0
143 85 51 9739.96 0 0
143 86 51 9744.17 0 0
144 87 51 9748.38 0 0
145 84 51 9752.59 0 0
144 85 51 9756.79 0 0
143 86 51 9763.74 0 0
144 85 51 9772.19 0 0
143 84 51 9780.66 0 0
143 84 51 9788.92 0 0
140 84 51 9797.19 0 0
142 87 51 9805.64 0 0
143 87 52 9813.66 0 0
143 87 52 9822.16 0 0
143 86 51 9830.19 0 0
143 85 52 9834.39 0 0
144 85 52 9838.87 0 0
142 87 52 9843.11 0 0
142 86 52 9847.34 0 0
144 87 52 9851.55 0 0
143 86 52 9855.77 0 0
143 85 52 9860 0 0
144 87 52 9864.21 0 0
144 86 52 9868.43 0 0
141 87 52 9872.63 0 0
143 87 52 9876.83 0 0
141 86 52 9881.05 0 0
144 86 52 9885.3 0 0
144 88 52 9889.54 0 0
143 86 52 9893.75 0 0
142 87 52 9897.95 0 0
142 86 52 9902.15 0 0
142 87 52 9906.35 0 0
142 87 52 9910.55 0 0
142 86 52 9914.75 0 0
142 87 52 9918.97 0 0
142 87 52 9923.38 0 0
140 87 53 9927.61 0 0
140 87 53 9934.54 0 0
130 82 53 9939.54 0 0
129 84 52 9943.82 0 0
130 83 52 9948.07 0 0
128 85 52 9952.33 0 0
131 84 52 9956.55 0 0
129 84 52 9960.76 0 0
130 85 52 9964.96 0 0
133 86 52 9969.16 0 0
130 84 52 9973.39 0 0
130 85 52 9977.6 0 0
131 86 52 9984.49 0 0
130 85 52 9988.77 0 0
131 82 53 9992.97 0 0
131 83 52 9997.18 0 0
129 84 52 10001.4 0 0
131 84 52 10005.6 0 0
127 85 52 10009.8 0 0
128 86 52 10014 0 0
130 86 52 10018.2 0 0
128 85 52 10022.5 0 0
130 86 52 10026.6 0 0
129 84 52 10030.9 0 0
129 84 52 10035.1 0 0
128 84 52 10039.3 0 0
128 85 52 10043.5 0 0
130 84 52 10047.8 0 0
132 84 52 10052 0 0
129 85 52 10056.2 0 0
129 85 52 10060.4 0 0
129 82 52 10064.6 0 0
131 84 52 10068.9 0 0
128 83 52 10073.1 0 0
131 84 52 10077.3 0 0
130 84 52 10081.6 0 0
130 84 52 10085.8 0 0
129 84 52 10092.6 0 0
129 83 52 10096.9 0 0
131 85 52 10101.1 0 0
129 82 52 10105.3 0 0
130 83 52 10109.6 0 0
131 86 52 10113.8 0 0
130 83 52 10118 0 0
130 85 51 10122.2 0 0
131 84 52 10126.4 0 0
133 84 52 10130.6 0 0
131 85 52 10134.8 0 0
129 84 52 10139 0 0
128 83 52 10143.3 0 0
131 85 52 10147.5 0 0
132 85 52 10151.7 0 0
129 84 52 10155.9 0 0
131 82 52 10160.1 0 0
129 84 52 10164.3 0 0
130 85 52 10168.5 0 0
132 85 52 10172.8 0 0
131 84 52 10177.1 0 0
131 86 52 10181.3 0 0
129 84 52 10185.5 0 0
129 84 52 10189.7 0 0
131 84 52 10193.9 0 0
132 86 52 10198.2 0 0
129 84 52 10202.4 0 0
131 85 52 10209.5 0 0
130 84 52 10213.7 0 0
131 84 52 10217.9 0 0
130 85 52 10222.1 0 0
131 84 52 10226.3 0 0
131 84 52 10230.5 0 0
130 85 52 10234.8 0 0
133 83 52 10239 0 0
132 85 52 10243.2 0 0
131 83 52 10247.4 0 0
131 84 52 10251.6 0 0
129 82 52 10255.8 0 0
130 84 52 10260 0 0
132 84 52 10264.3 0 0
132 83 51 10268.5 0 0
128 83 52 10272.7 0 0
128 85 52 10276.9 0 0
129 88 52 10281.1 0 0
137 86 52 10285.3 0 0
147 87 53 10289.5 0 0
159 87 54 10293.8 0 0
166 89 54 10298 0 0
174 89 54 10302.2 0 0
183 86 54 10306.4 0 0
194 85 53 10310.6 0 0
207 83 53 10314.8 0 0
214 80 52 10321.6 0 0
218 80 53 10325.9 0 0
220 79 52 10330.1 0 0
220 77 53 10334.4 0 0
220 80 53 10338.6 0 0
218 79 53 10342.8 0 0
217 82 53 10347 0 0
218 79 53 10351.2 0 0
219 79 53 10355.4 0 0
220 78 53 10360 0 0
217 79 52 10364.3 0 0
220 79 52 10368.5 0 0
220 79 53 10372.7 0 0
220 80 52 10376.9 0 0
218 81 52 10381.1 0 0
219 82 52 10385.4 0 0
219 80 52 10389.6 0 0
219 79 52 10393.8 0 0
218 77 52 10398 0 0
218 77 52 10402.2 0 0
218 78 52 10408.3 0 0
220 79 52 10412.5 0 0
218 78 52 10416.7 0 0
219 80 52 10420.9 0 0
220 79 52 10426.7 0 0
219 78 52 10430.9 0 0
219 81 52 10435.1 0 0
217 79 52 10439.4 0 0
218 81 52 10443.6 0 0
219 80 52 10447.8 0 0
219 81 52 10452 0 0
218 81 52 10456.2 0 0
220 81 52 10460.5 0 0
220 80 52 10464.7 0 0
217 82 51 10468.9 0 0
220 80 52 10473.1 0 0
218 79 52 10477.3 0 0
216 82 52 10481.6 0 0
219 80 52 10485.8 0 0
220 80 51 10490 0 0
218 80 52 10494.2 0 0
218 79 52 10498.4 0 0
218 82 52 10502.6 0 0
218 80 52 10506.8 0 0
221 81 52 10511.1 0 0
217 81 52 10515.3 0 0
220 81 52 10519.5 0 0
221 80 52 10523.7 0 0
217 81 52 10527.9 0 0
217 82 52 10532.1 0 0
219 82 52 10536.4 0 0
219 82 52 10540.6 0 0
221 80 52 10544.8 0 0
218 81 53 10549 0 0
220 80 52 10553.2 0 0
219 81 52 10557.4 0 0
219 80 53 10561.6 0 0
214 82 52 10565.8 0 0
207 83 52 10570.1 0 0
196 88 53 10574.3 0 0
186 93 54 10578.5 0 0
172 93 54 10582.7 0 0
167 95 54 10586.9 0 0
156 98 54 10591.1 0 0
145 98 53 10595.3 0 0
140 101 53 10599.5 0 0
131 96 52 10603.8 0 0
125 97 52 10608 0 0
125 94 52 10612.2 0 0
130 96 52 10616.4 0 0
127 96 52 10620.6 0 0
133 97 52 10624.9 0 0
128 97 52 10629.1 0 0
129 95 52 10633.3 0 0
131 97 52 10637.5 0 0
128 97 52 10641.7 0 0
128 94 52 10645.9 0 0
131 96 52 10650.1 0 0
130 96 52 10654.3 0 0
128 96 52 10658.5 0 0
131 95 52 10662.8 0 0
128 97 52 10667 0 0
130 95 52 10671.2 0 0
131 96 52 10675.5 0 0
128 94 52 10679.7 0 0
128 96 53 10683.9 0 0
129 94 52 10688.1 0 0
131 97 52 10692.3 0 0
129 95 52 10696.5 0 0
130 96 52 10700.8 0 0
129 96 52 10705 0 0
128 95 52 10709.2 0 0
130 95 53 10713.4 0 0
127 96 52 10717.6 0 0
129 95 52 10721.8 0 0
127 96 52 10726.1 0 0
129 94 52 10730.3 0 0
130 96 52 10734.5 0 0
128 97 52 10738.7 0 0
129 95 52 10742.9 0 0
126 95 52 10747.1 0 0
130 96 52 10751.4 0 0
129 96 52 10755.6 0 0
127 95 53 10759.8 0 0
128 97 52 10764 0 0
127 93 52 10768.3 0 0
129 95 52 10772.5 0 0
126 95 52 10776.7 0 0
127 95 52 10780.9 0 0
130 95 53 10785.1 0 0
126 95 53 10789.4 0 0
128 96 53 10793.6 0 0
127 97 52 10797.8 0 0
129 97 53 10802 0 0
129 97 53 10806.2 0 0
128 98 53 10810.6 0 0
130 96 53 10814.9 0 0
128 98 52 10819.1 0 0
130 96 53 10823.3 0 0
128 95 53 10827.9 0 0
128 95 52 10832.1 0 0
128 97 53 10836.3 0 0
128 95 53 10840.5 0 0
128 96 52 10844.7 0 0
129 94 53 10848.9 0 0
127 94 53 10853.1 0 0
130 94 53 10857.4 0 0
128 94 53 10861.6 0 0
129 95 53 10865.8 0 0
129 95 53 10870 0 0
128 94 53 10874.2 0 0
128 94 53 10878.4 0 0
126 94 53 10882.6 0 0
129 94 53 10886.9 0 0
127 95 53 10891.1 0 0
130 94 53 10895.3 0 0
128 94 53 10899.5 0 0
128 97 53 10903.7 0 0
130 101 53 10907.9 0 0
127 112 53 10912.1 0 0
127 120 53 10916.4 0 0
130 130 53 10920.6 0 0
127 142 53 10924.8 0 0
129 152 53 10929 0 0
128 156 53 10933.2 0 0
128 165 54 10937.4 0 0
129 175 53 10941.6 0 0
132 171 54 10945.9 0 0
131 167 54 10950.1 0 0
135 169 53 10954.4 0 0
133 167 53 10958.6 0 0
132 169 53 10962.8 0 0
131 166 53 10967 0 0
135 169 54 10971.2 0 0
130 166 53 10975.5 0 0
132 168 53 10979.7 0 0
129 166 53 10983.9 0 0
127 166 53 10988.1 0 0
130 167 54 10992.3 0 0
133 174 53 10996.5 0 0
131 164 54 11000.7 0 0
129 172 53 11005 0 0
131 171 54 11009.2 0 0
128 168 53 11014 0 0
128 171 54 11018.2 0 0
131 171 54 11022.4 0 0
131 168 53 11026.6 0 0
130 169 54 11030.8 0 0
128 165 54 11035 0 0
131 163 54 11039.2 0 0
128 163 53 11043.5 0 0
126 165 54 11047.8 0 0
126 163 54 11052 0 0
128 165 54 11056.2 0 0
127 162 54 11060.6 0 0
127 163 54 11064.8 0 0
128 165 53 11069 0 0
131 164 53 11073.2 0 0
127 165 54 11077.5 0 0
129 165 53 11081.7 0 0
127 164 54 11085.9 0 0
128 165 54 11090.1 0 0
129 163 54 11094.3 0 0
129 163 54 11098.5 0 0
128 163 54 11102.7 0 0
129 164 54 11107 0 0
127 175 54 11111.2 0 0
123 170 54 11115.4 0 0
114 176 54 11119.6 0 0
106 188 54 11123.8 0 0
96 195 54 11128 0 0
88 202 54 11132.2 0 0
82 214 54 11136.5 0 0
76 217 53 11140.7 0 0
76 223 53 11144.9 0 0
75 225 53 11149.1 0 0
78 225 52 11153.3 0 0
78 220 53 11157.5 0 0
80 218 53 11161.8 0 0
76 219 53 11166 0 0
77 218 53 11170.2 0 0
76 222 53 11174.5 0 0
78 217 52 11178.8 0 0
78 221 53 11183 0 0
74 225 52 11187.2 0 0
77 219 53 11191.4 0 0
77 221 53 11195.6 0 0
77 220 53 11199.9 0 0
77 223 52 11204.1 0 0
77 221 52 11208.3 0 0
76 227 52 11212.5 0 0
78 227 52 11216.7 0 0
75 214 52 11221 0 0
73 218 52 11225.2 0 0
76 227 52 11229.4 0 0
76 223 52 11233.7 0 0
75 216 52 11237.9 0 0
76 219 52 11242.1 0 0
73 218 52 11246.3 0 0
71 222 52 11250.5 0 0
74 217 53 11254.7 0 0
75 216 52 11258.9 0 0
73 219 52 11263.1 0 0
73 215 52 11267.4 0 0
75 218 52 11271.6 0 0
73 219 53 11275.8 0 0
74 221 52 11280 0 0
78 226 52 11284.2 0 0
72 219 52 11288.4 0 0
76 224 52 11292.7 0 0
76 227 52 11296.9 0 0
75 225 52 11301.1 0 0
73 222 52 11305.3 0 0
76 228 53 11309.5 0 0
72 216 52 11313.7 0 0
75 229 52 11317.9 0 0
73 219 52 11322.2 0 0
72 220 52 11329.1 0 0
74 219 52 11333.3 0 0
73 221 52 11337.5 0 0
75 216 52 11341.8 0 0
77 221 52 11346 0 0
74 220 52 11350.2 0 0
74 222 52 11354.4 0 0
73 221 52 11358.6 0 0
76 215 52 11362.8 0 0
77 203 52 11367 0 0
82 192 52 11371.2 0 0
86 177 52 11375.4 0 0
91 163 52 11379.7 0 0
94 156 52 11383.9 0 0
103 140 52 11388.1 0 0
107 130 52 11392.3 0 0
111 118 52 11396.5 0 0
112 109 52 11400.7 0 0
114 98 52 11404.9 0 0
118 89 52 11409.1 0 0
118 82 53 11413.3 0 0
124 77 53 11417.5 0 0
122 70 53 11421.8 0 0
124 65 53 11426 0 0
124 65 53 11430.2 0 0
125 67 52 11434.4 0 0
126 69 53 11438.6 0 0
125 73 53 11442.8 0 0
125 71 53 11447 0 0
125 69 52 11451.3 0 0
124 73 52 11455.5 0 0
122 72 52 11459.7 0 0
124 72 53 11466.7 0 0
126 73 53 11470.9 0 0
124 74 53 11475.1 0 0
124 74 52 11479.4 0 0
126 73 52 11483.6 0 0
124 74 52 11487.8 0 0
127 74 52 11492 0 0
126 74 52 11496.2 0 0
125 75 52 11500.4 0 0
126 76 52 11504.6 0 0
125 77 52 11508.9 0 0
125 74 52 11513.1 0 0
126 74 52 11517.3 0 0
124 75 52 11521.5 0 0
124 75 52 11525.7 0 0
124 75 52 11529.9 0 0
123 75 52 11534.1 0 0
125 73 52 11538.4 0 0
124 75 52 11542.6 0 0
126 75 52 11546.8 0 0
125 76 52 11551 0 0
125 78 52 11555.2 0 0
126 73 52 11562.4 0 0
125 73 52 11566.6 0 0
126 73 52 11570.8 0 0
123 74 51 11575 0 0
126 75 52 11579.2 0 0
126 74 52 11583.5 0 0
125 76 52 11587.7 0 0
125 74 52 11591.9 0 0
126 73 52 11596.1 0 0
126 76 52 11600.3 0 0
125 72 52 11604.5 0 0
127 72 51 11609.4 0 0
125 74 52 11613.6 0 0
125 73 52 11617.8 0 0
125 73 52 11624.6 0 0
124 74 52 11628.8 0 0
124 73 52 11633.1 0 0
126 72 52 11637.4 0 0
124 71 52 11641.6 0 0
125 72 51 11645.8 0 0
125 71 51 11650 0 0
125 72 52 11654.2 0 0
124 72 52 11658.4 0 0
125 70 51 11662.6 0 0
122 70 52 11666.8 0 0
123 70 51 11671 0 0
125 69 52 11675.4 0 0
125 70 51 11679.6 0 0
125 69 52 11683.8 0 0
125 69 52 11688 0 0
126 71 51 11692.2 0 0
126 69 51 11696.4 0 0
126 68 51 11700.7 0 0
126 69 52 11704.9 0 0
123 67 51 11709.1 0 0
122 60 51 11713.3 0 0
114 55 51 11717.5 0 0
109 51 51 11721.8 0 0
102 46 51 11726 0 0
95 33 51 11730.2 0 0
88 34 50 11734.6 0 0
80 17 49 11738.8 0 0
63 20 46 11792 0 0
63 20 46 11796.2 0 0
52 7 46 11800.4 0 0
61 20 46 11804.6 0 0
53 8 46 11808.8 0 0
50 7 46 11817.2 0 0
64 40 46 11821.5 0 0
62 36 46 11825.7 0 0
63 38 46 11838.3 0 0
50 7 46 11846.7 0 0
50 7 46 11853.8 0 0
50 7 45 11861.4 0 0
50 8 46 11874.8 0 0
53 6 45 11883.2 0 0
53 6 46 11891.6 0 0
50 8 46 11895.9 0 0
50 8 46 11900.1 0 0
53 7 45 11904.3 0 0
53 7 46 11908.5 0 0
53 7 46 11912.7 0 0
53 7 46 11916.9 0 0
50 7 45 11921.1 0 0
53 6 46 11925.4 0 0
53 7 45 11929.6 0 0
52 6 46 11933.8 0 0
50 8 45 11938 0 0
53 6 46 11942.2 0 0
52 6 46 11946.5 0 0
50 7 45 11950.7 0 0
52 6 46 11954.9 0 0
52 6 46 11959.1 0 0
52 6 46 11963.3 0 0
52 7 46 11970.5 0 0
52 7 46 11978.7 0 0
52 7 46 11986.4 0 0
53 7 46 11990.6 0 0
53 6 46 11995.2 0 0
51 7 46 11999.4 0 0
51 7 46 12003.7 0 0
51 7 46 12007.9 0 0
51 7 46 12012.2 0 0
51 7 46 12016.4 0 0
51 7 46 12020.6 0 0
51 6 46 12024.8 0 0
51 7 46 12029 0 0
51 7 47 12033.3 0 0
51 7 46 12037.6 0 0
46 44 46 12041.8 0 0
51 7 46 12046 0 0
53 7 46 12050.2 0 0
41 65 46 12054.5 0 0
51 7 46 12058.6 0 0
42 64 46 12062.8 0 0
51 7 47 12067.1 0 0
50 7 47 12071.3 0 0
53 6 46 12075.5 0 0
51 7 46 12079.7 0 0
42 63 47 12083.9 0 0
52 6 46 12088.1 0 0
52 6 46 12092.4 0 0
51 7 46 12096.6 0 0
51 7 46 12100.8 0 0
51 7 46 12105 0 0
43 46 46 12111.4 0 0
43 46 46 12115.6 0 0
42 47 46 12119.8 0 0
39 67 47 12124 0 0
53 7 46 12128.2 0 0
40 59 47 12132.5 0 0
41 65 46 12136.7 0 0
52 6 47 12141.5 0 0
42 62 47 12145.7 0 0
40 64 46 12149.9 0 0
41 69 47 12154.3 0 0
39 62 46 12158.5 0 0
43 46 47 12162.7 0 0
40 64 47 12166.9 0 0
45 46 47 12171.2 0 0
40 69 46 12175.4 0 0
46 46 46 12179.6 0 0
43 46 47 12183.8 0 0
42 46 47 12188 0 0
39 62 47 12192.2 0 0
45 46 47 12196.4 0 0
74 19 50 12209 0 0
79 16 51 12213.2 0 0
86 32 51 12217.5 0 0
96 34 52 12221.7 0 0
100 47 52 12225.9 0 0
108 50 52 12230.2 0 0
114 53 52 12234.4 0 0
121 56 52 12238.6 0 0
127 59 53 12242.8 0 0
131 61 53 12247 0 0
132 64 52 12251.2 0 0
133 65 53 12255.4 0 0
130 64 53 12259.6 0 0
129 64 53 12263.9 0 0
131 63 53 12268.1 0 0
131 63 53 12272.4 0 0
129 63 53 12276.5 0 0
130 63 53 12280.8 0 0
131 64 53 12285 0 0
130 63 53 12289.2 0 0
129 63 53 12293.4 0 0
129 62 53 12297.6 0 0
131 64 53 12301.9 0 0
130 63 53 12306 0 0
129 63 53 12310.2 0 0
128 64 53 12314.5 0 0
130 64 53 12318.7 0 0
130 65 52 12322.9 0 0
129 65 53 12327.2 0 0
129 64 53 12331.4 0 0
128 65 52 12335.6 0 0
130 64 52 12339.8 0 0
127 65 53 12344 0 0
128 65 53 12348.2 0 0
130 64 53 12352.4 0 0
128 65 53 12356.7 0 0
129 64 53 12360.9 0 0
128 66 53 12365.1 0 0
129 65 53 12369.3 0 0
130 65 53 12373.5 0 0
127 66 53 12377.7 0 0
129 64 53 12382 0 0
129 66 53 12386.2 0 0
128 66 53 12390.4 0 0
128 66 53 12394.6 0 0
130 65 53 12398.9 0 0
128 65 53 12403.1 0 0
130 65 53 12407.3 0 0
129 64 53 12414 0 0
131 66 53 12418.2 0 0
128 65 53 12422.4 0 0
130 67 53 12426.7 0 0
129 67 53 12430.9 0 0
129 67 53 12435.1 0 0
129 66 53 12439.3 0 0
129 64 54 12443.5 0 0
129 67 54 12447.7 0 0
129 65 53 12451.9 0 0
130 66 53 12456.1 0 0
130 65 53 12460.4 0 0
129 64 54 12464.6 0 0
129 66 53 12468.8 0 0
129 65 54 12473 0 0
128 67 53 12477.2 0 0
130 66 53 12481.5 0 0
130 67 54 12485.7 0 0
131 66 53 12489.9 0 0
129 67 53 12494.1 0 0
129 66 54 12498.3 0 0
128 66 54 12502.5 0 0
131 65 54 12506.8 0 0
129 65 54 12511 0 0
129 66 54 12515.2 0 0
129 65 54 12519.5 0 0
130 65 54 12523.6 0 0
128 65 53 12527.9 0 0
128 65 54 12532.1 0 0
130 65 54 12536.3 0 0
134 64 54 12540.5 0 0
139 62 55 12544.7 0 0
151 56 55 12549 0 0
157 51 56 12553.1 0 0
164 48 56 12557.4 0 0
170 43 55 12561.6 0 0
178 39 55 12565.8 0 0
182 40 55 12570 0 0
182 40 55 12574.2 0 0
182 40 55 12578.5 0 0
182 40 55 12582.6 0 0
182 40 55 12586.9 0 0
182 40 55 12591.1 0 0
182 40 55 12595.3 0 0
182 40 55 12599.5 0 0
182 40 55 12603.7 0 0
182 40 55 12607.9 0 0
185 38 55 12612.1 0 0
187 39 55 12616.4 0 0
187 39 55 12620.5 0 0
184 39 55 12624.8 0 0
186 40 55 12629 0 0
186 40 54 12633.2 0 0
183 40 55 12637.4 0 0
184 40 54 12641.6 0 0
184 40 54 12645.9 0 0
184 40 55 12650.1 0 0
187 40 54 12654.3 0 0
187 40 55 12661.3 0 0
184 40 54 12665.5 0 0
183 40 54 12669.8 0 0
187 39 54 12674.3 0 0
182 40 54 12678.5 0 0
184 39 55 12682.7 0 0
186 39 55 12686.9 0 0
182 40 54 12691.1 0 0
186 39 54 12695.3 0 0
185 40 54 12699.5 0 0
183 39 54 12703.8 0 0
183 39 54 12708 0 0
185 40 54 12712.2 0 0
185 40 54 12716.4 0 0
184 40 54 12720.6 0 0
185 40 54 12724.8 0 0
182 39 54 12729 0 0
186 41 54 12733.3 0 0
183 39 54 12737.5 0 0
181 41 54 12744.5 0 0
185 41 54 12748.7 0 0
181 39 54 12753 0 0
182 40 54 12757.2 0 0
182 40 54 12761.4 0 0
186 40 54 12765.7 0 0
185 40 54 12769.9 0 0
186 39 54 12774.1 0 0
183 40 54 12778.3 0 0
186 39 54 12782.5 0 0
185 39 54 12786.7 0 0
185 38 54 12790.9 0 0
184 40 54 12795.1 0 0
185 39 54 12799.4 0 0
183 39 54 12803.6 0 0
185 39 54 12807.8 0 0
186 39 54 12812 0 0
189 39 54 12816.3 0 0
185 39 54 12820.5 0 0
189 38 54 12824.7 0 0
188 38 54 12828.9 0 0
185 39 54 12833.1 0 0
187 39 54 12837.3 0 0
187 39 54 12841.5 0 0
187 39 54 12845.8 0 0
187 39 54 12850 0 0
186 39 54 12854.2 0 0
185 39 54 12858.5 0 0
187 39 54 12862.7 0 0
191 39 54 12866.9 0 0
184 38 54 12871.1 0 0
185 39 54 12875.3 0 0
187 39 54 12879.5 0 0
188 39 54 12883.7 0 0
187 38 54 12888 0 0
186 39 54 12892.2 0 0
187 38 54 12896.4 0 0
185 40 54 12900.6 0 0
185 40 54 12904.8 0 0
185 40 54 12909 0 0
185 40 54 12913.2 0 0
185 40 54 12917.4 0 0
185 40 55 12921.6 0 0
185 40 55 12925.9 0 0
185 40 55 12930.1 0 0
140 20 55 12934.3 0 0
127 17 54 12938.5 0 0
116 17 54 12942.8 0 0
110 17 53 12947 0 0
109 46 52 12951.2 0 0
97 23 52 12955.4 0 0
95 50 51 12959.6 0 0
85 23 51 12963.8 0 0
78 13 50 12968 0 0
81 62 50 12972.2 0 0
73 12 50 12976.5 0 0
72 12 50 12980.7 0 0
72 12 50 12984.9 0 0
85 62 50 12989.1 0 0
73 12 51 12993.3 0 0
74 12 50 12997.5 0 0
73 12 50 13001.7 0 0
73 12 49 13005.9 0 0
73 12 50 13010.2 0 0
73 12 50 13014.4 0 0
73 12 50 13018.6 0 0
73 12 50 13022.8 0 0
73 12 50 13027 0 0
73 12 49 13031.2 0 0
74 12 50 13035.5 0 0
74 12 50 13039.7 0 0
74 12 49 13043.9 0 0
74 12 49 13048.1 0 0
73 12 50 13052.4 0 0
73 12 50 13056.5 0 0
73 12 49 13060.8 0 0
73 12 50 13065 0 0
73 12 49 13069.2 0 0
73 12 49 13073.5 0 0
74 12 49 13077.7 0 0
74 12 49 13081.9 0 0
74 12 49 13086.1 0 0
74 12 50 13090.3 0 0
86 62 49 13094.5 0 0
88 63 49 13098.8 0 0
85 61 49 13103 0 0
74 12 49 13107.2 0 0
83 63 49 13111.5 0 0
74 12 49 13115.7 0 0
74 12 49 13119.9 0 0
73 12 49 13124.1 0 0
73 12 50 13128.4 0 0
69 11 49 13132.6 0 0
65 11 49 13136.9 0 0
65 10 49 13141.1 0 0
65 10 49 13145.3 0 0
47 44 49 13149.5 0 0
44 45 48 13153.7 0 0
44 45 48 13157.9 0 0
44 44 48 13162.1 0 0
45 44 48 13166.3 0 0
44 45 48 13170.5 0 0
44 45 49 13174.8 0 0
44 45 48 13181.5 0 0
43 45 48 13185.8 0 0
44 43 48 13190 0 0
44 46 49 13194.2 0 0
43 45 48 13198.5 0 0
44 45 49 13202.7 0 0
44 46 48 13206.9 0 0
44 44 48 13211.1 0 0
43 45 48 13215.3 0 0
43 46 48 13219.5 0 0
44 45 48 13223.8 0 0
45 44 49 13228 0 0
44 46 48 13232.2 0 0
43 45 49 13236.4 0 0
43 45 49 13240.6 0 0
43 45 48 13244.9 0 0
43 45 48 13249 0 0
43 45 48 13253.3 0 0
43 45 49 13257.5 0 0
45 45 49 13261.7 0 0
43 44 48 13266 0 0
44 44 49 13270.2 0 0
45 45 48 13274.4 0 0
44 44 49 13278.6 0 0
45 45 49 13282.8 0 0
43 46 49 13287 0 0
44 44 48 13293.9 0 0
45 45 49 13298.2 0 0
45 45 49 13302.4 0 0
43 44 48 13306.6 0 0
44 45 49 13310.9 0 0
45 44 48 13315.1 0 0
45 44 49 13319.3 0 0
44 45 49 13323.5 0 0
43 44 48 13327.8 0 0
45 45 49 13332 0 0
44 45 49 13336.2 0 0
45 44 49 13340.4 0 0
44 44 49 13344.6 0 0
45 44 49 13348.8 0 0
45 45 49 13353 0 0
44 45 49 13357.2 0 0
44 46 49 13361.5 0 0
44 45 49 13365.7 0 0
44 45 49 13369.9 0 0
43 44 49 13374.1 0 0
45 45 49 13378.3 0 0
45 45 49 13382.5 0 0
63 10 49 13386.8 0 0
79 14 51 13391 0 0
84 22 52 13398.1 0 0
94 53 52 13402.3 0 0
101 51 52 13406.5 0 0
98 23 53 13410.7 0 0
111 47 53 13414.9 0 0
113 49 53 13419.1 0 0
110 49 52 13423.4 0 0
109 48 52 13427.6 0 0
110 48 53 13431.8 0 0
108 48 53 13436 0 0
108 49 52 13440.2 0 0
108 47 52 13444.4 0 0
108 47 53 13448.7 0 0
108 48 52 13452.9 0 0
109 48 52 13457.1 0 0
109 49 53 13461.4 0 0
108 48 52 13465.6 0 0
108 49 52 13469.8 0 0
108 47 52 13474 0 0
109 48 53 13478.2 0 0
109 48 53 13482.7 0 0
111 46 53 13486.9 0 0
110 50 52 13494 0 0
109 49 52 13498.1 0 0
109 50 53 13502.4 0 0
109 49 52 13506.6 0 0
106 49 52 13510.8 0 0
111 50 53 13515 0 0
113 47 52 13519.2 0 0
105 49 53 13523.5 0 0
113 48 53 13527.7 0 0
109 51 52 13531.9 0 0
114 47 52 13536.1 0 0
111 51 53 13540.3 0 0
107 50 53 13544.5 0 0
110 49 53 13548.8 0 0
106 23 53 13553 0 0
109 51 52 13557.2 0 0
104 23 52 13561.4 0 0
107 50 53 13565.6 0 0
105 23 52 13569.8 0 0
107 50 52 13574 0 0
106 23 52 13578.2 0 0
107 23 53 13582.5 0 0
104 23 53 13586.7 0 0
105 23 53 13590.9 0 0
108 51 53 13595.1 0 0
105 22 53 13599.3 0 0
104 23 53 13603.5 0 0
104 22 53 13610.4 0 0
111 50 52 13614.6 0 0
106 23 52 13618.8 0 0
105 49 53 13623 0 0
106 22 53 13627.2 0 0
104 23 53 13631.5 0 0
110 49 52 13635.7 0 0
105 22 53 13639.9 0 0
110 51 52 13644.1 0 0
104 23 53 13648.3 0 0
105 22 53 13652.5 0 0
111 51 53 13656.7 0 0
102 49 52 13661 0 0
111 50 52 13665.2 0 0
105 22 53 13669.4 0 0
105 22 52 13673.6 0 0
105 22 52 13677.8 0 0
105 22 53 13682 0 0
103 22 53 13686.2 0 0
111 48 53 13690.5 0 0
106 23 53 13694.7 0 0
105 22 52 13699 0 0
106 22 53 13703.2 0 0
105 22 52 13707.4 0 0
105 23 52 13711.6 0 0
106 22 53 13715.9 0 0
105 22 53 13720.1 0 0
105 51 53 13727 0 0
104 22 53 13731.2 0 0
106 22 53 13735.4 0 0
104 23 53 13739.6 0 0
100 24 52 13743.9 0 0
99 26 53 13748 0 0
102 48 52 13752.3 0 0
97 50 52 13756.5 0 0
96 49 53 13760.7 0 0
98 50 52 13764.9 0 0
101 51 52 13769.1 0 0
101 47 52 13773.3 0 0
104 51 52 13777.5 0 0
100 51 52 13781.7 0 0
101 52 53 13786 0 0
100 50 52 13790.2 0 0
100 52 52 13794.4 0 0
102 52 52 13798.6 0 0
101 51 52 13802.8 0 0
103 50 52 13807 0 0
100 49 52 13811.2 0 0
103 52 52 13815.5 0 0
99 52 52 13819.7 0 0
103 50 53 13823.9 0 0
102 52 52 13828.2 0 0
101 49 53 13832.4 0 0
101 48 53 13836.6 0 0
100 51 53 13840.8 0 0
100 48 53 13845 0 0
101 47 52 13852.1 0 0
101 49 52 13856.3 0 0
100 48 52 13860.5 0 0
100 47 52 13864.7 0 0
103 51 52 13868.9 0 0
100 50 52 13873.1 0 0
102 50 52 13877.4 0 0
101 53 52 13881.6 0 0
99 50 52 13885.8 0 0
99 49 53 13890 0 0
103 54 53 13894.2 0 0
100 51 53 13898.5 0 0
99 51 53 13902.6 0 0
99 50 53 13906.9 0 0
100 49 53 13911.1 0 0
98 50 52 13915.3 0 0
101 50 52 13919.5 0 0
101 49 52 13923.7 0 0
98 51 53 13928 0 0
101 52 52 13932.1 0 0
101 47 52 13936.4 0 0
103 48 53 13940.6 0 0
103 48 53 13947.8 0 0
104 51 52 13955.1 0 0
101 49 53 13959.4 0 0
100 51 53 13964.5 0 0
103 49 53 13968.7 0 0
105 50 52 13972.9 0 0
102 50 53 13977.1 0 0
105 50 53 13981.3 0 0
100 46 53 13985.5 0 0
99 52 53 13989.7 0 0
99 23 53 13993.9 0 0
105 20 54 13998.2 0 0
108 18 55 14002.4 0 0
108 18 55 14006.6 0 0
125 48 56 14010.9 0 0
129 57 56 14015.1 0 0
133 66 55 14019.3 0 0
133 80 56 14023.5 0 0
130 79 55 14027.7 0 0
130 79 55 14031.9 0 0
131 77 55 14036.1 0 0
131 78 55 14040.4 0 0
134 77 55 14047.2 0 0
133 78 55 14051.4 0 0
132 77 55 14055.7 0 0
132 78 55 14059.9 0 0
131 78 55 14064.1 0 0
132 79 55 14068.4 0 0
133 77 55 14072.6 0 0
131 79 55 14076.8 0 0
129 78 55 14081 0 0
133 79 55 14085.2 0 0
131 80 55 14089.5 0 0
130 78 55 14093.7 0 0
129 78 55 14097.9 0 0
132 79 55 14102.1 0 0
130 77 55 14106.3 0 0
131 78 55 14110.5 0 0
127 77 55 14114.8 0 0
131 77 55 14119 0 0
132 78 55 14123.2 0 0
128 79 55 14127.4 0 0
131 78 55 14131.6 0 0
131 79 55 14135.9 0 0
131 78 55 14140.1 0 0
130 81 55 14144.3 0 0
132 79 55 14148.5 0 0
131 78 55 14152.7 0 0
131 79 55 14156.9 0 0
130 77 55 14164 0 0
132 80 55 14168.3 0 0
131 80 55 14172.5 0 0
130 79 55 14176.7 0 0
131 79 55 14180.9 0 0
130 82 55 14185.1 0 0
132 80 55 14189.4 0 0
129 83 55 14193.6 0 0
129 80 55 14197.8 0 0
133 78 55 14202 0 0
128 80 55 14206.3 0 0
131 79 55 14210.5 0 0
131 78 55 14214.7 0 0
129 77 55 14218.9 0 0
131 79 54 14223.1 0 0
132 82 55 14227.3 0 0
129 79 54 14231.5 0 0
131 79 55 14235.7 0 0
129 80 55 14240 0 0
129 80 55 14244.2 0 0
133 78 54 14248.4 0 0
129 80 54 14252.6 0 0
129 80 54 14256.8 0 0
129 81 54 14267.7 0 0
131 81 55 14271.9 0 0
131 79 55 14276.2 0 0
130 80 54 14280.4 0 0
128 80 54 14284.7 0 0
133 86 55 14288.9 0 0
137 98 55 14293.1 0 0
144 112 56 14297.4 0 0
151 119 56 14301.6 0 0
161 129 57 14305.8 0 0
170 139 57 14310 0 0
176 146 56 14314.2 0 0
190 167 56 14318.4 0 0
197 185 55 14322.6 0 0
203 198 55 14326.9 0 0
214 216 55 14331.1 0 0
210 216 56 14335.3 0 0
212 219 56 14339.5 0 0
208 214 56 14343.7 0 0
211 211 56 14347.9 0 0
209 214 56 14352.1 0 0
211 216 56 14356.4 0 0
211 215 55 14360.6 0 0
213 218 56 14364.8 0 0
212 218 55 14369 0 0
214 220 56 14373.2 0 0
219 222 56 14377.4 0 0
210 218 56 14381.6 0 0
210 218 56 14385.9 0 0
207 209 56 14392.7 0 0
208 219 55 14396.9 0 0
212 216 56 14401.1 0 0
203 208 55 14405.4 0 0
208 217 55 14409.6 0 0
204 207 56 14413.8 0 0
208 212 56 14418.1 0 0
206 217 55 14422.4 0 0
205 208 55 14426.6 0 0
215 219 56 14430.8 0 0
210 217 55 14435 0 0
207 207 56 14439.2 0 0
207 213 56 14443.4 0 0
214 219 56 14447.6 0 0
208 211 56 14451.9 0 0
201 207 56 14456.1 0 0
209 212 55 14460.3 0 0
205 209 56 14464.5 0 0
209 207 56 14468.7 0 0
217 219 56 14472.9 0 0
207 212 55 14477.1 0 0
214 214 55 14481.3 0 0
212 214 56 14485.5 0 0
210 211 56 14489.8 0 0
211 216 56 14494 0 0
208 209 56 14498.2 0 0
212 209 56 14502.4 0 0
209 217 56 14506.6 0 0
210 218 55 14510.9 0 0
211 210 56 14515.1 0 0
210 212 55 14519.3 0 0
209 210 56 14523.5 0 0
214 214 56 14527.7 0 0
210 210 56 14531.9 0 0
208 212 56 14536.2 0 0
210 211 55 14540.4 0 0
210 211 56 14544.6 0 0
210 208 56 14548.9 0 0
206 206 56 14553.1 0 0
207 209 56 14557.3 0 0
207 208 56 14561.5 0 0
205 210 55 14565.7 0 0
210 212 56 14569.9 0 0
208 209 56 14574.1 0 0
203 206 56 14578.4 0 0
206 205 56 14582.6 0 0
210 210 55 14586.8 0 0
205 206 56 14591 0 0
210 207 56 14595.2 0 0
208 207 56 14599.4 0 0
203 209 56 14603.6 0 0
207 206 56 14607.9 0 0
206 210 56 14612.1 0 0
208 211 55 14616.3 0 0
209 210 56 14620.5 0 0
206 212 56 14624.7 0 0
201 199 56 14628.9 0 0
207 211 56 14633.1 0 0
198 200 56 14637.4 0 0
201 201 56 14641.6 0 0
196 199 56 14645.8 0 0
201 197 56 14650 0 0
204 209 56 14654.2 0 0
200 203 56 14658.4 0 0
200 204 56 14662.6 0 0
203 203 56 14666.8 0 0
202 205 56 14671.1 0 0
204 207 56 14675.4 0 0
200 205 55 14679.5 0 0
209 216 56 14683.8 0 0
207 212 55 14688 0 0
200 202 56 14692.2 0 0
205 211 56 14696.4 0 0
202 213 56 14700.6 0 0
200 208 56 14704.8 0 0
202 209 56 14709 0 0
206 213 56 14713.2 0 0
207 220 56 14717.4 0 0
203 218 56 14721.6 0 0
208 218 56 14725.8 0 0
199 206 56 14730 0 0
205 216 56 14734.3 0 0
204 218 56 14738.6 0 0
205 214 56 14742.8 0 0
201 216 56 14747 0 0
199 208 56 14751.2 0 0
204 213 56 14755.4 0 0
206 219 56 14759.7 0 0
206 217 56 14763.9 0 0
200 210 56 14768.1 0 0
204 213 55 14772.4 0 0
196 202 55 14776.5 0 0
211 213 56 14780.8 0 0
209 218 55 14785 0 0
216 225 55 14789.2 0 0
166 227 49 14877.8 0 0
157 199 51 14882 0 0
145 172 53 14886.2 0 0
144 155 53 14890.5 0 0
142 143 54 14894.7 0 0
132 131 54 14898.9 0 0
134 123 54 14903.1 0 0
131 121 55 14907.3 0 0
130 116 54 14911.5 0 0
136 115 55 14915.7 0 0
135 114 54 14919.9 0 0
131 115 55 14924.2 0 0
130 117 55 14928.4 0 0
133 115 55 14932.6 0 0
132 115 55 14936.8 0 0
135 115 55 14941 0 0
134 114 55 14945.3 0 0
132 118 55 14949.5 0 0
132 117 55 14953.7 0 0
132 112 55 14958 0 0
132 113 55 14962.2 0 0
131 114 55 14966.4 0 0
131 114 55 14970.6 0 0
131 115 55 14974.8 0 0
132 115 55 14979.2 0 0
136 115 55 14983.5 0 0
130 114 55 14987.8 0 0
134 116 55 14992 0 0
131 113 55 14996.2 0 0
132 117 55 15000.4 0 0
130 113 54 15004.6 0 0
131 117 55 15008.9 0 0
132 115 55 15013.1 0 0
129 115 55 15017.3 0 0
134 115 55 15021.5 0 0
133 115 55 15025.7 0 0
131 118 55 15029.9 0 0
132 117 55 15034.1 0 0
131 113 55 15038.4 0 0
134 117 55 15042.6 0 0
131 114 55 15046.8 0 0
132 115 55 15051 0 0
134 115 55 15055.2 0 0
133 117 55 15059.4 0 0
132 115 55 15063.6 0 0
131 117 55 15067.9 0 0
133 116 55 15072.1 0 0
131 117 55 15076.3 0 0
132 116 55 15080.5 0 0
131 115 55 15084.7 0 0
130 116 55 15088.9 0 0
132 115 55 15093.1 0 0
129 115 55 15097.4 0 0
133 115 55 15101.6 0 0
129 117 55 15105.8 0 0
133 116 55 15110 0 0
130 116 55 15114.2 0 0
131 115 55 15118.4 0 0
129 116 55 15122.7 0 0
133 115 55 15126.9 0 0
132 116 55 15131.1 0 0
131 116 55 15137.9 0 0
134 116 55 15142.1 0 0
132 117 55 15146.3 0 0
133 115 55 15150.6 0 0
133 116 55 15154.8 0 0
134 118 55 15159 0 0
133 117 55 15163.2 0 0
133 115 55 15167.4 0 0
132 116 55 15171.6 0 0
130 118 56 15175.8 0 0
133 115 55 15180 0 0
131 120 56 15184.3 0 0
132 118 55 15188.5 0 0
127 113 55 15192.7 0 0
132 117 55 15196.9 0 0
130 116 55 15201.2 0 0
130 116 56 15205.4 0 0
131 119 55 15209.6 0 0
132 120 56 15213.8 0 0
132 116 55 15218 0 0
133 121 56 15222.2 0 0
132 120 56 15226.5 0 0
132 119 56 15230.7 0 0
133 117 55 15234.9 0 0
134 115 55 15239.2 0 0
134 116 55 15243.4 0 0
133 121 56 15250.2 0 0
132 114 55 15254.5 0 0
127 121 56 15258.8 0 0
130 128 56 15263 0 0
130 127 55 15267.2 0 0
133 128 55 15271.5 0 0
129 129 56 15275.6 0 0
130 127 55 15279.9 0 0
133 127 55 15284.1 0 0
131 129 56 15288.3 0 0
132 128 56 15292.6 0 0
134 128 55 15296.8 0 0
129 128 56 15301 0 0
131 127 55 15305.2 0 0
133 127 56 15309.4 0 0
130 128 56 15313.6 0 0
133 129 55 15317.9 0 0
134 128 56 15322.1 0 0
129 130 55 15326.3 0 0
131 131 56 15330.5 0 0
132 128 55 15334.7 0 0
131 134 56 15338.9 0 0
133 131 55 15343.1 0 0
131 132 56 15347.4 0 0
130 131 56 15351.6 0 0
131 132 56 15355.8 0 0
131 128 55 15360 0 0
128 126 55 15366.9 0 0
131 130 55 15371.1 0 0
131 132 56 15375.3 0 0
130 130 55 15379.5 0 0
130 132 56 15383.7 0 0
130 132 56 15388 0 0
131 130 55 15392.2 0 0
131 132 56 15396.4 0 0
131 132 56 15400.6 0 0
131 130 56 15404.8 0 0
133 127 55 15409 0 0
136 132 56 15413.2 0 0
147 136 57 15417.4 0 0
152 142 58 15421.6 0 0
166 144 58 15425.9 0 0
178 149 58 15430.1 0 0
187 151 58 15434.3 0 0
194 158 58 15438.5 0 0
204 156 57 15442.7 0 0
214 159 57 15446.9 0 0
218 168 57 15451.2 0 0
216 158 57 15455.4 0 0
207 159 57 15459.6 0 0
211 160 57 15463.8 0 0
212 170 57 15468 0 0
211 161 57 15472.2 0 0
211 162 57 15476.4 0 0
211 164 57 15480.6 0 0
211 160 57 15484.8 0 0
213 164 56 15492 0 0
212 160 57 15496.2 0 0
211 164 57 15500.4 0 0
214 161 57 15504.6 0 0
213 162 57 15508.8 0 0
214 160 57 15513 0 0
216 162 57 15517.2 0 0
217 166 57 15521.5 0 0
225 170 57 15525.7 0 0
235 180 57 15529.9 0 0
249 184 57 15534.1 0 0
258 197 57 15538.4 0 0
255 195 57 15552 0 0
258 198 57 15558.4 0 0
261 199 57 15562.6 0 0
259 195 57 15566.9 0 0
259 198 57 15571.1 0 0
259 196 57 15575.3 0 0
260 198 57 15587.9 0 0
260 202 57 15592.1 0 0
257 196 57 15600.6 0 0
260 196 57 15609 0 0
260 201 57 15613.2 0 0
261 198 57 15617.5 0 0
261 197 57 15625.9 0 0
258 205 57 15630.1 0 0
257 197 57 15634.3 0 0
258 204 57 15642.8 0 0
260 196 57 15647 0 0
260 200 57 15659.6 0 0
260 200 57 15666.8 0 0
259 202 57 15673.9 0 0
258 201 57 15687.5 0 0
259 197 57 15691.8 0 0
258 193 57 15700.2 0 0
261 197 57 15704.4 0 0
258 199 57 15708.6 0 0
259 196 57 15712.8 0 0
257 201 57 15721.2 0 0
256 206 57 15725.5 0 0
259 199 57 15733.9 0 0
258 200 57 15738.1 0 0
258 205 57 15750.8 0 0
260 202 57 15755 0 0
261 205 56 15759.2 0 0
260 198 57 15767.6 0 0
260 201 57 15776 0 0
253 188 57 15780.2 0 0
258 205 57 15784.5 0 0
256 197 57 15788.7 0 0
256 197 57 15793 0 0
256 209 57 15798.9 0 0
248 210 57 15803.1 0 0
232 211 59 15807.3 0 0
220 217 59 15811.5 0 0
206 216 59 15815.8 0 0
195 219 58 15820 0 0
187 212 58 15824.2 0 0
171 207 57 15828.4 0 0
168 207 57 15832.6 0 0
155 201 56 15836.8 0 0
159 211 56 15841 0 0
158 202 56 15845.2 0 0
170 215 57 15849.5 0 0
164 204 57 15853.7 0 0
160 204 57 15857.9 0 0
168 211 56 15862.2 0 0
162 201 56 15866.4 0 0
172 215 56 15870.6 0 0
167 210 56 15874.9 0 0
170 212 55 15879.1 0 0
161 203 56 15883.3 0 0
171 213 55 15887.5 0 0
168 212 55 15891.7 0 0
169 214 55 15896 0 0
171 216 55 15900.1 0 0
167 212 55 15904.4 0 0
168 214 55 15908.6 0 0
173 219 55 15912.8 0 0
163 208 55 15917 0 0
170 220 55 15921.2 0 0
163 210 55 15925.5 0 0
164 209 55 15929.7 0 0
166 210 55 15933.9 0 0
166 213 54 15938.1 0 0
167 213 54 15942.3 0 0
169 214 54 15946.6 0 0
169 217 55 15951.3 0 0
166 208 54 15955.5 0 0
166 208 54 15959.7 0 0
171 218 54 15963.9 0 0
160 207 54 15968.1 0 0
171 217 54 15972.3 0 0
172 221 54 15976.5 0 0
173 215 54 15980.8 0 0
170 214 54 15985 0 0
169 214 54 15989.4 0 0
167 208 54 15993.6 0 0
160 207 54 15997.8 0 0
137 182 54 16002.1 0 0
130 181 54 16006.3 0 0
124 182 54 16010.5 0 0
114 184 53 16014.8 0 0
108 181 53 16019 0 0
105 180 53 16023.2 0 0
104 178 52 16027.4 0 0
104 179 52 16031.6 0 0
106 182 53 16035.8 0 0
105 179 53 16040 0 0
105 181 53 16044.3 0 0
106 182 52 16048.5 0 0
102 180 52 16052.7 0 0
106 182 52 16056.9 0 0
105 181 52 16061.1 0 0
103 181 52 16065.3 0 0
102 181 52 16069.5 0 0
104 179 52 16073.8 0 0
104 182 52 16078.4 0 0
105 179 52 16082.6 0 0
105 181 52 16086.8 0 0
106 181 52 16091 0 0
105 178 52 16095.2 0 0
103 180 52 16099.5 0 0
106 180 52 16103.7 0 0
103 180 52 16108 0 0
106 181 52 16112.2 0 0
105 179 52 16116.4 0 0
104 181 52 16120.6 0 0
105 180 52 16124.8 0 0
104 178 52 16129 0 0
106 181 52 16133.2 0 0
104 180 52 16137.4 0 0
106 181 52 16141.7 0 0
108 179 52 16145.9 0 0
106 183 52 16150.1 0 0
103 184 52 16154.3 0 0
105 183 52 16158.5 0 0
106 185 52 16162.7 0 0
108 185 52 16166.9 0 0
101 179 52 16171.1 0 0
104 180 52 16175.4 0 0
105 178 52 16179.5 0 0
106 179 52 16183.8 0 0
104 185 52 16188 0 0
105 180 52 16192.2 0 0
106 178 52 16196.4 0 0
104 179 52 16200.6 0 0
107 177 52 16204.9 0 0
103 180 52 16209.1 0 0
102 180 52 16213.3 0 0
119 177 54 16217.5 0 0
127 171 54 16221.7 0 0
139 173 54 16225.9 0 0
138 169 53 16230.1 0 0
135 171 54 16234.3 0 0
133 169 54 16238.6 0 0
137 173 53 16242.8 0 0
135 169 53 16247 0 0
134 171 53 16251.2 0 0
132 169 53 16255.5 0 0
133 171 53 16259.7 0 0
134 172 53 16263.9 0 0
133 169 53 16268.1 0 0
137 174 53 16272.3 0 0
134 170 53 16276.5 0 0
136 170 53 16280.7 0 0
134 173 53 16284.9 0 0
136 174 53 16289.1 0 0
134 174 53 16293.4 0 0
140 175 53 16297.6 0 0
133 177 53 16301.8 0 0
132 167 53 16306 0 0
137 172 53 16310.2 0 0
131 170 53 16314.4 0 0
134 171 52 16318.6 0 0
136 175 53 16322.9 0 0
136 172 53 16327.1 0 0
136 173 53 16331.3 0 0
135 172 53 16335.5 0 0
136 169 52 16339.7 0 0
138 174 53 16343.9 0 0
135 170 53 16348.1 0 0
135 174 53 16352.4 0 0
135 172 53 16356.6 0 0
133 170 53 16360.9 0 0
136 171 53 16365.1 0 0
133 170 53 16369.3 0 0
136 173 52 16373.5 0 0
135 168 53 16377.7 0 0
135 161 52 16381.9 0 0
132 148 52 16386.1 0 0
133 137 52 16390.4 0 0
133 133 52 16394.6 0 0
130 119 52 16398.8 0 0
130 109 52 16403 0 0
134 96 52 16407.2 0 0
128 91 52 16419.9 0 0
132 85 53 16424.2 0 0
134 92 52 16428.4 0 0
135 93 53 16432.6 0 0
129 91 52 16436.8 0 0
132 90 52 16441 0 0
133 92 52 16445.3 0 0
132 92 52 16449.5 0 0
134 90 53 16453.7 0 0
134 92 52 16457.9 0 0
128 92 52 16462.2 0 0
133 92 52 16466.4 0 0
133 92 52 16470.6 0 0
131 88 53 16475 0 0
136 92 52 16479.2 0 0
133 89 52 16483.4 0 0
136 93 52 16487.6 0 0
133 94 52 16491.8 0 0
135 93 52 16496 0 0
135 91 52 16500.2 0 0
129 92 52 16504.5 0 0
136 93 52 16508.7 0 0
133 89 52 16512.9 0 0
134 93 52 16517.2 0 0
132 93 52 16521.4 0 0
134 88 52 16525.6 0 0
136 89 52 16529.8 0 0
130 90 52 16534 0 0
132 88 52 16538.2 0 0
134 89 52 16542.5 0 0
132 91 53 16546.7 0 0
137 90 52 16550.9 0 0
134 92 52 16555.1 0 0
134 92 52 16559.3 0 0
135 93 52 16563.5 0 0
135 91 52 16567.8 0 0
134 91 52 16572 0 0
126 91 52 16576.2 0 0
134 91 52 16580.4 0 0
132 91 52 16584.6 0 0
130 88 52 16588.8 0 0
135 89 52 16593 0 0
136 91 52 16597.2 0 0
133 90 52 16601.5 0 0
137 90 52 16605.7 0 0
130 92 52 16609.9 0 0
133 93 51 16614.2 0 0
127 93 52 16618.4 0 0
134 91 51 16622.6 0 0
132 89 51 16626.8 0 0
130 92 51 16631 0 0
133 87 51 16635.3 0 0
127 90 51 16639.5 0 0
133 87 51 16643.7 0 0
135 92 51 16647.9 0 0
136 90 51 16652.1 0 0
135 92 51 16656.3 0 0
134 92 51 16660.5 0 0
135 92 51 16664.7 0 0
129 91 51 16669 0 0
133 92 51 16673.2 0 0
134 87 51 16677.4 0 0
149 84 52 16681.6 0 0
161 82 53 16685.8 0 0
170 79 53 16690.1 0 0
179 75 53 16694.3 0 0
187 71 53 16698.5 0 0
200 66 52 16702.8 0 0
208 65 52 16707 0 0
215 59 51 16711.2 0 0
220 59 51 16715.4 0 0
225 56 51 16719.6 0 0
228 52 51 16724 0 0
229 51 51 16728.3 0 0
228 51 51 16732.5 0 0
225 52 51 16736.8 0 0
227 51 51 16741 0 0
228 54 51 16745.2 0 0
227 50 51 16749.4 0 0
227 51 51 16753.7 0 0
228 52 51 16757.9 0 0
225 53 50 16762.1 0 0
227 53 51 16766.3 0 0
226 52 51 16770.5 0 0
228 53 51 16774.7 0 0
227 54 50 16778.9 0 0
229 54 50 16783.1 0 0
226 54 50 16787.4 0 0
226 54 50 16791.6 0 0
227 54 50 16795.9 0 0
226 55 50 16800.1 0 0
228 53 50 16804.3 0 0
229 53 50 16808.5 0 0
225 59 51 16812.7 0 0
225 56 50 16816.9 0 0
225 57 50 16821.1 0 0
222 56 50 16825.4 0 0
222 58 50 16829.6 0 0
227 57 50 16833.8 0 0
227 56 50 16838 0 0
226 57 50 16842.2 0 0
225 57 50 16846.4 0 0
224 58 50 16850.7 0 0
225 56 50 16854.9 0 0
222 54 50 16859.1 0 0
218 46 50 16863.3 0 0
209 45 51 16867.5 0 0
204 46 51 16871.8 0 0
196 42 51 16876 0 0
191 39 51 16880.2 0 0
192 38 51 16884.4 0 0
192 38 50 16888.7 0 0
192 38 50 16892.9 0 0
192 38 51 16897.1 0 0
187 38 50 16901.3 0 0
191 41 50 16905.5 0 0
190 38 50 16909.7 0 0
194 39 50 16913.9 0 0
190 38 50 16918.1 0 0
194 38 50 16922.4 0 0
188 40 50 16926.6 0 0
191 39 50 16930.8 0 0
190 40 50 16935 0 0
190 38 50 16939.2 0 0
193 39 50 16943.5 0 0
188 40 50 16947.7 0 0
191 39 50 16951.9 0 0
191 40 50 16956.1 0 0
193 38 50 16960.3 0 0
188 39 50 16964.5 0 0
190 40 51 16968.8 0 0
192 38 50 16973 0 0
190 39 51 16977.2 0 0
189 40 50 16981.4 0 0
190 39 50 16985.6 0 0
192 40 50 16989.8 0 0
190 40 50 16994 0 0
194 40 50 16998.3 0 0
190 40 50 17002.5 0 0
188 38 50 17006.7 0 0
190 39 50 17011 0 0
189 39 51 17015.2 0 0
191 40 50 17019.4 0 0
189 40 50 17023.6 0 0
189 40 51 17027.8 0 0
192 39 50 17032 0 0
191 39 50 17036.3 0 0
193 39 50 17040.5 0 0
190 39 50 17044.8 0 0
192 38 50 17049 0 0
189 39 50 17053.2 0 0
191 39 51 17057.4 0 0
191 38 50 17061.6 0 0
193 37 51 17065.8 0 0
191 39 50 17070 0 0
188 39 50 17074.3 0 0
187 39 50 17078.5 0 0
191 38 51 17082.7 0 0
189 39 50 17086.9 0 0
193 37 51 17091.1 0 0
194 39 50 17095.3 0 0
189 37 51 17099.5 0 0
192 38 50 17103.7 0 0
196 38 51 17107.9 0 0
191 37 51 17112.2 0 0
193 39 51 17116.4 0 0
189 38 51 17120.6 0 0
190 38 51 17124.8 0 0
192 39 51 17129 0 0
189 38 51 17133.2 0 0
190 39 51 17137.5 0 0
192 37 51 17141.7 0 0
189 39 51 17145.9 0 0
189 37 51 17150.1 0 0
188 38 51 17154.3 0 0
195 38 51 17158.5 0 0
190 38 51 17162.7 0 0
189 38 51 17166.9 0 0
193 38 51 17171.2 0 0
188 38 51 17175.5 0 0
191 38 51 17179.7 0 0
190 37 51 17183.9 0 0
191 39 51 17188.1 0 0
194 38 51 17192.3 0 0
191 38 51 17196.5 0 0
189 37 51 17200.8 0 0
189 38 51 17205 0 0
193 37 51 17209.2 0 0
189 38 51 17213.4 0 0
196 37 51 17217.6 0 0
188 39 51 17221.8 0 0
189 40 51 17226.1 0 0
188 39 51 17230.3 0 0
187 39 51 17234.5 0 0
191 38 51 17238.7 0 0
192 38 51 17242.9 0 0
192 38 51 17247.1 0 0
190 38 51 17251.3 0 0
193 39 51 17255.6 0 0
192 37 51 17259.8 0 0
188 39 51 17264.3 0 0
188 38 51 17268.5 0 0
188 38 51 17272.8 0 0
191 39 51 17277 0 0
189 39 51 17281.2 0 0
189 37 52 17285.4 0 0
190 38 52 17289.6 0 0
193 37 51 17293.8 0 0
191 37 51 17298.1 0 0
191 39 52 17302.3 0 0
190 39 51 17306.5 0 0
191 39 52 17310.7 0 0
192 39 51 17314.9 0 0
193 39 51 17319.1 0 0
190 38 51 17323.4 0 0
190 37 51 17327.6 0 0
193 38 51 17331.8 0 0
196 38 51 17336 0 0
195 40 51 17340.2 0 0
198 43 51 17344.4 0 0
197 42 51 17348.6 0 0
198 42 51 17352.8 0 0
196 43 51 17357.1 0 0
198 42 51 17361.3 0 0
197 41 51 17365.5 0 0
199 42 51 17369.7 0 0
198 42 51 17373.9 0 0
198 43 51 17378.1 0 0
200 43 51 17382.4 0 0
198 42 51 17386.6 0 0
198 43 51 17390.8 0 0
199 43 51 17395 0 0
197 43 51 17399.2 0 0
196 43 51 17403.5 0 0
196 43 51 17407.7 0 0
197 43 51 17412 0 0
199 43 51 17416.2 0 0
198 42 51 17420.5 0 0
199 42 51 17424.7 0 0
198 42 51 17428.9 0 0
199 42 51 17433.1 0 0
197 42 51 17437.3 0 0
199 41 51 17441.6 0 0
196 43 51 17445.8 0 0
197 43 51 17452.5 0 0
200 43 51 17456.8 0 0
198 42 51 17461 0 0
198 42 51 17465.2 0 0
197 44 51 17469.4 0 0
197 43 51 17473.7 0 0
199 43 51 17477.9 0 0
200 41 51 17482.1 0 0
198 42 51 17486.3 0 0
197 42 51 17490.6 0 0
200 42 51 17494.8 0 0
198 42 51 17499 0 0
201 41 51 17503.2 0 0
197 42 51 17507.4 0 0
198 41 51 17511.7 0 0
199 43 51 17515.9 0 0
197 42 51 17520.1 0 0
198 41 51 17524.3 0 0
198 41 51 17528.5 0 0
199 42 51 17532.7 0 0
200 42 51 17536.9 0 0
197 43 52 17541.1 0 0
199 41 51 17545.4 0 0
199 41 0 17549.6 0 0
200 41 51 17553.8 0 0
196 42 51 17560.7 0 0
199 42 51 17564.9 0 0
195 43 52 17569.2 0 0
197 42 51 17573.4 0 0
199 42 51 17577.7 0 0
198 42 51 17581.9 0 0
199 42 52 17586.1 0 0
196 41 52 17590.3 0 0
198 41 51 17594.5 0 0
199 43 52 17598.7 0 0
198 42 51 17602.9 0 0
197 43 51 17607.2 0 0
196 43 51 17611.4 0 0
197 42 52 17615.6 0 0
198 42 52 17619.8 0 0
198 41 52 17624 0 0
200 41 52 17628.2 0 0
196 38 52 17632.4 0 0
189 38 51 17636.7 0 0
187 37 52 17640.9 0 0
186 40 52 17645.1 0 0
191 39 52 17649.3 0 0
189 39 52 17653.5 0 0
190 39 52 17657.7 0 0
190 39 52 17661.9 0 0
188 40 52 17666.1 0 0
190 39 52 17670.4 0 0
192 39 52 17674.6 0 0
192 39 53 17681.5 0 0
192 39 52 17685.7 0 0
190 40 52 17689.9 0 0
189 39 52 17694.2 0 0
190 40 52 17698.4 0 0
190 40 52 17702.6 0 0
187 40 52 17706.8 0 0
191 40 52 17711 0 0
189 40 53 17715.2 0 0
191 39 52 17719.4 0 0
189 40 52 17723.6 0 0
191 40 52 17727.9 0 0
190 39 53 17732.1 0 0
190 39 53 17736.3 0 0
191 40 53 17740.6 0 0
187 39 52 17744.8 0 0
188 39 53 17749 0 0
187 39 53 17753.2 0 0
190 39 53 17757.4 0 0
190 40 53 17761.6 0 0
191 39 52 17765.9 0 0
190 39 53 17770.1 0 0
189 40 53 17774.3 0 0
191 39 53 17778.5 0 0
189 40 53 17782.7 0 0
191 39 53 17786.9 0 0
189 40 53 17791.1 0 0
193 40 53 17797.9 0 0
192 39 53 17802.2 0 0
190 39 53 17806.4 0 0
191 39 53 17810.7 0 0
188 39 53 17814.9 0 0
191 39 53 17819.1 0 0
192 40 53 17823.4 0 0
189 39 53 17828.2 0 0
189 38 53 17832.4 0 0
185 40 53 17836.6 0 0
190 39 53 17840.8 0 0
188 39 53 17845 0 0
191 39 53 17849.2 0 0
190 39 54 17853.4 0 0
191 38 53 17857.7 0 0
190 39 53 17861.9 0 0
188 40 53 17866.1 0 0
188 40 53 17870.3 0 0
190 39 53 17877 0 0
190 39 53 17881.2 0 0
189 40 53 17885.5 0 0
191 40 53 17889.7 0 0
192 38 53 17893.9 0 0
191 39 54 17898.1 0 0
189 39 53 17902.3 0 0
187 39 53 17906.5 0 0
192 39 53 17911 0 0
188 39 53 17915.2 0 0
191 39 54 17919.4 0 0
192 39 54 17923.7 0 0
190 39 54 17927.9 0 0
191 40 53 17932.1 0 0
193 39 54 17936.3 0 0
190 39 54 17940.5 0 0
190 40 54 17944.8 0 0
191 40 54 17949 0 0
188 40 54 17953.2 0 0
192 39 54 17957.5 0 0
185 40 54 17961.7 0 0
189 38 54 17965.9 0 0
188 40 54 17970.1 0 0
189 38 54 17974.3 0 0
191 39 54 17978.5 0 0
190 39 54 17982.7 0 0
189 39 54 17987 0 0
191 39 54 17991.2 0 0
191 39 54 17995.4 0 0
190 39 54 17999.6 0 0
189 41 54 18003.8 0 0
192 39 54 18008 0 0
189 41 54 18012.3 0 0
194 38 54 18016.5 0 0
190 39 54 18020.7 0 0
192 39 54 18024.9 0 0
190 40 54 18029.1 0 0
190 40 54 18033.3 0 0
191 44 55 18037.5 0 0
182 48 55 18041.8 0 0
177 57 55 18046 0 0
167 71 55 18050.2 0 0
157 86 55 18054.5 0 0
149 91 55 18058.6 0 0
140 97 54 18062.9 0 0
134 110 54 18067.1 0 0
130 113 54 18071.3 0 0
130 120 54 18075.5 0 0
130 122 54 18079.7 0 0
129 120 54 18083.9 0 0
133 121 54 18088.1 0 0
133 117 53 18092.3 0 0
132 117 53 18096.5 0 0
133 119 54 18100.8 0 0
132 118 54 18105 0 0
133 118 53 18109.2 0 0
134 118 54 18113.4 0 0
132 119 53 18117.6 0 0
132 120 54 18121.8 0 0
135 118 53 18126 0 0
131 118 53 18130.3 0 0
132 118 54 18134.5 0 0
131 119 54 18138.7 0 0
132 118 53 18142.9 0 0
133 117 53 18147.1 0 0
132 118 54 18151.3 0 0
132 117 53 18155.5 0 0
134 116 54 18159.8 0 0
132 117 54 18164 0 0
133 118 54 18168.2 0 0
132 116 54 18172.4 0 0
132 118 54 18176.6 0 0
134 118 54 18180.8 0 0
132 119 54 18185.1 0 0
133 118 54 18189.3 0 0
132 119 54 18193.5 0 0
132 119 54 18197.8 0 0
129 118 53 18202 0 0
130 117 53 18206.2 0 0
133 119 54 18210.4 0 0
133 120 53 18214.6 0 0
134 117 53 18218.8 0 0
131 118 54 18223 0 0
132 118 54 18227.2 0 0
133 116 54 18231.5 0 0
131 118 54 18235.7 0 0
132 120 54 18239.9 0 0
131 119 54 18244.2 0 0
130 121 54 18248.4 0 0
128 117 54 18252.6 0 0
127 118 54 18256.8 0 0
132 117 54 18261 0 0
128 118 54 18265.3 0 0
130 118 53 18269.5 0 0
129 119 54 18273.7 0 0
130 117 54 18277.9 0 0
128 116 54 18282.1 0 0
132 118 54 18286.3 0 0
130 118 54 18290.5 0 0
129 120 54 18294.8 0 0
130 119 54 18299 0 0
134 119 54 18303.2 0 0
130 119 54 18307.5 0 0
127 116 54 18311.7 0 0
130 115 53 18315.9 0 0
130 118 54 18320.1 0 0
129 116 54 18324.3 0 0
127 116 54 18328.6 0 0
131 118 54 18332.8 0 0
129 118 54 18337 0 0
129 119 54 18341.2 0 0
131 121 54 18345.4 0 0
126 120 54 18349.6 0 0
131 122 54 18353.8 0 0
130 124 54 18358.1 0 0
134 128 54 18362.3 0 0
136 130 54 18366.5 0 0
134 130 54 18370.7 0 0
133 127 54 18374.9 0 0
134 127 54 18379.2 0 0
136 127 54 18383.4 0 0
132 127 54 18387.6 0 0
133 128 54 18391.8 0 0
130 124 54 18396 0 0
133 126 54 18400.2 0 0
134 126 54 18404.4 0 0
129 125 54 18408.7 0 0
132 127 54 18412.9 0 0
132 126 54 18417.2 0 0
129 126 54 18421.4 0 0
130 128 54 18425.6 0 0
132 128 54 18429.8 0 0
130 130 54 18434 0 0
131 131 54 18438.2 0 0
131 129 54 18442.5 0 0
131 130 54 18446.7 0 0
130 125 54 18450.9 0 0
130 125 54 18455.1 0 0
132 125 54 18459.3 0 0
131 126 54 18463.5 0 0
132 125 54 18467.8 0 0
132 125 54 18472 0 0
133 125 54 18477.1 0 0
132 128 54 18481.3 0 0
128 126 54 18485.5 0 0
133 126 54 18489.9 0 0
131 127 54 18494.1 0 0
127 126 54 18498.3 0 0
131 126 54 18502.5 0 0
132 127 54 18506.7 0 0
130 125 54 18511 0 0
131 127 54 18515.2 0 0
132 124 54 18519.4 0 0
128 126 54 18523.6 0 0
132 125 54 18527.8 0 0
132 127 54 18532 0 0
132 126 54 18536.3 0 0
128 127 54 18540.5 0 0
129 127 54 18544.8 0 0
132 124 54 18549 0 0
131 129 54 18553.2 0 0
131 125 54 18557.5 0 0
130 123 54 18561.7 0 0
132 127 54 18565.9 0 0
127 123 54 18570.1 0 0
128 126 54 18574.3 0 0
134 129 54 18578.5 0 0
129 128 54 18582.8 0 0
127 126 54 18587 0 0
129 127 54 18591.2 0 0
131 128 54 18595.4 0 0
128 127 54 18599.6 0 0
130 130 54 18603.8 0 0
130 129 54 18608.2 0 0
131 126 54 18612.4 0 0
131 126 54 18616.6 0 0
132 125 54 18620.8 0 0
130 126 54 18625 0 0
130 125 54 18629.2 0 0
131 126 54 18633.4 0 0
133 124 54 18637.6 0 0
132 124 54 18641.8 0 0
130 126 53 18646 0 0
131 126 54 18650.2 0 0
128 126 54 18654.5 0 0
131 126 54 18658.7 0 0
132 126 53 18662.9 0 0
130 124 53 18667.1 0 0
131 127 53 18671.3 0 0
132 124 53 18675.5 0 0
130 125 53 18679.8 0 0
131 130 53 18684 0 0
130 129 53 18688.2 0 0
131 130 53 18692.4 0 0
129 128 53 18696.6 0 0
131 127 53 18700.8 0 0
129 129 53 18705 0 0
130 129 53 18709.2 0 0
132 128 53 18713.5 0 0
128 129 53 18717.7 0 0
131 131 53 18721.9 0 0
129 128 53 18726.1 0 0
127 127 53 18730.3 0 0
128 130 53 18734.6 0 0
126 148 52 18739 0 0
135 187 51 18743.2 0 0
152 232 47 18848.5 0 0
144 215 48 18852.8 0 0
140 198 50 18857 0 0
136 187 52 18861.2 0 0
140 179 52 18865.4 0 0
136 168 52 18869.6 0 0
134 162 53 18873.8 0 0
130 158 53 18878 0 0
133 154 52 18882.2 0 0
130 146 53 18886.5 0 0
133 142 52 18890.7 0 0
134 137 53 18894.9 0 0
133 135 53 18899.1 0 0
132 134 53 18903.3 0 0
131 132 53 18907.5 0 0
132 128 53 18911.8 0 0
132 129 53 18916 0 0
133 128 53 18920.2 0 0
130 125 53 18924.4 0 0
130 127 53 18928.6 0 0
130 126 53 18932.8 0 0
132 126 53 18937 0 0
131 124 53 18941.2 0 0
132 126 53 18945.5 0 0
133 125 53 18949.8 0 0
127 123 53 18954 0 0
130 123 53 18958.2 0 0
130 123 53 18962.4 0 0
131 122 53 18966.6 0 0
130 124 54 18970.9 0 0
130 124 53 18975.1 0 0
132 124 53 18979.3 0 0
131 124 53 18983.5 0 0
133 125 53 18987.7 0 0
133 125 53 18992 0 0
132 123 53 18996.2 0 0
133 124 53 19000.3 0 0
127 125 53 19004.6 0 0
129 124 53 19008.8 0 0
131 125 53 19013 0 0
130 123 54 19017.2 0 0
131 123 53 19021.4 0 0
129 126 53 19025.6 0 0
127 123 53 19029.8 0 0
130 124 53 19034.1 0 0
127 124 53 19038.3 0 0
131 124 53 19042.5 0 0
127 126 53 19046.8 0 0
131 125 54 19051 0 0
133 123 53 19055.2 0 0
128 126 53 19059.5 0 0
135 124 53 19063.7 0 0
129 126 53 19067.9 0 0
130 127 54 19072.1 0 0
133 126 53 19076.3 0 0
131 126 53 19080.6 0 0
132 127 53 19084.8 0 0
128 125 53 19089 0 0
131 127 53 19093.2 0 0
131 126 54 19097.4 0 0
128 127 53 19101.6 0 0
130 125 53 19105.9 0 0
130 126 53 19110.1 0 0
130 124 53 19114.4 0 0
129 124 53 19118.6 0 0
132 126 53 19122.8 0 0
132 125 53 19127 0 0
132 127 53 19131.2 0 0
127 126 53 19135.5 0 0
134 126 53 19139.7 0 0
128 125 53 19143.9 0 0
133 123 53 19148.1 0 0
128 125 53 19152.3 0 0
129 126 53 19156.5 0 0
132 125 53 19160.7 0 0
130 126 53 19165 0 0
132 127 53 19169.2 0 0
130 126 53 19173.4 0 0
131 127 53 19177.6 0 0
128 129 53 19181.8 0 0
130 126 53 19186 0 0
131 127 53 19190.3 0 0
133 125 53 19194.5 0 0
130 126 53 19198.7 0 0
131 126 53 19202.9 0 0
133 128 53 19207.1 0 0
133 126 53 19211.3 0 0
129 124 53 19215.5 0 0
133 126 53 19219.7 0 0
131 125 53 19224 0 0
131 125 53 19228.2 0 0
130 127 53 19232.6 0 0
132 126 53 19236.8 0 0
132 127 52 19241 0 0
128 126 53 19245.2 0 0
128 126 53 19249.4 0 0
132 125 53 19253.6 0 0
128 125 53 19257.8 0 0
129 124 53 19262.1 0 0
129 124 53 19266.3 0 0
132 126 53 19270.5 0 0
130 125 53 19274.7 0 0
125 126 53 19278.9 0 0
129 124 53 19283.1 0 0
130 126 53 19287.3 0 0
132 126 53 19291.5 0 0
129 126 53 19295.8 0 0
133 127 53 19300 0 0
129 125 53 19304.2 0 0
130 126 53 19308.4 0 0
132 126 53 19312.6 0 0
133 124 53 19316.8 0 0
129 125 53 19321.1 0 0
131 126 53 19325.3 0 0
130 126 53 19329.5 0 0
130 127 53 19333.7 0 0
133 124 53 19337.9 0 0
131 125 53 19342.1 0 0
133 126 53 19346.3 0 0
131 125 53 19350.5 0 0
135 126 53 19354.8 0 0
128 125 53 19359 0 0
132 124 53 19363.2 0 0
129 125 53 19367.4 0 0
130 124 53 19371.6 0 0
130 125 53 19375.9 0 0
131 125 53 19380.1 0 0
129 125 53 19384.3 0 0
132 127 53 19389.2 0 0
132 126 53 19393.4 0 0
133 125 54 19397.6 0 0
130 124 53 19401.8 0 0
132 126 53 19406 0 0
130 126 53 19410.2 0 0
135 126 54 19414.4 0 0
130 125 53 19418.7 0 0
127 124 53 19422.9 0 0
132 128 54 19427.1 0 0
128 126 54 19431.3 0 0
132 127 54 19435.5 0 0
129 125 54 19439.7 0 0
131 128 54 19446.5 0 0
130 126 53 19450.8 0 0
132 125 54 19455 0 0
130 130 54 19459.2 0 0
131 127 54 19463.4 0 0
134 129 54 19467.6 0 0
132 128 53 19472 0 0
128 127 54 19476.2 0 0
131 129 53 19480.4 0 0
133 127 54 19484.6 0 0
132 127 54 19488.9 0 0
138 132 54 19493.1 0 0
146 138 55 19497.3 0 0
146 134 55 19501.5 0 0
150 141 55 19505.7 0 0
152 141 55 19509.9 0 0
154 151 55 19514.2 0 0
155 146 54 19518.4 0 0
153 143 55 19522.6 0 0
155 148 55 19526.8 0 0
154 145 54 19531 0 0
154 147 54 19535.2 0 0
152 146 54 19539.4 0 0
151 144 55 19543.6 0 0
153 146 54 19547.8 0 0
152 146 55 19554.9 0 0
155 145 54 19559.1 0 0
153 144 55 19563.3 0 0
154 147 54 19567.5 0 0
156 147 55 19571.7 0 0
157 147 55 19576 0 0
155 146 55 19580.2 0 0
154 144 55 19584.4 0 0
154 146 54 19588.6 0 0
151 145 55 19592.8 0 0
156 149 55 19597 0 0
154 144 55 19601.2 0 0
154 149 55 19605.5 0 0
153 146 55 19609.7 0 0
154 144 55 19613.9 0 0
157 145 55 19618.1 0 0
154 145 55 19622.3 0 0
153 143 55 19626.5 0 0
152 143 55 19630.8 0 0
152 145 55 19635 0 0
156 152 55 19639.2 0 0
153 144 55 19643.4 0 0
156 143 55 19647.6 0 0
154 147 55 19651.8 0 0
152 145 55 19656 0 0
155 149 55 19660.3 0 0
153 152 55 19664.5 0 0
158 165 54 19671.3 0 0
166 202 54 19675.6 0 0
149 221 52 19767 0 0
139 201 53 19771.2 0 0
135 189 53 19775.4 0 0
134 179 54 19779.6 0 0
133 171 54 19783.8 0 0
131 161 54 19788 0 0
131 153 54 19792.2 0 0
130 146 54 19796.5 0 0
131 140 55 19800.7 0 0
133 137 55 19804.9 0 0
133 133 55 19809.1 0 0
131 132 55 19813.3 0 0
133 130 55 19817.5 0 0
131 128 55 19821.7 0 0
132 128 55 19825.9 0 0
132 130 55 19830.2 0 0
127 128 55 19834.4 0 0
128 129 55 19838.6 0 0
134 127 55 19842.8 0 0
130 130 55 19847 0 0
134 126 55 19851.2 0 0
130 126 55 19855.5 0 0
132 123 55 19859.7 0 0
129 127 55 19863.9 0 0
130 124 55 19868.1 0 0
130 127 55 19872.3 0 0
132 125 55 19876.5 0 0
126 126 55 19880.8 0 0
133 124 55 19885 0 0
127 131 56 19891.8 0 0
133 124 55 19896.1 0 0
130 124 55 19900.3 0 0
130 125 55 19904.6 0 0
132 130 55 19908.8 0 0
128 124 55 19913 0 0
129 130 55 19917.2 0 0
129 128 55 19921.4 0 0
130 131 56 19925.7 0 0
128 129 55 19929.9 0 0
131 128 55 19934.1 0 0
129 130 55 19938.3 0 0
129 130 55 19942.6 0 0
128 127 55 19946.8 0 0
131 129 55 19951 0 0
129 130 55 19955.3 0 0
128 130 55 19959.5 0 0
130 129 55 19963.7 0 0
132 125 55 19967.9 0 0
133 129 55 19972.1 0 0
128 131 55 19976.3 0 0
129 132 56 19980.5 0 0
130 128 55 19984.7 0 0
130 129 55 19989 0 0
127 130 55 19993.2 0 0
131 126 55 19997.4 0 0
129 131 55 20001.6 0 0
131 128 56 20008.7 0 0
126 132 56 20012.9 0 0
128 129 56 20017.2 0 0
127 133 56 20021.4 0 0
130 129 56 20025.6 0 0
130 128 55 20029.8 0 0
131 125 55 20034 0 0
130 129 56 20038.2 0 0
132 131 55 20042.5 0 0
131 126 55 20046.7 0 0
131 127 55 20050.9 0 0
129 129 56 20055.1 0 0
132 131 56 20059.3 0 0
128 131 56 20063.5 0 0
129 129 56 20067.8 0 0
129 130 56 20072 0 0
131 128 55 20076.4 0 0
130 131 56 20080.6 0 0
129 131 56 20084.8 0 0
129 131 56 20089 0 0
130 131 56 20096.1 0 0
129 133 56 20100.4 0 0
133 130 56 20104.6 0 0
128 132 56 20108.8 0 0
131 130 56 20113 0 0
127 132 56 20117.2 0 0
131 128 55 20121.4 0 0
129 132 56 20125.6 0 0
130 134 56 20129.9 0 0
130 130 56 20134.1 0 0
128 131 56 20138.3 0 0
131 130 56 20142.5 0 0
130 129 56 20146.7 0 0
130 128 56 20150.9 0 0
133 129 56 20155.1 0 0
127 133 56 20159.4 0 0
132 132 56 20163.6 0 0
128 131 56 20167.8 0 0
131 130 56 20172 0 0
129 131 56 20176.3 0 0
132 129 56 20180.5 0 0
128 129 55 20184.7 0 0
129 132 56 20188.9 0 0
129 133 56 20193.1 0 0
131 128 56 20197.4 0 0
134 129 56 20201.6 0 0
132 131 56 20205.8 0 0
134 131 56 20210 0 0
136 133 56 20214.2 0 0
134 131 57 20218.4 0 0
134 129 56 20222.6 0 0
136 133 56 20226.8 0 0
133 129 56 20231 0 0
130 130 56 20235.3 0 0
134 129 56 20239.5 0 0
135 131 56 20243.7 0 0
131 129 56 20247.9 0 0
134 133 56 20252.1 0 0
134 128 56 20256.3 0 0
132 130 56 20260.6 0 0
134 129 56 20264.8 0 0
134 129 56 20269 0 0
131 131 56 20273.2 0 0
133 132 56 20277.4 0 0
133 130 56 20281.6 0 0
133 129 56 20285.8 0 0
134 131 56 20290.1 0 0
132 131 56 20294.3 0 0
133 131 56 20298.5 0 0
131 135 56 20302.7 0 0
129 132 56 20306.9 0 0
130 133 56 20311.1 0 0
132 130 56 20315.3 0 0
134 129 56 20319.5 0 0
130 128 56 20323.8 0 0
131 130 56 20328 0 0
132 130 56 20332.2 0 0
134 133 56 20336.4 0 0
132 132 56 20340.6 0 0
133 133 56 20344.8 0 0
136 130 56 20349 0 0
136 132 56 20353.3 0 0
130 133 56 20357.5 0 0
128 129 56 20361.7 0 0
132 131 56 20365.9 0 0
133 129 57 20370.1 0 0
132 128 56 20374.3 0 0
136 129 56 20378.5 0 0
136 132 56 20382.8 0 0
133 130 56 20387 0 0
132 134 56 20391.2 0 0
134 131 56 20395.4 0 0
133 135 56 20399.6 0 0
130 134 56 20403.8 0 0
133 130 56 20408 0 0
134 135 56 20412.2 0 0
130 134 56 20416.5 0 0
134 154 55 20420.7 0 0
139 187 55 20424.9 0 0
153 236 52 20429.1 0 0
159 239 50 20516.2 0 0
142 202 54 20524.7 0 0
140 178 55 20533 0 0
140 178 55 20541.4 0 0
139 163 55 20549.2 0 0
133 148 56 20553.5 0 0
133 143 56 20558.2 0 0
131 137 56 20562.4 0 0
130 135 56 20566.6 0 0
133 136 56 20570.8 0 0
133 135 56 20575 0 0
131 130 56 20579.2 0 0
130 128 56 20583.5 0 0
133 127 57 20587.7 0 0
132 129 56 20591.9 0 0
132 131 57 20596.1 0 0
135 131 57 20600.3 0 0
133 126 57 20604.6 0 0
135 127 56 20608.8 0 0
134 127 57 20613 0 0
136 124 57 20617.2 0 0
132 124 56 20621.4 0 0
133 122 56 20625.6 0 0
131 123 56 20629.8 0 0
135 124 57 20634 0 0
133 125 57 20638.3 0 0
133 124 56 20642.5 0 0
135 126 56 20646.7 0 0
134 124 56 20650.9 0 0
130 125 57 20655.1 0 0
130 124 57 20659.6 0 0
131 125 56 20663.8 0 0
133 124 57 20670.5 0 0
132 123 56 20674.8 0 0
133 122 56 20679 0 0
132 125 57 20683.2 0 0
134 123 57 20687.4 0 0
135 125 56 20691.6 0 0
129 123 57 20695.8 0 0
131 125 56 20700 0 0
129 123 57 20704.2 0 0
135 124 56 20708.5 0 0
133 122 57 20712.7 0 0
131 122 57 20716.9 0 0
132 121 56 20721.1 0 0
131 125 57 20725.3 0 0
131 123 56 20729.5 0 0
130 124 57 20733.7 0 0
132 123 57 20738 0 0
131 124 57 20742.2 0 0
132 124 56 20746.4 0 0
132 123 56 20750.6 0 0
135 124 57 20754.8 0 0
134 124 57 20759 0 0
134 126 57 20763.2 0 0
134 125 56 20767.4 0 0
133 127 56 20771.7 0 0
129 124 56 20775.8 0 0
134 125 57 20780.1 0 0
134 123 57 20784.3 0 0
134 125 57 20791.2 0 0
131 122 56 20795.5 0 0
132 125 57 20799.7 0 0
130 125 57 20803.9 0 0
132 125 56 20808.1 0 0
134 122 56 20812.3 0 0
129 124 56 20816.5 0 0
134 124 57 20820.7 0 0
130 124 57 20824.9 0 0
132 124 56 20829.2 0 0
130 125 57 20833.4 0 0
129 125 57 20837.6 0 0
130 126 56 20841.8 0 0
130 127 56 20846 0 0
131 126 57 20850.2 0 0
131 126 56 20854.4 0 0
133 126 56 20858.7 0 0
134 127 57 20862.9 0 0
131 127 57 20867.1 0 0
134 124 56 20871.3 0 0
129 124 56 20875.5 0 0
130 126 57 20879.7 0 0
131 127 56 20883.9 0 0
130 126 57 20888.1 0 0
131 127 56 20892.3 0 0
127 129 56 20896.5 0 0
128 131 56 20900.8 0 0
126 128 56 20905 0 0
131 130 56 20909.2 0 0
129 129 56 20916.1 0 0
128 131 56 20920.3 0 0
129 131 56 20924.5 0 0
127 130 56 20928.7 0 0
131 130 56 20932.9 0 0
131 126 57 20937.1 0 0
128 128 56 20941.4 0 0
130 127 56 20945.6 0 0
131 129 56 20949.9 0 0
130 126 57 20954.1 0 0
130 129 56 20958.3 0 0
132 128 56 20962.5 0 0
127 129 56 20966.7 0 0
131 129 56 20971 0 0
130 131 57 20975.2 0 0
131 130 57 20979.4 0 0
130 129 57 20983.6 0 0
132 129 56 20987.8 0 0
129 126 57 20992.1 0 0
128 130 56 20996.3 0 0
133 129 57 21000.5 0 0
129 129 56 21004.7 0 0
132 129 57 21008.9 0 0
132 129 57 21013.2 0 0
130 128 56 21017.7 0 0
130 127 57 21021.9 0 0
129 128 56 21026.1 0 0
128 127 57 21030.3 0 0
131 127 56 21034.5 0 0
129 127 56 21038.8 0 0
131 130 56 21043 0 0
128 129 57 21047.2 0 0
128 128 57 21051.4 0 0
128 125 57 21055.7 0 0
130 127 57 21059.9 0 0
129 127 57 21064.1 0 0
129 127 56 21068.3 0 0
131 128 56 21072.5 0 0
131 128 56 21076.7 0 0
128 130 57 21080.9 0 0
128 128 57 21085.1 0 0
130 129 57 21089.3 0 0
128 128 57 21093.5 0 0
132 127 56 21097.8 0 0
129 127 57 21102 0 0
129 128 56 21106.2 0 0
129 128 57 21110.5 0 0
129 129 57 21114.7 0 0
126 126 57 21118.9 0 0
129 127 57 21123.1 0 0
130 129 57 21127.3 0 0
132 126 57 21131.5 0 0
130 130 57 21135.8 0 0
128 128 57 21140 0 0
128 130 57 21144.2 0 0
130 129 57 21148.4 0 0
130 127 57 21152.6 0 0
133 128 57 21156.8 0 0
127 125 57 21161 0 0
132 130 57 21165.2 0 0
130 128 57 21169.5 0 0
127 131 57 21173.7 0 0
130 129 57 21177.9 0 0
134 128 57 21182.1 0 0
129 129 57 21186.3 0 0
131 129 57 21190.5 0 0
130 129 57 21194.7 0 0
128 128 57 21199 0 0
130 129 57 21203.2 0 0
131 129 57 21207.4 0 0
129 126 57 21211.6 0 0
129 128 57 21215.8 0 0
131 129 57 21220.1 0 0
131 131 57 21224.3 0 0
133 129 57 21228.5 0 0
131 130 57 21232.7 0 0
129 128 57 21237 0 0
129 128 57 21241.2 0 0
133 128 57 21245.4 0 0
130 128 57 21249.6 0 0
132 130 57 21253.8 0 0
129 126 57 21258 0 0
128 129 57 21262.3 0 0
130 128 57 21266.5 0 0
128 127 57 21270.7 0 0
130 128 57 21274.9 0 0
128 127 57 21279.1 0 0
127 128 57 21283.3 0 0
130 128 57 21287.5 0 0
129 126 57 21291.8 0 0
128 129 57 21296 0 0
131 128 57 21300.2 0 0
127 126 57 21304.4 0 0
128 129 57 21308.6 0 0
133 127 57 21312.8 0 0
128 126 57 21317 0 0
131 129 57 21321.2 0 0
128 130 57 21325.5 0 0
132 129 57 21329.7 0 0
127 128 57 21333.9 0 0
129 129 57 21338.1 0 0
130 130 57 21342.3 0 0
131 128 57 21346.6 0 0
129 128 57 21350.8 0 0
131 130 57 21355 0 0
132 131 57 21359.3 0 0
132 130 57 21363.5 0 0
130 127 57 21367.7 0 0
132 132 57 21371.9 0 0
131 127 57 21376.1 0 0
130 130 57 21380.3 0 0
129 129 57 21384.5 0 0
130 127 57 21388.7 0 0
131 129 56 21393 0 0
129 129 57 21397.2 0 0
125 129 56 21401.4 0 0
132 124 57 21406.4 0 0
127 126 57 21410.7 0 0
132 127 57 21414.9 0 0
127 126 56 21419.1 0 0
131 130 57 21423.3 0 0
132 128 57 21427.5 0 0
130 128 57 21431.8 0 0
130 125 57 21436 0 0
132 127 57 21440.2 0 0
129 127 57 21444.4 0 0
132 129 57 21448.6 0 0
130 129 57 21452.9 0 0
130 129 57 21457.1 0 0
129 128 56 21461.3 0 0
132 128 57 21465.5 0 0
130 132 57 21469.7 0 0
130 130 57 21473.9 0 0
132 131 57 21478.1 0 0
134 130 57 21482.3 0 0
133 133 56 21486.6 0 0
133 131 57 21490.8 0 0
133 131 56 21495 0 0
134 132 57 21499.2 0 0
131 129 57 21503.4 0 0
135 130 57 21507.6 0 0
131 129 57 21511.9 0 0
132 131 57 21516.1 0 0
133 131 57 21520.3 0 0
131 129 57 21524.5 0 0
133 131 57 21528.7 0 0
132 132 57 21532.9 0 0
135 132 57 21537.1 0 0
136 133 57 21541.4 0 0
133 132 57 21545.6 0 0
134 133 56 21549.8 0 0
135 132 57 21554 0 0
134 128 57 21558.2 0 0
134 132 57 21562.4 0 0
131 134 56 21566.7 0 0
134 132 56 21570.9 0 0
133 129 57 21575.1 0 0
136 132 57 21579.3 0 0
137 131 57 21583.5 0 0
135 128 57 21587.7 0 0
134 129 57 21591.9 0 0
134 129 56 21596.1 0 0
134 130 57 21600.3 0 0
135 129 57 21604.6 0 0
134 129 57 21608.8 0 0
136 131 57 21613 0 0
133 130 56 21617.2 0 0
138 129 57 21621.5 0 0
135 129 56 21625.7 0 0
132 130 57 21629.9 0 0
134 129 57 21634.1 0 0
133 131 57 21638.3 0 0
133 130 57 21642.5 0 0
133 131 56 21646.8 0 0
132 131 57 21651 0 0
132 132 57 21655.2 0 0
132 131 56 21659.4 0 0
135 133 56 21663.6 0 0
135 135 56 21667.8 0 0
136 140 57 21672.1 0 0
132 157 55 21676.3 0 0
143 183 55 21680.5 0 0
148 217 54 21684.7 0 0
148 229 52 21735.3 0 0
141 205 53 21739.5 0 0
136 193 54 21743.7 0 0
134 179 55 21747.9 0 0
138 173 55 21752.1 0 0
132 160 56 21756.3 0 0
133 153 55 21760.6 0 0
130 146 56 21764.8 0 0
130 140 56 21769.1 0 0
130 134 56 21773.3 0 0
130 133 56 21777.5 0 0
132 132 56 21781.7 0 0
131 130 56 21785.9 0 0
133 133 56 21790.1 0 0
130 131 56 21794.3 0 0
132 131 56 21798.5 0 0
134 130 56 21802.8 0 0
134 127 56 21807 0 0
133 133 57 21811.2 0 0
130 134 57 21815.4 0 0
135 130 56 21819.6 0 0
129 132 57 21823.9 0 0
132 129 57 21828.1 0 0
130 131 56 21832.3 0 0
128 134 57 21836.5 0 0
130 129 56 21840.7 0 0
133 130 56 21844.9 0 0
129 131 56 21849.2 0 0
131 131 57 21853.4 0 0
133 128 56 21857.6 0 0
134 129 57 21861.8 0 0
133 127 56 21866 0 0
134 128 56 21870.2 0 0
134 130 57 21874.4 0 0
130 130 56 21878.7 0 0
131 126 56 21882.9 0 0
130 129 56 21887.1 0 0
134 132 57 21891.3 0 0
133 129 56 21895.5 0 0
134 130 56 21899.7 0 0
131 129 56 21903.9 0 0
132 129 56 21908.1 0 0
131 129 57 21912.4 0 0
130 129 56 21916.6 0 0
134 126 56 21920.8 0 0
129 128 56 21925 0 0
133 128 56 21929.2 0 0
131 127 56 21933.5 0 0
132 129 57 21937.7 0 0
131 129 56 21941.9 0 0
131 129 56 21946.2 0 0
133 125 56 21950.4 0 0
128 129 56 21954.6 0 0
134 129 57 21958.8 0 0
128 129 56 21963 0 0
129 131 56 21967.2 0 0
128 129 56 21971.4 0 0
132 128 56 21975.6 0 0
133 129 57 21979.9 0 0
129 129 56 21984.1 0 0
131 130 56 21988.3 0 0
133 127 56 21992.5 0 0
130 129 56 21996.7 0 0
131 131 56 22001 0 0
133 129 56 22005.2 0 0
131 128 56 22009.4 0 0
