22215.5,130,143
22219.7,129,142
22228.1,126,142
22240.8,128,146
22257.7,130,139
22261.9,125,145
22270.3,130,139
22278.8,126,146
22283.2,128,146
22287.4,127,145
22291.6,129,143
22295.8,129,143
22300,124,143
22304.2,120,148
22308.5,126,143
22312.7,128,143
22321.1,124,144
22325.3,126,140
22329.5,128,140
22334,127,143
22338.2,127,145
22342.4,127,147
22346.6,125,145
22350.8,124,147
22355.1,125,143
22359.3,126,143
22363.5,127,145
22367.7,121,140
22376.2,127,141
22380.4,130,140
22384.6,129,143
22388.8,126,141
22393,125,144
22397.2,126,144
22401.4,128,146
22405.7,130,143
22409.9,129,143
22414.1,129,143
22426.7,129,138
22431,129,142
22435.2,130,141
22439.4,128,142
22443.6,130,143
22447.8,54,93
22452,124,142
22460.5,129,145
22464.7,121,146
22469,126,147
22473.2,126,147
22477.4,126,147
22481.6,126,147
22485.8,126,147
22490,126,147
22494.2,109,109
22498.9,109,109
22503.1,109,109
22507.3,109,109
22511.5,109,109
22515.7,109,109
22519.9,79,86
22524.1,85,82
22528.3,92,84
22532.6,91,84
22536.8,90,82
22541,93,83
22545.2,91,82
22549.4,91,82
22553.6,90,85
22557.8,90,85
22562.1,89,82
22566.3,92,85
22570.5,87,86
22574.7,90,85
22579,87,84
22583.5,91,83
22587.8,87,85
22592,87,85
22596.3,87,84
22600.5,88,83
22604.7,91,82
22608.9,92,81
22613.1,87,83
22617.3,89,81
22621.6,88,87
22625.8,88,82
22630,87,87
22634.2,92,80
22638.4,87,85
22642.6,85,85
22646.8,89,84
22651,87,85
22655.3,89,86
22659.5,86,87
22663.7,87,85
22668,87,84
22672.1,87,87
22676.4,85,86
22680.6,87,84
22684.8,89,86
22689,84,85
22693.2,88,83
22697.4,83,83
22701.7,87,85
22706,92,84
22710.2,88,83
22714.4,88,83
22718.6,86,81
22722.8,86,81
22727,86,83
22731.2,88,83
22735.4,85,86
22739.7,88,85
22743.9,88,84
22748.1,83,84
22752.3,85,85
22756.5,85,85
22760.7,85,90
22764.9,87,84
22769.1,90,84
22773.3,86,84
22777.5,87,85
22781.8,87,85
22786,89,83
22790.2,85,85
22794.4,85,85
22798.6,86,86
22802.8,82,82
22807,86,87
22811.2,88,86
22815.5,86,84
22819.7,83,87
22823.8,89,90
22828,89,90
22832.2,89,90
22836.5,89,90
22840.7,78,91
22845,78,91
22849.3,78,91
22853.5,85,87
22857.7,86,86
22861.9,86,86
22866.1,86,86
22870.3,55,46
22874.5,50,49
22878.8,46,52
22883,40,57
22887.2,33,46
22891.4,32,49
22895.6,36,50
22899.8,34,45
22904,38,45
22908.3,38,49
22912.5,36,48
22916.7,38,53
22920.9,39,51
22925.1,38,50
22929.3,39,45
22933.5,38,55
22937.8,39,51
22942,36,51
22946.2,36,50
22950.4,37,53
22954.6,34,46
22958.8,39,49
22963,38,50
22967.5,39,54
22971.7,39,54
22975.9,36,51
22980.1,36,51
22984.3,36,51
22988.5,37,52
22992.8,37,51
22997,37,52
23001.2,38,49
23005.4,39,47
23009.6,37,52
23013.8,38,50
23018,38,46
23022.2,39,50
23026.5,37,48
23030.7,38,49
23034.9,36,51
23039.1,39,47
23043.3,39,47
23047.5,39,47
23056.4,39,47
23060.7,37,50
23064.9,37,50
23069.1,39,56
23073.3,39,56
23077.5,39,56
23081.7,39,56
23085.9,39,56
23090.1,39,56
23094.3,39,56
23098.6,39,56
23102.8,39,56
23107,39,56
23111.2,39,56
23115.5,39,56
23119.7,39,56
23124,39,56
23128.2,39,56
23132.5,39,56
23136.7,39,56
23140.8,39,56
23145.1,39,56
23149.3,39,56
23153.5,39,56
23157.8,39,56
23162,39,56
23166.2,39,56
23170.3,39,56
23174.5,39,56
23178.8,39,56
23183,39,56
23187.2,39,56
23191.4,39,56
23195.6,39,56
23199.8,39,56
23204,39,56
23208.3,39,56
23212.5,39,56
23216.7,39,56
23220.9,39,56
23225.1,39,56
23229.3,39,56
23233.5,39,56
23237.7,39,56
23242,39,56
23246.2,39,56
23250.4,39,56
23254.6,39,56
23258.8,39,56
23263,39,56
23267.2,39,56
23440.1,125,152
23461.1,123,125
23465.4,123,125
23469.6,123,125
23473.8,120,135
23478,120,135
23482.2,124,137
23486.4,120,140
23490.6,123,136
23494.8,122,135
23499.1,124,139
23503.3,126,138
23507.5,122,143
23511.7,118,140
23515.9,124,137
23520.1,121,142
23524.3,123,144
23528.6,124,146
23533,123,147
23537.2,122,149
23541.4,124,142
23545.6,120,145
23549.8,122,145
23554.1,124,145
23558.3,124,145
23562.5,124,145
23566.7,124,145
23570.9,124,145
23575.1,124,145
23579.3,124,145
23583.5,124,145
23587.8,124,145
23592,124,145
23596.2,124,145
23600.4,124,145
23604.6,124,145
23608.8,124,145
23613.1,124,145
23617.3,124,145
23621.6,124,145
23625.8,124,145
23630,124,145
23634.2,124,145
23638.4,124,145
23642.6,124,145
23646.8,124,145
23651,124,145
23655.2,124,145
23659.5,124,145
23663.7,124,145
23667.8,124,145
23672,124,145
23676.3,124,145
23680.5,124,145
23684.7,124,145
23688.9,124,145
23693.2,124,145
23697.4,124,145
23701.5,124,145
23705.8,124,145
23710,124,145
23714.2,124,145
23718.4,124,145
23722.6,124,145
23726.8,124,145
23731,124,145
23737.1,124,145
23741.3,124,145
23745.6,124,145
23749.8,124,145
23754,124,145
23796.2,201,79
23800.4,205,80
23804.6,218,60
23808.9,218,60
23813.1,224,48
23817.3,226,61
23821.5,226,61
23825.8,226,61
23830,226,61
23834.2,221,59
23838.4,221,59
23842.7,221,59
23847,221,59
23851.2,221,59
23855.4,221,59
23859.6,221,59
23863.8,221,59
23868,221,59
23872.2,221,59
23876.5,221,59
23880.7,221,59
23884.9,219,55
23889.1,219,55
23893.2,219,55
23897.5,219,55
23901.7,221,54
23906,221,54
23910.2,223,53
23914.4,220,54
23918.6,220,52
23922.8,220,52
23927,222,54
23931.2,222,54
23935.5,222,54
23939.7,225,55
23943.9,225,52
23948.1,224,51
23952.3,224,51
23956.5,212,72
23960.7,198,79
23964.9,198,79
23969.2,198,79
23973.4,198,79
23977.6,198,79
23981.8,198,79
23986,198,79
23990.2,198,79
23994.4,198,79
23998.6,198,79
24002.9,198,79
24007.1,198,79
24011.3,198,79
24015.5,198,79
24019.7,198,79
24023.9,198,79
24028.2,198,79
24032.4,198,79
24036.6,198,79
24040.8,198,79
24045,198,79
24049.2,198,79
24053.4,198,79
24057.6,198,79
24061.9,198,79
24066.1,198,79
24070.3,198,79
24074.5,198,79
24078.7,198,79
24082.9,198,79
24087.2,198,79
24091.4,198,79
24095.6,198,79
24099.8,198,79
24104,198,79
24108.3,198,79
24112.6,198,79
24116.8,198,79
24121.1,198,79
24125.3,198,79
24129.5,198,79
24133.7,198,79
24137.9,198,79
24142.1,198,79
24146.4,198,79
24150.6,198,79
24154.8,198,79
24159,198,79
24163.2,198,79
24842.9,174,61
24847.1,188,46
24851.4,188,41
24855.6,196,44
24859.8,198,51
24864,196,45
24868.2,199,47
24872.4,199,47
24876.6,193,49
24880.8,192,48
24885,192,44
24889.4,193,45
24893.6,194,45
24897.8,195,44
24902,194,46
24906.3,197,47
24910.5,195,46
24914.7,195,50
24918.9,194,47
24923.1,195,45
24927.3,194,44
24931.5,196,45
24935.7,197,44
24939.9,195,43
24944.1,196,46
24948.3,194,46
24952.5,196,43
24956.8,194,42
24961,197,42
24965.2,193,44
24969.4,196,46
24973.6,195,45
24977.8,196,48
24982,195,44
24986.2,194,42
24990.4,193,47
24994.6,193,45
24998.8,194,49
25003.1,194,44
25007.3,193,42
25011.5,193,47
25015.7,195,47
25019.9,195,44
25024.1,195,45
25028.3,195,46
25032.6,193,43
25036.8,197,44
25041,190,41
25045.2,190,47
25049.4,189,61
25054,173,68
25061.5,173,68
25065.8,157,105
25070,157,105
25074.2,157,105
25078.4,157,105
25082.7,157,105
25086.9,157,105
25091.1,157,105
25095.4,157,105
25099.6,157,105
25103.8,157,105
25108,157,105
25112.5,157,105
25116.7,157,105
25121,157,105
25125.2,157,105
25129.4,157,105
25133.6,157,105
25137.8,157,105
25142,157,105
25146.2,157,105
25150.4,157,105
25157.5,157,105
25161.7,157,105
25165.9,157,105
25170.1,157,105
25174.3,157,105
25178.5,157,105
25182.7,157,105
25186.9,157,105
25191.2,157,105
25195.4,157,105
25199.6,157,105
25203.8,157,105
25208,157,105
25212.2,157,105
25216.4,157,105
25220.7,157,105
25224.9,157,105
25229.1,157,105
25233.3,157,105
25237.5,157,105
25241.7,157,105
25246,157,105
25250.2,157,105
25257.4,157,105
26018.6,178,64
26022.8,202,61
26027.8,199,44
26032.1,206,54
26036.3,207,55
26040.5,203,49
26044.7,200,50
26048.9,200,50
26053.1,200,51
26057.3,201,47
26061.6,201,47
26065.8,201,47
26070,199,45
26074.2,199,45
26078.4,200,47
26082.6,200,49
26087,200,49
26091.2,198,48
26095.5,198,48
26099.8,198,47
26104,199,51
26108.2,195,46
26115.2,196,46
26119.5,198,47
26123.7,200,48
26127.9,200,48
26132.1,199,51
26136.3,199,49
26140.5,203,46
26144.7,199,49
26148.9,199,48
26153.2,200,48
26157.4,199,48
26161.6,196,46
26165.8,196,46
26170,196,47
26174.2,201,49
26178.5,199,49
26182.7,202,46
26186.9,202,44
26191.2,202,44
26195.4,202,44
26199.6,202,48
26203.8,200,49
26210.7,201,49
26215.1,201,47
26219.3,201,47
26223.5,198,47
26227.8,196,53
26232,198,53
26236.2,196,47
26240.4,202,47
26244.6,201,44
26248.8,201,45
26253,203,53
26257.2,203,49
26261.4,200,50
26265.6,200,50
26269.8,204,46
26274,204,46
26278.3,204,46
26282.5,204,46
26286.7,204,46
26290.9,199,45
26295.1,198,46
26299.3,200,47
26303.5,198,47
26307.7,194,52
26312.3,197,46
26316.5,202,51
26323.3,206,49
26327.5,206,49
26331.7,202,49
26335.9,200,46
26340.1,204,49
26344.3,204,49
26348.5,203,51
26352.7,203,48
26356.9,202,48
26361.1,205,53
26365.4,205,53
26369.6,205,53
26373.8,205,53
26378,203,54
26382.2,206,51
26386.4,206,51
26390.6,206,47
26394.9,206,47
26399.1,199,57
26403.3,199,57
26407.5,199,57
26411.8,204,48
26416,204,48
26420.2,208,46
26424.4,208,46
26428.6,208,46
26432.8,208,46
26439.7,208,46
26443.9,208,46
26448.1,208,46
26452.3,208,46
26456.6,203,46
26460.8,203,46
26465,203,46
26469.3,203,46
26473.5,207,45
26477.7,210,38
26481.9,210,38
26486.1,210,38
26490.3,210,38
26494.5,210,38
26499.1,210,38
26503.3,210,38
26507.5,252,77
26511.7,252,77
26515.9,252,77
26520.2,249,62
26524.5,251,64
26528.7,251,64
26534,251,64
26538.3,251,64
26542.5,251,64
26546.7,251,64
26550.9,251,64
26555.1,251,64
26559.4,251,64
26563.6,251,64
26567.8,251,64
26572,251,64
26576.2,251,64
26580.4,251,64
26584.6,251,64
26588.9,251,64
26593.1,251,64
26597.4,251,64
26601.6,251,64
26605.8,251,64
26610,251,64
26614.4,251,64
26618.7,251,64
26623,251,64
26627.2,251,64
26631.4,251,64
26635.6,251,64
26639.8,251,64
26644,251,64
26648.2,251,64
26652.5,176,36
26656.7,162,31
26660.9,158,42
26665.1,158,42
26669.3,124,40
26673.5,124,40
26677.8,124,40
26682,124,40
26686.2,81,20
26690.4,87,35
26694.6,90,33
26698.8,92,32
26703,94,32
26707.2,96,33
26711.4,94,34
26715.7,95,31
26719.9,93,33
26724.1,96,31
26728.3,97,38
26732.5,96,35
26736.7,95,37
26740.9,94,35
26745.1,93,34
26749.4,94,37
26753.6,94,42
26757.8,92,37
26762,94,39
26766.2,92,40
26770.4,92,42
26774.6,92,36
26778.9,91,38
26783.1,93,41
26787.3,91,34
26791.5,91,36
26795.7,91,37
26799.9,91,32
26804.1,91,40
26808.4,91,36
26812.6,91,34
26816.8,89,43
26821,90,36
26825.2,90,37
26829.4,91,36
26833.6,90,37
26837.8,89,34
26842,91,39
26846.3,89,34
26850.5,90,39
26854.7,89,34
26858.9,90,32
26863.1,92,38
26867.3,90,32
26871.6,89,36
26875.8,91,33
26880,89,34
26884.2,89,38
26888.4,91,40
26892.6,89,36
26896.8,89,40
26901,92,37
26905.3,88,36
26909.5,89,36
26913.7,90,34
26918.5,89,33
26922.8,90,37
26927,91,71
26931.2,87,24
26935.4,86,24
26939.6,74,26
26943.8,69,39
26948,62,46
26952.2,61,45
26956.5,59,38
26960.7,60,42
26964.9,60,46
26969.2,62,41
26973.4,62,39
26977.6,60,41
26981.8,62,38
26986,62,43
26990.2,61,42
26994.4,61,39
26998.6,58,43
27002.8,62,36
27007,59,37
27011.2,61,36
27015.5,61,37
27019.7,59,41
27026.6,59,39
27030.8,60,37
27035.1,59,38
27039.3,59,37
27043.5,58,38
27047.7,60,38
27062.8,57,33
27067,58,33
27072.5,56,38
27082.7,50,55
27086.9,33,61
27093.3,33,61
27097.5,38,56
27101.8,38,56
27106,41,54
27110.2,42,50
27114.6,39,55
27118.8,38,56
27123.1,38,55
27127.3,39,57
27131.5,37,56
27135.7,38,57
27139.9,36,56
27144.1,37,57
27148.3,40,57
27152.6,40,53
27156.8,38,58
27161,38,58
27165.2,36,57
27169.4,39,56
27173.6,37,54
27180.7,37,52
27188.9,35,57
27197.4,35,52
27205.6,32,57
27213.9,32,57
27221.5,33,56
27225.8,34,56
27230.6,38,55
27234.9,35,58
27239.1,36,56
27243.3,36,52
27247.5,36,57
27251.8,34,54
27256,35,56
27260.2,36,56
27264.7,35,60
27268.9,36,52
27273.2,34,57
27277.4,37,54
27281.6,37,56
27285.8,38,54
27290,37,53
27294.2,36,53
27298.4,36,51
27302.7,35,52
27306.9,36,54
27313.8,37,56
27322.3,37,52
27330.5,36,55
27338.8,36,55
27346.6,37,56
27350.8,36,53
27355.5,35,53
27359.7,33,48
27363.9,37,58
27368.1,38,55
27372.4,38,53
27376.6,38,53
27380.8,39,52
27385,38,52
27389.2,36,53
27393.4,36,53
27397.6,37,55
27401.9,38,50
27406.1,37,56
27410.3,40,52
27414.5,39,53
27418.7,37,58
27422.9,38,59
27427.1,38,53
27431.3,38,56
27435.6,36,56
27439.8,39,57
27444,39,55
27448.2,39,54
27452.4,38,51
27456.7,36,55
27460.9,36,59
27465.1,34,59
27469.3,46,52
27476.4,46,52
27480.6,46,52
27484.8,46,52
27489,46,52
27493.2,46,52
27497.4,46,52
27501.7,46,52
27505.9,46,52
27510,46,52
27514.3,46,52
27518.5,46,52
27522.7,46,52
27526.9,46,52
27531.2,46,52
27535.5,46,52
27539.7,46,52
27543.8,46,52
27548,46,52
27552.3,46,52
27556.6,46,52
27560.8,46,52
27565.3,46,52
27569.5,46,52
27573.7,46,52
27577.9,46,52
27582.2,46,52
27586.4,46,52
27590.6,46,52
27594.8,46,52
27599,46,52
27603.2,46,52
27607.4,46,52
27611.6,46,52
27616.1,46,52
27620.3,46,52
27624.5,46,52
27628.8,46,52
27633,46,52
27637.2,46,52
27641.4,46,52
27645.6,46,52
27649.8,46,52
27654,46,52
27658.2,46,52
27662.5,46,52
27666.7,46,52
27670.8,46,52
27675.1,46,52
27855.2,83,82
27859.4,83,82
27863.6,83,82
27867.8,83,82
27872.1,83,82
27876.3,83,82
27880.5,83,82
27884.7,83,82
27888.9,83,82
27893.1,83,82
27897.3,88,89
27901.5,88,89
27905.7,88,89
27910,88,89
27914.2,88,89
27918.4,88,89
27922.6,88,89
27926.8,88,89
27931,88,89
27935.2,88,89
27939.4,88,89
27943.6,88,89
27950.4,88,89
27954.7,88,89
27959,88,89
27963.2,88,89
27967.4,88,89
27971.6,88,89
27975.8,88,89
27980,88,89
27984.2,88,89
27988.4,88,89
27992.6,88,89
27996.8,88,89
28001,88,89
28005.2,88,89
28009.4,88,89
28013.6,88,89
28017.8,88,89
28022,88,89
28026.3,88,89
28030.5,88,89
28034.7,88,89
28038.9,88,89
28043.1,88,89
28047.3,88,89
28051.5,88,89
28055.7,88,89
28060,88,89
28064.2,88,89
28071.3,88,89
28079.5,88,89
28087.8,88,89
28472,86,254
28476.2,86,254
28480.4,71,266
28484.6,71,266
28488.8,70,274
28493,69,275
28497.3,90,260
28501.5,90,260
28505.7,90,260
28509.9,71,274
28514.1,71,274
28518.3,71,274
28522.5,71,274
28526.8,71,274
28531,71,274
28535.2,71,274
28539.4,71,274
28543.6,71,274
28547.8,71,274
28552,71,274
28556.3,71,274
28560.5,71,274
28564.7,71,274
28568.9,71,274
28573.1,71,274
28577.3,71,274
28581.6,71,274
28585.8,71,274
28590,71,274
28594.3,71,274
28598.5,71,274
28602.7,71,274
28606.9,71,274
28611.1,71,274
28615.7,71,274
28619.9,71,274
28624.1,71,274
28628.3,71,274
28632.5,71,274
28636.7,71,274
28641,71,274
28645.2,71,274
28649.4,71,274
28653.6,71,274
28657.9,71,274
28662.1,71,274
28666.3,71,274
28670.5,71,274
28674.7,71,274
28678.9,71,274
28683.1,71,274
28687.4,71,274
28691.6,71,274
28695.8,71,274
28700,71,274
28704.2,71,274
28708.5,71,274
28712.7,71,274
29562.7,194,42
29566.9,190,39
29571.2,190,39
29575.3,190,39
29579.5,189,33
29583.8,189,33
29588,189,33
29592.2,187,36
29596.4,187,36
29600.6,187,36
29604.8,187,36
29609,185,41
29613.5,187,42
29620,187,42
29625.4,187,44
29629.6,187,44
29633.8,187,44
29640.7,189,41
29649.2,189,41
29657.7,189,41
29665.9,187,39
29674.4,188,41
29682.7,188,41
29690.3,191,41
29694.5,186,41
29699.4,186,41
29703.6,189,43
29707.8,187,38
29712,185,40
29716.2,186,38
29720.5,188,40
29724.7,187,41
29728.9,187,42
29733.1,188,42
29737.3,185,42
29741.5,187,42
29745.8,187,42
29750,185,39
29754.2,187,41
29758.4,189,44
29762.6,189,44
29766.8,188,41
29771,189,45
29775.2,188,41
29779.5,188,41
29783.7,190,43
29787.9,188,42
29792.1,189,41
29796.3,188,39
29800.5,186,40
29804.7,185,44
29809,185,44
29815.3,190,39
29819.5,188,42
29823.7,189,46
29827.9,184,45
29832.1,187,39
29836.3,189,40
29840.5,192,40
29844.8,190,38
29849,190,38
29853.2,200,40
29857.5,201,39
29861.7,201,39
29865.9,201,39
29870.1,201,39
29874.3,201,39
29878.5,201,39
29882.8,201,39
29887,201,39
29891.2,201,39
29895.4,201,39
29899.6,201,39
29903.8,201,39
29908,201,39
29912.2,201,39
29916.4,201,39
29920.6,201,39
29924.8,201,39
29929.1,201,39
29933.3,201,39
29937.5,201,39
29941.7,201,39
29945.9,201,39
29950.1,201,39
29954.3,201,39
29958.5,201,39
29962.8,201,39
29967.2,201,39
29971.4,201,39
29975.6,201,39
29979.8,201,39
29984,201,39
29988.2,201,39
29992.4,201,39
29996.6,201,39
30000.8,201,39
30005,201,39
30009.2,201,39
30013.5,201,39
30017.6,201,39
30021.9,201,39
30026.1,201,39
30030.3,201,39
30034.6,201,39
30038.8,201,39
30043,201,39
30047.2,201,39
30051.4,201,39
30055.6,201,39
31383.8,236,67
31388,231,64
31392.2,225,58
31396.7,225,58
31400.9,225,58
31405.2,228,56
31409.4,224,62
31413.6,224,62
31417.8,222,55
31422,225,59
31426.2,225,59
31430.5,224,58
31434.7,226,56
31438.9,222,58
31443.1,223,62
31447.3,223,62
31451.5,224,63
31455.7,221,58
31459.9,223,61
31464.2,228,58
31468.4,228,58
31472.6,228,58
31476.9,223,59
31481.1,225,59
31485.3,225,59
31489.5,226,58
31493.7,219,56
31497.9,219,56
31502.1,219,56
31506.3,219,56
31510.5,221,50
31514.7,227,65
31519,226,64
31523.2,225,65
31527.5,225,65
31531.7,223,62
31535.9,221,61
31540.1,223,65
31544.3,225,60
31548.5,221,60
31552.7,223,66
31556.9,223,61
31561.2,223,61
31565.5,226,63
31569.7,224,64
31573.9,224,64
31578.1,224,59
31582.3,219,60
31586.5,227,56
31590.7,223,56
31595,223,59
31599.2,226,60
31603.4,224,59
31607.6,225,65
31611.8,225,63
31616,225,60
31620.2,226,60
31624.4,229,57
31628.6,226,58
31632.8,226,58
31637,222,59
31641.2,223,58
31645.5,225,57
31649.7,227,60
31653.9,227,60
31658.1,227,60
31662.4,229,60
31666.6,229,60
31670.8,229,60
31675,229,60
31679.2,232,63
31683.4,235,60
31687.7,228,59
31691.9,233,59
31696.1,234,60
31700.3,229,57
31704.5,232,60
31708.7,235,59
31712.9,231,61
31717.1,231,61
31721.3,236,62
31725.5,236,62
31729.8,232,60
31734,235,61
31738.2,234,67
31742.4,236,60
31746.6,235,62
31750.8,236,60
31755,233,61
31759.2,237,66
31763.5,236,64
31767.6,236,64
31771.9,232,57
31776.1,227,54
31780.3,227,54
31784.5,227,54
31788.7,227,54
31792.9,227,54
31797.1,227,54
31801.3,227,54
31805.5,227,54
31809.8,227,54
31814,227,54
31818.2,227,54
31822.4,227,54
31826.6,227,54
31830.8,227,54
31835,227,54
31839.2,227,54
31843.5,227,54
31847.7,227,54
31851.9,227,54
31856.1,227,54
31860.3,227,54
31864.6,227,54
31868.8,227,54
31873,227,54
31877.2,227,54
31881.4,227,54
31885.6,227,54
31889.8,227,54
31894,227,54
31898.3,227,54
31902.5,227,54
31906.7,227,54
31911,227,54
31915.2,227,54
31919.4,227,54
31923.6,227,54
31927.8,227,54
31932,227,54
31936.2,227,54
31940.5,227,54
31944.7,227,54
31948.9,227,54
31953.1,227,54
31957.3,227,54
31961.5,227,54
31965.8,227,54
31970,227,54
31974.2,227,54
32330.7,186,82
32334.9,190,76
32339.1,190,76
32343.3,200,41
32347.5,200,45
32351.8,181,50
32356,181,50
32360.2,181,50
32364.4,181,50
32368.6,181,50
32372.9,181,50
32377.1,181,50
32381.3,181,50
32385.5,181,50
32389.7,181,50
32393.9,181,50
32398.1,181,50
32402.3,181,50
32409.1,181,50
32413.3,181,50
32417.6,181,50
32421.8,181,50
32426,192,52
32430.2,192,53
32434.4,196,55
32438.6,193,50
32442.8,193,50
32447,193,50
32451.2,198,46
32455.4,192,48
32459.7,195,44
32463.9,193,49
32468.1,194,46
32472.3,194,46
32476.5,194,46
32480.8,194,46
32485,192,46
32489.2,191,45
32493.4,191,47
32497.6,194,46
32501.8,192,47
32506,194,44
32510.2,192,44
32514.4,194,46
32518.7,194,47
32522.9,195,45
32527.1,188,48
32531.3,191,49
32535.5,193,43
32539.7,192,45
32543.9,191,51
32548.1,193,48
32552.3,194,46
32556.6,190,48
32560.8,189,46
32565,196,45
32569.2,189,50
32573.4,192,48
32577.6,192,49
32581.9,192,45
32586.1,189,44
32590.3,193,46
32594.8,188,42
32599,192,51
32603.2,190,49
32607.4,190,54
32611.6,194,52
32615.8,188,47
32620.1,185,46
32624.3,190,53
32628.5,191,47
32632.7,191,49
32636.9,192,51
32641.1,188,52
32645.5,193,46
32649.7,190,48
32653.9,188,50
32658.2,189,48
32662.4,192,47
32666.6,190,46
32670.8,192,50
32675,188,40
32679.2,191,45
32683.5,193,38
32687.7,193,38
32691.9,193,38
32696.1,193,38
32700.3,193,38
32704.5,193,38
32708.7,193,38
32713,193,38
32717.2,193,38
32721.4,193,38
32725.6,193,38
32729.8,193,38
32734,193,38
32738.2,193,38
32742.4,193,38
32746.6,193,38
32750.9,193,38
32755.1,193,38
32759.3,193,38
32763.5,193,38
32767.7,193,38
32771.9,193,38
32776.1,193,38
32781.3,193,38
32785.5,193,38
32789.7,193,38
32793.9,193,38
32798.1,193,38
32802.3,193,38
32806.5,193,38
32810.7,193,38
32815,193,38
32819.2,193,38
32823.4,193,38
32827.6,193,38
32831.8,193,38
32836,193,38
32840.5,193,38
32844.8,193,38
32849,193,38
32853.2,193,38
32857.4,193,38
32861.6,193,38
32865.8,193,38
32870,193,38
32874.4,193,38
32878.6,193,38
32882.8,193,38
33058.8,126,108
33063,126,108
33067.2,126,108
33071.4,126,108
33075.6,126,108
33079.8,126,108
33084,126,108
33088.2,126,108
33092.5,126,108
33096.7,126,108
33100.9,126,108
33105.1,126,108
33109.3,126,108
33113.6,126,108
33117.8,126,108
33122,126,108
33126.2,126,108
33130.4,126,108
33134.6,126,108
33138.8,126,108
33143,126,108
33150.2,126,108
33158.5,126,108
33166.9,126,108
33174.7,126,108
33178.9,126,108
33183.4,126,108
33187.7,126,108
33191.9,126,108
33196.1,126,108
33200.3,126,108
33204.5,126,108
33208.8,126,108
33213,126,108
33217.2,126,108
33221.4,126,108
33225.6,126,108
33229.8,126,108
33234,126,108
33238.2,126,108
33242.4,126,108
33246.6,126,108
33250.9,126,108
33255.1,126,108
33908.3,86,89
33912.6,86,89
33916.8,74,60
33921,75,71
33925.2,78,71
33929.4,83,58
33933.6,85,65
33937.8,85,67
33942.1,83,68
33946.2,83,76
33950.5,77,84
33954.7,79,79
33958.9,75,78
33963.1,81,82
33967.3,78,82
33971.7,76,82
33975.9,76,82
33982.6,76,85
33986.9,76,80
33991.1,77,84
33995.4,77,83
33999.6,78,82
34003.8,86,77
34008,85,73
34012.2,85,73
34016.4,80,67
34020.6,87,73
34024.8,78,62
34029.1,88,72
34033.3,76,63
34037.5,76,83
34041.7,76,86
34045.9,76,82
34050.1,83,70
34054.3,86,77
34058.5,85,73
34062.8,84,74
34067,76,83
34071.2,89,74
34075.4,89,74
34079.6,78,82
34083.8,79,82
34088,80,82
34092.2,74,82
34096.5,78,84
34100.7,82,85
34104.9,84,73
34111.8,87,75
34116,84,74
34120.2,82,75
34124.4,88,78
34128.7,88,70
34132.9,85,73
34137.1,86,71
34141.3,85,74
34145.6,83,78
34149.8,85,77
34154,86,74
34158.2,84,75
34162.5,85,73
34166.7,85,78
34170.9,88,68
34175.2,88,68
34179.4,88,68
34183.7,87,71
34187.9,87,73
34192.1,87,68
34196.3,87,73
34200.5,86,68
34204.7,88,68
34211.6,85,71
34219.9,73,57
34228.4,83,66
34236.6,85,74
34245.1,85,74
34252.8,78,69
34257,88,72
34261.6,85,70
34265.8,75,57
34270,83,67
34274.2,85,70
34278.5,87,71
34282.7,88,65
34286.9,88,70
34291.1,85,64
34295.3,76,56
34299.5,84,67
34303.7,83,61
34308,83,60
34312.2,78,61
34316.4,88,82
34320.6,88,82
34324.8,84,43
34329,84,43
34333.2,84,43
34337.4,84,43
34344.3,84,43
34348.6,84,43
34352.8,84,43
34357,84,43
34361.2,84,43
34365.4,84,43
34369.6,84,43
34373.9,84,43
34378.1,84,43
34382.3,84,43
34386.5,84,43
34390.7,84,43
34395,84,43
34399.3,84,43
34403.5,84,43
34407.7,84,43
34411.9,84,43
34416.1,84,43
34420.3,84,43
34424.5,84,43
34428.8,84,43
34433,84,43
34437.2,84,43
34441.4,84,43
34448.5,84,43
34455.9,84,43
34460.2,84,43
34465.4,84,43
34469.7,84,43
34473.9,84,43
34478.1,84,43
34482.3,84,43
34486.5,84,43
34490.7,84,43
34494.9,84,43
34499.1,84,43
34503.3,84,43
34507.6,84,43
34511.8,84,43
34515.9,84,43
34520.2,84,43
34524.4,84,43
34720.6,26,76
34724.8,32,49
34729,37,58
34733.2,37,58
34737.4,37,58
34741.7,37,58
34746,37,58
34750.2,37,58
34757.1,37,58
34761.3,37,58
34765.5,37,58
34769.8,37,58
34774,37,58
34778.2,37,58
34782.4,37,58
34786.6,37,58
34790.8,37,58
34795,37,58
34799.2,37,58
34803.5,37,58
34807.7,37,58
34811.9,37,58
34816.1,37,58
34820.3,37,58
34824.5,35,61
34828.7,35,61
34832.9,35,61
34837.2,35,61
34841.4,37,59
34845.6,37,59
34849.8,39,54
34854.1,41,58
34861.2,37,50
34869.5,37,54
34877.7,41,56
34886.2,41,56
34893.5,43,53
34897.8,43,56
34902.7,43,49
34906.9,40,51
34911.2,40,53
34915.4,40,53
34919.6,42,54
34923.8,39,54
34928,40,54
34932.2,40,54
34936.4,40,55
34940.8,39,57
34945,41,55
34949.2,42,55
34953.4,25,29
34957.6,25,29
34961.8,42,53
34966,38,56
34970.2,40,52
34974.4,34,51
34978.7,36,63
34982.8,36,58
34987.1,32,58
34991.3,32,58
34995.5,32,58
34999.7,32,58
35006.6,32,58
35010.8,32,58
35015,32,58
35019.2,32,58
35023.6,32,58
35027.8,32,58
35032,32,58
35036.2,32,58
35040.4,32,58
35044.6,32,58
35051.4,32,58
35058.1,32,58
35062.5,32,58
35069.1,32,58
35073.3,32,58
35077.5,32,58
35081.7,32,58
35085.9,32,58
35090.2,32,58
35094.4,32,58
35098.6,32,58
35102.8,32,58
35107,32,58
35111.2,32,58
35115.4,32,58
35119.6,32,58
35124.2,32,58
35128.4,32,58
35132.6,32,58
35136.8,32,58
35143.4,32,58
35147.7,32,58
35152.2,32,58
35156.5,32,58
35160.7,32,58
35164.9,32,58
35169.1,32,58
35173.3,32,58
35177.6,32,58
35181.8,32,58
35186.6,32,58
35867.3,50,45
35871.6,48,49
35875.8,41,39
35880,39,50
35884.2,32,57
35888.4,35,61
35892.6,34,60
35896.8,36,61
35901,38,62
35905.2,35,55
35909.5,35,55
35913.7,35,61
35918,32,63
35922.2,37,59
35926.4,34,57
35930.6,32,59
35934.8,33,57
35939.1,31,63
35943.3,34,60
35947.5,33,65
35951.7,34,54
35955.9,35,59
35960.2,35,59
35964.4,35,59
35968.6,34,59
35972.8,33,58
35977,34,65
35981.2,33,61
35985.4,32,62
35989.7,34,59
35993.9,35,61
35998.3,33,60
36002.5,33,60
36006.7,34,61
36010.9,38,63
36015.1,36,60
36019.3,34,65
36023.5,37,63
36027.8,33,61
36032,34,62
36036.2,34,62
36040.4,33,60
36044.6,34,65
36048.8,33,64
36053.1,35,61
36060.1,37,63
36064.3,38,64
36068.5,33,63
36072.7,36,62
36077.1,36,66
36081.3,33,61
36085.5,34,63
36089.8,32,67
36094,32,67
36098.2,34,69
36102.4,36,67
36106.6,36,67
36110.8,34,64
36115,36,63
36119.2,33,61
36123.9,37,58
36128.1,36,61
36135,39,56
36139.2,48,50
36143.4,57,28
36147.6,57,28
36151.8,57,28
36156,57,28
36160.4,57,28
36164.6,57,28
36168.8,57,28
36173,57,28
36177.2,57,28
36181.4,57,28
36185.7,57,28
36189.9,57,28
36194.1,57,28
36198.3,57,28
36202.5,57,28
36206.7,57,28
36210.9,57,28
36215.1,57,28
36219.4,57,28
36226.4,57,28
36234.9,57,28
36243.1,57,28
36251.4,57,28
36259.8,57,28
36267.9,57,28
36276.3,57,28
36284.1,57,28
36288.3,57,28
36293.1,57,28
36297.3,57,28
36301.5,57,28
36305.7,57,28
36309.9,57,28
36314.1,57,28
36318.3,57,28
36322.6,57,28
36326.8,77,126
36331,77,126
36335.2,77,126
36339.5,77,126
36343.7,77,126
36347.9,77,126
36354.8,77,126
36362.2,77,126
36366.4,77,126
36371.8,77,126
36376,77,126
36380.2,77,126
36384.5,77,126
36388.7,77,126
36392.9,77,126
36397.1,77,126
36401.3,77,126
36405.5,77,126
36409.7,77,126
36414,77,126
36418.2,77,126
36422.4,77,126
36426.6,77,126
36430.8,77,126
36435.1,77,126
36439.3,77,126
36443.5,77,126
36447.7,77,126
36451.9,77,126
36456.1,77,126
36460.3,77,126
36464.6,77,126
36468.8,77,126
36473,77,126
36477.2,77,126
36481.4,77,126
36485.6,77,126
36489.8,77,126
36494,77,126
36501.1,77,126
36505.3,77,126
36509.5,77,126
36513.8,77,126
36517.9,77,126
36522.2,77,126
36526.4,77,126
39336.7,127,159
39349.4,128,152
39353.6,129,153
39357.8,128,153
39362,128,152
39366.2,129,155
39387.3,127,157
39391.5,129,157
39395.7,130,155
39413.3,116,164
39417.5,128,160
39421.7,130,160
39430.1,128,160
39434.4,127,160
39438.6,128,160
39451.2,129,164
39463.9,129,163
39468.1,127,167
39472.4,129,165
39480.8,121,167
39485,120,169
39493.5,127,163
39497.7,128,164
39506.1,127,163
39510.3,128,161
39518.7,129,160
39522.9,124,163
39527.2,123,165
39531.4,130,154
39539.8,126,161
39544,128,160
39548.2,124,160
39569.7,130,157
39578.1,126,158
39582.3,126,157
39586.5,126,159
39590.7,130,155
39594.9,126,161
39603.3,129,155
39611.7,121,164
39632.8,130,164
39637,127,172
39650,126,178
39666.9,130,180
39679.5,122,187
39688,129,188
39692.2,125,192
39696.4,126,191
39700.6,126,191
39704.8,119,182
39709,119,182
39713.2,119,182
39717.5,119,182
39721.8,119,182
39726,119,182
39730.2,119,182
39734.4,119,182
39738.6,119,182
39742.8,119,182
39747,119,182
39751.2,119,182
39755.5,119,182
39759.7,119,182
39763.9,119,182
39768.1,119,182
39772.3,119,182
39776.5,119,182
39780.7,119,182
39784.9,119,182
39789.1,119,182
39793.3,119,182
39797.5,119,182
39801.8,119,182
39806,119,182
39810.2,119,182
39814.4,119,182
39818.7,119,182
39822.9,119,182
39827.1,119,182
39831.3,119,182
39835.5,119,182
39839.8,119,182
39844,119,182
39848.2,119,182
39852.4,119,182
39856.6,119,182
39860.8,119,182
39865,119,182
39869.2,119,182
39873.4,119,182
39877.7,119,182
39881.9,119,182
39886.1,119,182
39890.3,119,182
39894.5,119,182
39898.7,119,182
39902.9,119,182
39907.1,119,182
39995.9,66,225
40000.1,65,227
40004.3,61,227
40008.6,66,222
40012.8,78,183
40017,73,159
40021.2,67,218
40025.4,65,220
40029.6,63,219
40033.8,77,206
40038,69,213
40042.2,71,206
40046.4,71,208
40050.6,71,208
40054.8,67,208
40059.1,69,206
40063.3,67,213
40067.5,70,207
40071.7,68,209
40075.9,68,209
40080.1,75,212
40084.3,68,218
40088.6,66,222
40092.8,70,226
40097,48,220
40101.2,67,227
40105.4,66,230
40109.6,66,230
40113.8,66,230
40118,66,230
40122.3,66,230
40126.5,66,230
40130.7,66,230
40134.9,66,230
40139.1,66,230
40143.3,66,230
40147.5,66,230
40151.8,66,230
40156,66,230
40160.3,66,230
40286.8,32,196
40291,32,196
40295.2,34,240
40299.5,19,241
40303.7,19,241
40307.9,28,239
40312.1,30,171
40316.3,26,190
40320.5,26,199
40324.7,31,232
40328.9,9,222
40333.1,34,244
40337.4,34,239
40341.6,34,239
40345.8,32,242
40350,32,242
40354.2,30,227
40358.6,28,231
40362.8,31,236
40367,27,226
40371.2,27,226
40375.5,27,226
40379.7,25,230
40383.9,34,219
40388.1,33,212
40392.3,24,205
40396.5,28,214
40400.8,36,220
40405,28,214
40409.2,37,215
40413.5,7,184
40417.7,17,190
40421.9,38,206
40426.1,26,187
40430.3,28,212
40434.5,30,201
40438.7,36,203
40442.9,30,202
40447.2,18,177
40451.4,35,195
40455.6,11,143
40460,35,194
40464.2,28,123
40468.4,39,188
40472.7,34,186
40476.9,36,199
40481.1,31,184
40485.3,28,106
40489.5,22,128
40493.8,11,128
40498,11,123
40502.2,33,109
40506.4,40,104
40510.6,57,120
40514.8,27,104
40519.1,35,157
40523.3,29,165
40527.6,37,183
40531.8,37,183
40536,37,183
40540.2,37,183
40544.4,37,183
40548.6,37,183
40552.9,115,163
40557.1,115,163
40561.7,122,156
40568.1,118,158
40572.3,119,157
40576.5,122,156
40580.7,119,155
40585,117,158
40589.2,119,160
40593.4,119,160
40597.6,119,160
40601.8,119,160
40606,119,160
40610.2,119,160
40614.4,119,160
40618.7,119,160
40622.9,119,160
40627.1,119,160
40631.3,119,160
40635.5,119,160
40639.7,119,160
40644,119,160
40648.2,119,160
40652.4,119,160
40656.7,119,160
40660.9,119,160
40665.1,119,160
40672.2,119,160
40676.4,119,160
40680.6,119,160
40684.8,119,160
40689.1,119,160
40693.3,119,160
40697.5,119,160
40701.7,119,160
40705.9,119,160
40710.1,119,160
40714.3,119,160
40718.5,125,142
40722.8,123,145
40727,123,145
40731.2,123,142
40735.4,119,142
40739.7,117,141
40743.9,122,136
40748.1,126,139
40752.3,125,139
40756.5,117,141
40760.7,119,143
40764.9,123,133
40769.1,123,142
40773.4,115,140
40777.6,118,139
40781.8,120,141
40788.8,118,137
40793,118,137
40797.2,118,137
40801.4,118,137
40805.7,118,140
40809.9,122,139
40814.1,117,140
40818.3,122,143
40822.5,123,138
40826.7,119,140
40830.9,119,140
40835.2,115,143
40839.4,111,135
40843.7,111,135
40847.9,90,120
40852.1,82,113
40856.3,82,113
40860.5,67,110
40864.7,49,96
40868.9,38,57
40873.2,35,60
40877.4,33,59
40881.6,30,61
40885.8,31,59
40890,33,59
40894.2,32,58
40898.4,32,57
40902.6,31,58
40906.9,32,55
40911.1,30,55
40917.9,31,56
40922.2,32,57
40926.4,32,53
40930.7,33,55
40934.9,33,56
40939.1,32,55
40943.3,32,53
40947.5,31,55
40951.7,31,55
40955.9,33,54
40960.2,32,53
40964.4,33,53
40968.7,33,53
40972.9,32,53
40977.1,34,58
40981.3,31,54
40985.5,32,55
40989.7,33,59
40993.9,31,55
40998.2,32,52
41002.4,32,59
41006.6,32,54
41010.8,32,51
41015,31,55
41019.2,34,51
41026.3,32,54
41030.8,31,54
41035,33,53
41039.2,32,55
41043.4,34,54
41054.9,33,54
41059.1,33,57
41063.8,33,54
41068,33,56
41072.2,31,54
41076.4,32,53
41080.6,34,52
41084.9,33,54
41089.1,32,55
41093.4,31,57
41097.6,32,58
41101.8,32,57
41106,32,57
41110.2,30,61
41114.4,31,62
41118.6,30,62
41122.8,30,63
41127.1,30,63
41131.3,30,63
41135.5,29,60
41139.7,31,65
41143.9,30,64
41148.1,29,63
41152.3,30,65
41156.5,29,68
41163.7,37,99
41167.9,37,99
41172.1,37,99
41176.4,37,99
41180.6,37,99
41184.8,37,99
41189,37,99
41193.2,37,99
41197.4,37,99
41201.7,37,99
41205.8,37,99
41210.1,37,99
41214.3,37,99
41218.5,37,99
41222.7,37,99
41226.9,37,99
41231.1,37,99
41235.3,37,99
41242.2,37,99
41246.6,37,99
41250.9,37,99
41255.1,37,99
41259.3,37,99
41263.5,37,99
41267.7,37,99
41271.9,37,99
41276.1,37,99
41280.4,37,99
41284.7,37,99
41288.9,37,99
41293.1,37,99
41297.3,37,99
41301.6,37,99
41305.8,37,99
41310,37,99
41314.3,37,99
41318.5,37,99
41322.7,37,99
41329.6,37,99
41338.1,37,99
41346.3,37,99
41354.8,37,99
41362.3,37,99
41785,60,211
41791.9,64,181
41796.1,64,181
41800.3,60,184
41804.5,62,184
41808.8,63,215
41813,60,184
41817.2,65,183
41821.4,64,188
41825.6,66,194
41829.8,66,194
41834,66,194
41838.2,66,194
41842.4,66,194
41846.7,66,194
41850.9,66,194
41855.1,66,194
41859.3,66,194
41863.5,66,194
41867.7,66,194
41871.9,66,194
41876.2,66,194
41880.4,66,194
41884.6,66,194
41888.8,66,194
41893,66,194
41897.2,66,194
41901.4,66,194
