162 86 55 1009.78 0 0
164 92 56 1014.02 0 0
165 91 56 1018.22 0 0
168 90 56 1022.44 0 0
164 93 56 1026.64 0 0
163 89 55 1030.85 0 0
168 89 56 1038 0 0
165 84 55 1046.25 0 0
164 91 56 1054.73 0 0
166 88 55 1062.76 0 0
163 93 56 1071.25 0 0
167 85 55 1079.71 0 0
163 92 56 1087.95 0 0
164 90 56 1096.21 0 0
164 90 56 1104.67 0 0
162 92 56 1112.58 0 0
162 86 55 1116.8 0 0
164 90 56 1121.18 0 0
161 93 56 1125.38 0 0
165 87 56 1129.59 0 0
165 86 55 1133.8 0 0
162 93 56 1138.04 0 0
157 82 56 1142.27 0 0
149 89 57 1150.68 0 0
53 120 57 1154.88 0 0
141 90 57 1163.33 0 0
139 96 56 1167.55 0 0
138 94 57 1171.78 0 0
142 91 56 1175.99 0 0
141 91 57 1180.19 0 0
141 94 56 1184.39 0 0
140 92 56 1188.59 0 0
140 92 57 1192.82 0 0
143 93 56 1197.04 0 0
143 91 57 1201.29 0 0
140 92 56 1205.5 0 0
142 91 56 1209.72 0 0
141 92 56 1213.92 0 0
139 93 57 1221.07 0 0
139 93 57 1229.57 0 0
141 95 57 1237.61 0 0
139 92 57 1241.83 0 0
143 95 57 1246.06 0 0
139 91 56 1250.26 0 0
139 96 56 1254.47 0 0
141 92 57 1258.68 0 0
140 92 56 1262.93 0 0
140 97 57 1267.15 0 0
141 95 57 1271.36 0 0
142 95 57 1275.57 0 0
141 96 57 1279.77 0 0
142 90 57 1283.97 0 0
140 94 57 1288.19 0 0
138 92 57 1292.4 0 0
140 89 57 1296.65 0 0
140 101 57 1300.88 0 0
140 96 57 1305.09 0 0
141 99 57 1309.29 0 0
143 93 57 1313.49 0 0
147 93 57 1317.74 0 0
150 78 57 1321.95 0 0
156 74 57 1326.18 0 0
163 68 57 1330.39 0 0
171 61 57 1334.61 0 0
178 57 56 1338.81 0 0
183 54 56 1343.01 0 0
189 52 56 1347.22 0 0
195 48 55 1351.43 0 0
201 47 54 1355.67 0 0
208 40 54 1359.9 0 0
210 41 54 1364.11 0 0
212 41 54 1371.16 0 0
211 41 53 1375.36 0 0
208 40 53 1379.57 0 0
208 40 53 1383.78 0 0
207 41 54 1388.02 0 0
209 41 54 1392.24 0 0
207 41 54 1396.49 0 0
209 41 54 1400.69 0 0
209 42 54 1404.89 0 0
210 41 53 1409.09 0 0
210 41 53 1413.3 0 0
210 40 53 1417.53 0 0
209 41 54 1421.76 0 0
211 41 54 1425.97 0 0
210 41 54 1430.22 0 0
209 41 53 1434.43 0 0
211 41 53 1438.64 0 0
210 41 54 1442.87 0 0
209 41 54 1447.09 0 0
208 40 54 1451.32 0 0
210 41 53 1455.54 0 0
211 40 53 1459.75 0 0
210 41 54 1463.95 0 0
209 40 54 1470.82 0 0
210 41 53 1475.08 0 0
210 40 53 1479.38 0 0
211 41 53 1483.61 0 0
210 41 54 1487.83 0 0
209 41 54 1492.04 0 0
212 41 53 1496.24 0 0
210 41 53 1500.94 0 0
209 40 53 1505.16 0 0
210 41 53 1509.39 0 0
210 40 54 1513.63 0 0
210 40 53 1517.84 0 0
209 39 53 1522.06 0 0
211 40 53 1526.26 0 0
209 40 53 1530.47 0 0
210 41 54 1534.68 0 0
208 41 54 1541.75 0 0
212 41 54 1546.01 0 0
210 41 53 1550.22 0 0
211 40 53 1554.44 0 0
212 40 53 1558.64 0 0
209 39 53 1562.84 0 0
213 41 54 1567.05 0 0
212 40 54 1571.26 0 0
210 40 53 1575.5 0 0
210 41 53 1579.73 0 0
209 40 53 1583.95 0 0
212 40 54 1588.15 0 0
210 41 53 1592.35 0 0
210 40 53 1596.55 0 0
211 40 53 1600.78 0 0
213 40 53 1605 0 0
214 41 53 1609.23 0 0
213 40 53 1613.45 0 0
212 41 53 1617.66 0 0
212 40 53 1621.86 0 0
212 40 53 1626.06 0 0
209 40 53 1630.29 0 0
212 40 54 1634.5 0 0
212 40 54 1638.75 0 0
212 41 53 1643.82 0 0
212 41 53 1648.04 0 0
211 41 53 1652.24 0 0
212 40 53 1656.44 0 0
213 41 53 1660.66 0 0
210 41 53 1664.87 0 0
211 40 53 1669.11 0 0
212 40 53 1673.35 0 0
211 40 53 1677.56 0 0
213 41 53 1681.79 0 0
211 40 53 1685.99 0 0
211 41 53 1690.19 0 0
211 40 53 1694.41 0 0
211 40 53 1698.62 0 0
212 40 53 1702.85 0 0
210 40 53 1707.07 0 0
211 40 53 1711.27 0 0
210 40 53 1715.47 0 0
212 39 53 1719.67 0 0
210 40 53 1723.88 0 0
211 39 53 1728.09 0 0
211 41 54 1732.33 0 0
210 40 53 1736.54 0 0
212 40 53 1740.76 0 0
212 41 53 1744.97 0 0
211 40 53 1749.44 0 0
212 40 53 1753.64 0 0
212 40 53 1757.86 0 0
212 40 53 1762.11 0 0
212 41 53 1766.33 0 0
211 40 53 1770.55 0 0
211 41 53 1774.78 0 0
210 40 54 1778.98 0 0
211 40 53 1783.18 0 0
211 40 54 1787.4 0 0
212 40 54 1791.62 0 0
212 41 53 1795.84 0 0
210 40 53 1800.13 0 0
212 42 53 1804.35 0 0
211 40 54 1808.56 0 0
211 40 53 1812.76 0 0
211 40 53 1816.98 0 0
211 40 53 1821.21 0 0
211 40 53 1825.45 0 0
211 40 54 1829.68 0 0
210 40 54 1833.91 0 0
211 40 53 1838.11 0 0
210 40 53 1842.31 0 0
212 41 53 1846.51 0 0
213 42 53 1850.74 0 0
209 42 53 1854.97 0 0
206 46 53 1859.27 0 0
208 49 54 1863.48 0 0
208 60 53 1867.7 0 0
212 65 54 1871.9 0 0
208 85 54 1876.62 0 0
203 92 54 1880.88 0 0
201 100 54 1885.09 0 0
200 114 54 1889.34 0 0
203 127 54 1893.57 0 0
200 131 55 1897.77 0 0
196 143 54 1901.98 0 0
200 145 54 1906.18 0 0
198 148 54 1910.38 0 0
198 154 54 1914.59 0 0
198 150 54 1918.86 0 0
198 156 54 1923.08 0 0
200 151 54 1927.3 0 0
195 157 54 1931.51 0 0
195 153 55 1935.71 0 0
197 158 54 1939.92 0 0
198 147 54 1944.14 0 0
198 147 54 1948.4 0 0
196 148 54 1952.63 0 0
198 149 54 1956.85 0 0
197 147 55 1961.05 0 0
201 150 54 1965.25 0 0
197 147 54 1969.45 0 0
198 150 54 1973.67 0 0
196 153 54 1977.88 0 0
199 152 54 1982.13 0 0
200 149 54 1986.36 0 0
197 149 54 1990.58 0 0
197 150 54 1994.78 0 0
194 150 54 1998.99 0 0
196 150 54 2003.54 0 0
196 155 55 2007.75 0 0
194 150 54 2012.01 0 0
197 157 54 2016.23 0 0
196 147 54 2020.45 0 0
194 151 55 2024.65 0 0
197 154 54 2028.86 0 0
196 150 54 2033.06 0 0
197 150 54 2037.29 0 0
198 156 54 2041.5 0 0
199 150 54 2045.74 0 0
194 152 54 2049.95 0 0
195 152 55 2054.18 0 0
194 153 55 2058.38 0 0
195 153 54 2062.58 0 0
196 145 54 2066.78 0 0
198 156 54 2071.02 0 0
195 150 54 2075.25 0 0
195 153 55 2079.47 0 0
194 150 54 2083.69 0 0
195 149 55 2087.89 0 0
196 153 55 2092.1 0 0
198 147 54 2096.3 0 0
197 146 54 2100.52 0 0
197 152 54 2104.73 0 0
192 135 55 2108.95 0 0
188 125 55 2113.16 0 0
185 117 55 2117.37 0 0
178 98 55 2121.58 0 0
176 86 56 2125.78 0 0
175 78 55 2129.99 0 0
174 76 56 2134.2 0 0
175 74 56 2138.43 0 0
176 69 56 2142.64 0 0
175 68 55 2146.85 0 0
178 78 56 2151.06 0 0
177 77 56 2155.27 0 0
177 76 56 2159.48 0 0
175 72 56 2163.7 0 0
174 73 56 2167.95 0 0
174 77 56 2172.17 0 0
173 73 56 2176.38 0 0
175 75 56 2180.59 0 0
174 71 56 2184.8 0 0
173 71 55 2189 0 0
170 70 56 2193.24 0 0
176 72 56 2197.45 0 0
176 73 56 2201.69 0 0
174 67 56 2205.9 0 0
176 72 56 2210.12 0 0
172 68 56 2214.32 0 0
176 72 56 2218.52 0 0
177 69 56 2222.73 0 0
175 72 56 2226.95 0 0
177 71 56 2231.19 0 0
172 69 56 2235.41 0 0
176 74 56 2239.63 0 0
176 70 56 2243.84 0 0
177 76 56 2248.05 0 0
176 68 56 2252.26 0 0
174 73 56 2256.5 0 0
174 74 56 2260.71 0 0
174 68 56 2265.24 0 0
174 73 56 2269.45 0 0
175 70 56 2273.66 0 0
174 70 56 2277.86 0 0
176 73 56 2282.06 0 0
175 69 56 2286.28 0 0
174 71 56 2290.5 0 0
175 73 56 2294.73 0 0
175 70 56 2298.95 0 0
176 71 56 2303.18 0 0
173 72 56 2307.38 0 0
177 71 56 2311.59 0 0
174 74 56 2315.79 0 0
177 78 56 2320.02 0 0
173 86 56 2324.3 0 0
174 99 56 2328.54 0 0
180 122 56 2332.76 0 0
179 134 56 2336.96 0 0
178 141 56 2341.17 0 0
179 163 56 2345.37 0 0
178 172 56 2349.58 0 0
178 185 56 2353.79 0 0
182 188 56 2358.02 0 0
179 191 56 2362.23 0 0
181 189 56 2366.44 0 0
175 206 56 2370.64 0 0
178 204 56 2374.84 0 0
177 207 56 2379.06 0 0
177 199 56 2383.28 0 0
180 196 55 2387.53 0 0
181 194 56 2391.77 0 0
179 199 56 2395.99 0 0
180 204 55 2400.19 0 0
182 205 56 2404.39 0 0
180 209 56 2408.59 0 0
178 206 56 2412.81 0 0
178 205 56 2417.02 0 0
182 202 56 2421.24 0 0
179 206 56 2425.47 0 0
180 205 56 2429.67 0 0
180 205 56 2433.88 0 0
182 204 56 2438.08 0 0
182 205 56 2442.29 0 0
181 208 56 2446.5 0 0
182 204 56 2450.74 0 0
180 208 56 2454.95 0 0
182 198 56 2459.17 0 0
182 199 56 2463.37 0 0
180 201 56 2467.57 0 0
180 207 56 2471.77 0 0
180 204 56 2475.99 0 0
179 203 55 2480.22 0 0
177 201 56 2484.45 0 0
179 203 56 2488.66 0 0
179 199 55 2492.86 0 0
181 204 56 2497.06 0 0
179 201 56 2501.26 0 0
178 202 56 2505.49 0 0
180 201 56 2509.7 0 0
181 206 56 2513.94 0 0
180 202 55 2518.16 0 0
178 210 56 2522.38 0 0
177 208 56 2526.59 0 0
178 211 56 2530.79 0 0
180 200 56 2535 0 0
177 214 55 2539.21 0 0
178 207 56 2543.45 0 0
180 209 56 2547.67 0 0
179 212 56 2551.89 0 0
179 209 56 2556.1 0 0
178 212 56 2560.3 0 0
179 214 56 2564.5 0 0
179 211 56 2568.73 0 0
179 202 56 2572.95 0 0
180 201 56 2577.2 0 0
180 207 56 2581.42 0 0
180 207 56 2585.62 0 0
179 209 56 2589.83 0 0
179 213 56 2594.03 0 0
179 208 56 2598.23 0 0
179 204 56 2602.45 0 0
177 205 56 2606.7 0 0
178 206 56 2610.94 0 0
179 211 56 2615.17 0 0
179 209 56 2619.38 0 0
176 204 56 2623.58 0 0
180 201 56 2627.78 0 0
178 204 56 2632.01 0 0
177 198 56 2636.22 0 0
178 204 56 2640.46 0 0
178 206 56 2644.66 0 0
176 210 56 2648.86 0 0
178 196 56 2653.06 0 0
180 199 56 2657.27 0 0
178 196 56 2661.53 0 0
179 198 56 2665.74 0 0
177 204 56 2669.97 0 0
178 207 56 2674.19 0 0
177 205 56 2678.4 0 0
180 203 56 2682.61 0 0
178 199 56 2686.97 0 0
178 197 56 2691.21 0 0
178 200 56 2695.42 0 0
179 198 56 2699.67 0 0
177 195 56 2703.89 0 0
176 199 56 2708.1 0 0
177 202 55 2712.3 0 0
175 195 56 2716.5 0 0
179 199 56 2720.7 0 0
177 198 56 2724.93 0 0
180 196 56 2729.15 0 0
177 199 56 2733.38 0 0
176 200 56 2737.64 0 0
177 199 56 2741.86 0 0
177 199 56 2746.06 0 0
178 199 56 2750.26 0 0
178 193 56 2754.48 0 0
179 196 56 2758.69 0 0
179 199 56 2762.94 0 0
174 197 56 2767.16 0 0
178 199 56 2771.4 0 0
178 198 56 2775.6 0 0
178 195 56 2779.8 0 0
178 199 56 2784 0 0
176 199 56 2788.22 0 0
178 198 56 2792.43 0 0
177 199 56 2796.68 0 0
177 200 56 2800.89 0 0
178 199 56 2805.09 0 0
177 201 56 2809.29 0 0
176 195 56 2813.5 0 0
178 199 56 2817.71 0 0
176 200 56 2821.91 0 0
178 198 56 2826.16 0 0
179 198 56 2830.38 0 0
181 197 56 2834.64 0 0
176 195 56 2838.85 0 0
177 195 56 2843.06 0 0
175 198 56 2847.26 0 0
176 196 56 2851.48 0 0
176 199 56 2855.91 0 0
175 194 56 2860.13 0 0
179 194 56 2864.36 0 0
179 199 56 2868.57 0 0
178 195 56 2872.77 0 0
179 196 56 2876.97 0 0
180 197 56 2881.19 0 0
176 205 56 2885.4 0 0
180 198 56 2889.74 0 0
178 205 56 2893.94 0 0
177 202 56 2898.15 0 0
179 204 56 2902.35 0 0
178 203 56 2906.55 0 0
181 202 56 2910.76 0 0
178 204 56 2914.98 0 0
180 204 56 2919.24 0 0
178 204 56 2923.46 0 0
178 204 56 2927.69 0 0
177 207 56 2931.9 0 0
177 205 56 2936.13 0 0
180 205 56 2940.33 0 0
178 204 56 2944.55 0 0
179 204 56 2948.77 0 0
176 207 56 2953.01 0 0
179 204 56 2957.22 0 0
178 206 56 2961.42 0 0
178 205 56 2965.62 0 0
178 204 56 2969.82 0 0
179 201 56 2974.05 0 0
175 205 56 2978.26 0 0
179 199 56 2982.5 0 0
174 203 56 2986.7 0 0
177 200 56 2990.91 0 0
176 199 56 2995.11 0 0
177 196 56 2999.31 0 0
179 199 56 3003.52 0 0
175 203 56 3007.73 0 0
178 197 56 3011.93 0 0
177 198 56 3016.16 0 0
172 195 56 3020.43 0 0
166 188 57 3024.65 0 0
161 180 57 3028.85 0 0
154 173 57 3033.05 0 0
149 178 57 3037.27 0 0
144 170 57 3041.49 0 0
140 175 57 3045.71 0 0
138 165 57 3049.93 0 0
140 165 57 3054.15 0 0
141 166 57 3058.35 0 0
142 166 57 3062.55 0 0
142 165 57 3066.77 0 0
141 169 57 3070.98 0 0
144 165 57 3075.22 0 0
138 165 57 3079.45 0 0
140 167 57 3083.67 0 0
140 162 57 3087.87 0 0
141 166 57 3092.07 0 0
141 165 57 3096.27 0 0
140 162 57 3100.49 0 0
139 167 57 3104.7 0 0
141 163 57 3108.93 0 0
139 162 57 3113.14 0 0
138 162 57 3117.35 0 0
140 161 57 3121.55 0 0
140 162 57 3125.75 0 0
142 170 57 3129.96 0 0
139 170 57 3134.17 0 0
139 167 57 3138.42 0 0
138 168 57 3142.64 0 0
140 164 57 3146.84 0 0
137 169 57 3151.04 0 0
138 166 57 3155.24 0 0
138 167 57 3159.65 0 0
140 168 57 3163.86 0 0
142 165 57 3168.1 0 0
138 168 57 3172.34 0 0
141 168 57 3176.56 0 0
139 170 57 3180.77 0 0
139 170 57 3184.98 0 0
140 169 57 3189.18 0 0
137 162 57 3193.39 0 0
139 165 57 3197.6 0 0
141 169 57 3201.83 0 0
139 168 57 3206.03 0 0
140 160 57 3210.24 0 0
140 167 57 3214.45 0 0
136 159 57 3218.65 0 0
140 162 57 3222.85 0 0
137 166 57 3227.06 0 0
136 160 57 3231.29 0 0
140 161 57 3235.51 0 0
139 164 57 3239.72 0 0
137 160 57 3243.93 0 0
137 160 57 3248.12 0 0
137 155 57 3252.32 0 0
135 148 57 3256.54 0 0
132 146 57 3260.75 0 0
126 127 58 3264.99 0 0
123 125 57 3269.22 0 0
119 112 57 3273.43 0 0
120 109 57 3277.63 0 0
117 101 57 3281.84 0 0
118 97 57 3286.05 0 0
116 93 58 3290.26 0 0
116 89 57 3294.5 0 0
113 87 58 3298.71 0 0
119 87 58 3302.93 0 0
115 89 57 3307.13 0 0
117 88 58 3311.34 0 0
113 91 58 3315.54 0 0
117 91 58 3319.76 0 0
117 90 57 3323.99 0 0
112 88 57 3328.21 0 0
115 92 58 3332.43 0 0
114 91 57 3336.64 0 0
113 90 57 3340.84 0 0
114 92 57 3345.04 0 0
114 90 58 3349.27 0 0
114 94 57 3353.48 0 0
115 97 58 3357.71 0 0
114 93 58 3361.92 0 0
114 93 57 3366.14 0 0
112 92 57 3370.36 0 0
115 92 57 3374.56 0 0
114 92 57 3378.78 0 0
115 91 58 3382.99 0 0
113 94 58 3387.24 0 0
114 91 58 3391.46 0 0
114 90 57 3395.67 0 0
114 94 58 3399.88 0 0
114 92 58 3404.08 0 0
113 95 58 3408.28 0 0
116 90 57 3412.51 0 0
114 91 58 3416.72 0 0
113 91 58 3421.53 0 0
116 90 57 3425.74 0 0
114 95 57 3429.94 0 0
113 88 57 3434.15 0 0
112 95 57 3438.36 0 0
114 88 57 3442.57 0 0
114 94 58 3446.78 0 0
113 91 58 3451.01 0 0
112 90 57 3455.22 0 0
116 93 57 3459.44 0 0
115 94 57 3463.65 0 0
110 95 57 3467.85 0 0
114 92 58 3472.06 0 0
115 95 58 3476.26 0 0
113 96 58 3480.51 0 0
112 93 58 3484.73 0 0
115 95 58 3488.95 0 0
118 88 58 3493.17 0 0
125 90 58 3497.38 0 0
134 92 58 3501.59 0 0
140 82 58 3505.81 0 0
142 65 58 3510.02 0 0
150 60 57 3514.24 0 0
155 56 57 3518.44 0 0
156 51 57 3522.66 0 0
158 45 56 3526.86 0 0
160 45 56 3531.07 0 0
161 42 56 3535.28 0 0
159 39 56 3539.5 0 0
160 38 56 3543.74 0 0
158 40 56 3547.98 0 0
158 43 56 3552.21 0 0
162 42 56 3556.41 0 0
159 44 56 3560.61 0 0
161 43 56 3564.82 0 0
161 44 56 3569.04 0 0
160 42 56 3573.25 0 0
160 49 56 3577.48 0 0
160 44 56 3581.7 0 0
159 43 57 3585.91 0 0
158 44 56 3590.11 0 0
160 44 56 3594.31 0 0
163 43 56 3598.56 0 0
159 44 56 3602.77 0 0
162 43 56 3607.01 0 0
159 44 56 3611.23 0 0
161 45 57 3615.44 0 0
160 45 56 3619.64 0 0
159 44 56 3623.85 0 0
161 44 57 3628.05 0 0
163 44 56 3632.27 0 0
160 44 56 3636.51 0 0
159 44 57 3640.72 0 0
160 45 56 3644.93 0 0
160 45 56 3649.13 0 0
161 44 56 3653.33 0 0
161 45 56 3657.53 0 0
160 44 56 3661.78 0 0
159 44 56 3665.99 0 0
160 44 56 3670.22 0 0
163 45 56 3674.43 0 0
163 45 56 3678.7 0 0
163 45 56 3682.91 0 0
162 45 56 3687.11 0 0
162 44 56 3691.32 0 0
159 42 56 3695.52 0 0
160 44 57 3699.77 0 0
161 44 56 3704 0 0
163 43 56 3708.22 0 0
161 45 56 3712.42 0 0
160 44 57 3716.63 0 0
154 41 57 3720.83 0 0
146 41 58 3725.04 0 0
136 39 59 3729.25 0 0
124 38 59 3733.69 0 0
114 39 59 3737.91 0 0
105 43 59 3742.11 0 0
102 45 58 3746.31 0 0
97 47 58 3750.51 0 0
97 47 58 3754.73 0 0
96 49 58 3758.94 0 0
95 49 58 3763.17 0 0
95 49 58 3767.37 0 0
97 48 58 3771.58 0 0
96 48 58 3775.8 0 0
98 47 58 3780 0 0
96 48 58 3784.21 0 0
98 46 58 3788.43 0 0
97 50 58 3792.65 0 0
95 47 58 3796.88 0 0
98 47 58 3801.09 0 0
94 48 58 3805.29 0 0
96 48 58 3809.5 0 0
94 48 58 3813.7 0 0
96 48 58 3817.92 0 0
97 48 58 3822.13 0 0
94 48 58 3826.36 0 0
96 49 58 3830.59 0 0
96 49 58 3834.8 0 0
93 46 58 3839 0 0
94 49 58 3843.2 0 0
94 48 58 3847.41 0 0
94 47 58 3851.63 0 0
93 48 58 3855.88 0 0
89 46 58 3860.1 0 0
83 45 59 3864.32 0 0
80 41 58 3868.54 0 0
72 42 58 3872.77 0 0
69 40 58 3876.98 0 0
67 39 58 3881.22 0 0
66 37 58 3885.43 0 0
64 36 58 3889.74 0 0
65 37 58 3893.95 0 0
68 36 58 3898.16 0 0
66 35 58 3902.36 0 0
67 37 58 3906.56 0 0
65 36 58 3910.8 0 0
66 36 58 3915.01 0 0
65 36 58 3919.25 0 0
63 36 58 3923.46 0 0
64 36 58 3927.92 0 0
64 36 58 3932.14 0 0
63 36 58 3936.34 0 0
63 36 58 3940.54 0 0
64 36 58 3944.76 0 0
62 36 58 3948.98 0 0
65 35 58 3953.2 0 0
64 36 58 3957.41 0 0
64 36 58 3961.62 0 0
64 36 58 3965.83 0 0
63 36 58 3971.98 0 0
64 35 58 3976.19 0 0
64 36 58 3980.43 0 0
66 36 58 3984.66 0 0
65 36 58 3988.87 0 0
64 35 58 3993.09 0 0
63 36 58 3997.31 0 0
63 36 58 4001.51 0 0
64 36 58 4005.73 0 0
64 35 58 4009.94 0 0
64 36 58 4014.16 0 0
66 35 58 4018.39 0 0
63 35 58 4022.6 0 0
64 35 58 4026.85 0 0
64 35 58 4031.06 0 0
62 35 58 4035.27 0 0
64 35 58 4039.49 0 0
67 34 58 4043.74 0 0
63 35 58 4047.95 0 0
64 35 58 4052.17 0 0
64 35 58 4056.37 0 0
62 34 58 4060.58 0 0
63 34 58 4064.78 0 0
63 35 58 4068.99 0 0
63 35 58 4073.2 0 0
65 35 58 4077.42 0 0
64 36 58 4081.63 0 0
65 35 58 4085.84 0 0
64 35 58 4090.04 0 0
65 35 58 4094.24 0 0
64 34 58 4098.46 0 0
63 35 58 4102.67 0 0
66 34 58 4106.91 0 0
65 34 58 4111.13 0 0
61 35 58 4115.37 0 0
64 34 58 4119.57 0 0
64 34 58 4123.77 0 0
63 35 58 4127.97 0 0
64 34 58 4132.18 0 0
64 34 58 4136.4 0 0
65 35 58 4140.63 0 0
65 36 58 4144.84 0 0
66 36 58 4149.05 0 0
63 36 58 4153.26 0 0
66 36 58 4157.46 0 0
64 35 58 4161.68 0 0
64 35 58 4165.89 0 0
64 35 58 4170.13 0 0
64 34 58 4174.34 0 0
65 35 58 4178.82 0 0
65 34 58 4183.03 0 0
64 35 58 4187.23 0 0
64 35 58 4191.44 0 0
64 35 58 4195.66 0 0
64 35 58 4199.89 0 0
64 35 58 4204.11 0 0
64 35 58 4208.32 0 0
66 34 58 4212.52 0 0
64 35 58 4216.73 0 0
66 35 58 4220.94 0 0
65 34 58 4225.16 0 0
66 35 58 4229.37 0 0
65 35 58 4233.67 0 0
66 35 58 4237.88 0 0
66 35 58 4242.1 0 0
63 36 58 4246.31 0 0
65 35 58 4250.52 0 0
66 35 58 4254.74 0 0
65 36 58 4258.95 0 0
63 37 58 4263.18 0 0
67 36 58 4267.4 0 0
64 36 58 4271.62 0 0
66 36 58 4275.82 0 0
65 35 58 4280.02 0 0
65 36 58 4284.23 0 0
63 36 58 4288.45 0 0
67 37 59 4292.68 0 0
74 40 59 4296.9 0 0
78 42 59 4301.11 0 0
95 51 59 4305.31 0 0
103 56 59 4309.51 0 0
112 67 59 4313.77 0 0
119 76 59 4317.98 0 0
132 82 58 4322.19 0 0
142 89 58 4326.42 0 0
143 96 57 4330.64 0 0
155 106 57 4334.86 0 0
156 115 57 4339.06 0 0
167 121 56 4343.27 0 0
175 130 56 4347.51 0 0
180 137 56 4351.73 0 0
183 142 56 4355.98 0 0
186 157 56 4360.21 0 0
187 158 55 4364.43 0 0
189 165 55 4368.63 0 0
192 163 55 4372.83 0 0
189 168 55 4377.04 0 0
189 164 55 4381.27 0 0
191 164 55 4385.48 0 0
190 171 55 4389.7 0 0
191 175 55 4393.91 0 0
192 172 55 4398.12 0 0
191 170 55 4402.33 0 0
192 169 55 4406.53 0 0
190 171 55 4410.74 0 0
190 171 55 4414.95 0 0
190 171 55 4419.2 0 0
189 172 55 4423.41 0 0
193 172 55 4427.63 0 0
193 171 55 4431.83 0 0
191 165 55 4436.04 0 0
191 182 55 4440.24 0 0
188 171 55 4444.45 0 0
191 180 55 4448.66 0 0
193 187 55 4452.9 0 0
193 187 55 4463.88 0 0
191 182 55 4471.99 0 0
192 180 55 4476.2 0 0
190 171 55 4480.6 0 0
193 180 55 4484.82 0 0
194 168 55 4489.39 0 0
190 176 55 4493.66 0 0
193 178 55 4497.87 0 0
190 176 55 4502.07 0 0
191 177 55 4506.29 0 0
190 176 55 4510.51 0 0
193 178 55 4514.84 0 0
193 170 55 4519.06 0 0
196 171 55 4523.27 0 0
203 169 55 4527.53 0 0
209 168 55 4531.73 0 0
220 165 54 4535.97 0 0
224 159 54 4540.18 0 0
224 158 54 4547.06 0 0
226 158 54 4551.31 0 0
226 158 54 4555.55 0 0
220 156 53 4559.79 0 0
223 156 54 4564 0 0
226 159 54 4568.21 0 0
228 159 54 4572.42 0 0
221 162 54 4576.64 0 0
226 159 54 4580.85 0 0
226 161 54 4585.05 0 0
229 159 54 4589.25 0 0
228 159 54 4593.45 0 0
226 162 54 4597.66 0 0
228 158 53 4601.87 0 0
226 164 53 4606.12 0 0
226 160 53 4610.34 0 0
224 165 54 4614.58 0 0
225 158 53 4618.78 0 0
224 161 53 4622.98 0 0
226 158 53 4627.19 0 0
226 162 53 4631.42 0 0
226 156 54 4635.63 0 0
222 161 53 4639.86 0 0
226 161 54 4644.08 0 0
223 159 54 4648.28 0 0
223 155 54 4652.48 0 0
224 158 54 4656.7 0 0
224 156 54 4660.91 0 0
224 158 54 4665.12 0 0
224 158 54 4669.36 0 0
227 160 54 4675.11 0 0
225 158 54 4679.32 0 0
221 157 54 4683.52 0 0
225 155 54 4687.72 0 0
224 158 54 4691.93 0 0
223 156 54 4696.15 0 0
225 156 54 4700.39 0 0
222 159 54 4704.62 0 0
223 157 54 4708.83 0 0
223 154 54 4713.03 0 0
224 156 54 4717.23 0 0
226 155 53 4721.43 0 0
222 157 54 4725.65 0 0
222 157 54 4729.86 0 0
224 158 53 4734.09 0 0
224 160 54 4738.31 0 0
222 158 53 4742.52 0 0
221 160 54 4746.81 0 0
224 164 54 4751.02 0 0
222 160 53 4755.24 0 0
225 164 53 4759.46 0 0
228 163 54 4763.7 0 0
225 161 53 4767.92 0 0
226 164 54 4772.13 0 0
222 164 53 4776.33 0 0
223 160 54 4780.53 0 0
220 161 54 4784.73 0 0
223 161 53 4788.94 0 0
221 163 53 4793.18 0 0
227 160 54 4797.4 0 0
224 164 54 4801.63 0 0
224 168 54 4805.95 0 0
225 168 54 4810.2 0 0
223 168 54 4814.4 0 0
224 168 54 4818.63 0 0
223 162 54 4822.84 0 0
221 170 54 4827.07 0 0
225 169 54 4831.29 0 0
226 170 54 4835.5 0 0
224 171 54 4839.7 0 0
225 172 53 4843.9 0 0
222 164 53 4848.11 0 0
226 173 53 4852.33 0 0
225 170 54 4856.76 0 0
225 166 54 4860.99 0 0
223 164 54 4865.21 0 0
226 161 54 4869.41 0 0
223 165 54 4873.61 0 0
227 170 54 4877.81 0 0
222 166 54 4882.03 0 0
226 174 54 4886.26 0 0
224 165 54 4890.49 0 0
224 167 54 4894.71 0 0
222 162 54 4898.91 0 0
225 166 54 4903.12 0 0
225 165 54 4907.32 0 0
226 169 54 4911.55 0 0
226 167 54 4915.76 0 0
224 163 54 4920 0 0
223 160 54 4924.23 0 0
224 163 54 4928.44 0 0
225 161 54 4932.66 0 0
221 162 54 4936.86 0 0
224 166 54 4941.06 0 0
225 161 54 4945.28 0 0
223 167 53 4949.53 0 0
225 159 54 4953.76 0 0
224 165 54 4957.97 0 0
225 159 54 4962.17 0 0
224 167 54 4966.37 0 0
226 162 53 4970.57 0 0
224 160 54 4974.78 0 0
225 161 54 4979 0 0
223 161 53 4983.23 0 0
224 160 53 4987.44 0 0
224 162 54 4991.66 0 0
225 166 54 4996.14 0 0
223 165 54 5000.35 0 0
226 161 53 5004.57 0 0
224 160 54 5008.78 0 0
225 162 53 5013.02 0 0
225 161 54 5017.23 0 0
222 161 54 5021.45 0 0
223 160 54 5025.66 0 0
225 163 54 5029.86 0 0
219 161 54 5034.06 0 0
224 160 54 5038.31 0 0
222 163 54 5042.57 0 0
222 161 54 5046.79 0 0
221 161 54 5051 0 0
225 161 54 5055.21 0 0
225 161 53 5059.41 0 0
224 157 53 5063.63 0 0
223 161 54 5067.85 0 0
222 161 54 5072.06 0 0
224 162 54 5076.29 0 0
223 162 54 5080.5 0 0
225 157 54 5084.71 0 0
223 159 53 5088.91 0 0
228 162 53 5093.13 0 0
223 160 54 5097.33 0 0
222 156 54 5101.55 0 0
223 153 53 5105.8 0 0
222 168 54 5110.03 0 0
226 156 53 5114.24 0 0
224 160 54 5118.45 0 0
225 158 54 5122.65 0 0
221 159 54 5126.85 0 0
223 160 53 5131.07 0 0
224 156 54 5135.28 0 0
225 158 54 5139.5 0 0
224 163 54 5143.71 0 0
225 160 53 5147.92 0 0
228 159 54 5152.12 0 0
226 162 54 5156.33 0 0
224 158 54 5160.55 0 0
225 156 53 5164.76 0 0
224 157 53 5169 0 0
224 157 54 5173.21 0 0
221 156 54 5177.42 0 0
222 156 54 5181.63 0 0
224 157 53 5185.83 0 0
222 156 54 5190.03 0 0
224 156 54 5194.26 0 0
223 157 54 5198.48 0 0
224 159 54 5202.71 0 0
227 157 54 5206.92 0 0
227 156 54 5211.12 0 0
224 163 53 5215.33 0 0
224 158 53 5219.52 0 0
223 152 54 5223.74 0 0
225 151 54 5227.94 0 0
223 149 54 5232.17 0 0
224 160 54 5236.38 0 0
225 155 53 5240.82 0 0
225 155 54 5245.03 0 0
222 158 54 5249.24 0 0
223 157 53 5253.45 0 0
225 155 54 5257.67 0 0
224 157 54 5261.92 0 0
224 157 54 5266.16 0 0
224 155 54 5270.37 0 0
222 157 54 5274.57 0 0
226 151 54 5278.77 0 0
225 154 54 5282.97 0 0
221 157 54 5287.2 0 0
224 152 53 5291.42 0 0
225 151 54 5295.65 0 0
224 157 53 5299.85 0 0
224 151 54 5304.07 0 0
223 153 54 5308.28 0 0
221 156 53 5312.48 0 0
222 151 54 5316.69 0 0
220 151 54 5320.91 0 0
222 156 53 5325.19 0 0
224 156 54 5329.41 0 0
225 154 54 5333.63 0 0
220 153 54 5337.83 0 0
221 158 54 5342.03 0 0
224 157 54 5346.23 0 0
224 154 54 5350.45 0 0
222 157 54 5354.66 0 0
221 157 54 5358.88 0 0
224 155 54 5363.11 0 0
224 155 54 5367.32 0 0
223 155 54 5371.52 0 0
221 154 54 5375.73 0 0
222 157 54 5379.98 0 0
223 157 54 5384.2 0 0
222 154 54 5388.44 0 0
224 157 54 5392.66 0 0
223 151 54 5396.86 0 0
224 157 54 5401.06 0 0
223 151 54 5405.26 0 0
222 154 54 5409.75 0 0
223 153 54 5413.97 0 0
224 155 54 5418.22 0 0
225 155 54 5422.44 0 0
223 150 54 5426.66 0 0
225 158 54 5430.88 0 0
224 155 54 5435.08 0 0
224 157 54 5439.28 0 0
222 157 54 5443.49 0 0
222 156 54 5447.73 0 0
223 155 54 5451.96 0 0
222 157 54 5456.17 0 0
223 156 54 5460.38 0 0
225 155 54 5464.58 0 0
221 155 53 5468.78 0 0
224 155 54 5472.98 0 0
224 155 54 5477.2 0 0
223 157 54 5481.46 0 0
221 156 54 5485.7 0 0
223 156 54 5489.91 0 0
225 155 54 5494.11 0 0
222 156 54 5498.32 0 0
222 156 54 5502.52 0 0
223 156 54 5506.75 0 0
221 156 54 5510.97 0 0
222 156 54 5515.19 0 0
221 157 54 5519.4 0 0
224 155 54 5523.61 0 0
223 156 54 5527.82 0 0
219 155 54 5532.02 0 0
223 156 54 5536.24 0 0
224 155 54 5540.47 0 0
222 156 54 5544.71 0 0
222 156 54 5548.91 0 0
223 157 54 5553.13 0 0
222 156 54 5557.33 0 0
221 157 54 5561.53 0 0
223 157 54 5565.78 0 0
224 155 54 5569.99 0 0
224 158 54 5574.24 0 0
225 153 54 5578.47 0 0
226 158 54 5582.68 0 0
224 153 54 5586.89 0 0
223 152 53 5591.09 0 0
224 151 54 5595.29 0 0
223 151 54 5599.51 0 0
225 156 54 5603.73 0 0
222 157 54 5607.96 0 0
225 158 54 5612.16 0 0
222 156 54 5616.38 0 0
223 156 54 5620.58 0 0
224 155 54 5624.78 0 0
223 157 54 5629 0 0
220 156 54 5633.21 0 0
226 154 54 5637.46 0 0
224 157 54 5641.69 0 0
220 159 54 5645.91 0 0
221 156 54 5650.11 0 0
216 158 54 5654.31 0 0
211 155 55 5658.53 0 0
201 149 55 5662.76 0 0
194 147 55 5666.99 0 0
191 148 56 5671.23 0 0
184 154 56 5675.45 0 0
179 155 56 5679.68 0 0
174 153 56 5683.89 0 0
171 149 56 5688.09 0 0
169 152 56 5692.31 0 0
168 152 56 5696.53 0 0
171 156 56 5700.78 0 0
172 159 56 5704.99 0 0
171 164 56 5709.21 0 0
174 165 56 5713.41 0 0
173 168 56 5717.61 0 0
172 164 56 5721.81 0 0
172 172 56 5726.04 0 0
171 164 56 5730.3 0 0
172 164 56 5734.53 0 0
170 169 56 5738.75 0 0
169 164 56 5742.95 0 0
169 174 56 5747.16 0 0
168 166 56 5751.36 0 0
171 162 56 5755.58 0 0
169 158 56 5759.79 0 0
170 165 56 5764.03 0 0
169 163 56 5768.23 0 0
171 158 56 5772.45 0 0
169 164 56 5776.66 0 0
171 168 56 5780.86 0 0
170 162 56 5785.06 0 0
168 161 56 5789.27 0 0
170 162 56 5793.55 0 0
171 162 56 5797.78 0 0
170 165 56 5802.02 0 0
169 165 56 5806.23 0 0
171 163 56 5810.43 0 0
169 159 56 5814.63 0 0
171 167 56 5818.84 0 0
170 164 56 5823.06 0 0
169 161 56 5827.29 0 0
169 168 56 5831.5 0 0
169 178 56 5835.71 0 0
172 172 56 5839.91 0 0
171 175 56 5844.11 0 0
169 171 56 5848.34 0 0
167 174 56 5852.55 0 0
168 170 56 5856.8 0 0
167 167 56 5861.02 0 0
170 174 56 5865.25 0 0
170 169 56 5869.46 0 0
170 168 56 5873.66 0 0
171 182 56 5877.86 0 0
170 178 56 5882.08 0 0
172 177 56 5886.29 0 0
169 182 56 5890.53 0 0
171 178 56 5894.74 0 0
172 172 56 5898.95 0 0
168 179 56 5903.15 0 0
169 178 56 5907.35 0 0
169 179 56 5911.57 0 0
170 175 56 5915.8 0 0
170 177 56 5920.03 0 0
169 180 56 5924.24 0 0
171 175 56 5928.5 0 0
171 175 56 5932.71 0 0
168 178 56 5936.91 0 0
173 175 56 5941.12 0 0
170 173 56 5945.33 0 0
169 179 56 5949.6 0 0
172 172 56 5953.83 0 0
169 178 56 5958.04 0 0
169 171 56 5962.24 0 0
171 178 56 5966.44 0 0
171 178 56 5970.67 0 0
174 177 56 5974.91 0 0
171 178 56 5979.15 0 0
169 180 56 5983.55 0 0
172 178 56 5987.76 0 0
169 182 56 5991.97 0 0
172 183 56 5996.17 0 0
173 172 56 6000.38 0 0
172 182 56 6004.59 0 0
169 176 56 6008.79 0 0
173 178 56 6013.03 0 0
171 180 56 6017.26 0 0
171 173 56 6021.47 0 0
172 177 56 6025.67 0 0
172 180 56 6029.88 0 0
168 171 56 6034.08 0 0
171 178 56 6038.31 0 0
171 175 56 6042.53 0 0
172 173 56 6046.82 0 0
170 171 56 6051.03 0 0
167 155 56 6055.24 0 0
165 133 56 6059.44 0 0
155 107 56 6063.64 0 0
155 98 57 6067.85 0 0
154 85 57 6072.06 0 0
154 85 57 6076.31 0 0
153 65 57 6081.37 0 0
153 57 57 6085.58 0 0
157 50 57 6089.79 0 0
157 43 57 6094.01 0 0
158 38 56 6098.23 0 0
158 37 57 6102.44 0 0
157 35 57 6106.67 0 0
158 38 57 6110.89 0 0
157 37 57 6115.12 0 0
157 37 56 6119.32 0 0
158 37 57 6123.53 0 0
158 37 57 6127.74 0 0
157 37 57 6131.95 0 0
156 37 57 6136.17 0 0
154 37 57 6140.4 0 0
158 36 57 6144.6 0 0
154 38 57 6148.8 0 0
157 38 56 6153.01 0 0
156 39 57 6157.21 0 0
157 39 57 6161.43 0 0
156 38 57 6165.64 0 0
158 40 57 6169.87 0 0
157 40 57 6174.1 0 0
155 40 57 6178.5 0 0
157 40 57 6182.71 0 0
155 41 56 6186.93 0 0
157 40 57 6191.13 0 0
155 40 57 6195.35 0 0
156 41 57 6199.6 0 0
157 41 57 6203.82 0 0
157 40 56 6208.05 0 0
158 40 57 6212.25 0 0
158 41 57 6216.46 0 0
156 40 56 6220.66 0 0
157 42 57 6224.88 0 0
157 40 57 6229.09 0 0
157 39 57 6233.31 0 0
158 41 57 6237.52 0 0
157 40 56 6241.74 0 0
157 40 57 6245.96 0 0
158 41 57 6250.16 0 0
157 40 56 6254.36 0 0
159 39 57 6258.57 0 0
158 40 57 6262.81 0 0
157 40 57 6267.03 0 0
158 40 57 6271.24 0 0
157 40 57 6275.44 0 0
158 39 57 6279.65 0 0
156 39 57 6283.86 0 0
153 37 57 6288.07 0 0
147 38 58 6292.29 0 0
141 36 59 6296.52 0 0
131 35 59 6300.73 0 0
119 36 59 6304.95 0 0
111 39 59 6309.15 0 0
97 40 59 6313.35 0 0
81 46 59 6317.56 0 0
72 46 59 6321.78 0 0
72 46 59 6326.05 0 0
62 45 58 6331.38 0 0
58 45 58 6335.58 0 0
60 44 58 6339.79 0 0
57 45 58 6343.99 0 0
61 47 58 6348.19 0 0
61 47 58 6352.41 0 0
60 47 58 6356.64 0 0
59 45 58 6360.85 0 0
60 45 58 6365.07 0 0
59 45 58 6369.28 0 0
59 45 58 6373.48 0 0
59 44 57 6377.68 0 0
60 45 57 6381.91 0 0
60 45 57 6386.13 0 0
58 45 57 6390.35 0 0
56 45 58 6394.58 0 0
58 44 57 6398.78 0 0
57 45 58 6402.99 0 0
58 44 58 6407.19 0 0
59 44 57 6411.41 0 0
58 45 57 6415.62 0 0
58 45 57 6419.85 0 0
59 45 57 6424.06 0 0
58 44 57 6428.33 0 0
59 45 58 6432.54 0 0
57 45 58 6436.74 0 0
58 44 57 6440.94 0 0
58 44 57 6445.15 0 0
59 44 58 6449.4 0 0
59 46 58 6453.62 0 0
58 44 58 6457.84 0 0
59 45 58 6462.04 0 0
57 46 58 6466.26 0 0
59 45 57 6470.47 0 0
58 47 57 6474.69 0 0
59 45 57 6478.9 0 0
57 46 58 6483.12 0 0
58 45 57 6487.33 0 0
55 45 58 6491.54 0 0
59 45 58 6495.75 0 0
57 45 58 6499.96 0 0
58 46 58 6504.17 0 0
58 45 58 6508.43 0 0
56 46 58 6512.67 0 0
59 44 57 6516.89 0 0
58 44 57 6521.11 0 0
58 45 58 6525.33 0 0
59 46 57 6529.53 0 0
58 45 57 6533.73 0 0
60 44 58 6537.96 0 0
58 45 58 6542.18 0 0
59 44 58 6546.4 0 0
58 45 57 6550.61 0 0
57 45 58 6554.82 0 0
60 43 58 6559.07 0 0
65 42 58 6563.27 0 0
67 39 58 6567.48 0 0
65 35 58 6571.7 0 0
66 33 58 6575.94 0 0
69 34 58 6580.15 0 0
67 34 58 6584.36 0 0
65 34 58 6588.57 0 0
67 35 58 6592.77 0 0
67 34 58 6597.3 0 0
66 34 58 6601.51 0 0
67 34 58 6605.78 0 0
66 35 58 6610.01 0 0
67 34 58 6614.23 0 0
67 33 58 6618.43 0 0
67 33 58 6622.63 0 0
66 33 58 6626.84 0 0
69 34 58 6631.05 0 0
65 33 58 6635.28 0 0
68 35 58 6639.5 0 0
74 37 59 6643.71 0 0
82 40 59 6647.91 0 0
90 42 59 6652.11 0 0
100 46 58 6656.32 0 0
104 51 58 6660.53 0 0
110 50 58 6664.74 0 0
112 53 58 6668.98 0 0
112 57 57 6673.2 0 0
113 58 58 6677.41 0 0
113 58 57 6681.62 0 0
109 59 58 6685.83 0 0
109 60 58 6690.04 0 0
112 58 57 6694.26 0 0
110 60 58 6698.47 0 0
112 60 57 6702.7 0 0
111 63 57 6706.91 0 0
112 64 57 6711.11 0 0
113 60 57 6715.31 0 0
112 64 58 6719.52 0 0
113 65 57 6723.73 0 0
111 62 58 6727.94 0 0
110 65 58 6732.17 0 0
112 68 58 6736.37 0 0
113 63 57 6740.58 0 0
112 66 57 6744.79 0 0
112 68 57 6749.01 0 0
113 66 58 6753.21 0 0
113 68 58 6757.45 0 0
111 67 58 6761.68 0 0
110 68 58 6765.9 0 0
110 68 57 6770.11 0 0
111 67 58 6774.31 0 0
111 65 57 6778.51 0 0
113 67 57 6782.71 0 0
110 64 57 6786.93 0 0
113 63 57 6791.14 0 0
112 64 57 6795.36 0 0
108 71 58 6799.57 0 0
111 65 58 6803.78 0 0
108 63 58 6807.99 0 0
101 60 58 6812.19 0 0
92 63 59 6816.39 0 0
80 61 59 6820.63 0 0
74 64 59 6824.87 0 0
62 63 59 6829.09 0 0
58 61 59 6833.31 0 0
52 61 58 6837.51 0 0
44 61 58 6841.72 0 0
40 58 57 6845.92 0 0
39 55 57 6850.15 0 0
35 55 57 6854.36 0 0
35 55 57 6858.59 0 0
35 56 57 6862.8 0 0
36 57 57 6867 0 0
37 55 57 6871.2 0 0
35 56 57 6875.41 0 0
37 55 57 6879.63 0 0
35 56 57 6883.84 0 0
35 55 57 6890.74 0 0
33 55 57 6894.95 0 0
33 55 57 6899.2 0 0
32 55 57 6903.4 0 0
33 54 57 6907.6 0 0
32 54 57 6911.82 0 0
32 56 57 6916.03 0 0
34 54 57 6920.26 0 0
31 56 57 6924.47 0 0
33 54 57 6928.69 0 0
35 54 57 6932.89 0 0
35 54 57 6937.1 0 0
32 55 57 6941.32 0 0
32 54 57 6945.53 0 0
33 53 57 6949.77 0 0
35 54 57 6954 0 0
32 53 57 6958.21 0 0
34 54 57 6962.41 0 0
34 54 57 6966.62 0 0
33 53 57 6970.82 0 0
33 55 57 6975.03 0 0
32 54 57 6979.24 0 0
35 53 57 6983.47 0 0
33 55 57 6987.73 0 0
35 54 57 6991.99 0 0
32 54 57 6996.21 0 0
34 54 57 7003.11 0 0
34 53 57 7007.38 0 0
33 52 57 7011.64 0 0
30 52 57 7015.87 0 0
27 46 57 7020.08 0 0
24 45 57 7024.3 0 0
24 42 57 7028.5 0 0
21 42 56 7032.72 0 0
21 42 57 7036.95 0 0
22 39 57 7041.16 0 0
23 42 57 7045.38 0 0
23 41 57 7049.59 0 0
22 42 57 7053.82 0 0
23 41 57 7058.03 0 0
23 41 56 7062.23 0 0
24 41 57 7066.44 0 0
22 42 57 7070.66 0 0
24 41 57 7074.9 0 0
22 41 57 7079.12 0 0
21 42 57 7083.34 0 0
22 42 57 7087.54 0 0
21 42 57 7091.74 0 0
21 42 57 7095.95 0 0
24 42 57 7100.18 0 0
21 42 56 7104.39 0 0
23 41 57 7111.27 0 0
22 41 57 7115.51 0 0
22 42 57 7119.73 0 0
22 41 57 7123.98 0 0
21 40 57 7128.21 0 0
21 41 57 7132.43 0 0
22 42 56 7136.67 0 0
22 41 57 7140.89 0 0
23 42 57 7145.11 0 0
21 41 57 7149.31 0 0
22 41 57 7153.52 0 0
23 41 57 7157.73 0 0
22 41 57 7161.94 0 0
24 40 57 7166.15 0 0
22 42 57 7170.37 0 0
22 41 57 7174.58 0 0
23 42 57 7178.8 0 0
23 42 57 7183 0 0
23 42 57 7187.22 0 0
23 41 57 7191.42 0 0
23 41 57 7195.63 0 0
22 42 56 7199.88 0 0
24 42 57 7204.1 0 0
22 42 57 7208.33 0 0
22 41 57 7212.53 0 0
21 42 57 7216.74 0 0
23 41 57 7220.95 0 0
21 42 56 7225.17 0 0
23 42 57 7229.38 0 0
24 42 57 7236.37 0 0
23 42 57 7240.58 0 0
21 41 57 7244.79 0 0
23 41 57 7248.99 0 0
24 41 57 7253.19 0 0
20 42 57 7257.43 0 0
23 43 57 7261.68 0 0
22 42 57 7265.9 0 0
26 46 57 7270.11 0 0
34 58 58 7274.32 0 0
42 71 58 7278.52 0 0
44 82 57 7282.72 0 0
49 91 57 7286.93 0 0
51 104 57 7291.14 0 0
52 114 57 7295.39 0 0
56 127 58 7299.6 0 0
60 138 57 7303.81 0 0
63 149 57 7308.02 0 0
63 166 57 7312.22 0 0
64 169 57 7316.43 0 0
62 178 57 7320.64 0 0
65 181 57 7324.88 0 0
63 184 57 7329.11 0 0
62 181 57 7333.33 0 0
64 183 57 7337.53 0 0
64 183 57 7341.73 0 0
62 180 57 7347.01 0 0
65 176 57 7351.21 0 0
64 180 57 7355.45 0 0
67 181 57 7359.68 0 0
63 178 57 7363.91 0 0
64 179 57 7368.12 0 0
64 182 57 7372.32 0 0
64 176 57 7376.52 0 0
64 180 57 7380.75 0 0
63 175 57 7384.96 0 0
64 178 57 7389.2 0 0
64 174 57 7393.4 0 0
64 176 57 7397.6 0 0
64 178 57 7401.81 0 0
63 179 57 7406.01 0 0
64 181 57 7410.22 0 0
65 178 57 7414.43 0 0
63 178 57 7418.67 0 0
61 178 57 7422.9 0 0
66 180 57 7427.34 0 0
63 175 57 7431.56 0 0
65 174 57 7435.76 0 0
65 173 57 7439.95 0 0
64 182 57 7444.17 0 0
68 180 57 7448.39 0 0
63 181 57 7452.61 0 0
62 178 57 7456.83 0 0
62 178 57 7461.04 0 0
63 178 57 7465.24 0 0
65 176 57 7469.47 0 0
64 176 57 7473.7 0 0
66 177 58 7477.92 0 0
64 175 57 7482.17 0 0
64 175 57 7486.39 0 0
67 175 57 7490.6 0 0
67 181 57 7494.8 0 0
68 178 57 7499.01 0 0
64 179 57 7503.21 0 0
64 179 57 7507.44 0 0
65 176 57 7511.68 0 0
61 182 57 7515.92 0 0
64 176 57 7520.13 0 0
64 179 57 7524.34 0 0
64 181 57 7528.54 0 0
65 178 57 7532.74 0 0
65 180 57 7536.97 0 0
64 177 57 7541.19 0 0
64 179 57 7545.43 0 0
65 177 57 7549.64 0 0
63 173 57 7553.86 0 0
64 176 57 7558.06 0 0
65 176 57 7562.26 0 0
65 175 57 7566.47 0 0
64 175 57 7570.68 0 0
63 182 57 7574.94 0 0
64 182 57 7579.16 0 0
63 181 57 7583.37 0 0
64 182 58 7587.57 0 0
67 179 57 7591.77 0 0
63 179 57 7595.98 0 0
63 181 57 7600.19 0 0
68 179 57 7604.41 0 0
65 185 57 7608.64 0 0
67 174 57 7612.85 0 0
63 175 57 7617.06 0 0
63 174 57 7621.27 0 0
66 177 57 7625.47 0 0
64 174 57 7629.68 0 0
63 176 58 7633.89 0 0
65 177 57 7638.14 0 0
68 174 57 7642.37 0 0
64 174 57 7646.58 0 0
64 177 57 7650.79 0 0
63 181 58 7654.99 0 0
64 181 57 7659.19 0 0
65 181 57 7663.4 0 0
63 179 57 7667.62 0 0
62 181 57 7671.85 0 0
64 179 57 7676.06 0 0
64 179 57 7680.27 0 0
62 177 58 7684.47 0 0
65 174 57 7688.67 0 0
57 173 58 7692.89 0 0
54 171 58 7697.15 0 0
48 163 58 7701.4 0 0
44 165 58 7705.62 0 0
38 158 57 7709.84 0 0
37 160 57 7714.04 0 0
34 163 57 7718.24 0 0
34 163 57 7722.44 0 0
33 160 57 7726.66 0 0
32 161 57 7730.91 0 0
33 161 57 7735.29 0 0
34 161 57 7739.52 0 0
32 159 57 7743.72 0 0
32 153 57 7747.93 0 0
33 153 57 7752.13 0 0
31 153 57 7756.36 0 0
30 150 57 7760.59 0 0
32 154 57 7764.81 0 0
30 156 57 7769.02 0 0
33 157 57 7773.22 0 0
32 151 57 7777.42 0 0
32 148 57 7781.62 0 0
33 154 57 7785.87 0 0
31 154 57 7790.08 0 0
32 154 57 7794.32 0 0
31 153 57 7798.55 0 0
32 154 57 7802.78 0 0
32 154 57 7807 0 0
33 154 57 7811.2 0 0
31 153 57 7815.4 0 0
31 153 57 7819.62 0 0
33 155 57 7823.86 0 0
31 154 57 7828.08 0 0
30 161 57 7832.29 0 0
32 163 57 7836.49 0 0
30 160 57 7840.7 0 0
31 162 57 7844.9 0 0
31 161 57 7849.11 0 0
30 160 57 7853.32 0 0
32 161 57 7857.55 0 0
30 161 57 7861.76 0 0
31 160 57 7865.98 0 0
34 161 57 7870.18 0 0
31 160 57 7874.39 0 0
33 163 57 7878.59 0 0
31 158 57 7882.79 0 0
28 156 57 7887.04 0 0
32 158 57 7891.26 0 0
32 155 57 7898 0 0
29 154 57 7902.24 0 0
30 155 57 7906.47 0 0
28 157 57 7910.7 0 0
35 153 57 7914.91 0 0
30 157 57 7919.15 0 0
30 157 57 7923.37 0 0
32 160 57 7927.58 0 0
32 159 57 7931.79 0 0
29 157 57 7935.99 0 0
35 163 57 7940.19 0 0
33 160 57 7944.42 0 0
33 157 57 7948.65 0 0
33 156 57 7952.87 0 0
31 152 57 7957.09 0 0
31 153 57 7961.29 0 0
30 154 57 7965.49 0 0
28 155 57 7969.69 0 0
31 152 57 7973.9 0 0
30 155 57 7978.11 0 0
32 152 57 7982.35 0 0
34 153 57 7986.56 0 0
29 153 57 7990.77 0 0
34 155 57 7994.98 0 0
27 154 57 7999.29 0 0
31 153 57 8003.52 0 0
31 152 57 8007.73 0 0
30 156 57 8014.86 0 0
31 154 57 8019.08 0 0
30 154 57 8023.28 0 0
32 154 57 8027.49 0 0
29 160 57 8031.69 0 0
31 162 57 8035.9 0 0
34 161 57 8040.11 0 0
27 161 57 8044.35 0 0
30 160 57 8048.56 0 0
26 151 57 8052.79 0 0
27 161 57 8056.99 0 0
21 154 57 8061.19 0 0
20 152 57 8065.39 0 0
20 153 56 8069.6 0 0
18 151 57 8073.82 0 0
20 148 57 8078.05 0 0
21 149 57 8082.29 0 0
20 148 57 8086.49 0 0
23 149 57 8090.71 0 0
21 153 57 8094.91 0 0
20 148 57 8099.13 0 0
21 149 57 8103.34 0 0
20 155 57 8107.57 0 0
21 149 57 8111.78 0 0
21 149 57 8116 0 0
22 148 57 8120.2 0 0
22 148 57 8127.02 0 0
21 153 57 8131.25 0 0
19 148 57 8135.46 0 0
19 154 57 8139.8 0 0
20 148 57 8144.01 0 0
22 153 57 8148.22 0 0
18 148 57 8152.42 0 0
21 149 57 8156.62 0 0
20 151 57 8160.83 0 0
20 149 57 8165.04 0 0
20 153 57 8169.27 0 0
19 151 57 8173.49 0 0
20 151 57 8177.71 0 0
20 153 57 8181.91 0 0
22 151 57 8186.13 0 0
23 154 57 8190.34 0 0
22 151 57 8194.56 0 0
21 149 57 8198.78 0 0
21 153 57 8203 0 0
21 151 57 8207.21 0 0
21 143 57 8211.41 0 0
19 152 56 8215.62 0 0
21 143 57 8219.82 0 0
20 145 57 8224.04 0 0
23 143 57 8228.25 0 0
23 143 57 8232.48 0 0
26 155 58 8237.65 0 0
51 156 59 8241.86 0 0
57 154 58 8247.88 0 0
64 156 58 8252.09 0 0
77 154 58 8256.32 0 0
85 151 58 8260.52 0 0
93 156 58 8264.76 0 0
99 151 58 8268.98 0 0
103 147 58 8273.18 0 0
108 142 58 8277.38 0 0
112 136 58 8281.59 0 0
115 138 57 8285.79 0 0
118 132 57 8290.01 0 0
118 126 57 8294.26 0 0
121 121 57 8298.48 0 0
117 125 58 8302.72 0 0
118 122 57 8306.92 0 0
124 120 57 8311.12 0 0
121 124 57 8315.33 0 0
121 121 57 8319.57 0 0
119 119 57 8323.81 0 0
117 115 58 8328.1 0 0
123 118 57 8332.31 0 0
124 110 57 8336.51 0 0
124 110 57 8340.71 0 0
135 95 57 8347.02 0 0
137 88 57 8351.24 0 0
136 85 57 8355.49 0 0
139 76 57 8359.71 0 0
141 72 57 8363.93 0 0
139 69 57 8368.13 0 0
140 71 57 8372.33 0 0
140 66 57 8376.53 0 0
139 68 57 8380.76 0 0
140 70 57 8384.98 0 0
141 71 57 8389.22 0 0
140 71 57 8393.42 0 0
140 69 57 8397.64 0 0
136 65 57 8401.84 0 0
139 67 57 8406.04 0 0
141 70 57 8410.25 0 0
143 70 57 8414.47 0 0
140 70 57 8418.72 0 0
139 69 57 8422.94 0 0
141 66 57 8427.16 0 0
140 65 57 8431.37 0 0
141 68 57 8435.57 0 0
143 67 57 8439.78 0 0
140 64 57 8443.98 0 0
137 66 57 8448.19 0 0
138 66 57 8452.46 0 0
141 66 57 8456.67 0 0
141 66 57 8460.88 0 0
140 66 57 8465.07 0 0
140 67 57 8469.27 0 0
137 69 57 8473.49 0 0
140 65 57 8477.69 0 0
141 70 57 8481.93 0 0
140 69 57 8486.15 0 0
142 69 57 8490.36 0 0
139 68 57 8494.57 0 0
142 70 57 8498.77 0 0
141 73 57 8502.98 0 0
136 68 57 8507.21 0 0
141 70 57 8511.45 0 0
139 71 57 8515.68 0 0
143 69 57 8519.89 0 0
141 70 57 8524.09 0 0
140 70 57 8528.3 0 0
140 66 57 8532.5 0 0
148 64 57 8536.72 0 0
153 57 57 8540.94 0 0
154 49 57 8545.17 0 0
157 47 57 8549.38 0 0
157 43 57 8553.6 0 0
156 43 57 8557.8 0 0
157 42 57 8562 0 0
157 42 57 8566.22 0 0
158 43 56 8570.44 0 0
159 44 57 8574.69 0 0
157 43 56 8578.91 0 0
158 43 57 8583.13 0 0
158 43 57 8587.33 0 0
156 42 57 8591.54 0 0
159 43 57 8595.73 0 0
158 43 57 8599.95 0 0
158 42 57 8604.19 0 0
159 43 57 8608.42 0 0
154 42 56 8612.71 0 0
156 42 57 8616.94 0 0
159 44 57 8621.14 0 0
156 42 57 8625.34 0 0
158 45 57 8629.55 0 0
157 42 57 8633.76 0 0
157 43 57 8638 0 0
157 44 57 8642.22 0 0
157 43 57 8646.44 0 0
158 45 57 8650.64 0 0
159 41 56 8654.84 0 0
159 45 57 8659.04 0 0
160 46 57 8663.27 0 0
156 53 57 8667.49 0 0
151 59 57 8671.72 0 0
144 69 58 8675.95 0 0
137 79 58 8680.16 0 0
132 89 58 8684.36 0 0
126 103 58 8688.56 0 0
121 110 58 8692.77 0 0
114 125 58 8697.04 0 0
112 131 58 8701.27 0 0
110 153 58 8705.48 0 0
114 146 58 8709.71 0 0
113 150 58 8713.93 0 0
111 153 58 8718.13 0 0
114 153 57 8722.33 0 0
116 154 58 8726.54 0 0
113 152 58 8730.8 0 0
111 152 58 8735.05 0 0
114 153 58 8739.26 0 0
112 152 58 8743.46 0 0
115 152 57 8747.67 0 0
114 156 58 8751.88 0 0
112 151 58 8756.09 0 0
111 153 57 8760.3 0 0
110 155 58 8764.54 0 0
112 153 58 8768.75 0 0
110 155 57 8772.97 0 0
113 152 58 8777.17 0 0
109 156 58 8781.37 0 0
109 152 57 8785.59 0 0
113 155 58 8789.8 0 0
111 149 57 8794.05 0 0
110 151 58 8798.27 0 0
111 149 57 8802.48 0 0
110 152 58 8806.69 0 0
109 150 57 8810.89 0 0
111 153 58 8815.09 0 0
110 148 58 8819.31 0 0
111 152 58 8823.52 0 0
111 152 58 8828.38 0 0
113 153 58 8832.59 0 0
111 151 58 8836.79 0 0
112 155 58 8840.99 0 0
111 150 58 8845.19 0 0
111 149 57 8849.41 0 0
108 154 58 8853.63 0 0
112 151 58 8857.87 0 0
111 154 58 8862.08 0 0
110 151 58 8866.31 0 0
112 154 58 8870.51 0 0
111 150 58 8874.71 0 0
108 155 57 8878.91 0 0
113 148 58 8883.13 0 0
110 151 58 8887.36 0 0
110 147 58 8891.59 0 0
110 149 58 8895.8 0 0
112 149 58 8900 0 0
111 148 58 8904.21 0 0
114 153 58 8908.41 0 0
110 149 58 8912.66 0 0
110 150 58 8916.88 0 0
110 150 58 8921.11 0 0
113 150 58 8925.32 0 0
111 152 58 8929.53 0 0
111 150 58 8933.74 0 0
113 145 58 8937.94 0 0
109 150 58 8942.15 0 0
111 146 58 8946.36 0 0
111 151 58 8950.61 0 0
113 145 58 8954.83 0 0
111 149 58 8959.05 0 0
113 155 58 8963.25 0 0
110 152 58 8967.45 0 0
112 153 58 8971.65 0 0
109 151 58 8975.88 0 0
111 148 58 8980.1 0 0
111 147 58 8984.34 0 0
107 151 58 8988.57 0 0
112 155 58 8992.79 0 0
115 151 58 8997 0 0
110 148 58 9001.22 0 0
111 150 58 9005.44 0 0
112 155 58 9009.68 0 0
113 155 58 9013.93 0 0
110 148 58 9018.14 0 0
110 150 58 9022.36 0 0
111 150 58 9026.56 0 0
112 153 58 9030.77 0 0
112 153 58 9034.97 0 0
113 153 58 9039.18 0 0
112 149 58 9043.44 0 0
111 149 58 9047.66 0 0
111 147 58 9051.88 0 0
111 147 58 9056.08 0 0
111 150 58 9060.29 0 0
110 150 58 9064.5 0 0
109 151 58 9068.72 0 0
109 153 58 9072.93 0 0
112 155 58 9077.17 0 0
110 156 58 9081.43 0 0
112 147 58 9085.65 0 0
110 150 58 9089.85 0 0
112 149 58 9094.05 0 0
112 149 58 9098.28 0 0
109 149 58 9102.51 0 0
110 150 58 9106.74 0 0
112 155 58 9110.98 0 0
110 150 58 9115.21 0 0
111 150 58 9119.41 0 0
109 148 58 9123.61 0 0
111 147 58 9127.81 0 0
111 149 58 9132.03 0 0
112 146 58 9136.24 0 0
114 157 58 9140.48 0 0
109 151 58 9144.69 0 0
112 151 58 9148.89 0 0
113 152 58 9153.09 0 0
108 151 58 9157.29 0 0
112 152 58 9161.51 0 0
112 147 58 9165.72 0 0
109 149 58 9169.95 0 0
109 145 58 9174.15 0 0
108 146 58 9178.37 0 0
110 148 58 9182.58 0 0
109 146 58 9186.78 0 0
111 146 58 9190.99 0 0
110 147 58 9195.2 0 0
109 148 58 9199.45 0 0
112 146 58 9203.68 0 0
110 158 58 9207.89 0 0
111 152 58 9212.1 0 0
111 151 58 9216.3 0 0
111 151 58 9220.51 0 0
112 152 58 9224.73 0 0
112 148 58 9228.94 0 0
110 148 58 9233.17 0 0
110 148 58 9237.39 0 0
112 147 58 9241.61 0 0
108 150 58 9245.82 0 0
110 146 58 9250.02 0 0
110 146 58 9254.23 0 0
109 147 58 9258.44 0 0
111 147 58 9262.68 0 0
110 148 58 9266.92 0 0
110 149 58 9271.12 0 0
109 144 58 9275.32 0 0
110 148 58 9279.52 0 0
111 144 58 9283.73 0 0
109 149 58 9287.94 0 0
110 148 58 9292.15 0 0
111 145 58 9296.4 0 0
114 148 58 9300.62 0 0
111 146 58 9304.85 0 0
110 148 58 9309.05 0 0
112 146 58 9313.25 0 0
112 146 58 9317.47 0 0
111 148 58 9321.68 0 0
113 145 58 9325.91 0 0
111 147 58 9330.13 0 0
110 156 58 9334.34 0 0
111 150 58 9338.57 0 0
108 156 58 9342.77 0 0
112 154 58 9346.97 0 0
109 151 58 9351.19 0 0
110 156 58 9355.42 0 0
110 153 58 9359.64 0 0
114 151 58 9363.86 0 0
110 155 58 9368.08 0 0
114 150 58 9372.28 0 0
108 146 58 9376.48 0 0
110 148 58 9380.69 0 0
108 147 58 9384.9 0 0
102 151 59 9389.14 0 0
98 152 59 9393.36 0 0
90 157 59 9397.57 0 0
82 160 59 9401.77 0 0
76 168 59 9405.97 0 0
72 167 58 9410.19 0 0
66 176 58 9414.41 0 0
65 177 58 9418.63 0 0
62 177 58 9422.86 0 0
61 186 58 9427.09 0 0
65 182 58 9431.29 0 0
66 184 58 9435.49 0 0
66 180 58 9439.7 0 0
66 180 58 9446.71 0 0
64 180 58 9450.94 0 0
68 178 58 9455.15 0 0
64 181 58 9459.36 0 0
67 180 58 9463.56 0 0
66 181 58 9467.76 0 0
67 179 58 9471.96 0 0
66 182 58 9476.18 0 0
67 182 58 9480.42 0 0
65 185 58 9484.65 0 0
64 188 58 9488.86 0 0
64 185 58 9493.07 0 0
63 192 58 9497.28 0 0
62 190 58 9501.49 0 0
65 191 58 9505.71 0 0
68 190 58 9509.94 0 0
66 190 58 9514.18 0 0
64 190 58 9518.4 0 0
64 185 58 9522.61 0 0
64 187 58 9526.82 0 0
66 186 58 9531.02 0 0
63 188 58 9535.24 0 0
63 187 58 9539.44 0 0
63 187 58 9543.71 0 0
64 185 58 9550.19 0 0
68 188 58 9554.42 0 0
64 190 58 9558.62 0 0
64 197 58 9562.82 0 0
66 193 58 9567.05 0 0
65 197 58 9571.26 0 0
65 194 58 9575.49 0 0
65 194 58 9579.71 0 0
64 189 58 9583.92 0 0
66 189 58 9588.12 0 0
64 190 58 9592.33 0 0
67 189 58 9596.55 0 0
66 192 58 9600.78 0 0
63 188 58 9605 0 0
62 189 58 9609.41 0 0
64 190 58 9613.62 0 0
66 195 58 9617.83 0 0
65 193 58 9622.03 0 0
66 194 58 9626.23 0 0
63 193 58 9630.47 0 0
64 195 58 9634.68 0 0
67 194 58 9638.91 0 0
64 193 58 9643.12 0 0
65 193 58 9647.33 0 0
64 190 58 9651.53 0 0
65 193 58 9655.73 0 0
63 193 58 9659.94 0 0
67 189 58 9664.15 0 0
64 194 58 9668.39 0 0
66 193 58 9672.61 0 0
66 190 58 9676.82 0 0
65 198 58 9681.03 0 0
63 195 58 9685.23 0 0
65 195 58 9689.43 0 0
64 195 58 9696.46 0 0
65 193 58 9704.72 0 0
64 195 58 9713.17 0 0
64 195 58 9721.42 0 0
64 195 58 9729.69 0 0
66 192 58 9737.68 0 0
67 191 58 9741.9 0 0
65 186 58 9746.4 0 0
64 190 58 9750.6 0 0
63 186 58 9754.81 0 0
65 193 58 9759.02 0 0
64 192 57 9763.25 0 0
64 188 58 9767.48 0 0
61 193 58 9771.71 0 0
63 191 58 9775.91 0 0
65 191 58 9780.11 0 0
62 192 58 9784.31 0 0
65 186 58 9788.52 0 0
65 189 58 9792.76 0 0
61 192 58 9797 0 0
64 183 58 9801.21 0 0
65 187 58 9805.42 0 0
65 185 58 9809.62 0 0
67 174 58 9813.82 0 0
67 159 58 9818.03 0 0
64 147 58 9822.24 0 0
64 141 58 9826.47 0 0
62 142 58 9830.69 0 0
60 124 58 9834.91 0 0
56 122 58 9839.11 0 0
57 115 58 9843.31 0 0
55 113 58 9847.55 0 0
52 106 58 9851.79 0 0
51 101 58 9856.05 0 0
52 96 58 9860.27 0 0
51 87 58 9864.5 0 0
54 79 58 9871.28 0 0
54 77 58 9875.51 0 0
57 67 58 9879.73 0 0
56 61 58 9884 0 0
64 58 58 9888.25 0 0
62 48 58 9892.47 0 0
62 46 58 9896.68 0 0
61 41 58 9900.88 0 0
62 41 58 9905.08 0 0
62 42 58 9909.28 0 0
65 41 58 9913.5 0 0
61 42 58 9917.72 0 0
62 41 58 9921.96 0 0
61 40 58 9926.17 0 0
62 41 58 9930.38 0 0
65 40 58 9934.58 0 0
64 40 58 9938.79 0 0
61 40 58 9943 0 0
64 40 58 9947.21 0 0
61 39 58 9951.44 0 0
62 40 58 9955.66 0 0
63 40 58 9959.86 0 0
64 40 58 9964.06 0 0
62 40 58 9968.26 0 0
63 39 58 9972.47 0 0
62 40 58 9976.68 0 0
63 40 58 9980.92 0 0
63 39 58 9985.14 0 0
62 40 58 9989.35 0 0
64 40 58 9993.56 0 0
62 40 58 10000.4 0 0
63 39 58 10004.6 0 0
62 40 58 10008.9 0 0
63 39 58 10013.1 0 0
62 40 58 10017.3 0 0
62 40 58 10021.6 0 0
64 40 58 10025.8 0 0
63 39 58 10030 0 0
63 39 58 10034.2 0 0
62 40 58 10038.4 0 0
63 40 58 10042.6 0 0
65 39 58 10046.9 0 0
62 39 58 10051.1 0 0
63 39 58 10055.3 0 0
63 40 58 10059.5 0 0
65 39 58 10063.7 0 0
63 40 58 10067.9 0 0
63 40 58 10072.1 0 0
63 39 58 10076.4 0 0
63 40 58 10080.5 0 0
64 40 58 10084.8 0 0
65 39 58 10089 0 0
60 41 58 10093.3 0 0
61 41 58 10097.5 0 0
63 40 58 10101.7 0 0
63 40 58 10105.9 0 0
63 40 58 10112.7 0 0
64 40 58 10116.9 0 0
64 41 58 10121.1 0 0
63 40 58 10125.3 0 0
64 40 58 10129.6 0 0
62 41 58 10133.8 0 0
64 40 58 10138 0 0
62 41 58 10142.2 0 0
59 47 58 10146.5 0 0
55 54 58 10150.7 0 0
49 65 58 10154.9 0 0
42 79 58 10159.1 0 0
40 85 57 10163.3 0 0
40 92 57 10167.5 0 0
38 99 57 10171.7 0 0
38 108 57 10176 0 0
34 116 57 10180.2 0 0
35 123 57 10184.4 0 0
32 133 57 10188.6 0 0
27 149 57 10192.8 0 0
25 153 57 10197 0 0
23 160 57 10201.2 0 0
21 166 57 10205.5 0 0
22 177 57 10209.7 0 0
22 176 57 10213.9 0 0
23 174 57 10218.1 0 0
22 173 57 10222.3 0 0
25 172 57 10226.5 0 0
26 169 57 10230.7 0 0
25 170 57 10235 0 0
23 170 57 10241.7 0 0
21 172 57 10245.9 0 0
22 174 57 10250.1 0 0
22 178 57 10254.4 0 0
24 174 57 10258.6 0 0
24 173 57 10262.9 0 0
21 177 57 10267.1 0 0
25 171 57 10271.3 0 0
25 176 57 10275.5 0 0
23 170 57 10279.7 0 0
25 170 57 10283.9 0 0
22 168 57 10288.1 0 0
20 175 57 10292.3 0 0
24 179 57 10296.5 0 0
23 177 57 10300.8 0 0
23 172 57 10305 0 0
22 174 57 10309.2 0 0
21 177 57 10313.4 0 0
22 174 57 10317.6 0 0
23 173 57 10321.8 0 0
23 172 57 10326.1 0 0
24 174 57 10330.3 0 0
24 172 57 10334.5 0 0
23 171 57 10338.7 0 0
25 172 57 10343.2 0 0
23 167 57 10347.5 0 0
23 179 57 10354.3 0 0
21 172 57 10358.5 0 0
22 173 57 10362.7 0 0
24 169 57 10367 0 0
24 171 57 10371.2 0 0
27 163 57 10375.4 0 0
30 150 57 10379.6 0 0
27 153 57 10383.8 0 0
35 148 57 10388.1 0 0
31 150 57 10392.3 0 0
31 148 57 10396.5 0 0
30 148 57 10400.7 0 0
30 146 57 10404.9 0 0
26 147 57 10409.1 0 0
30 150 57 10413.3 0 0
30 145 57 10417.5 0 0
28 144 57 10421.8 0 0
29 149 57 10426.4 0 0
31 145 57 10430.6 0 0
27 146 57 10437.5 0 0
30 150 57 10441.7 0 0
30 145 57 10446 0 0
29 148 57 10450.2 0 0
32 147 57 10454.4 0 0
29 145 57 10458.6 0 0
30 143 57 10462.8 0 0
32 146 57 10467 0 0
28 152 57 10471.2 0 0
30 151 57 10475.5 0 0
32 151 57 10479.7 0 0
31 150 57 10483.9 0 0
30 148 57 10488.1 0 0
29 150 57 10492.3 0 0
29 147 57 10496.5 0 0
33 147 57 10500.8 0 0
30 147 57 10505 0 0
31 146 57 10509.2 0 0
30 148 57 10513.4 0 0
30 150 57 10517.6 0 0
29 150 57 10521.9 0 0
29 151 57 10526.1 0 0
29 148 57 10530.3 0 0
30 152 57 10534.5 0 0
30 151 57 10538.7 0 0
30 154 57 10545.6 0 0
32 148 57 10549.9 0 0
29 145 57 10554.1 0 0
33 134 57 10558.3 0 0
36 128 57 10562.6 0 0
37 118 57 10566.8 0 0
38 116 57 10571 0 0
38 116 57 10575.2 0 0
32 117 57 10579.4 0 0
35 116 57 10583.7 0 0
36 118 57 10587.9 0 0
34 116 57 10592.1 0 0
36 116 57 10596.3 0 0
34 117 57 10600.5 0 0
32 116 57 10604.7 0 0
36 119 57 10608.9 0 0
33 114 57 10613.1 0 0
35 116 57 10617.4 0 0
34 115 57 10621.6 0 0
36 115 57 10625.8 0 0
34 113 57 10630 0 0
37 113 57 10634.2 0 0
38 113 58 10638.5 0 0
45 102 58 10642.7 0 0
51 96 58 10646.9 0 0
63 83 58 10651.1 0 0
67 75 58 10658.2 0 0
68 68 58 10662.5 0 0
75 61 58 10666.7 0 0
76 58 58 10670.9 0 0
79 53 58 10675.1 0 0
80 52 58 10679.3 0 0
82 48 58 10683.5 0 0
83 46 58 10687.8 0 0
83 44 58 10692 0 0
81 46 58 10696.2 0 0
80 46 58 10700.4 0 0
83 47 58 10704.6 0 0
81 47 58 10708.8 0 0
81 47 58 10713 0 0
80 47 58 10717.2 0 0
82 47 58 10721.5 0 0
80 47 58 10725.7 0 0
82 47 58 10729.9 0 0
80 47 58 10734.1 0 0
82 46 58 10738.3 0 0
81 45 58 10742.5 0 0
80 47 58 10746.7 0 0
80 45 58 10750.9 0 0
81 45 58 10755.2 0 0
80 47 58 10759.4 0 0
80 47 58 10763.6 0 0
81 46 58 10768.9 0 0
82 46 58 10773.1 0 0
81 46 58 10777.3 0 0
80 46 58 10781.5 0 0
81 44 58 10785.8 0 0
81 46 58 10790 0 0
79 44 58 10794.2 0 0
81 45 58 10798.4 0 0
80 44 58 10802.6 0 0
80 47 58 10806.8 0 0
81 45 58 10811 0 0
82 46 58 10815.2 0 0
80 47 58 10819.5 0 0
80 46 58 10823.7 0 0
79 47 58 10827.9 0 0
81 45 58 10832.1 0 0
80 46 58 10836.3 0 0
78 47 58 10840.5 0 0
81 46 58 10844.7 0 0
79 46 58 10849 0 0
81 45 58 10853.2 0 0
80 44 58 10857.4 0 0
82 46 58 10861.6 0 0
83 45 58 10865.9 0 0
79 45 58 10870 0 0
82 46 58 10874.3 0 0
83 44 58 10878.5 0 0
80 46 58 10882.7 0 0
80 46 58 10887 0 0
82 45 58 10891.2 0 0
80 46 58 10895.4 0 0
81 45 58 10899.6 0 0
82 45 58 10903.8 0 0
81 46 58 10908 0 0
80 45 58 10912.2 0 0
79 44 58 10916.4 0 0
80 44 58 10920.7 0 0
79 44 58 10924.9 0 0
80 45 58 10929.1 0 0
80 45 58 10933.3 0 0
80 45 58 10937.5 0 0
77 46 58 10941.7 0 0
79 45 58 10945.9 0 0
78 46 58 10950.2 0 0
78 46 58 10954.4 0 0
80 45 58 10958.6 0 0
79 46 58 10962.8 0 0
85 46 58 10967 0 0
88 50 59 10971.2 0 0
97 48 59 10975.5 0 0
105 50 58 10979.7 0 0
112 53 58 10983.9 0 0
112 55 58 10988.1 0 0
112 57 58 10992.3 0 0
112 58 58 10996.5 0 0
112 57 57 11000.7 0 0
110 57 58 11005 0 0
111 59 58 11009.2 0 0
111 59 58 11013.4 0 0
