124 124 51 44049.9 0 0
126 124 52 44054.2 0 0
127 123 51 44058.4 0 0
125 123 52 44062.6 0 0
127 124 52 44066.9 0 0
127 125 52 44071.1 0 0
125 123 51 44075.3 0 0
126 125 52 44079.5 0 0
125 124 52 44083.7 0 0
125 124 52 44087.9 0 0
128 125 52 44092.2 0 0
125 121 52 44096.4 0 0
126 124 52 44100.6 0 0
124 122 52 44104.8 0 0
126 123 52 44109 0 0
127 124 52 44113.2 0 0
125 124 52 44120.3 0 0
125 124 52 44124.6 0 0
126 122 52 44128.8 0 0
127 123 52 44133 0 0
126 122 52 44137.2 0 0
125 123 52 44141.4 0 0
124 124 52 44145.6 0 0
126 122 52 44149.8 0 0
125 125 52 44154.1 0 0
125 122 52 44158.3 0 0
127 125 52 44162.5 0 0
122 145 52 44166.7 0 0
126 122 53 44170.9 0 0
125 122 52 44175.1 0 0
124 123 53 44179.3 0 0
126 122 52 44183.6 0 0
126 122 53 44187.8 0 0
125 140 53 44192 0 0
127 123 53 44196.2 0 0
123 144 52 44200.4 0 0
126 121 53 44204.7 0 0
125 125 53 44208.9 0 0
126 125 53 44213.1 0 0
122 149 53 44220 0 0
126 123 53 44224.2 0 0
125 125 53 44228.5 0 0
124 122 53 44232.7 0 0
129 126 53 44236.9 0 0
126 125 53 44241.1 0 0
122 138 53 44245.3 0 0
126 123 53 44249.5 0 0
124 142 53 44253.7 0 0
127 122 53 44258.4 0 0
127 126 53 44262.6 0 0
126 123 53 44266.8 0 0
125 123 53 44271.1 0 0
125 143 53 44275.3 0 0
125 123 53 44279.5 0 0
124 138 53 44283.7 0 0
127 123 53 44287.9 0 0
128 107 53 44292.1 0 0
123 143 53 44296.3 0 0
123 141 53 44300.6 0 0
119 143 53 44304.8 0 0
125 121 53 44311.7 0 0
122 151 53 44315.9 0 0
125 122 53 44320.1 0 0
126 121 53 44324.3 0 0
124 124 53 44328.5 0 0
127 132 53 44332.8 0 0
121 138 53 44337 0 0
125 137 53 44341.5 0 0
126 122 53 44345.7 0 0
124 141 53 44349.9 0 0
125 125 53 44354.2 0 0
126 123 53 44358.3 0 0
115 141 53 44362.6 0 0
114 118 54 44366.8 0 0
107 112 54 44371 0 0
97 106 54 44375.2 0 0
91 101 54 44379.4 0 0
87 96 53 44383.7 0 0
80 92 52 44387.9 0 0
73 79 52 44392.1 0 0
73 74 51 44399.3 0 0
73 76 50 44407.5 0 0
72 75 50 44415.8 0 0
73 72 50 44424.2 0 0
71 73 50 44432.5 0 0
73 72 50 44440.8 0 0
72 72 49 44449.2 0 0
71 71 49 44457.5 0 0
71 71 49 44465.7 0 0
72 71 48 44473.3 0 0
72 73 47 44477.5 0 0
73 72 47 44482.5 0 0
72 72 47 44486.7 0 0
72 72 47 44491 0 0
71 72 47 44495.2 0 0
72 71 47 44499.4 0 0
71 73 47 44503.7 0 0
72 72 47 44508 0 0
74 72 47 44512.2 0 0
71 72 46 44516.4 0 0
72 73 46 44520.6 0 0
73 76 46 44524.8 0 0
80 76 46 44529.1 0 0
92 78 47 44533.3 0 0
103 78 47 44537.5 0 0
113 80 47 44541.7 0 0
120 84 47 44545.9 0 0
127 85 47 44550.1 0 0
129 88 46 44554.3 0 0
132 86 46 44558.5 0 0
132 86 46 44562.8 0 0
126 87 46 44567.2 0 0
125 85 46 44571.4 0 0
128 87 45 44575.6 0 0
126 88 46 44579.8 0 0
128 87 45 44584 0 0
129 84 45 44588.2 0 0
127 85 45 44592.4 0 0
130 85 45 44596.7 0 0
128 84 45 44600.9 0 0
129 88 45 44605.1 0 0
129 85 45 44609.3 0 0
127 86 45 44613.5 0 0
128 86 45 44617.7 0 0
126 88 45 44622 0 0
129 85 45 44626.2 0 0
128 86 45 44630.4 0 0
128 86 45 44634.6 0 0
127 88 45 44638.8 0 0
128 88 44 44643.1 0 0
127 86 45 44652.3 0 0
127 88 45 44656.6 0 0
127 87 44 44660.8 0 0
128 85 44 44665.1 0 0
129 86 44 44669.3 0 0
129 85 44 44673.5 0 0
128 83 44 44677.7 0 0
129 88 45 44681.9 0 0
128 86 44 44686.1 0 0
128 84 45 44690.4 0 0
128 88 44 44694.6 0 0
128 87 44 44698.8 0 0
128 87 45 44703 0 0
127 88 44 44707.2 0 0
130 85 44 44711.5 0 0
127 86 44 44715.8 0 0
127 86 44 44720 0 0
129 87 45 44724.3 0 0
130 84 44 44728.5 0 0
128 84 44 44732.7 0 0
129 86 44 44736.9 0 0
130 83 45 44741.1 0 0
128 85 44 44745.3 0 0
129 82 45 44749.6 0 0
129 85 44 44753.8 0 0
128 84 45 44758 0 0
127 83 44 44762.2 0 0
129 83 44 44766.4 0 0
129 83 45 44770.7 0 0
129 85 45 44774.9 0 0
128 88 44 44779.1 0 0
129 84 45 44783.4 0 0
130 83 44 44787.6 0 0
129 85 45 44791.8 0 0
129 85 45 44796 0 0
128 84 45 44801.4 0 0
128 84 45 44805.7 0 0
128 85 45 44809.9 0 0
127 80 45 44814.1 0 0
128 72 45 44818.3 0 0
129 70 45 44822.5 0 0
129 66 45 44826.8 0 0
127 70 45 44830.9 0 0
127 70 45 44835.2 0 0
125 72 45 44839.4 0 0
127 71 45 44843.6 0 0
128 69 46 44847.8 0 0
125 70 45 44852.1 0 0
128 72 45 44856.3 0 0
129 73 45 44860.5 0 0
128 72 45 44864.7 0 0
126 71 45 44868.9 0 0
127 72 45 44873.2 0 0
128 73 46 44877.4 0 0
127 72 46 44881.6 0 0
128 70 45 44885.8 0 0
126 73 45 44890 0 0
128 74 45 44894.2 0 0
128 72 46 44898.5 0 0
125 73 46 44902.7 0 0
128 69 46 44907.4 0 0
128 72 46 44911.6 0 0
128 71 46 44915.8 0 0
127 69 46 44920 0 0
125 70 46 44924.2 0 0
127 71 46 44928.5 0 0
127 68 46 44932.7 0 0
127 71 46 44936.9 0 0
128 71 46 44941.5 0 0
127 71 46 44945.7 0 0
126 69 46 44949.9 0 0
128 70 46 44954.2 0 0
129 69 46 44958.4 0 0
128 68 46 44962.6 0 0
128 71 46 44966.8 0 0
127 71 46 44971.1 0 0
128 70 47 44975.3 0 0
127 71 47 44979.5 0 0
129 70 47 44983.7 0 0
129 70 47 44987.9 0 0
127 70 47 44992.3 0 0
128 71 47 44996.5 0 0
130 70 47 45000.7 0 0
128 70 47 45005 0 0
126 71 47 45009.2 0 0
128 71 47 45013.4 0 0
128 72 47 45017.6 0 0
129 71 47 45021.9 0 0
129 70 47 45026.1 0 0
129 72 48 45030.3 0 0
127 72 48 45034.6 0 0
127 71 48 45038.8 0 0
128 73 48 45043 0 0
128 72 48 45047.2 0 0
129 72 48 45051.4 0 0
128 71 48 45055.6 0 0
128 70 48 45059.8 0 0
129 72 48 45064.1 0 0
128 70 49 45068.3 0 0
128 72 48 45072.5 0 0
129 71 48 45076.7 0 0
129 68 48 45080.9 0 0
129 70 49 45085.2 0 0
129 71 48 45089.4 0 0
129 73 48 45093.7 0 0
128 74 48 45097.9 0 0
127 73 48 45102.1 0 0
128 72 49 45106.3 0 0
128 71 48 45110.5 0 0
127 72 49 45114.7 0 0
128 72 49 45118.9 0 0
129 71 49 45123.2 0 0
128 74 49 45127.4 0 0
128 72 49 45131.6 0 0
127 72 49 45135.8 0 0
129 73 49 45140 0 0
128 74 49 45144.2 0 0
128 72 49 45148.5 0 0
129 73 49 45152.8 0 0
128 74 49 45157.5 0 0
128 71 49 45161.7 0 0
130 72 49 45165.9 0 0
129 72 49 45170.1 0 0
130 70 49 45174.3 0 0
129 72 49 45178.6 0 0
128 71 49 45182.8 0 0
130 73 49 45187 0 0
129 70 50 45191.6 0 0
128 74 49 45195.8 0 0
128 75 50 45200 0 0
129 74 50 45204.2 0 0
129 72 49 45208.4 0 0
130 74 50 45212.6 0 0
129 72 50 45216.8 0 0
127 72 49 45221.1 0 0
130 73 49 45225.3 0 0
129 73 50 45229.5 0 0
128 73 49 45233.7 0 0
130 72 50 45237.9 0 0
129 72 50 45242.6 0 0
129 74 50 45246.9 0 0
128 72 50 45251.1 0 0
129 72 50 45255.4 0 0
128 72 50 45259.6 0 0
130 72 50 45263.8 0 0
129 73 50 45268.1 0 0
129 74 50 45272.3 0 0
130 74 50 45276.5 0 0
128 74 50 45280.7 0 0
129 74 50 45284.9 0 0
129 75 50 45289.1 0 0
128 74 51 45293.3 0 0
128 75 50 45297.6 0 0
130 73 50 45301.8 0 0
130 71 51 45306 0 0
129 74 50 45310.2 0 0
129 72 51 45314.4 0 0
129 75 50 45318.7 0 0
127 73 50 45322.8 0 0
129 74 50 45327.1 0 0
128 74 50 45331.2 0 0
130 76 50 45335.5 0 0
131 73 51 45339.7 0 0
128 76 51 45343.9 0 0
128 74 50 45348.2 0 0
129 76 50 45352.4 0 0
129 75 50 45356.6 0 0
128 73 50 45360.9 0 0
128 75 51 45365.1 0 0
127 75 51 45369.4 0 0
129 77 51 45373.7 0 0
129 76 51 45377.9 0 0
130 74 51 45382.1 0 0
127 74 51 45386.3 0 0
128 72 51 45390.5 0 0
130 74 51 45394.7 0 0
129 72 51 45398.9 0 0
130 74 51 45403.2 0 0
130 74 51 45407.4 0 0
130 73 50 45411.6 0 0
131 74 51 45415.8 0 0
130 73 51 45420 0 0
130 73 51 45424.2 0 0
130 75 51 45428.5 0 0
130 75 51 45432.8 0 0
129 75 51 45437 0 0
128 77 51 45441.3 0 0
129 77 51 45445.5 0 0
128 76 51 45449.7 0 0
129 76 51 45453.9 0 0
128 78 51 45458.1 0 0
128 74 51 45462.4 0 0
129 78 52 45466.6 0 0
130 75 51 45470.9 0 0
131 72 51 45475.1 0 0
129 77 52 45479.3 0 0
130 75 51 45483.5 0 0
128 77 51 45487.7 0 0
129 75 51 45492.1 0 0
130 77 51 45496.3 0 0
129 76 51 45500.5 0 0
130 74 51 45504.8 0 0
128 79 51 45509 0 0
129 75 51 45513.2 0 0
129 73 51 45517.4 0 0
130 75 51 45521.7 0 0
129 73 51 45525.9 0 0
129 76 51 45530.1 0 0
130 73 52 45534.4 0 0
129 74 51 45538.6 0 0
128 74 51 45542.8 0 0
129 75 51 45547 0 0
128 76 51 45551.2 0 0
129 75 51 45555.4 0 0
129 75 51 45559.7 0 0
129 75 51 45563.9 0 0
129 74 51 45568.1 0 0
130 74 52 45572.3 0 0
130 75 51 45576.5 0 0
128 75 51 45580.7 0 0
131 75 51 45585 0 0
129 70 52 45589.2 0 0
130 68 51 45593.5 0 0
130 68 52 45597.7 0 0
131 68 52 45601.9 0 0
130 67 52 45606.1 0 0
131 68 52 45610.3 0 0
130 71 52 45614.6 0 0
131 68 52 45618.8 0 0
130 68 52 45623.1 0 0
131 68 52 45627.4 0 0
131 66 51 45631.6 0 0
132 69 51 45635.8 0 0
129 68 52 45640 0 0
129 68 52 45644.2 0 0
130 69 52 45648.4 0 0
130 67 51 45652.6 0 0
132 67 52 45657.6 0 0
131 70 52 45661.8 0 0
131 68 52 45666 0 0
129 68 52 45670.2 0 0
132 67 52 45674.4 0 0
129 67 52 45678.6 0 0
130 67 52 45682.8 0 0
130 69 52 45687.1 0 0
130 68 51 45691.3 0 0
129 68 52 45695.5 0 0
131 67 52 45699.7 0 0
129 70 52 45703.9 0 0
130 67 52 45708.2 0 0
130 68 52 45712.4 0 0
130 68 52 45716.7 0 0
129 68 52 45720.9 0 0
130 67 52 45725.1 0 0
130 66 52 45729.3 0 0
129 67 52 45733.5 0 0
130 66 52 45737.7 0 0
131 66 52 45742.2 0 0
129 69 52 45746.4 0 0
130 67 52 45750.7 0 0
131 66 52 45754.9 0 0
129 66 52 45759.2 0 0
132 65 52 45763.4 0 0
132 67 52 45767.6 0 0
139 64 52 45771.8 0 0
147 60 54 45776 0 0
157 57 54 45780.3 0 0
165 52 53 45784.5 0 0
172 47 53 45788.7 0 0
178 35 53 45792.9 0 0
68 208 52 45797.1 0 0
71 179 53 45814.1 0 0
260 240 52 45826.7 0 0
106 179 52 45835.1 0 0
183 32 53 45843.6 0 0
181 25 52 45852 0 0
114 146 53 45856.2 0 0
114 146 0 45860.4 0 0
181 36 53 45868.9 0 0
183 39 52 45873.1 0 0
182 37 53 45885.8 0 0
180 42 52 45890 0 0
179 40 52 45894.2 0 0
180 39 52 45902.6 0 0
181 40 53 45906.8 0 0
180 41 52 45911.1 0 0
179 40 52 45915.3 0 0
181 40 52 45919.5 0 0
180 40 53 45923.7 0 0
180 41 53 45927.9 0 0
180 42 52 45932.2 0 0
180 38 52 45936.4 0 0
180 42 52 45940.7 0 0
181 41 53 45944.9 0 0
179 41 52 45949.1 0 0
180 42 53 45953.3 0 0
180 42 52 45957.5 0 0
181 42 52 45961.7 0 0
181 42 52 45966 0 0
178 41 52 45973.3 0 0
180 41 52 45977.5 0 0
180 42 52 45981.7 0 0
180 42 52 45985.9 0 0
179 42 52 45990.2 0 0
180 43 52 45994.4 0 0
181 43 52 45998.6 0 0
179 41 52 46002.8 0 0
181 41 52 46007.1 0 0
181 42 52 46011.3 0 0
180 42 52 46015.5 0 0
181 42 52 46019.7 0 0
180 40 52 46024 0 0
180 41 52 46028.3 0 0
180 41 52 46032.6 0 0
180 40 52 46039.4 0 0
178 40 52 46043.6 0 0
179 39 51 46047.8 0 0
180 41 53 46052 0 0
179 40 52 46056.2 0 0
181 41 51 46060.5 0 0
181 40 51 46064.7 0 0
180 38 52 46068.9 0 0
179 40 52 46073.2 0 0
181 41 52 46077.3 0 0
180 41 52 46081.6 0 0
179 40 52 46085.8 0 0
178 40 51 46090 0 0
181 40 51 46094.2 0 0
180 40 52 46098.4 0 0
181 40 51 46102.6 0 0
179 42 51 46106.8 0 0
180 43 51 46111.1 0 0
182 42 51 46115.3 0 0
180 40 51 46119.5 0 0
179 41 52 46123.7 0 0
181 40 52 46128 0 0
180 40 51 46132.2 0 0
179 39 51 46136.4 0 0
180 42 51 46140.6 0 0
180 39 52 46144.8 0 0
179 40 52 46151.8 0 0
177 40 52 46160 0 0
177 40 52 46168.5 0 0
179 42 51 46176.4 0 0
179 42 52 46180.9 0 0
178 42 52 46185.1 0 0
179 41 51 46190.7 0 0
179 41 52 46194.9 0 0
180 43 51 46201.7 0 0
181 43 52 46205.9 0 0
180 43 52 46210.2 0 0
178 42 51 46214.4 0 0
180 41 52 46218.6 0 0
178 43 51 46222.8 0 0
178 42 51 46227 0 0
177 41 52 46231.2 0 0
180 43 52 46235.4 0 0
181 42 51 46239.7 0 0
178 43 52 46243.9 0 0
179 43 52 46248.2 0 0
179 43 52 46252.5 0 0
180 43 51 46256.8 0 0
180 41 51 46261 0 0
181 44 51 46265.2 0 0
179 43 51 46269.4 0 0
180 42 51 46273.6 0 0
180 43 52 46277.8 0 0
180 41 51 46282.5 0 0
182 44 51 46286.7 0 0
180 43 51 46293.4 0 0
179 43 52 46297.6 0 0
180 40 52 46301.8 0 0
177 41 51 46306 0 0
181 39 52 46310.3 0 0
178 39 51 46314.5 0 0
177 39 51 46318.7 0 0
180 43 51 46322.9 0 0
179 39 51 46327.1 0 0
181 39 52 46331.3 0 0
179 40 51 46335.5 0 0
179 38 51 46339.9 0 0
177 40 52 46344.1 0 0
180 39 52 46348.4 0 0
177 40 52 46352.6 0 0
179 41 52 46356.8 0 0
181 43 52 46361 0 0
178 43 53 46365.2 0 0
178 40 51 46369.4 0 0
179 43 51 46373.7 0 0
182 42 51 46377.9 0 0
180 42 51 46384.8 0 0
180 42 52 46393.1 0 0
179 40 52 46401.5 0 0
178 40 52 46409.8 0 0
178 40 52 46418.2 0 0
180 39 51 46426.5 0 0
179 41 51 46430.8 0 0
179 40 52 46435 0 0
178 39 52 46439.2 0 0
178 38 52 46443.4 0 0
182 42 52 46447.7 0 0
180 40 51 46451.8 0 0
179 40 52 46456.1 0 0
181 40 52 46460.3 0 0
179 42 52 46464.5 0 0
180 42 52 46468.8 0 0
180 39 51 46473 0 0
178 39 53 46477.2 0 0
181 41 52 46481.4 0 0
180 40 51 46485.6 0 0
177 39 52 46489.9 0 0
180 40 52 46494.1 0 0
180 38 52 46498.3 0 0
181 41 51 46502.6 0 0
180 40 52 46506.9 0 0
181 40 52 46511.1 0 0
180 39 52 46517.9 0 0
180 41 52 46522.2 0 0
178 40 52 46526.4 0 0
181 40 52 46530.7 0 0
180 40 52 46534.9 0 0
182 40 52 46539.1 0 0
180 37 52 46543.3 0 0
180 41 52 46547.5 0 0
179 40 52 46551.8 0 0
182 39 52 46556 0 0
181 40 52 46560.2 0 0
180 41 52 46564.4 0 0
179 40 52 46568.7 0 0
179 40 53 46572.9 0 0
179 40 52 46577.1 0 0
181 41 52 46581.3 0 0
181 41 52 46585.5 0 0
179 41 52 46589.7 0 0
181 41 52 46594 0 0
179 41 52 46598.2 0 0
178 42 52 46602.4 0 0
181 42 52 46606.6 0 0
180 39 52 46610.8 0 0
181 42 52 46615 0 0
179 40 52 46619.2 0 0
180 45 52 46623.5 0 0
180 41 53 46627.7 0 0
182 41 52 46634.8 0 0
180 40 52 46639 0 0
179 40 52 46643.2 0 0
181 41 52 46647.4 0 0
181 42 52 46651.6 0 0
180 41 53 46655.9 0 0
180 39 52 46660.1 0 0
180 40 52 46664.3 0 0
180 40 52 46668.5 0 0
178 41 52 46672.8 0 0
181 42 52 46677 0 0
181 41 52 46681.2 0 0
181 42 52 46685.5 0 0
180 39 52 46689.8 0 0
179 39 52 46694 0 0
179 41 52 46698.2 0 0
180 41 52 46702.4 0 0
181 40 53 46706.6 0 0
172 38 53 46713.7 0 0
154 36 54 46722.2 0 0
136 33 54 46730.4 0 0
119 32 53 46738.7 0 0
119 32 53 46747 0 0
102 25 53 46754.6 0 0
92 24 52 46758.8 0 0
85 28 52 46763.7 0 0
88 29 52 46767.9 0 0
87 29 52 46772.2 0 0
88 27 52 46776.4 0 0
89 28 52 46780.7 0 0
90 27 52 46784.9 0 0
89 27 52 46789.1 0 0
90 26 52 46793.3 0 0
90 26 0 46797.5 0 0
87 27 52 46802.1 0 0
88 27 52 46806.4 0 0
87 26 52 46810.6 0 0
87 27 52 46814.8 0 0
90 27 52 46819 0 0
87 25 52 46823.2 0 0
87 29 52 46827.5 0 0
88 27 52 46831.7 0 0
88 26 52 46838.6 0 0
88 26 52 46847.1 0 0
88 28 52 46855.3 0 0
87 28 52 46863.6 0 0
87 28 52 46872.1 0 0
86 27 52 46879.6 0 0
88 28 52 46883.8 0 0
88 27 52 46888.6 0 0
87 27 52 46892.8 0 0
87 26 52 46897 0 0
89 27 52 46901.3 0 0
87 26 52 46905.5 0 0
88 26 52 46909.8 0 0
87 29 52 46913.9 0 0
91 27 52 46918.2 0 0
89 26 52 46922.5 0 0
88 26 52 46926.7 0 0
89 26 52 46930.9 0 0
88 27 52 46935.2 0 0
87 26 52 46939.4 0 0
89 27 52 46943.6 0 0
89 26 52 46947.8 0 0
87 27 52 46952 0 0
88 27 52 46956.2 0 0
89 27 52 46960.4 0 0
88 26 52 46964.7 0 0
89 28 53 46968.9 0 0
88 26 52 46973.1 0 0
88 27 52 46977.3 0 0
89 25 53 46981.5 0 0
87 26 52 46988.4 0 0
87 26 52 46996.7 0 0
88 27 52 47004.6 0 0
88 28 52 47008.8 0 0
89 23 52 47013.7 0 0
85 20 52 47017.9 0 0
85 20 0 47022.1 0 0
84 22 51 47026.3 0 0
84 24 51 47030.5 0 0
85 23 51 47034.8 0 0
85 23 0 47039 0 0
85 22 51 47043.2 0 0
84 20 52 47047.4 0 0
84 21 51 47051.6 0 0
84 22 51 47055.9 0 0
84 21 51 47060.1 0 0
85 19 51 47064.3 0 0
84 20 50 47068.5 0 0
85 21 50 47072.7 0 0
84 20 51 47076.9 0 0
84 20 0 47081.1 0 0
86 19 50 47085.4 0 0
83 19 50 47089.6 0 0
83 19 0 47093.8 0 0
86 19 50 47098.1 0 0
82 22 49 47102.3 0 0
87 22 50 47109.3 0 0
85 20 49 47113.5 0 0
84 21 50 47117.8 0 0
85 23 49 47122.2 0 0
85 20 50 47126.4 0 0
84 18 49 47130.6 0 0
85 19 49 47134.8 0 0
86 19 49 47139 0 0
84 20 49 47143.2 0 0
84 21 49 47147.5 0 0
85 20 49 47151.7 0 0
84 22 49 47155.9 0 0
85 20 49 47160.1 0 0
83 21 49 47164.4 0 0
85 20 48 47168.6 0 0
85 18 48 47172.8 0 0
84 21 49 47177 0 0
85 18 48 47181.2 0 0
85 18 48 47185.4 0 0
84 17 48 47189.6 0 0
86 17 48 47196.7 0 0
84 18 48 47201 0 0
87 17 48 47205.2 0 0
83 18 48 47209.4 0 0
84 17 48 47213.7 0 0
86 17 48 47217.9 0 0
84 18 48 47222.1 0 0
84 18 47 47226.3 0 0
84 19 48 47230.5 0 0
86 18 48 47234.8 0 0
86 16 48 47239 0 0
85 18 48 47243.3 0 0
85 17 48 47247.5 0 0
87 19 47 47251.8 0 0
84 18 48 47256.1 0 0
86 17 47 47260.4 0 0
85 18 48 47264.6 0 0
83 19 47 47268.8 0 0
87 17 47 47275.7 0 0
83 18 47 47279.9 0 0
84 18 47 47284.2 0 0
86 17 47 47288.4 0 0
83 19 47 47292.6 0 0
86 18 47 47296.8 0 0
86 17 48 47301 0 0
85 18 47 47305.3 0 0
85 16 47 47309.5 0 0
86 16 47 47313.8 0 0
86 17 47 47318 0 0
85 18 47 47322.2 0 0
85 18 47 47326.4 0 0
87 15 47 47330.6 0 0
87 18 47 47334.8 0 0
85 17 47 47339 0 0
85 18 47 47343.4 0 0
84 19 47 47347.7 0 0
83 18 47 47351.9 0 0
85 18 47 47356.1 0 0
85 19 47 47360.3 0 0
85 23 47 47367.3 0 0
86 16 47 47371.6 0 0
85 16 47 47376.3 0 0
85 17 47 47380.5 0 0
84 19 48 47384.7 0 0
85 17 47 47388.9 0 0
85 18 48 47393.1 0 0
85 17 48 47397.3 0 0
85 18 47 47401.5 0 0
86 15 48 47405.8 0 0
85 16 48 47410 0 0
86 17 47 47414.2 0 0
87 18 48 47418.4 0 0
86 16 48 47422.6 0 0
84 18 47 47429.8 0 0
85 17 47 47438 0 0
85 16 48 47446.5 0 0
85 18 47 47454.7 0 0
84 18 47 47463 0 0
85 16 48 47471.5 0 0
88 17 48 47479.9 0 0
86 19 48 47487.9 0 0
86 19 48 47496.4 0 0
87 18 47 47504.6 0 0
86 16 48 47508.8 0 0
86 18 48 47513 0 0
86 17 48 47517.2 0 0
86 16 48 47521.4 0 0
86 17 48 47525.7 0 0
85 16 48 47529.9 0 0
85 18 48 47534.1 0 0
85 17 48 47538.3 0 0
87 15 48 47542.5 0 0
89 18 48 47546.8 0 0
86 16 48 47550.9 0 0
86 17 48 47555.2 0 0
86 18 48 47559.4 0 0
86 17 48 47564 0 0
88 16 48 47568.2 0 0
86 16 48 47572.4 0 0
88 17 48 47576.6 0 0
87 17 48 47580.8 0 0
86 18 49 47585.1 0 0
85 17 49 47589.3 0 0
85 17 49 47593.5 0 0
86 19 49 47598.3 0 0
87 18 49 47602.5 0 0
86 18 49 47606.7 0 0
86 18 49 47610.9 0 0
86 18 49 47615.1 0 0
86 18 49 47619.4 0 0
87 20 48 47623.6 0 0
87 18 49 47627.8 0 0
84 20 49 47632.1 0 0
86 21 49 47636.3 0 0
85 19 49 47640.5 0 0
84 20 49 47644.7 0 0
85 17 49 47648.9 0 0
80 22 49 47653.1 0 0
71 12 50 47657.8 0 0
64 20 49 47662 0 0
57 22 50 47666.2 0 0
52 21 49 47670.4 0 0
33 29 48 47683.1 0 0
33 31 48 47687.5 0 0
29 52 48 47725.5 0 0
24 38 48 47729.8 0 0
26 39 48 47738.2 0 0
26 38 48 47742.4 0 0
26 36 48 47746.6 0 0
27 40 48 47755.1 0 0
25 37 48 47759.4 0 0
25 37 0 47763.6 0 0
27 52 48 47767.8 0 0
32 53 49 47776.2 0 0
26 33 49 47780.5 0 0
26 36 48 47788.9 0 0
27 33 48 47793.1 0 0
27 36 49 47797.3 0 0
27 36 49 47801.5 0 0
26 36 49 47805.7 0 0
27 35 49 47814.2 0 0
27 37 48 47818.4 0 0
31 57 49 47822.6 0 0
26 37 49 47826.8 0 0
28 54 49 47835.2 0 0
31 57 49 47839.5 0 0
27 35 49 47843.7 0 0
27 36 49 47852.1 0 0
31 50 49 47856.3 0 0
31 50 0 47860.5 0 0
29 37 49 47864.8 0 0
28 37 48 47869 0 0
28 35 49 47873.2 0 0
30 53 49 47877.6 0 0
28 39 49 47886.1 0 0
27 38 49 47894.5 0 0
28 37 49 47898.7 0 0
26 38 49 47902.9 0 0
26 38 0 47907.2 0 0
26 37 48 47911.4 0 0
26 41 49 47915.6 0 0
27 39 49 47919.8 0 0
25 39 49 47924 0 0
27 39 49 47928.2 0 0
31 58 49 47936.7 0 0
26 41 48 47940.9 0 0
31 60 49 47945.1 0 0
31 60 0 47949.3 0 0
32 35 49 47953.6 0 0
33 43 48 47970.5 0 0
30 35 48 47974.7 0 0
30 36 48 47978.9 0 0
32 34 48 47983.1 0 0
32 33 48 47987.3 0 0
30 36 48 47991.6 0 0
30 35 48 47995.8 0 0
31 44 47 48000.1 0 0
31 44 0 48004.5 0 0
34 47 47 48008.7 0 0
30 38 47 48012.9 0 0
32 37 47 48017.1 0 0
31 36 47 48021.3 0 0
32 34 47 48025.6 0 0
34 48 47 48029.8 0 0
32 42 47 48034 0 0
31 35 47 48038.2 0 0
30 35 47 48042.5 0 0
33 44 46 48046.7 0 0
32 42 46 48059.5 0 0
34 52 46 48068.2 0 0
37 51 46 48076.6 0 0
33 35 45 48080.8 0 0
31 36 46 48085 0 0
31 37 45 48089.2 0 0
33 34 46 48093.4 0 0
30 36 46 48097.7 0 0
32 36 45 48101.9 0 0
32 35 45 48106.1 0 0
33 32 45 48110.3 0 0
32 38 45 48114.5 0 0
32 33 45 48118.8 0 0
31 35 45 48123 0 0
33 34 45 48127.2 0 0
33 35 45 48131.4 0 0
34 34 45 48135.6 0 0
30 34 45 48139.8 0 0
31 34 44 48144.1 0 0
30 36 44 48148.3 0 0
30 36 45 48152.5 0 0
32 36 44 48156.7 0 0
31 36 45 48160.9 0 0
32 34 45 48165.1 0 0
31 34 44 48169.3 0 0
35 58 45 48173.6 0 0
33 31 44 48177.8 0 0
33 36 44 48182 0 0
34 34 45 48186.3 0 0
32 35 45 48190.5 0 0
30 36 45 48194.7 0 0
31 33 44 48198.9 0 0
33 34 44 48203.1 0 0
31 35 44 48207.3 0 0
30 35 45 48211.6 0 0
30 36 45 48216 0 0
31 36 44 48220.3 0 0
34 35 45 48224.5 0 0
32 35 44 48228.7 0 0
32 36 45 48232.9 0 0
31 35 44 48237.1 0 0
32 33 45 48241.3 0 0
31 34 45 48245.5 0 0
30 35 44 48249.7 0 0
34 50 44 48254 0 0
33 32 44 48258.3 0 0
31 35 44 48262.5 0 0
33 34 44 48266.7 0 0
32 33 44 48270.9 0 0
32 32 45 48275.2 0 0
33 33 45 48279.4 0 0
32 49 44 48283.6 0 0
32 34 45 48287.8 0 0
35 48 45 48292.1 0 0
36 66 44 48296.2 0 0
33 33 45 48300.4 0 0
32 32 44 48304.7 0 0
33 35 44 48308.9 0 0
31 32 44 48313.1 0 0
30 35 45 48317.3 0 0
31 34 44 48321.6 0 0
31 35 45 48326 0 0
33 33 45 48330.2 0 0
32 35 45 48334.4 0 0
31 32 45 48338.6 0 0
31 33 45 48343.1 0 0
28 33 45 48347.3 0 0
32 33 45 48351.5 0 0
31 32 45 48355.7 0 0
30 35 44 48359.9 0 0
30 32 45 48364.2 0 0
31 32 45 48368.4 0 0
30 34 45 48372.6 0 0
31 33 45 48377 0 0
31 32 45 48381.2 0 0
29 35 45 48385.4 0 0
30 34 46 48389.6 0 0
30 32 45 48393.8 0 0
30 32 45 48398.1 0 0
30 34 45 48402.3 0 0
32 32 45 48406.5 0 0
31 32 46 48410.7 0 0
30 35 46 48415 0 0
30 35 0 48419.2 0 0
30 34 45 48423.4 0 0
31 32 46 48427.6 0 0
32 33 46 48431.8 0 0
29 35 46 48436.1 0 0
33 32 46 48440.3 0 0
32 32 46 48444.5 0 0
32 54 46 48448.8 0 0
30 34 45 48452.9 0 0
30 34 0 48457.1 0 0
32 32 46 48461.4 0 0
36 61 46 48465.6 0 0
38 42 46 48469.8 0 0
38 42 0 48474.1 0 0
62 37 48 48478.3 0 0
76 38 49 48482.5 0 0
87 41 50 48486.7 0 0
96 41 49 48490.9 0 0
105 43 49 48495.1 0 0
114 45 50 48499.3 0 0
124 44 50 48503.6 0 0
134 47 49 48507.8 0 0
144 50 50 48512 0 0
150 51 50 48516.2 0 0
159 50 49 48520.5 0 0
168 53 49 48524.7 0 0
177 53 49 48529 0 0
186 54 49 48533.2 0 0
192 58 49 48537.4 0 0
199 59 49 48541.6 0 0
203 58 48 48545.8 0 0
209 62 48 48550 0 0
213 63 47 48554.2 0 0
217 62 48 48558.4 0 0
216 66 48 48562.6 0 0
213 60 48 48566.8 0 0
211 59 48 48571.1 0 0
214 62 48 48575.3 0 0
214 63 48 48579.5 0 0
214 63 0 48583.8 0 0
211 63 48 48588 0 0
212 60 48 48592.2 0 0
211 63 48 48596.4 0 0
212 60 48 48600.7 0 0
211 62 49 48604.9 0 0
212 60 48 48609.1 0 0
213 61 48 48613.3 0 0
213 60 48 48617.5 0 0
213 59 48 48621.7 0 0
214 62 48 48625.9 0 0
212 62 48 48630.2 0 0
211 60 48 48634.4 0 0
213 60 48 48638.6 0 0
211 63 48 48642.8 0 0
211 59 49 48647 0 0
214 63 49 48651.2 0 0
211 61 48 48655.4 0 0
213 64 49 48659.7 0 0
212 62 49 48663.9 0 0
213 62 49 48668.1 0 0
211 62 49 48672.3 0 0
213 63 48 48676.5 0 0
215 65 49 48680.7 0 0
213 62 49 48684.9 0 0
213 62 49 48689.2 0 0
213 63 49 48693.4 0 0
212 61 49 48697.6 0 0
211 64 49 48701.8 0 0
212 62 49 48706 0 0
212 63 48 48710.2 0 0
212 63 49 48714.5 0 0
216 65 49 48718.7 0 0
221 67 49 48722.9 0 0
232 67 49 48727.1 0 0
240 65 48 48731.3 0 0
241 62 48 48735.6 0 0
238 62 48 48739.8 0 0
237 61 48 48744 0 0
236 61 48 48748.2 0 0
236 64 48 48752.4 0 0
235 58 48 48756.7 0 0
235 63 48 48760.9 0 0
237 63 48 48765.1 0 0
239 64 48 48769.3 0 0
238 64 48 48773.5 0 0
238 63 48 48777.7 0 0
235 62 48 48782.1 0 0
237 61 48 48786.3 0 0
233 67 47 48790.5 0 0
238 63 48 48794.7 0 0
235 68 47 48798.9 0 0
236 67 47 48803.1 0 0
237 67 48 48807.3 0 0
237 63 48 48811.5 0 0
237 66 47 48815.7 0 0
238 64 47 48819.9 0 0
236 68 47 48824.2 0 0
236 68 47 48829.1 0 0
237 68 47 48833.3 0 0
238 63 48 48837.5 0 0
237 65 48 48841.8 0 0
238 62 47 48846 0 0
239 63 47 48850.2 0 0
238 64 47 48854.4 0 0
237 65 47 48858.6 0 0
236 64 47 48862.8 0 0
236 66 47 48867.1 0 0
236 64 47 48871.3 0 0
233 65 47 48876.1 0 0
237 66 47 48880.3 0 0
237 63 47 48884.5 0 0
234 65 46 48888.7 0 0
236 67 47 48892.9 0 0
235 67 47 48897.1 0 0
236 67 47 48901.3 0 0
235 68 46 48905.6 0 0
236 68 47 48909.8 0 0
234 67 47 48914 0 0
235 66 46 48918.2 0 0
234 66 47 48922.4 0 0
237 65 47 48926.6 0 0
233 66 47 48930.8 0 0
240 64 46 48935.1 0 0
236 65 46 48939.3 0 0
236 63 46 48943.5 0 0
232 66 46 48947.7 0 0
236 64 46 48951.9 0 0
232 65 46 48956.1 0 0
236 67 47 48960.3 0 0
235 66 47 48964.6 0 0
234 67 46 48968.8 0 0
236 65 46 48973 0 0
234 65 46 48977.2 0 0
235 66 47 48981.4 0 0
236 67 47 48985.6 0 0
234 64 46 48989.8 0 0
235 65 47 48994.1 0 0
236 65 46 48998.3 0 0
236 65 47 49002.6 0 0
237 65 47 49006.9 0 0
236 66 46 49011.1 0 0
234 66 46 49015.3 0 0
234 64 46 49019.5 0 0
233 67 46 49023.7 0 0
232 67 47 49027.9 0 0
234 67 47 49032.5 0 0
233 67 46 49036.7 0 0
235 67 46 49040.9 0 0
233 66 46 49045.1 0 0
235 67 47 49049.3 0 0
234 65 47 49053.6 0 0
233 67 47 49057.8 0 0
232 65 46 49062 0 0
236 67 47 49066.2 0 0
235 68 46 49070.4 0 0
234 66 46 49074.6 0 0
234 67 46 49079.1 0 0
233 68 47 49083.3 0 0
234 65 46 49087.5 0 0
235 67 47 49091.8 0 0
234 66 47 49096 0 0
236 66 47 49100.2 0 0
232 64 47 49104.4 0 0
235 66 47 49108.6 0 0
235 66 47 49112.8 0 0
234 67 47 49117 0 0
235 65 47 49121.2 0 0
234 64 46 49126 0 0
233 65 47 49130.2 0 0
233 67 47 49134.4 0 0
234 66 47 49138.7 0 0
236 65 47 49142.9 0 0
234 68 47 49147.1 0 0
233 65 47 49151.3 0 0
234 65 47 49155.5 0 0
234 64 47 49159.8 0 0
234 67 47 49164 0 0
235 65 47 49168.2 0 0
232 68 47 49172.4 0 0
236 61 48 49176.6 0 0
234 65 47 49180.8 0 0
234 62 48 49185 0 0
236 64 48 49189.3 0 0
234 62 47 49193.5 0 0
233 68 47 49197.7 0 0
235 63 47 49201.9 0 0
232 65 48 49206.1 0 0
234 63 48 49210.3 0 0
235 62 47 49214.5 0 0
232 68 47 49218.7 0 0
235 62 48 49223 0 0
235 66 48 49227.2 0 0
233 70 48 49231.4 0 0
230 67 48 49235.6 0 0
232 66 48 49239.8 0 0
231 67 48 49244 0 0
233 65 48 49248.2 0 0
234 67 48 49252.5 0 0
234 68 47 49256.7 0 0
232 67 48 49260.9 0 0
229 65 48 49265.1 0 0
236 60 48 49269.3 0 0
232 68 48 49273.5 0 0
237 62 48 49277.8 0 0
235 60 48 49282 0 0
234 67 48 49286.2 0 0
236 61 48 49290.4 0 0
232 69 48 49294.6 0 0
235 69 48 49298.8 0 0
230 68 48 49303.1 0 0
159 227 45 49928.3 0 0
241 226 51 49949.4 0 0
256 230 51 49953.6 0 0
174 199 51 49962.1 0 0
124 179 52 49977.5 0 0
251 236 51 49981.7 0 0
129 179 52 49985.9 0 0
121 188 52 49990.2 0 0
122 182 51 50002.9 0 0
125 178 52 50007.1 0 0
128 154 52 50011.3 0 0
126 179 52 50015.5 0 0
130 181 52 50019.7 0 0
123 180 52 50023.9 0 0
133 210 52 50028.2 0 0
129 157 52 50032.4 0 0
125 189 52 50036.6 0 0
125 166 52 50040.8 0 0
127 166 52 50045 0 0
124 166 51 50049.2 0 0
128 176 52 50053.4 0 0
127 165 52 50057.6 0 0
126 187 51 50061.8 0 0
127 169 52 50066.1 0 0
126 180 52 50070.3 0 0
130 195 51 50074.7 0 0
126 192 52 50079 0 0
127 164 52 50085.8 0 0
127 165 51 50090.1 0 0
127 163 52 50094.3 0 0
125 186 51 50098.6 0 0
127 177 51 50102.8 0 0
126 165 52 50106.9 0 0
130 162 51 50111.2 0 0
129 164 51 50115.4 0 0
129 172 52 50119.6 0 0
123 166 52 50123.9 0 0
116 199 52 50128.1 0 0
113 173 52 50132.3 0 0
100 178 52 50136.5 0 0
95 174 52 50140.7 0 0
85 190 51 50153.4 0 0
76 204 51 50157.6 0 0
83 208 51 50161.8 0 0
86 226 51 50166 0 0
87 187 51 50170.2 0 0
84 211 51 50174.4 0 0
81 214 51 50178.7 0 0
83 192 51 50185.8 0 0
80 215 51 50190 0 0
84 196 51 50194.2 0 0
82 214 51 50198.4 0 0
81 211 51 50202.6 0 0
83 217 51 50206.8 0 0
80 213 51 50211 0 0
80 219 51 50215.3 0 0
83 193 51 50219.5 0 0
83 215 51 50223.8 0 0
84 195 51 50228 0 0
111 194 51 50232.2 0 0
84 196 51 50236.4 0 0
78 218 51 50240.7 0 0
79 218 51 50244.9 0 0
79 215 51 50249.2 0 0
84 216 51 50253.4 0 0
83 197 51 50257.6 0 0
107 200 51 50261.8 0 0
82 197 51 50266 0 0
82 195 51 50272.9 0 0
108 202 50 50277.2 0 0
81 218 51 50281.8 0 0
81 193 51 50286.1 0 0
78 220 50 50290.3 0 0
111 209 50 50294.5 0 0
78 222 50 50298.7 0 0
82 192 50 50302.9 0 0
83 221 50 50307.1 0 0
82 222 50 50311.3 0 0
80 221 50 50315.5 0 0
82 196 50 50319.7 0 0
83 221 50 50323.9 0 0
81 198 50 50328.4 0 0
77 219 50 50332.6 0 0
78 220 50 50336.8 0 0
80 220 50 50347.9 0 0
80 220 50 50356.3 0 0
80 220 50 50363.9 0 0
81 196 49 50368.1 0 0
81 196 49 50372.8 0 0
78 224 49 50377.1 0 0
81 196 49 50381.3 0 0
82 199 49 50385.5 0 0
75 223 49 50389.7 0 0
82 193 49 50393.9 0 0
78 223 49 50398.2 0 0
81 197 49 50402.5 0 0
77 218 49 50406.8 0 0
80 197 49 50411 0 0
80 197 49 50415.2 0 0
78 215 49 50419.4 0 0
80 197 49 50423.6 0 0
81 196 49 50427.8 0 0
81 198 49 50432.1 0 0
80 198 48 50436.3 0 0
79 205 49 50440.5 0 0
80 198 49 50444.7 0 0
79 197 49 50448.9 0 0
75 222 48 50453.1 0 0
81 199 48 50457.3 0 0
79 197 48 50461.6 0 0
81 197 49 50468.5 0 0
78 190 48 50472.8 0 0
79 199 48 50477 0 0
80 195 49 50481.2 0 0
81 196 48 50485.4 0 0
79 198 48 50489.6 0 0
79 194 48 50493.8 0 0
76 209 48 50498.1 0 0
81 194 48 50502.3 0 0
81 186 48 50506.5 0 0
81 197 48 50510.7 0 0
80 203 48 50514.9 0 0
81 192 48 50519.2 0 0
82 196 48 50523.4 0 0
80 194 48 50527.6 0 0
75 220 48 50531.8 0 0
77 201 48 50536.1 0 0
77 197 48 50540.3 0 0
78 197 48 50544.5 0 0
81 214 48 50548.7 0 0
77 223 48 50552.9 0 0
75 214 48 50557.1 0 0
83 171 48 50561.3 0 0
78 207 48 50565.5 0 0
77 211 48 50569.7 0 0
79 223 48 50574 0 0
77 213 48 50581.1 0 0
78 216 48 50589.3 0 0
77 198 48 50597.6 0 0
77 198 48 50606.1 0 0
77 211 48 50613.9 0 0
103 197 48 50618.2 0 0
75 220 48 50622.6 0 0
76 213 49 50626.8 0 0
76 221 49 50631 0 0
103 208 48 50635.2 0 0
77 215 48 50639.4 0 0
82 174 49 50643.6 0 0
77 219 49 50649.9 0 0
79 225 49 50654.8 0 0
78 218 49 50660 0 0
78 211 48 50664.3 0 0
78 210 48 50668.5 0 0
102 195 48 50672.7 0 0
82 228 49 50677 0 0
93 182 49 50681.2 0 0
79 218 49 50685.5 0 0
105 201 49 50689.7 0 0
93 186 49 50693.9 0 0
80 203 49 50698.1 0 0
78 220 49 50702.3 0 0
104 194 49 50706.5 0 0
78 220 49 50710.8 0 0
75 218 49 50715 0 0
77 215 49 50719.2 0 0
105 201 49 50723.4 0 0
78 212 49 50727.6 0 0
102 200 50 50731.8 0 0
77 220 49 50736.1 0 0
77 218 49 50740.3 0 0
98 181 49 50744.5 0 0
101 197 49 50748.7 0 0
101 205 49 50753 0 0
74 220 49 50757.2 0 0
104 188 50 50761.4 0 0
75 217 49 50768.2 0 0
100 202 50 50772.5 0 0
91 183 49 50776.7 0 0
98 205 49 50781 0 0
89 223 50 50785.2 0 0
75 217 49 50789.4 0 0
72 222 50 50793.6 0 0
77 214 50 50797.8 0 0
96 219 50 50802 0 0
93 182 50 50807 0 0
93 220 49 50811.2 0 0
104 198 50 50815.4 0 0
98 208 50 50819.6 0 0
74 212 50 50823.8 0 0
102 193 50 50830.6 0 0
103 206 50 50835 0 0
101 199 50 50839.2 0 0
101 209 50 50843.6 0 0
80 213 50 50847.8 0 0
102 198 50 50852 0 0
78 213 50 50856.2 0 0
78 221 50 50860.4 0 0
95 181 51 50864.7 0 0
74 214 50 50868.9 0 0
95 215 50 50873.3 0 0
93 179 50 50877.5 0 0
101 196 50 50881.7 0 0
92 212 50 50885.9 0 0
102 199 51 50890.1 0 0
101 201 50 50894.3 0 0
105 200 50 50898.6 0 0
78 195 50 50902.8 0 0
71 194 51 50907.4 0 0
62 200 51 50911.6 0 0
58 196 51 50918 0 0
56 184 50 50926.6 0 0
51 222 50 50943.5 0 0
57 238 50 50947.7 0 0
53 192 50 50951.9 0 0
56 185 50 50956.1 0 0
53 191 50 50960.3 0 0
49 210 50 50964.6 0 0
51 194 50 50968.8 0 0
48 200 50 50973.1 0 0
49 207 51 50981.5 0 0
53 202 50 50985.7 0 0
55 189 50 50990.2 0 0
53 190 50 50994.4 0 0
56 186 50 50998.6 0 0
55 187 50 51002.8 0 0
52 193 50 51009.9 0 0
53 190 50 51014.1 0 0
53 190 50 51018.3 0 0
50 210 50 51022.6 0 0
53 194 50 51031 0 0
49 207 50 51035.2 0 0
54 186 50 51039.5 0 0
49 214 50 51043.7 0 0
55 190 50 51047.9 0 0
52 186 50 51052.1 0 0
53 188 50 51056.3 0 0
54 185 50 51060.5 0 0
49 197 50 51064.7 0 0
50 187 50 51068.9 0 0
51 196 50 51073.1 0 0
48 210 50 51077.3 0 0
52 195 50 51081.5 0 0
52 196 50 51085.8 0 0
51 202 50 51090 0 0
53 192 50 51094.8 0 0
48 213 50 51099 0 0
55 189 50 51105.6 0 0
54 189 50 51109.8 0 0
52 188 50 51114 0 0
55 186 50 51118.2 0 0
75 197 51 51122.5 0 0
53 189 50 51126.7 0 0
53 193 51 51130.9 0 0
52 187 50 51135.1 0 0
78 205 50 51218 0 0
72 178 50 51226.4 0 0
78 177 50 51234.8 0 0
78 177 0 51239.1 0 0
80 182 51 51243.3 0 0
47 196 50 51251.8 0 0
70 165 51 51256 0 0
41 184 51 51260.3 0 0
62 179 50 51264.5 0 0
44 187 50 51268.7 0 0
40 174 50 51272.9 0 0
64 179 50 51277.2 0 0
75 170 51 51281.6 0 0
71 183 50 51285.8 0 0
42 166 50 51290 0 0
59 185 50 51294.2 0 0
62 172 50 51298.4 0 0
62 181 50 51302.6 0 0
65 179 50 51309.6 0 0
65 183 50 51313.9 0 0
54 186 50 51318.1 0 0
66 171 50 51322.3 0 0
62 178 50 51326.5 0 0
32 191 50 51330.7 0 0
51 190 50 51334.9 0 0
56 186 50 51339.1 0 0
64 181 50 51343.3 0 0
48 191 50 51347.6 0 0
66 190 50 51351.8 0 0
40 172 49 51356 0 0
40 172 0 51360.2 0 0
40 172 0 51364.4 0 0
33 192 50 51368.6 0 0
66 186 50 51372.9 0 0
63 180 49 51377.1 0 0
33 189 49 51381.3 0 0
65 188 49 51385.5 0 0
65 188 49 51389.7 0 0
33 191 49 51395.2 0 0
39 162 49 51399.4 0 0
41 163 49 51403.6 0 0
64 181 49 51407.9 0 0
39 170 49 51412.1 0 0
38 174 49 51416.3 0 0
42 190 49 51420.5 0 0
44 195 49 51424.7 0 0
61 186 49 51429 0 0
37 190 49 51433.2 0 0
47 192 49 51437.4 0 0
36 169 49 51441.6 0 0
54 185 49 51445.8 0 0
39 163 49 51450.1 0 0
35 171 49 51454.2 0 0
39 168 49 51458.5 0 0
36 169 49 51462.7 0 0
53 187 49 51467 0 0
36 170 49 51471.2 0 0
41 167 49 51475.4 0 0
31 186 49 51479.6 0 0
36 169 49 51483.8 0 0
41 168 49 51488 0 0
38 166 48 51492.8 0 0
35 186 49 51497.1 0 0
34 189 49 51501.3 0 0
36 169 49 51505.5 0 0
37 169 49 51509.7 0 0
50 186 49 51513.9 0 0
37 170 49 51518.1 0 0
45 188 49 51522.3 0 0
38 169 49 51526.6 0 0
38 169 48 51530.8 0 0
39 170 49 51535.1 0 0
38 169 49 51539.3 0 0
39 167 49 51543.5 0 0
38 171 49 51547.7 0 0
54 188 49 51551.9 0 0
38 168 49 51556.1 0 0
39 168 49 51560.3 0 0
40 169 49 51564.5 0 0
38 168 49 51568.8 0 0
36 172 49 51573 0 0
39 171 49 51577.2 0 0
39 167 49 51581.4 0 0
37 174 49 51585.7 0 0
37 172 49 51589.9 0 0
37 167 49 51594.1 0 0
36 175 49 51598.4 0 0
37 168 49 51602.6 0 0
38 169 49 51606.8 0 0
40 161 49 51611 0 0
38 170 49 51615.2 0 0
38 170 49 51619.4 0 0
37 170 49 51623.7 0 0
37 170 49 51627.9 0 0
38 169 49 51632.1 0 0
36 169 49 51636.3 0 0
38 168 49 51640.5 0 0
52 191 49 51644.7 0 0
71 173 50 51648.9 0 0
60 167 51 51653.2 0 0
74 168 51 51657.9 0 0
78 177 52 51662.2 0 0
93 160 51 51666.4 0 0
99 159 51 51670.6 0 0
106 159 51 51674.8 0 0
112 161 50 51679 0 0
118 157 50 51683.2 0 0
121 160 50 51687.4 0 0
123 159 50 51691.7 0 0
123 160 50 51695.9 0 0
123 160 51 51700.1 0 0
122 162 50 51704.3 0 0
121 161 50 51708.5 0 0
124 161 50 51712.8 0 0
122 161 50 51717.2 0 0
123 159 50 51721.4 0 0
123 159 50 51725.6 0 0
122 165 51 51729.8 0 0
123 165 50 51734 0 0
124 161 50 51738.2 0 0
121 162 50 51742.7 0 0
122 162 50 51746.9 0 0
121 163 50 51751.1 0 0
121 162 51 51755.4 0 0
121 163 50 51759.6 0 0
122 163 50 51763.8 0 0
122 162 50 51768 0 0
122 162 50 51772.3 0 0
128 184 50 51776.5 0 0
124 162 50 51780.7 0 0
123 162 51 51785 0 0
122 164 50 51789.2 0 0
125 164 51 51793.4 0 0
123 162 50 51797.7 0 0
122 162 50 51801.9 0 0
122 160 51 51806.1 0 0
123 161 50 51810.3 0 0
123 164 51 51814.5 0 0
124 161 51 51818.8 0 0
123 160 51 51825.6 0 0
122 159 51 51829.8 0 0
123 160 51 51834.1 0 0
123 162 51 51838.3 0 0
122 158 51 51842.5 0 0
121 164 51 51846.8 0 0
123 162 51 51851 0 0
123 159 51 51855.2 0 0
123 166 51 51859.4 0 0
124 164 51 51863.6 0 0
121 163 51 51867.8 0 0
118 181 51 51872 0 0
124 163 51 51876.7 0 0
124 162 51 51880.9 0 0
122 178 50 51885.1 0 0
123 164 51 51889.3 0 0
123 163 51 51893.5 0 0
127 160 51 51897.8 0 0
135 164 51 51902 0 0
134 164 51 51909 0 0
131 166 51 51913.3 0 0
129 165 51 51917.5 0 0
130 167 51 51921.7 0 0
129 169 51 51925.9 0 0
130 164 51 51930.1 0 0
130 168 51 51934.5 0 0
132 165 51 51938.8 0 0
130 166 51 51943 0 0
131 166 51 51947.2 0 0
128 168 51 51951.4 0 0
130 164 51 51955.6 0 0
131 166 52 51959.9 0 0
128 168 51 51964.1 0 0
131 167 51 51968.3 0 0
130 167 51 51972.6 0 0
130 169 51 51976.8 0 0
131 165 51 51981 0 0
131 166 51 51985.2 0 0
128 168 51 51992 0 0
131 166 51 51996.4 0 0
128 167 51 52000.7 0 0
130 170 51 52004.9 0 0
129 170 51 52009.1 0 0
131 163 51 52013.3 0 0
130 165 51 52017.5 0 0
130 172 51 52021.7 0 0
129 163 50 52025.9 0 0
129 173 51 52030.2 0 0
131 167 51 52034.4 0 0
130 170 51 52038.6 0 0
128 168 50 52042.8 0 0
129 168 51 52047 0 0
129 165 50 52051.2 0 0
130 169 50 52055.4 0 0
131 164 50 52059.7 0 0
130 169 50 52063.9 0 0
128 167 50 52068.2 0 0
130 170 50 52072.4 0 0
128 167 51 52076.6 0 0
129 171 50 52080.8 0 0
130 163 50 52085 0 0
128 169 50 52092.1 0 0
132 170 50 52096.3 0 0
129 162 50 52100.6 0 0
129 163 50 52104.8 0 0
129 164 49 52109 0 0
129 166 50 52113.2 0 0
130 164 50 52117.4 0 0
128 166 50 52121.6 0 0
130 167 49 52126.4 0 0
129 168 50 52130.6 0 0
128 168 50 52134.8 0 0
129 168 50 52139 0 0
128 167 50 52143.2 0 0
129 169 49 52147.5 0 0
131 166 50 52151.7 0 0
129 167 49 52158.6 0 0
125 169 50 52162.8 0 0
130 168 50 52167 0 0
128 165 50 52171.2 0 0
129 169 49 52175.4 0 0
129 166 50 52179.7 0 0
129 163 50 52183.9 0 0
128 167 50 52188.3 0 0
129 165 50 52192.7 0 0
129 166 50 52196.9 0 0
129 167 50 52201.1 0 0
129 166 50 52205.3 0 0
129 165 50 52209.6 0 0
129 165 50 52213.8 0 0
128 166 50 52218 0 0
128 163 50 52222.2 0 0
128 163 50 52226.5 0 0
129 164 50 52230.7 0 0
129 166 50 52237.7 0 0
128 167 50 52242.1 0 0
127 166 50 52246.4 0 0
128 168 49 52250.6 0 0
128 165 50 52254.8 0 0
129 170 50 52259 0 0
128 167 50 52263.2 0 0
127 168 50 52267.4 0 0
128 169 50 52271.7 0 0
128 169 50 52275.9 0 0
128 167 50 52280.1 0 0
128 169 50 52284.3 0 0
128 167 50 52288.5 0 0
130 169 50 52292.8 0 0
129 169 50 52296.9 0 0
128 166 50 52301.2 0 0
129 168 50 52305.4 0 0
129 169 50 52309.6 0 0
129 167 50 52313.8 0 0
128 170 50 52318.1 0 0
127 165 50 52322.3 0 0
127 165 50 52326.5 0 0
128 164 50 52332.7 0 0
126 167 50 52336.9 0 0
125 163 50 52341.2 0 0
123 163 50 52345.4 0 0
124 162 50 52349.7 0 0
125 160 50 52353.9 0 0
124 165 50 52358.1 0 0
124 163 50 52362.3 0 0
124 167 50 52366.5 0 0
125 160 50 52370.8 0 0
127 161 51 52375.2 0 0
125 162 50 52379.4 0 0
125 161 50 52383.6 0 0
123 163 50 52387.8 0 0
124 166 50 52392 0 0
125 162 50 52396.2 0 0
125 159 50 52400.4 0 0
123 167 51 52404.6 0 0
125 162 50 52408.9 0 0
123 167 50 52413.1 0 0
124 168 50 52417.3 0 0
125 161 50 52421.5 0 0
124 163 50 52425.7 0 0
125 167 50 52430.1 0 0
123 164 50 52434.3 0 0
125 165 50 52438.8 0 0
125 168 50 52443 0 0
125 161 50 52447.2 0 0
125 163 50 52451.4 0 0
124 163 51 52455.6 0 0
123 163 50 52459.8 0 0
124 163 50 52464 0 0
123 165 50 52468.3 0 0
125 165 50 52472.5 0 0
125 164 50 52476.7 0 0
125 165 50 52480.9 0 0
123 164 50 52485.1 0 0
125 165 50 52489.4 0 0
125 161 50 52493.6 0 0
126 162 50 52497.8 0 0
125 164 50 52502.1 0 0
124 163 50 52506.3 0 0
125 162 51 52510.5 0 0
124 163 50 52514.7 0 0
122 166 51 52518.9 0 0
125 165 50 52523.1 0 0
126 163 51 52527.3 0 0
124 165 51 52531.6 0 0
123 167 51 52535.9 0 0
126 167 50 52540.1 0 0
127 171 51 52544.3 0 0
124 163 51 52548.5 0 0
125 167 51 52552.9 0 0
125 165 51 52557.2 0 0
124 164 51 52561.4 0 0
125 167 51 52565.7 0 0
125 161 51 52569.9 0 0
126 168 51 52574.2 0 0
123 161 51 52578.4 0 0
125 163 51 52582.6 0 0
125 168 51 52586.8 0 0
124 165 51 52591 0 0
124 161 51 52595.3 0 0
123 168 51 52599.5 0 0
123 167 50 52603.7 0 0
123 167 51 52607.9 0 0
124 160 51 52612.1 0 0
124 160 0 52616.3 0 0
123 167 51 52620.5 0 0
125 165 51 52624.8 0 0
123 164 51 52629 0 0
125 157 51 52633.7 0 0
125 159 51 52637.9 0 0
125 163 51 52642.1 0 0
125 162 51 52646.3 0 0
125 160 51 52650.6 0 0
124 163 52 52654.8 0 0
126 161 51 52659.1 0 0
126 162 51 52663.3 0 0
125 161 51 52667.5 0 0
124 164 51 52671.7 0 0
126 163 51 52675.9 0 0
128 162 51 52680.1 0 0
131 160 51 52684.3 0 0
130 160 51 52688.5 0 0
130 160 51 52692.8 0 0
128 161 51 52697 0 0
129 160 51 52701.2 0 0
129 160 51 52705.4 0 0
129 160 51 52709.6 0 0
129 160 51 52713.8 0 0
129 161 51 52718.1 0 0
130 166 51 52722.2 0 0
129 161 51 52726.5 0 0
131 162 51 52730.7 0 0
129 161 51 52734.9 0 0
128 162 51 52739.1 0 0
128 161 51 52743.3 0 0
129 160 51 52747.7 0 0
128 161 51 52751.9 0 0
128 162 51 52756.2 0 0
128 161 51 52760.4 0 0
128 161 51 52764.6 0 0
128 162 51 52768.8 0 0
129 159 52 52773 0 0
129 160 51 52777.2 0 0
128 163 51 52781.4 0 0
127 161 51 52785.7 0 0
129 161 51 52789.8 0 0
131 160 51 52794.1 0 0
130 161 51 52798.2 0 0
130 163 51 52802.5 0 0
129 164 51 52806.8 0 0
129 160 51 52811 0 0
128 167 52 52815.2 0 0
130 159 51 52819.5 0 0
130 162 51 52823.7 0 0
129 168 51 52827.9 0 0
128 161 51 52832.2 0 0
127 163 52 52836.4 0 0
130 164 52 52840.6 0 0
130 162 51 52844.8 0 0
129 162 52 52849.1 0 0
129 161 51 52853.3 0 0
129 161 51 52857.5 0 0
130 162 51 52861.7 0 0
129 161 51 52865.9 0 0
129 163 51 52870.1 0 0
130 163 51 52874.3 0 0
129 161 52 52878.6 0 0
129 161 51 52882.8 0 0
130 162 51 52886.9 0 0
128 161 51 52891.2 0 0
130 159 52 52895.4 0 0
128 160 52 52899.6 0 0
129 160 51 52903.9 0 0
130 161 51 52908.1 0 0
126 164 51 52912.3 0 0
130 160 52 52916.5 0 0
131 166 52 52920.7 0 0
137 163 52 52924.9 0 0
149 167 52 52929.2 0 0
158 170 52 52933.4 0 0
164 169 53 52937.6 0 0
173 173 52 52941.8 0 0
181 178 52 52946 0 0
186 178 52 52950.2 0 0
192 184 51 52954.4 0 0
195 183 51 52958.7 0 0
199 189 51 52962.9 0 0
199 189 51 52967.1 0 0
195 189 51 52971.3 0 0
194 187 51 52975.5 0 0
194 190 51 52979.8 0 0
196 190 51 52984 0 0
196 193 51 52988.2 0 0
196 194 51 52992.5 0 0
197 195 51 52996.7 0 0
194 192 51 53001 0 0
196 191 51 53005.2 0 0
197 195 51 53009.4 0 0
196 192 51 53013.6 0 0
197 191 51 53017.8 0 0
195 190 51 53022 0 0
196 193 51 53026.3 0 0
197 195 51 53030.5 0 0
197 194 51 53034.7 0 0
196 192 51 53038.9 0 0
196 191 51 53043.1 0 0
197 190 51 53047.6 0 0
196 191 51 53051.9 0 0
196 190 51 53056.1 0 0
194 191 51 53060.3 0 0
196 190 51 53064.5 0 0
195 191 51 53068.8 0 0
197 191 51 53073.1 0 0
198 193 51 53077.3 0 0
197 190 51 53081.5 0 0
197 190 51 53085.7 0 0
195 197 51 53089.9 0 0
198 192 50 53094.2 0 0
196 195 51 53098.4 0 0
197 195 51 53102.6 0 0
197 196 51 53106.8 0 0
195 195 50 53111 0 0
196 194 51 53115.2 0 0
197 195 51 53119.4 0 0
197 195 51 53123.7 0 0
197 195 51 53127.9 0 0
197 194 51 53132.1 0 0
196 196 51 53136.3 0 0
197 195 51 53140.5 0 0
196 195 50 53144.7 0 0
196 193 51 53148.9 0 0
198 189 51 53153.1 0 0
198 198 51 53157.4 0 0
197 200 51 53161.6 0 0
196 211 51 53165.8 0 0
196 211 50 53170 0 0
198 208 51 53174.2 0 0
198 206 51 53178.4 0 0
199 204 51 53182.7 0 0
197 205 51 53186.9 0 0
198 204 51 53191.1 0 0
197 206 51 53195.3 0 0
196 207 51 53199.5 0 0
196 208 51 53203.7 0 0
197 204 50 53207.9 0 0
197 204 51 53212.2 0 0
197 202 51 53216.4 0 0
197 208 51 53220.6 0 0
198 203 51 53224.8 0 0
198 202 51 53229 0 0
197 205 50 53233.2 0 0
195 201 51 53237.5 0 0
197 206 51 53241.9 0 0
196 204 50 53246.1 0 0
196 203 51 53250.3 0 0
199 203 51 53254.6 0 0
197 207 51 53258.8 0 0
196 206 50 53263 0 0
197 205 50 53267.2 0 0
196 207 51 53271.4 0 0
196 203 51 53275.7 0 0
197 205 51 53279.9 0 0
196 203 50 53284.1 0 0
199 209 50 53288.3 0 0
196 210 50 53292.5 0 0
198 206 51 53296.7 0 0
198 209 51 53300.9 0 0
197 211 51 53305.1 0 0
198 209 51 53309.3 0 0
198 212 51 53313.6 0 0
196 209 50 53317.8 0 0
198 213 51 53322 0 0
198 210 51 53326.2 0 0
196 206 50 53330.4 0 0
198 212 50 53334.7 0 0
197 205 50 53338.9 0 0
197 205 50 53343.1 0 0
197 203 50 53347.3 0 0
196 205 50 53351.6 0 0
197 207 51 53355.8 0 0
197 206 50 53360 0 0
198 206 50 53364.2 0 0
196 206 51 53368.4 0 0
196 208 50 53372.6 0 0
198 209 50 53376.9 0 0
195 208 50 53381.1 0 0
198 207 50 53385.3 0 0
196 207 50 53389.5 0 0
197 208 50 53393.7 0 0
197 208 51 53397.9 0 0
197 207 50 53402.1 0 0
196 206 50 53406.4 0 0
197 206 50 53410.6 0 0
197 208 50 53414.8 0 0
196 208 50 53419 0 0
196 210 50 53423.2 0 0
196 205 50 53427.4 0 0
197 207 50 53431.6 0 0
196 211 50 53435.9 0 0
196 208 50 53440.1 0 0
199 206 50 53444.3 0 0
197 207 50 53448.5 0 0
196 204 50 53452.7 0 0
196 208 50 53456.9 0 0
200 204 51 53461.2 0 0
198 205 50 53465.4 0 0
196 203 50 53469.9 0 0
195 204 50 53474.1 0 0
196 205 50 53478.3 0 0
198 208 50 53482.5 0 0
196 208 50 53486.7 0 0
199 209 49 53491 0 0
197 208 50 53495.2 0 0
198 208 50 53499.4 0 0
196 208 51 53503.6 0 0
196 211 50 53507.8 0 0
194 206 50 53512.1 0 0
199 210 50 53516.2 0 0
197 208 50 53520.5 0 0
198 209 50 53524.7 0 0
195 207 50 53528.9 0 0
196 203 50 53533.2 0 0
196 203 50 53537.4 0 0
196 207 50 53541.6 0 0
196 203 50 53545.8 0 0
197 202 50 53550 0 0
198 203 50 53554.2 0 0
196 203 50 53558.4 0 0
196 203 50 53562.6 0 0
197 204 50 53566.9 0 0
196 209 50 53571.1 0 0
197 204 50 53575.3 0 0
197 203 50 53579.5 0 0
198 202 50 53583.7 0 0
196 202 50 53587.9 0 0
197 209 50 53592.2 0 0
196 210 50 53596.4 0 0
197 208 50 53600.6 0 0
197 207 50 53604.8 0 0
199 208 50 53609 0 0
197 206 50 53613.2 0 0
196 210 50 53617.5 0 0
197 208 50 53621.7 0 0
196 204 50 53626 0 0
199 208 50 53630.2 0 0
196 205 50 53634.4 0 0
197 207 49 53638.7 0 0
197 206 50 53642.9 0 0
197 204 50 53647.1 0 0
196 200 50 53651.3 0 0
197 204 50 53655.5 0 0
197 202 50 53659.8 0 0
197 201 50 53664 0 0
195 204 50 53668.2 0 0
198 203 50 53672.4 0 0
197 203 50 53676.6 0 0
197 201 50 53680.8 0 0
198 203 50 53685.2 0 0
198 201 50 53689.4 0 0
198 204 50 53693.6 0 0
197 205 50 53697.8 0 0
196 203 50 53702.1 0 0
197 203 50 53706.2 0 0
196 206 50 53710.5 0 0
196 206 50 53714.7 0 0
196 206 50 53718.9 0 0
194 202 50 53723.1 0 0
198 198 50 53727.3 0 0
198 206 50 53731.6 0 0
196 201 50 53736.2 0 0
196 199 50 53740.6 0 0
197 204 50 53744.8 0 0
196 201 50 53749 0 0
197 202 51 53753.6 0 0
197 201 50 53757.8 0 0
194 198 50 53762 0 0
199 201 50 53766.2 0 0
196 201 50 53770.4 0 0
195 198 50 53774.7 0 0
196 203 50 53778.9 0 0
195 201 50 53783.1 0 0
196 202 50 53787.3 0 0
198 201 50 53791.5 0 0
198 202 50 53795.7 0 0
196 200 50 53799.9 0 0
196 199 51 53804.2 0 0
197 202 50 53808.4 0 0
196 201 50 53812.6 0 0
197 202 50 53816.8 0 0
198 202 50 53821.1 0 0
196 203 50 53825.3 0 0
196 201 50 53829.5 0 0
195 201 50 53833.7 0 0
196 201 51 53837.9 0 0
196 200 51 53842.2 0 0
197 201 50 53846.4 0 0
197 206 50 53850.6 0 0
196 200 51 53854.8 0 0
195 205 50 53859.1 0 0
197 206 50 53863.2 0 0
197 207 50 53867.5 0 0
195 208 50 53871.7 0 0
196 208 51 53875.9 0 0
198 205 50 53880.1 0 0
198 204 50 53884.3 0 0
196 204 50 53888.6 0 0
196 205 50 53892.8 0 0
196 206 50 53897 0 0
194 204 51 53901.2 0 0
195 203 50 53905.4 0 0
196 205 50 53909.7 0 0
198 201 51 53913.9 0 0
196 203 50 53918.1 0 0
196 203 50 53922.3 0 0
200 202 51 53926.5 0 0
197 200 50 53930.8 0 0
196 200 50 53935 0 0
197 201 51 53939.2 0 0
199 200 51 53943.4 0 0
204 201 51 53947.7 0 0
209 195 51 53951.8 0 0
215 189 51 53956.1 0 0
219 181 51 53960.3 0 0
221 182 50 53964.5 0 0
228 177 50 53968.7 0 0
234 170 50 53972.9 0 0
238 174 50 53977.2 0 0
237 169 50 53981.4 0 0
235 168 49 53985.6 0 0
234 171 50 53989.9 0 0
232 174 50 53994.1 0 0
234 173 49 53998.4 0 0
234 172 50 54002.6 0 0
234 175 50 54006.8 0 0
233 168 49 54011 0 0
234 172 50 54015.2 0 0
235 170 50 54019.4 0 0
232 167 50 54023.7 0 0
234 167 50 54027.9 0 0
232 168 50 54032.2 0 0
231 168 50 54036.4 0 0
233 167 50 54040.7 0 0
234 167 50 54044.9 0 0
233 166 50 54049.1 0 0
232 170 50 54053.3 0 0
234 171 49 54057.6 0 0
234 169 50 54061.8 0 0
234 169 49 54066 0 0
233 169 49 54070.2 0 0
235 169 49 54074.4 0 0
235 171 49 54078.6 0 0
236 169 49 54082.9 0 0
235 170 49 54087.1 0 0
235 169 50 54091.3 0 0
235 169 49 54095.6 0 0
235 170 50 54099.8 0 0
236 170 50 54104 0 0
236 170 50 54108.2 0 0
234 171 50 54113.9 0 0
234 170 49 54118.2 0 0
235 172 50 54123.4 0 0
236 172 50 54127.6 0 0
234 168 50 54131.9 0 0
235 172 50 54136.1 0 0
233 172 50 54140.3 0 0
233 171 49 54144.5 0 0
235 173 49 54148.7 0 0
234 173 50 54152.9 0 0
235 173 49 54157.2 0 0
234 172 49 54161.4 0 0
236 172 49 54165.6 0 0
236 172 49 54169.8 0 0
237 170 50 54174 0 0
236 174 50 54178.3 0 0
234 170 49 54182.5 0 0
234 169 49 54186.7 0 0
233 169 50 54190.9 0 0
236 170 49 54195.2 0 0
234 172 49 54199.4 0 0
234 174 49 54203.6 0 0
234 174 50 54207.8 0 0
233 174 49 54212 0 0
233 172 49 54216.2 0 0
234 169 49 54220.5 0 0
234 169 49 54224.7 0 0
234 170 50 54228.9 0 0
234 170 50 54233.1 0 0
234 170 49 54238.9 0 0
234 169 49 54243.2 0 0
234 170 49 54247.4 0 0
237 169 49 54251.6 0 0
235 171 49 54255.9 0 0
235 168 49 54260.1 0 0
238 169 49 54264.3 0 0
241 167 49 54268.5 0 0
240 167 49 54272.7 0 0
241 160 49 54276.9 0 0
239 166 49 54281.2 0 0
240 167 49 54285.4 0 0
237 167 48 54289.6 0 0
241 168 48 54293.8 0 0
238 164 48 54298 0 0
239 166 48 54302.3 0 0
238 166 48 54306.7 0 0
238 168 48 54311 0 0
237 163 48 54315.2 0 0
240 164 48 54319.5 0 0
238 166 48 54323.7 0 0
237 166 49 54327.9 0 0
237 170 48 54332.1 0 0
239 167 48 54336.3 0 0
237 167 48 54340.7 0 0
238 168 48 54345 0 0
238 168 48 54349.2 0 0
237 168 48 54353.4 0 0
237 168 48 54357.6 0 0
240 169 47 54361.8 0 0
239 168 48 54366.1 0 0
237 165 47 54370.3 0 0
238 168 47 54374.5 0 0
237 166 47 54378.7 0 0
237 170 47 54382.9 0 0
238 170 47 54387.1 0 0
238 167 47 54394.1 0 0
237 171 48 54402.6 0 0
237 165 47 54410.6 0 0
237 165 47 54419 0 0
238 163 47 54426.4 0 0
239 165 47 54430.7 0 0
240 166 47 54435.8 0 0
240 164 47 54440 0 0
236 162 47 54444.2 0 0
238 162 47 54448.4 0 0
239 164 47 54452.6 0 0
239 168 47 54456.8 0 0
238 164 47 54461 0 0
239 164 47 54465.2 0 0
238 166 47 54469.5 0 0
238 166 47 54473.7 0 0
240 168 46 54477.9 0 0
238 165 47 54482.1 0 0
238 168 47 54486.3 0 0
239 166 47 54490.5 0 0
240 166 47 54494.8 0 0
238 167 47 54499 0 0
239 167 47 54503.2 0 0
238 168 47 54507.4 0 0
240 168 47 54511.6 0 0
240 167 47 54515.8 0 0
238 169 47 54520 0 0
239 166 47 54524.2 0 0
238 170 47 54528.5 0 0
239 169 47 54532.7 0 0
239 165 47 54536.9 0 0
240 169 47 54541.1 0 0
238 169 47 54545.3 0 0
241 166 47 54549.5 0 0
238 169 47 54556.4 0 0
237 168 47 54560.6 0 0
237 167 47 54564.9 0 0
239 168 47 54569.1 0 0
238 166 47 54573.3 0 0
239 166 47 54577.5 0 0
238 166 47 54581.7 0 0
239 165 47 54585.9 0 0
237 167 47 54590.2 0 0
238 166 47 54594.4 0 0
239 168 47 54598.7 0 0
238 167 47 54602.9 0 0
238 164 47 54607.1 0 0
236 167 47 54611.3 0 0
239 167 47 54615.5 0 0
240 167 47 54619.8 0 0
238 169 47 54624 0 0
240 167 47 54628.2 0 0
239 170 47 54632.4 0 0
239 169 47 54636.7 0 0
239 168 47 54640.9 0 0
238 169 47 54645.1 0 0
237 168 47 54650 0 0
239 169 48 54654.3 0 0
237 168 47 54660.6 0 0
238 169 47 54664.8 0 0
238 169 47 54669 0 0
240 169 47 54673.2 0 0
237 168 47 54677.4 0 0
237 166 47 54681.6 0 0
238 169 47 54685.9 0 0
238 166 47 54690.1 0 0
239 167 48 54694.3 0 0
237 166 47 54698.5 0 0
240 166 48 54702.7 0 0
238 166 47 54706.9 0 0
237 166 47 54711.1 0 0
240 165 47 54715.3 0 0
236 165 47 54719.6 0 0
237 167 48 54723.8 0 0
239 164 47 54728 0 0
238 168 48 54732.2 0 0
239 167 48 54736.4 0 0
239 167 48 54740.7 0 0
240 167 47 54744.9 0 0
240 167 48 54749.1 0 0
238 168 47 54753.6 0 0
238 171 48 54757.8 0 0
238 167 48 54764.7 0 0
238 166 48 54768.9 0 0
238 168 47 54773.2 0 0
238 166 48 54777.5 0 0
238 167 47 54781.8 0 0
237 168 48 54786 0 0
239 168 48 54790.2 0 0
238 170 48 54794.4 0 0
238 168 48 54798.6 0 0
238 168 48 54803.2 0 0
239 169 48 54807.5 0 0
239 169 48 54811.7 0 0
236 167 48 54817.2 0 0
238 168 48 54821.4 0 0
237 167 48 54827.1 0 0
238 162 48 54831.3 0 0
236 169 48 54835.5 0 0
240 170 48 54839.8 0 0
237 169 48 54844 0 0
238 167 48 54848.2 0 0
239 169 48 54852.4 0 0
238 165 48 54856.6 0 0
239 168 48 54860.8 0 0
237 167 48 54865 0 0
239 171 48 54869.2 0 0
237 165 48 54873.5 0 0
237 168 48 54877.7 0 0
241 166 48 54881.9 0 0
237 168 48 54886.1 0 0
238 169 48 54890.3 0 0
239 168 48 54894.5 0 0
238 169 48 54898.8 0 0
239 168 48 54903 0 0
238 167 48 54907.5 0 0
239 167 48 54911.7 0 0
237 168 49 54918.5 0 0
237 169 48 54922.8 0 0
237 166 48 54927 0 0
236 167 48 54931.2 0 0
237 168 48 54935.5 0 0
239 167 48 54939.7 0 0
237 164 48 54943.9 0 0
238 165 49 54948.1 0 0
237 170 48 54952.3 0 0
237 169 49 54956.5 0 0
237 171 49 54960.8 0 0
237 170 49 54965 0 0
237 170 49 54969.2 0 0
238 170 49 54973.4 0 0
238 169 49 54977.6 0 0
238 171 49 54981.8 0 0
238 169 49 54986 0 0
238 171 49 54990.3 0 0
237 170 49 54994.6 0 0
238 171 49 54998.8 0 0
238 171 49 55003.2 0 0
238 170 49 55007.4 0 0
236 167 49 55011.6 0 0
237 165 49 55018.4 0 0
236 166 49 55022.7 0 0
235 167 49 55026.9 0 0
240 167 49 55031.2 0 0
237 167 49 55035.4 0 0
236 166 49 55039.6 0 0
238 168 49 55043.8 0 0
235 167 49 55048 0 0
237 167 49 55052.5 0 0
238 166 49 55056.7 0 0
237 167 49 55060.9 0 0
238 167 49 55065.1 0 0
236 169 49 55069.4 0 0
237 167 49 55073.6 0 0
237 165 49 55077.8 0 0
237 168 49 55082 0 0
238 168 49 55086.2 0 0
236 169 49 55090.4 0 0
238 167 49 55095.1 0 0
238 167 49 55099.3 0 0
240 169 49 55105.8 0 0
239 168 49 55110.3 0 0
239 168 49 55114.6 0 0
237 171 49 55118.8 0 0
238 172 49 55123.1 0 0
239 172 49 55127.3 0 0
237 170 49 55131.5 0 0
238 169 50 55135.7 0 0
239 170 49 55139.9 0 0
237 168 50 55144.1 0 0
239 171 49 55148.3 0 0
236 167 50 55152.5 0 0
237 166 50 55156.8 0 0
238 168 50 55161 0 0
237 169 49 55165.2 0 0
239 169 50 55169.4 0 0
238 168 49 55173.6 0 0
238 169 50 55177.8 0 0
238 170 49 55182 0 0
238 166 49 55186.3 0 0
238 167 50 55190.5 0 0
237 169 50 55194.7 0 0
240 170 49 55198.9 0 0
239 170 49 55205.8 0 0
237 165 49 55210 0 0
238 169 49 55214.3 0 0
238 166 49 55218.7 0 0
238 169 49 55222.9 0 0
239 168 49 55227.1 0 0
236 169 49 55231.3 0 0
236 168 49 55235.5 0 0
240 168 50 55239.8 0 0
238 171 49 55244.1 0 0
239 169 50 55248.4 0 0
237 167 49 55252.7 0 0
238 168 49 55256.9 0 0
238 169 49 55261.1 0 0
238 169 49 55265.3 0 0
238 168 50 55269.5 0 0
238 169 49 55276.7 0 0
237 168 49 55284.9 0 0
238 168 49 55293.2 0 0
237 168 50 55301.4 0 0
237 168 50 55309.9 0 0
237 170 49 55317.2 0 0
238 168 50 55321.4 0 0
239 168 49 55326.6 0 0
240 168 50 55330.9 0 0
238 168 49 55335.1 0 0
239 168 49 55339.3 0 0
238 171 49 55343.5 0 0
238 167 49 55347.8 0 0
239 171 49 55352 0 0
238 169 50 55356.2 0 0
238 167 49 55360.4 0 0
239 169 49 55364.6 0 0
238 168 49 55368.8 0 0
239 169 49 55373.1 0 0
239 169 50 55377.3 0 0
240 171 49 55381.5 0 0
238 170 50 55385.7 0 0
240 172 49 55389.9 0 0
239 168 50 55394.1 0 0
238 169 50 55398.3 0 0
237 166 49 55402.6 0 0
239 172 49 55406.8 0 0
237 169 49 55411 0 0
238 169 49 55415.2 0 0
238 169 49 55419.4 0 0
238 169 49 55426.4 0 0
238 166 50 55430.7 0 0
237 168 49 55435 0 0
238 166 49 55439.2 0 0
239 167 50 55443.5 0 0
238 167 49 55447.7 0 0
238 167 50 55451.9 0 0
240 166 49 55456.1 0 0
240 170 50 55460.3 0 0
237 169 50 55464.5 0 0
240 173 49 55468.8 0 0
238 171 49 55473 0 0
240 170 49 55477.2 0 0
240 168 50 55481.4 0 0
238 172 49 55485.6 0 0
238 170 50 55489.8 0 0
234 166 50 55494 0 0
232 166 50 55498.3 0 0
235 167 50 55502.5 0 0
234 168 50 55506.8 0 0
232 165 50 55511 0 0
234 168 50 55515.2 0 0
236 168 49 55519.4 0 0
234 167 49 55523.6 0 0
235 167 50 55527.8 0 0
234 167 50 55532.1 0 0
234 166 49 55536.3 0 0
234 167 49 55540.5 0 0
236 167 50 55544.7 0 0
234 167 50 55548.9 0 0
235 168 50 55553.1 0 0
235 167 50 55557.3 0 0
234 166 49 55561.5 0 0
234 164 50 55565.7 0 0
235 165 50 55570 0 0
236 167 50 55574.2 0 0
235 169 49 55578.4 0 0
234 167 50 55582.6 0 0
234 166 49 55586.9 0 0
236 166 50 55591.1 0 0
234 169 50 55595.6 0 0
236 168 50 55599.8 0 0
233 162 50 55604 0 0
234 166 50 55608.2 0 0
229 164 50 55612.4 0 0
225 165 50 55616.7 0 0
223 163 50 55620.9 0 0
219 163 50 55625.1 0 0
216 170 50 55629.4 0 0
213 179 50 55633.6 0 0
212 204 49 55637.8 0 0
210 237 49 55642 0 0
129 223 49 55752.5 0 0
130 208 50 55759.4 0 0
132 194 51 55763.6 0 0
131 183 52 55767.8 0 0
131 172 52 55772.1 0 0
131 163 51 55776.3 0 0
131 156 52 55780.5 0 0
132 151 52 55784.8 0 0
132 145 52 55789 0 0
132 139 53 55793.2 0 0
134 136 53 55797.4 0 0
135 130 52 55801.7 0 0
133 131 53 55805.9 0 0
133 129 53 55810.1 0 0
133 129 0 55814.3 0 0
133 133 52 55818.6 0 0
132 132 53 55822.8 0 0
133 132 53 55827 0 0
132 133 52 55831.2 0 0
131 133 53 55835.4 0 0
129 148 53 55839.7 0 0
130 155 53 55843.9 0 0
126 149 52 55848.1 0 0
131 130 52 55852.3 0 0
131 128 53 55856.5 0 0
132 131 53 55863.4 0 0
133 131 52 55867.7 0 0
133 128 52 55872 0 0
133 130 53 55876.3 0 0
130 129 52 55880.6 0 0
132 131 52 55884.8 0 0
126 153 53 55889 0 0
131 129 52 55893.2 0 0
131 131 52 55897.4 0 0
130 153 52 55901.6 0 0
132 154 52 55905.8 0 0
132 131 52 55910.1 0 0
129 153 52 55914.3 0 0
132 130 52 55918.5 0 0
132 133 52 55922.7 0 0
126 148 52 55926.9 0 0
129 155 52 55931.1 0 0
132 132 52 55935.4 0 0
130 151 52 55939.7 0 0
127 159 52 55943.9 0 0
129 132 52 55948.1 0 0
124 152 52 55955 0 0
126 123 52 55959.3 0 0
125 142 52 55963.5 0 0
127 121 52 55967.7 0 0
127 121 53 55971.9 0 0
125 122 52 55976.2 0 0
126 123 52 55980.3 0 0
122 147 52 55984.6 0 0
127 122 52 55988.8 0 0
125 124 52 55993 0 0
125 146 52 55997.2 0 0
128 123 52 56001.5 0 0
127 121 52 56005.7 0 0
126 122 52 56009.9 0 0
123 148 52 56014.1 0 0
127 122 52 56018.3 0 0
126 120 52 56022.6 0 0
127 121 52 56026.8 0 0
127 121 52 56031 0 0
128 123 52 56035.3 0 0
126 123 52 56039.5 0 0
123 145 52 56043.7 0 0
122 140 52 56047.9 0 0
124 145 52 56052.2 0 0
119 144 52 56056.7 0 0
126 124 52 56063.4 0 0
128 122 52 56067.7 0 0
126 123 52 56071.9 0 0
127 121 52 56076.2 0 0
125 121 52 56080.3 0 0
127 124 52 56084.6 0 0
128 121 52 56088.8 0 0
126 141 51 56093 0 0
126 142 52 56097.2 0 0
128 123 52 56101.5 0 0
128 121 51 56105.7 0 0
128 124 52 56109.9 0 0
126 122 51 56114.1 0 0
126 124 52 56118.3 0 0
127 122 52 56122.5 0 0
123 142 52 56126.8 0 0
128 123 52 56131 0 0
126 122 51 56135.2 0 0
127 124 52 56139.4 0 0
124 147 52 56143.6 0 0
124 146 52 56147.8 0 0
125 123 51 56152 0 0
125 123 51 56156.3 0 0
127 120 52 56160.9 0 0
127 123 51 56165.1 0 0
127 122 52 56169.3 0 0
127 122 51 56173.5 0 0
127 123 52 56177.7 0 0
130 122 51 56181.9 0 0
126 121 52 56186.2 0 0
126 123 52 56190.4 0 0
127 122 52 56194.7 0 0
126 121 52 56198.8 0 0
124 141 52 56203.1 0 0
127 122 51 56207.2 0 0
128 121 51 56211.5 0 0
128 121 52 56215.7 0 0
126 122 52 56219.9 0 0
127 121 51 56224.2 0 0
127 124 51 56228.4 0 0
128 123 52 56232.6 0 0
126 121 52 56236.8 0 0
125 124 52 56241 0 0
128 123 51 56245.3 0 0
125 122 51 56249.7 0 0
125 122 51 56253.9 0 0
127 123 51 56258.1 0 0
127 122 51 56262.3 0 0
126 122 51 56266.5 0 0
125 122 51 56270.7 0 0
125 145 51 56275 0 0
126 122 51 56279.2 0 0
128 125 51 56283.4 0 0
126 124 51 56287.7 0 0
127 125 51 56291.9 0 0
128 128 51 56296.1 0 0
126 124 51 56300.3 0 0
127 131 51 56304.7 0 0
127 158 50 56308.9 0 0
125 206 49 56313.2 0 0
122 223 46 56406.4 0 0
125 204 48 56410.6 0 0
125 191 49 56414.8 0 0
125 178 50 56419 0 0
125 165 50 56423.2 0 0
126 159 50 56427.4 0 0
126 149 50 56431.6 0 0
127 144 50 56435.9 0 0
128 136 51 56440.1 0 0
127 133 50 56444.3 0 0
128 130 51 56448.5 0 0
126 128 51 56452.7 0 0
128 131 51 56456.9 0 0
126 129 51 56461.1 0 0
128 127 51 56465.4 0 0
127 126 51 56470.2 0 0
126 128 51 56474.5 0 0
127 127 51 56478.7 0 0
129 128 51 56482.9 0 0
129 127 51 56487.1 0 0
127 128 51 56491.3 0 0
128 128 51 56495.5 0 0
127 130 51 56499.8 0 0
126 129 51 56504 0 0
127 129 51 56508.2 0 0
126 128 51 56512.4 0 0
127 130 51 56516.6 0 0
127 128 51 56520.8 0 0
126 129 51 56525.1 0 0
126 127 51 56529.4 0 0
126 128 51 56533.6 0 0
126 130 51 56537.8 0 0
126 129 51 56542 0 0
127 129 51 56546.2 0 0
126 129 51 56550.4 0 0
123 145 51 56554.9 0 0
125 128 51 56559.1 0 0
127 130 51 56563.4 0 0
125 129 51 56567.6 0 0
126 129 51 56571.9 0 0
123 155 51 56576.1 0 0
125 129 51 56580.3 0 0
127 128 51 56584.5 0 0
126 129 51 56588.7 0 0
126 129 51 56592.9 0 0
123 147 51 56597.2 0 0
127 128 51 56601.4 0 0
125 126 51 56605.6 0 0
126 130 51 56610.2 0 0
124 147 51 56614.4 0 0
127 130 51 56618.6 0 0
127 130 51 56622.8 0 0
126 131 51 56627.1 0 0
124 145 51 56636.7 0 0
126 128 51 56640.9 0 0
118 153 52 56645.2 0 0
124 154 51 56649.4 0 0
122 146 51 56653.6 0 0
126 129 51 56657.8 0 0
120 155 51 56662.1 0 0
125 125 51 56666.3 0 0
126 126 51 56670.5 0 0
126 146 51 56674.7 0 0
127 124 51 56678.9 0 0
125 125 52 56683.2 0 0
126 124 51 56687.4 0 0
124 124 51 56691.6 0 0
125 124 52 56695.8 0 0
127 117 51 56700 0 0
123 146 51 56704.2 0 0
125 124 51 56708.4 0 0
125 142 51 56712.7 0 0
126 125 52 56716.9 0 0
125 142 51 56721.1 0 0
125 125 52 56725.3 0 0
124 125 52 56729.5 0 0
124 124 51 56733.7 0 0
122 147 51 56737.9 0 0
125 124 51 56742.2 0 0
125 124 0 56746.4 0 0
125 123 51 56750.6 0 0
126 126 51 56754.8 0 0
125 143 51 56759 0 0
126 123 51 56763.2 0 0
125 125 52 56767.4 0 0
126 149 51 56771.6 0 0
125 144 52 56775.9 0 0
126 125 51 56780.1 0 0
127 124 51 56784.3 0 0
123 142 52 56788.5 0 0
125 124 52 56792.7 0 0
123 141 51 56796.9 0 0
126 122 52 56801.1 0 0
127 122 52 56805.3 0 0
127 123 52 56809.6 0 0
125 145 52 56813.8 0 0
125 122 52 56818.5 0 0
126 123 52 56822.7 0 0
125 122 52 56826.9 0 0
123 142 52 56831.2 0 0
126 123 52 56835.4 0 0
124 144 52 56839.6 0 0
125 124 52 56844 0 0
125 144 52 56848.2 0 0
118 147 51 56852.4 0 0
127 122 51 56856.7 0 0
125 122 52 56860.8 0 0
124 123 52 56865.1 0 0
124 123 0 56869.3 0 0
126 119 52 56873.5 0 0
124 154 52 56877.7 0 0
124 128 52 56881.9 0 0
125 127 52 56886.1 0 0
125 144 51 56890.4 0 0
125 144 0 56894.6 0 0
123 235 47 56898.9 0 0
123 235 0 56903.1 0 0
123 235 0 56907.3 0 0
123 235 0 56911.5 0 0
123 235 0 56915.7 0 0
123 235 0 56919.9 0 0
123 235 0 56924.1 0 0
123 235 0 56928.3 0 0
123 235 0 56932.6 0 0
123 235 0 56936.8 0 0
123 235 0 56941 0 0
123 235 0 56945.2 0 0
123 235 0 56949.4 0 0
123 235 0 56954 0 0
123 235 0 56958.2 0 0
123 235 0 56962.4 0 0
123 235 0 56966.6 0 0
123 235 0 56970.9 0 0
123 235 0 56975.1 0 0
123 235 0 56979.3 0 0
123 235 0 56983.5 0 0
123 235 0 56987.7 0 0
123 235 0 56991.9 0 0
123 235 34 56996.1 0 0
123 235 0 57000.3 0 0
123 235 0 57004.6 0 0
122 235 46 57034.1 0 0
125 216 47 57038.3 0 0
124 198 49 57042.5 0 0
126 187 50 57046.7 0 0
126 174 50 57050.9 0 0
124 164 51 57055.2 0 0
125 156 51 57059.4 0 0
128 140 52 57063.6 0 0
129 136 52 57067.9 0 0
127 134 52 57072.1 0 0
124 144 51 57076.3 0 0
128 128 52 57080.5 0 0
128 122 52 57084.7 0 0
123 150 52 57088.9 0 0
128 123 52 57093.1 0 0
125 142 52 57097.4 0 0
127 137 52 57101.6 0 0
126 147 52 57105.8 0 0
127 139 52 57110 0 0
128 125 52 57114.2 0 0
124 144 52 57118.4 0 0
129 125 52 57122.6 0 0
125 149 52 57126.8 0 0
124 149 52 57131 0 0
129 124 52 57135.2 0 0
128 124 52 57139.4 0 0
128 125 52 57143.7 0 0
127 142 52 57147.9 0 0
128 123 52 57152.1 0 0
125 144 52 57156.5 0 0
126 144 52 57160.7 0 0
127 143 52 57164.9 0 0
127 144 52 57169.1 0 0
127 124 52 57173.3 0 0
128 124 52 57177.6 0 0
126 138 52 57181.8 0 0
128 126 52 57186.1 0 0
125 138 52 57190.3 0 0
125 124 52 57194.5 0 0
126 134 52 57198.7 0 0
126 141 52 57202.9 0 0
127 126 52 57207.1 0 0
128 122 52 57211.3 0 0
125 123 52 57215.6 0 0
127 138 52 57219.8 0 0
124 142 52 57224.1 0 0
126 125 52 57228.3 0 0
124 142 52 57232.5 0 0
128 118 52 57236.7 0 0
121 146 52 57240.9 0 0
125 134 52 57245.2 0 0
123 138 52 57249.4 0 0
126 125 52 57253.7 0 0
129 122 52 57257.9 0 0
121 142 52 57262.1 0 0
125 125 51 57266.3 0 0
126 147 52 57270.6 0 0
125 141 52 57274.8 0 0
122 141 52 57279.1 0 0
126 133 51 57283.3 0 0
127 145 52 57287.5 0 0
127 125 52 57291.7 0 0
125 144 52 57295.9 0 0
127 141 52 57300.1 0 0
126 141 52 57304.3 0 0
125 150 52 57308.6 0 0
125 143 52 57312.8 0 0
122 144 52 57317 0 0
122 146 52 57321.3 0 0
124 133 52 57325.5 0 0
124 135 52 57329.7 0 0
125 146 52 57333.9 0 0
124 145 52 57338.1 0 0
126 149 52 57342.3 0 0
125 145 52 57346.6 0 0
130 145 52 57350.8 0 0
123 143 52 57355 0 0
126 146 52 57359.2 0 0
127 121 52 57363.4 0 0
128 140 52 57367.6 0 0
122 149 52 57374.4 0 0
123 145 52 57378.6 0 0
125 135 52 57382.8 0 0
127 140 53 57387.1 0 0
125 144 52 57391.5 0 0
128 151 52 57395.7 0 0
123 144 53 57400 0 0
126 134 52 57404.2 0 0
124 143 53 57408.4 0 0
128 144 52 57412.7 0 0
123 144 52 57416.8 0 0
128 123 52 57421.1 0 0
126 144 52 57425.2 0 0
124 141 52 57429.5 0 0
126 143 52 57433.7 0 0
128 142 52 57437.9 0 0
124 138 52 57442.2 0 0
125 147 52 57446.4 0 0
128 126 52 57450.6 0 0
128 131 52 57454.8 0 0
127 150 53 57461.8 0 0
129 139 53 57470 0 0
126 144 52 57478.5 0 0
127 146 53 57486.8 0 0
128 134 52 57495.2 0 0
126 145 53 57503.5 0 0
128 145 53 57512 0 0
126 142 52 57520.2 0 0
126 142 52 57528.5 0 0
127 145 53 57535.8 0 0
125 146 53 57540.1 0 0
125 146 53 57545.2 0 0
151 139 52 57549.4 0 0
128 144 53 57553.7 0 0
127 132 53 57557.9 0 0
125 153 53 57562.1 0 0
125 135 53 57566.3 0 0
124 142 53 57570.6 0 0
125 140 53 57574.8 0 0
125 147 53 57579 0 0
125 144 53 57583.2 0 0
127 136 54 57587.4 0 0
127 145 54 57591.7 0 0
125 140 53 57595.9 0 0
126 145 53 57600.1 0 0
125 144 53 57604.3 0 0
128 135 53 57608.5 0 0
128 145 53 57612.7 0 0
129 140 53 57616.9 0 0
126 141 53 57621.1 0 0
124 141 53 57625.3 0 0
127 144 53 57629.6 0 0
122 144 54 57633.8 0 0
122 134 53 57638.1 0 0
124 146 53 57642.3 0 0
122 148 53 57646.5 0 0
121 137 53 57653.3 0 0
127 142 53 57657.6 0 0
128 143 53 57661.8 0 0
126 147 54 57666 0 0
127 142 53 57670.2 0 0
123 146 53 57674.4 0 0
127 144 53 57678.7 0 0
126 146 53 57682.9 0 0
127 139 53 57687.1 0 0
125 147 53 57691.3 0 0
128 144 53 57695.5 0 0
126 147 53 57699.7 0 0
124 147 53 57703.9 0 0
127 151 53 57708.2 0 0
123 153 53 57712.4 0 0
128 148 53 57716.7 0 0
123 160 53 57720.9 0 0
128 161 53 57725.1 0 0
129 177 53 57729.3 0 0
129 182 53 57733.5 0 0
124 186 52 57737.7 0 0
126 198 53 57742 0 0
125 191 52 57746.2 0 0
127 165 53 57750.5 0 0
123 185 53 57754.7 0 0
126 164 53 57761.7 0 0
127 158 53 57765.9 0 0
129 162 53 57770.1 0 0
128 159 53 57774.3 0 0
123 178 53 57778.6 0 0
129 158 53 57782.8 0 0
128 158 53 57787 0 0
123 183 53 57791.2 0 0
128 160 53 57795.4 0 0
129 162 53 57799.6 0 0
120 188 53 57803.8 0 0
127 188 53 57808.1 0 0
127 173 53 57812.3 0 0
126 184 53 57816.5 0 0
129 161 53 57820.8 0 0
128 163 53 57824.9 0 0
129 164 53 57829.2 0 0
130 164 53 57833.4 0 0
129 163 53 57837.6 0 0
128 159 53 57841.8 0 0
123 186 52 57846.1 0 0
129 160 53 57850.3 0 0
129 158 52 57854.5 0 0
129 158 52 57858.7 0 0
126 178 53 57864.1 0 0
123 186 53 57868.3 0 0
129 161 53 57874.1 0 0
128 163 53 57878.3 0 0
128 164 53 57882.6 0 0
125 190 53 57886.8 0 0
128 160 53 57891 0 0
126 183 53 57895.8 0 0
130 161 53 57900 0 0
128 163 53 57904.2 0 0
127 177 53 57908.5 0 0
130 159 53 57912.7 0 0
128 161 53 57916.9 0 0
127 164 53 57921.1 0 0
129 163 53 57925.3 0 0
128 179 53 57929.6 0 0
126 168 53 57933.8 0 0
128 171 53 57940.6 0 0
128 161 53 57944.8 0 0
129 147 53 57949 0 0
128 146 53 57953.2 0 0
130 144 53 57957.4 0 0
130 145 53 57961.7 0 0
128 137 53 57965.9 0 0
128 144 53 57970.1 0 0
131 137 53 57974.3 0 0
124 142 53 57978.5 0 0
124 141 53 57982.7 0 0
123 145 53 57986.9 0 0
126 138 53 57991.2 0 0
126 136 53 57995.4 0 0
120 138 53 57999.7 0 0
123 144 53 58003.9 0 0
127 118 53 58008.1 0 0
128 122 53 58012.3 0 0
126 138 53 58016.5 0 0
125 143 53 58020.7 0 0
124 144 53 58025 0 0
123 138 53 58029.2 0 0
122 144 53 58033.4 0 0
125 135 53 58037.7 0 0
127 146 53 58041.9 0 0
127 146 53 58046.1 0 0
128 120 53 58051.5 0 0
128 144 53 58055.7 0 0
127 121 53 58060 0 0
127 145 53 58064.4 0 0
128 123 52 58068.7 0 0
127 121 53 58072.9 0 0
127 135 53 58077.1 0 0
129 121 53 58081.3 0 0
122 139 53 58085.5 0 0
127 123 53 58089.7 0 0
123 140 52 58093.9 0 0
128 123 52 58098.2 0 0
124 145 52 58102.4 0 0
120 147 53 58106.6 0 0
127 122 52 58110.8 0 0
119 145 52 58115 0 0
125 120 52 58119.2 0 0
125 124 52 58123.4 0 0
125 139 52 58127.6 0 0
125 123 52 58131.8 0 0
125 140 52 58136 0 0
126 120 52 58140.3 0 0
126 123 52 58144.5 0 0
127 124 52 58149.1 0 0
126 123 52 58153.3 0 0
127 122 52 58157.8 0 0
127 123 52 58162 0 0
127 124 52 58166.2 0 0
126 123 52 58170.4 0 0
126 120 52 58174.6 0 0
125 123 52 58178.8 0 0
126 121 52 58183.1 0 0
127 122 52 58187.3 0 0
126 121 52 58191.6 0 0
126 122 52 58195.8 0 0
125 122 52 58200 0 0
127 122 52 58204.2 0 0
126 123 52 58208.5 0 0
127 123 51 58212.7 0 0
127 120 51 58217 0 0
127 121 51 58221.2 0 0
126 122 52 58225.4 0 0
126 122 51 58229.6 0 0
127 122 52 58233.8 0 0
125 122 51 58238.1 0 0
125 121 51 58242.3 0 0
126 126 51 58246.5 0 0
125 125 51 58250.8 0 0
125 124 51 58255 0 0
124 126 51 58259.2 0 0
125 126 51 58263.4 0 0
126 125 51 58267.6 0 0
126 127 52 58271.8 0 0
124 128 51 58276 0 0
124 139 51 58280.3 0 0
125 126 51 58284.5 0 0
124 127 51 58288.7 0 0
123 128 52 58292.9 0 0
126 128 51 58297.1 0 0
125 128 51 58301.3 0 0
125 128 51 58305.6 0 0
125 128 51 58309.8 0 0
123 131 51 58314 0 0
125 130 51 58318.2 0 0
123 130 52 58322.4 0 0
126 130 51 58326.6 0 0
124 132 51 58330.8 0 0
126 131 51 58335.1 0 0
122 132 51 58339.5 0 0
126 129 51 58343.8 0 0
126 132 51 58348 0 0
124 128 51 58352.2 0 0
124 132 51 58356.4 0 0
125 130 51 58360.6 0 0
121 130 51 58364.8 0 0
126 128 51 58369 0 0
125 129 51 58373.2 0 0
123 127 52 58377.4 0 0
125 128 51 58381.6 0 0
127 123 51 58385.9 0 0
124 124 52 58390.1 0 0
127 122 52 58394.3 0 0
126 124 51 58398.5 0 0
124 121 52 58402.8 0 0
125 121 51 58407.1 0 0
125 120 51 58411.3 0 0
125 120 51 58415.5 0 0
124 122 51 58419.7 0 0
125 122 52 58423.9 0 0
126 123 51 58428.1 0 0
128 122 52 58432.3 0 0
126 122 51 58436.6 0 0
125 119 52 58440.8 0 0
125 122 52 58445 0 0
124 123 52 58449.2 0 0
125 120 52 58453.4 0 0
126 123 52 58457.6 0 0
127 122 52 58461.8 0 0
125 120 52 58466.1 0 0
126 123 52 58470.3 0 0
126 122 52 58474.5 0 0
127 121 52 58478.7 0 0
127 121 52 58482.9 0 0
126 123 52 58487.1 0 0
126 121 52 58491.4 0 0
125 121 52 58495.7 0 0
125 121 52 58500.1 0 0
127 122 52 58504.6 0 0
126 121 52 58508.8 0 0
127 121 52 58513 0 0
126 123 52 58517.2 0 0
126 118 52 58521.4 0 0
125 120 52 58525.6 0 0
127 136 52 58529.9 0 0
125 119 52 58534.1 0 0
126 118 52 58538.3 0 0
125 121 52 58542.5 0 0
125 137 52 58546.7 0 0
128 123 52 58550.9 0 0
126 119 52 58555.2 0 0
126 121 52 58559.4 0 0
126 120 52 58563.7 0 0
127 120 52 58567.9 0 0
127 122 53 58572.1 0 0
127 119 53 58576.3 0 0
121 143 52 58580.6 0 0
122 143 52 58584.8 0 0
125 121 52 58589 0 0
125 119 52 58593.2 0 0
125 120 53 58597.4 0 0
120 139 54 58601.6 0 0
127 120 53 58605.8 0 0
121 139 53 58610.1 0 0
126 138 52 58614.3 0 0
126 120 53 58618.5 0 0
125 119 53 58622.7 0 0
126 120 53 58626.9 0 0
124 139 52 58636.8 0 0
127 120 53 58641.2 0 0
126 119 53 58645.4 0 0
127 121 53 58649.7 0 0
124 134 53 58653.9 0 0
126 120 53 58658.2 0 0
124 142 53 58662.4 0 0
127 120 0 58666.6 0 0
125 122 53 58670.8 0 0
123 139 53 58675 0 0
123 141 53 58679.2 0 0
123 139 53 58683.4 0 0
128 129 53 58687.6 0 0
126 122 53 58691.9 0 0
121 136 53 58696.1 0 0
124 135 53 58700.3 0 0
124 140 53 58704.5 0 0
126 134 53 58708.7 0 0
122 136 53 58712.9 0 0
126 121 53 58717.2 0 0
128 120 53 58721.4 0 0
129 119 53 58725.6 0 0
124 123 53 58729.8 0 0
123 141 53 58734 0 0
127 124 53 58738.2 0 0
124 139 53 58742.4 0 0
127 117 53 58746.7 0 0
124 144 53 58751.5 0 0
125 180 52 58755.7 0 0
125 237 48 58759.9 0 0
125 237 0 58764.1 0 0
125 237 0 58768.3 0 0
125 237 0 58772.5 0 0
125 237 0 58776.7 0 0
125 237 0 58780.9 0 0
125 237 0 58785.2 0 0
125 237 0 58789.4 0 0
125 237 0 58793.6 0 0
125 237 0 58797.8 0 0
125 237 0 58802.1 0 0
125 237 0 58806.2 0 0
125 237 0 58810.5 0 0
125 237 0 58814.8 0 0
125 237 0 58819 0 0
125 237 0 58823.2 0 0
125 237 0 58827.4 0 0
125 237 0 58831.6 0 0
125 237 0 58835.8 0 0
125 237 0 58840.1 0 0
125 237 0 58844.3 0 0
125 237 0 58848.5 0 0
125 237 0 58852.7 0 0
125 237 0 58856.9 0 0
125 237 0 58861.1 0 0
125 237 0 58865.3 0 0
129 217 49 58869.6 0 0
129 201 51 58873.8 0 0
127 189 51 58878 0 0
128 177 52 58882.2 0 0
126 165 53 58886.4 0 0
128 156 53 58890.8 0 0
128 164 53 58895 0 0
129 141 53 58899.2 0 0
127 149 53 58903.4 0 0
131 129 53 58907.7 0 0
128 145 53 58911.9 0 0
133 134 53 58916.1 0 0
130 142 54 58920.3 0 0
131 135 53 58924.5 0 0
133 123 54 58931.3 0 0
128 136 54 58935.6 0 0
131 121 54 58939.8 0 0
133 122 53 58944.1 0 0
133 119 54 58948.3 0 0
130 137 54 58952.5 0 0
129 134 54 58956.7 0 0
131 129 54 58960.9 0 0
129 136 54 58965.2 0 0
132 129 54 58969.4 0 0
132 121 54 58973.6 0 0
132 128 54 58977.8 0 0
127 135 54 58982 0 0
130 123 54 58986.2 0 0
129 136 54 58990.4 0 0
126 144 54 58994.7 0 0
131 138 54 58998.9 0 0
129 144 54 59003.2 0 0
126 144 54 59007.4 0 0
128 140 54 59011.6 0 0
128 143 54 59015.8 0 0
125 145 54 59020 0 0
130 140 54 59024.2 0 0
131 129 54 59028.4 0 0
130 142 54 59032.7 0 0
127 145 54 59036.9 0 0
132 129 54 59043.7 0 0
125 142 54 59047.9 0 0
129 142 54 59052.2 0 0
128 137 54 59056.5 0 0
125 143 54 59060.7 0 0
129 143 54 59065 0 0
130 130 54 59069.2 0 0
128 144 54 59073.4 0 0
130 141 54 59077.6 0 0
123 143 54 59081.8 0 0
128 140 54 59086.1 0 0
126 147 54 59090.3 0 0
131 133 54 59094.5 0 0
129 140 54 59098.7 0 0
126 142 54 59102.9 0 0
126 142 54 59107.2 0 0
132 120 54 59111.4 0 0
128 141 54 59115.6 0 0
129 143 54 59119.8 0 0
131 143 54 59124 0 0
128 143 54 59128.2 0 0
130 121 54 59132.4 0 0
125 139 54 59136.6 0 0
125 139 54 59141 0 0
125 146 54 59145.2 0 0
128 143 54 59149.5 0 0
128 142 54 59153.8 0 0
130 132 54 59158 0 0
128 143 54 59162.2 0 0
127 141 54 59166.4 0 0
127 145 54 59170.6 0 0
125 146 54 59174.8 0 0
130 138 54 59179 0 0
130 133 55 59183.2 0 0
123 142 54 59187.5 0 0
128 138 54 59191.7 0 0
125 149 54 59195.9 0 0
128 140 54 59200.1 0 0
128 139 54 59204.3 0 0
130 133 54 59208.5 0 0
129 137 54 59212.7 0 0
124 136 54 59217 0 0
130 147 54 59221.2 0 0
129 142 54 59225.4 0 0
130 139 54 59229.7 0 0
125 142 54 59233.8 0 0
129 146 54 59238.1 0 0
126 141 54 59242.3 0 0
123 146 54 59246.5 0 0
127 134 54 59250.7 0 0
126 137 54 59255 0 0
129 133 54 59259.2 0 0
129 144 54 59263.4 0 0
126 143 55 59267.6 0 0
132 146 54 59271.8 0 0
128 141 54 59276 0 0
131 140 54 59280.2 0 0
125 134 54 59284.4 0 0
130 140 54 59288.7 0 0
129 142 54 59292.9 0 0
129 135 54 59297.1 0 0
126 147 54 59301.3 0 0
127 139 54 59305.5 0 0
133 144 55 59309.7 0 0
129 144 54 59313.9 0 0
128 120 54 59318.2 0 0
133 142 54 59322.4 0 0
128 141 54 59326.6 0 0
129 131 54 59330.8 0 0
130 143 54 59335 0 0
131 139 54 59339.2 0 0
132 137 55 59343.5 0 0
126 142 54 59347.7 0 0
131 141 55 59351.9 0 0
125 141 54 59356.1 0 0
131 131 54 59360.3 0 0
131 142 54 59364.5 0 0
131 140 54 59368.7 0 0
130 137 54 59372.9 0 0
125 129 55 59377.1 0 0
126 139 54 59381.4 0 0
129 140 54 59385.6 0 0
131 138 54 59389.9 0 0
131 120 54 59394.1 0 0
129 132 55 59398.3 0 0
131 140 55 59402.6 0 0
125 138 54 59406.8 0 0
129 129 54 59411 0 0
130 141 54 59415.2 0 0
127 140 55 59419.4 0 0
128 129 54 59423.7 0 0
132 130 55 59427.9 0 0
126 140 54 59432.1 0 0
127 141 55 59436.3 0 0
132 129 54 59440.6 0 0
139 149 54 59444.8 0 0
131 133 55 59449 0 0
126 139 55 59453.2 0 0
130 137 54 59457.4 0 0
128 134 54 59461.6 0 0
130 140 54 59465.8 0 0
124 146 55 59470.1 0 0
129 140 55 59474.3 0 0
127 140 55 59478.5 0 0
131 117 54 59482.7 0 0
130 142 54 59486.9 0 0
129 138 55 59491.1 0 0
128 138 55 59495.3 0 0
130 142 54 59499.6 0 0
130 137 54 59503.8 0 0
132 131 55 59508 0 0
132 133 55 59512.2 0 0
129 133 54 59516.4 0 0
131 128 54 59520.6 0 0
131 157 54 59524.9 0 0
132 131 54 59529.1 0 0
128 138 54 59533.3 0 0
129 136 54 59537.6 0 0
133 136 54 59541.8 0 0
124 152 54 59546 0 0
129 130 54 59550.2 0 0
128 141 54 59554.4 0 0
129 144 54 59558.6 0 0
129 139 54 59562.8 0 0
132 135 54 59567.1 0 0
127 133 54 59571.3 0 0
131 115 55 59575.5 0 0
151 156 54 59579.7 0 0
126 138 55 59583.9 0 0
130 137 54 59588.1 0 0
127 138 54 59592.4 0 0
128 142 54 59596.6 0 0
127 142 54 59600.8 0 0
130 137 55 59605 0 0
130 126 54 59609.2 0 0
212 222 54 59613.4 0 0
126 131 54 59617.7 0 0
127 129 54 59621.9 0 0
128 139 55 59626.1 0 0
126 137 54 59630.3 0 0
129 119 54 59634.5 0 0
128 144 54 59638.7 0 0
125 135 54 59642.9 0 0
132 119 54 59647.1 0 0
124 145 54 59651.3 0 0
130 136 54 59655.6 0 0
129 138 54 59659.8 0 0
126 132 54 59664 0 0
129 136 55 59668.2 0 0
129 135 54 59672.4 0 0
126 133 55 59676.6 0 0
127 139 54 59680.8 0 0
127 128 54 59685.1 0 0
126 143 54 59689.3 0 0
123 141 54 59693.5 0 0
128 144 54 59697.8 0 0
126 138 54 59701.9 0 0
127 129 54 59706.2 0 0
130 145 54 59710.4 0 0
123 141 54 59714.6 0 0
129 141 54 59718.8 0 0
122 143 54 59723.1 0 0
130 127 54 59727.3 0 0
124 149 54 59731.5 0 0
125 145 54 59735.7 0 0
125 132 54 59739.9 0 0
128 143 54 59744.2 0 0
123 141 54 59748.4 0 0
129 134 54 59752.6 0 0
121 148 54 59756.8 0 0
125 130 54 59761 0 0
127 139 54 59768 0 0
131 121 54 59776.5 0 0
131 119 54 59784.7 0 0
125 145 54 59792.9 0 0
130 147 54 59801.4 0 0
130 147 54 59809.7 0 0
129 137 54 59817.1 0 0
125 136 54 59821.3 0 0
125 138 54 59826.4 0 0
128 134 54 59830.6 0 0
126 141 54 59834.8 0 0
123 143 54 59839.1 0 0
131 124 54 59843.3 0 0
125 138 53 59847.5 0 0
126 139 54 59851.7 0 0
129 121 54 59855.9 0 0
128 134 54 59860.1 0 0
130 122 54 59864.3 0 0
128 131 54 59868.6 0 0
126 140 54 59872.8 0 0
129 120 54 59877 0 0
126 139 54 59881.2 0 0
129 130 54 59885.4 0 0
126 148 53 59889.6 0 0
127 140 54 59893.8 0 0
127 140 54 59898 0 0
123 142 53 59902.2 0 0
128 142 54 59906.9 0 0
122 146 53 59911.1 0 0
125 140 54 59917.8 0 0
124 143 54 59922.1 0 0
125 141 54 59926.3 0 0
129 142 53 59930.5 0 0
127 133 53 59934.8 0 0
126 143 53 59939 0 0
127 134 53 59943.2 0 0
123 145 53 59947.4 0 0
126 145 53 59951.6 0 0
125 142 54 59955.8 0 0
126 138 53 59960 0 0
124 141 54 59964.2 0 0
125 146 54 59968.5 0 0
127 148 54 59972.7 0 0
129 136 53 59976.9 0 0
137 120 53 59981.1 0 0
132 149 53 59985.3 0 0
127 150 54 59989.6 0 0
126 147 53 59993.8 0 0
129 148 54 59998 0 0
130 147 53 60002.3 0 0
124 153 53 60006.5 0 0
134 146 54 60010.7 0 0
127 152 53 60014.9 0 0
127 147 53 60019.1 0 0
127 150 53 60023.3 0 0
126 147 54 60030.2 0 0
131 139 53 60034.5 0 0
129 144 53 60038.7 0 0
124 146 54 60042.9 0 0
130 141 53 60047.1 0 0
127 146 53 60051.3 0 0
134 139 53 60055.5 0 0
129 147 53 60059.8 0 0
129 148 54 60064.1 0 0
130 145 53 60068.3 0 0
127 145 53 60072.5 0 0
128 150 53 60076.7 0 0
130 146 54 60080.9 0 0
126 147 53 60085.1 0 0
130 148 53 60089.3 0 0
129 145 53 60093.6 0 0
127 145 54 60097.8 0 0
127 152 54 60102 0 0
126 147 53 60106.2 0 0
127 144 53 60110.4 0 0
130 151 53 60114.7 0 0
140 147 54 60118.9 0 0
129 147 54 60123.1 0 0
126 148 54 60127.3 0 0
129 148 53 60131.6 0 0
128 145 54 60135.8 0 0
131 148 54 60142.8 0 0
130 145 53 60147 0 0
123 143 54 60151.2 0 0
129 143 53 60155.5 0 0
128 148 53 60159.7 0 0
130 143 54 60163.9 0 0
127 142 53 60168.1 0 0
128 147 54 60172.4 0 0
128 144 53 60176.6 0 0
129 148 53 60180.8 0 0
129 142 54 60185 0 0
125 148 54 60189.3 0 0
128 134 53 60193.5 0 0
130 143 54 60197.7 0 0
125 146 54 60201.9 0 0
126 147 54 60206.1 0 0
128 142 54 60210.3 0 0
130 146 54 60214.5 0 0
127 148 54 60218.8 0 0
126 142 54 60223 0 0
127 145 54 60227.2 0 0
126 147 54 60231.4 0 0
125 146 53 60235.6 0 0
127 134 54 60242.8 0 0
129 140 53 60247 0 0
127 141 54 60251.2 0 0
128 143 54 60255.4 0 0
126 136 54 60259.6 0 0
127 144 53 60263.8 0 0
128 146 54 60268 0 0
127 143 54 60272.3 0 0
126 146 54 60276.5 0 0
132 138 53 60280.7 0 0
126 134 54 60284.9 0 0
124 146 54 60289.2 0 0
127 134 54 60293.3 0 0
129 148 54 60297.6 0 0
127 144 53 60301.8 0 0
127 146 54 60306 0 0
126 136 54 60310.2 0 0
129 141 54 60314.5 0 0
129 122 53 60318.8 0 0
147 138 54 60323 0 0
126 141 53 60327.2 0 0
130 119 53 60331.4 0 0
128 130 53 60335.6 0 0
129 138 53 60342.4 0 0
126 143 53 60346.7 0 0
130 121 53 60350.9 0 0
128 143 53 60355.1 0 0
123 143 54 60359.3 0 0
127 137 53 60363.5 0 0
127 134 53 60367.8 0 0
129 120 53 60372 0 0
126 144 53 60376.2 0 0
125 136 53 60380.5 0 0
129 118 53 60384.7 0 0
128 133 53 60389 0 0
140 144 54 60393.2 0 0
126 141 54 60397.4 0 0
125 141 54 60401.6 0 0
131 121 54 60405.8 0 0
130 140 53 60410.1 0 0
129 139 53 60414.3 0 0
128 139 53 60418.5 0 0
127 132 53 60422.7 0 0
139 145 53 60427 0 0
126 138 53 60431.2 0 0
126 138 53 60435.4 0 0
124 141 54 60442.1 0 0
126 145 53 60446.3 0 0
130 127 53 60450.5 0 0
127 138 53 60454.7 0 0
129 136 53 60458.9 0 0
127 143 53 60463.1 0 0
123 140 53 60467.4 0 0
144 136 54 60471.6 0 0
123 144 54 60475.8 0 0
129 140 53 60480 0 0
127 138 53 60484.2 0 0
126 136 53 60488.4 0 0
129 133 53 60492.7 0 0
129 142 53 60496.9 0 0
125 140 53 60501.1 0 0
128 144 53 60505.3 0 0
128 140 53 60509.5 0 0
130 143 53 60513.8 0 0
126 142 53 60517.9 0 0
137 144 53 60522.2 0 0
125 141 53 60526.4 0 0
130 146 53 60530.6 0 0
129 145 53 60534.8 0 0
125 145 53 60539.1 0 0
124 141 53 60543.2 0 0
126 141 54 60547.6 0 0
148 112 53 60551.9 0 0
128 121 53 60556.1 0 0
127 145 53 60560.3 0 0
121 142 53 60564.6 0 0
150 133 53 60568.8 0 0
137 144 54 60573 0 0
130 144 54 60577.2 0 0
128 142 54 60581.4 0 0
155 129 54 60585.6 0 0
126 147 54 60589.8 0 0
131 144 53 60594.7 0 0
127 137 54 60598.9 0 0
140 143 53 60603.1 0 0
129 146 53 60607.3 0 0
127 143 54 60611.5 0 0
147 132 54 60615.8 0 0
130 137 53 60620 0 0
129 143 53 60624.2 0 0
131 137 54 60628.4 0 0
149 138 54 60632.9 0 0
128 139 54 60637.1 0 0
131 147 54 60641.3 0 0
130 138 54 60651.3 0 0
143 136 54 60655.5 0 0
129 141 54 60659.7 0 0
155 125 54 60663.9 0 0
131 142 54 60668.2 0 0
129 140 54 60672.4 0 0
130 139 54 60676.6 0 0
130 145 54 60680.9 0 0
128 143 54 60685.2 0 0
130 142 54 60689.5 0 0
146 133 54 60693.7 0 0
131 142 54 60697.9 0 0
128 141 54 60702.1 0 0
140 140 54 60706.3 0 0
155 127 54 60710.5 0 0
129 145 54 60714.8 0 0
127 146 54 60719.1 0 0
130 138 54 60723.5 0 0
128 146 54 60727.7 0 0
131 142 54 60731.9 0 0
129 141 54 60736.1 0 0
132 139 54 60740.4 0 0
129 143 54 60744.6 0 0
128 145 54 60748.9 0 0
132 144 54 60753.1 0 0
131 143 54 60757.3 0 0
129 144 54 60761.5 0 0
131 144 54 60765.7 0 0
130 143 54 60769.9 0 0
132 143 54 60774.1 0 0
128 143 54 60778.4 0 0
125 137 54 60782.6 0 0
124 143 54 60786.8 0 0
124 142 54 60791 0 0
126 138 54 60795.2 0 0
128 141 54 60799.4 0 0
126 143 54 60803.6 0 0
127 141 54 60807.9 0 0
128 138 54 60812.1 0 0
127 143 54 60816.3 0 0
130 139 54 60820.5 0 0
127 142 54 60824.7 0 0
126 139 54 60829 0 0
153 123 54 60833.2 0 0
126 141 54 60837.4 0 0
124 140 54 60841.6 0 0
126 142 54 60845.8 0 0
130 142 54 60850.1 0 0
126 139 54 60854.3 0 0
128 142 54 60858.5 0 0
144 133 54 60862.7 0 0
148 110 54 60866.9 0 0
127 137 54 60871.3 0 0
128 141 54 60875.6 0 0
127 137 54 60879.8 0 0
124 141 54 60884 0 0
122 142 54 60888.3 0 0
125 144 54 60892.5 0 0
127 135 54 60896.8 0 0
124 143 54 60901 0 0
127 142 54 60905.4 0 0
130 138 54 60909.6 0 0
123 143 54 60913.8 0 0
127 138 54 60918 0 0
144 131 54 60922.2 0 0
125 137 54 60926.4 0 0
128 137 54 60930.6 0 0
123 142 54 60934.9 0 0
127 137 54 60939.1 0 0
148 112 54 60943.3 0 0
124 139 54 60947.5 0 0
126 139 54 60951.7 0 0
125 129 54 60955.9 0 0
124 138 54 60960.2 0 0
125 140 54 60964.4 0 0
127 139 54 60968.6 0 0
125 141 54 60972.8 0 0
128 141 54 60977.1 0 0
124 143 54 60981.2 0 0
122 140 54 60985.4 0 0
126 145 54 60989.7 0 0
123 137 54 60993.9 0 0
138 138 54 60998.1 0 0
124 142 54 61002.4 0 0
127 140 54 61006.6 0 0
124 140 55 61010.8 0 0
127 140 54 61015 0 0
128 140 54 61019.2 0 0
125 140 54 61023.4 0 0
124 134 54 61027.6 0 0
126 137 54 61032.5 0 0
123 140 54 61036.7 0 0
125 138 54 61040.9 0 0
123 140 54 61045.1 0 0
125 140 54 61049.3 0 0
124 142 54 61053.5 0 0
130 137 54 61057.7 0 0
142 131 54 61061.9 0 0
126 143 54 61066.2 0 0
122 135 54 61070.4 0 0
147 131 54 61074.6 0 0
126 143 54 61078.8 0 0
125 138 54 61083 0 0
138 138 54 61087.2 0 0
126 142 54 61091.5 0 0
125 142 54 61095.7 0 0
126 138 54 61099.9 0 0
127 139 54 61104.1 0 0
142 131 54 61108.3 0 0
122 141 54 61112.5 0 0
128 139 54 61116.8 0 0
138 134 54 61121.1 0 0
127 140 54 61125.3 0 0
126 138 54 61129.6 0 0
122 138 54 61133.8 0 0
124 139 54 61138 0 0
144 131 54 61142.2 0 0
127 141 54 61146.4 0 0
125 144 54 61150.6 0 0
125 138 54 61154.9 0 0
130 139 54 61159.1 0 0
122 142 54 61163.3 0 0
128 143 54 61167.5 0 0
126 136 54 61171.7 0 0
122 140 54 61175.9 0 0
125 138 54 61180.2 0 0
125 138 54 61184.4 0 0
127 138 54 61188.8 0 0
127 142 55 61193 0 0
131 135 54 61197.2 0 0
124 136 54 61201.4 0 0
126 140 54 61205.6 0 0
127 140 54 61209.8 0 0
126 133 54 61214.1 0 0
127 144 54 61220.8 0 0
123 137 54 61225 0 0
123 143 54 61229.3 0 0
128 138 54 61233.5 0 0
127 139 55 61237.7 0 0
128 142 54 61241.9 0 0
127 140 55 61246.2 0 0
130 142 55 61250.4 0 0
127 138 54 61254.7 0 0
124 143 55 61258.9 0 0
126 138 54 61263.1 0 0
124 143 54 61267.3 0 0
124 141 54 61271.5 0 0
123 139 54 61275.7 0 0
131 139 55 61280 0 0
127 138 55 61284.2 0 0
125 142 54 61288.4 0 0
129 137 54 61292.6 0 0
144 131 55 61296.8 0 0
139 136 55 61301 0 0
127 137 55 61305.2 0 0
125 144 55 61309.5 0 0
125 141 55 61313.7 0 0
131 147 55 61318 0 0
128 153 55 61322.2 0 0
129 158 54 61329.1 0 0
130 160 55 61333.3 0 0
132 156 55 61337.5 0 0
129 156 55 61341.7 0 0
130 156 55 61346 0 0
132 156 55 61350.2 0 0
147 148 55 61354.4 0 0
128 157 55 61358.6 0 0
126 156 55 61362.8 0 0
148 149 55 61367.1 0 0
126 157 55 61371.3 0 0
127 153 55 61375.5 0 0
129 157 55 61379.8 0 0
132 155 55 61384 0 0
129 157 55 61388.2 0 0
132 159 55 61392.4 0 0
146 152 55 61396.6 0 0
126 159 55 61400.8 0 0
133 145 55 61405.1 0 0
128 161 55 61409.3 0 0
128 158 55 61413.5 0 0
128 156 55 61417.7 0 0
128 156 55 61421.9 0 0
132 156 55 61426.5 0 0
131 158 55 61430.7 0 0
156 145 55 61437.3 0 0
126 158 55 61441.6 0 0
138 161 55 61445.8 0 0
130 158 55 61450 0 0
131 160 55 61454.2 0 0
129 157 55 61458.4 0 0
129 157 55 61462.6 0 0
130 157 55 61466.9 0 0
125 157 55 61471.1 0 0
129 157 55 61475.3 0 0
123 156 55 61479.5 0 0
127 158 55 61483.7 0 0
127 153 55 61487.9 0 0
128 157 55 61492.2 0 0
132 162 55 61496.4 0 0
131 157 55 61500.6 0 0
132 161 55 61504.9 0 0
129 157 55 61509.1 0 0
151 149 55 61513.3 0 0
153 142 55 61517.5 0 0
128 156 54 61521.7 0 0
130 149 55 61525.9 0 0
129 147 55 61530.1 0 0
130 142 55 61534.4 0 0
128 136 55 61538.6 0 0
122 135 55 61545.7 0 0
129 136 55 61549.9 0 0
129 135 55 61554.1 0 0
128 137 54 61558.7 0 0
150 121 55 61563.1 0 0
126 138 54 61567.3 0 0
127 136 55 61571.5 0 0
126 137 54 61575.7 0 0
126 137 55 61579.9 0 0
130 133 55 61584.2 0 0
126 142 55 61588.4 0 0
123 138 55 61592.7 0 0
125 137 55 61596.9 0 0
127 137 55 61601.1 0 0
127 141 55 61607.9 0 0
125 140 54 61612.1 0 0
126 140 55 61616.4 0 0
126 138 54 61620.6 0 0
128 133 54 61624.8 0 0
118 142 54 61629 0 0
127 139 54 61633.3 0 0
125 137 54 61637.5 0 0
128 138 54 61641.7 0 0
128 136 54 61645.9 0 0
144 131 55 61650.2 0 0
131 144 54 61654.4 0 0
122 144 54 61658.7 0 0
127 143 54 61662.9 0 0
129 137 54 61667.1 0 0
127 142 54 61671.3 0 0
124 141 54 61675.5 0 0
122 138 54 61679.7 0 0
126 142 54 61683.9 0 0
129 136 54 61688.1 0 0
125 141 54 61692.3 0 0
127 140 54 61696.5 0 0
130 106 54 61700.8 0 0
125 140 54 61704.9 0 0
156 118 54 61709.2 0 0
145 131 53 61716.3 0 0
127 144 54 61720.5 0 0
138 141 54 61724.8 0 0
125 136 53 61729 0 0
122 138 53 61733.2 0 0
125 141 53 61737.4 0 0
145 111 53 61741.6 0 0
125 141 53 61745.8 0 0
127 140 53 61750.1 0 0
127 122 53 61754.3 0 0
127 140 53 61758.5 0 0
124 136 53 61762.7 0 0
135 141 53 61766.9 0 0
124 137 53 61771.1 0 0
124 139 53 61775.4 0 0
125 142 53 61779.8 0 0
128 121 53 61784 0 0
125 135 53 61788.3 0 0
126 141 53 61792.5 0 0
126 141 53 61796.7 0 0
124 140 53 61801.5 0 0
125 140 52 61805.7 0 0
121 138 53 61809.9 0 0
123 139 53 61814.4 0 0
125 140 53 61818.6 0 0
124 135 52 61822.8 0 0
123 136 52 61827 0 0
122 139 53 61831.2 0 0
126 119 53 61835.4 0 0
124 137 53 61839.6 0 0
125 133 53 61843.9 0 0
127 139 52 61848.1 0 0
131 122 52 61852.3 0 0
123 138 52 61856.5 0 0
126 122 52 61860.7 0 0
127 135 52 61864.9 0 0
125 139 52 61869.1 0 0
128 122 52 61873.3 0 0
127 144 52 61877.6 0 0
128 138 52 61881.8 0 0
126 122 52 61886 0 0
126 139 52 61890.2 0 0
126 134 52 61894.4 0 0
126 121 52 61898.7 0 0
126 122 52 61902.9 0 0
126 122 52 61907.3 0 0
130 125 52 61911.5 0 0
148 130 52 61915.7 0 0
124 142 52 61919.9 0 0
138 139 52 61924.1 0 0
124 135 52 61928.4 0 0
125 139 52 61932.6 0 0
125 140 52 61936.9 0 0
125 120 52 61941.1 0 0
126 135 52 61945.3 0 0
125 136 52 61949.5 0 0
126 123 52 61953.7 0 0
126 141 52 61958 0 0
126 124 52 61962.2 0 0
125 123 52 61966.4 0 0
126 123 52 61970.7 0 0
123 132 52 61974.9 0 0
123 141 52 61979.1 0 0
127 120 52 61983.3 0 0
127 124 52 61987.5 0 0
125 134 52 61991.7 0 0
128 124 53 61995.9 0 0
126 123 52 62000.3 0 0
126 137 52 62004.6 0 0
126 130 52 62008.8 0 0
125 140 52 62013 0 0
124 131 52 62017.2 0 0
124 135 52 62021.4 0 0
127 123 52 62025.6 0 0
127 123 52 62029.9 0 0
126 121 52 62034.1 0 0
127 146 52 62038.3 0 0
126 121 53 62042.5 0 0
123 143 52 62046.7 0 0
125 138 52 62050.9 0 0
126 133 52 62055.2 0 0
122 139 52 62059.4 0 0
129 122 52 62063.7 0 0
124 133 52 62067.9 0 0
124 136 53 62072.1 0 0
123 141 52 62076.3 0 0
125 119 52 62080.5 0 0
123 141 52 62084.8 0 0
125 137 52 62089 0 0
125 138 52 62093.2 0 0
125 138 52 62097.4 0 0
126 120 52 62101.6 0 0
128 143 52 62105.8 0 0
133 137 52 62110.4 0 0
122 143 52 62114.8 0 0
122 143 52 62119.1 0 0
124 133 53 62123.3 0 0
126 143 53 62127.5 0 0
127 125 53 62131.8 0 0
125 138 53 62136 0 0
126 142 53 62140.2 0 0
124 142 53 62144.4 0 0
128 123 53 62148.6 0 0
125 133 53 62152.8 0 0
126 134 53 62157.1 0 0
122 141 53 62161.3 0 0
125 140 53 62165.5 0 0
122 141 53 62169.7 0 0
140 140 53 62173.9 0 0
151 132 53 62178.1 0 0
127 134 53 62182.3 0 0
126 143 53 62186.6 0 0
123 139 53 62190.9 0 0
128 123 53 62195.1 0 0
124 143 53 62199.3 0 0
126 135 53 62203.5 0 0
123 143 53 62207.8 0 0
126 139 53 62212 0 0
128 137 53 62216.4 0 0
126 143 53 62220.6 0 0
127 142 53 62224.8 0 0
124 138 53 62229 0 0
126 143 53 62233.2 0 0
125 143 53 62237.4 0 0
124 140 53 62241.7 0 0
124 138 53 62245.9 0 0
126 143 53 62250.1 0 0
133 139 53 62254.4 0 0
122 144 53 62258.6 0 0
127 137 53 62262.8 0 0
125 134 53 62267 0 0
125 138 53 62271.2 0 0
132 136 53 62275.4 0 0
125 144 54 62279.7 0 0
128 121 54 62283.9 0 0
140 137 53 62288.1 0 0
124 139 53 62292.3 0 0
126 137 53 62296.5 0 0
122 142 54 62300.7 0 0
124 138 54 62304.9 0 0
140 136 53 62309.2 0 0
122 143 54 62313.4 0 0
126 139 53 62317.6 0 0
123 142 53 62321.8 0 0
128 139 54 62326 0 0
120 143 54 62330.2 0 0
128 137 53 62334.5 0 0
125 138 53 62338.7 0 0
124 142 54 62342.9 0 0
125 138 54 62347.2 0 0
128 133 54 62351.3 0 0
127 140 54 62355.6 0 0
127 138 53 62359.8 0 0
140 134 54 62364.2 0 0
128 137 54 62368.5 0 0
126 141 54 62372.7 0 0
127 141 54 62376.9 0 0
129 137 54 62381.2 0 0
123 142 54 62385.4 0 0
125 141 54 62389.6 0 0
127 140 54 62393.8 0 0
129 142 54 62398.1 0 0
126 136 54 62402.3 0 0
125 140 54 62406.5 0 0
122 136 54 62410.7 0 0
126 139 54 62414.9 0 0
126 138 54 62419.1 0 0
125 139 54 62423.3 0 0
125 139 54 62427.7 0 0
127 139 54 62431.9 0 0
136 141 54 62436.3 0 0
126 138 54 62440.6 0 0
135 143 54 62444.8 0 0
124 135 54 62449 0 0
126 140 54 62453.2 0 0
126 136 54 62457.4 0 0
124 140 54 62461.6 0 0
121 140 54 62465.9 0 0
126 140 54 62470.1 0 0
127 135 54 62474.3 0 0
125 142 54 62478.5 0 0
127 135 54 62482.7 0 0
126 140 54 62486.9 0 0
127 139 54 62491.2 0 0
123 138 54 62495.4 0 0
150 124 54 62499.6 0 0
125 138 54 62503.9 0 0
129 133 54 62508.1 0 0
125 140 54 62512.3 0 0
144 129 54 62516.5 0 0
124 136 54 62520.7 0 0
127 136 54 62524.9 0 0
131 138 54 62529.2 0 0
140 131 54 62533.4 0 0
125 142 54 62537.7 0 0
125 135 54 62541.9 0 0
124 136 54 62546.1 0 0
125 141 54 62550.3 0 0
149 111 54 62554.7 0 0
126 139 54 62558.9 0 0
125 134 54 62563.2 0 0
125 138 54 62567.4 0 0
128 137 54 62571.6 0 0
128 135 54 62575.8 0 0
125 139 54 62580 0 0
131 127 54 62584.3 0 0
127 138 54 62588.5 0 0
126 132 54 62592.7 0 0
128 137 54 62597 0 0
127 134 54 62601.2 0 0
125 136 54 62605.4 0 0
123 138 54 62609.6 0 0
126 134 54 62613.8 0 0
119 138 54 62618.2 0 0
129 128 55 62622.4 0 0
127 138 54 62626.7 0 0
129 139 54 62630.9 0 0
128 133 54 62635.2 0 0
126 137 54 62639.4 0 0
127 127 54 62643.6 0 0
128 136 54 62647.8 0 0
126 136 54 62652 0 0
128 127 54 62656.2 0 0
127 137 54 62660.4 0 0
128 135 54 62664.7 0 0
133 144 54 62668.9 0 0
122 141 54 62673.1 0 0
128 136 54 62677.3 0 0
128 132 54 62681.5 0 0
125 141 55 62685.8 0 0
123 138 54 62690 0 0
139 133 55 62694.2 0 0
130 138 54 62698.4 0 0
127 135 54 62702.6 0 0
128 134 54 62706.8 0 0
133 127 54 62711.1 0 0
130 137 54 62715.3 0 0
129 126 54 62719.6 0 0
126 133 54 62723.8 0 0
127 139 54 62728 0 0
129 127 54 62732.2 0 0
127 139 55 62736.4 0 0
129 134 54 62740.6 0 0
127 135 54 62744.9 0 0
129 132 54 62749.1 0 0
132 129 54 62753.3 0 0
127 141 54 62757.5 0 0
126 131 54 62761.7 0 0
134 137 54 62765.9 0 0
129 137 54 62770.1 0 0
127 133 54 62774.3 0 0
143 131 54 62778.6 0 0
125 128 55 62782.8 0 0
132 131 54 62787 0 0
128 133 54 62791.2 0 0
125 131 55 62795.4 0 0
133 137 55 62799.6 0 0
128 127 54 62803.9 0 0
130 137 54 62808.2 0 0
131 131 55 62812.4 0 0
129 136 54 62816.6 0 0
130 129 55 62820.8 0 0
125 137 54 62825 0 0
129 132 55 62829.2 0 0
131 127 54 62833.4 0 0
128 134 54 62837.7 0 0
127 127 55 62841.9 0 0
128 138 54 62846.2 0 0
125 134 54 62850.4 0 0
128 134 55 62854.6 0 0
121 140 54 62858.8 0 0
133 116 55 62863 0 0
125 140 55 62867.2 0 0
128 134 54 62871.5 0 0
128 140 55 62875.7 0 0
130 139 54 62880 0 0
127 137 55 62884.2 0 0
125 131 54 62888.4 0 0
129 135 54 62892.6 0 0
127 140 54 62896.9 0 0
132 138 54 62901.1 0 0
131 134 54 62905.3 0 0
125 135 54 62909.6 0 0
125 133 54 62913.8 0 0
125 140 54 62918 0 0
126 140 55 62922.2 0 0
127 138 54 62926.5 0 0
128 135 54 62930.8 0 0
125 137 54 62935 0 0
127 140 54 62939.2 0 0
130 139 55 62943.4 0 0
124 137 54 62947.6 0 0
125 137 54 62951.8 0 0
133 130 54 62956.1 0 0
130 133 54 62960.3 0 0
129 131 54 62964.5 0 0
151 123 54 62968.7 0 0
127 134 55 62972.9 0 0
126 138 54 62977.2 0 0
128 138 55 62981.4 0 0
131 133 54 62985.6 0 0
129 137 55 62989.8 0 0
127 130 55 62994 0 0
128 141 55 62998.3 0 0
129 127 55 63002.5 0 0
128 140 54 63006.7 0 0
146 107 55 63010.9 0 0
128 130 55 63015.1 0 0
126 137 54 63019.3 0 0
129 132 54 63023.6 0 0
125 139 55 63027.8 0 0
130 133 55 63032.2 0 0
127 140 55 63036.4 0 0
125 139 55 63040.6 0 0
124 141 55 63044.8 0 0
125 138 55 63049 0 0
132 135 54 63053.3 0 0
130 135 54 63057.6 0 0
125 140 54 63061.8 0 0
126 142 54 63066 0 0
128 136 55 63070.2 0 0
129 137 54 63074.4 0 0
123 139 54 63078.8 0 0
142 130 54 63083 0 0
130 138 55 63087.2 0 0
127 139 54 63091.5 0 0
129 136 54 63095.7 0 0
131 139 54 63099.9 0 0
127 137 54 63104.1 0 0
128 140 55 63108.3 0 0
124 137 54 63112.6 0 0
127 135 55 63116.8 0 0
126 141 54 63121 0 0
125 142 54 63125.2 0 0
125 133 54 63129.4 0 0
126 141 55 63133.7 0 0
150 125 54 63137.9 0 0
128 141 54 63142.1 0 0
152 113 54 63146.3 0 0
129 140 54 63150.5 0 0
125 137 54 63154.7 0 0
129 138 54 63158.9 0 0
123 137 54 63163.2 0 0
127 135 54 63167.4 0 0
129 136 54 63171.6 0 0
123 142 54 63175.8 0 0
128 136 54 63180 0 0
130 137 55 63184.2 0 0
128 136 54 63188.8 0 0
128 138 54 63193 0 0
130 138 54 63197.2 0 0
128 137 55 63201.4 0 0
126 142 54 63205.6 0 0
143 148 54 63209.8 0 0
130 131 55 63214 0 0
125 137 54 63218.2 0 0
128 129 54 63222.5 0 0
124 143 54 63226.7 0 0
129 136 54 63230.9 0 0
125 141 55 63235.1 0 0
125 136 54 63239.3 0 0
129 140 54 63243.6 0 0
127 138 54 63247.8 0 0
124 143 54 63252 0 0
124 135 54 63256.2 0 0
127 129 54 63260.4 0 0
123 136 54 63264.6 0 0
124 137 54 63268.8 0 0
150 123 54 63273.1 0 0
129 137 54 63277.3 0 0
125 137 54 63281.9 0 0
128 141 54 63286.1 0 0
126 138 54 63290.3 0 0
125 131 54 63294.5 0 0
127 136 54 63298.7 0 0
129 138 54 63303 0 0
129 137 54 63307.2 0 0
127 142 54 63311.4 0 0
127 136 54 63315.7 0 0
128 142 54 63319.9 0 0
125 142 54 63324.1 0 0
126 143 54 63328.3 0 0
128 141 54 63332.5 0 0
132 137 54 63336.7 0 0
125 137 54 63340.9 0 0
131 136 54 63345.2 0 0
130 137 54 63349.4 0 0
127 137 54 63353.6 0 0
128 139 54 63357.8 0 0
128 139 54 63362 0 0
134 134 54 63366.2 0 0
128 141 54 63370.4 0 0
127 137 54 63374.7 0 0
126 141 55 63379 0 0
128 138 54 63383.2 0 0
129 147 54 63387.4 0 0
132 147 55 63391.7 0 0
133 150 54 63395.9 0 0
132 154 54 63400.1 0 0
130 163 54 63404.3 0 0
131 164 54 63408.5 0 0
152 151 54 63412.8 0 0
147 153 54 63417 0 0
134 154 54 63421.2 0 0
149 150 54 63425.4 0 0
133 157 54 63429.6 0 0
131 146 54 63433.8 0 0
131 163 54 63438.7 0 0
131 156 54 63442.9 0 0
127 156 54 63447.1 0 0
131 157 54 63451.3 0 0
136 160 54 63455.5 0 0
133 156 54 63459.7 0 0
144 159 54 63463.9 0 0
146 160 54 63468.1 0 0
128 158 54 63472.4 0 0
131 157 54 63476.6 0 0
144 152 54 63480.8 0 0
141 164 54 63485 0 0
127 160 54 63489.2 0 0
132 155 54 63493.4 0 0
128 160 54 63497.7 0 0
135 113 54 63501.9 0 0
131 161 54 63506.1 0 0
130 151 54 63510.3 0 0
133 161 54 63514.5 0 0
130 161 54 63518.7 0 0
130 160 54 63523 0 0
132 160 54 63527.2 0 0
132 161 54 63531.5 0 0
133 160 54 63535.7 0 0
127 162 54 63539.9 0 0
135 162 54 63544.1 0 0
130 160 54 63548.3 0 0
127 159 54 63552.6 0 0
130 161 54 63556.8 0 0
130 160 54 63561 0 0
134 159 54 63565.5 0 0
148 151 54 63569.7 0 0
149 155 54 63573.9 0 0
129 160 54 63578.1 0 0
133 137 54 63582.3 0 0
148 154 54 63586.5 0 0
134 130 54 63590.7 0 0
131 154 54 63594.9 0 0
132 159 54 63599.2 0 0
156 141 54 63603.4 0 0
132 155 54 63607.6 0 0
131 141 54 63611.8 0 0
129 128 54 63616 0 0
132 126 54 63620.2 0 0
128 139 54 63624.4 0 0
125 135 54 63628.7 0 0
128 130 54 63632.9 0 0
126 141 54 63637.1 0 0
127 136 54 63641.3 0 0
126 141 54 63645.5 0 0
135 142 54 63649.7 0 0
124 143 54 63654 0 0
122 139 54 63658.2 0 0
127 137 54 63662.4 0 0
123 138 54 63666.6 0 0
130 126 54 63670.8 0 0
127 140 54 63675 0 0
128 130 54 63679.3 0 0
151 129 54 63683.5 0 0
149 130 54 63687.8 0 0
125 140 54 63692 0 0
131 133 54 63696.2 0 0
131 140 54 63700.4 0 0
125 135 54 63704.6 0 0
127 140 54 63708.8 0 0
126 142 54 63713 0 0
126 141 54 63717.2 0 0
126 137 54 63721.5 0 0
126 137 54 63725.7 0 0
130 142 54 63729.9 0 0
127 137 54 63734.1 0 0
125 141 54 63738.3 0 0
125 144 54 63742.6 0 0
129 143 54 63746.8 0 0
125 142 54 63751.3 0 0
124 141 54 63755.5 0 0
125 138 54 63759.7 0 0
128 139 54 63763.9 0 0
124 142 53 63768.1 0 0
125 138 53 63772.3 0 0
127 137 53 63776.6 0 0
129 142 54 63780.8 0 0
126 142 53 63785 0 0
127 138 53 63789.2 0 0
126 143 53 63793.5 0 0
123 141 53 63797.7 0 0
125 143 53 63801.9 0 0
125 138 53 63806.1 0 0
126 142 53 63810.3 0 0
128 138 54 63814.6 0 0
126 141 53 63818.8 0 0
122 143 53 63823 0 0
125 139 53 63827.2 0 0
128 139 53 63831.4 0 0
128 145 53 63835.6 0 0
125 135 53 63839.8 0 0
124 145 52 63844 0 0
125 139 52 63848.3 0 0
138 141 52 63852.5 0 0
124 140 52 63856.7 0 0
127 120 52 63860.9 0 0
128 120 52 63865.1 0 0
127 138 52 63869.3 0 0
122 134 52 63873.5 0 0
125 136 52 63877.7 0 0
127 136 52 63882 0 0
129 119 52 63886.2 0 0
139 136 52 63890.4 0 0
126 136 52 63894.6 0 0
127 119 52 63898.8 0 0
125 140 52 63903.1 0 0
128 122 52 63907.8 0 0
126 141 52 63912 0 0
126 139 52 63916.2 0 0
126 132 52 63920.4 0 0
123 138 51 63924.6 0 0
128 122 52 63928.8 0 0
126 142 51 63933.1 0 0
128 143 52 63937.3 0 0
122 137 52 63941.5 0 0
127 138 52 63945.7 0 0
122 142 52 63949.9 0 0
124 138 51 63954.1 0 0
126 139 51 63958.3 0 0
123 142 52 63962.6 0 0
127 139 51 63966.8 0 0
123 141 52 63971 0 0
128 137 52 63975.2 0 0
127 121 52 63979.4 0 0
126 122 52 63983.6 0 0
127 122 51 63987.8 0 0
124 138 52 63992.1 0 0
125 138 52 63996.3 0 0
125 142 51 64000.5 0 0
123 137 51 64004.8 0 0
125 132 51 64009 0 0
127 134 52 64013.2 0 0
140 136 52 64017.4 0 0
125 142 52 64021.6 0 0
128 123 52 64025.9 0 0
125 137 52 64030.1 0 0
127 138 51 64034.3 0 0
128 123 52 64038.5 0 0
125 137 51 64042.8 0 0
123 137 51 64047 0 0
125 136 52 64051.2 0 0
