1010.94,130,121
1015.18,129,119
1019.4,129,119
1023.6,130,121
1027.81,129,121
1032.02,128,120
1036.26,128,122
1040.49,128,121
1044.71,128,123
1048.91,128,122
1053.12,129,123
1057.33,129,123
1061.54,130,119
1065.77,131,123
1069.99,129,122
1074.21,132,120
1078.42,130,121
1082.64,131,121
1086.9,130,120
1091.11,129,121
1095.34,129,120
1099.57,128,127
1103.81,127,122
1108.02,127,122
1112.22,129,122
1116.42,130,122
1120.64,127,120
1124.87,130,125
1129.1,132,121
1133.34,129,124
1137.54,130,120
1141.76,129,119
1145.97,130,126
1150.17,127,124
1154.39,130,122
1158.6,130,123
1162.85,129,120
1167.06,127,123
1171.27,129,119
1175.49,128,121
1179.79,128,116
1184.12,128,124
1188.35,129,120
1192.57,130,122
1196.79,130,121
1201.02,129,123
1205.22,130,125
1209.43,132,123
1213.63,131,121
1217.86,129,126
1222.07,132,122
1226.3,129,126
1230.52,129,121
1234.72,130,122
1238.92,130,121
1243.14,130,123
1247.36,129,126
1251.58,129,121
1255.8,129,120
1260.02,128,118
1264.3,129,120
1268.51,130,124
1272.72,127,122
1276.93,124,120
1281.15,121,102
1285.38,119,88
1289.61,121,75
1293.83,119,70
1298.04,120,67
1302.26,120,69
1306.47,120,68
1310.7,118,70
1314.91,121,73
1319.15,121,70
1323.35,119,74
1327.56,119,71
1331.77,122,71
1335.97,120,69
1340.21,119,68
1344.44,121,70
1348.68,119,68
1352.91,120,72
1357.11,120,67
1361.32,119,68
1365.55,118,73
1369.75,120,69
1373.98,119,69
1378.2,121,68
1382.42,120,69
1386.62,118,69
1390.83,120,69
1395.04,120,66
1399.29,121,72
1403.51,119,69
1407.72,119,70
1411.96,121,70
1416.2,118,71
1420.41,120,68
1424.61,121,68
1428.83,122,68
1433.04,120,68
1437.26,117,68
1441.48,120,67
1445.71,120,68
1449.95,118,67
1454.15,120,65
1458.35,119,66
1462.56,118,66
1466.77,120,68
1470.99,120,65
1475.23,121,65
1479.44,120,67
1483.67,118,65
1487.89,118,65
1492.09,119,68
1496.29,118,67
1500.5,118,67
1504.71,118,63
1508.93,116,67
1513.15,109,70
1517.37,99,72
1521.57,89,72
1525.77,80,73
1530,71,76
1534.22,63,80
1538.45,54,81
1542.65,49,84
1546.86,41,83
1551.07,43,83
1555.27,44,85
1559.49,45,80
1566.28,43,79
1570.53,43,82
1574.75,42,79
1578.96,41,82
1583.17,45,82
1587.38,43,83
1591.6,40,84
1595.81,43,83
1600.04,42,82
1604.25,42,80
1608.46,40,82
1612.67,40,82
1616.87,40,82
1621.08,43,80
1625.3,38,83
1629.52,43,81
1633.8,42,82
1638.01,42,82
1642.22,41,83
1646.42,43,82
1650.63,41,83
1654.85,43,82
1659.07,41,81
1663.3,41,81
1668.27,42,82
1672.47,43,82
1676.68,41,82
1680.89,41,81
1685.1,42,82
1689.31,41,82
1693.54,42,82
1697.77,43,81
1701.99,39,84
1706.19,39,84
1710.4,41,84
1714.59,41,88
1718.82,41,86
1723.05,42,82
1727.34,42,82
1731.55,41,85
1735.76,42,82
1739.97,39,82
1744.17,42,83
1748.38,40,82
1752.58,40,85
1756.8,40,83
1761.06,41,85
1765.31,41,84
1769.51,41,82
1773.72,40,88
1777.92,39,85
1782.14,40,84
1786.37,38,86
1790.59,42,83
1794.8,40,85
1799,42,85
1803.2,40,86
1807.4,40,84
1811.64,43,84
1815.88,40,84
1820.11,42,87
1824.31,44,89
1828.53,43,91
1832.73,45,90
1836.93,44,89
1841.14,44,97
1845.37,44,97
1849.64,35,154
1854.79,35,154
1859.56,35,154
1863.78,35,154
1867.98,35,154
1872.19,35,154
1876.52,62,207
1880.77,71,173
1885.01,77,159
1889.22,76,153
1893.42,77,160
1897.62,74,162
1901.83,75,173
1906.07,77,171
1910.29,77,177
1914.51,79,172
1918.73,81,169
1922.94,82,175
1927.17,82,176
1931.38,78,174
1935.72,82,175
1939.94,82,177
1944.19,82,175
1948.41,80,175
1952.63,81,173
1956.84,81,179
1961.1,82,179
1965.32,81,184
1969.53,80,173
1973.77,80,176
1978,84,174
1982.22,81,177
1986.44,80,174
1990.66,84,179
1994.86,85,181
1999.08,83,179
2003.29,85,179
2007.5,82,179
2011.74,84,171
2015.96,81,181
2020.18,80,180
2024.42,81,182
2028.63,86,181
2032.84,82,174
2037.1,81,181
2041.33,81,179
2045.55,83,186
2049.75,83,179
2053.95,83,182
2058.17,82,181
2062.38,82,183
2066.59,83,180
2070.79,82,178
2075.01,82,180
2079.24,81,180
2083.49,83,179
2087.72,82,179
2091.95,82,176
2096.17,79,181
2100.4,80,180
2104.63,74,198
2108.84,75,203
2113.04,79,206
2117.29,77,207
2121.51,78,195
2128.44,77,196
2132.67,75,197
2136.87,78,199
2141.09,79,201
2145.29,80,204
2149.49,77,196
2153.69,78,206
2157.92,77,203
2162.16,79,202
2166.38,77,204
2170.59,76,202
2174.81,78,202
2179.02,79,203
2183.23,79,208
2187.47,77,210
2191.69,76,205
2195.92,77,211
2200.13,75,208
2204.33,76,209
2208.54,76,206
2212.74,77,208
2216.95,79,203
2221.17,78,202
2225.41,78,203
2229.63,75,207
2236.59,74,201
2244.84,77,195
2253.33,77,197
2261.59,77,204
2270.05,77,204
2277.73,77,200
2281.95,78,205
2286.56,79,203
2290.78,76,200
2295,79,201
2299.21,77,203
2303.41,78,201
2307.61,77,203
2311.83,78,203
2316.04,76,201
2320.24,75,196
2324.44,79,197
2328.67,76,199
2332.92,76,191
2337.15,77,190
2341.36,78,187
2345.58,79,189
2349.81,77,193
2354.05,76,191
2358.26,80,193
2362.47,76,189
2366.67,78,191
2370.88,77,200
2375.1,78,194
2379.32,78,193
2386.45,79,190
2390.69,82,198
2394.94,80,197
2399.14,76,193
2403.34,80,202
2407.57,79,193
2411.81,80,177
2416.04,79,161
2420.25,82,152
2424.45,84,135
2428.65,82,122
2432.86,78,116
2437.07,80,101
2441.28,84,92
2445.51,84,88
2449.73,85,81
2453.94,86,77
2458.14,87,75
2462.34,86,77
2466.57,85,74
2470.78,87,75
2475.02,87,75
2480.87,87,79
2485.1,88,75
2489.31,87,75
2493.51,86,74
2498.04,87,72
2502.25,86,77
2506.47,88,73
2510.71,87,75
2514.94,88,72
2519.14,87,75
2523.36,86,74
2527.56,88,73
2531.78,86,75
2536.02,86,73
2540.24,88,76
2544.46,86,76
2548.68,85,75
2552.88,86,71
2557.1,86,74
2561.31,86,73
2565.52,87,73
2569.72,87,73
2573.92,85,73
2578.16,86,73
2582.39,86,75
2586.64,85,72
2590.85,88,72
2595.07,87,74
2599.32,87,72
2603.54,87,72
2607.75,86,72
2611.96,84,72
2616.16,87,76
2620.36,87,72
2624.58,88,73
2628.8,86,73
2633.02,85,70
2637.24,87,71
2641.44,87,72
2645.64,87,73
2649.85,87,72
2654.07,84,76
2658.28,87,73
2665.21,86,75
2669.46,86,73
2673.7,86,73
2677.9,85,73
2682.1,87,72
2686.31,88,72
2690.54,85,72
2694.79,86,73
2699.01,88,75
2703.22,86,70
2707.42,79,72
2711.62,71,75
2715.83,64,76
2720.04,55,80
2724.28,47,77
2729.19,45,74
2733.41,41,72
2740.34,41,79
2744.54,43,73
2748.8,44,73
2753,45,72
2757.22,43,74
2761.45,42,72
2765.67,42,74
2769.87,42,75
2774.09,42,73
2778.29,42,73
2782.51,43,72
2786.76,42,74
2790.98,41,72
2795.19,42,74
2799.41,40,73
2803.62,44,75
2807.83,41,74
2812.04,42,76
2816.24,42,73
2820.44,42,74
2824.64,42,75
2828.87,42,73
2833.1,44,74
2837.36,41,75
2844.26,41,72
2848.5,42,72
2853.06,42,75
2857.28,43,71
2861.49,41,73
2865.68,40,74
2869.89,43,74
2874.11,42,72
2878.32,41,72
2882.54,40,74
2886.75,41,71
2890.96,40,73
2895.17,42,73
2899.37,42,75
2903.63,42,74
2907.85,43,75
2912.09,41,74
2916.3,41,75
2923.42,41,73
2931.66,41,77
2940.14,41,74
2948.41,43,73
2956.87,46,73
2965.14,65,76
2973.39,65,76
2980.76,88,85
2984.98,97,93
2990.09,109,101
2994.29,121,107
2998.5,125,108
3002.71,125,108
3006.92,123,112
3011.18,121,107
3015.39,121,106
3019.61,121,106
3023.81,124,107
3028.06,124,107
3032.27,125,108
3036.51,124,110
3040.73,123,112
3044.98,125,109
3049.21,122,106
3053.44,124,105
3057.64,125,111
3061.86,123,112
3066.08,123,109
3070.28,125,111
3074.8,122,109
3079.01,126,112
3085.76,125,109
3090.06,124,110
3094.28,125,108
3098.51,126,113
3102.73,126,116
3106.96,124,109
3111.17,124,113
3115.37,126,112
3119.57,126,112
3123.79,125,109
3128.01,125,107
3132.23,123,113
3136.44,126,109
3140.65,125,112
3144.85,123,114
3149.05,124,112
3153.26,122,110
3157.47,124,109
3161.71,123,111
3166.59,126,116
3170.8,121,109
3177.4,125,108
3181.61,123,110
3185.82,126,115
3190.04,124,113
3194.27,125,113
3198.49,128,106
3202.7,128,93
3206.91,127,79
3211.11,126,74
3215.32,126,68
3219.53,126,67
3223.76,125,70
3227.98,127,69
3232.19,127,73
3236.39,127,73
3240.6,126,70
3244.8,125,72
3249.01,126,71
3253.22,128,72
3257.43,125,66
3261.66,125,66
3265.87,125,66
3270.08,127,69
3274.29,125,70
3278.55,127,70
3282.77,128,73
3289.63,128,67
3293.87,128,70
3298.07,124,67
3302.27,125,69
3306.48,128,71
3310.69,126,69
3314.89,127,67
3319.09,126,67
3323.29,126,67
3327.51,126,67
3331.74,126,67
3335.98,126,67
3340.37,126,71
3344.58,126,70
3348.82,125,70
3353.04,126,69
3357.28,125,69
3361.48,125,68
3365.68,125,69
3369.88,127,68
3374.11,127,68
3378.33,126,69
3385.46,127,68
3389.68,128,72
3393.88,125,66
3398.09,126,66
3402.3,123,69
3406.52,126,66
3410.75,126,65
3414.97,127,67
3419.18,127,67
3423.38,127,64
3427.59,126,63
3431.81,126,65
3436.02,125,68
3440.24,122,68
3444.48,126,70
3448.69,124,68
3452.91,124,71
3457.11,126,65
3461.32,123,67
3465.53,125,69
3469.74,125,66
3473.99,125,66
3480.78,127,69
3484.99,126,66
3489.21,125,68
3493.42,127,69
3497.63,124,70
3501.83,125,66
3506.05,126,67
3510.3,123,68
3514.54,124,66
3518.74,125,66
3522.94,125,64
3527.14,125,64
3531.36,116,74
3535.59,105,92
3539.81,98,115
3544.02,89,130
3548.22,83,146
3552.42,78,160
3556.62,72,174
3560.84,73,177
3565.04,72,185
3569.24,74,195
3573.44,70,197
3577.66,71,193
3581.91,72,190
3586.13,70,189
3590.34,70,188
3594.56,72,188
3598.79,71,193
3603.01,73,199
3607.23,70,194
3611.43,73,193
3615.64,72,190
3619.84,71,198
3624.06,72,188
3628.27,70,194
3632.49,71,197
3636.7,71,194
3640.92,69,195
3645.13,70,195
3649.33,70,191
3653.6,72,195
3657.83,70,197
3662.07,69,198
3666.29,70,193
3670.52,71,199
3674.72,72,196
3678.93,70,199
3683.14,71,193
3687.37,72,192
3691.59,72,194
3695.82,70,198
3700.03,69,199
3704.33,72,194
3708.53,69,196
3712.73,71,193
3716.95,71,193
3721.17,69,197
3725.4,69,194
3729.62,73,197
3733.82,72,198
3738.02,72,197
3742.45,70,195
3746.66,70,200
3750.87,71,197
3755.07,71,194
3759.31,73,195
3763.53,72,202
3767.74,73,197
3771.94,72,200
3776.15,70,201
3780.37,71,192
3784.59,72,201
3788.82,72,201
3793.02,70,195
3797.23,72,198
3801.44,72,191
3805.64,70,196
3809.85,73,191
3814.06,80,182
3818.26,93,170
3822.46,101,154
3826.68,107,139
3830.89,107,127
3835.14,111,113
3839.35,113,104
3843.57,114,101
3847.79,116,99
3852.07,113,103
3856.27,113,113
3860.47,113,111
3864.68,112,109
3868.88,115,103
3873.11,115,104
3877.32,114,104
3881.56,115,106
3885.95,113,102
3890.18,112,106
3894.38,116,103
3898.59,111,106
3902.8,112,102
3907.01,116,105
3911.46,115,107
3915.7,113,102
3919.92,112,102
3924.12,116,104
3928.33,113,102
3932.55,113,105
3936.77,115,105
3940.98,113,101
3945.21,115,105
3949.42,114,106
3953.63,112,103
3957.84,115,105
3962.04,114,105
3966.25,114,104
3970.46,114,105
3974.72,116,106
3978.95,115,107
3983.17,113,104
3987.38,113,104
3991.58,114,102
3995.8,112,102
4000.02,115,104
4004.24,115,101
4008.45,114,103
4012.68,114,103
4016.89,114,104
4021.09,113,102
4025.29,114,106
4029.51,114,103
4033.74,114,105
4037.99,115,110
4042.22,113,105
4046.44,117,106
4050.64,115,105
4054.84,123,95
4059.05,123,95
4063.25,130,75
4067.45,127,70
4071.65,129,68
4075.89,125,71
4080.1,125,74
4084.36,128,70
4088.57,126,72
4092.81,127,74
4097.03,127,72
4101.26,125,73
4105.5,125,73
4109.74,126,74
4113.94,128,74
4118.14,128,71
4122.35,128,70
4126.58,127,72
4130.85,127,75
4135.07,125,72
4139.28,126,69
4143.48,129,72
4147.69,129,70
4151.89,130,73
4156.11,129,69
4160.33,127,73
4164.55,126,72
4168.76,126,74
4172.96,127,73
4177.17,127,75
4181.37,126,73
4185.58,130,72
4189.8,127,74
4194.03,128,74
4198.25,128,73
4202.45,128,71
4206.65,127,75
4210.85,127,72
4215.06,129,74
4219.29,127,73
4223.54,127,70
4227.78,128,74
4231.99,126,74
4236.2,128,72
4240.4,129,71
4244.6,127,70
4248.81,129,71
4253.04,129,70
4257.25,129,71
4261.48,127,70
4265.7,128,72
4269.91,128,71
4274.11,129,73
4278.32,127,73
4282.55,128,74
4286.8,128,72
4291.02,128,75
4295.26,128,72
4299.46,127,72
4303.66,130,73
4307.87,127,70
4312.08,127,69
4316.28,128,70
4320.48,127,69
4324.72,126,69
4328.95,130,69
4333.2,129,72
4337.44,129,69
4341.66,130,71
4345.88,130,71
4350.12,128,72
4354.33,130,74
4358.55,127,73
4362.75,129,71
4366.95,128,74
4371.15,127,71
4375.38,130,71
4379.6,128,74
4384.1,128,71
4388.31,128,73
4392.51,127,70
4396.71,130,71
4400.92,127,70
4405.14,129,73
4409.35,129,73
4413.57,130,71
4417.78,127,70
4421.99,129,70
4426.2,131,72
4430.41,128,72
4434.61,128,71
4438.83,130,71
4443.13,128,71
4447.36,129,74
4451.66,127,71
4455.86,129,72
4460.07,127,73
4464.27,129,72
4468.51,137,77
4472.73,146,85
4476.99,154,99
4481.21,164,121
4485.42,173,140
4489.62,175,149
4493.82,178,158
4498.03,181,173
4502.24,183,178
4506.46,183,183
4510.7,184,188
4514.92,183,190
4519.13,182,187
4523.34,182,184
4527.56,186,187
4534.32,181,191
4538.59,183,186
4542.8,183,185
4547,185,185
4551.27,184,187
4555.48,186,192
4559.68,186,185
4563.89,182,192
4568.09,185,183
4572.29,182,191
4576.51,183,190
4580.74,184,189
4585.02,185,194
4589.26,183,188
4593.49,184,190
4597.71,186,190
4602.02,184,182
4606.23,183,185
4610.45,185,186
4614.66,186,186
4618.86,182,191
4623.07,183,187
4627.29,186,189
4634.23,185,188
4642.69,184,187
4650.95,184,188
4659.43,185,186
4667.44,184,188
4675.92,184,188
4683.89,185,190
4688.12,184,189
4692.65,186,192
4696.88,182,188
4701.1,185,191
4705.31,184,189
4709.51,185,189
4713.71,185,186
4717.93,186,187
4722.15,186,185
4726.37,182,186
4730.59,184,188
4734.8,183,190
4739.01,185,186
4743.27,184,188
4747.49,183,185
4751.69,185,190
4755.92,184,189
4760.17,184,186
4764.4,185,188
4768.62,185,187
4772.84,183,189
4777.13,187,185
4781.35,182,189
4785.57,184,188
4792.55,184,190
4796.79,183,191
4801,186,194
4805.22,185,187
4809.42,184,189
4813.63,184,186
4817.83,184,190
4822.03,186,185
4826.25,185,188
4830.47,183,185
4834.7,184,182
4838.95,183,183
4843.17,183,183
4847.39,186,182
4851.62,186,191
4855.83,183,184
4860.04,183,182
4864.26,185,183
4868.46,184,183
4872.66,184,188
4876.88,185,189
4881.12,182,193
4885.36,185,204
4892.47,188,197
4900.7,186,196
4909.18,186,195
4917.43,186,198
4925.89,186,198
4933.93,186,201
4938.15,185,199
4942.4,184,198
4946.62,186,202
4950.83,186,200
4955.03,184,205
4959.24,189,195
4963.44,196,183
4967.66,206,174
4971.87,213,154
4976.09,216,135
4980.3,223,116
4984.56,225,97
4988.78,223,83
4992.98,227,74
4997.18,230,67
5001.38,227,59
5005.6,229,55
5009.86,229,55
5014.18,230,55
5018.39,228,55
5022.6,230,57
5026.8,228,56
5031.02,229,56
5035.25,231,56
5042.3,230,59
5046.51,231,57
5050.73,231,58
5054.94,230,62
5059.17,231,59
5063.38,230,59
5067.58,231,58
5071.78,231,60
5076,229,57
5080.21,231,59
5084.47,229,57
5088.69,229,60
5092.91,228,56
5097.12,231,59
5101.35,227,59
5105.56,228,60
5109.77,231,61
5113.99,229,61
5118.19,229,59
5122.42,231,59
5126.64,228,59
5130.9,230,58
5135.12,232,59
5142.2,230,60
5150.7,230,59
5158.93,230,59
5167.25,229,58
5175.65,230,59
5183.98,230,59
5192.17,230,59
5199.53,228,60
5203.75,228,57
5208.87,232,61
5213.11,228,58
5217.35,228,59
5221.57,228,58
5225.81,228,57
5230.03,229,58
5234.24,227,57
5238.45,228,57
5242.65,229,56
5246.94,229,58
5251.15,231,61
5255.36,229,56
5259.61,232,60
5263.84,231,58
5268.07,231,59
5272.27,229,59
5276.48,232,59
5280.7,230,60
5284.91,229,59
5289.14,232,61
5296.06,229,57
5304.53,229,57
5309.22,228,60
5313.45,229,61
5317.65,229,58
5321.85,231,59
5326.06,229,59
5330.26,227,61
5334.46,230,58
5338.66,231,58
5342.91,229,58
5347.12,228,57
5351.36,227,58
5355.59,229,60
5359.8,231,59
5364,228,57
5368.32,227,60
5372.54,229,58
5379.69,230,58
5383.97,228,59
5388.19,229,59
5392.4,227,56
5396.6,230,59
5400.8,229,57
5405.02,229,56
5409.23,228,58
5413.46,230,58
5417.67,228,59
5421.88,230,57
5426.09,232,64
5430.29,230,60
5434.5,228,60
5438.72,228,60
5442.97,229,59
5447.2,229,61
5451.43,228,55
5455.63,229,57
5459.83,229,59
5464.03,230,58
5468.25,228,58
5475.13,229,58
5479.39,229,62
5483.67,227,58
5487.88,226,60
5492.13,229,58
5496.34,230,60
5500.57,229,61
5504.78,230,60
5509.02,229,57
5513.24,229,60
5517.45,230,60
5521.66,228,60
5525.87,231,58
5530.09,228,57
5534.31,229,60
5538.53,230,58
5542.74,230,60
5546.94,231,60
5551.15,230,60
5555.35,230,58
5559.56,230,61
5563.76,227,59
5568.06,228,60
5572.28,230,57
5576.54,229,59
5580.78,231,59
5584.99,231,59
5590.17,229,61
5594.39,227,56
5598.64,228,58
5602.9,229,60
5607.11,229,59
5611.32,230,60
5615.53,231,59
5619.74,228,60
5623.96,229,61
5628.18,230,62
5632.42,230,58
5636.64,227,62
5640.85,230,63
5645.05,230,63
5649.26,230,60
5653.47,228,58
5657.69,228,61
5661.97,229,59
5666.21,230,60
5670.43,231,63
5674.63,229,61
5678.84,229,65
5683.04,231,63
5687.26,230,61
5691.48,229,59
5695.71,230,61
5699.92,229,59
5704.16,231,60
5708.39,231,63
5712.6,228,59
5716.82,231,60
5721.03,230,61
5725.28,228,60
5729.51,229,59
5733.72,230,61
5737.93,229,60
5742.13,229,60
5746.33,230,60
5750.55,231,58
5754.76,229,59
5759,230,59
5763.24,231,60
5767.45,228,61
5771.65,229,60
5775.87,231,62
5780.1,228,59
5784.33,227,59
5788.56,230,62
5792.8,229,61
5797,227,61
5801.21,228,59
5805.41,229,61
5809.62,231,61
5813.82,229,63
5818.02,230,59
5822.22,229,63
5829.24,230,61
5833.44,226,58
5837.64,230,61
5841.86,230,61
5846.08,231,60
5850.33,227,60
5854.56,229,59
5858.77,229,62
5862.97,230,61
5867.18,228,61
5871.45,229,61
5875.68,230,61
5879.92,232,63
5884.16,236,65
5888.37,232,65
5892.57,234,65
5896.78,232,66
5900.99,233,65
5905.21,231,62
5909.43,232,62
5913.66,232,62
5917.88,235,63
5924.9,231,63
5929.1,231,61
5933.3,233,64
5937.54,232,63
5941.76,234,63
5945.98,230,64
5950.2,234,62
5954.41,234,63
5958.62,229,63
5962.83,232,64
5967.05,231,65
5971.27,232,64
5975.5,232,62
5979.7,227,62
5983.92,232,63
5988.13,232,67
5992.34,231,63
5996.56,233,63
6000.79,231,65
6005.02,233,63
6009.23,233,63
6013.45,233,62
6020.58,233,62
6027.65,232,64
6031.88,232,63
6037.3,233,62
6041.53,234,64
6045.74,232,64
6049.95,232,63
6054.15,233,63
6058.35,232,64
6062.56,231,64
6066.8,234,62
6071.02,231,64
6075.26,232,61
6079.49,230,61
6083.71,233,64
6087.91,232,62
6092.14,231,60
6096.35,232,61
6100.59,231,60
6104.81,234,63
6109.03,233,63
6113.23,232,64
6117.43,232,64
6121.64,234,64
6125.85,229,64
6130.1,233,62
6134.33,230,62
6141.43,230,64
6145.63,234,62
6149.83,235,64
6154.04,233,66
6158.27,233,67
6162.51,231,63
6166.72,232,64
6170.98,232,63
6175.18,235,66
6179.38,232,64
6183.58,235,64
6187.82,232,63
6192.04,231,64
6196.26,233,63
6200.47,233,63
6204.67,233,65
6208.87,233,63
6213.07,234,64
6217.28,232,63
6221.5,233,63
6225.75,233,64
6229.98,232,62
6234.18,231,64
6241.33,231,64
6246.39,232,63
6250.6,232,63
6254.83,229,62
6259.13,232,64
6263.36,233,62
6267.56,233,63
6271.77,233,63
6277.63,231,63
6281.85,235,63
6286.11,233,64
6290.35,232,63
6294.55,235,65
6298.76,234,63
6302.96,234,64
6307.17,234,63
6311.38,233,63
6315.58,232,66
6319.8,235,62
6324.02,232,63
6328.27,234,64
6332.48,232,60
6336.68,234,62
6340.89,231,62
6345.12,233,65
6349.37,234,62
6353.61,231,63
6357.81,231,62
6362.01,233,61
6366.21,234,64
6370.42,231,63
6374.64,232,63
6378.85,234,63
6383.07,232,63
6387.29,233,62
6391.49,231,62
6395.69,229,61
6399.89,230,61
6404.1,231,61
6408.32,232,66
6412.58,233,64
6416.82,235,63
6421.03,228,63
6425.23,225,68
6429.43,220,69
6433.63,218,71
6437.86,216,70
6442.08,217,69
6446.33,214,73
6450.56,214,75
6454.76,209,78
6458.96,201,79
6463.16,196,90
6467.38,192,95
6471.6,179,113
6478.61,176,119
6482.83,170,125
6487.05,166,128
6491.25,161,139
6495.45,157,143
6499.66,152,148
6503.89,145,148
6508.13,144,149
6512.37,141,147
6516.58,142,152
6520.78,143,151
6524.98,147,148
6529.2,142,143
6533.43,143,145
6537.68,143,147
6541.89,141,155
6546.1,143,151
6550.3,142,148
6554.5,145,148
6558.7,142,152
6562.91,144,150
6567.11,142,150
6571.32,143,149
6575.57,142,150
6579.79,141,149
6584,141,149
6590.16,142,148
6594.37,142,152
6598.62,141,147
6602.85,143,155
6607.05,139,151
6611.27,144,152
6615.47,141,152
6619.67,143,145
6623.89,140,148
6628.1,143,148
6632.34,141,154
6636.55,140,149
6640.77,143,150
6644.98,139,152
6649.18,142,149
6653.38,142,151
6657.61,141,147
6661.87,137,146
6666.09,128,139
6670.3,129,132
6674.5,125,127
6678.7,126,125
6682.9,127,123
6687.12,129,128
6691.34,131,129
6695.57,130,128
6699.78,128,131
6703.98,131,128
6708.18,129,129
6712.39,126,130
6716.6,130,128
6720.81,128,132
6725.04,129,133
6729.27,127,130
6733.48,129,131
6737.68,129,131
6741.88,125,132
6746.08,127,129
6750.29,127,131
6754.61,129,128
6758.88,128,131
6763.1,127,127
6767.3,127,130
6771.51,128,127
6775.71,130,128
6779.93,129,128
6784.15,126,129
6788.38,130,127
6792.59,127,132
6796.82,126,127
6801.02,129,129
6805.22,129,130
6809.43,129,129
6813.63,131,132
6817.84,128,131
6822.05,125,129
6826.29,126,131
6830.51,126,129
6834.71,127,130
6838.91,127,129
6843.14,126,127
6847.35,127,130
6851.6,127,130
6855.82,126,129
6860.03,126,130
6864.23,129,126
6868.43,127,128
6872.63,129,129
6876.87,126,127
6881.11,129,130
6885.34,129,128
6889.55,125,133
6893.75,126,129
6897.96,128,129
6902.16,127,124
6906.38,127,132
6910.6,127,129
6914.82,128,127
6919.04,127,124
6923.24,126,123
6927.44,127,131
6931.64,124,126
6935.86,126,125
6940.08,127,127
6944.31,126,124
6948.53,128,125
6952.75,127,128
6956.95,128,127
6961.17,129,126
6965.43,126,126
6969.69,125,124
6973.96,127,128
6978.18,125,124
6982.39,128,131
6986.6,127,131
6990.82,125,124
6995.02,125,123
6999.45,128,126
7003.68,127,127
7007.92,127,127
7012.15,126,128
7016.36,124,127
7020.56,128,131
7024.76,126,127
7028.97,126,130
7033.19,127,126
7037.43,128,131
7041.67,127,127
7045.88,129,125
7050.08,127,127
7054.28,126,127
7058.48,127,130
7062.69,123,124
7066.89,129,134
7071.11,125,127
7075.38,127,129
7079.6,127,124
7083.8,126,128
7088,127,128
7092.22,125,127
7096.44,125,126
7100.69,129,127
7104.94,129,124
7109.17,127,124
7113.37,127,124
7117.57,130,126
7121.78,130,126
7125.99,126,129
7130.23,129,128
7134.48,127,130
7138.69,127,130
7142.89,130,128
7147.09,130,128
7151.3,127,129
7155.53,126,124
7159.74,126,129
7163.96,126,127
7168.17,127,124
7172.38,128,129
7176.58,127,127
7180.78,126,128
7185.07,127,126
7189.28,126,125
7193.93,128,125
7198.18,126,128
7202.39,129,126
7206.59,128,129
7210.8,126,124
7215,127,128
7219.24,127,125
7223.47,126,124
7227.71,126,124
7231.92,126,128
7236.13,128,123
7240.33,126,129
7244.53,128,133
7248.84,126,129
7253.07,125,127
7257.29,128,129
7261.87,129,128
7266.07,126,126
7270.28,127,130
7274.48,125,130
7278.68,124,128
7282.9,125,130
7287.13,126,132
7291.36,126,125
7295.57,127,116
7299.77,128,104
7303.97,129,101
7308.19,131,94
7312.6,127,87
7316.81,127,84
7321.02,125,83
7325.29,125,83
7329.51,125,83
7333.71,125,91
7337.91,125,87
7342.13,128,86
7346.35,127,89
7350.6,127,89
7354.83,127,89
7359.03,124,86
7363.25,126,90
7367.45,126,81
7371.66,126,87
7375.87,127,89
7380.11,128,86
7384.34,129,90
7388.55,124,87
7392.75,126,89
7396.96,128,87
7401.16,125,90
7405.38,130,89
7409.59,127,83
7413.81,125,91
7418.04,129,87
7422.25,129,89
7426.45,126,88
7430.65,130,89
7434.86,126,89
7439.08,126,85
7443.32,127,85
7447.54,128,89
7451.75,126,89
7455.95,126,87
7460.15,127,89
7464.35,126,86
7468.58,125,85
7472.8,127,87
7477.02,128,86
7481.24,126,84
7485.45,126,86
7489.66,126,87
7493.86,128,89
7498.07,126,91
7502.28,126,88
7506.5,128,89
7510.73,125,85
7514.95,125,80
7519.15,125,74
7523.35,125,75
7527.55,125,73
7531.78,126,74
7536,127,79
7540.29,126,76
7544.5,126,76
7548.71,126,76
7552.91,125,76
7557.11,127,77
7561.32,128,74
7565.52,125,76
7569.73,124,76
7573.95,127,76
7578.24,126,78
7582.47,126,74
7586.68,125,75
7590.9,126,78
7595.12,128,76
7599.36,127,74
7603.58,126,74
7607.79,125,75
7612,127,77
7616.2,127,77
7621.42,127,78
7625.64,124,71
7629.87,128,76
7634.1,125,77
7638.31,126,73
7642.52,123,72
7646.73,124,76
7650.95,126,78
7655.17,126,76
7659.39,126,74
7663.62,126,74
7667.83,128,74
7672.04,125,78
7676.25,127,73
7680.45,125,73
7684.66,125,74
7688.88,126,75
7693.12,126,75
7697.34,125,78
7701.55,126,77
7705.75,125,76
7709.95,129,76
7714.15,126,77
7718.38,127,75
7722.59,124,78
7726.82,124,73
7731.03,126,80
7735.24,126,75
7739.44,127,79
7743.65,127,74
7747.98,126,74
7752.19,127,78
7756.4,127,78
7760.62,124,77
7764.87,126,72
7769.09,127,78
7773.29,127,78
7777.49,125,73
7781.71,127,75
7785.95,126,76
7790.17,127,75
7794.39,126,74
7798.6,126,75
7802.8,125,77
7807,126,74
7811.21,127,75
7815.41,123,74
7819.62,126,70
7823.86,126,74
7828.15,126,74
7832.36,124,72
7836.56,127,73
7840.77,127,73
7845,126,77
7849.25,126,75
7853.47,127,76
7857.69,125,72
7861.89,127,75
7866.09,128,75
7870.3,128,78
7874.52,127,75
7878.74,125,73
7882.96,126,74
7887.19,126,74
7891.4,125,76
7895.6,125,75
7899.8,127,74
7904.03,127,79
7908.24,124,72
7912.47,128,72
7916.68,125,75
7920.9,129,77
7925.1,128,73
7929.31,124,73
7933.51,126,74
7937.73,125,73
7941.95,129,68
7946.17,125,73
7950.38,126,73
7954.58,126,74
7958.78,126,74
7962.99,127,74
7967.2,124,74
7971.43,127,74
7975.67,125,72
7979.89,126,74
7984.1,125,71
7988.32,126,74
7992.52,124,74
7996.73,127,74
8000.94,127,74
8005.16,126,74
8009.39,124,79
8013.6,126,72
8017.81,123,73
8022.01,127,77
8026.21,125,71
8030.43,123,74
8034.66,127,74
8038.88,125,76
8043.08,126,73
8047.3,123,71
8051.5,127,72
8055.7,127,73
8059.91,126,78
8064.11,126,70
8068.34,127,73
8072.55,125,73
8077.18,124,74
8081.41,127,73
8085.61,124,71
8089.82,127,75
8094.04,126,74
8098.26,125,73
8102.55,126,74
8106.76,125,73
8110.96,125,72
8115.16,125,76
8119.37,124,72
8123.58,125,73
8127.81,124,74
8132.06,126,71
8136.29,126,74
8140.49,124,75
8144.69,126,72
8148.89,124,74
8153.1,124,76
8157.32,126,75
8161.56,125,74
8165.78,126,72
8169.99,128,72
8174.19,126,74
8178.4,125,73
8182.6,128,73
8186.82,126,74
8191.04,126,75
8195.29,126,75
8199.55,126,74
8203.75,124,72
8207.95,124,75
8212.16,126,72
8216.37,124,74
8220.58,126,76
8224.84,125,76
8229.06,125,76
8233.27,124,76
8237.48,125,77
8241.68,126,77
8245.89,125,76
8250.09,127,78
8254.31,123,71
8258.55,126,73
8262.79,128,74
8267,124,77
8271.21,126,74
8275.41,127,73
8279.63,125,76
8283.84,125,72
8288.07,126,76
8292.29,124,75
8296.5,124,75
8300.7,124,78
8304.91,125,75
8309.11,125,79
8313.32,125,78
8317.53,125,80
8321.74,125,77
8326,126,77
8330.21,126,77
8334.41,123,80
8338.62,124,76
8342.84,124,79
8347.05,126,77
8351.26,123,78
8355.47,126,77
8359.69,126,78
8363.89,126,78
8368.09,124,79
8372.3,124,79
8376.52,125,76
8380.77,126,77
8385.04,124,76
8389.24,123,75
8393.46,126,80
8397.67,125,77
8401.89,125,78
8406.11,126,77
8410.32,123,74
8414.55,125,78
8418.76,127,72
8422.96,127,73
8427.18,128,73
8431.38,131,69
8435.6,125,71
8439.81,127,72
8444.05,122,73
8448.27,128,76
8452.48,127,75
8456.68,126,71
8460.88,127,72
8465.09,126,70
8469.31,126,73
8473.55,129,72
8477.78,125,74
8482,128,71
8486.21,125,72
8490.42,126,72
8494.62,126,72
8498.83,126,74
8509.86,125,72
8518.32,124,72
8526.56,126,73
8534.81,126,72
8543.08,127,71
8551.56,127,71
8558.9,128,71
8563.12,127,72
8568.26,124,74
8572.48,127,73
8576.7,125,71
8580.91,126,71
8585.11,125,72
8589.32,128,72
8593.54,126,72
8597.74,127,72
8602.04,125,71
8606.25,127,71
8610.46,129,72
8614.66,126,72
8618.86,125,74
8623.07,126,73
8627.28,125,72
8631.52,128,71
8635.76,125,75
8639.97,127,71
8644.18,127,73
8648.39,125,71
8652.59,130,73
8656.81,126,73
8661.05,125,72
8667.95,127,74
8672.2,128,72
8676.44,126,75
8680.67,125,74
8684.87,125,72
8689.08,123,73
8693.33,127,71
8697.55,126,72
8701.77,124,73
8705.97,125,73
8710.17,126,72
8714.38,128,73
8718.6,126,74
8722.81,124,71
8727.04,121,74
8731.25,113,77
8735.46,103,75
8739.65,92,81
8743.87,85,81
8748.08,74,76
8752.3,65,79
8756.51,58,79
8760.74,51,79
8764.96,45,79
8769.17,45,79
8773.38,42,79
8777.59,42,79
8781.82,42,79
8786.08,43,77
8792.83,42,75
8797.09,41,77
8801.32,39,76
8805.56,41,76
8809.8,43,75
8814,38,76
8818.21,42,73
8822.43,40,78
8826.87,41,76
8831.09,41,74
8835.3,41,75
8839.51,42,74
8843.74,41,75
8847.96,43,75
8852.18,42,76
8856.4,39,74
8860.61,41,73
8864.81,42,75
8869.01,41,74
8873.24,42,73
8877.45,41,73
8881.69,40,74
8885.9,41,75
8892.96,43,74
8901.2,43,76
8909.46,41,76
8917.71,42,76
8926.17,42,76
8933.91,40,78
8938.12,40,75
8942.9,40,75
8947.12,40,74
8951.39,40,74
8955.6,41,75
8959.8,41,73
8964.02,40,73
8968.24,40,76
8972.44,41,72
8977.04,41,72
8981.27,41,72
8985.48,40,74
8989.7,40,72
8993.91,41,71
8998.11,39,74
9002.34,41,72
9006.56,40,74
9010.79,38,76
9017.82,40,74
9022.02,40,76
9026.23,40,73
9030.44,41,74
9034.66,40,74
9038.88,42,74
9043.09,40,76
9047.29,38,75
9051.49,41,74
9055.7,39,74
9060.14,39,74
9064.36,39,75
9068.58,39,73
9072.8,40,75
9077.06,39,73
9081.26,41,73
9085.47,39,76
9089.69,38,75
9093.91,39,74
9098.14,40,72
9102.41,40,75
9109.47,41,74
9113.67,38,74
9117.87,39,77
9122.07,38,74
9126.29,38,74
9130.54,39,76
9134.76,39,76
9138.98,40,76
9143.19,40,73
9147.39,40,75
9151.59,39,72
9155.81,39,76
9160.02,39,75
9164.24,39,75
9168.46,39,75
9172.67,39,75
9176.88,40,73
9181.08,40,73
9185.29,38,76
9189.51,39,74
9193.75,38,77
9197.96,41,75
9202.18,40,76
9206.38,39,75
9210.58,39,76
9214.79,39,75
9221.64,40,73
9225.89,40,73
9230.11,40,73
9234.33,40,76
9238.59,38,75
9242.8,42,72
9247.02,42,72
9251.23,37,76
9255.45,38,77
9259.67,39,76
9263.89,39,75
9268.09,39,75
9272.3,41,78
9276.5,39,75
9280.74,39,75
9284.95,40,75
9289.18,37,78
9293.42,40,76
9297.62,39,74
9301.82,40,73
9306.02,40,75
9310.3,39,76
9314.5,39,75
9318.72,39,75
9322.94,39,73
9330.03,40,74
9334.26,40,76
9338.46,37,74
9342.69,37,74
9346.9,37,77
9351.13,39,75
9355.33,38,77
9359.54,39,78
9363.75,39,73
9367.96,39,73
9372.19,42,72
9376.41,39,76
9380.66,39,74
9384.89,40,74
9389.1,38,77
9393.3,38,76
9397.51,39,75
9401.71,40,76
9405.93,39,74
9410.14,37,75
9414.4,40,74
9418.61,40,74
9422.82,38,78
9427.02,39,75
9431.23,40,74
9438.17,40,76
9446.43,39,79
9454.9,39,74
9463.14,39,78
9471.62,38,76
9479.86,40,78
9488.34,40,78
9496.46,38,76
9500.68,39,77
9504.9,38,75
9509.13,39,77
9513.35,37,77
9517.56,39,78
9521.76,41,76
9525.97,41,77
9530.19,40,77
9534.4,41,78
9538.63,40,77
9542.84,40,79
9547.04,41,78
9551.24,39,77
9555.44,39,80
9559.66,39,80
9563.87,40,76
9568.11,40,76
9572.33,38,80
9576.55,41,77
9580.76,41,77
9584.96,39,76
9589.17,39,77
9593.39,40,77
9597.61,39,77
9601.84,38,77
9608.98,38,80
9613.22,38,76
9617.43,40,76
9621.66,39,77
9625.89,41,74
9630.13,42,77
9634.35,40,76
9638.56,41,80
9642.77,36,78
9646.98,39,76
9651.18,38,77
9655.41,40,76
9659.62,39,77
9663.84,39,77
9668.05,38,76
9672.26,40,76
9676.46,39,78
9680.66,41,77
9684.87,38,78
9689.09,39,77
9693.34,39,76
9697.57,40,77
9701.78,41,78
9705.99,39,80
9712.89,48,88
9717.15,54,99
9721.39,63,112
9725.62,65,135
9729.85,68,146
9734.06,68,162
9738.27,73,179
9742.47,71,186
9746.68,75,191
9750.9,74,206
9755.11,73,207
9759.33,74,220
9763.55,74,213
9767.76,76,207
9771.98,74,211
9776.18,78,203
9780.4,73,207
9784.62,73,214
9788.84,75,210
9793.05,77,211
9797.26,73,216
9801.46,74,219
9805.67,71,215
9809.87,73,215
9814.08,76,216
9818.29,74,212
9822.51,72,218
9829.53,73,215
9833.77,76,218
9837.99,74,212
9842.2,71,203
9846.42,77,215
9850.66,73,214
9854.87,76,215
9859.09,72,215
9863.3,73,218
9867.5,74,217
9871.71,75,202
9875.93,76,214
9880.18,76,211
9884.42,71,217
9888.63,73,212
9892.84,70,208
9897.04,75,215
9901.24,74,215
9905.46,78,218
9909.67,74,209
9913.9,75,217
9918.1,74,217
9922.32,72,220
9926.52,75,211
9933.65,75,214
9937.88,71,213
9942.11,75,211
9946.34,74,215
9950.55,72,212
9954.77,72,216
9958.98,76,215
9963.18,72,213
9967.4,75,217
9971.63,73,216
9975.86,74,221
9980.08,76,209
9984.29,74,212
9988.51,74,213
9992.71,74,216
9996.92,75,215
10001.1,74,215
10005.4,75,218
10009.6,74,217
10013.8,74,216
10018,75,213
10022.2,73,216
10026.4,72,215
10033.5,73,215
10041.8,72,215
10050.3,73,216
10058.5,73,214
10066.8,73,214
10074.6,73,208
10078.9,74,212
10083.5,75,216
10087.8,75,215
10092,79,212
10096.2,90,190
10100.4,98,175
10104.6,109,162
10108.9,113,151
10113.1,114,138
10117.3,116,123
10121.5,116,111
10125.7,120,107
10130,120,94
10134.2,117,101
10138.4,117,97
10142.6,119,100
10146.8,118,93
10151,121,100
10155.2,122,93
10159.4,120,98
10163.7,120,95
10167.9,120,93
10172.1,121,93
10176.3,118,93
10183.2,121,95
10187.4,121,94
10191.7,121,96
10196,123,94
10200.2,126,93
10204.4,123,95
10208.6,123,99
10212.8,121,95
10217,121,95
10221.2,122,98
10225.4,118,96
10229.6,123,97
10233.9,122,95
10238,122,95
10242.3,125,96
10246.5,123,98
10250.7,123,99
10254.9,123,96
10259.1,121,97
10263.3,124,94
10267.5,122,96
10271.8,124,96
10276,124,93
10280.2,121,94
10284.4,122,95
10291.6,122,94
10299.8,121,91
10308.1,122,91
10316.6,122,91
10324.6,121,93
10328.8,121,90
10333.3,121,98
10337.5,125,94
10341.7,121,88
10345.9,121,97
10350.1,120,95
10354.3,120,93
10358.5,121,96
10362.7,120,92
10366.9,121,93
10371.1,120,90
10375.4,122,98
10379.6,119,92
10383.8,123,98
10388,122,93
10392.2,122,95
10396.5,118,93
10400.7,123,95
10404.9,124,93
10409.1,124,85
10413.4,126,82
10417.6,126,76
10421.8,127,71
10426,125,76
10430.2,124,76
10434.4,126,75
10438.6,126,78
10445.4,125,75
10449.7,120,76
10453.9,125,75
10458.2,122,77
10462.4,125,76
10466.6,125,75
10470.8,123,75
10475,126,78
10479.3,126,78
10483.5,123,75
10487.8,124,76
10492,124,74
10496.2,124,76
10500.4,124,76
10504.6,123,76
10508.9,126,76
10513.1,122,79
10517.3,123,77
10521.5,122,74
10525.7,122,73
10529.9,126,78
10534.1,125,74
10538.4,124,77
10542.6,122,77
10546.8,124,75
10551,126,76
10555.2,128,74
10562.3,124,77
10566.5,125,77
10570.7,128,75
10575,126,76
10579.2,124,75
10583.4,125,76
10587.6,125,74
10591.8,125,76
10596,123,73
10600.2,123,74
10604.5,123,74
10608.7,123,73
10612.9,125,75
10617.1,122,77
10621.3,125,77
10625.5,123,74
10629.7,126,76
10633.9,125,77
10638.1,124,74
10642.4,124,79
10646.6,124,74
10650.8,122,76
10655.1,125,77
10659.3,125,77
10666.2,125,75
10670.4,125,78
10674.6,122,73
10678.8,125,79
10683,122,73
10687.2,124,70
10691.4,121,74
10695.7,123,76
10699.9,124,76
10704.1,127,74
10708.3,124,75
10712.5,123,73
10716.7,123,79
10721,126,76
10725.2,125,75
10729.4,123,73
10733.6,126,72
10737.8,124,76
10742,124,75
10746.2,126,74
10750.4,124,79
10754.6,127,82
10758.9,130,78
10763.1,137,87
10767.3,148,98
10771.5,163,125
10775.7,171,151
10779.9,178,174
10787.1,184,188
10791.3,185,205
10795.5,188,219
10799.7,191,235
10803.9,190,238
10808.1,190,248
10812.3,190,245
10816.5,189,242
10820.8,189,238
10825,191,240
10829.2,188,250
10833.5,194,249
10837.6,192,247
10841.9,188,237
10846.1,193,249
10850.4,193,239
10854.6,187,243
10858.8,188,236
10863,192,240
10867.2,192,240
10871.5,189,240
10875.7,191,245
10879.9,189,243
10884.1,190,243
10888.3,191,241
10895.2,193,239
10899.5,189,237
10903.7,193,257
10907.9,189,237
10912.2,190,244
10916.4,189,238
10920.6,188,235
10924.8,193,244
10929,192,246
10933.2,195,247
10937.5,191,245
10941.7,193,244
10946,190,243
10950.2,192,247
10954.4,190,245
10958.6,189,245
10962.8,191,243
10967,193,244
10971.2,192,245
10975.5,190,243
10979.7,193,248
10983.9,189,238
10988.1,190,240
10992.5,191,240
10999.4,188,240
11003.6,192,234
11007.9,192,239
11012.1,191,239
