12023.9,123,131
12028,120,131
12032.3,120,139
12036.5,121,131
12040.8,120,137
12045,122,138
12049.2,119,132
12053.4,120,133
12057.6,123,132
12061.9,122,135
12066.1,121,135
12070.3,121,135
12074.6,121,137
12078.8,123,135
12083,123,135
12089.8,118,136
12094,121,137
12098.3,121,132
12102.5,120,137
12106.7,122,133
12110.9,120,137
12115.1,121,135
12119.3,119,133
12123.5,119,137
12127.8,121,135
12132,122,136
12136.2,121,135
12140.4,120,132
12144.6,119,135
12148.9,120,136
12153.1,121,134
12157.3,122,134
12161.5,119,134
12165.8,119,134
12170,121,131
12174.2,118,134
12178.4,120,135
12182.6,119,137
12186.8,118,136
12191,119,133
12197.9,120,131
12202.2,121,137
12206.4,118,138
12210.6,121,133
12214.8,121,136
12219,118,129
12223.3,121,137
12227.5,118,132
12231.7,121,133
12235.9,121,135
12240.1,119,133
12244.3,119,127
12248.5,120,133
12252.7,121,138
12257,121,134
12261.2,120,135
12265.4,120,135
12269.6,122,133
12273.8,120,137
12278,120,135
12282.2,122,134
12286.5,133,143
12290.7,131,121
12294.9,142,100
12299.1,149,83
12303.3,156,67
12307.5,160,61
12311.7,166,55
12318.8,164,51
12323.1,167,51
12327.3,166,50
12331.5,165,54
12335.7,165,51
12339.9,166,50
12344.1,164,49
12348.4,166,51
12352.6,165,48
12356.8,164,49
12361,165,46
12365.2,167,49
12369.4,164,48
12373.6,166,48
12377.9,167,48
12382,165,47
12386.2,170,50
12390.5,162,47
12394.7,169,49
12398.9,164,48
12403.1,166,47
12407.4,165,49
12411.6,165,49
12418.3,164,47
12422.5,169,51
12426.7,165,47
12431,165,51
12435.2,165,51
12439.5,167,49
12443.7,167,49
12447.9,168,50
12452.1,165,48
12456.4,165,49
12460.5,169,54
12464.8,168,50
12469,163,49
12473.2,167,51
12477.4,172,52
12481.6,166,54
12485.9,155,48
12490.1,144,49
12494.3,132,51
12498.5,121,53
12502.7,109,49
12507,101,54
12511.2,91,52
12515.4,84,59
12519.6,78,59
12523.8,81,59
12528,82,58
12532.2,85,56
12536.5,82,55
12540.7,81,55
12544.9,81,58
12549.1,79,57
12553.3,82,51
12557.5,80,56
12561.8,81,52
12566,78,52
12570.2,81,53
12574.4,79,53
12578.6,81,52
12582.9,79,55
12587.1,79,54
12591.3,79,53
12595.5,77,53
12599.8,81,54
12604,78,53
12608.2,77,54
12612.4,80,51
12616.6,75,52
12620.8,80,53
12625,83,53
12629.2,81,56
12633.4,82,53
12637.6,81,55
12641.9,80,54
12646.1,79,54
12650.3,81,57
12654.5,79,53
12658.7,80,58
12663,79,54
12667.2,79,54
12671.4,79,56
12675.6,80,54
12680.1,79,52
12684.3,79,54
12688.5,79,54
12692.8,81,55
12697,77,54
12701.2,79,54
12705.4,80,53
12709.6,81,57
12713.8,81,55
12718,79,53
12722.2,83,54
12726.5,81,54
12730.7,80,53
12734.9,83,49
12739.1,86,47
12743.3,80,54
12747.5,81,51
12751.8,78,52
12756,81,53
12760.2,82,52
12764.5,81,51
12768.7,79,55
12772.9,83,54
12777.1,80,53
12781.3,81,50
12785.5,79,50
12789.7,80,53
12794,81,54
12798.2,75,51
12802.4,76,54
12806.6,77,51
12810.8,73,49
12815,79,50
12819.2,75,50
12823.4,75,50
12827.6,78,48
12831.9,75,56
12836.1,76,50
12840.3,71,49
12844.5,75,47
12848.7,78,48
12853,80,49
12857.2,79,51
12861.4,79,51
12865.6,78,53
12869.8,79,50
12874,79,50
12878.2,78,52
12882.4,79,50
12886.6,81,49
12890.8,80,51
12895,80,50
12899.3,80,50
12903.5,83,51
12907.7,80,52
12912,82,51
12916.2,79,47
12920.4,83,50
12924.6,80,50
12928.8,79,51
12933,82,55
12937.2,80,48
12941.4,82,49
12945.6,81,51
12949.9,78,49
12954.1,80,52
12958.3,80,55
12962.5,83,50
12966.7,82,49
12970.9,86,53
12975.1,84,51
12979.4,84,51
12983.6,82,50
12987.8,83,51
12992,83,51
12996.2,79,50
13000.4,81,53
13004.6,87,63
13010.6,80,51
13014.8,80,56
13019,82,48
13023.2,83,50
13027.5,83,50
13031.7,82,55
13035.9,80,51
13040.1,82,53
13044.3,82,49
13048.5,81,54
13052.8,82,52
13057,82,51
13061.1,85,51
13065.4,83,48
13069.6,81,53
13073.8,83,50
13078.1,81,52
13082.3,81,52
13086.5,82,55
13090.7,80,50
13094.9,81,53
13099.1,82,53
13103.4,80,52
13107.6,81,54
13111.8,80,53
13116,81,53
13120.2,81,54
13124.4,81,49
13128.6,81,52
13132.8,81,53
13137,80,54
13141.3,82,50
13145.5,80,54
13149.8,80,51
13154,81,51
13158.2,80,54
13162.4,80,54
13166.6,81,53
13170.9,79,51
13175.1,80,55
13179.3,78,54
13183.5,78,54
13187.7,81,53
13191.9,80,54
13196.1,80,55
13200.4,81,55
13204.6,79,55
13208.8,81,55
13213,79,53
13217.2,80,53
13221.4,80,54
13225.6,80,55
13229.9,78,55
13234.1,80,55
13238.3,80,54
13242.5,81,53
13246.7,77,55
13250.9,80,54
13255.2,79,56
13259.4,79,56
13263.7,77,56
13267.9,80,54
13272.1,70,67
13276.3,68,77
13280.5,63,93
13284.7,59,102
13289,61,106
13293.2,57,113
13297.4,59,120
13301.6,57,133
13305.8,55,134
13310,54,144
13314.2,56,135
13318.4,54,133
13322.6,55,125
13326.9,57,128
13331.1,55,134
13335.3,55,131
13339.5,54,135
13343.7,58,134
13347.9,57,130
13352.1,55,138
13356.4,56,136
13360.6,54,136
13364.8,56,137
13369,55,136
13373.2,56,136
13377.4,56,137
13381.6,54,137
13385.8,57,131
13390,56,134
13394.2,57,131
13398.5,55,135
13405.4,59,139
13409.7,52,137
13413.9,57,138
13418.1,56,136
13422.3,57,136
13426.5,53,140
13430.7,57,137
13434.9,53,135
13439.1,53,137
13443.4,56,133
13448.6,53,135
13452.8,54,138
13459.4,53,138
13463.6,55,134
13467.9,55,139
13472.1,56,142
13476.3,54,142
13480.5,54,140
13484.7,56,144
13489,53,139
13493.1,56,137
13497.4,56,143
13501.6,55,142
13505.8,54,138
13510.1,53,137
13514.3,57,142
13518.5,56,137
13522.7,54,134
13526.9,52,138
13531.1,56,138
13535.3,54,146
13539.6,55,134
13543.9,59,129
13548.1,65,108
13552.3,72,94
13556.5,78,84
13560.7,81,68
13567.5,82,63
13571.8,84,59
13576,85,55
13580.2,82,54
13584.4,86,52
13588.6,86,53
13592.9,86,53
13597.1,86,56
13601.3,86,53
13605.5,85,53
13609.8,84,57
13614,88,53
13618.2,86,52
13622.5,85,54
13626.7,82,55
13630.9,84,54
13635.1,85,53
13639.3,85,54
13643.5,83,56
13647.8,83,54
13652,84,55
13656.2,85,54
13660.4,85,55
13664.6,85,57
13671.7,84,54
13675.9,84,57
13680.1,86,59
13684.4,82,56
13688.6,84,55
13692.8,86,55
13697,84,55
13701.2,88,56
13705.4,86,54
13709.6,87,54
13713.9,86,54
13718.1,88,54
13722.3,85,54
13726.5,87,56
13730.7,83,58
13734.9,84,57
13739.1,83,55
13743.4,87,56
13747.6,83,56
13751.8,84,56
13756,85,55
13760.3,86,56
13767.4,86,55
13775.6,85,57
13784.1,85,58
13792.3,84,53
13800.6,84,53
13808.9,86,56
13813.1,87,54
13817.3,84,53
13821.6,88,54
13825.8,82,53
13830,87,51
13834.2,88,53
13838.4,86,56
13842.6,81,52
13846.9,87,54
13851.1,86,57
13855.3,84,55
13859.5,87,55
13863.7,85,53
13867.9,86,53
13872.1,84,55
13876.3,85,53
13880.5,86,53
13884.8,88,54
13889,85,57
13893.3,85,54
13897.5,84,53
13901.7,85,55
13905.9,87,57
13910.1,86,61
13914.3,87,57
13918.5,89,57
13925.5,98,57
13929.7,107,65
13934,115,76
13938.2,114,89
13942.4,116,97
13946.6,120,115
13950.9,123,130
13955,122,145
13959.3,121,154
13963.5,121,151
13967.7,122,150
13971.9,123,147
13976.1,123,144
13980.3,124,146
13984.5,125,149
13988.8,121,148
13993,120,149
13997.2,127,150
14001.4,120,150
14005.7,123,150
14009.9,122,150
14014.1,121,150
14018.3,120,151
14022.5,124,151
14026.7,122,152
14033.9,121,148
14038.1,120,154
14042.3,119,152
14046.5,122,150
14050.7,122,157
14054.9,122,153
14059.1,122,154
14063.4,122,153
14067.6,122,154
14071.9,122,150
14076.1,122,152
14080.3,122,150
14084.5,123,151
14088.7,123,147
14092.9,124,150
14097.1,122,150
14101.4,121,149
14105.6,122,146
14109.8,121,149
14114,122,150
14118.2,120,150
14122.4,124,150
14126.6,124,151
14130.8,124,151
14135,120,146
14142.2,122,147
14150.5,121,151
14158.7,125,150
14167.2,121,148
14175.4,122,149
14183.7,123,143
14192.2,123,143
14199.6,124,151
14203.8,120,151
14208.7,125,154
14212.9,124,150
14217.1,122,146
14221.4,124,152
14225.6,122,149
14229.8,119,150
14234,121,149
14238.2,119,150
14242.4,124,149
14246.6,121,149
14250.9,122,149
14255.1,125,150
14259.4,123,150
14263.6,123,152
14267.8,123,151
14272,123,150
14276.2,123,149
14280.4,123,150
14284.6,119,148
14288.9,123,149
14293.1,123,154
14297.3,121,147
14301.5,123,148
14305.7,123,147
14312.8,126,152
14317.1,122,149
14321.3,121,147
14325.6,124,153
14329.8,122,150
14334,120,151
14338.2,124,150
14342.4,123,148
14346.6,122,148
14350.9,127,153
14355.1,127,151
14359.3,129,148
14363.5,143,141
14367.7,149,135
14371.9,154,117
14376.1,158,100
14380.3,163,91
14384.5,162,82
14388.8,164,69
14393,166,61
14397.2,166,55
14401.5,166,46
14408.5,169,53
14412.7,169,53
14417,173,56
14421.2,172,59
14425.4,174,58
14429.6,175,58
14433.8,176,58
14438,170,54
14442.2,175,54
14446.5,171,53
14450.7,171,54
14454.9,169,54
14459.1,172,54
14463.3,172,55
14467.5,174,51
14471.7,171,56
14476,169,52
14480.2,172,50
14484.4,170,51
14488.6,173,54
14492.8,170,51
14497,171,53
14501.3,172,52
14505.5,173,54
14509.7,172,56
14516.8,172,53
14521,175,54
14525.2,169,53
14529.5,172,55
14533.7,173,56
14537.9,173,52
14542.1,175,54
14546.4,170,54
14550.6,174,54
14554.8,171,52
14559,172,51
14563.2,172,50
14567.4,173,53
14571.7,172,55
14575.9,173,52
14580.1,174,51
14584.3,172,54
14588.5,168,52
14592.7,171,52
14597,173,50
14601.2,174,50
14605.4,173,52
14609.6,173,51
14616.5,171,52
14620.8,172,52
14625,172,54
14629.2,173,53
14633.5,171,56
14637.7,174,54
14641.9,172,56
14646.1,174,55
14650.3,173,52
14654.6,172,52
14658.8,173,52
14663,173,56
14667.2,174,52
14671.4,171,54
14675.6,174,54
14679.9,173,56
14684.1,171,54
14688.3,173,51
14692.6,174,51
14696.8,174,53
14701,175,52
14705.2,173,54
14709.5,173,53
14713.7,175,56
14717.9,174,52
14722.1,173,51
14729.1,171,52
14733.3,173,53
14737.5,173,53
14741.7,173,53
14746,173,53
14750.2,173,53
14754.4,172,51
14758.6,174,50
14762.8,174,55
14767,172,50
14771.2,172,51
14775.4,176,56
14779.7,174,56
14783.9,177,53
14788.1,190,66
14792.4,202,78
14796.6,202,78
14800.8,202,78
14805,224,117
14809.2,226,130
14813.4,226,148
14817.6,230,173
14821.8,232,182
14826,230,193
14830.3,229,205
14834.5,230,197
14838.7,230,190
14845.8,231,190
14850,231,191
14854.3,234,202
14858.5,229,196
14862.7,229,192
14866.9,229,193
14871.1,233,193
14875.3,226,202
14879.5,231,194
14883.7,230,192
14888,229,200
14892.2,230,196
14896.4,227,203
14900.6,232,197
14904.8,227,200
14909,230,194
14913.3,228,198
14917.5,231,193
14921.7,229,195
14925.9,231,205
14930.1,233,197
14937.2,233,200
14941.4,233,194
14945.6,235,194
14949.9,231,194
14954.1,230,197
14958.3,229,198
14962.5,234,195
14966.7,231,195
14970.9,235,196
14975.1,229,197
14979.4,230,195
14983.7,229,198
14987.9,228,199
14992.1,232,198
14996.3,231,200
15000.5,235,199
15004.7,231,201
15008.9,232,198
15013.1,231,200
15017.4,230,201
15021.5,233,200
15025.8,232,202
15030,232,201
15034.2,232,200
15038.4,232,200
15043.3,231,195
15047.5,234,199
15051.7,233,197
15055.9,233,200
15060.1,232,199
15064.4,230,196
15068.6,231,199
15072.8,235,201
15077,231,192
15081.3,234,192
15085.5,231,195
15089.7,233,191
15093.9,232,193
15098.1,229,196
15102.3,232,200
15106.5,232,195
15110.8,231,200
15115,230,196
15119.1,235,197
15123.6,234,196
15127.8,234,196
15132,233,201
15136.2,231,196
15140.4,232,195
15144.6,230,192
15149,230,197
15153.2,231,195
15157.5,235,195
15161.7,233,200
15166,231,195
15170.1,231,201
15174.4,235,197
15178.6,233,197
15182.8,232,197
15187,233,197
15191.2,232,197
15195.5,232,196
15199.7,232,195
15203.9,229,194
15208.1,231,192
15212.3,233,198
15216.5,231,192
15220.7,231,198
15225,232,198
15229.2,232,193
15233.4,228,198
15237.6,231,200
15241.8,230,203
15246,230,202
15250.3,232,200
15254.5,232,194
15258.7,232,198
15263,231,199
15267.1,233,197
15271.4,233,192
15275.5,230,196
15279.8,231,195
15284,230,200
15288.3,233,192
15292.5,234,201
15296.7,233,198
15300.9,231,193
15305.1,232,196
15309.3,233,195
15313.5,233,195
15317.8,233,196
15322.1,235,194
15326.3,231,195
15330.5,232,194
15334.7,234,196
15338.9,235,197
15343.1,232,198
15347.4,231,195
15351.6,230,199
15355.8,232,193
15360,233,198
15364.2,234,190
15368.4,229,193
15372.6,234,195
15376.8,233,198
15381.1,233,197
15385.3,234,195
15389.5,231,192
15393.7,231,196
15397.9,231,195
15402.1,231,195
15406.4,233,195
15410.6,232,197
15414.8,232,196
15419,229,194
15423.2,229,196
15427.4,233,197
15431.6,232,196
15435.9,235,197
15440.1,232,199
15444.4,234,193
15448.6,230,199
15452.8,233,195
15457,231,195
15461.2,233,189
15465.4,234,191
15469.6,234,193
15473.9,234,195
15478.1,235,190
15482.3,232,193
15486.5,233,195
15490.7,230,197
15495,234,194
15499.2,239,194
15503.4,239,198
15507.6,239,199
15511.9,240,203
15516.1,237,200
15520.3,236,200
15524.5,234,199
15528.7,235,197
15532.9,238,198
15537.2,235,195
15541.4,233,196
15545.6,237,194
15549.8,236,196
15554,236,198
15558.2,233,201
15562.6,236,202
15566.8,235,195
15571.1,233,193
15575.3,235,196
15579.5,234,198
15583.7,237,194
15587.9,235,196
15592.1,236,197
15596.3,235,198
15600.6,236,198
15604.8,237,197
15611.5,238,195
15615.8,235,191
15620,236,197
15624.2,239,200
15628.4,235,198
15632.6,234,196
15636.9,234,198
15641.1,234,199
15645.4,234,198
15649.6,236,196
15653.8,232,193
15658,236,194
15662.2,237,197
15666.5,238,198
15670.7,235,194
15674.9,240,193
15679.1,235,198
15683.3,235,199
15687.5,240,194
15691.7,237,192
15696,236,194
15700.2,236,194
15704.4,235,193
15708.6,235,194
15712.8,235,192
15719.9,236,190
15724.2,238,193
15728.4,235,193
15732.6,235,194
15736.8,234,198
15741,234,197
15745.2,234,197
15749.5,234,197
15753.7,234,197
15757.9,236,197
15762.1,233,200
15766.4,237,198
15770.6,236,191
15774.8,237,197
15779,234,196
15783.2,235,195
15787.4,232,195
15791.6,237,193
15795.9,237,194
15800.1,238,194
15804.3,232,194
15808.5,236,193
15812.7,237,189
15816.9,235,197
15824,237,193
15828.2,233,193
15832.5,235,196
15836.6,234,198
15840.9,237,195
15845.1,233,199
15849.4,235,197
15855.2,233,194
15859.4,236,199
15865.5,237,198
15869.7,236,201
15874,235,198
15878.2,235,200
15882.4,236,198
15886.6,233,200
15890.9,235,197
15895.1,234,199
15899.3,236,197
15903.5,236,198
15907.7,235,199
15912,238,196
15916.2,237,199
15920.4,235,199
15924.6,232,202
15928.8,236,200
15933,234,198
15937.2,234,198
15941.4,234,200
15945.7,237,205
15949.9,236,204
15954.1,235,201
15958.3,233,202
15962.5,237,201
15966.8,235,200
15971,238,201
15977.9,237,200
15982.1,235,198
15986.4,240,202
15990.6,235,204
15994.8,237,198
15999,238,194
16003.2,233,201
16007.5,233,201
16011.7,233,197
16015.9,239,195
16020.1,236,197
16024.3,233,195
16028.5,238,198
16032.8,236,193
16037,235,193
16041.2,237,196
16045.4,235,195
16049.6,235,191
16053.8,235,191
16058,236,196
16062.4,235,196
16066.6,237,196
16073.8,236,201
16082,236,201
16090.2,233,190
16094.4,231,195
16098.8,235,200
16103,238,199
16107.2,237,198
16111.4,231,195
16115.6,223,189
16119.8,223,190
16124,221,196
16128.2,230,201
16132.5,237,201
16136.7,235,199
16140.9,232,203
16145.1,233,205
16149.3,233,212
16153.5,236,205
16157.8,231,206
16162,234,205
16166.2,234,201
16170.5,234,204
16174.7,234,200
16178.9,235,201
16183.1,234,205
16187.3,225,195
16191.5,239,190
16198.6,242,194
16202.9,240,194
16207.1,239,190
16211.3,237,200
16215.5,240,196
16219.7,236,190
16224,235,191
16228.2,237,191
16232.4,237,195
16236.6,237,192
16240.8,236,193
16245,240,194
16249.2,233,194
16253.5,235,195
16257.7,239,193
16261.9,236,193
16266.1,240,193
16270.3,238,202
16274.5,237,192
16278.7,238,191
16282.9,235,189
16287.2,238,196
16291.6,238,194
16298.5,237,188
16302.8,238,192
16307,238,190
16311.2,234,198
16315.4,238,194
16319.7,237,191
16323.9,239,190
16328.1,234,192
16332.3,238,191
16336.5,235,191
16340.7,239,192
16344.9,236,193
16349.2,237,190
16353.4,235,198
16357.6,241,193
16361.8,236,194
16366,235,194
16370.2,239,192
16374.5,237,196
16378.7,235,194
16383,237,199
16387.2,238,194
16391.4,239,200
16398.5,239,193
16403,239,193
16407.2,237,196
16411.4,238,193
16415.7,239,196
16419.9,242,198
16424.1,235,193
16428.3,240,194
16432.5,237,195
16436.7,235,195
16440.9,237,197
16445.2,240,199
16449.4,238,195
16453.6,238,196
16457.8,238,199
16462,240,195
16466.2,235,193
16470.4,237,196
16474.6,240,191
16478.9,235,195
16483.1,230,191
16494.1,204,179
16502.4,185,170
16510.8,171,167
16519.1,148,153
16527.3,139,148
16535.8,139,148
16543.3,131,144
16547.5,127,146
16552.3,124,148
16556.6,123,146
16560.8,123,143
16565,124,145
16569.3,126,141
16573.5,121,137
16577.7,125,136
16581.9,123,137
16586.1,125,139
16590.3,122,135
16594.5,120,140
16598.8,117,135
16603,119,139
16607.2,122,133
16611.4,121,136
16615.6,118,134
16619.8,121,135
16624,119,135
16628.2,119,140
16632.5,121,137
16636.7,120,140
16640.9,119,139
16645.1,121,142
16649.3,121,138
16656.2,120,139
16660.5,119,139
16664.8,119,139
16669,125,142
16673.2,124,139
16677.4,122,146
16681.6,122,142
16685.8,120,139
16690,122,138
16694.3,122,149
16698.5,124,145
16702.7,123,140
16706.9,119,147
16711.1,115,135
16715.5,119,140
16719.8,115,140
16724,122,144
16728.3,119,145
16732.5,119,137
16736.7,120,140
16740.9,117,137
16745.1,117,138
16752.1,121,140
16756.4,114,136
16760.6,120,138
16764.8,114,137
16769,117,138
16773.2,120,137
16777.5,116,140
16781.7,116,138
16785.9,121,134
16790.1,118,143
16794.3,120,147
16798.5,117,135
16802.7,119,141
16807,115,139
16811.2,113,141
16815.4,116,141
16819.6,123,141
16823.8,125,132
16828,125,132
16832.2,124,130
16836.4,126,134
16840.6,126,134
16844.9,124,136
16849.1,130,133
16853.3,134,135
16857.5,129,133
16861.8,130,137
16868.5,131,133
16872.8,132,132
16877,132,132
16881.5,128,134
16885.7,133,134
16889.9,128,126
16894.1,131,131
16898.4,134,134
16902.6,132,128
16906.8,129,131
16911,132,135
16915.3,131,134
16919.5,132,135
16923.7,127,130
16927.9,133,135
16932.1,131,132
16936.3,131,135
16940.5,130,131
16944.8,130,131
16949.6,132,130
16953.8,129,128
16960.2,132,130
16964.4,131,133
16968.7,132,131
16972.9,128,130
16977.1,128,129
16981.3,130,132
16985.5,128,130
16989.8,131,128
16994,129,126
16998.2,128,131
17002.4,128,131
17006.6,129,121
17010.8,129,126
17015.1,130,131
17019.3,132,132
17023.5,127,131
17027.9,130,132
17032.2,133,128
17036.4,128,129
17040.6,130,133
17044.8,128,128
17056.1,128,130
17064.3,128,127
17072.6,128,128
17081,129,130
17089.3,130,135
17097.5,130,134
17105.8,130,134
17114.3,130,134
17121.4,126,134
17125.6,129,137
17130.8,129,129
17135,129,133
17139.3,129,135
17143.5,129,133
17147.7,129,135
17151.9,128,131
17156.1,129,133
17160.3,130,132
17164.5,129,132
17168.8,128,128
17173,129,131
17177.2,126,129
17181.4,128,124
17185.6,128,129
17189.8,127,133
17194,127,128
17198.3,129,131
17202.5,127,131
17206.7,128,131
17210.9,125,136
17215.1,125,128
17219.4,126,131
17223.6,126,131
17227.8,127,133
17232.1,125,136
17236.3,127,135
17240.5,127,135
17246.5,128,132
17250.7,126,129
17254.9,125,136
17259.1,126,132
17263.4,126,134
17267.6,130,132
17271.8,129,138
17276,126,136
17280.2,128,132
17284.4,129,133
17288.6,125,132
17292.8,128,138
17297,126,133
17301.2,128,134
17305.5,129,138
17309.7,127,135
17313.9,128,132
17318.1,128,136
17322.3,129,136
17326.6,129,133
17330.8,127,139
17335,125,136
17339.2,127,139
17343.4,126,136
17347.6,125,132
17351.9,125,140
17356.1,125,134
17360.3,124,137
17364.5,126,131
17368.7,125,132
17372.9,126,137
17377.1,129,135
17381.3,127,133
17385.5,125,133
17389.8,128,133
17394,123,132
17398.2,131,131
17402.4,125,133
17406.6,126,136
17410.9,125,128
17415.1,126,135
17419.3,124,130
17423.5,124,134
17427.7,125,135
17431.9,124,136
17436.2,124,136
17440.4,124,130
17444.6,127,132
17448.8,126,133
17453,126,132
17457.2,127,132
17461.4,124,133
17465.6,123,134
17469.8,127,134
17474.1,124,135
17478.3,128,136
17482.5,126,133
17486.7,125,138
17490.9,126,136
17495.1,123,131
17499.4,123,134
17503.6,125,141
17507.8,128,133
17512,126,134
17516.2,124,136
17520.4,125,135
17524.6,126,134
17528.8,125,135
17533.1,127,132
17537.3,124,131
17541.5,123,129
17545.7,128,134
17549.9,126,132
17554.1,125,134
17558.3,126,131
17562.6,129,134
17566.8,128,134
17571,126,136
17575.2,128,137
17579.5,125,130
17583.7,125,136
17587.9,127,132
17592.1,122,135
17596.3,124,133
17600.5,124,134
17604.8,124,135
17609,127,135
17613.2,125,133
17617.4,125,132
17621.6,124,133
17625.8,125,136
17630,127,137
17634.2,127,133
17638.4,124,136
17642.7,128,136
17646.9,126,130
17651.1,128,133
17655.3,129,132
17659.5,127,129
17663.8,126,132
17668,128,139
17672.2,118,132
17676.5,118,138
17680.7,113,127
17684.9,109,119
17689.1,113,124
17693.3,114,117
17697.5,110,115
17701.8,107,115
17706,102,115
17710.2,105,116
17714.4,106,116
17718.6,105,114
17722.8,102,112
17727,101,119
17731.3,100,114
17735.5,95,123
17739.7,95,123
17743.9,95,141
17748.1,90,135
17752.3,84,134
17756.6,80,136
17760.8,76,140
17765,73,144
17769.2,76,149
17773.4,71,152
17777.6,68,159
17781.9,69,163
17786.1,71,158
17790.3,70,154
17794.6,69,157
17798.8,69,159
17803,71,154
17807.2,74,162
17811.4,71,159
17815.6,71,161
17819.8,72,157
17824.3,71,159
17828.5,75,161
17832.7,69,156
17836.9,74,158
17841.1,71,158
17845.3,74,158
17849.6,70,158
17853.8,69,153
17858,71,158
17862.2,70,158
17866.5,69,156
17870.7,73,160
17878.3,72,160
17882.5,66,154
17886.8,71,161
17891,68,154
17895.2,68,154
17899.4,73,160
17903.6,70,158
17907.9,70,161
17912.1,68,155
17916.3,72,158
17920.5,68,158
17924.7,69,156
17928.9,67,158
17933.2,68,156
17937.4,72,158
17941.6,67,155
17946.3,68,159
17950.5,69,160
17954.7,68,158
17958.9,67,153
17963.1,71,162
17967.4,67,156
17971.6,70,158
17975.8,64,150
17980,65,151
17984.3,73,135
17988.5,77,115
17992.7,77,103
17996.9,79,87
18001.1,78,79
18005.4,80,73
18009.6,82,71
18013.8,81,67
18018,81,64
18022.2,80,60
18026.4,77,62
18030.7,81,67
18034.9,85,66
18039.2,82,66
18043.5,86,66
18047.8,81,69
18052,85,67
18056.2,80,72
18060.4,82,65
18064.6,85,66
18068.8,87,65
18073,87,65
18077.2,82,67
18081.5,84,66
18085.7,83,66
18089.8,84,67
18094.1,82,65
18098.3,87,65
18102.6,82,65
18106.8,87,66
18111,83,64
18115.2,83,63
18119.4,86,64
18123.8,83,65
18128,83,65
18132.3,85,64
18136.5,81,60
18140.7,84,64
18145,86,66
18149.2,86,66
18153.4,83,67
18157.6,85,68
18161.8,85,68
18166,85,68
18170.3,85,66
18174.5,89,61
18178.7,87,65
18182.9,87,69
18187.1,84,68
18191.3,83,67
18195.5,84,62
18199.8,84,59
18204,84,65
18208.2,84,58
18212.4,86,65
18216.6,86,66
18220.8,86,61
18225,86,69
18229.3,84,65
18233.5,85,69
18237.7,86,61
18241.9,84,66
18246.1,86,67
18250.3,85,68
18254.5,85,65
18258.8,85,61
18263,84,62
18267.2,85,58
18271.4,85,62
18275.6,84,61
18279.8,84,62
18284,84,61
18288.2,82,61
18292.5,82,59
18296.7,84,62
18300.9,84,60
18305.1,84,60
18309.3,83,62
18313.6,85,61
18317.8,85,59
18322,84,61
18326.2,85,61
18330.4,87,62
18334.6,87,55
18338.8,86,54
18343.1,87,48
18347.3,85,51
18351.5,84,50
18355.7,82,53
18359.9,84,50
18364.1,81,52
18368.3,81,52
18372.5,85,52
18376.7,83,50
18381,81,54
18385.2,81,53
18389.4,84,49
18393.6,84,51
18397.8,85,49
18402,85,50
18406.3,84,50
18410.5,83,49
18414.7,84,52
18418.9,82,50
18423.1,84,50
18427.3,84,50
18431.5,83,50
18435.8,83,50
18440,83,51
18444.2,82,52
18448.5,82,50
18452.7,84,51
18456.9,84,49
18461.1,84,51
18465.3,84,50
18469.5,85,51
18473.7,83,52
18478,83,49
18482.2,83,51
18486.4,82,49
18490.6,84,49
18494.8,85,51
18499,84,50
18503.2,84,51
18507.5,84,53
18511.7,82,51
18515.9,83,50
18520.1,82,49
18524.3,84,47
18528.5,84,51
18532.8,86,50
18537,83,51
18541.2,83,50
18545.4,85,51
18549.6,83,53
18553.8,83,53
18558,84,51
18562.2,83,52
18566.5,83,50
18570.7,84,50
18574.9,83,49
18579.1,84,52
18583.3,84,51
18587.5,85,51
18591.8,84,51
18596,83,51
18600.2,83,50
18604.5,83,51
18608.7,81,52
18612.9,83,52
18617.1,82,51
18621.3,82,52
18625.5,82,54
18629.7,83,49
18633.9,83,51
18638.2,83,51
18642.4,84,51
18646.6,81,52
18650.8,83,51
18655,83,51
18659.2,81,52
18663.5,86,52
18667.7,83,53
18671.9,83,52
18676.1,84,51
18680.3,84,52
18684.5,83,53
18688.7,82,53
18692.9,85,51
18697.2,84,54
18701.4,89,55
18705.6,95,60
18709.8,95,60
18714,116,74
18718.3,121,88
18722.5,117,113
18729.4,122,136
18737.9,126,139
18746.1,127,145
18754.4,127,145
18762.2,125,150
18766.4,128,157
18771.1,130,160
18775.3,128,159
18779.5,128,159
18783.7,128,156
18788,128,158
18792.2,125,157
18796.4,125,156
18800.6,125,159
18804.9,129,159
18809.1,127,153
18813.3,129,159
18817.6,127,157
18821.8,125,157
18826,127,149
18830.3,125,157
18834.5,129,155
18838.7,128,154
18842.9,127,155
18847.1,129,160
18851.3,129,156
18855.6,129,159
18859.8,126,153
18864,128,153
18868.2,129,155
18875.2,129,149
18879.5,126,159
18883.7,127,157
18888,126,153
18892.2,129,156
18896.4,125,155
18900.5,126,152
18904.8,127,158
18909,129,160
18913.2,127,153
18917.5,125,154
18921.7,127,156
18925.9,124,155
18930.1,127,152
18934.3,127,155
18938.5,130,154
18942.7,127,151
18946.9,126,156
18951.1,127,152
18955.4,127,157
18959.6,128,154
18963.8,129,154
18968,128,156
18972.2,128,157
18979.4,127,156
18987.6,127,156
18995.9,127,155
19004.4,127,155
19012.1,130,154
19016.3,129,157
19020.9,130,154
19025.1,129,157
19029.3,129,154
19033.5,129,153
19037.8,129,154
19042,127,155
19046.2,128,157
19050.4,128,158
19054.6,128,157
19058.8,128,154
19063,127,154
19067.2,130,154
19071.5,125,157
19075.7,129,154
19079.9,126,154
19084.1,126,152
19088.3,127,159
19092.5,124,149
19096.7,127,160
19101,130,155
19105.2,128,157
19109.4,127,156
19113.6,127,160
19117.8,130,159
19122,138,153
19126.3,148,148
19130.5,148,148
19137.2,161,111
19141.4,166,91
19145.6,174,83
19149.8,171,71
19154,174,63
19158.2,176,57
19162.5,177,55
19166.8,180,58
19171,180,56
19175.2,180,54
19179.4,180,52
19183.6,180,53
19187.8,180,51
19192,181,54
19196.2,178,53
19200.4,180,51
19204.6,178,50
19208.8,176,51
19213.1,181,50
19217.3,176,50
19221.5,179,52
19225.8,179,51
19230,177,52
19234.2,179,54
19238.4,178,50
19242.6,177,51
19246.8,178,53
19251,177,53
19255.2,178,51
19259.5,178,53
19263.7,178,52
19267.9,176,52
19272.1,178,50
19276.3,177,50
19280.5,177,52
19284.7,179,50
19288.9,180,51
19293.1,178,51
19297.3,177,52
19301.5,178,52
19305.8,175,52
19310,177,52
19314.2,179,52
19318.4,179,51
19322.6,176,53
19326.8,178,54
19331,178,53
19335.2,179,53
19339.5,178,54
19343.7,176,48
19347.9,178,54
19352.1,176,54
19356.3,177,50
19360.5,179,48
19364.7,180,53
19368.9,177,53
19373.1,175,53
19377.3,177,49
19381.6,178,51
19386.1,177,51
19390.3,177,50
19394.5,176,52
19398.8,178,52
19403,178,53
19407.2,178,52
19411.4,176,51
19415.7,177,52
19419.8,177,52
19424.1,177,47
19428.3,179,40
19432.5,178,39
19436.7,183,39
19440.9,184,42
19445.1,182,41
19449.3,184,43
19453.5,183,44
19457.8,181,42
19462,183,44
19466.3,183,41
19470.5,181,41
19474.8,182,43
19479,181,42
19483.2,182,42
19487.4,186,42
19491.7,181,40
19495.8,181,44
19500.1,181,41
19504.3,182,41
19508.5,181,40
19512.7,182,40
19516.9,180,42
19521.1,181,43
19525.3,184,43
19529.6,180,42
19533.8,181,42
19538,181,42
19542.2,185,44
19546.4,184,41
19550.6,182,43
19554.8,182,42
19559.1,180,43
19563.3,182,40
19567.5,182,42
19573.5,183,41
19577.7,182,39
19581.9,183,42
19586.1,183,42
19590.3,184,42
19594.6,182,41
19598.8,180,40
19603,182,45
19607.2,179,41
19611.5,180,42
19615.7,182,42
19619.9,183,43
19624.1,182,42
19628.3,181,39
19632.5,181,43
19636.7,183,41
19641,180,40
19645.2,181,41
19649.3,185,45
19653.6,181,46
19657.8,185,46
19662,180,45
19666.3,181,41
19670.5,189,50
19674.7,204,54
19678.9,209,57
19683.1,214,64
19687.3,217,68
19691.5,223,73
19695.7,228,80
19699.9,231,94
19704.1,235,105
19708.4,242,120
19712.6,238,128
19716.8,237,142
19721,242,155
19725.3,238,167
19729.5,238,171
19733.7,241,185
19737.9,239,189
19742.1,243,200
19746.3,241,203
19750.5,245,203
19754.8,240,204
19759,240,209
19763.3,235,212
19767.5,243,220
19771.7,237,208
19775.9,239,214
19780.1,236,212
19784.3,236,204
19788.5,236,211
19792.8,239,207
19797,237,209
19801.2,240,206
19805.4,240,205
19809.6,238,207
19813.8,241,210
19818,239,202
19822.2,240,217
19826.5,241,207
19830.7,241,204
19834.9,238,200
19839.1,238,209
19843.3,235,207
19847.5,236,202
19851.8,239,207
19856,240,213
19860.2,239,206
19864.4,242,210
19868.6,236,206
19872.8,237,204
19877,236,208
19881.2,238,209
19885.5,240,206
19889.7,241,208
19893.9,241,200
19898.1,236,207
19902.3,241,206
19906.6,238,207
19910.8,239,205
19915,239,201
19919.2,240,205
19923.4,241,207
19927.7,240,203
19931.8,238,204
19936.1,239,202
19940.3,237,203
19944.5,235,200
19948.7,240,204
19952.9,236,203
19957.1,242,201
19961.3,242,204
19965.5,239,200
19969.8,240,202
19974,240,203
19978.2,238,202
19982.5,239,203
19986.7,240,203
19990.9,240,205
19995.1,239,199
19999.4,240,208
20003.6,237,199
20007.9,238,201
20012.1,239,200
20016.3,238,203
20020.5,242,195
20024.7,240,200
20029,243,204
20033.2,242,202
20037.5,241,203
20041.7,238,203
20045.9,244,199
20050.1,235,208
20054.3,238,204
20058.5,240,205
20062.7,240,198
20066.9,237,199
20071.1,242,206
20075.3,240,201
20079.6,236,201
20083.8,239,199
20088,236,202
20092.2,238,203
20096.4,238,206
20100.6,235,204
20104.8,242,200
20109.1,240,204
20113.3,237,202
20117.5,239,198
20121.7,236,204
20125.9,239,204
20130.1,243,208
20134.3,242,207
20138.6,239,207
20142.8,237,203
20147,240,203
20151.2,243,202
20155.4,239,200
20159.6,241,201
20163.9,240,202
20168.1,236,201
20172.3,232,202
20176.5,233,201
20180.7,233,202
20184.9,233,197
20189.1,236,199
20193.3,235,198
20197.5,234,196
20201.8,237,197
20206,234,200
20210.2,237,196
20214.4,237,205
20218.6,236,202
20222.8,236,200
20227,235,198
20231.3,237,198
20235.5,235,197
20239.7,235,197
20243.9,235,201
20248.1,233,200
20252.3,235,198
20256.6,236,198
20260.8,236,201
20265,232,197
20269.2,236,201
20273.4,235,195
20277.6,233,200
20281.9,234,203
20286.1,230,202
20290.4,236,200
20294.6,234,195
20298.8,234,196
20303,236,195
20307.2,233,198
20311.4,233,195
20315.6,234,202
20319.9,234,196
20324.1,233,195
20328.3,233,196
20332.5,231,195
20336.7,233,199
20340.9,236,197
20345.1,232,196
20349.4,234,200
20353.6,235,197
20357.8,237,198
20362,236,196
20366.2,234,199
20370.4,233,200
20374.6,231,199
20378.9,236,197
20383.2,236,197
20387.5,231,203
20391.7,238,200
20395.9,233,199
20400.1,236,198
20404.3,233,199
20408.5,235,201
20412.8,233,200
20417,236,201
20421.2,234,201
20428,239,200
20432.2,229,203
20436.4,237,204
20440.6,235,199
20444.8,233,198
20449,235,197
20453.2,235,200
20457.4,233,203
20461.7,234,199
20465.9,232,202
20470.2,237,196
20474.4,233,194
20478.7,233,203
20482.9,237,198
20487.1,235,197
20491.3,233,198
20495.5,234,197
20499.7,233,195
20504,237,195
20508.2,233,200
20512.4,233,196
20516.6,233,197
20520.8,234,197
20525,230,200
20532.1,232,199
20536.3,234,195
20540.6,234,199
20544.8,237,198
20549,232,198
20553.2,237,197
20557.4,230,198
20561.6,234,199
20565.8,233,195
20570.1,235,199
20574.3,234,199
20578.5,235,196
20582.7,232,196
20586.9,235,195
20591.1,236,198
20595.3,235,200
20599.6,235,197
20603.8,235,196
20608,233,197
20612.2,234,195
20616.4,233,200
20620.6,235,196
20627.8,235,199
20636.2,235,199
20644.5,235,199
20652.7,235,195
20656.9,235,196
20661.2,233,196
20665.5,233,201
20669.8,233,198
20674,235,195
20678.2,233,194
20682.4,235,197
20686.6,237,195
20690.8,229,202
20695,234,199
20699.2,233,196
20703.4,235,196
20707.7,231,199
20711.9,232,202
20716.2,233,196
20720.4,232,203
20724.6,234,202
20728.8,231,199
20733,231,203
20737.2,228,200
20741.5,228,200
20746.4,233,201
20750.7,235,201
20756.9,232,202
20761.1,234,203
20765.3,232,197
20769.5,236,206
20773.8,231,201
20778,230,197
20782.2,233,198
20786.4,230,200
20790.7,233,201
20794.9,232,196
20799.1,230,199
20803.3,235,199
20807.5,233,200
20811.7,233,201
20815.9,235,198
20820.2,231,203
20824.4,235,203
20828.6,231,200
20832.8,232,206
20837,233,195
20841.2,232,198
20845.4,234,197
20849.7,231,200
20853.9,232,197
20858.1,231,201
20865,238,197
20869.2,234,201
20873.7,240,196
20877.9,239,196
20882.1,237,196
20886.4,236,199
20890.6,239,196
20894.8,237,203
20899,235,199
20903.2,238,202
20907.4,234,198
20911.7,238,200
20915.9,235,201
20920.1,234,202
20924.3,239,196
20928.5,235,200
20932.7,237,200
20936.9,235,199
20941.1,238,199
20945.3,233,199
20949.5,237,201
20953.8,237,198
20960.7,234,197
20964.9,237,196
20969.2,237,195
20973.4,236,194
20977.7,240,194
20981.9,239,195
20986.1,233,196
20990.3,236,202
20994.5,235,199
20998.7,236,198
21003,234,199
21007.2,236,201
21011.4,234,196
21015.6,235,201
21019.8,237,197
21024,234,195
21028.3,240,198
21032.5,234,201
21036.7,238,194
21041,238,196
21045.2,238,200
21049.4,237,198
21053.6,235,200
21057.8,235,197
21062,234,199
21066.2,239,196
21070.5,239,201
21077.5,235,197
21081.7,234,202
21085.9,238,199
21090.1,238,198
21094.3,236,201
21098.6,236,201
21102.8,235,202
21107,240,201
21111.2,239,200
21115.4,237,198
21119.6,237,197
21123.8,238,200
21128,239,203
21132.2,235,200
21136.5,238,200
21140.7,237,196
21144.9,240,195
21149.1,238,200
21153.3,238,200
21157.6,238,192
21161.8,238,193
21166,237,201
21170.2,239,199
21174.4,240,202
21178.6,240,202
21184.2,239,201
21188.4,238,195
21192.6,237,202
21196.8,238,200
21201,239,195
21205.2,236,198
21209.5,235,195
21213.7,239,197
21217.9,239,196
21222.1,239,195
21226.4,239,198
21230.6,234,195
21234.8,241,207
21239,239,199
21243.2,244,203
21247.4,237,195
21251.6,237,198
21255.9,234,198
21260.1,237,197
21264.3,238,196
21268.5,238,199
21272.7,239,197
21276.9,238,202
21281.2,237,198
21285.4,239,198
21289.7,238,198
21293.9,240,198
21298.1,241,199
21302.3,239,196
21306.5,239,197
21310.7,237,197
21314.9,241,199
21319.2,242,199
21323.7,242,205
21327.9,238,200
21332.1,238,197
21336.3,238,199
21340.5,236,198
21344.7,237,199
21349,234,196
21353.2,239,199
21357.4,236,192
21361.6,238,194
21365.8,239,191
21370,239,195
21374.2,239,200
21378.4,240,200
21382.7,236,190
21386.9,237,194
21393.7,237,196
21398,236,197
21402.2,234,200
21406.4,241,196
21410.6,235,197
21414.8,240,198
21419.1,237,195
21423.3,240,197
21427.5,237,193
21431.7,238,202
21435.9,241,197
21440.1,235,197
21444.3,235,193
21448.5,236,198
21452.8,240,196
21457,238,193
21461.3,240,193
21465.6,239,199
21469.8,233,192
21474,236,193
21478.2,238,192
21482.5,240,194
21489.4,240,194
21496.5,234,204
21500.7,237,196
21506.2,237,189
21510.4,238,192
21514.6,238,194
21518.8,237,193
21523,235,192
21527.2,237,192
21531.5,236,192
21535.7,237,198
21539.9,235,189
21544.1,236,200
21548.3,236,200
21552.5,241,194
21556.7,235,192
21561,233,190
21565.2,237,193
21569.4,238,193
21573.7,234,191
21577.9,238,187
21582.1,235,194
21586.3,235,189
21590.5,235,194
21594.7,234,190
21599,235,191
21603.2,236,195
21607.4,235,195
21614.5,234,185
21618.7,235,191
21622.9,239,186
21627.1,232,189
21631.3,237,193
21635.6,236,187
21640.2,235,193
21644.4,237,190
21648.6,234,192
21652.8,237,192
21657,239,191
21661.3,237,191
21665.5,237,189
21669.7,238,186
21673.9,236,192
21678.1,236,192
21684,234,188
21688.2,236,187
21692.4,234,193
21696.6,235,187
21700.8,237,191
21705,237,188
21709.3,235,190
21713.5,235,192
21717.7,236,183
21721.9,232,188
21726.2,232,188
21730.4,234,195
21734.6,233,196
21738.8,235,189
21743,236,192
21747.2,233,186
21751.4,234,185
21755.7,235,191
21759.9,233,188
21764.1,233,188
21768.3,235,190
21772.5,236,189
21776.8,235,187
21781,235,189
21785.2,234,192
21789.4,235,192
21793.6,235,185
21797.8,234,187
21802,236,188
21806.2,235,188
21810.5,232,188
21814.7,234,188
21818.9,236,188
21823.1,233,187
21827.3,234,187
21831.5,233,188
21835.8,234,191
21840,235,188
21844.2,236,195
21848.4,237,191
21852.7,235,196
21856.9,235,188
21861.2,233,188
21865.3,231,197
21869.6,237,196
21873.8,236,188
21878,235,191
21882.2,238,193
21886.6,235,191
21890.8,235,191
21895,232,193
21899.3,235,209
21903.5,235,209
21907.7,209,180
21911.9,196,172
21916.2,188,173
21920.3,185,183
21924.5,176,158
21928.8,171,156
21933,160,151
21937.2,160,156
21941.4,156,152
21945.6,155,154
21949.8,156,158
21954,159,156
21958.2,155,150
21962.4,151,153
21966.6,147,154
21970.8,145,141
21975.1,140,148
21979.3,139,140
21983.5,130,142
21987.8,130,144
21992,133,145
21996.2,131,147
22000.4,133,148
22004.6,133,147
22008.9,134,148
22013.1,135,146
22017.3,135,148
22021.5,134,148
22025.7,134,147
