121 106 47 64046 0 0
118 106 47 64050.2 0 0
123 107 47 64054.4 0 0
119 106 47 64058.6 0 0
118 108 47 64062.9 0 0
121 106 47 64067.1 0 0
121 106 47 64071.3 0 0
119 110 47 64075.5 0 0
121 109 48 64079.7 0 0
121 106 47 64083.9 0 0
123 108 47 64088.2 0 0
121 108 47 64092.4 0 0
121 109 47 64096.6 0 0
118 107 47 64100.8 0 0
121 110 47 64105 0 0
119 106 47 64109.2 0 0
121 107 47 64113.7 0 0
120 111 48 64117.9 0 0
119 105 47 64122.1 0 0
122 109 47 64126.3 0 0
121 108 47 64130.6 0 0
120 107 47 64134.8 0 0
122 109 47 64139 0 0
123 107 47 64143.2 0 0
124 106 47 64147.4 0 0
120 107 47 64151.6 0 0
120 109 47 64155.8 0 0
120 107 47 64160.1 0 0
123 106 47 64164.3 0 0
120 108 47 64168.5 0 0
118 108 47 64172.7 0 0
124 107 47 64176.9 0 0
121 107 47 64181.1 0 0
123 108 47 64185.4 0 0
122 107 47 64189.7 0 0
121 108 47 64193.9 0 0
121 109 47 64198.1 0 0
123 107 47 64202.3 0 0
119 109 47 64206.5 0 0
119 106 47 64210.7 0 0
121 109 47 64214.9 0 0
121 107 47 64219.2 0 0
121 105 47 64223.4 0 0
121 107 47 64227.6 0 0
119 106 47 64231.8 0 0
120 113 48 64236.1 0 0
122 107 47 64240.2 0 0
119 112 48 64244.5 0 0
121 107 47 64248.7 0 0
122 108 47 64252.9 0 0
121 105 47 64257.1 0 0
119 109 47 64261.3 0 0
123 107 47 64265.6 0 0
121 106 47 64269.8 0 0
118 107 47 64274 0 0
122 106 47 64278.2 0 0
122 108 47 64282.5 0 0
119 108 47 64286.7 0 0
123 107 47 64293.5 0 0
123 108 47 64297.7 0 0
125 109 47 64301.9 0 0
123 107 47 64306.2 0 0
125 106 47 64310.4 0 0
126 108 47 64314.6 0 0
121 108 47 64318.8 0 0
122 113 48 64323 0 0
122 105 47 64327.2 0 0
120 110 48 64331.4 0 0
123 107 47 64335.6 0 0
122 105 47 64340.1 0 0
122 107 47 64344.3 0 0
121 106 47 64348.5 0 0
123 108 47 64352.7 0 0
123 107 47 64357 0 0
118 106 47 64361.2 0 0
121 105 47 64365.4 0 0
124 105 47 64369.6 0 0
121 107 47 64373.8 0 0
122 103 47 64378 0 0
123 106 47 64382.3 0 0
124 111 48 64386.5 0 0
120 107 47 64393.4 0 0
122 106 47 64397.7 0 0
119 107 47 64401.9 0 0
120 107 47 64406.1 0 0
120 108 47 64410.5 0 0
123 108 47 64414.7 0 0
121 107 47 64418.9 0 0
123 111 47 64423.2 0 0
122 109 47 64427.3 0 0
121 108 47 64431.6 0 0
123 109 47 64435.8 0 0
121 108 47 64440.1 0 0
123 109 47 64444.3 0 0
119 109 46 64448.5 0 0
120 105 47 64452.7 0 0
122 108 47 64456.9 0 0
119 107 47 64461.1 0 0
124 107 47 64465.3 0 0
121 108 47 64469.6 0 0
121 106 47 64473.9 0 0
122 106 47 64478.1 0 0
120 107 47 64482.3 0 0
120 107 47 64486.5 0 0
120 107 47 64492.4 0 0
122 109 47 64496.7 0 0
122 109 46 64501.3 0 0
123 105 47 64505.6 0 0
124 109 46 64509.8 0 0
123 107 47 64514 0 0
121 105 46 64518.2 0 0
122 107 46 64522.4 0 0
121 104 47 64526.6 0 0
120 105 46 64530.8 0 0
124 107 47 64535.1 0 0
122 106 46 64539.6 0 0
119 106 46 64543.9 0 0
121 107 46 64548.1 0 0
122 106 46 64552.3 0 0
121 105 46 64556.5 0 0
121 107 46 64560.7 0 0
122 106 46 64565 0 0
122 106 46 64569.2 0 0
122 106 46 64573.4 0 0
121 105 46 64577.6 0 0
122 107 46 64581.8 0 0
118 105 46 64586 0 0
122 104 46 64590.2 0 0
124 107 46 64594.5 0 0
119 105 46 64598.7 0 0
122 106 46 64602.9 0 0
120 107 46 64607.1 0 0
122 106 46 64611.3 0 0
122 111 46 64615.5 0 0
123 114 45 64619.8 0 0
124 126 45 64624 0 0
127 133 46 64628.2 0 0
126 144 45 64632.4 0 0
128 143 45 64636.7 0 0
127 142 45 64640.8 0 0
126 145 45 64645.1 0 0
125 147 45 64649.3 0 0
127 144 45 64653.5 0 0
128 143 45 64657.7 0 0
128 146 45 64662 0 0
125 145 45 64666.5 0 0
126 142 45 64670.7 0 0
124 142 45 64674.9 0 0
127 144 45 64679.1 0 0
128 140 45 64683.3 0 0
128 143 45 64687.6 0 0
123 143 45 64691.8 0 0
126 143 45 64696.1 0 0
127 144 45 64700.3 0 0
126 138 45 64704.5 0 0
125 143 45 64708.7 0 0
125 141 45 64712.9 0 0
123 141 45 64717.2 0 0
127 144 45 64721.4 0 0
126 140 45 64725.6 0 0
124 145 45 64729.8 0 0
127 142 45 64734.1 0 0
129 144 45 64738.6 0 0
126 144 45 64742.8 0 0
126 147 45 64747 0 0
125 146 45 64751.3 0 0
128 146 45 64755.6 0 0
124 145 45 64759.8 0 0
126 145 45 64764 0 0
125 146 45 64768.2 0 0
126 142 45 64772.6 0 0
126 147 45 64776.8 0 0
127 148 45 64781.1 0 0
124 145 45 64785.3 0 0
126 145 45 64789.5 0 0
128 145 45 64793.7 0 0
126 145 45 64797.9 0 0
128 143 45 64802.1 0 0
127 149 45 64806.3 0 0
126 144 45 64810.6 0 0
125 140 45 64814.8 0 0
126 143 45 64819.1 0 0
125 145 45 64823.3 0 0
128 140 45 64827.5 0 0
125 144 45 64831.7 0 0
127 144 45 64835.9 0 0
124 144 45 64840.1 0 0
125 144 46 64844.3 0 0
131 144 45 64848.6 0 0
126 145 45 64852.8 0 0
127 142 45 64857 0 0
127 146 45 64861.2 0 0
126 143 45 64865.4 0 0
126 144 45 64869.6 0 0
125 142 45 64873.8 0 0
124 142 45 64878.1 0 0
125 145 45 64882.3 0 0
129 141 45 64886.5 0 0
129 144 45 64890.7 0 0
126 141 45 64894.9 0 0
128 144 45 64899.1 0 0
126 146 45 64903.3 0 0
128 147 45 64911 0 0
129 144 45 64915.3 0 0
128 143 45 64919.5 0 0
128 145 45 64923.7 0 0
128 147 45 64927.9 0 0
124 145 45 64932.1 0 0
127 146 45 64936.3 0 0
128 149 45 64940.6 0 0
124 147 45 64944.8 0 0
127 148 45 64949 0 0
126 148 45 64953.2 0 0
127 150 45 64957.4 0 0
127 149 45 64961.7 0 0
128 151 45 64965.9 0 0
125 149 45 64970.2 0 0
127 147 45 64974.4 0 0
130 146 45 64978.9 0 0
129 147 45 64983.1 0 0
127 145 45 64987.3 0 0
127 150 45 64991.5 0 0
127 146 45 64995.8 0 0
127 144 45 65000 0 0
127 146 45 65004.6 0 0
124 148 45 65008.8 0 0
126 142 45 65013 0 0
125 148 45 65017.2 0 0
129 145 45 65021.5 0 0
127 148 45 65025.7 0 0
126 149 45 65029.9 0 0
124 146 45 65034.1 0 0
127 149 45 65038.3 0 0
125 146 45 65042.6 0 0
128 149 45 65046.8 0 0
126 146 45 65051 0 0
128 145 45 65055.2 0 0
128 149 45 65059.4 0 0
127 147 45 65063.7 0 0
129 146 45 65067.9 0 0
130 147 45 65072.1 0 0
126 146 45 65076.3 0 0
127 146 45 65080.5 0 0
130 142 45 65084.7 0 0
126 143 45 65088.9 0 0
125 145 45 65093.1 0 0
124 146 45 65097.4 0 0
127 144 45 65101.6 0 0
128 144 45 65105.8 0 0
125 144 45 65110 0 0
128 145 45 65114.2 0 0
127 147 45 65118.4 0 0
131 147 45 65122.6 0 0
127 148 46 65126.9 0 0
134 146 46 65131.1 0 0
143 148 46 65135.3 0 0
150 145 45 65139.5 0 0
159 149 45 65143.8 0 0
165 150 45 65148 0 0
175 160 45 65152.2 0 0
181 160 44 65156.4 0 0
186 151 44 65160.7 0 0
195 153 44 65164.9 0 0
202 161 44 65169.1 0 0
207 167 44 65173.3 0 0
213 165 43 65177.5 0 0
220 176 43 65181.7 0 0
225 181 43 65185.9 0 0
225 181 43 65190.1 0 0
221 169 44 65195.6 0 0
219 166 43 65199.8 0 0
223 170 43 65204 0 0
223 169 44 65208.2 0 0
221 172 43 65212.4 0 0
220 169 43 65216.6 0 0
222 176 43 65220.8 0 0
222 164 43 65225.1 0 0
226 174 43 65229.3 0 0
225 177 43 65233.5 0 0
229 181 43 65237.7 0 0
225 170 43 65241.9 0 0
225 174 43 65246.1 0 0
224 181 43 65250.4 0 0
223 176 43 65254.6 0 0
222 164 43 65258.8 0 0
228 181 43 65263 0 0
224 170 44 65267.2 0 0
224 169 43 65271.4 0 0
222 173 43 65275.7 0 0
221 167 43 65279.9 0 0
223 176 44 65284.1 0 0
221 174 43 65288.3 0 0
225 172 43 65292.5 0 0
229 180 43 65296.7 0 0
225 179 44 65301 0 0
225 172 44 65305.2 0 0
226 175 43 65309.4 0 0
222 165 43 65313.7 0 0
224 170 43 65317.9 0 0
223 171 43 65322.1 0 0
223 174 43 65326.3 0 0
225 172 43 65330.5 0 0
221 172 44 65334.7 0 0
225 167 44 65338.9 0 0
227 169 44 65343.1 0 0
225 177 43 65347.4 0 0
222 176 43 65351.6 0 0
224 174 44 65355.8 0 0
223 180 44 65360 0 0
225 183 43 65364.2 0 0
220 171 44 65368.4 0 0
222 165 43 65372.7 0 0
222 172 44 65376.9 0 0
224 169 44 65381.1 0 0
221 174 44 65385.3 0 0
224 169 43 65389.5 0 0
222 165 43 65393.8 0 0
222 165 43 65398 0 0
222 165 44 65402.2 0 0
224 171 44 65406.4 0 0
231 187 44 65410.6 0 0
233 178 44 65414.8 0 0
234 172 43 65419.1 0 0
233 171 43 65423.3 0 0
231 173 44 65427.5 0 0
231 171 43 65431.7 0 0
234 171 43 65435.9 0 0
232 173 43 65440.2 0 0
231 170 43 65444.4 0 0
234 179 44 65448.6 0 0
232 176 43 65452.8 0 0
235 179 43 65457.2 0 0
234 173 43 65461.4 0 0
236 184 43 65465.6 0 0
233 172 43 65469.8 0 0
234 171 44 65474.1 0 0
236 180 43 65478.6 0 0
232 175 43 65482.8 0 0
234 176 44 65487 0 0
234 178 43 65491.2 0 0
234 176 44 65495.4 0 0
232 173 43 65499.7 0 0
230 172 43 65504 0 0
232 178 43 65508.2 0 0
235 177 43 65512.4 0 0
228 179 44 65516.7 0 0
234 180 43 65520.8 0 0
235 168 43 65525.1 0 0
231 181 44 65529.3 0 0
232 170 43 65533.5 0 0
235 174 43 65537.7 0 0
234 183 43 65541.9 0 0
231 172 43 65546.2 0 0
236 183 43 65550.4 0 0
236 178 43 65554.6 0 0
232 176 43 65558.8 0 0
235 171 43 65563 0 0
234 173 44 65567.2 0 0
232 171 43 65571.4 0 0
232 169 43 65575.6 0 0
237 176 43 65579.9 0 0
231 171 43 65584.1 0 0
235 175 43 65588.3 0 0
231 175 43 65592.5 0 0
232 175 43 65596.7 0 0
231 171 44 65601 0 0
234 180 43 65605.2 0 0
235 174 43 65609.4 0 0
235 176 43 65613.6 0 0
234 175 43 65617.8 0 0
235 188 43 65622 0 0
236 182 43 65626.3 0 0
238 177 43 65630.5 0 0
232 174 43 65634.7 0 0
234 171 43 65638.9 0 0
235 177 43 65643.1 0 0
233 171 43 65647.3 0 0
229 173 43 65651.6 0 0
233 180 43 65655.8 0 0
236 173 43 65660 0 0
235 178 43 65664.2 0 0
237 178 43 65668.4 0 0
234 170 44 65672.6 0 0
233 183 44 65676.8 0 0
234 176 43 65681.1 0 0
233 176 43 65685.3 0 0
231 177 43 65689.5 0 0
237 183 43 65693.8 0 0
235 177 43 65698 0 0
233 182 43 65702.2 0 0
237 182 43 65706.4 0 0
233 183 43 65710.6 0 0
235 177 43 65714.8 0 0
235 175 43 65719.1 0 0
231 175 43 65723.3 0 0
233 178 43 65727.5 0 0
234 172 43 65731.7 0 0
236 177 43 65735.9 0 0
230 173 43 65740.1 0 0
234 172 43 65744.3 0 0
236 178 43 65748.6 0 0
232 172 43 65752.8 0 0
235 174 43 65757 0 0
232 170 43 65761.2 0 0
234 176 43 65765.4 0 0
232 172 43 65769.6 0 0
236 184 43 65773.8 0 0
233 176 43 65778 0 0
234 174 43 65782.3 0 0
232 174 44 65786.5 0 0
236 174 43 65790.7 0 0
232 175 44 65794.9 0 0
235 177 43 65799.1 0 0
234 174 43 65803.3 0 0
235 181 43 65807.6 0 0
232 172 43 65811.8 0 0
234 174 44 65816 0 0
236 174 44 65820.2 0 0
234 175 43 65824.4 0 0
234 184 43 65828.6 0 0
232 176 43 65832.9 0 0
234 178 43 65837.1 0 0
235 181 43 65841.3 0 0
233 175 44 65845.5 0 0
235 186 43 65849.7 0 0
232 177 44 65853.9 0 0
237 180 43 65858.2 0 0
231 175 43 65862.4 0 0
234 174 44 65866.6 0 0
234 177 43 65870.8 0 0
234 175 44 65875 0 0
233 174 43 65879.2 0 0
232 174 44 65883.4 0 0
232 175 43 65887.7 0 0
231 175 44 65891.9 0 0
231 170 44 65896.1 0 0
232 177 43 65900.3 0 0
233 178 43 65904.5 0 0
233 177 44 65908.8 0 0
237 180 43 65913 0 0
233 183 43 65917.2 0 0
233 177 43 65921.4 0 0
238 184 44 65925.6 0 0
232 180 44 65929.8 0 0
233 176 43 65934.1 0 0
236 181 43 65938.3 0 0
230 170 44 65942.5 0 0
233 176 44 65946.8 0 0
231 184 43 65951 0 0
234 177 43 65955.2 0 0
235 186 44 65959.4 0 0
231 175 44 65963.6 0 0
234 175 43 65967.8 0 0
234 181 44 65972 0 0
234 175 44 65976.2 0 0
234 183 44 65980.4 0 0
234 185 44 65984.7 0 0
237 184 44 65988.9 0 0
233 172 44 65993.1 0 0
231 175 43 65997.3 0 0
236 188 43 66001.5 0 0
236 186 44 66005.8 0 0
233 186 44 66010 0 0
233 176 43 66014.2 0 0
234 182 43 66018.4 0 0
230 177 43 66022.6 0 0
234 174 43 66026.8 0 0
235 182 44 66031.1 0 0
231 177 44 66035.6 0 0
236 174 43 66039.8 0 0
233 181 44 66044 0 0
231 180 44 66048.2 0 0
236 182 43 66052.4 0 0
234 174 44 66056.6 0 0
235 178 44 66060.9 0 0
231 181 44 66065.1 0 0
233 175 44 66069.3 0 0
233 177 44 66073.5 0 0
234 182 44 66077.8 0 0
233 181 44 66081.9 0 0
237 179 44 66086.4 0 0
229 183 44 66090.6 0 0
235 182 43 66094.8 0 0
234 181 44 66099.1 0 0
231 177 44 66103.3 0 0
234 178 44 66107.5 0 0
234 179 44 66111.7 0 0
232 180 44 66115.9 0 0
237 179 44 66120.1 0 0
230 175 44 66124.3 0 0
233 178 43 66128.6 0 0
235 178 44 66132.8 0 0
234 178 44 66137.1 0 0
234 181 44 66141.2 0 0
233 179 44 66145.5 0 0
234 179 44 66149.7 0 0
235 183 44 66153.9 0 0
232 178 44 66158.1 0 0
227 163 44 66162.3 0 0
217 163 44 66166.9 0 0
208 147 44 66171.1 0 0
198 137 44 66175.3 0 0
194 135 45 66179.5 0 0
181 129 46 66183.8 0 0
173 117 46 66188 0 0
159 116 46 66192.2 0 0
155 110 46 66196.4 0 0
145 103 47 66200.6 0 0
138 103 46 66204.8 0 0
132 97 47 66209 0 0
126 93 47 66213.2 0 0
118 89 47 66217.5 0 0
112 90 48 66221.7 0 0
104 88 48 66225.9 0 0
102 79 47 66230.3 0 0
95 75 47 66234.5 0 0
89 73 47 66238.7 0 0
85 72 47 66242.9 0 0
76 69 48 66247.1 0 0
68 66 47 66251.4 0 0
67 66 47 66255.6 0 0
55 59 47 66259.8 0 0
54 57 47 66264.1 0 0
54 57 47 66268.2 0 0
54 57 47 66273.7 0 0
57 57 47 66277.9 0 0
56 57 47 66282.1 0 0
54 56 47 66286.4 0 0
53 54 47 66290.9 0 0
55 53 47 66295.1 0 0
51 54 47 66299.3 0 0
52 54 47 66303.5 0 0
51 54 47 66307.7 0 0
50 55 47 66311.9 0 0
56 54 47 66316.2 0 0
52 59 47 66320.4 0 0
52 56 47 66324.6 0 0
53 60 47 66328.8 0 0
54 58 47 66333 0 0
52 60 47 66337.2 0 0
53 60 47 66341.4 0 0
54 59 47 66345.7 0 0
53 59 47 66349.9 0 0
56 57 47 66354.1 0 0
52 58 47 66358.3 0 0
52 62 47 66362.6 0 0
55 63 47 66366.8 0 0
54 60 47 66371 0 0
53 59 47 66375.2 0 0
55 55 47 66379.4 0 0
56 61 47 66383.7 0 0
53 60 47 66387.9 0 0
53 56 47 66392.1 0 0
52 59 47 66396.3 0 0
52 59 47 66400.5 0 0
56 58 47 66404.7 0 0
50 55 47 66408.9 0 0
52 54 47 66413.1 0 0
45 53 47 66417.4 0 0
35 52 46 66421.6 0 0
32 47 46 66425.9 0 0
26 47 46 66430.1 0 0
27 45 46 66434.3 0 0
24 49 46 66438.6 0 0
29 50 46 66442.8 0 0
29 50 47 66447.2 0 0
29 50 47 66451.4 0 0
28 49 46 66455.6 0 0
30 44 46 66459.8 0 0
26 49 47 66464 0 0
30 48 47 66468.2 0 0
26 49 47 66472.5 0 0
28 49 47 66476.7 0 0
27 50 47 66480.9 0 0
29 50 46 66485.1 0 0
26 47 46 66489.3 0 0
27 49 47 66493.5 0 0
28 49 46 66497.8 0 0
25 50 47 66502 0 0
30 48 47 66506.2 0 0
27 48 47 66510.4 0 0
25 50 46 66514.6 0 0
30 49 46 66518.8 0 0
26 49 46 66523 0 0
28 48 46 66527.3 0 0
29 46 47 66531.5 0 0
28 51 47 66535.7 0 0
27 50 46 66539.9 0 0
26 48 46 66544.2 0 0
24 49 47 66548.4 0 0
27 52 47 66552.6 0 0
26 49 46 66556.8 0 0
26 50 46 66561.1 0 0
28 52 47 66565.3 0 0
39 54 47 66569.5 0 0
46 50 48 66573.7 0 0
62 50 48 66577.9 0 0
73 42 48 66582.1 0 0
87 42 49 66586.4 0 0
105 41 48 66590.6 0 0
117 38 48 66594.8 0 0
123 38 48 66599 0 0
137 37 48 66603.5 0 0
144 39 47 66607.7 0 0
151 38 47 66611.9 0 0
156 36 47 66616.1 0 0
165 37 46 66620.3 0 0
169 38 47 66624.5 0 0
170 36 46 66628.8 0 0
169 36 46 66632.9 0 0
166 37 46 66637.2 0 0
165 38 47 66641.4 0 0
163 41 47 66645.6 0 0
169 39 47 66649.8 0 0
164 40 46 66654 0 0
165 41 47 66658.3 0 0
167 38 47 66662.5 0 0
164 40 47 66666.8 0 0
168 40 46 66671 0 0
166 40 47 66675.2 0 0
165 41 46 66679.4 0 0
164 42 47 66683.6 0 0
164 40 47 66687.9 0 0
165 41 47 66692.2 0 0
165 40 47 66696.4 0 0
164 42 47 66700.6 0 0
168 41 47 66704.8 0 0
166 41 47 66709 0 0
165 41 47 66713.2 0 0
165 42 47 66717.5 0 0
164 43 47 66721.7 0 0
166 42 47 66725.9 0 0
166 41 47 66730.1 0 0
166 41 47 66734.3 0 0
167 40 47 66738.5 0 0
167 39 47 66742.7 0 0
168 42 47 66747 0 0
172 41 47 66751.2 0 0
168 43 47 66755.4 0 0
164 40 47 66759.6 0 0
168 44 47 66763.9 0 0
165 39 47 66768.1 0 0
168 39 47 66772.4 0 0
165 42 47 66776.7 0 0
167 43 47 66780.9 0 0
169 41 47 66785.7 0 0
164 44 47 66789.9 0 0
168 39 47 66794.1 0 0
164 39 47 66798.3 0 0
168 39 47 66802.5 0 0
170 39 47 66806.7 0 0
171 41 47 66810.9 0 0
168 38 47 66815.2 0 0
168 43 47 66819.4 0 0
170 38 47 66823.6 0 0
169 40 47 66827.8 0 0
170 42 47 66832.6 0 0
167 39 47 66836.8 0 0
172 38 47 66841 0 0
168 40 47 66845.3 0 0
119 70 50 67673 0 0
119 72 49 67677.2 0 0
121 67 50 67681.4 0 0
121 74 49 67685.6 0 0
117 74 49 67689.9 0 0
118 72 50 67694.1 0 0
118 76 49 67698.3 0 0
118 70 50 67702.5 0 0
117 71 49 67706.7 0 0
117 68 49 67710.9 0 0
120 75 50 67715.1 0 0
118 76 50 67719.4 0 0
118 70 49 67723.6 0 0
117 76 49 67727.8 0 0
118 70 50 67732 0 0
120 69 50 67736.2 0 0
118 71 49 67740.4 0 0
118 70 49 67744.7 0 0
116 70 50 67748.9 0 0
117 70 50 67753.1 0 0
120 71 50 67757.3 0 0
118 71 50 67761.6 0 0
117 71 49 67765.8 0 0
119 73 50 67770 0 0
116 66 50 67774.2 0 0
117 70 50 67778.4 0 0
118 71 49 67782.7 0 0
117 70 49 67787 0 0
119 71 50 67791.2 0 0
116 70 50 67795.4 0 0
117 69 50 67799.6 0 0
117 71 49 67803.8 0 0
119 70 49 67808 0 0
119 69 49 67812.2 0 0
116 70 50 67816.5 0 0
121 69 49 67820.7 0 0
118 69 49 67824.9 0 0
119 72 50 67829.1 0 0
116 72 50 67833.3 0 0
118 78 49 67837.6 0 0
117 70 50 67841.8 0 0
118 75 49 67846 0 0
116 69 49 67850.2 0 0
118 72 49 67854.4 0 0
117 71 49 67858.7 0 0
119 74 50 67865.4 0 0
118 72 49 67869.7 0 0
119 69 49 67873.9 0 0
118 70 50 67878.2 0 0
117 70 50 67882.4 0 0
116 75 49 67886.6 0 0
116 71 49 67890.8 0 0
118 70 49 67895 0 0
119 70 49 67899.2 0 0
118 70 49 67903.5 0 0
119 74 49 67907.7 0 0
119 68 49 67911.9 0 0
119 69 49 67916.2 0 0
117 73 49 67920.4 0 0
118 73 49 67924.6 0 0
117 71 49 67928.8 0 0
119 69 50 67933 0 0
119 69 49 67937.2 0 0
118 73 49 67941.4 0 0
120 70 50 67945.7 0 0
116 73 49 67949.9 0 0
117 72 49 67954.1 0 0
119 77 49 67958.3 0 0
118 70 49 67962.5 0 0
116 72 49 67966.7 0 0
119 71 49 67973.8 0 0
119 75 49 67978.1 0 0
117 73 49 67982.3 0 0
117 73 49 67986.5 0 0
119 73 49 67990.7 0 0
118 73 49 67994.9 0 0
118 71 49 67999.2 0 0
117 72 49 68003.4 0 0
116 70 49 68007.6 0 0
121 74 49 68011.8 0 0
118 73 49 68016 0 0
119 71 49 68020.2 0 0
119 72 49 68024.4 0 0
117 73 49 68028.7 0 0
116 70 50 68032.9 0 0
118 70 49 68037.2 0 0
116 71 49 68041.4 0 0
119 72 49 68045.6 0 0
119 72 49 68049.8 0 0
119 72 49 68054 0 0
120 72 49 68058.2 0 0
118 76 49 68062.4 0 0
118 70 49 68066.7 0 0
119 71 49 68070.9 0 0
118 71 50 68077.7 0 0
116 74 49 68082 0 0
118 72 50 68086.4 0 0
119 72 49 68090.6 0 0
117 71 49 68094.9 0 0
118 72 49 68099.1 0 0
119 71 49 68103.4 0 0
116 72 49 68107.6 0 0
118 77 50 68111.8 0 0
119 71 50 68116 0 0
117 74 50 68120.2 0 0
117 73 49 68124.4 0 0
117 75 49 68128.7 0 0
118 71 49 68132.9 0 0
119 73 50 68137.1 0 0
118 73 50 68141.3 0 0
117 76 49 68145.5 0 0
118 73 49 68149.7 0 0
119 74 49 68153.9 0 0
116 71 49 68158.2 0 0
116 73 49 68162.4 0 0
118 73 49 68166.6 0 0
117 72 49 68170.8 0 0
118 71 49 68177.6 0 0
118 70 49 68181.9 0 0
120 73 49 68186.1 0 0
117 69 49 68190.3 0 0
119 71 50 68194.5 0 0
118 71 50 68198.8 0 0
119 76 49 68203 0 0
117 71 49 68207.3 0 0
119 72 49 68211.5 0 0
118 70 49 68215.7 0 0
119 70 49 68220 0 0
117 73 49 68224.2 0 0
117 75 49 68228.4 0 0
120 77 49 68232.6 0 0
117 70 49 68236.8 0 0
119 74 49 68241 0 0
118 74 49 68245.3 0 0
118 73 49 68249.5 0 0
117 75 49 68253.7 0 0
117 70 49 68257.9 0 0
119 69 49 68262.1 0 0
116 72 49 68266.3 0 0
119 78 49 68273.3 0 0
119 78 49 68281.8 0 0
119 71 49 68289.4 0 0
117 69 49 68293.6 0 0
118 70 49 68298.5 0 0
118 71 49 68302.7 0 0
119 70 49 68306.9 0 0
117 69 49 68311.1 0 0
114 76 49 68315.4 0 0
118 70 49 68319.6 0 0
117 70 49 68323.9 0 0
118 70 49 68328.1 0 0
117 69 49 68332.3 0 0
118 69 49 68336.5 0 0
116 71 49 68340.7 0 0
119 72 49 68345 0 0
116 73 49 68349.2 0 0
117 73 49 68353.4 0 0
118 71 49 68357.6 0 0
117 74 49 68361.8 0 0
115 74 49 68366 0 0
119 69 49 68370.2 0 0
116 75 49 68374.5 0 0
117 71 49 68378.7 0 0
119 71 49 68382.9 0 0
117 74 49 68387.1 0 0
116 73 49 68391.3 0 0
115 75 49 68398.2 0 0
117 71 49 68402.4 0 0
117 69 49 68406.7 0 0
117 74 49 68410.9 0 0
116 78 49 68415.2 0 0
118 70 49 68419.4 0 0
117 74 49 68423.6 0 0
114 72 49 68427.8 0 0
118 71 49 68432.1 0 0
118 75 49 68436.3 0 0
116 71 49 68440.5 0 0
116 73 49 68444.7 0 0
119 74 49 68448.9 0 0
118 74 49 68453.1 0 0
119 74 49 68457.4 0 0
119 73 49 68461.7 0 0
120 73 49 68465.9 0 0
119 75 49 68470.1 0 0
116 74 49 68474.4 0 0
119 74 49 68478.6 0 0
116 73 49 68482.8 0 0
116 74 49 68487 0 0
117 75 49 68491.2 0 0
117 74 49 68498.3 0 0
120 74 49 68502.6 0 0
117 76 49 68506.8 0 0
114 78 49 68511 0 0
107 83 49 68515.2 0 0
101 97 50 68519.4 0 0
94 102 48 68523.6 0 0
88 110 49 68527.9 0 0
80 125 48 68532.1 0 0
78 134 48 68537.6 0 0
73 158 48 68541.8 0 0
75 173 48 68548.2 0 0
77 182 47 68552.5 0 0
78 178 48 68556.7 0 0
76 179 48 68560.9 0 0
77 178 48 68565.1 0 0
76 171 48 68569.4 0 0
75 175 48 68573.6 0 0
76 166 48 68577.8 0 0
76 177 47 68582 0 0
78 187 47 68586.5 0 0
75 180 48 68590.7 0 0
77 183 48 68595 0 0
77 189 47 68599.2 0 0
75 186 47 68603.4 0 0
79 181 47 68607.6 0 0
76 179 47 68611.8 0 0
79 179 48 68616 0 0
79 190 47 68620.2 0 0
77 170 48 68624.5 0 0
76 182 47 68628.7 0 0
75 179 48 68632.9 0 0
74 181 47 68637.1 0 0
76 181 47 68643.9 0 0
79 186 47 68648.1 0 0
76 182 48 68652.4 0 0
77 180 48 68656.6 0 0
78 180 48 68660.9 0 0
77 185 47 68665.1 0 0
79 182 48 68669.3 0 0
77 179 48 68673.5 0 0
76 181 47 68677.7 0 0
78 185 47 68681.9 0 0
78 182 47 68686.2 0 0
76 180 48 68690.4 0 0
78 181 47 68694.6 0 0
79 181 48 68698.8 0 0
80 181 48 68703 0 0
78 181 48 68707.2 0 0
76 178 48 68711.4 0 0
76 183 48 68715.7 0 0
77 180 48 68719.9 0 0
76 182 48 68724.1 0 0
77 186 47 68728.4 0 0
76 177 48 68732.6 0 0
77 182 48 68736.8 0 0
77 185 48 68741 0 0
79 178 48 68745.3 0 0
81 176 48 68749.5 0 0
77 181 48 68756.5 0 0
82 181 48 68760.7 0 0
78 180 48 68764.9 0 0
76 186 47 68769.3 0 0
79 180 48 68773.5 0 0
80 188 47 68777.7 0 0
78 176 48 68781.9 0 0
76 179 48 68786.2 0 0
76 183 47 68790.4 0 0
75 181 48 68794.7 0 0
75 178 48 68798.9 0 0
78 178 48 68803.1 0 0
78 184 47 68807.3 0 0
76 178 48 68811.5 0 0
78 181 48 68815.8 0 0
76 178 48 68820 0 0
78 180 48 68824.2 0 0
79 176 48 68828.4 0 0
74 179 48 68832.6 0 0
78 182 48 68839.7 0 0
78 186 47 68843.9 0 0
78 183 48 68848.2 0 0
76 178 48 68852.4 0 0
77 178 48 68856.6 0 0
78 187 48 68860.8 0 0
77 177 48 68865.1 0 0
79 180 48 68869.3 0 0
79 179 48 68873.5 0 0
79 176 48 68877.8 0 0
78 174 48 68882 0 0
78 173 48 68886.2 0 0
79 178 48 68890.4 0 0
77 177 48 68894.7 0 0
79 179 48 68898.9 0 0
80 172 48 68910.9 0 0
77 176 48 68915.2 0 0
78 183 48 68919.4 0 0
77 184 47 68923.6 0 0
77 181 48 68927.8 0 0
76 182 48 68932.1 0 0
78 181 48 68936.3 0 0
79 187 48 68940.5 0 0
79 178 48 68944.7 0 0
78 185 47 68948.9 0 0
79 180 48 68953.1 0 0
79 179 48 68957.4 0 0
78 182 48 68961.6 0 0
78 182 48 68965.8 0 0
78 182 48 68970 0 0
78 183 48 68977.3 0 0
78 187 48 68981.5 0 0
76 176 48 68985.7 0 0
78 181 47 68989.9 0 0
78 179 48 68994.1 0 0
77 178 48 68998.4 0 0
77 183 48 69002.6 0 0
77 179 48 69006.8 0 0
79 178 48 69011 0 0
76 184 48 69015.2 0 0
74 189 48 69019.4 0 0
74 181 48 69023.6 0 0
71 180 48 69027.9 0 0
74 180 48 69032.1 0 0
77 176 48 69036.3 0 0
76 178 48 69040.5 0 0
74 181 48 69044.8 0 0
75 174 48 69049 0 0
76 179 48 69053.2 0 0
71 182 48 69057.4 0 0
73 184 48 69061.6 0 0
75 186 48 69065.9 0 0
74 186 48 69070.1 0 0
77 177 48 69074.3 0 0
71 172 48 69078.5 0 0
78 187 48 69082.7 0 0
73 183 48 69086.9 0 0
74 185 48 69091.1 0 0
73 184 48 69095.4 0 0
74 188 48 69099.6 0 0
75 188 48 69103.9 0 0
75 188 48 69108.2 0 0
75 192 47 69112.4 0 0
76 187 48 69116.6 0 0
73 185 48 69120.9 0 0
75 190 48 69125.1 0 0
74 185 48 69129.3 0 0
73 187 47 69133.5 0 0
77 191 47 69137.7 0 0
70 183 48 69142 0 0
77 185 48 69146.2 0 0
73 181 48 69150.4 0 0
74 181 48 69154.6 0 0
75 183 48 69158.8 0 0
73 182 48 69163 0 0
75 186 47 69167.2 0 0
74 177 48 69171.4 0 0
77 181 48 69175.7 0 0
73 188 48 69179.9 0 0
74 175 48 69184.1 0 0
74 188 48 69188.3 0 0
75 186 48 69192.6 0 0
75 187 48 69196.8 0 0
74 184 48 69201 0 0
73 182 48 69205.2 0 0
73 181 48 69209.4 0 0
73 175 48 69213.6 0 0
74 188 47 69217.8 0 0
75 190 47 69222.1 0 0
74 186 48 69226.3 0 0
76 184 48 69230.5 0 0
76 189 48 69234.7 0 0
74 185 48 69238.9 0 0
74 191 48 69243.1 0 0
76 189 48 69247.3 0 0
74 185 48 69251.6 0 0
75 189 48 69255.8 0 0
76 185 48 69260.1 0 0
73 185 48 69264.3 0 0
75 186 48 69268.5 0 0
73 187 48 69272.7 0 0
75 184 47 69276.9 0 0
74 179 48 69281.1 0 0
72 177 48 69285.4 0 0
74 188 48 69289.6 0 0
72 184 48 69293.8 0 0
76 186 48 69298 0 0
75 182 47 69302.3 0 0
73 177 48 69306.5 0 0
75 181 47 69310.7 0 0
75 178 48 69314.9 0 0
75 182 48 69319.1 0 0
73 182 48 69323.4 0 0
74 182 48 69327.6 0 0
78 184 48 69331.8 0 0
74 181 48 69336 0 0
75 173 48 69340.2 0 0
71 179 48 69344.4 0 0
75 183 48 69348.7 0 0
75 188 48 69352.9 0 0
75 185 48 69357.1 0 0
75 190 47 69361.3 0 0
74 186 48 69365.5 0 0
72 184 48 69369.8 0 0
77 184 48 69374 0 0
75 191 48 69378.2 0 0
75 187 48 69382.4 0 0
75 181 48 69386.6 0 0
74 179 48 69390.8 0 0
77 184 47 69395.1 0 0
75 175 48 69399.3 0 0
76 180 48 69403.5 0 0
75 187 48 69407.7 0 0
76 184 47 69412 0 0
74 188 48 69416.4 0 0
73 181 48 69420.6 0 0
74 179 48 69424.8 0 0
75 185 48 69429 0 0
74 184 48 69433.2 0 0
76 185 48 69437.4 0 0
77 182 48 69441.7 0 0
73 181 48 69445.9 0 0
73 180 48 69450.1 0 0
74 184 48 69454.3 0 0
75 187 48 69458.5 0 0
74 181 48 69462.7 0 0
75 187 48 69466.9 0 0
77 193 47 69471.2 0 0
76 185 48 69475.4 0 0
76 191 48 69479.6 0 0
76 185 48 69483.8 0 0
75 182 48 69488 0 0
76 184 48 69492.2 0 0
74 184 48 69496.4 0 0
73 182 48 69500.7 0 0
75 177 48 69504.9 0 0
74 177 48 69509.1 0 0
74 176 48 69513.4 0 0
76 177 48 69517.6 0 0
73 177 48 69521.8 0 0
72 178 48 69526 0 0
75 179 48 69530.2 0 0
75 180 48 69534.4 0 0
75 180 48 69538.6 0 0
73 181 48 69542.8 0 0
76 178 48 69547 0 0
73 177 48 69551.2 0 0
77 188 49 69555.5 0 0
75 173 48 69559.7 0 0
76 157 48 69563.9 0 0
77 141 48 69568.1 0 0
74 135 48 69572.4 0 0
75 127 48 69576.6 0 0
76 112 48 69580.8 0 0
78 108 49 69585 0 0
79 100 49 69589.2 0 0
77 95 49 69593.4 0 0
78 90 49 69597.9 0 0
77 86 49 69602.1 0 0
78 81 48 69606.3 0 0
78 83 49 69610.6 0 0
76 77 49 69614.8 0 0
76 70 49 69619 0 0
78 72 49 69623.2 0 0
75 77 49 69627.4 0 0
79 73 49 69631.7 0 0
75 73 49 69635.9 0 0
76 74 49 69640.1 0 0
75 79 49 69644.3 0 0
75 74 49 69648.5 0 0
77 73 49 69652.7 0 0
76 79 49 69657 0 0
76 75 49 69661.2 0 0
75 74 49 69665.4 0 0
75 75 49 69669.7 0 0
74 77 49 69673.9 0 0
75 74 49 69678.1 0 0
76 74 49 69682.3 0 0
75 75 49 69686.5 0 0
76 82 49 69690.7 0 0
73 74 49 69694.9 0 0
76 76 49 69699.2 0 0
75 77 49 69703.4 0 0
76 75 49 69707.6 0 0
79 76 49 69711.8 0 0
74 78 50 69716.1 0 0
77 72 49 69720.4 0 0
75 78 49 69724.7 0 0
77 78 49 69729 0 0
78 77 49 69733.2 0 0
75 72 49 69737.4 0 0
74 75 49 69741.6 0 0
76 75 49 69745.9 0 0
74 78 49 69750.1 0 0
74 77 49 69754.3 0 0
74 76 49 69758.5 0 0
77 76 49 69762.7 0 0
77 73 49 69766.9 0 0
77 76 49 69771.1 0 0
76 75 49 69775.4 0 0
77 74 49 69779.6 0 0
78 73 49 69783.8 0 0
75 75 49 69788 0 0
78 77 49 69792.2 0 0
77 77 49 69796.5 0 0
78 78 49 69800.7 0 0
77 75 50 69804.9 0 0
76 75 49 69809.1 0 0
79 73 49 69813.4 0 0
77 75 49 69817.6 0 0
78 74 49 69821.8 0 0
76 74 49 69826 0 0
78 78 49 69830.2 0 0
79 77 49 69834.5 0 0
78 74 50 69838.7 0 0
78 82 49 69842.9 0 0
77 85 49 69847.3 0 0
77 77 49 69851.5 0 0
79 77 49 69855.7 0 0
76 81 50 69859.9 0 0
80 80 50 69864.1 0 0
82 87 49 69868.3 0 0
88 87 50 69872.6 0 0
94 92 50 69876.8 0 0
104 101 49 69881 0 0
112 107 49 69885.2 0 0
116 118 49 69889.4 0 0
126 127 49 69893.6 0 0
132 141 49 69897.8 0 0
140 164 48 69902.1 0 0
148 188 48 69906.3 0 0
157 203 48 69910.5 0 0
164 230 49 69914.7 0 0
165 236 48 69918.9 0 0
168 237 48 70110.9 0 0
168 240 49 70155.7 0 0
170 240 49 70223.1 0 0
184 221 49 70351.3 0 0
188 191 49 70355.5 0 0
195 156 48 70359.7 0 0
201 141 48 70363.9 0 0
201 112 47 70368.1 0 0
205 109 47 70372.3 0 0
207 94 47 70376.6 0 0
208 88 46 70380.8 0 0
215 79 46 70385 0 0
214 74 46 70389.2 0 0
214 67 46 70393.4 0 0
216 62 46 70397.6 0 0
217 51 46 70401.8 0 0
215 58 46 70406 0 0
218 63 46 70410.3 0 0
215 69 47 70414.6 0 0
215 74 46 70418.8 0 0
219 73 47 70425.9 0 0
219 83 46 70430.3 0 0
221 87 46 70434.5 0 0
219 92 46 70438.8 0 0
219 85 47 70443 0 0
220 86 47 70447.2 0 0
219 84 47 70451.4 0 0
216 81 46 70455.6 0 0
221 87 46 70459.8 0 0
221 85 46 70464.1 0 0
217 85 46 70468.3 0 0
220 80 46 70472.5 0 0
215 66 47 70476.7 0 0
217 67 47 70481.1 0 0
213 66 46 70485.3 0 0
217 68 46 70489.5 0 0
215 65 46 70493.7 0 0
216 67 47 70498 0 0
217 69 46 70505 0 0
213 66 47 70509.2 0 0
217 67 47 70513.4 0 0
217 64 47 70517.7 0 0
215 67 46 70521.9 0 0
213 69 47 70526.1 0 0
215 69 46 70530.3 0 0
213 64 46 70534.5 0 0
215 66 46 70538.7 0 0
211 65 46 70542.9 0 0
218 65 46 70547.1 0 0
215 67 46 70551.3 0 0
216 64 46 70555.6 0 0
216 68 47 70559.8 0 0
218 68 46 70564 0 0
216 68 47 70568.2 0 0
215 68 47 70572.5 0 0
214 67 47 70576.7 0 0
215 66 46 70580.9 0 0
215 67 46 70585.1 0 0
219 76 47 70589.3 0 0
215 74 46 70593.5 0 0
214 66 46 70597.9 0 0
217 67 46 70608.9 0 0
216 68 46 70617.4 0 0
216 68 46 70625.7 0 0
218 69 46 70633.1 0 0
208 64 47 70637.4 0 0
201 60 47 70642.2 0 0
195 47 48 70646.4 0 0
186 44 48 70650.6 0 0
175 37 49 70654.9 0 0
172 35 49 70659.1 0 0
166 33 48 70663.3 0 0
167 33 49 70667.5 0 0
171 35 49 70671.7 0 0
170 35 48 70675.9 0 0
167 34 49 70680.1 0 0
173 36 49 70684.4 0 0
168 32 49 70688.6 0 0
170 35 49 70692.8 0 0
170 30 49 70697 0 0
168 36 49 70701.2 0 0
170 32 49 70705.4 0 0
172 36 49 70709.6 0 0
168 33 49 70713.9 0 0
172 34 49 70718.1 0 0
169 33 48 70722.3 0 0
169 32 49 70726.5 0 0
172 36 49 70730.7 0 0
167 35 49 70735 0 0
170 36 50 70739.2 0 0
165 34 49 70743.4 0 0
168 34 49 70750.3 0 0
168 34 49 70754.6 0 0
168 34 49 70758.8 0 0
169 36 49 70763 0 0
169 36 49 70767.2 0 0
168 34 48 70771.6 0 0
169 36 49 70775.8 0 0
168 35 49 70780 0 0
169 34 49 70784.2 0 0
169 34 49 70788.4 0 0
167 34 49 70792.7 0 0
168 34 49 70796.9 0 0
168 36 49 70801.1 0 0
170 33 49 70805.3 0 0
167 35 48 70809.5 0 0
168 34 49 70813.8 0 0
169 36 49 70818 0 0
167 34 48 70822.2 0 0
168 35 49 70826.4 0 0
168 33 49 70830.6 0 0
167 35 49 70834.8 0 0
167 33 49 70839 0 0
167 34 49 70843.2 0 0
167 34 49 70847.4 0 0
169 34 49 70851.9 0 0
171 35 49 70856.1 0 0
168 35 48 70860.3 0 0
170 34 48 70864.5 0 0
168 34 49 70868.7 0 0
168 34 49 70872.9 0 0
167 35 49 70877.1 0 0
170 36 49 70881.4 0 0
167 35 49 70885.6 0 0
167 33 49 70889.8 0 0
167 34 49 70894 0 0
168 34 48 70901.6 0 0
170 34 48 70905.8 0 0
172 30 48 70910.5 0 0
175 27 48 70914.7 0 0
174 31 48 70918.9 0 0
173 31 48 70923.1 0 0
175 32 49 70927.3 0 0
174 31 49 70931.5 0 0
171 31 48 70935.7 0 0
175 31 49 70940 0 0
175 32 48 70944.2 0 0
174 32 48 70948.5 0 0
173 30 48 70952.7 0 0
175 28 49 70956.9 0 0
175 29 49 70961.1 0 0
173 29 49 70965.3 0 0
173 28 48 70969.5 0 0
172 29 49 70973.7 0 0
172 27 48 70978 0 0
174 28 48 70982.2 0 0
174 30 48 70986.4 0 0
175 29 49 70990.6 0 0
174 28 48 70994.8 0 0
173 27 49 70999.1 0 0
174 30 49 71003.3 0 0
173 28 49 71007.5 0 0
174 32 49 71011.7 0 0
172 31 48 71015.9 0 0
173 31 49 71020.1 0 0
172 30 48 71024.4 0 0
174 30 48 71028.6 0 0
174 29 48 71032.8 0 0
174 28 48 71037.1 0 0
172 31 48 71041.4 0 0
175 30 48 71045.6 0 0
172 31 48 71049.8 0 0
177 29 48 71054.1 0 0
175 29 48 71058.3 0 0
173 32 49 71062.5 0 0
176 32 48 71066.8 0 0
175 31 48 71071 0 0
173 31 49 71075.2 0 0
174 31 48 71079.4 0 0
174 30 49 71083.6 0 0
172 31 49 71087.9 0 0
173 31 48 71092.1 0 0
173 29 48 71096.3 0 0
174 29 48 71100.6 0 0
174 31 49 71104.8 0 0
172 31 48 71109 0 0
172 30 48 71113.2 0 0
173 30 48 71117.4 0 0
175 31 48 71121.6 0 0
172 29 48 71125.9 0 0
174 30 48 71130.1 0 0
173 31 48 71134.3 0 0
171 31 48 71138.5 0 0
173 31 49 71142.7 0 0
174 30 48 71146.9 0 0
174 32 48 71151.1 0 0
171 31 48 71155.4 0 0
175 31 48 71159.6 0 0
171 29 48 71163.8 0 0
172 32 48 71168.1 0 0
171 30 48 71172.3 0 0
171 30 48 71176.5 0 0
176 30 48 71180.7 0 0
171 32 49 71184.9 0 0
172 30 49 71189.2 0 0
172 31 48 71193.4 0 0
172 29 48 71197.6 0 0
173 31 48 71201.8 0 0
173 31 48 71206.1 0 0
173 29 48 71210.2 0 0
171 31 48 71214.5 0 0
172 31 48 71218.7 0 0
173 30 48 71222.9 0 0
173 31 49 71227.2 0 0
173 30 48 71231.4 0 0
174 30 48 71235.6 0 0
172 31 48 71239.8 0 0
174 30 48 71244 0 0
171 33 48 71248.2 0 0
175 30 48 71252.5 0 0
175 30 48 71256.7 0 0
173 31 48 71260.9 0 0
175 32 48 71265.1 0 0
171 32 48 71269.3 0 0
171 31 48 71273.5 0 0
173 33 48 71277.8 0 0
173 31 48 71282 0 0
174 30 48 71286.2 0 0
170 32 48 71290.5 0 0
171 33 48 71294.7 0 0
172 31 48 71298.9 0 0
174 32 48 71303.1 0 0
175 32 48 71307.3 0 0
173 30 48 71311.6 0 0
174 31 48 71315.8 0 0
171 31 48 71320 0 0
171 29 48 71324.2 0 0
171 32 48 71328.4 0 0
174 29 48 71332.6 0 0
171 30 48 71336.8 0 0
173 30 48 71341 0 0
174 29 48 71345.3 0 0
171 32 48 71349.5 0 0
174 28 48 71353.7 0 0
171 30 48 71357.9 0 0
169 31 48 71362.1 0 0
171 31 48 71366.3 0 0
172 31 48 71370.6 0 0
174 31 48 71374.8 0 0
171 31 49 71379.1 0 0
175 32 48 71383.3 0 0
173 30 48 71387.5 0 0
172 31 48 71391.7 0 0
172 31 48 71395.9 0 0
175 31 49 71400.1 0 0
172 30 48 71404.3 0 0
169 29 48 71408.6 0 0
176 29 48 71412.8 0 0
172 31 48 71417 0 0
173 33 48 71421.2 0 0
172 32 48 71425.4 0 0
172 32 48 71429.6 0 0
171 32 48 71433.8 0 0
171 31 48 71438 0 0
172 31 48 71442.3 0 0
173 31 48 71446.5 0 0
170 32 48 71450.7 0 0
171 30 48 71454.9 0 0
172 31 48 71459.1 0 0
172 33 48 71463.3 0 0
172 31 48 71467.6 0 0
172 31 48 71471.8 0 0
171 30 48 71476 0 0
172 30 48 71480.3 0 0
168 32 48 71484.5 0 0
175 32 48 71488.8 0 0
172 31 48 71493 0 0
171 30 48 71497.2 0 0
172 33 48 71501.5 0 0
173 32 48 71505.7 0 0
173 30 48 71509.9 0 0
174 31 48 71514.1 0 0
171 30 48 71518.4 0 0
173 30 48 71522.6 0 0
171 30 48 71526.8 0 0
172 30 48 71531 0 0
173 31 48 71535.4 0 0
175 32 48 71539.6 0 0
170 32 48 71543.8 0 0
171 30 49 71548 0 0
172 33 49 71552.2 0 0
173 30 48 71556.4 0 0
173 32 49 71560.6 0 0
170 32 48 71564.9 0 0
172 32 48 71569.1 0 0
173 32 48 71573.3 0 0
171 30 48 71577.5 0 0
172 31 48 71581.7 0 0
173 31 48 71585.9 0 0
171 31 48 71590.2 0 0
174 32 48 71594.4 0 0
172 32 48 71598.6 0 0
172 32 49 71602.9 0 0
174 32 48 71607.1 0 0
171 35 48 71611.3 0 0
172 31 48 71615.5 0 0
173 32 49 71619.7 0 0
173 33 48 71623.9 0 0
172 30 48 71628.2 0 0
171 32 48 71632.4 0 0
172 33 49 71636.6 0 0
172 31 48 71640.8 0 0
170 31 48 71645 0 0
175 33 49 71649.2 0 0
170 30 48 71653.4 0 0
171 29 49 71657.7 0 0
171 30 48 71661.9 0 0
172 29 48 71666.2 0 0
172 30 48 71670.4 0 0
172 33 48 71674.6 0 0
173 32 48 71678.8 0 0
169 31 49 71683 0 0
171 30 49 71687.2 0 0
173 31 48 71692.1 0 0
172 30 48 71696.4 0 0
172 32 49 71700.6 0 0
171 31 48 71704.8 0 0
174 32 48 71709 0 0
170 32 49 71713.2 0 0
171 32 49 71717.4 0 0
172 34 48 71721.6 0 0
171 34 48 71725.9 0 0
172 34 48 71730.1 0 0
173 32 49 71734.3 0 0
173 32 49 71741.1 0 0
173 30 49 71745.3 0 0
169 33 48 71749.6 0 0
172 34 48 71753.8 0 0
174 31 49 71758 0 0
173 33 48 71762.2 0 0
172 33 48 71766.4 0 0
169 32 48 71770.6 0 0
170 33 48 71774.8 0 0
170 33 48 71779.1 0 0
172 32 49 71783.3 0 0
172 33 48 71787.5 0 0
173 32 48 71791.8 0 0
173 35 48 71796 0 0
172 34 48 71800.2 0 0
171 31 48 71804.4 0 0
172 34 49 71808.7 0 0
170 33 49 71812.9 0 0
172 33 49 71819 0 0
174 32 49 71823.2 0 0
171 32 49 71828.7 0 0
171 33 48 71832.9 0 0
171 34 48 71837.1 0 0
172 33 49 71841.3 0 0
171 33 49 71845.6 0 0
173 33 49 71849.8 0 0
173 32 49 71854.1 0 0
175 32 49 71858.2 0 0
170 32 49 71862.4 0 0
170 32 48 71866.7 0 0
172 34 48 71870.9 0 0
169 32 49 71875.1 0 0
172 32 49 71879.4 0 0
173 32 49 71883.6 0 0
171 34 49 71887.8 0 0
173 35 49 71892 0 0
173 35 48 71896.2 0 0
175 37 49 71900.5 0 0
171 40 48 71904.7 0 0
169 38 50 71908.9 0 0
170 43 49 71913.1 0 0
173 45 49 71917.4 0 0
174 60 48 71921.6 0 0
177 100 47 71928.4 0 0
186 160 46 71932.6 0 0
186 160 0 71937.1 0 0
186 160 0 71941.3 0 0
186 160 0 71945.6 0 0
186 160 0 71949.8 0 0
186 160 0 71954 0 0
186 160 0 71958.2 0 0
186 160 0 71962.4 0 0
186 160 25 71966.6 0 0
186 160 0 71970.8 0 0
186 160 0 71975.1 0 0
186 160 0 71979.5 0 0
186 160 0 71983.7 0 0
186 160 0 71987.9 0 0
186 160 0 71992.4 0 0
186 160 0 71996.7 0 0
186 160 0 72003.3 0 0
186 160 0 72007.6 0 0
186 160 0 72011.8 0 0
186 160 0 72016 0 0
186 160 0 72020.2 0 0
186 160 0 72024.4 0 0
186 160 0 72028.6 0 0
186 160 0 72032.9 0 0
202 240 48 72096.1 0 0
201 236 48 72100.3 0 0
203 235 49 72104.6 0 0
200 232 48 72108.8 0 0
202 225 48 72113 0 0
205 238 47 72117.2 0 0
204 226 49 72121.4 0 0
203 224 48 72125.6 0 0
199 217 48 72129.9 0 0
200 208 48 72136.9 0 0
197 219 48 72141.1 0 0
202 210 48 72145.3 0 0
199 215 48 72149.6 0 0
200 207 49 72153.8 0 0
200 211 48 72158 0 0
200 213 48 72162.3 0 0
201 216 49 72166.5 0 0
202 214 48 72170.7 0 0
199 215 48 72174.9 0 0
202 218 48 72179.1 0 0
204 216 48 72183.3 0 0
201 213 48 72187.6 0 0
200 206 48 72191.8 0 0
202 224 48 72196 0 0
202 209 48 72200.2 0 0
201 224 48 72204.4 0 0
200 210 48 72208.6 0 0
204 216 48 72212.8 0 0
204 216 48 72217.1 0 0
204 216 48 72221.3 0 0
202 220 48 72225.5 0 0
201 217 48 72230.2 0 0
202 216 48 72234.4 0 0
204 220 48 72240.8 0 0
202 218 48 72245.1 0 0
203 219 48 72249.3 0 0
205 226 49 72253.5 0 0
207 225 48 72257.8 0 0
203 208 48 72262 0 0
201 209 49 72266.2 0 0
204 217 48 72270.4 0 0
200 211 48 72274.6 0 0
202 215 49 72278.8 0 0
198 218 48 72283.2 0 0
193 230 48 72287.4 0 0
189 240 48 72291.7 0 0
191 230 48 72295.9 0 0
195 238 48 72300.1 0 0
196 239 48 72304.3 0 0
198 238 48 72308.7 0 0
197 237 48 72317.1 0 0
197 239 48 72321.4 0 0
199 236 48 72332.6 0 0
193 234 48 72345.3 0 0
195 235 48 72349.5 0 0
195 238 48 72358 0 0
194 238 48 72362.2 0 0
195 240 48 72366.4 0 0
196 237 48 72387.5 0 0
193 237 48 72404.4 0 0
192 235 48 72408.6 0 0
195 240 48 72417 0 0
195 237 48 72421.3 0 0
195 234 48 72432.4 0 0
195 238 48 72436.6 0 0
197 236 48 72457.7 0 0
195 237 48 72461.9 0 0
195 240 48 72478.8 0 0
192 240 48 72508.3 0 0
196 234 48 72516.7 0 0
196 233 48 72545 0 0
194 231 48 72549.2 0 0
193 230 48 72557.6 0 0
193 233 48 72561.9 0 0
196 233 48 72566.1 0 0
204 223 47 72811.5 0 0
211 192 47 72815.8 0 0
213 153 46 72819.9 0 0
215 131 46 72824.2 0 0
216 118 46 72828.4 0 0
219 104 45 72832.6 0 0
220 98 45 72836.8 0 0
218 88 45 72841 0 0
219 79 45 72845.2 0 0
222 75 45 72849.4 0 0
224 66 44 72853.7 0 0
223 59 44 72857.9 0 0
222 55 44 72862.1 0 0
223 60 44 72866.3 0 0
223 54 44 72873.4 0 0
220 57 44 72877.7 0 0
221 62 45 72881.9 0 0
220 55 45 72886.1 0 0
222 55 45 72890.3 0 0
222 57 45 72894.5 0 0
219 55 44 72898.8 0 0
222 57 45 72912.3 0 0
218 56 45 72916.5 0 0
221 60 44 72923.4 0 0
221 60 44 72927.6 0 0
222 62 44 72931.8 0 0
220 59 45 72936.1 0 0
223 61 45 72940.2 0 0
222 59 44 72944.4 0 0
220 61 44 72948.7 0 0
223 58 44 72952.9 0 0
221 61 44 72957.2 0 0
220 61 44 72961.5 0 0
224 61 45 72965.7 0 0
220 57 45 72969.9 0 0
222 59 45 72974.1 0 0
221 60 44 72978.6 0 0
221 55 44 72982.8 0 0
220 60 44 72987 0 0
218 58 44 72991.2 0 0
222 54 44 72995.4 0 0
219 57 45 72999.6 0 0
220 56 44 73006.6 0 0
219 61 45 73010.8 0 0
221 60 44 73015 0 0
222 62 44 73019.3 0 0
221 62 44 73023.5 0 0
221 60 45 73027.7 0 0
222 60 45 73031.9 0 0
220 60 44 73036.2 0 0
223 61 44 73040.4 0 0
219 60 44 73044.6 0 0
219 58 44 73048.8 0 0
218 58 44 73053 0 0
217 57 44 73057.3 0 0
219 58 44 73061.5 0 0
219 60 44 73065.7 0 0
221 61 45 73069.9 0 0
221 59 45 73074.2 0 0
220 61 44 73078.4 0 0
222 58 44 73082.6 0 0
220 62 45 73086.8 0 0
221 60 45 73091 0 0
221 60 45 73095.3 0 0
218 59 45 73099.5 0 0
221 59 44 73103.7 0 0
220 60 44 73107.9 0 0
220 60 44 73112.1 0 0
218 59 45 73117.5 0 0
218 57 45 73121.7 0 0
216 58 44 73127.4 0 0
219 56 45 73131.7 0 0
221 56 45 73135.9 0 0
220 55 44 73140.1 0 0
221 59 44 73144.3 0 0
220 59 45 73148.5 0 0
220 59 45 73152.7 0 0
220 59 44 73156.9 0 0
220 56 44 73161.2 0 0
219 56 44 73165.4 0 0
220 57 45 73169.6 0 0
220 58 44 73173.8 0 0
220 57 45 73178 0 0
217 58 44 73182.3 0 0
219 56 45 73186.5 0 0
218 58 45 73190.8 0 0
218 58 44 73194.9 0 0
221 58 44 73199.2 0 0
223 59 45 73203.4 0 0
219 60 45 73207.6 0 0
220 60 44 73211.8 0 0
220 58 44 73216 0 0
220 58 44 73220.3 0 0
221 59 44 73226.9 0 0
220 59 45 73231.1 0 0
221 58 44 73235.3 0 0
220 58 44 73239.5 0 0
220 59 45 73243.7 0 0
219 60 45 73247.9 0 0
219 57 45 73252.1 0 0
218 57 44 73256.4 0 0
219 59 44 73260.6 0 0
220 56 44 73264.8 0 0
219 55 44 73269 0 0
220 58 44 73273.3 0 0
218 57 45 73277.5 0 0
219 60 44 73281.7 0 0
221 59 45 73285.9 0 0
219 60 45 73290.1 0 0
220 60 44 73294.4 0 0
220 60 44 73298.6 0 0
218 59 45 73302.8 0 0
221 60 44 73307 0 0
222 58 45 73311.2 0 0
219 60 44 73315.5 0 0
220 59 44 73319.7 0 0
220 58 44 73323.9 0 0
222 59 44 73328.1 0 0
220 59 44 73332.3 0 0
221 57 45 73336.5 0 0
221 58 45 73340.7 0 0
220 60 45 73345 0 0
218 58 44 73349.6 0 0
218 58 44 73353.9 0 0
221 59 44 73358.2 0 0
220 59 44 73362.4 0 0
220 61 44 73370.8 0 0
221 59 44 73375 0 0
220 57 44 73379.2 0 0
219 58 45 73383.5 0 0
219 57 45 73387.7 0 0
219 57 44 73391.9 0 0
219 58 45 73396.1 0 0
220 58 44 73400.3 0 0
221 57 44 73404.5 0 0
220 59 44 73408.7 0 0
221 59 44 73413 0 0
220 60 45 73417.2 0 0
219 59 44 73421.4 0 0
218 60 44 73425.6 0 0
219 58 45 73429.8 0 0
221 58 44 73434 0 0
221 61 44 73438.3 0 0
220 59 44 73442.5 0 0
221 58 44 73446.7 0 0
218 59 45 73450.9 0 0
216 56 44 73455.1 0 0
222 60 44 73459.3 0 0
221 59 44 73463.5 0 0
219 59 44 73467.7 0 0
220 59 44 73472 0 0
222 59 44 73476.2 0 0
221 58 44 73480.4 0 0
221 60 44 73488.8 0 0
220 59 44 73493 0 0
219 60 44 73497.3 0 0
221 59 44 73501.5 0 0
220 58 44 73505.7 0 0
220 58 45 73509.9 0 0
222 61 44 73514.1 0 0
219 59 44 73518.4 0 0
219 57 44 73522.6 0 0
217 58 44 73526.8 0 0
218 59 44 73531 0 0
220 59 44 73535.5 0 0
222 58 44 73539.8 0 0
217 58 44 73544 0 0
220 59 45 73548.2 0 0
222 58 44 73552.4 0 0
220 59 44 73556.6 0 0
220 57 44 73560.8 0 0
216 59 44 73565.1 0 0
219 60 44 73569.3 0 0
218 58 44 73573.5 0 0
219 58 44 73577.7 0 0
219 59 44 73581.9 0 0
219 58 44 73586.1 0 0
222 58 44 73590.4 0 0
218 57 44 73594.6 0 0
218 59 44 73598.8 0 0
222 59 44 73603.1 0 0
218 60 44 73607.3 0 0
219 60 44 73611.5 0 0
219 58 44 73615.7 0 0
219 59 45 73620 0 0
222 60 45 73624.2 0 0
220 60 44 73628.4 0 0
220 61 44 73632.6 0 0
217 57 44 73636.8 0 0
220 58 44 73641.1 0 0
219 59 44 73645.2 0 0
217 59 44 73649.4 0 0
218 59 44 73653.7 0 0
217 60 44 73657.9 0 0
221 60 44 73662.2 0 0
220 58 44 73666.4 0 0
218 59 44 73670.6 0 0
219 59 44 73674.8 0 0
218 59 44 73679 0 0
219 60 44 73683.2 0 0
219 60 44 73687.4 0 0
219 56 44 73691.7 0 0
219 61 44 73695.9 0 0
217 59 44 73700.1 0 0
219 59 44 73704.3 0 0
219 62 44 73708.5 0 0
218 60 44 73712.7 0 0
220 59 44 73717.1 0 0
221 60 44 73721.3 0 0
220 60 44 73725.5 0 0
219 60 44 73729.8 0 0
219 62 44 73734 0 0
218 60 44 73738.2 0 0
220 59 44 73742.4 0 0
221 62 44 73746.6 0 0
219 58 44 73750.9 0 0
219 61 44 73755.1 0 0
218 60 44 73759.3 0 0
220 59 44 73763.5 0 0
218 62 44 73767.7 0 0
218 60 44 73771.9 0 0
219 62 44 73776.1 0 0
219 60 44 73780.4 0 0
219 60 44 73784.6 0 0
219 61 44 73788.8 0 0
220 59 45 73797.2 0 0
219 58 44 73801.4 0 0
222 60 44 73805.6 0 0
220 61 44 73809.8 0 0
219 60 44 73814.3 0 0
218 59 44 73822.7 0 0
217 61 44 73827 0 0
221 63 44 73831.2 0 0
226 61 44 73835.4 0 0
227 60 44 73839.6 0 0
227 58 44 73843.8 0 0
225 57 43 73848 0 0
223 58 43 73852.3 0 0
224 56 44 73856.5 0 0
224 58 44 73860.7 0 0
222 59 43 73864.9 0 0
225 57 44 73869.1 0 0
223 59 43 73873.3 0 0
224 56 44 73877.6 0 0
223 60 44 73881.8 0 0
223 57 44 73886 0 0
225 58 44 73890.2 0 0
227 59 44 73894.4 0 0
227 59 43 73898.6 0 0
225 58 43 73902.9 0 0
223 57 44 73907.1 0 0
225 59 43 73911.3 0 0
224 59 44 73915.6 0 0
225 60 44 73919.8 0 0
224 59 44 73924 0 0
224 59 43 73928.2 0 0
221 59 44 73932.4 0 0
221 60 44 73936.6 0 0
221 55 43 73940.8 0 0
225 63 44 73945.1 0 0
227 59 43 73949.3 0 0
224 57 43 73953.5 0 0
224 59 44 73957.7 0 0
225 60 43 73961.9 0 0
227 59 44 73966.1 0 0
223 60 44 73970.3 0 0
226 59 44 73974.6 0 0
226 59 44 73978.8 0 0
223 60 44 73983 0 0
223 58 44 73987.2 0 0
224 58 44 73991.4 0 0
223 62 44 73995.6 0 0
226 60 44 73999.8 0 0
225 59 44 74004.1 0 0
221 60 44 74008.3 0 0
219 61 44 74012.5 0 0
215 65 44 74016.7 0 0
205 73 45 74020.9 0 0
196 73 45 74025.2 0 0
191 76 46 74029.4 0 0
179 80 46 74033.6 0 0
167 86 47 74037.8 0 0
159 84 47 74042.1 0 0
149 85 47 74046.3 0 0
140 90 47 74050.5 0 0
127 94 47 74054.7 0 0
120 106 48 74058.9 0 0
113 105 48 74063.2 0 0
102 111 48 74067.4 0 0
94 108 47 74071.6 0 0
88 114 47 74075.8 0 0
77 124 48 74080 0 0
72 124 47 74084.2 0 0
67 127 47 74088.4 0 0
58 131 47 74092.7 0 0
54 140 46 74096.9 0 0
51 135 46 74101.1 0 0
45 147 46 74105.5 0 0
44 155 46 74109.7 0 0
45 153 46 74113.9 0 0
49 155 46 74118.2 0 0
45 152 46 74122.4 0 0
46 154 46 74126.6 0 0
42 151 46 74130.8 0 0
44 153 46 74135.1 0 0
46 155 45 74139.2 0 0
46 154 46 74143.4 0 0
46 155 46 74147.8 0 0
44 154 46 74152 0 0
46 148 46 74156.2 0 0
44 148 46 74160.6 0 0
45 152 46 74164.8 0 0
42 146 46 74169.1 0 0
44 154 46 74173.3 0 0
46 152 46 74177.5 0 0
43 154 46 74181.7 0 0
46 151 46 74185.9 0 0
45 151 46 74192.7 0 0
44 148 46 74196.9 0 0
46 151 46 74201.2 0 0
45 153 46 74205.4 0 0
45 148 46 74209.6 0 0
46 151 46 74213.8 0 0
45 152 46 74218 0 0
47 152 46 74222.2 0 0
47 156 46 74226.4 0 0
46 153 46 74230.7 0 0
45 156 46 74234.9 0 0
46 157 46 74239.1 0 0
45 154 46 74243.3 0 0
48 155 46 74247.5 0 0
48 155 46 74251.8 0 0
49 157 46 74256 0 0
45 156 46 74260.2 0 0
47 153 46 74264.4 0 0
46 153 46 74268.6 0 0
42 155 46 74272.8 0 0
40 159 46 74277 0 0
34 157 46 74281.2 0 0
33 158 46 74285.5 0 0
30 161 46 74289.7 0 0
29 162 45 74293.9 0 0
29 162 45 74298.1 0 0
35 160 46 74305 0 0
36 162 46 74309.2 0 0
33 162 46 74313.6 0 0
35 162 46 74317.8 0 0
35 166 46 74322 0 0
36 165 45 74326.2 0 0
34 168 46 74330.4 0 0
35 163 46 74334.6 0 0
34 157 46 74338.8 0 0
34 166 46 74343 0 0
32 161 46 74347.3 0 0
34 155 46 74351.5 0 0
36 166 46 74355.7 0 0
36 160 46 74359.9 0 0
30 166 45 74364.1 0 0
32 158 46 74368.3 0 0
32 157 46 74372.6 0 0
35 161 46 74376.8 0 0
35 162 46 74381 0 0
32 162 46 74385.2 0 0
34 164 46 74389.4 0 0
35 162 46 74393.6 0 0
33 162 46 74397.8 0 0
35 164 46 74402.1 0 0
34 163 46 74406.3 0 0
33 164 46 74413.4 0 0
33 164 46 74421.7 0 0
35 159 45 74430.1 0 0
34 160 46 74434.4 0 0
34 161 46 74438.6 0 0
32 159 45 74442.8 0 0
32 160 45 74447.1 0 0
34 160 45 74451.2 0 0
34 160 45 74455.4 0 0
33 161 45 74459.8 0 0
33 165 46 74464 0 0
34 166 45 74468.2 0 0
33 161 46 74472.4 0 0
35 159 46 74476.6 0 0
34 159 46 74480.9 0 0
31 159 46 74485.1 0 0
35 159 45 74489.3 0 0
34 157 45 74493.5 0 0
34 158 46 74497.7 0 0
34 160 46 74501.9 0 0
37 161 46 74506.2 0 0
32 158 46 74510.4 0 0
34 160 45 74514.6 0 0
34 162 45 74518.8 0 0
36 159 46 74523 0 0
34 159 46 74530.1 0 0
32 161 46 74534.3 0 0
37 168 45 74538.5 0 0
36 162 45 74542.9 0 0
34 161 46 74547.1 0 0
33 160 45 74551.3 0 0
33 159 45 74555.5 0 0
36 160 45 74559.7 0 0
35 162 46 74564.1 0 0
32 160 45 74568.4 0 0
34 165 46 74572.6 0 0
32 166 46 74576.8 0 0
35 167 45 74581 0 0
35 167 45 74585.2 0 0
36 167 45 74589.4 0 0
37 166 46 74593.7 0 0
33 159 45 74600.7 0 0
35 159 45 74605 0 0
38 159 45 74609.2 0 0
34 160 45 74613.4 0 0
34 160 45 74617.6 0 0
32 162 45 74621.8 0 0
37 164 46 74626.1 0 0
34 164 45 74630.3 0 0
35 166 45 74634.5 0 0
36 164 46 74638.7 0 0
35 165 46 74642.9 0 0
31 158 45 74647.1 0 0
37 158 45 74651.3 0 0
35 154 46 74655.6 0 0
35 158 45 74659.8 0 0
37 160 45 74664 0 0
31 157 45 74668.2 0 0
32 159 45 74672.4 0 0
35 160 45 74676.6 0 0
34 160 46 74680.9 0 0
36 159 45 74685.1 0 0
33 162 45 74689.3 0 0
36 163 45 74693.5 0 0
35 161 45 74700.6 0 0
34 164 45 74704.9 0 0
34 156 45 74709.1 0 0
35 164 45 74713.3 0 0
32 158 45 74717.5 0 0
35 159 46 74721.7 0 0
35 153 45 74725.9 0 0
33 158 45 74730.2 0 0
37 166 45 74734.4 0 0
38 165 45 74738.6 0 0
35 164 45 74742.8 0 0
33 161 46 74747 0 0
35 167 45 74751.2 0 0
37 160 45 74755.5 0 0
33 163 46 74759.8 0 0
38 166 45 74764 0 0
37 164 45 74768.2 0 0
33 157 45 74772.6 0 0
34 158 45 74776.8 0 0
35 158 45 74781.1 0 0
35 164 45 74788.1 0 0
34 161 45 74792.3 0 0
35 167 45 74796.5 0 0
34 158 46 74800.7 0 0
36 160 45 74804.9 0 0
37 166 45 74809.1 0 0
35 162 45 74813.4 0 0
37 162 45 74817.6 0 0
37 165 46 74821.8 0 0
32 157 45 74826 0 0
33 164 46 74830.2 0 0
34 165 45 74834.4 0 0
35 160 45 74838.7 0 0
36 165 45 74842.9 0 0
35 161 46 74847.1 0 0
36 164 46 74851.3 0 0
38 161 45 74855.5 0 0
36 159 45 74859.7 0 0
34 165 45 74863.9 0 0
37 163 45 74868.1 0 0
36 163 45 74872.3 0 0
34 159 45 74876.6 0 0
36 167 45 74880.8 0 0
33 162 45 74885.1 0 0
38 164 45 74892.2 0 0
35 160 45 74901.9 0 0
36 161 45 74906.1 0 0
36 166 46 74912.9 0 0
35 155 45 74917.2 0 0
37 169 45 74921.4 0 0
34 160 45 74925.6 0 0
35 160 45 74929.8 0 0
33 157 45 74934 0 0
35 158 45 74938.2 0 0
35 159 45 74942.4 0 0
35 167 46 74946.7 0 0
37 167 45 74950.9 0 0
36 160 45 74955.1 0 0
37 161 45 74959.3 0 0
36 162 45 74963.5 0 0
33 158 46 74967.7 0 0
37 157 45 74971.9 0 0
34 161 45 74976.2 0 0
36 161 45 74980.4 0 0
34 160 45 74984.6 0 0
35 160 45 74988.8 0 0
34 164 45 74993 0 0
35 163 45 74997.2 0 0
36 163 45 75001.5 0 0
36 162 46 75005.7 0 0
37 166 46 75009.9 0 0
34 158 45 75021.1 0 0
38 160 46 75029.6 0 0
34 160 46 75037.8 0 0
36 160 45 75046.1 0 0
35 159 46 75054.3 0 0
35 159 46 75062.8 0 0
34 157 46 75070.7 0 0
34 162 45 75074.9 0 0
36 162 46 75079.5 0 0
35 156 46 75083.7 0 0
34 157 46 75087.9 0 0
38 164 46 75092.2 0 0
33 156 46 75096.4 0 0
35 162 46 75100.7 0 0
35 159 45 75104.9 0 0
38 162 46 75109.1 0 0
36 158 46 75113.7 0 0
36 156 45 75117.9 0 0
37 156 46 75122.2 0 0
36 156 45 75126.4 0 0
36 152 46 75130.7 0 0
37 154 45 75134.9 0 0
37 155 46 75139.1 0 0
35 158 46 75146 0 0
37 158 46 75150.2 0 0
37 157 46 75154.4 0 0
38 161 46 75158.7 0 0
33 157 46 75162.9 0 0
36 160 46 75167.1 0 0
38 159 46 75171.3 0 0
37 160 46 75175.6 0 0
36 159 46 75179.7 0 0
35 159 46 75184 0 0
36 158 46 75188.2 0 0
35 158 46 75192.4 0 0
36 156 45 75196.7 0 0
37 153 46 75200.9 0 0
36 158 46 75205.1 0 0
36 153 46 75209.3 0 0
39 159 45 75213.5 0 0
37 163 46 75217.7 0 0
40 160 46 75221.9 0 0
37 159 46 75226.2 0 0
36 154 46 75230.4 0 0
40 162 46 75234.6 0 0
36 163 46 75238.8 0 0
35 160 46 75243 0 0
35 160 46 75247.2 0 0
35 162 46 75258.1 0 0
38 156 46 75262.3 0 0
37 155 46 75266.8 0 0
38 161 46 75271 0 0
37 160 46 75275.2 0 0
36 162 46 75279.5 0 0
37 160 46 75283.7 0 0
38 154 46 75287.9 0 0
35 155 46 75292.1 0 0
37 158 46 75296.3 0 0
37 159 46 75300.5 0 0
38 156 46 75304.7 0 0
36 162 46 75308.9 0 0
37 164 46 75313.2 0 0
37 162 46 75317.5 0 0
35 158 46 75321.7 0 0
38 169 46 75325.9 0 0
37 214 46 75330.1 0 0
105 237 46 75509.2 0 0
103 230 47 75513.4 0 0
101 221 47 75517.6 0 0
102 215 47 75521.8 0 0
98 215 47 75526 0 0
101 209 47 75530.2 0 0
101 209 47 75534.5 0 0
98 201 47 75539.4 0 0
102 201 47 75543.6 0 0
101 192 47 75547.8 0 0
102 176 48 75552 0 0
99 191 47 75556.2 0 0
99 179 48 75560.4 0 0
102 184 48 75564.7 0 0
102 183 48 75568.9 0 0
101 180 47 75573.1 0 0
100 170 48 75577.3 0 0
99 168 48 75581.5 0 0
98 168 48 75585.7 0 0
96 169 48 75589.9 0 0
97 178 47 75594.2 0 0
89 170 48 75598.4 0 0
84 170 48 75602.7 0 0
78 159 48 75606.9 0 0
74 161 48 75611.1 0 0
69 162 48 75615.3 0 0
62 164 48 75619.5 0 0
59 166 47 75623.7 0 0
57 158 47 75627.9 0 0
53 152 47 75632.1 0 0
56 149 48 75636.4 0 0
56 153 47 75640.6 0 0
59 155 48 75644.8 0 0
58 157 48 75649 0 0
56 153 48 75653.2 0 0
55 158 48 75657.4 0 0
56 155 48 75661.7 0 0
56 154 48 75665.9 0 0
55 154 48 75670.1 0 0
55 152 47 75674.3 0 0
57 150 48 75678.5 0 0
55 153 47 75682.7 0 0
56 152 48 75686.9 0 0
52 153 47 75691.1 0 0
56 154 48 75695.4 0 0
53 151 47 75699.6 0 0
54 161 47 75703.8 0 0
45 162 47 75708 0 0
40 158 47 75712.3 0 0
41 152 47 75716.5 0 0
38 160 47 75720.7 0 0
40 156 47 75725 0 0
40 155 47 75729.2 0 0
40 153 47 75733.4 0 0
39 160 47 75737.6 0 0
45 155 47 75741.8 0 0
41 156 47 75746 0 0
42 156 47 75750.2 0 0
40 154 47 75754.4 0 0
44 159 47 75758.7 0 0
39 156 47 75762.9 0 0
39 152 47 75767.1 0 0
40 150 47 75771.3 0 0
42 154 48 75775.5 0 0
39 157 47 75779.7 0 0
42 152 47 75783.9 0 0
39 156 48 75788.2 0 0
39 155 47 75792.4 0 0
38 155 48 75796.6 0 0
41 152 48 75801 0 0
39 157 47 75805.2 0 0
41 159 47 75809.4 0 0
41 155 48 75813.7 0 0
38 156 47 75817.9 0 0
41 153 47 75822.1 0 0
40 155 48 75826.3 0 0
42 156 47 75830.5 0 0
41 153 48 75834.7 0 0
38 156 47 75838.9 0 0
42 155 47 75843.2 0 0
40 156 47 75847.4 0 0
41 158 47 75851.6 0 0
43 158 48 75855.9 0 0
40 157 48 75860.1 0 0
39 155 47 75864.3 0 0
42 155 47 75868.5 0 0
40 153 48 75872.7 0 0
40 152 48 75876.9 0 0
42 151 47 75881.1 0 0
39 156 48 75885.3 0 0
41 155 47 75889.6 0 0
41 154 48 75893.8 0 0
38 156 48 75897.9 0 0
39 152 47 75902.2 0 0
39 151 47 75906.4 0 0
42 155 47 75910.7 0 0
40 159 48 75914.9 0 0
38 152 48 75919.1 0 0
41 153 47 75923.3 0 0
39 154 48 75927.6 0 0
41 156 47 75931.8 0 0
40 158 48 75936 0 0
41 158 47 75940.2 0 0
41 155 48 75944.4 0 0
42 149 47 75948.6 0 0
44 146 48 75952.8 0 0
51 132 48 75957.2 0 0
56 112 48 75961.4 0 0
62 98 48 75965.6 0 0
66 88 48 75969.9 0 0
67 77 49 75974.1 0 0
73 70 49 75978.7 0 0
76 64 49 75982.9 0 0
78 57 49 75987.1 0 0
79 51 49 75991.3 0 0
81 48 49 75995.5 0 0
81 48 49 75999.8 0 0
80 49 49 76004 0 0
79 47 49 76008.2 0 0
75 48 49 76012.4 0 0
78 50 49 76016.6 0 0
77 49 49 76020.8 0 0
78 53 49 76025.1 0 0
75 50 49 76029.3 0 0
74 51 49 76033.5 0 0
75 47 49 76037.7 0 0
82 50 50 76041.9 0 0
77 50 49 76046.1 0 0
79 53 49 76050.4 0 0
77 53 49 76054.6 0 0
77 50 49 76058.8 0 0
77 50 49 76063 0 0
76 48 49 76067.3 0 0
78 52 49 76071.5 0 0
77 51 50 76075.7 0 0
77 51 50 76079.9 0 0
76 52 49 76084.1 0 0
77 52 49 76088.3 0 0
82 52 49 76092.5 0 0
75 50 49 76099.3 0 0
79 50 49 76103.5 0 0
77 48 49 76107.8 0 0
77 50 49 76112 0 0
77 55 49 76116.2 0 0
78 52 49 76120.4 0 0
78 53 49 76124.6 0 0
77 52 50 76128.9 0 0
78 51 49 76133.1 0 0
76 54 49 76137.3 0 0
79 53 49 76141.5 0 0
79 52 49 76145.7 0 0
77 47 49 76149.9 0 0
77 50 49 76154.1 0 0
78 52 49 76158.4 0 0
77 50 49 76162.6 0 0
77 54 49 76166.8 0 0
76 49 49 76171 0 0
77 50 49 76175.2 0 0
80 50 49 76179.4 0 0
79 51 49 76183.6 0 0
81 51 49 76187.8 0 0
78 52 49 76193.1 0 0
78 50 49 76197.3 0 0
75 51 49 76203.4 0 0
76 52 49 76207.6 0 0
81 53 49 76211.9 0 0
76 52 49 76216.1 0 0
78 50 49 76220.4 0 0
79 52 49 76224.6 0 0
78 52 49 76228.8 0 0
80 52 49 76233 0 0
77 53 49 76237.2 0 0
76 52 49 76241.4 0 0
77 54 49 76245.7 0 0
78 52 49 76249.9 0 0
75 55 49 76254.1 0 0
77 53 49 76258.3 0 0
79 53 49 76262.5 0 0
78 53 49 76266.7 0 0
78 51 49 76270.9 0 0
77 50 49 76275.1 0 0
79 50 49 76279.3 0 0
80 51 49 76283.6 0 0
77 54 49 76287.8 0 0
78 54 49 76292.1 0 0
78 50 49 76296.3 0 0
78 50 49 76300.5 0 0
74 53 49 76305 0 0
68 54 48 76309.2 0 0
67 60 49 76313.4 0 0
65 61 48 76317.7 0 0
62 64 48 76321.9 0 0
58 68 48 76326.1 0 0
62 67 48 76330.3 0 0
63 66 48 76334.5 0 0
63 67 48 76338.7 0 0
64 68 48 76342.9 0 0
63 68 48 76347.1 0 0
62 67 48 76351.3 0 0
64 69 48 76355.6 0 0
63 69 48 76359.8 0 0
60 68 48 76364 0 0
62 66 48 76368.2 0 0
61 67 48 76372.4 0 0
63 67 48 76376.6 0 0
63 68 48 76381.2 0 0
65 68 48 76385.4 0 0
63 65 48 76389.6 0 0
63 69 48 76393.8 0 0
63 68 48 76398 0 0
63 68 48 76402.2 0 0
61 68 48 76406.5 0 0
64 72 48 76410.7 0 0
62 69 48 76414.9 0 0
62 71 48 76419.2 0 0
65 70 48 76423.4 0 0
61 71 48 76427.6 0 0
62 72 48 76431.8 0 0
62 69 48 76436 0 0
63 69 48 76440.2 0 0
66 69 48 76444.4 0 0
63 70 48 76448.6 0 0
61 70 48 76452.8 0 0
63 74 48 76457 0 0
61 74 48 76461.4 0 0
64 74 48 76465.7 0 0
65 81 48 76469.9 0 0
72 118 47 76474.2 0 0
73 195 44 76478.4 0 0
73 195 0 76482.6 0 0
73 195 0 76486.8 0 0
73 195 0 76491 0 0
73 195 0 76495.2 0 0
73 195 0 76499.4 0 0
73 195 0 76503.6 0 0
73 195 0 76507.9 0 0
73 195 0 76512.1 0 0
73 195 0 76516.3 0 0
73 195 0 76520.5 0 0
73 195 0 76524.7 0 0
73 195 0 76528.9 0 0
73 195 0 76533.2 0 0
73 195 0 76537.4 0 0
73 195 0 76541.7 0 0
73 195 0 76545.9 0 0
73 195 0 76550.2 0 0
73 195 0 76554.4 0 0
73 195 0 76558.6 0 0
73 195 0 76562.9 0 0
73 195 0 76567.1 0 0
73 195 0 76571.3 0 0
73 195 0 76575.5 0 0
219 133 44 76617.6 0 0
214 116 45 76621.8 0 0
215 104 46 76626.1 0 0
213 97 46 76630.3 0 0
212 91 46 76634.5 0 0
210 86 46 76638.7 0 0
211 82 46 76642.9 0 0
210 75 46 76647.1 0 0
208 72 46 76651.3 0 0
208 70 46 76655.5 0 0
207 71 46 76659.8 0 0
208 73 47 76664 0 0
207 70 46 76668.2 0 0
205 70 46 76672.4 0 0
210 74 47 76676.6 0 0
210 73 46 76680.8 0 0
209 73 46 76685.1 0 0
210 74 46 76689.3 0 0
213 74 47 76693.6 0 0
210 72 47 76697.8 0 0
208 67 46 76702 0 0
207 72 46 76706.2 0 0
209 70 46 76710.4 0 0
206 70 46 76714.6 0 0
207 71 46 76718.8 0 0
203 70 46 76723 0 0
208 71 46 76727.2 0 0
208 73 46 76731.5 0 0
205 74 46 76735.7 0 0
209 71 46 76739.9 0 0
206 72 46 76744.1 0 0
206 71 46 76748.3 0 0
209 73 46 76752.6 0 0
209 72 46 76756.8 0 0
208 74 46 76761 0 0
210 72 47 76765.2 0 0
207 74 46 76769.5 0 0
206 72 46 76773.7 0 0
205 72 46 76777.9 0 0
208 72 46 76782.1 0 0
208 73 46 76786.4 0 0
207 72 46 76790.6 0 0
205 72 46 76794.9 0 0
206 71 47 76799.1 0 0
206 70 46 76803.3 0 0
208 71 46 76807.5 0 0
204 71 46 76811.7 0 0
209 73 46 76815.9 0 0
207 71 46 76820.1 0 0
205 70 46 76824.3 0 0
207 70 46 76828.6 0 0
206 71 46 76832.8 0 0
205 70 47 76837 0 0
208 72 46 76841.2 0 0
205 73 46 76845.4 0 0
205 70 46 76849.7 0 0
205 73 46 76854.4 0 0
205 73 46 76858.6 0 0
204 72 46 76862.8 0 0
205 70 46 76867 0 0
208 74 46 76871.2 0 0
207 71 46 76875.4 0 0
206 71 47 76879.6 0 0
206 73 46 76883.9 0 0
209 73 46 76888.1 0 0
206 69 46 76892.3 0 0
206 74 47 76896.5 0 0
207 73 46 76900.7 0 0
205 73 47 76904.9 0 0
206 72 46 76909.1 0 0
205 76 46 76913.3 0 0
207 75 46 76917.6 0 0
207 72 46 76921.8 0 0
206 72 46 76926 0 0
206 72 46 76930.2 0 0
216 69 47 76934.4 0 0
221 69 46 76938.7 0 0
224 64 46 76942.9 0 0
222 62 45 76947.2 0 0
223 59 45 76951.4 0 0
228 60 45 76955.6 0 0
224 59 45 76959.8 0 0
227 60 45 76964 0 0
227 63 45 76968.2 0 0
224 61 45 76972.5 0 0
225 61 45 76976.7 0 0
222 59 45 76980.9 0 0
228 63 45 76985.1 0 0
222 60 45 76989.3 0 0
223 61 45 76993.5 0 0
228 60 46 76997.7 0 0
222 60 45 77002 0 0
225 63 45 77006.2 0 0
226 60 45 77010.4 0 0
222 60 45 77014.6 0 0
228 61 45 77018.8 0 0
226 62 45 77023 0 0
222 57 45 77027.2 0 0
224 60 45 77031.4 0 0
227 60 45 77035.7 0 0
227 61 45 77039.9 0 0
223 59 45 77044.1 0 0
225 59 45 77048.3 0 0
226 60 45 77052.5 0 0
227 59 45 77056.7 0 0
226 64 45 77060.9 0 0
218 75 45 77065.2 0 0
225 60 45 77069.4 0 0
226 59 45 77073.6 0 0
222 60 45 77077.9 0 0
226 62 45 77082.2 0 0
224 61 45 77086.5 0 0
224 61 45 77090.7 0 0
225 60 45 77094.9 0 0
224 61 45 77099.1 0 0
225 60 45 77103.6 0 0
227 58 45 77107.9 0 0
224 61 45 77112.1 0 0
225 58 45 77116.3 0 0
223 61 45 77120.6 0 0
224 57 45 77124.8 0 0
222 60 45 77129 0 0
226 59 45 77133.2 0 0
225 57 45 77137.4 0 0
229 59 45 77141.6 0 0
226 63 45 77145.8 0 0
226 58 45 77150.2 0 0
227 58 45 77154.5 0 0
227 57 45 77158.7 0 0
223 58 45 77162.9 0 0
225 59 45 77167.4 0 0
225 56 45 77171.6 0 0
223 57 45 77176.1 0 0
225 58 45 77180.3 0 0
224 59 45 77184.5 0 0
228 57 45 77192.9 0 0
227 58 45 77197.1 0 0
226 59 45 77201.4 0 0
225 59 45 77205.6 0 0
227 58 46 77209.8 0 0
225 57 45 77214 0 0
228 58 45 77218.2 0 0
222 57 45 77222.4 0 0
224 57 46 77226.6 0 0
226 57 45 77230.9 0 0
226 55 45 77235.1 0 0
225 55 45 77239.3 0 0
226 55 45 77243.5 0 0
221 57 45 77247.7 0 0
224 57 45 77251.9 0 0
227 59 45 77256.1 0 0
226 56 44 77260.4 0 0
223 56 45 77264.6 0 0
222 57 45 77268.8 0 0
226 57 45 77273 0 0
227 57 45 77277.2 0 0
227 57 44 77281.4 0 0
224 60 45 77287 0 0
228 59 45 77291.2 0 0
225 58 45 77299.6 0 0
225 57 45 77303.8 0 0
227 58 45 77308 0 0
224 56 45 77312.2 0 0
227 57 45 77316.5 0 0
218 80 45 77320.8 0 0
227 58 45 77324.9 0 0
219 76 45 77329.2 0 0
226 60 45 77333.4 0 0
225 59 44 77337.6 0 0
230 58 45 77341.8 0 0
226 59 45 77346 0 0
233 60 45 77350.3 0 0
228 60 45 77354.5 0 0
228 57 45 77358.7 0 0
226 57 45 77362.9 0 0
228 61 45 77367.1 0 0
228 58 45 77371.3 0 0
229 60 45 77375.6 0 0
226 58 45 77379.8 0 0
223 74 45 77384 0 0
220 75 45 77388.2 0 0
228 58 45 77392.4 0 0
227 53 45 77396.6 0 0
226 62 45 77400.8 0 0
227 53 45 77405.1 0 0
229 61 45 77409.3 0 0
202 163 47 78014.1 0 0
203 164 47 78022.5 0 0
195 162 47 78030.9 0 0
204 171 47 78035.1 0 0
202 166 47 78039.7 0 0
199 151 47 78044 0 0
201 169 47 78048.2 0 0
202 156 47 78052.4 0 0
201 164 47 78056.6 0 0
198 171 47 78060.8 0 0
198 194 47 78065.1 0 0
191 177 48 78069.3 0 0
193 203 48 78073.5 0 0
197 218 48 78086.1 0 0
196 204 48 78090.4 0 0
197 198 47 78098.8 0 0
199 217 47 78107.3 0 0
199 206 48 78111.5 0 0
200 219 47 78115.8 0 0
196 201 48 78120 0 0
196 206 48 78124.2 0 0
200 224 47 78128.4 0 0
198 209 48 78136.9 0 0
197 208 48 78141.1 0 0
199 212 48 78145.3 0 0
199 209 48 78149.5 0 0
197 208 48 78153.7 0 0
200 222 47 78158 0 0
197 205 48 78162.6 0 0
194 197 48 78166.9 0 0
196 209 48 78171.1 0 0
201 211 48 78175.3 0 0
200 215 48 78179.5 0 0
196 193 48 78183.7 0 0
198 205 48 78188 0 0
197 214 48 78192.2 0 0
198 221 48 78196.4 0 0
197 213 48 78200.6 0 0
197 206 48 78204.8 0 0
197 196 48 78209.1 0 0
199 215 48 78213.3 0 0
197 210 48 78217.5 0 0
195 205 48 78221.7 0 0
199 222 48 78234.4 0 0
197 196 48 78238.7 0 0
197 209 48 78242.9 0 0
199 213 47 78247.1 0 0
196 213 48 78251.4 0 0
201 213 48 78255.6 0 0
197 223 47 78259.8 0 0
198 207 48 78264.1 0 0
197 210 48 78268.2 0 0
198 212 48 78272.4 0 0
199 217 48 78276.7 0 0
195 207 48 78280.9 0 0
196 208 48 78285.1 0 0
196 199 48 78289.3 0 0
195 204 48 78293.6 0 0
198 214 48 78302.1 0 0
194 196 48 78306.3 0 0
197 202 48 78310.5 0 0
197 209 48 78314.7 0 0
200 211 48 78318.9 0 0
195 203 48 78323.2 0 0
198 208 48 78327.4 0 0
196 196 48 78331.6 0 0
197 211 48 78335.8 0 0
197 207 48 78340.1 0 0
198 214 47 78344.3 0 0
200 205 48 78348.5 0 0
196 196 48 78352.7 0 0
197 199 48 78356.9 0 0
198 208 48 78361.1 0 0
198 211 48 78365.3 0 0
198 201 48 78369.6 0 0
198 203 48 78373.8 0 0
193 208 47 78378 0 0
196 215 48 78382.3 0 0
193 202 48 78386.5 0 0
195 206 48 78390.7 0 0
198 201 48 78394.9 0 0
199 218 47 78399.1 0 0
198 213 48 78403.3 0 0
193 196 48 78407.6 0 0
198 208 48 78411.8 0 0
193 205 47 78416.1 0 0
197 203 48 78420.3 0 0
195 202 48 78424.5 0 0
193 201 47 78428.7 0 0
198 209 47 78432.9 0 0
194 214 47 78437.1 0 0
194 205 48 78441.3 0 0
197 206 47 78445.5 0 0
196 218 47 78449.8 0 0
198 211 47 78453.9 0 0
197 204 47 78458.1 0 0
198 208 47 78462.4 0 0
196 212 47 78466.6 0 0
198 208 47 78470.8 0 0
193 196 48 78475.1 0 0
193 198 48 78479.3 0 0
192 191 48 78483.5 0 0
197 214 47 78487.7 0 0
195 215 47 78491.9 0 0
197 216 48 78496.1 0 0
196 200 48 78500.3 0 0
195 206 47 78504.6 0 0
194 204 48 78508.8 0 0
195 205 47 78513 0 0
193 198 47 78517.2 0 0
197 202 47 78521.4 0 0
193 201 47 78525.6 0 0
195 204 47 78529.8 0 0
194 199 47 78534 0 0
195 201 47 78538.2 0 0
197 201 47 78542.5 0 0
195 199 47 78546.7 0 0
195 200 47 78551.3 0 0
195 205 47 78555.5 0 0
195 203 47 78559.7 0 0
197 200 47 78564 0 0
194 204 47 78568.2 0 0
196 205 47 78572.4 0 0
192 198 47 78576.6 0 0
197 204 47 78580.8 0 0
196 204 47 78585.1 0 0
194 200 47 78589.3 0 0
194 203 47 78593.5 0 0
196 209 48 78598.2 0 0
195 203 47 78602.4 0 0
198 210 47 78606.6 0 0
194 199 47 78610.8 0 0
192 202 47 78615.1 0 0
190 199 47 78619.3 0 0
189 201 47 78623.5 0 0
189 194 47 78627.7 0 0
191 200 48 78631.9 0 0
192 200 47 78636.2 0 0
193 214 47 78640.4 0 0
190 202 47 78644.9 0 0
190 202 47 78649.1 0 0
189 195 47 78653.3 0 0
191 199 47 78657.6 0 0
191 199 47 78661.8 0 0
189 198 47 78666 0 0
191 198 47 78670.2 0 0
188 199 47 78674.5 0 0
192 203 47 78678.7 0 0
192 200 47 78682.9 0 0
190 197 47 78687.1 0 0
189 200 48 78691.4 0 0
193 200 47 78695.6 0 0
190 199 47 78699.8 0 0
194 214 47 78704 0 0
190 204 48 78708.2 0 0
192 209 47 78712.4 0 0
194 215 47 78716.6 0 0
191 208 47 78720.9 0 0
193 212 47 78725.1 0 0
192 210 47 78729.3 0 0
192 202 48 78733.6 0 0
189 199 47 78737.8 0 0
192 202 47 78741.9 0 0
191 200 47 78746.2 0 0
190 192 47 78750.4 0 0
191 205 47 78754.6 0 0
190 202 47 78758.8 0 0
189 205 47 78763 0 0
189 197 47 78767.2 0 0
192 211 47 78771.6 0 0
191 211 47 78775.8 0 0
190 209 47 78780.1 0 0
194 212 47 78784.3 0 0
189 193 47 78788.5 0 0
193 213 47 78792.7 0 0
192 206 47 78796.9 0 0
189 208 47 78801.1 0 0
194 201 47 78805.4 0 0
189 192 47 78809.6 0 0
195 213 47 78813.8 0 0
196 227 47 78818.1 0 0
190 202 47 78822.3 0 0
195 214 47 78826.5 0 0
192 198 47 78830.7 0 0
192 206 47 78834.9 0 0
194 211 47 78839.1 0 0
192 207 47 78843.3 0 0
190 203 48 78847.6 0 0
192 207 48 78851.8 0 0
193 202 47 78856 0 0
191 200 48 78860.2 0 0
193 208 47 78864.4 0 0
194 209 47 78868.6 0 0
190 201 48 78872.8 0 0
188 206 47 78877.1 0 0
191 207 47 78881.3 0 0
193 209 48 78885.5 0 0
191 204 47 78889.7 0 0
191 192 48 78893.9 0 0
192 207 47 78906.7 0 0
190 204 47 78911 0 0
188 188 48 78915.2 0 0
190 201 48 78919.4 0 0
193 211 47 78923.6 0 0
194 212 48 78927.8 0 0
195 213 47 78932.1 0 0
191 210 47 78936.3 0 0
196 202 48 78940.5 0 0
192 210 47 78944.7 0 0
194 210 47 78948.9 0 0
191 204 47 78953.1 0 0
192 203 48 78957.3 0 0
192 207 48 78961.6 0 0
193 219 47 78965.8 0 0
193 200 47 78970.1 0 0
191 200 47 78974.3 0 0
191 201 48 78978.5 0 0
193 202 47 78982.7 0 0
191 201 47 78986.9 0 0
190 201 47 78991.1 0 0
190 199 47 78995.3 0 0
192 207 47 78999.5 0 0
192 199 48 79003.8 0 0
190 204 47 79008 0 0
191 200 48 79012.2 0 0
190 199 48 79016.4 0 0
189 197 48 79020.6 0 0
191 201 47 79024.8 0 0
192 201 47 79029 0 0
192 199 47 79033.3 0 0
191 202 47 79038.7 0 0
189 200 47 79043.4 0 0
189 197 48 79047.6 0 0
187 196 48 79051.8 0 0
192 211 47 79056 0 0
192 214 47 79060.2 0 0
188 200 47 79064.5 0 0
192 206 47 79068.7 0 0
190 191 48 79072.9 0 0
191 208 48 79077.1 0 0
192 217 48 79081.3 0 0
194 202 47 79085.6 0 0
191 199 48 79089.8 0 0
192 207 47 79094 0 0
195 210 47 79098.2 0 0
191 212 47 79102.4 0 0
193 206 48 79106.6 0 0
193 206 48 79110.8 0 0
191 217 47 79115.1 0 0
194 217 47 79119.3 0 0
193 207 47 79123.5 0 0
189 201 47 79127.7 0 0
181 186 48 79131.9 0 0
176 181 48 79136.1 0 0
166 163 48 79140.3 0 0
157 151 48 79144.5 0 0
152 146 48 79149 0 0
142 130 48 79153.3 0 0
136 125 48 79157.5 0 0
127 118 48 79161.7 0 0
122 110 48 79166 0 0
112 109 48 79170.2 0 0
114 142 48 79174.4 0 0
36 150 27 79391 0 0
26 60 48 79585.2 0 0
24 50 48 79608.9 0 0
26 58 48 79613.2 0 0
22 64 48 79617.4 0 0
24 61 48 79625.8 0 0
25 47 48 79634.3 0 0
26 49 48 79638.5 0 0
24 55 47 79642.7 0 0
24 47 48 79646.9 0 0
25 49 48 79655.3 0 0
24 46 48 79659.6 0 0
24 47 48 79663.8 0 0
25 46 48 79668 0 0
25 46 48 79672.2 0 0
26 44 48 79676.4 0 0
22 46 48 79680.6 0 0
26 45 47 79684.8 0 0
26 46 48 79689.1 0 0
26 46 48 79693.3 0 0
26 47 48 79700.4 0 0
26 47 48 79704.6 0 0
23 46 48 79708.9 0 0
25 48 48 79713.1 0 0
25 45 47 79717.3 0 0
25 47 48 79721.5 0 0
24 42 48 79725.7 0 0
25 45 48 79730 0 0
25 46 48 79734.2 0 0
27 44 47 79738.6 0 0
25 45 48 79742.8 0 0
25 47 48 79747.1 0 0
26 43 48 79751.3 0 0
26 45 48 79755.5 0 0
24 47 48 79759.7 0 0
26 45 48 79763.9 0 0
25 48 48 79768.1 0 0
26 48 48 79772.3 0 0
25 45 48 79776.6 0 0
27 45 48 79780.8 0 0
24 45 48 79787.8 0 0
24 47 48 79792.2 0 0
25 48 48 79796.4 0 0
21 44 48 79800.6 0 0
24 47 47 79804.9 0 0
23 44 48 79809.1 0 0
25 46 48 79813.3 0 0
24 45 48 79817.6 0 0
23 44 48 79821.8 0 0
25 46 48 79826 0 0
24 47 47 79830.2 0 0
25 45 48 79834.4 0 0
23 45 47 79838.6 0 0
24 46 47 79842.8 0 0
25 47 48 79847 0 0
28 46 48 79851.2 0 0
25 46 48 79855.8 0 0
24 45 47 79860 0 0
26 46 48 79867 0 0
27 44 48 79871.2 0 0
26 47 47 79875.4 0 0
26 48 48 79879.7 0 0
25 46 47 79883.9 0 0
26 45 48 79888.1 0 0
26 48 47 79892.3 0 0
26 47 47 79896.5 0 0
24 49 48 79900.7 0 0
25 48 47 79904.9 0 0
26 46 48 79909.1 0 0
24 49 48 79913.4 0 0
26 46 48 79917.6 0 0
24 47 48 79921.8 0 0
26 47 47 79926 0 0
25 46 48 79930.2 0 0
25 46 47 79934.4 0 0
25 47 47 79938.7 0 0
27 46 48 79942.9 0 0
24 50 47 79947.1 0 0
26 45 48 79951.3 0 0
23 47 48 79955.5 0 0
27 45 47 79959.7 0 0
25 45 48 79963.9 0 0
24 47 47 79968.1 0 0
25 46 47 79975.1 0 0
26 45 47 79979.4 0 0
25 47 47 79983.6 0 0
23 47 48 79987.8 0 0
26 48 48 79992 0 0
24 48 47 79996.2 0 0
25 48 47 80000.5 0 0
26 48 48 80004.7 0 0
26 47 47 80008.9 0 0
26 48 47 80013.1 0 0
26 45 48 80017.3 0 0
24 47 47 80021.5 0 0
24 46 47 80025.7 0 0
25 46 48 80030 0 0
25 47 47 80034.2 0 0
26 48 47 80038.4 0 0
25 48 47 80042.9 0 0
23 47 48 80047.1 0 0
26 49 47 80051.3 0 0
24 47 47 80055.5 0 0
24 47 47 80059.7 0 0
24 47 47 80064 0 0
23 48 47 80070.6 0 0
23 49 47 80074.9 0 0
25 47 47 80079.1 0 0
24 46 48 80083.3 0 0
24 48 47 80087.6 0 0
25 48 48 80091.8 0 0
25 50 47 80096 0 0
25 47 47 80100.2 0 0
25 51 47 80104.7 0 0
27 49 48 80108.9 0 0
26 50 48 80113.1 0 0
26 48 47 80117.4 0 0
25 51 47 80121.6 0 0
23 49 48 80125.8 0 0
26 48 47 80130 0 0
24 48 47 80134.2 0 0
25 47 48 80138.5 0 0
24 48 47 80142.7 0 0
26 49 47 80146.9 0 0
24 46 47 80151.1 0 0
24 46 48 80155.3 0 0
24 50 47 80159.6 0 0
24 46 48 80163.8 0 0
24 51 47 80168 0 0
24 47 48 80172.2 0 0
25 47 47 80179.2 0 0
25 49 47 80183.4 0 0
26 48 47 80187.6 0 0
24 46 47 80191.9 0 0
25 48 47 80196.1 0 0
22 50 47 80200.3 0 0
18 49 47 80204.5 0 0
18 50 47 80208.7 0 0
15 50 47 80212.9 0 0
14 53 47 80217.2 0 0
19 50 47 80221.4 0 0
16 50 47 80225.6 0 0
17 49 47 80229.9 0 0
16 49 47 80234.1 0 0
19 51 47 80238.3 0 0
16 52 47 80242.5 0 0
15 50 47 80246.7 0 0
18 51 47 80250.9 0 0
16 51 47 80255.2 0 0
17 51 47 80259.4 0 0
15 50 47 80263.6 0 0
17 49 47 80267.8 0 0
15 51 47 80272 0 0
15 48 47 80279.1 0 0
18 51 47 80283.3 0 0
18 49 47 80287.5 0 0
18 49 47 80291.7 0 0
20 51 47 80295.9 0 0
17 52 47 80300.2 0 0
17 52 47 80304.4 0 0
18 50 47 80308.6 0 0
16 47 47 80312.8 0 0
18 52 47 80317 0 0
16 49 47 80321.2 0 0
16 49 47 80325.4 0 0
18 49 47 80329.6 0 0
17 52 47 80333.9 0 0
18 51 47 80338.1 0 0
18 55 48 80342.3 0 0
18 50 47 80346.5 0 0
18 50 47 80350.8 0 0
18 55 47 80355.4 0 0
18 52 47 80359.7 0 0
18 50 47 80366.3 0 0
21 52 47 80370.6 0 0
19 49 48 80374.8 0 0
27 47 48 80379.1 0 0
36 44 48 80383.3 0 0
48 41 49 80387.5 0 0
55 38 48 80391.7 0 0
64 35 48 80395.9 0 0
69 33 48 80400.1 0 0
72 33 49 80404.3 0 0
72 34 48 80408.6 0 0
75 33 48 80412.8 0 0
74 34 49 80417 0 0
70 35 49 80421.2 0 0
71 35 49 80425.4 0 0
72 35 49 80429.6 0 0
71 36 49 80433.8 0 0
73 37 49 80438.1 0 0
72 31 49 80442.3 0 0
69 35 49 80446.6 0 0
75 34 48 80450.8 0 0
75 34 48 80455 0 0
74 37 49 80461.3 0 0
73 38 48 80465.5 0 0
76 35 48 80470.4 0 0
73 35 48 80474.6 0 0
72 34 49 80478.9 0 0
72 34 49 80483.1 0 0
72 36 49 80487.3 0 0
72 36 49 80491.5 0 0
72 34 49 80495.7 0 0
74 35 48 80499.9 0 0
75 35 49 80504.1 0 0
73 33 49 80508.3 0 0
72 39 48 80512.6 0 0
74 34 49 80516.8 0 0
75 32 49 80521 0 0
72 32 49 80525.2 0 0
74 36 48 80529.4 0 0
70 32 48 80533.7 0 0
71 32 49 80537.9 0 0
72 34 49 80542.1 0 0
71 33 49 80546.3 0 0
71 32 48 80550.5 0 0
72 35 49 80554.7 0 0
71 36 49 80558.9 0 0
72 34 49 80563.2 0 0
69 35 49 80570.1 0 0
73 35 49 80574.3 0 0
71 33 49 80578.6 0 0
73 34 48 80582.8 0 0
73 35 49 80587 0 0
71 32 49 80591.2 0 0
73 38 49 80595.5 0 0
72 37 49 80599.7 0 0
74 38 49 80603.9 0 0
73 38 48 80608.1 0 0
73 39 49 80612.3 0 0
75 37 49 80616.5 0 0
72 38 49 80620.8 0 0
72 39 49 80625 0 0
75 39 49 80629.2 0 0
72 40 49 80633.4 0 0
72 42 49 80637.6 0 0
71 42 49 80641.8 0 0
71 42 49 80646 0 0
74 54 48 80650.2 0 0
68 71 48 80654.5 0 0
67 84 48 80658.7 0 0
68 96 48 80662.9 0 0
66 114 48 80667.3 0 0
68 142 47 80671.5 0 0
73 163 47 80678.4 0 0
71 188 47 80682.7 0 0
72 202 47 80686.9 0 0
74 220 47 80691.1 0 0
75 229 47 80695.3 0 0
74 234 47 80699.6 0 0
77 229 47 80703.8 0 0
75 224 47 80707.9 0 0
75 227 46 80712.2 0 0
75 230 47 80716.4 0 0
76 233 47 80720.6 0 0
74 231 47 80724.8 0 0
75 231 47 80729.1 0 0
76 225 47 80733.3 0 0
74 225 47 80737.5 0 0
76 225 47 80741.7 0 0
78 225 47 80745.9 0 0
75 227 47 80750.1 0 0
78 226 47 80754.4 0 0
79 223 47 80758.6 0 0
74 219 48 80762.8 0 0
77 227 48 80767 0 0
75 233 47 80771.4 0 0
75 230 47 80775.6 0 0
76 234 47 80779.8 0 0
77 230 47 80787.2 0 0
78 226 47 80791.4 0 0
79 222 48 80795.7 0 0
76 225 47 80799.9 0 0
77 225 47 80804.1 0 0
78 228 48 80808.3 0 0
75 231 47 80812.5 0 0
77 228 47 80816.7 0 0
76 222 48 80821 0 0
77 227 47 80825.2 0 0
78 226 47 80829.4 0 0
77 222 47 80833.6 0 0
80 220 48 80837.8 0 0
78 233 47 80842 0 0
77 226 47 80846.3 0 0
78 234 47 80850.5 0 0
77 235 47 80857.5 0 0
79 228 48 80861.8 0 0
78 230 48 80866 0 0
77 235 47 80870.2 0 0
78 217 48 80874.4 0 0
77 219 48 80878.6 0 0
77 222 47 80882.8 0 0
78 225 47 80887 0 0
78 224 47 80891.2 0 0
80 223 47 80902.3 0 0
77 206 48 80906.5 0 0
75 203 48 80911.8 0 0
75 199 48 80916 0 0
76 202 48 80920.2 0 0
75 199 48 80924.4 0 0
77 209 47 80928.6 0 0
75 207 47 80932.8 0 0
76 208 47 80937 0 0
77 209 47 80941.3 0 0
74 203 47 80945.5 0 0
75 202 48 80949.7 0 0
76 203 48 80953.9 0 0
74 204 48 80958.1 0 0
74 201 48 80962.3 0 0
76 204 48 80966.5 0 0
73 201 48 80970.7 0 0
77 203 48 80975 0 0
75 205 47 80979.2 0 0
74 210 48 80983.4 0 0
75 202 48 80987.6 0 0
78 211 48 80991.8 0 0
77 210 48 80996 0 0
76 207 48 81000.2 0 0
75 213 47 81004.4 0 0
75 208 47 81008.7 0 0
76 204 48 81012.9 0 0
76 204 48 81017.1 0 0
76 208 47 81023.7 0 0
78 207 47 81028 0 0
80 211 48 81032.2 0 0
76 210 47 81036.5 0 0
75 208 47 81040.7 0 0
76 208 47 81044.9 0 0
75 209 48 81049.1 0 0
79 205 48 81053.3 0 0
76 204 48 81057.6 0 0
78 208 47 81061.8 0 0
76 203 48 81066 0 0
76 210 47 81070.2 0 0
78 203 48 81074.4 0 0
75 204 48 81078.6 0 0
78 205 48 81082.8 0 0
75 206 47 81087 0 0
76 207 48 81091.2 0 0
79 202 48 81095.5 0 0
75 211 47 81099.7 0 0
77 207 48 81104.1 0 0
77 212 48 81108.3 0 0
77 209 47 81112.6 0 0
75 204 48 81116.8 0 0
77 205 48 81121 0 0
76 204 48 81125.2 0 0
77 205 48 81129.6 0 0
77 204 48 81133.8 0 0
76 205 47 81138 0 0
75 203 48 81142.2 0 0
75 205 48 81146.4 0 0
76 205 48 81150.7 0 0
74 201 48 81154.9 0 0
78 210 48 81159.1 0 0
74 210 48 81163.3 0 0
77 203 48 81167.5 0 0
74 209 48 81171.7 0 0
77 206 48 81176.1 0 0
76 203 48 81180.4 0 0
77 206 48 81184.6 0 0
76 203 48 81188.8 0 0
77 204 48 81193 0 0
77 207 48 81197.2 0 0
76 202 48 81201.4 0 0
78 201 48 81205.6 0 0
74 204 48 81209.9 0 0
78 202 48 81214.1 0 0
76 201 48 81218.3 0 0
78 200 48 81222.5 0 0
84 201 48 81226.7 0 0
94 208 48 81230.9 0 0
100 204 48 81235.2 0 0
108 201 48 81239.4 0 0
116 206 48 81243.6 0 0
124 200 48 81247.8 0 0
126 200 48 81252.1 0 0
131 189 48 81256.3 0 0
132 194 47 81260.5 0 0
130 197 47 81264.7 0 0
127 193 48 81268.9 0 0
129 196 48 81273.1 0 0
127 192 48 81277.3 0 0
131 203 47 81281.5 0 0
128 196 48 81285.8 0 0
130 207 47 81290.1 0 0
130 200 48 81294.3 0 0
131 201 48 81298.6 0 0
132 200 47 81302.8 0 0
129 197 48 81307 0 0
133 201 48 81311.2 0 0
128 190 48 81315.4 0 0
128 199 47 81319.7 0 0
130 189 48 81323.9 0 0
131 199 48 81328.1 0 0
130 200 48 81332.4 0 0
134 200 48 81336.6 0 0
129 199 48 81340.8 0 0
130 199 48 81345.1 0 0
131 199 48 81349.3 0 0
129 197 48 81353.6 0 0
132 196 48 81357.8 0 0
133 203 48 81362 0 0
129 195 48 81366.2 0 0
130 194 48 81370.5 0 0
131 199 48 81374.7 0 0
129 198 48 81378.9 0 0
130 200 48 81383.2 0 0
133 198 48 81387.4 0 0
130 194 48 81391.6 0 0
132 204 48 81395.8 0 0
131 197 48 81400.1 0 0
128 187 48 81404.3 0 0
125 178 48 81408.5 0 0
124 165 48 81412.7 0 0
122 155 48 81419.4 0 0
124 162 48 81423.7 0 0
122 164 48 81427.9 0 0
123 158 48 81432.1 0 0
123 161 48 81436.4 0 0
123 160 48 81440.6 0 0
123 161 48 81444.8 0 0
123 165 48 81449.1 0 0
124 164 48 81453.2 0 0
124 163 48 81457.4 0 0
122 162 48 81461.7 0 0
124 165 48 81465.9 0 0
125 161 48 81470.1 0 0
126 159 48 81474.4 0 0
123 157 48 81478.6 0 0
124 158 48 81482.8 0 0
123 154 48 81487 0 0
123 165 48 81491.2 0 0
124 163 48 81495.4 0 0
122 160 48 81499.6 0 0
119 164 48 81503.9 0 0
125 164 48 81508.1 0 0
123 162 48 81512.3 0 0
122 164 48 81516.5 0 0
122 161 48 81523.6 0 0
126 164 48 81527.8 0 0
120 157 48 81532.1 0 0
123 164 48 81536.3 0 0
124 161 48 81540.8 0 0
122 164 48 81545 0 0
124 155 48 81549.2 0 0
123 156 48 81553.4 0 0
122 158 48 81557.6 0 0
123 155 48 81561.8 0 0
125 154 49 81566.1 0 0
124 157 49 81570.3 0 0
124 158 48 81574.5 0 0
123 157 48 81578.7 0 0
122 159 48 81582.9 0 0
123 155 48 81587.1 0 0
124 155 48 81591.3 0 0
124 160 48 81595.6 0 0
125 156 48 81599.8 0 0
124 165 48 81604.2 0 0
124 168 48 81608.4 0 0
123 166 48 81615 0 0
123 163 48 81619.3 0 0
121 157 48 81623.5 0 0
123 155 48 81627.8 0 0
125 167 48 81632 0 0
123 166 48 81636.2 0 0
125 164 48 81640.4 0 0
123 157 49 81644.8 0 0
123 161 48 81649 0 0
125 167 48 81653.2 0 0
124 162 48 81657.5 0 0
122 158 48 81662.6 0 0
122 163 48 81666.8 0 0
124 160 49 81673.4 0 0
125 161 49 81677.7 0 0
124 165 48 81681.9 0 0
122 165 48 81686.1 0 0
122 155 48 81690.3 0 0
123 157 48 81694.6 0 0
124 164 48 81698.8 0 0
122 157 48 81703 0 0
125 158 48 81707.3 0 0
121 160 48 81711.6 0 0
124 163 48 81715.8 0 0
123 156 48 81720 0 0
128 154 48 81724.3 0 0
125 166 49 81728.5 0 0
124 163 48 81732.7 0 0
122 159 49 81736.9 0 0
123 154 48 81741.1 0 0
124 152 48 81745.3 0 0
121 159 49 81749.6 0 0
125 162 48 81753.8 0 0
123 160 49 81758 0 0
123 159 48 81762.2 0 0
126 165 48 81766.4 0 0
124 161 48 81770.6 0 0
123 163 49 81774.8 0 0
124 153 48 81779 0 0
125 163 48 81785.9 0 0
121 162 48 81790.3 0 0
126 159 48 81794.5 0 0
123 157 48 81798.7 0 0
124 152 48 81802.9 0 0
123 155 48 81807.1 0 0
122 162 48 81811.3 0 0
122 162 48 81815.6 0 0
122 164 48 81819.8 0 0
125 159 48 81824 0 0
126 165 48 81828.2 0 0
123 161 49 81832.4 0 0
122 153 48 81836.9 0 0
123 155 48 81841.1 0 0
123 155 48 81845.4 0 0
124 157 48 81849.6 0 0
123 155 48 81856.8 0 0
122 154 48 81861 0 0
126 163 48 81865.2 0 0
119 162 48 81869.4 0 0
124 166 48 81873.6 0 0
122 163 48 81877.9 0 0
124 163 48 81882.1 0 0
124 163 48 81886.3 0 0
123 162 48 81890.5 0 0
125 163 48 81894.7 0 0
120 160 48 81898.9 0 0
123 152 49 81903.2 0 0
122 157 48 81907.4 0 0
121 155 48 81911.6 0 0
125 158 48 81915.9 0 0
123 162 48 81920.1 0 0
121 165 48 81924.3 0 0
125 157 48 81928.5 0 0
122 159 48 81932.7 0 0
123 161 49 81936.9 0 0
124 152 48 81941.2 0 0
124 157 48 81945.4 0 0
123 155 49 81949.6 0 0
123 153 48 81956.4 0 0
123 158 48 81960.7 0 0
123 163 48 81964.9 0 0
125 161 48 81969.2 0 0
122 161 48 81973.4 0 0
121 163 48 81977.6 0 0
123 163 48 81981.9 0 0
124 164 48 81986.1 0 0
123 162 48 81990.3 0 0
122 163 48 81994.5 0 0
122 162 48 81998.7 0 0
123 159 48 82003 0 0
123 159 48 82007.2 0 0
124 152 48 82011.4 0 0
122 156 48 82015.6 0 0
123 154 49 82019.8 0 0
125 152 48 82024 0 0
121 153 48 82028.2 0 0
124 157 48 82032.5 0 0
122 153 48 82036.7 0 0
125 155 48 82041 0 0
122 154 48 82045.2 0 0
122 154 48 82049.4 0 0
121 157 48 82055 0 0
123 159 49 82059.2 0 0
127 159 48 82063.5 0 0
125 160 48 82067.7 0 0
123 159 48 82071.9 0 0
124 158 48 82076.1 0 0
122 144 49 82080.4 0 0
117 129 48 82084.6 0 0
113 116 49 82088.8 0 0
111 103 49 82093 0 0
109 95 49 82097.2 0 0
104 87 50 82101.4 0 0
102 75 49 82105.7 0 0
99 66 49 82109.9 0 0
96 55 49 82114.1 0 0
96 52 49 82118.3 0 0
92 43 49 82122.5 0 0
91 38 49 82126.8 0 0
89 35 49 82131 0 0
90 28 50 82135.2 0 0
88 27 49 82139.4 0 0
88 24 49 82143.6 0 0
89 28 49 82147.9 0 0
88 28 49 82152.1 0 0
87 29 49 82156.3 0 0
89 29 49 82160.5 0 0
89 26 49 82164.8 0 0
88 27 50 82169 0 0
90 26 49 82173.2 0 0
88 29 49 82177.4 0 0
87 24 49 82181.6 0 0
85 26 49 82185.8 0 0
87 28 49 82190.1 0 0
87 27 49 82194.3 0 0
87 29 49 82198.5 0 0
88 28 49 82202.7 0 0
89 27 49 82206.9 0 0
85 26 49 82211.1 0 0
86 27 49 82215.3 0 0
87 26 50 82219.6 0 0
85 31 49 82223.8 0 0
88 26 49 82228 0 0
90 31 49 82232.2 0 0
90 29 49 82236.4 0 0
89 28 50 82240.6 0 0
88 29 49 82244.8 0 0
89 28 49 82249.1 0 0
91 30 49 82253.3 0 0
90 28 49 82257.5 0 0
89 30 49 82261.7 0 0
89 30 49 82265.9 0 0
89 29 49 82270.1 0 0
87 29 50 82274.3 0 0
81 29 50 82278.5 0 0
80 26 50 82282.8 0 0
83 24 49 82287 0 0
78 25 49 82291.3 0 0
77 25 49 82295.5 0 0
77 25 49 82299.7 0 0
78 26 50 82303.9 0 0
80 27 49 82308.1 0 0
78 26 49 82312.3 0 0
79 24 49 82316.6 0 0
78 26 49 82320.8 0 0
78 25 49 82325 0 0
77 24 49 82329.2 0 0
78 24 49 82333.4 0 0
81 25 49 82337.6 0 0
79 26 49 82341.8 0 0
79 25 50 82346.1 0 0
78 25 50 82350.3 0 0
79 26 49 82354.5 0 0
77 25 49 82358.7 0 0
80 27 49 82362.9 0 0
79 26 49 82367.1 0 0
76 26 49 82371.3 0 0
80 24 49 82375.6 0 0
80 27 49 82379.8 0 0
78 23 49 82384 0 0
78 26 49 82388.2 0 0
79 24 50 82392.4 0 0
80 25 49 82396.6 0 0
78 28 50 82400.9 0 0
79 26 49 82405.1 0 0
79 25 49 82409.3 0 0
77 26 49 82413.5 0 0
77 27 49 82417.9 0 0
77 24 50 82422.2 0 0
79 26 49 82426.4 0 0
78 26 50 82430.6 0 0
80 25 49 82434.8 0 0
79 25 49 82439 0 0
78 27 49 82443.2 0 0
79 24 49 82447.5 0 0
82 26 49 82451.7 0 0
77 25 49 82455.9 0 0
77 25 50 82460.1 0 0
79 26 49 82464.3 0 0
80 28 49 82468.5 0 0
80 26 49 82472.9 0 0
79 28 49 82477.2 0 0
79 26 49 82481.4 0 0
79 28 49 82485.6 0 0
77 25 49 82489.8 0 0
79 27 49 82494.1 0 0
80 26 49 82498.3 0 0
79 26 49 82502.5 0 0
78 25 49 82506.7 0 0
79 25 49 82510.9 0 0
79 26 49 82515.1 0 0
79 26 49 82519.4 0 0
81 26 50 82523.6 0 0
79 26 49 82527.8 0 0
77 26 49 82532 0 0
79 27 49 82537.7 0 0
77 25 49 82541.9 0 0
78 27 49 82546.1 0 0
78 25 50 82550.3 0 0
79 28 49 82554.5 0 0
80 27 49 82558.7 0 0
79 29 49 82563 0 0
78 27 49 82567.2 0 0
81 26 49 82571.4 0 0
78 27 49 82575.6 0 0
75 24 49 82579.8 0 0
80 27 49 82584.1 0 0
79 29 49 82588.3 0 0
78 25 49 82592.5 0 0
80 25 49 82596.7 0 0
80 27 49 82600.9 0 0
76 26 49 82605.1 0 0
79 27 49 82609.4 0 0
79 29 49 82613.8 0 0
78 29 49 82618 0 0
77 26 49 82622.2 0 0
80 27 50 82626.5 0 0
80 28 49 82630.7 0 0
77 30 49 82634.9 0 0
82 29 49 82639.1 0 0
77 27 49 82643.3 0 0
80 29 50 82647.6 0 0
77 28 49 82651.8 0 0
79 28 49 82656 0 0
77 29 49 82660.3 0 0
79 27 49 82664.6 0 0
81 28 49 82668.8 0 0
80 29 49 82673 0 0
77 28 49 82677.2 0 0
80 27 49 82681.4 0 0
78 26 49 82685.6 0 0
79 28 49 82689.8 0 0
78 27 49 82694.1 0 0
79 27 49 82698.3 0 0
80 28 49 82702.5 0 0
78 28 49 82706.7 0 0
78 29 49 82710.9 0 0
81 26 49 82715.1 0 0
83 27 50 82719.3 0 0
79 29 49 82723.6 0 0
78 28 49 82727.8 0 0
78 28 49 82732 0 0
79 27 49 82736.2 0 0
81 27 49 82740.4 0 0
77 26 49 82744.6 0 0
79 28 49 82748.9 0 0
78 26 49 82753.1 0 0
80 27 49 82757.3 0 0
81 27 49 82761.5 0 0
84 28 50 82765.7 0 0
81 28 49 82770 0 0
77 28 49 82774.2 0 0
80 28 49 82778.4 0 0
79 27 49 82782.7 0 0
79 27 49 82786.9 0 0
78 28 49 82791.2 0 0
80 27 49 82795.4 0 0
80 26 49 82799.6 0 0
80 28 49 82803.8 0 0
79 28 49 82808.1 0 0
79 27 49 82812.3 0 0
78 28 49 82816.5 0 0
82 28 49 82820.8 0 0
80 29 50 82825 0 0
79 24 49 82829.2 0 0
80 29 49 82833.4 0 0
79 25 49 82837.6 0 0
78 29 49 82841.8 0 0
78 26 49 82846.1 0 0
78 26 49 82850.3 0 0
80 27 49 82854.9 0 0
80 29 49 82859.1 0 0
76 26 49 82863.3 0 0
78 26 49 82868 0 0
79 27 49 82872.3 0 0
79 26 49 82876.6 0 0
77 29 49 82880.8 0 0
78 26 49 82885 0 0
80 27 50 82889.2 0 0
79 27 49 82893.4 0 0
80 30 49 82906.8 0 0
79 26 49 82912.3 0 0
80 25 49 82916.6 0 0
78 25 49 82920.8 0 0
78 27 49 82925 0 0
80 28 49 82929.2 0 0
78 28 49 82933.4 0 0
80 28 49 82937.6 0 0
79 29 49 82942.4 0 0
79 28 49 82946.6 0 0
80 28 49 82950.8 0 0
78 28 49 82955 0 0
80 30 49 82959.2 0 0
80 28 49 82963.5 0 0
80 28 49 82967.7 0 0
77 29 49 82971.9 0 0
80 28 49 82976.1 0 0
80 28 49 82980.4 0 0
77 27 49 82984.6 0 0
80 27 49 82988.8 0 0
81 28 49 82993 0 0
77 27 49 82997.2 0 0
79 26 49 83001.5 0 0
79 27 49 83005.7 0 0
80 27 49 83009.9 0 0
79 26 49 83014.1 0 0
79 28 49 83018.3 0 0
79 26 49 83022.5 0 0
77 26 49 83026.8 0 0
79 27 49 83031 0 0
76 28 49 83035.5 0 0
79 28 49 83039.7 0 0
77 27 49 83043.9 0 0
78 27 49 83048.1 0 0
79 28 49 83052.3 0 0
77 27 49 83056.6 0 0
79 28 49 83060.8 0 0
81 27 49 83065 0 0
78 28 49 83069.2 0 0
78 27 49 83073.4 0 0
78 30 49 83077.7 0 0
81 29 49 83081.9 0 0
79 28 49 83086.1 0 0
78 28 49 83090.3 0 0
76 28 49 83094.6 0 0
79 27 49 83098.8 0 0
78 29 49 83103 0 0
86 28 49 83107.2 0 0
92 27 50 83111.4 0 0
96 28 49 83115.6 0 0
103 27 49 83119.8 0 0
104 30 49 83124.1 0 0
109 28 49 83128.3 0 0
107 29 49 83132.5 0 0
107 32 49 83136.7 0 0
107 32 49 83140.9 0 0
107 32 49 83145.2 0 0
107 34 49 83149.4 0 0
105 38 49 83153.6 0 0
108 37 49 83157.8 0 0
114 37 49 83162 0 0
117 37 49 83166.5 0 0
122 31 49 83170.7 0 0
128 31 50 83174.9 0 0
134 32 49 83179.1 0 0
138 33 49 83183.4 0 0
142 33 49 83187.7 0 0
146 37 49 83193.5 0 0
145 37 49 83197.8 0 0
147 39 49 83201.9 0 0
145 39 48 83206.1 0 0
147 40 48 83210.4 0 0
147 41 48 83214.6 0 0
147 40 49 83218.8 0 0
147 41 49 83223.1 0 0
148 41 48 83227.4 0 0
148 41 48 83231.6 0 0
148 40 48 83235.8 0 0
149 37 48 83240 0 0
147 39 48 83244.2 0 0
150 40 49 83248.4 0 0
150 40 49 83252.6 0 0
149 40 48 83258.1 0 0
147 39 48 83262.3 0 0
147 41 48 83266.6 0 0
147 41 48 83270.8 0 0
148 38 48 83275 0 0
148 40 48 83279.2 0 0
147 41 48 83283.4 0 0
150 39 49 83287.6 0 0
147 41 48 83291.8 0 0
148 41 49 83296.1 0 0
149 41 49 83300.3 0 0
148 41 48 83304.5 0 0
150 41 49 83308.7 0 0
147 42 49 83312.9 0 0
149 42 48 83317.1 0 0
147 42 48 83321.4 0 0
147 42 48 83325.6 0 0
148 41 48 83329.8 0 0
147 42 48 83334 0 0
149 43 49 83338.2 0 0
151 40 48 83342.4 0 0
148 45 48 83346.6 0 0
149 40 48 83350.8 0 0
147 44 48 83355.1 0 0
149 42 48 83359.3 0 0
147 39 49 83363.5 0 0
145 43 49 83367.7 0 0
146 45 49 83371.9 0 0
138 46 49 83376.1 0 0
129 46 49 83380.3 0 0
119 48 49 83384.6 0 0
108 49 50 83388.8 0 0
97 55 50 83393 0 0
85 54 49 83397.2 0 0
82 61 49 83401.4 0 0
69 64 49 83405.6 0 0
59 70 48 83409.8 0 0
52 52 50 83414.1 0 0
50 62 48 83418.3 0 0
47 69 48 83422.5 0 0
38 69 48 83426.7 0 0
38 75 48 83430.9 0 0
33 73 48 83435.2 0 0
32 71 48 83439.4 0 0
33 72 48 83443.6 0 0
34 69 47 83447.8 0 0
34 73 48 83452 0 0
31 74 48 83456.2 0 0
34 71 48 83460.4 0 0
34 70 47 83464.6 0 0
31 71 47 83468.9 0 0
32 75 48 83473.1 0 0
34 70 47 83477.3 0 0
33 68 47 83481.5 0 0
32 67 47 83485.7 0 0
30 67 47 83489.9 0 0
33 69 47 83494.1 0 0
33 69 48 83498.4 0 0
33 68 47 83502.6 0 0
34 66 47 83506.8 0 0
32 73 48 83511 0 0
32 69 47 83515.2 0 0
33 68 47 83519.4 0 0
32 71 47 83523.6 0 0
34 68 47 83527.9 0 0
33 69 47 83532.1 0 0
31 68 47 83536.4 0 0
32 77 48 83540.6 0 0
35 73 48 83544.8 0 0
34 77 48 83549 0 0
36 69 47 83553.2 0 0
32 68 47 83557.4 0 0
36 73 48 83561.6 0 0
35 75 48 83565.8 0 0
32 72 48 83570.1 0 0
33 71 47 83574.3 0 0
33 70 47 83578.5 0 0
35 68 47 83582.7 0 0
31 66 47 83586.9 0 0
33 70 48 83591.1 0 0
33 65 47 83595.3 0 0
32 62 47 83599.6 0 0
33 61 47 83604 0 0
35 59 48 83608.3 0 0
34 61 47 83612.5 0 0
35 59 48 83616.7 0 0
29 63 48 83620.9 0 0
34 60 47 83625.1 0 0
34 62 47 83629.4 0 0
32 61 47 83633.6 0 0
32 60 47 83637.8 0 0
32 61 47 83642.1 0 0
31 60 47 83646.2 0 0
33 65 48 83650.5 0 0
34 62 47 83654.7 0 0
32 60 47 83658.9 0 0
32 61 47 83663.1 0 0
33 60 47 83667.4 0 0
32 61 48 83671.6 0 0
33 63 47 83675.8 0 0
32 60 47 83680 0 0
33 60 47 83684.2 0 0
30 66 48 83688.4 0 0
32 63 48 83692.7 0 0
32 63 47 83696.9 0 0
30 64 48 83701.1 0 0
36 61 47 83705.3 0 0
33 62 47 83709.5 0 0
32 62 47 83713.7 0 0
34 62 47 83717.9 0 0
32 62 47 83722.1 0 0
32 62 47 83726.4 0 0
32 61 47 83730.7 0 0
33 63 47 83734.9 0 0
33 61 47 83739.1 0 0
33 64 47 83743.3 0 0
33 61 47 83747.5 0 0
32 64 48 83751.8 0 0
33 63 47 83756 0 0
32 61 47 83760.2 0 0
33 62 47 83764.4 0 0
33 64 48 83768.6 0 0
35 67 48 83772.8 0 0
33 64 47 83777.1 0 0
34 62 47 83783.9 0 0
37 67 48 83788.1 0 0
48 74 48 83792.4 0 0
61 82 48 83796.6 0 0
69 87 48 83800.8 0 0
76 94 48 83805 0 0
88 102 48 83809.2 0 0
94 104 49 83813.4 0 0
102 112 48 83817.7 0 0
108 122 48 83821.9 0 0
116 131 48 83826.1 0 0
117 140 47 83830.3 0 0
121 154 47 83834.5 0 0
119 157 48 83838.7 0 0
116 160 48 83842.9 0 0
120 154 47 83847.2 0 0
121 159 47 83851.4 0 0
119 158 47 83855.6 0 0
118 151 47 83859.8 0 0
123 160 47 83864 0 0
118 157 47 83868.2 0 0
119 152 47 83872.4 0 0
119 159 48 83876.7 0 0
120 158 47 83880.9 0 0
120 158 48 83888 0 0
120 161 47 83892.2 0 0
118 161 47 83896.4 0 0
121 165 48 83900.7 0 0
121 162 48 83904.9 0 0
119 158 48 83909.1 0 0
118 152 48 83913.3 0 0
119 155 48 83917.5 0 0
120 155 48 83921.7 0 0
120 161 48 83926 0 0
122 165 48 83930.2 0 0
119 161 48 83934.4 0 0
123 161 48 83938.7 0 0
121 153 48 83942.9 0 0
118 152 48 83947.1 0 0
121 156 48 83951.3 0 0
118 157 48 83955.5 0 0
120 156 48 83959.7 0 0
118 160 48 83964 0 0
120 163 48 83968.2 0 0
119 164 48 83972.4 0 0
118 152 48 83976.6 0 0
118 156 48 83980.9 0 0
120 158 48 83985.1 0 0
120 162 48 83989.2 0 0
120 153 47 83996.4 0 0
119 157 48 84000.6 0 0
116 156 48 84004.8 0 0
121 157 48 84009.1 0 0
119 161 48 84013.3 0 0
120 162 48 84017.4 0 0
119 161 48 84021.7 0 0
117 164 48 84025.9 0 0
119 151 48 84030.1 0 0
117 153 48 84034.3 0 0
117 158 48 84038.6 0 0
117 161 48 84042.8 0 0
121 166 48 84047 0 0
