105 77 58 12027.1 0 0
104 77 58 12031.3 0 0
109 76 58 12035.5 0 0
107 74 58 12039.7 0 0
108 75 58 12044 0 0
106 77 58 12048.2 0 0
110 74 58 12052.5 0 0
108 75 58 12056.7 0 0
107 74 58 12060.9 0 0
107 75 58 12065.2 0 0
107 75 58 12069.4 0 0
108 74 58 12073.6 0 0
109 75 58 12077.9 0 0
107 75 58 12082.1 0 0
108 74 58 12086.3 0 0
105 75 58 12090.5 0 0
108 76 58 12094.7 0 0
107 75 58 12099 0 0
107 74 58 12103.2 0 0
106 74 58 12107.4 0 0
109 74 58 12111.6 0 0
107 75 58 12115.8 0 0
108 77 58 12120 0 0
110 73 58 12124.2 0 0
107 75 58 12128.5 0 0
112 75 58 12132.6 0 0
107 75 58 12136.9 0 0
107 75 58 12141.1 0 0
108 76 58 12145.3 0 0
108 74 58 12149.5 0 0
109 75 58 12153.8 0 0
107 75 58 12158 0 0
107 75 58 12162.2 0 0
105 76 58 12166.4 0 0
108 76 58 12170.6 0 0
107 77 58 12174.8 0 0
106 75 58 12179 0 0
109 77 58 12183.2 0 0
108 75 58 12187.4 0 0
108 77 58 12191.6 0 0
110 75 58 12195.9 0 0
110 77 58 12200.1 0 0
109 73 58 12204.3 0 0
107 75 58 12208.5 0 0
109 74 58 12212.7 0 0
108 74 58 12216.9 0 0
109 74 58 12221.1 0 0
107 75 58 12225.4 0 0
106 75 58 12229.6 0 0
107 75 58 12233.8 0 0
107 76 58 12238 0 0
107 75 58 12242.2 0 0
109 77 58 12246.4 0 0
105 76 58 12250.6 0 0
107 76 58 12254.9 0 0
106 79 58 12259.1 0 0
108 76 58 12263.3 0 0
108 76 58 12267.5 0 0
104 79 58 12271.7 0 0
108 76 58 12276 0 0
109 79 58 12280.1 0 0
104 79 58 12284.4 0 0
109 77 58 12288.6 0 0
107 79 58 12292.8 0 0
106 76 58 12297 0 0
108 75 58 12301.3 0 0
106 79 58 12305.5 0 0
109 77 58 12310 0 0
107 76 58 12314.2 0 0
105 78 58 12318.4 0 0
108 76 58 12322.6 0 0
103 79 58 12326.9 0 0
98 86 59 12331.1 0 0
92 91 59 12335.3 0 0
84 100 59 12339.5 0 0
80 109 59 12343.7 0 0
74 122 59 12347.9 0 0
70 136 58 12352.1 0 0
68 145 58 12356.4 0 0
67 158 58 12360.6 0 0
64 169 58 12364.9 0 0
65 180 58 12369.1 0 0
64 181 58 12373.3 0 0
65 190 58 12377.5 0 0
66 187 58 12381.7 0 0
68 190 58 12385.9 0 0
65 185 58 12390.1 0 0
64 188 58 12394.4 0 0
63 187 58 12398.6 0 0
64 187 58 12402.8 0 0
65 193 58 12407 0 0
65 185 58 12411.2 0 0
65 193 58 12415.4 0 0
63 190 58 12419.6 0 0
67 188 58 12423.9 0 0
66 189 58 12428.1 0 0
66 186 58 12432.3 0 0
69 189 58 12436.5 0 0
65 185 58 12440.7 0 0
65 189 58 12444.9 0 0
66 192 58 12449.1 0 0
67 195 58 12453.4 0 0
66 191 58 12457.6 0 0
67 187 58 12461.8 0 0
64 193 58 12466 0 0
64 192 58 12470.2 0 0
66 182 58 12474.4 0 0
66 186 58 12478.6 0 0
66 192 58 12482.9 0 0
64 190 58 12487.1 0 0
65 188 58 12491.3 0 0
66 190 58 12495.5 0 0
65 188 58 12499.7 0 0
68 191 58 12503.9 0 0
63 186 58 12508.1 0 0
65 190 58 12512.4 0 0
64 188 58 12516.6 0 0
66 189 58 12520.8 0 0
64 189 58 12525 0 0
65 186 58 12529.2 0 0
67 197 58 12533.5 0 0
66 199 58 12537.7 0 0
66 188 58 12541.9 0 0
66 192 58 12546.1 0 0
62 188 58 12550.3 0 0
64 197 58 12554.5 0 0
66 201 58 12558.9 0 0
63 194 58 12563.1 0 0
65 195 58 12567.3 0 0
65 200 58 12571.5 0 0
65 195 58 12575.8 0 0
66 197 58 12580 0 0
69 195 58 12584.2 0 0
61 192 58 12588.5 0 0
66 196 58 12592.7 0 0
66 194 58 12596.9 0 0
65 193 58 12601.1 0 0
65 200 58 12605.3 0 0
63 191 58 12609.5 0 0
67 196 58 12613.8 0 0
65 190 58 12618 0 0
66 191 58 12622.2 0 0
67 191 58 12626.4 0 0
64 184 58 12630.6 0 0
66 190 58 12634.8 0 0
67 189 58 12639 0 0
64 189 58 12643.2 0 0
66 189 58 12647.4 0 0
66 188 58 12651.6 0 0
66 190 58 12655.8 0 0
66 189 58 12660 0 0
64 188 58 12664.3 0 0
67 188 58 12668.5 0 0
64 190 58 12672.7 0 0
65 188 58 12677 0 0
62 188 58 12681.2 0 0
55 185 58 12685.4 0 0
54 185 58 12689.6 0 0
50 175 58 12693.8 0 0
45 169 58 12698 0 0
40 163 58 12702.3 0 0
38 160 58 12706.5 0 0
35 155 57 12710.7 0 0
32 161 57 12714.9 0 0
27 157 57 12719.1 0 0
24 159 57 12723.3 0 0
25 155 57 12727.5 0 0
23 155 57 12731.7 0 0
26 155 57 12736 0 0
25 154 57 12740.2 0 0
27 156 57 12744.4 0 0
24 154 57 12748.6 0 0
26 156 57 12752.8 0 0
24 154 57 12757 0 0
24 154 57 12761.2 0 0
24 155 57 12765.6 0 0
26 153 57 12769.8 0 0
24 153 57 12774 0 0
24 156 57 12778.2 0 0
24 153 57 12782.4 0 0
23 153 57 12786.7 0 0
24 140 57 12790.9 0 0
20 150 57 12795.1 0 0
23 141 57 12799.3 0 0
22 142 57 12803.8 0 0
21 145 57 12808 0 0
23 145 57 12812.2 0 0
24 148 57 12816.4 0 0
24 143 57 12820.6 0 0
24 147 57 12824.8 0 0
25 144 57 12829.1 0 0
20 144 57 12833.3 0 0
22 144 57 12837.5 0 0
25 141 57 12841.7 0 0
22 143 57 12845.9 0 0
23 144 57 12850.1 0 0
23 142 57 12854.3 0 0
22 144 57 12858.7 0 0
24 142 57 12862.9 0 0
24 143 57 12867.1 0 0
25 144 57 12871.4 0 0
24 142 57 12875.6 0 0
24 143 57 12879.8 0 0
24 143 57 12884 0 0
24 141 57 12888.2 0 0
22 144 57 12892.5 0 0
22 144 57 12896.7 0 0
23 140 57 12900.9 0 0
23 140 57 12905.1 0 0
24 140 57 12909.3 0 0
21 142 57 12913.5 0 0
22 145 57 12917.7 0 0
23 141 57 12921.9 0 0
23 142 57 12926.1 0 0
23 143 57 12930.4 0 0
24 139 57 12934.6 0 0
23 141 57 12938.8 0 0
22 139 57 12943 0 0
23 141 57 12947.2 0 0
24 145 57 12951.4 0 0
23 142 57 12955.6 0 0
22 143 57 12959.9 0 0
24 142 57 12964.1 0 0
25 145 57 12968.3 0 0
37 161 59 12972.5 0 0
44 160 58 12976.7 0 0
51 168 58 12981 0 0
60 180 58 12985.2 0 0
62 178 57 12989.4 0 0
64 185 57 12993.6 0 0
60 186 57 12997.9 0 0
66 191 57 13002.1 0 0
62 190 58 13006.3 0 0
62 193 57 13010.5 0 0
63 190 58 13014.7 0 0
64 190 57 13019 0 0
65 189 57 13023.2 0 0
65 192 58 13027.4 0 0
66 191 57 13031.6 0 0
62 187 58 13035.8 0 0
65 192 58 13040 0 0
64 189 58 13044.3 0 0
64 192 57 13048.5 0 0
61 191 57 13052.7 0 0
63 193 58 13057.2 0 0
65 193 58 13061.4 0 0
64 189 57 13065.6 0 0
65 189 57 13069.8 0 0
66 182 58 13074 0 0
66 189 58 13078.3 0 0
63 187 57 13082.5 0 0
67 183 58 13086.7 0 0
65 191 57 13090.9 0 0
63 187 58 13095.1 0 0
63 196 58 13099.3 0 0
63 192 58 13103.5 0 0
66 195 58 13107.8 0 0
64 190 57 13112 0 0
64 195 57 13116.2 0 0
65 194 57 13120.4 0 0
63 186 57 13124.6 0 0
66 184 58 13128.8 0 0
64 186 57 13133 0 0
67 184 57 13137.3 0 0
66 184 58 13141.5 0 0
63 187 57 13145.7 0 0
63 184 57 13149.9 0 0
65 183 57 13154.1 0 0
63 185 58 13158.3 0 0
68 186 57 13162.6 0 0
65 187 57 13166.8 0 0
66 186 58 13171.1 0 0
66 184 57 13175.3 0 0
65 188 57 13179.5 0 0
66 186 57 13183.7 0 0
66 187 57 13187.9 0 0
64 189 58 13192.1 0 0
64 185 57 13196.3 0 0
62 189 57 13200.6 0 0
65 182 58 13204.8 0 0
65 187 57 13209 0 0
63 193 57 13213.2 0 0
65 185 57 13217.4 0 0
62 187 58 13221.6 0 0
65 188 58 13225.8 0 0
65 185 57 13230.1 0 0
65 187 57 13234.3 0 0
65 186 57 13238.5 0 0
62 185 57 13242.8 0 0
66 186 58 13247 0 0
66 181 57 13251.2 0 0
65 187 57 13255.4 0 0
65 187 58 13259.6 0 0
63 183 57 13263.9 0 0
64 188 58 13268.1 0 0
65 184 57 13272.3 0 0
62 189 57 13276.5 0 0
66 185 58 13280.7 0 0
62 187 58 13284.9 0 0
64 187 58 13289.1 0 0
66 185 57 13293.4 0 0
64 187 57 13297.6 0 0
67 191 58 13301.9 0 0
64 185 58 13306.1 0 0
69 185 58 13310.3 0 0
76 173 58 13314.5 0 0
83 172 58 13318.7 0 0
86 162 58 13323 0 0
90 162 58 13327.2 0 0
92 165 58 13331.4 0 0
101 160 58 13335.6 0 0
105 157 58 13339.8 0 0
108 152 58 13344 0 0
109 152 58 13348.2 0 0
107 153 57 13352.4 0 0
108 154 58 13356.6 0 0
107 152 58 13360.9 0 0
105 153 58 13365.1 0 0
109 155 58 13369.3 0 0
106 154 57 13373.5 0 0
108 154 58 13377.7 0 0
108 152 57 13381.9 0 0
109 152 57 13386.1 0 0
108 150 58 13390.4 0 0
109 150 58 13394.6 0 0
109 152 57 13398.8 0 0
107 152 58 13403 0 0
110 154 58 13407.2 0 0
109 148 58 13411.4 0 0
109 150 58 13415.6 0 0
110 158 58 13419.9 0 0
109 157 57 13424.1 0 0
110 154 57 13428.3 0 0
111 157 58 13432.5 0 0
109 154 58 13436.7 0 0
109 152 58 13440.9 0 0
111 157 58 13445.1 0 0
108 152 58 13449.4 0 0
104 154 58 13453.6 0 0
96 152 58 13457.8 0 0
86 153 59 13462 0 0
75 157 59 13466.2 0 0
68 151 59 13470.4 0 0
61 151 59 13474.6 0 0
48 155 59 13478.8 0 0
41 158 58 13483.1 0 0
36 158 58 13487.3 0 0
33 149 57 13491.5 0 0
29 161 57 13495.7 0 0
31 154 57 13499.9 0 0
28 162 57 13504.1 0 0
30 162 57 13508.3 0 0
31 157 57 13512.5 0 0
30 159 57 13516.8 0 0
31 156 57 13521 0 0
29 156 57 13525.2 0 0
29 152 57 13529.4 0 0
29 151 57 13533.6 0 0
30 150 57 13537.8 0 0
30 153 57 13542 0 0
31 154 57 13546.3 0 0
27 155 57 13550.5 0 0
27 163 57 13554.7 0 0
28 161 57 13559.1 0 0
27 159 57 13563.3 0 0
30 161 57 13567.5 0 0
25 160 57 13571.7 0 0
29 161 57 13575.9 0 0
29 154 57 13580.2 0 0
28 154 57 13584.4 0 0
28 163 57 13588.6 0 0
29 153 57 13592.8 0 0
31 154 57 13597 0 0
28 155 57 13601.2 0 0
30 154 57 13605.4 0 0
30 154 57 13609.7 0 0
30 154 57 13613.9 0 0
32 154 57 13618.1 0 0
39 155 58 13622.3 0 0
47 156 58 13626.5 0 0
52 163 58 13630.7 0 0
59 169 58 13634.9 0 0
64 166 58 13639.1 0 0
69 169 57 13643.4 0 0
73 182 58 13647.6 0 0
76 183 57 13651.8 0 0
71 189 57 13656 0 0
76 191 58 13660.2 0 0
73 190 57 13664.4 0 0
70 187 57 13668.7 0 0
71 185 58 13672.9 0 0
72 188 57 13677.1 0 0
70 182 58 13681.3 0 0
74 187 57 13685.5 0 0
72 186 58 13689.7 0 0
72 186 57 13693.9 0 0
75 187 57 13698.1 0 0
71 182 57 13702.4 0 0
72 190 57 13706.6 0 0
73 191 57 13710.8 0 0
73 186 57 13715 0 0
70 184 57 13719.2 0 0
71 186 58 13723.4 0 0
71 184 57 13727.6 0 0
73 182 57 13731.9 0 0
71 183 57 13736.1 0 0
72 182 57 13740.3 0 0
73 183 57 13744.5 0 0
72 181 57 13748.7 0 0
72 182 57 13752.9 0 0
73 191 57 13757.1 0 0
73 189 57 13761.4 0 0
75 186 58 13765.6 0 0
79 176 58 13769.9 0 0
83 162 58 13774.1 0 0
92 148 58 13778.3 0 0
99 129 58 13782.5 0 0
101 120 58 13786.7 0 0
103 107 58 13790.9 0 0
107 101 58 13795.1 0 0
113 96 57 13799.4 0 0
115 89 58 13803.7 0 0
116 84 57 13807.9 0 0
116 81 57 13812.1 0 0
115 79 57 13816.3 0 0
114 84 57 13820.5 0 0
116 87 58 13824.8 0 0
114 82 57 13829 0 0
111 81 58 13833.2 0 0
114 86 57 13837.5 0 0
115 82 58 13841.6 0 0
113 82 58 13845.9 0 0
115 83 57 13850.1 0 0
115 81 58 13854.3 0 0
117 85 57 13858.5 0 0
116 84 57 13862.8 0 0
114 85 58 13867.1 0 0
116 79 58 13871.3 0 0
115 82 57 13875.5 0 0
115 81 58 13879.7 0 0
112 79 58 13883.9 0 0
118 82 57 13888.2 0 0
115 81 58 13892.4 0 0
114 80 58 13896.6 0 0
115 79 57 13900.8 0 0
117 81 57 13905 0 0
113 80 57 13909.2 0 0
114 85 57 13913.4 0 0
113 83 58 13917.7 0 0
116 82 58 13921.9 0 0
113 81 58 13926.1 0 0
113 79 58 13930.3 0 0
115 77 57 13934.5 0 0
117 82 58 13938.7 0 0
112 83 57 13942.9 0 0
115 78 57 13947.1 0 0
114 76 58 13951.4 0 0
112 71 58 13955.6 0 0
113 71 58 13959.8 0 0
110 69 58 13964 0 0
111 68 58 13968.2 0 0
108 70 57 13972.4 0 0
108 73 58 13976.6 0 0
111 71 58 13980.9 0 0
112 72 58 13985.1 0 0
113 70 58 13989.3 0 0
114 69 58 13993.5 0 0
113 69 58 13997.7 0 0
111 70 58 14001.9 0 0
112 72 57 14006.2 0 0
113 72 58 14010.4 0 0
109 69 58 14014.6 0 0
112 69 58 14018.9 0 0
112 71 57 14023.1 0 0
109 71 58 14027.3 0 0
112 68 58 14031.5 0 0
112 69 58 14035.7 0 0
110 68 58 14039.9 0 0
112 68 58 14044.1 0 0
109 70 57 14048.4 0 0
110 66 58 14052.6 0 0
112 69 58 14056.9 0 0
111 68 58 14061.1 0 0
109 67 58 14065.3 0 0
110 68 57 14069.5 0 0
108 68 58 14073.7 0 0
108 68 58 14077.9 0 0
110 68 58 14082.1 0 0
109 68 58 14086.4 0 0
110 68 58 14090.5 0 0
110 67 58 14094.8 0 0
107 70 58 14099 0 0
113 67 58 14103.2 0 0
111 68 58 14107.4 0 0
109 72 58 14111.6 0 0
110 69 58 14115.9 0 0
111 70 58 14120.1 0 0
112 66 58 14124.3 0 0
109 72 57 14128.5 0 0
108 67 58 14132.7 0 0
111 69 58 14136.9 0 0
112 69 58 14141.2 0 0
111 66 58 14145.4 0 0
109 71 58 14149.6 0 0
112 69 58 14153.8 0 0
112 67 58 14158 0 0
109 72 58 14162.2 0 0
109 70 58 14166.4 0 0
110 67 58 14170.6 0 0
110 70 58 14174.8 0 0
111 66 58 14179.1 0 0
110 70 58 14183.3 0 0
107 68 58 14187.5 0 0
111 70 58 14191.7 0 0
112 68 58 14195.9 0 0
108 70 58 14200.1 0 0
114 77 58 14204.4 0 0
115 87 57 14208.6 0 0
118 99 57 14212.8 0 0
122 108 57 14217 0 0
117 119 57 14221.2 0 0
117 141 57 14225.4 0 0
119 149 57 14229.6 0 0
118 155 58 14233.8 0 0
117 166 58 14238.1 0 0
116 168 58 14242.3 0 0
115 168 57 14246.5 0 0
119 162 57 14250.7 0 0
118 158 57 14255 0 0
119 158 57 14259.2 0 0
119 167 57 14263.4 0 0
118 169 57 14267.6 0 0
114 159 57 14271.8 0 0
119 169 57 14276 0 0
117 162 58 14280.2 0 0
117 160 57 14284.5 0 0
117 164 57 14288.7 0 0
119 165 57 14293 0 0
117 162 58 14297.2 0 0
119 165 57 14301.4 0 0
120 158 57 14305.6 0 0
118 164 58 14309.8 0 0
116 160 57 14314 0 0
117 164 57 14318.2 0 0
118 164 57 14322.5 0 0
120 162 58 14326.7 0 0
117 164 58 14330.9 0 0
115 160 57 14335.2 0 0
115 163 57 14339.4 0 0
121 161 58 14343.6 0 0
117 158 57 14347.8 0 0
115 165 57 14354.8 0 0
118 162 57 14359 0 0
116 161 57 14363.3 0 0
117 162 57 14367.5 0 0
116 169 57 14371.7 0 0
113 168 57 14375.9 0 0
119 167 58 14380.1 0 0
116 167 57 14384.3 0 0
116 167 58 14388.5 0 0
117 167 57 14392.8 0 0
118 169 57 14397 0 0
114 169 58 14401.2 0 0
118 168 57 14405.4 0 0
117 168 57 14409.6 0 0
118 166 57 14413.8 0 0
115 169 58 14418.1 0 0
117 170 58 14422.3 0 0
108 162 58 14426.5 0 0
96 163 59 14430.7 0 0
87 155 60 14434.9 0 0
75 154 60 14439.1 0 0
61 156 60 14443.4 0 0
40 150 59 14447.6 0 0
27 149 57 14454.5 0 0
24 152 57 14463 0 0
30 151 57 14471.2 0 0
30 151 57 14479.5 0 0
31 147 57 14487.8 0 0
28 147 57 14492 0 0
29 149 57 14496.2 0 0
31 147 57 14500.5 0 0
27 145 57 14504.7 0 0
28 149 57 14508.9 0 0
29 146 57 14513.1 0 0
28 152 57 14517.4 0 0
27 146 57 14521.6 0 0
26 151 57 14525.8 0 0
26 147 57 14530 0 0
28 146 57 14534.2 0 0
30 150 57 14538.4 0 0
26 146 57 14542.6 0 0
26 149 57 14546.9 0 0
28 144 57 14551.1 0 0
26 149 57 14555.3 0 0
27 142 57 14559.5 0 0
27 148 57 14563.7 0 0
29 144 57 14567.9 0 0
26 146 57 14572.1 0 0
28 150 57 14576.4 0 0
27 153 57 14580.6 0 0
30 148 57 14584.8 0 0
27 152 57 14589 0 0
27 151 57 14593.2 0 0
26 152 57 14600.3 0 0
28 149 57 14604.6 0 0
25 154 57 14608.8 0 0
28 150 57 14613 0 0
28 149 57 14617.2 0 0
28 147 57 14621.4 0 0
27 147 57 14625.6 0 0
26 146 57 14629.9 0 0
25 147 57 14634.1 0 0
26 147 57 14638.3 0 0
28 143 57 14642.6 0 0
26 148 57 14646.8 0 0
27 146 57 14651 0 0
26 148 57 14655.2 0 0
26 147 57 14659.4 0 0
27 145 57 14663.6 0 0
27 149 57 14667.9 0 0
27 147 57 14672.1 0 0
25 149 57 14676.3 0 0
26 148 57 14680.5 0 0
26 149 57 14684.7 0 0
25 151 57 14688.9 0 0
30 152 57 14693.1 0 0
28 153 57 14697.4 0 0
28 153 57 14701.6 0 0
30 143 57 14706.5 0 0
27 149 57 14710.7 0 0
26 146 57 14714.9 0 0
28 147 57 14719.1 0 0
27 147 57 14723.3 0 0
25 150 57 14727.5 0 0
27 147 57 14731.8 0 0
25 149 57 14736 0 0
25 153 57 14740.2 0 0
25 151 57 14744.4 0 0
24 152 57 14748.6 0 0
27 153 57 14752.8 0 0
26 143 57 14757 0 0
28 145 57 14761.2 0 0
27 145 57 14765.5 0 0
25 147 57 14769.7 0 0
27 145 57 14773.9 0 0
27 143 57 14778.1 0 0
25 145 57 14782.3 0 0
28 147 57 14786.5 0 0
27 147 57 14790.7 0 0
28 152 57 14795 0 0
29 143 57 14799.2 0 0
24 147 57 14803.4 0 0
26 151 57 14807.6 0 0
28 143 57 14811.8 0 0
26 152 57 14816 0 0
27 150 57 14820.2 0 0
25 154 57 14824.5 0 0
27 153 57 14828.7 0 0
27 151 57 14832.9 0 0
25 152 57 14837.1 0 0
28 150 57 14841.3 0 0
26 151 57 14845.5 0 0
26 151 57 14849.7 0 0
27 152 57 14854 0 0
24 148 57 14858.2 0 0
25 149 57 14862.4 0 0
27 151 57 14866.6 0 0
27 152 57 14870.8 0 0
24 154 57 14875.1 0 0
22 155 57 14879.3 0 0
19 155 57 14883.5 0 0
23 157 57 14887.7 0 0
26 159 57 14892 0 0
25 154 57 14896.2 0 0
25 155 57 14900.4 0 0
23 152 57 14904.6 0 0
24 154 57 14908.8 0 0
26 152 57 14913 0 0
26 151 57 14917.2 0 0
28 153 57 14922.1 0 0
26 150 57 14926.3 0 0
24 152 57 14930.5 0 0
24 151 57 14934.7 0 0
23 150 57 14938.9 0 0
23 149 57 14943.1 0 0
25 151 57 14947.3 0 0
24 150 57 14951.6 0 0
24 149 57 14955.8 0 0
27 151 57 14960 0 0
26 147 57 14964.2 0 0
25 150 57 14968.4 0 0
25 151 57 14972.6 0 0
24 149 57 14976.8 0 0
25 149 57 14981.1 0 0
22 150 57 14985.3 0 0
23 152 57 14989.5 0 0
24 149 57 14993.7 0 0
25 150 57 14997.9 0 0
24 151 57 15002.1 0 0
22 150 57 15006.3 0 0
24 154 57 15010.5 0 0
25 151 57 15014.9 0 0
23 150 57 15019.1 0 0
24 147 57 15023.3 0 0
23 150 57 15027.5 0 0
23 151 57 15031.7 0 0
26 150 57 15035.9 0 0
23 152 57 15040.1 0 0
24 151 57 15044.4 0 0
24 153 57 15048.6 0 0
23 151 57 15052.8 0 0
24 155 57 15057 0 0
25 148 57 15061.2 0 0
24 147 57 15065.4 0 0
25 149 57 15069.6 0 0
24 149 57 15073.9 0 0
23 143 57 15078.1 0 0
23 147 57 15082.3 0 0
24 153 57 15086.5 0 0
24 151 57 15090.7 0 0
24 150 57 15094.9 0 0
24 154 57 15099.2 0 0
24 151 57 15103.4 0 0
25 147 57 15107.6 0 0
25 151 57 15111.8 0 0
23 147 57 15116 0 0
22 151 57 15120.3 0 0
24 146 57 15124.6 0 0
23 151 57 15128.8 0 0
25 146 57 15133.1 0 0
24 151 57 15137.4 0 0
24 151 57 15141.6 0 0
27 147 57 15145.8 0 0
21 151 57 15150 0 0
24 151 57 15154.2 0 0
21 151 57 15158.4 0 0
24 148 57 15162.6 0 0
25 152 57 15166.9 0 0
26 147 57 15171.1 0 0
25 155 57 15175.3 0 0
24 154 57 15179.5 0 0
22 152 57 15183.7 0 0
23 157 57 15187.9 0 0
25 153 57 15192.1 0 0
25 154 57 15196.4 0 0
23 149 57 15200.6 0 0
25 150 57 15204.8 0 0
24 148 57 15209 0 0
25 149 57 15213.2 0 0
24 151 57 15217.4 0 0
24 151 57 15221.6 0 0
22 151 57 15225.8 0 0
27 149 57 15230 0 0
23 151 57 15234.3 0 0
23 150 57 15238.5 0 0
20 150 57 15242.7 0 0
22 151 57 15246.9 0 0
22 151 57 15251.1 0 0
23 148 57 15255.3 0 0
22 151 57 15259.5 0 0
24 150 57 15263.8 0 0
22 149 57 15268 0 0
24 151 57 15272.2 0 0
21 150 57 15276.4 0 0
24 151 57 15280.6 0 0
24 150 57 15284.8 0 0
23 153 57 15289 0 0
23 150 57 15293.3 0 0
23 153 57 15297.5 0 0
24 147 57 15301.7 0 0
25 150 57 15305.9 0 0
22 148 57 15310.1 0 0
23 149 57 15314.3 0 0
24 150 57 15318.5 0 0
22 151 57 15322.8 0 0
22 155 57 15327 0 0
21 153 57 15331.2 0 0
24 151 57 15335.4 0 0
23 152 57 15339.6 0 0
23 151 57 15343.8 0 0
22 151 57 15348.1 0 0
24 154 57 15352.3 0 0
24 157 57 15356.6 0 0
24 149 57 15360.8 0 0
22 151 57 15365 0 0
23 152 57 15369.2 0 0
20 150 57 15373.4 0 0
26 155 57 15377.6 0 0
23 148 57 15381.9 0 0
23 149 57 15386.1 0 0
22 151 57 15390.7 0 0
24 150 57 15394.9 0 0
23 149 57 15399.1 0 0
23 151 57 15403.3 0 0
24 149 57 15407.5 0 0
22 155 57 15411.7 0 0
23 150 57 15415.9 0 0
22 153 57 15420.2 0 0
24 150 57 15424.4 0 0
23 153 57 15428.6 0 0
22 151 57 15432.8 0 0
23 150 57 15437 0 0
24 151 57 15441.2 0 0
22 153 57 15445.4 0 0
23 151 57 15449.7 0 0
23 150 57 15453.9 0 0
23 155 57 15458.1 0 0
24 149 57 15462.3 0 0
25 154 57 15466.5 0 0
24 157 57 15470.7 0 0
23 151 57 15475 0 0
24 148 57 15479.2 0 0
25 151 57 15483.4 0 0
25 149 57 15487.6 0 0
26 149 57 15491.9 0 0
21 149 57 15496.1 0 0
24 149 57 15500.3 0 0
23 148 57 15504.5 0 0
20 147 57 15508.7 0 0
24 147 57 15512.9 0 0
24 148 57 15517.1 0 0
24 149 57 15521.4 0 0
26 147 57 15525.6 0 0
22 148 57 15529.8 0 0
23 148 57 15534 0 0
23 149 57 15538.2 0 0
23 148 57 15542.4 0 0
23 148 57 15546.6 0 0
23 149 57 15550.9 0 0
25 153 57 15555.1 0 0
23 150 57 15559.3 0 0
23 149 57 15563.5 0 0
23 152 57 15567.8 0 0
23 149 57 15572 0 0
27 147 57 15576.2 0 0
22 148 57 15580.5 0 0
24 154 57 15584.7 0 0
22 152 57 15588.9 0 0
21 149 57 15593.1 0 0
24 154 57 15597.4 0 0
23 149 57 15601.6 0 0
21 150 57 15605.8 0 0
23 155 57 15610 0 0
23 150 57 15614.2 0 0
23 149 57 15618.5 0 0
21 155 57 15622.7 0 0
22 150 57 15626.9 0 0
23 151 57 15631.1 0 0
24 152 57 15635.3 0 0
23 153 57 15639.5 0 0
23 149 57 15643.7 0 0
22 152 57 15648 0 0
23 155 57 15652.1 0 0
22 150 57 15656.4 0 0
22 149 57 15660.6 0 0
21 154 57 15664.8 0 0
21 152 57 15669 0 0
24 148 57 15673.2 0 0
25 145 57 15677.5 0 0
24 149 57 15681.7 0 0
23 145 57 15685.9 0 0
24 149 57 15690.1 0 0
23 149 57 15694.3 0 0
23 149 57 15698.5 0 0
25 144 57 15702.7 0 0
25 149 57 15706.9 0 0
23 145 57 15711.1 0 0
24 149 57 15715.3 0 0
22 147 57 15719.6 0 0
24 149 57 15723.8 0 0
21 144 57 15728 0 0
24 147 57 15732.2 0 0
24 148 57 15736.5 0 0
25 145 57 15740.7 0 0
23 147 57 15744.9 0 0
23 147 57 15749.1 0 0
21 149 57 15753.3 0 0
24 151 57 15757.5 0 0
25 153 57 15761.7 0 0
23 151 57 15766 0 0
22 149 57 15770.2 0 0
24 151 57 15774.4 0 0
22 150 57 15778.6 0 0
22 153 57 15782.8 0 0
24 156 57 15787.1 0 0
23 150 57 15791.3 0 0
25 155 57 15795.5 0 0
23 150 57 15799.7 0 0
23 149 57 15803.9 0 0
22 152 57 15808.1 0 0
23 149 57 15812.4 0 0
21 150 57 15816.5 0 0
23 150 57 15820.8 0 0
23 151 57 15825 0 0
23 149 57 15829.3 0 0
21 151 57 15833.5 0 0
22 150 57 15837.7 0 0
23 151 57 15841.9 0 0
21 149 57 15846.1 0 0
25 149 57 15850.3 0 0
22 152 57 15854.5 0 0
23 149 57 15858.8 0 0
23 151 57 15863 0 0
22 153 57 15867.2 0 0
22 150 57 15871.4 0 0
21 151 57 15875.6 0 0
24 151 57 15879.8 0 0
21 150 57 15884 0 0
21 150 57 15888.3 0 0
22 153 57 15892.5 0 0
22 148 57 15896.7 0 0
22 153 57 15900.9 0 0
24 148 57 15905.1 0 0
23 145 57 15909.3 0 0
23 147 57 15913.5 0 0
24 149 57 15917.8 0 0
24 145 57 15922 0 0
25 155 57 15926.2 0 0
22 151 57 15930.5 0 0
21 150 57 15934.7 0 0
22 151 57 15938.9 0 0
18 151 57 15943.1 0 0
25 150 57 15947.3 0 0
24 151 57 15951.5 0 0
21 147 57 15955.7 0 0
23 149 57 15959.9 0 0
21 147 57 15964.1 0 0
23 147 57 15968.3 0 0
20 152 57 15972.5 0 0
22 144 57 15976.8 0 0
25 150 57 15981 0 0
23 146 57 15985.2 0 0
25 148 57 15989.5 0 0
21 148 57 15993.7 0 0
20 149 57 15997.9 0 0
22 151 57 16002.1 0 0
21 149 57 16006.3 0 0
24 151 57 16010.5 0 0
21 151 57 16014.7 0 0
21 150 57 16018.9 0 0
22 151 57 16023.1 0 0
21 152 57 16027.4 0 0
22 149 57 16031.5 0 0
21 150 57 16035.8 0 0
22 152 57 16040 0 0
23 153 57 16044.2 0 0
20 145 57 16048.5 0 0
22 147 57 16052.7 0 0
23 150 57 16056.9 0 0
22 146 57 16061.1 0 0
25 148 57 16065.3 0 0
25 147 57 16069.5 0 0
27 144 57 16073.8 0 0
25 145 57 16078 0 0
26 147 57 16082.3 0 0
25 148 57 16086.5 0 0
25 147 57 16090.7 0 0
25 146 57 16094.9 0 0
24 144 57 16099.1 0 0
26 147 57 16103.3 0 0
28 145 57 16107.5 0 0
23 145 57 16111.8 0 0
27 146 57 16116 0 0
23 153 57 16120.2 0 0
24 153 57 16124.4 0 0
27 143 57 16128.6 0 0
22 155 57 16132.8 0 0
24 146 57 16137 0 0
28 143 57 16141.2 0 0
24 148 57 16145.5 0 0
25 146 57 16149.7 0 0
25 145 57 16153.9 0 0
24 146 57 16158.1 0 0
26 146 57 16162.3 0 0
25 146 57 16166.5 0 0
25 147 57 16170.7 0 0
27 147 57 16175 0 0
24 146 57 16179.2 0 0
25 147 57 16183.4 0 0
21 147 57 16187.6 0 0
26 147 57 16191.9 0 0
24 147 57 16196.1 0 0
23 152 57 16203 0 0
24 152 56 16207.2 0 0
23 151 57 16211.5 0 0
24 149 57 16215.6 0 0
24 151 57 16219.9 0 0
23 149 57 16224.1 0 0
23 150 57 16228.3 0 0
23 151 57 16232.5 0 0
26 150 57 16236.7 0 0
23 152 57 16240.9 0 0
26 150 57 16245.1 0 0
25 146 57 16249.3 0 0
23 147 57 16253.5 0 0
26 144 57 16257.7 0 0
23 146 57 16262 0 0
26 147 57 16266.2 0 0
25 145 57 16270.4 0 0
24 145 57 16274.6 0 0
24 147 57 16278.8 0 0
25 145 57 16283 0 0
24 149 57 16287.3 0 0
24 146 57 16291.5 0 0
23 147 57 16295.7 0 0
25 149 57 16299.9 0 0
24 147 56 16304.1 0 0
22 151 57 16308.3 0 0
24 151 57 16312.5 0 0
22 151 57 16316.7 0 0
23 149 57 16323.6 0 0
25 149 57 16327.9 0 0
24 149 57 16332.1 0 0
23 147 57 16336.3 0 0
23 145 57 16340.5 0 0
24 147 56 16344.7 0 0
26 146 57 16349 0 0
21 149 57 16353.2 0 0
22 149 57 16357.4 0 0
22 153 57 16361.6 0 0
23 150 57 16365.8 0 0
24 152 56 16370 0 0
23 150 56 16374.2 0 0
23 151 57 16378.5 0 0
22 150 56 16382.7 0 0
26 147 57 16386.9 0 0
21 147 57 16391.2 0 0
23 149 57 16395.4 0 0
24 147 57 16399.6 0 0
21 152 57 16403.8 0 0
22 153 57 16408 0 0
22 147 57 16412.2 0 0
23 152 56 16416.4 0 0
23 149 56 16420.6 0 0
23 150 56 16424.8 0 0
22 153 57 16429.1 0 0
22 150 56 16433.3 0 0
23 149 57 16440.3 0 0
22 149 57 16444.5 0 0
22 153 57 16448.8 0 0
21 150 57 16453 0 0
24 150 57 16457.2 0 0
21 149 56 16461.4 0 0
23 149 57 16465.6 0 0
23 150 57 16469.8 0 0
21 149 57 16474 0 0
23 152 57 16478.2 0 0
23 151 57 16482.5 0 0
24 154 57 16486.7 0 0
26 145 57 16490.9 0 0
23 153 56 16495.1 0 0
26 146 57 16499.6 0 0
24 146 57 16503.8 0 0
24 146 56 16508 0 0
23 145 57 16512.2 0 0
25 147 56 16516.5 0 0
26 144 57 16520.7 0 0
21 151 56 16524.9 0 0
21 151 56 16529.1 0 0
24 151 57 16534.6 0 0
24 153 57 16538.8 0 0
22 151 57 16543.1 0 0
23 149 56 16547.3 0 0
28 152 57 16551.5 0 0
22 151 57 16555.7 0 0
24 154 56 16559.9 0 0
24 152 57 16564.1 0 0
22 153 56 16568.3 0 0
25 153 56 16572.6 0 0
21 150 57 16576.8 0 0
21 149 56 16581 0 0
24 155 57 16585.2 0 0
23 149 57 16589.4 0 0
25 153 57 16593.6 0 0
25 152 57 16597.8 0 0
24 151 57 16602.1 0 0
27 154 56 16606.3 0 0
27 145 57 16610.5 0 0
23 155 56 16614.8 0 0
24 146 56 16619 0 0
23 143 57 16623.2 0 0
25 145 57 16627.4 0 0
26 142 57 16631.6 0 0
22 149 56 16635.8 0 0
24 145 56 16640.1 0 0
23 143 56 16644.3 0 0
23 145 57 16648.5 0 0
26 143 57 16652.7 0 0
24 147 57 16656.9 0 0
26 145 56 16661.1 0 0
21 143 57 16665.3 0 0
24 149 56 16669.6 0 0
26 143 56 16673.8 0 0
24 142 56 16678 0 0
22 149 56 16682.2 0 0
25 147 56 16686.4 0 0
21 149 57 16690.6 0 0
22 148 56 16694.8 0 0
23 150 56 16699 0 0
23 149 56 16703.3 0 0
23 150 56 16707.5 0 0
23 153 57 16711.7 0 0
22 150 56 16715.9 0 0
26 151 57 16720.1 0 0
23 149 57 16724.3 0 0
21 153 56 16728.5 0 0
22 147 56 16732.8 0 0
25 150 56 16737 0 0
23 152 57 16741.2 0 0
22 151 56 16745.4 0 0
24 151 56 16749.6 0 0
24 143 57 16753.8 0 0
25 144 57 16758 0 0
23 144 56 16762.3 0 0
26 144 57 16766.5 0 0
21 146 57 16770.7 0 0
26 145 56 16774.9 0 0
23 142 56 16779.1 0 0
24 149 56 16783.3 0 0
23 144 56 16787.5 0 0
22 145 56 16791.8 0 0
23 145 57 16796.5 0 0
24 144 57 16800.7 0 0
23 149 57 16804.9 0 0
23 151 57 16809.2 0 0
22 144 57 16813.3 0 0
24 147 57 16817.6 0 0
29 150 57 16821.8 0 0
37 154 58 16826 0 0
43 157 58 16830.2 0 0
52 152 58 16834.4 0 0
59 151 58 16838.6 0 0
68 156 58 16842.8 0 0
76 158 58 16847.1 0 0
85 158 58 16851.3 0 0
93 164 58 16855.5 0 0
101 166 58 16859.8 0 0
111 169 58 16864 0 0
117 172 58 16868.2 0 0
123 175 57 16872.4 0 0
133 177 57 16876.6 0 0
139 171 57 16880.8 0 0
144 169 57 16885 0 0
148 175 56 16889.2 0 0
151 175 56 16893.4 0 0
149 178 56 16897.7 0 0
150 177 56 16901.9 0 0
146 174 56 16906.1 0 0
147 180 56 16910.3 0 0
147 172 56 16914.5 0 0
150 174 56 16918.8 0 0
147 174 57 16923 0 0
149 183 56 16927.2 0 0
150 177 56 16931.4 0 0
149 173 56 16935.6 0 0
148 179 56 16939.8 0 0
148 176 56 16944.1 0 0
150 178 56 16948.3 0 0
148 180 56 16952.5 0 0
149 182 56 16956.7 0 0
148 181 56 16960.9 0 0
150 181 56 16965.1 0 0
148 180 56 16969.3 0 0
147 181 57 16973.5 0 0
149 178 56 16977.8 0 0
148 183 56 16982 0 0
147 179 56 16986.2 0 0
149 181 56 16990.5 0 0
149 180 56 16994.7 0 0
151 181 56 16998.9 0 0
149 183 56 17003.1 0 0
148 178 56 17007.3 0 0
149 180 57 17011.5 0 0
146 179 56 17015.8 0 0
148 182 56 17020 0 0
150 178 56 17024.2 0 0
148 182 56 17028.4 0 0
145 180 56 17032.6 0 0
148 180 57 17036.8 0 0
148 184 57 17041 0 0
149 177 56 17045.3 0 0
148 176 57 17049.5 0 0
152 180 57 17054 0 0
157 189 57 17058.2 0 0
162 190 56 17062.4 0 0
168 191 56 17066.6 0 0
170 195 56 17070.9 0 0
177 194 56 17075.2 0 0
174 195 56 17079.4 0 0
176 194 56 17083.6 0 0
179 195 56 17087.8 0 0
177 195 56 17092 0 0
173 194 56 17096.2 0 0
177 195 56 17100.4 0 0
176 193 56 17104.6 0 0
176 194 56 17108.9 0 0
178 195 56 17113.1 0 0
179 198 55 17117.3 0 0
176 195 56 17121.5 0 0
176 193 56 17125.7 0 0
174 195 56 17129.9 0 0
177 193 55 17134.1 0 0
174 194 56 17138.4 0 0
177 193 56 17142.6 0 0
176 195 56 17146.8 0 0
177 195 56 17151 0 0
176 193 56 17155.2 0 0
173 195 56 17159.4 0 0
174 193 56 17163.6 0 0
174 194 56 17167.8 0 0
177 193 55 17172.1 0 0
174 194 56 17176.3 0 0
176 191 56 17180.5 0 0
173 194 56 17184.7 0 0
176 192 56 17188.9 0 0
177 193 55 17193.1 0 0
175 196 55 17197.3 0 0
174 199 55 17201.6 0 0
175 192 56 17205.8 0 0
175 196 56 17210 0 0
174 194 56 17214.2 0 0
174 192 56 17218.4 0 0
175 193 56 17222.6 0 0
176 190 56 17226.8 0 0
175 193 56 17231.1 0 0
176 195 56 17235.3 0 0
175 195 55 17239.5 0 0
175 193 56 17243.7 0 0
175 196 55 17248 0 0
175 195 56 17252.2 0 0
175 191 56 17256.4 0 0
175 196 55 17260.6 0 0
175 195 56 17264.9 0 0
175 194 56 17269.1 0 0
170 201 56 17273.3 0 0
164 201 57 17277.5 0 0
153 192 58 17281.7 0 0
143 189 58 17285.9 0 0
129 184 59 17290.1 0 0
116 177 59 17294.3 0 0
101 170 59 17298.6 0 0
87 181 59 17303.2 0 0
78 177 59 17307.4 0 0
72 172 58 17311.6 0 0
59 170 58 17315.8 0 0
50 166 57 17320 0 0
46 161 57 17324.3 0 0
40 160 57 17328.5 0 0
40 157 57 17332.7 0 0
42 162 57 17336.9 0 0
43 160 57 17341.1 0 0
43 163 57 17345.3 0 0
42 163 57 17349.6 0 0
46 165 57 17353.8 0 0
43 165 57 17358 0 0
43 163 57 17362.2 0 0
43 164 57 17366.4 0 0
43 165 57 17370.6 0 0
39 162 57 17374.8 0 0
42 163 57 17379.1 0 0
40 168 57 17383.3 0 0
41 162 57 17387.5 0 0
40 168 57 17391.7 0 0
40 161 57 17396 0 0
40 162 57 17400.2 0 0
40 166 57 17404.4 0 0
42 164 57 17408.6 0 0
41 169 57 17412.8 0 0
41 162 57 17417 0 0
40 162 57 17421.2 0 0
41 166 57 17425.4 0 0
37 164 57 17429.7 0 0
42 163 56 17433.8 0 0
40 164 57 17438 0 0
41 162 57 17442.3 0 0
40 164 57 17446.5 0 0
41 162 57 17450.7 0 0
43 161 57 17455 0 0
41 160 57 17459.2 0 0
40 158 57 17463.4 0 0
40 158 57 17467.6 0 0
38 161 57 17471.8 0 0
40 155 57 17476 0 0
40 158 57 17480.2 0 0
37 160 57 17484.5 0 0
37 157 57 17488.7 0 0
34 160 57 17492.9 0 0
31 160 57 17497.1 0 0
26 155 57 17501.3 0 0
23 155 56 17505.5 0 0
23 153 56 17509.7 0 0
22 153 56 17514 0 0
22 156 56 17518.2 0 0
23 153 56 17522.4 0 0
26 156 56 17526.6 0 0
22 152 56 17530.8 0 0
23 154 56 17535 0 0
25 147 56 17539.2 0 0
23 149 56 17543.5 0 0
26 153 56 17547.7 0 0
22 155 56 17551.9 0 0
24 154 56 17556.1 0 0
22 153 56 17560.3 0 0
23 149 56 17564.5 0 0
22 150 56 17568.8 0 0
24 153 56 17573 0 0
24 159 56 17577.2 0 0
21 153 56 17581.4 0 0
23 156 56 17585.6 0 0
25 159 56 17589.8 0 0
22 153 56 17594 0 0
23 152 56 17598.2 0 0
24 155 56 17602.4 0 0
23 153 56 17606.7 0 0
22 157 56 17610.9 0 0
22 153 56 17615.1 0 0
23 151 56 17619.3 0 0
24 151 56 17623.5 0 0
22 151 56 17627.7 0 0
22 149 56 17632 0 0
24 154 56 17636.2 0 0
22 150 56 17640.4 0 0
23 152 56 17644.6 0 0
20 150 56 17648.8 0 0
20 150 56 17653 0 0
23 151 56 17659.6 0 0
22 154 56 17663.8 0 0
24 151 56 17668.1 0 0
23 149 56 17672.3 0 0
24 152 56 17676.6 0 0
23 156 57 17680.8 0 0
34 158 57 17685 0 0
43 157 58 17689.2 0 0
48 157 58 17693.5 0 0
56 162 58 17697.7 0 0
63 169 57 17701.9 0 0
65 177 57 17706.1 0 0
67 172 57 17710.3 0 0
68 173 57 17714.5 0 0
65 181 57 17718.7 0 0
69 183 57 17722.9 0 0
67 181 57 17727.1 0 0
65 176 57 17731.4 0 0
66 181 57 17735.6 0 0
68 179 57 17739.8 0 0
69 183 57 17744 0 0
67 174 57 17748.2 0 0
67 182 57 17752.4 0 0
69 175 57 17756.7 0 0
66 177 57 17760.9 0 0
66 181 57 17765.1 0 0
64 173 57 17769.3 0 0
66 184 57 17773.5 0 0
66 173 57 17777.7 0 0
67 179 57 17781.9 0 0
69 180 57 17786.1 0 0
68 173 57 17790.4 0 0
68 175 57 17794.6 0 0
69 176 57 17798.8 0 0
71 183 57 17803.3 0 0
67 177 57 17807.5 0 0
66 182 57 17811.7 0 0
65 179 57 17816 0 0
66 177 57 17820.2 0 0
66 182 57 17824.4 0 0
67 178 57 17828.6 0 0
66 175 57 17832.8 0 0
69 172 57 17837 0 0
70 168 57 17841.3 0 0
70 154 57 17845.5 0 0
76 136 57 17849.7 0 0
76 126 57 17853.9 0 0
78 107 57 17858.1 0 0
82 96 57 17862.3 0 0
83 88 57 17866.6 0 0
85 79 57 17870.8 0 0
84 73 57 17875 0 0
87 66 57 17879.2 0 0
85 64 57 17883.4 0 0
88 62 57 17887.6 0 0
87 58 57 17891.8 0 0
89 55 57 17896 0 0
90 53 57 17900.3 0 0
88 54 57 17904.5 0 0
88 55 57 17908.7 0 0
88 57 57 17912.9 0 0
87 57 57 17917.1 0 0
86 58 57 17921.3 0 0
87 57 57 17925.5 0 0
89 57 57 17929.8 0 0
88 58 57 17934 0 0
87 57 57 17938.2 0 0
87 57 57 17942.4 0 0
88 57 57 17946.6 0 0
88 56 57 17950.8 0 0
85 57 57 17955.1 0 0
89 56 57 17959.3 0 0
86 58 57 17963.5 0 0
87 57 57 17967.7 0 0
87 56 57 17971.9 0 0
86 59 57 17976.1 0 0
87 56 57 17980.3 0 0
86 58 57 17984.6 0 0
87 59 57 17988.8 0 0
88 56 57 17993 0 0
86 58 57 17997.2 0 0
87 57 57 18001.5 0 0
87 55 57 18005.7 0 0
90 57 57 18009.9 0 0
89 56 57 18014.1 0 0
89 57 57 18018.3 0 0
87 59 57 18022.5 0 0
87 55 57 18026.8 0 0
88 56 57 18031 0 0
89 57 57 18035.2 0 0
90 55 57 18039.4 0 0
86 55 57 18043.7 0 0
85 49 58 18047.9 0 0
77 47 58 18052.1 0 0
77 43 58 18056.3 0 0
73 41 58 18060.5 0 0
70 41 57 18064.7 0 0
70 40 57 18068.9 0 0
69 38 57 18073.1 0 0
69 38 58 18077.4 0 0
70 36 58 18081.6 0 0
71 39 58 18085.9 0 0
73 38 58 18090.1 0 0
72 39 57 18094.3 0 0
69 37 57 18098.5 0 0
72 39 57 18102.7 0 0
69 38 57 18106.9 0 0
71 39 58 18111.1 0 0
72 38 57 18115.3 0 0
70 39 57 18119.5 0 0
70 39 57 18123.8 0 0
72 38 58 18128 0 0
69 41 57 18132.2 0 0
72 39 57 18136.4 0 0
71 40 57 18140.7 0 0
72 38 57 18144.9 0 0
70 40 58 18149.1 0 0
69 41 58 18153.3 0 0
71 39 57 18157.5 0 0
71 38 57 18161.7 0 0
69 40 58 18165.9 0 0
71 39 58 18170.2 0 0
68 39 58 18174.3 0 0
71 40 57 18178.6 0 0
69 38 58 18182.8 0 0
69 40 58 18187 0 0
70 40 57 18191.2 0 0
72 38 58 18195.4 0 0
72 39 57 18199.7 0 0
71 38 58 18203.9 0 0
71 39 58 18208.1 0 0
72 38 58 18212.3 0 0
71 38 57 18216.5 0 0
69 39 58 18220.7 0 0
71 38 58 18225 0 0
69 39 58 18229.2 0 0
73 38 57 18233.4 0 0
70 37 57 18237.6 0 0
70 38 58 18241.8 0 0
72 38 58 18246 0 0
71 38 57 18250.2 0 0
71 38 57 18254.5 0 0
73 38 58 18258.7 0 0
71 38 57 18263 0 0
71 38 57 18267.2 0 0
70 38 57 18271.4 0 0
68 38 58 18275.6 0 0
61 39 58 18279.8 0 0
52 37 58 18284 0 0
46 38 58 18288.2 0 0
38 37 58 18292.4 0 0
32 38 57 18296.7 0 0
26 37 57 18300.9 0 0
21 37 57 18305.1 0 0
20 37 56 18309.3 0 0
24 38 56 18313.5 0 0
24 39 56 18317.7 0 0
25 38 57 18321.9 0 0
25 38 57 18326.2 0 0
25 38 57 18330.4 0 0
24 38 57 18334.6 0 0
26 37 56 18338.8 0 0
24 38 57 18343 0 0
23 38 56 18347.2 0 0
24 37 56 18351.5 0 0
23 38 56 18355.7 0 0
26 36 56 18359.9 0 0
22 38 57 18364.1 0 0
25 37 57 18368.4 0 0
23 37 56 18372.6 0 0
23 38 56 18376.8 0 0
25 38 56 18381 0 0
22 38 56 18385.2 0 0
23 38 57 18389.4 0 0
21 38 56 18393.6 0 0
22 38 56 18397.8 0 0
24 38 56 18402 0 0
24 37 56 18406.2 0 0
22 37 57 18410.4 0 0
22 38 57 18414.7 0 0
23 37 56 18418.9 0 0
23 37 56 18423.1 0 0
23 37 57 18427.3 0 0
24 37 57 18431.5 0 0
23 37 56 18435.7 0 0
24 38 56 18439.9 0 0
23 38 57 18446.8 0 0
24 37 57 18451 0 0
23 37 56 18455.3 0 0
24 38 57 18459.5 0 0
23 37 57 18463.7 0 0
22 38 56 18467.9 0 0
23 37 56 18472.1 0 0
23 37 57 18476.3 0 0
22 38 57 18480.6 0 0
24 36 56 18484.8 0 0
22 37 57 18489.1 0 0
23 38 57 18493.3 0 0
23 36 56 18497.5 0 0
24 36 57 18501.8 0 0
23 37 57 18506 0 0
22 37 56 18510.2 0 0
23 38 57 18514.4 0 0
22 38 57 18518.7 0 0
24 37 56 18522.9 0 0
23 38 57 18527.1 0 0
23 37 56 18531.3 0 0
22 37 57 18535.5 0 0
22 37 57 18542.5 0 0
24 37 57 18550.3 0 0
22 38 57 18554.9 0 0
22 37 56 18559.2 0 0
23 37 57 18563.4 0 0
23 37 56 18567.6 0 0
23 38 57 18571.8 0 0
23 37 56 18576.1 0 0
25 36 57 18580.3 0 0
24 38 57 18584.5 0 0
23 36 56 18588.7 0 0
24 37 56 18592.9 0 0
23 37 56 18597.2 0 0
24 37 57 18601.4 0 0
25 37 57 18605.6 0 0
28 40 57 18609.8 0 0
35 41 58 18614.1 0 0
46 43 59 18618.3 0 0
56 44 59 18622.5 0 0
68 46 59 18626.7 0 0
74 45 59 18630.9 0 0
86 49 59 18635.1 0 0
95 50 59 18639.3 0 0
107 48 59 18643.5 0 0
115 48 59 18647.8 0 0
125 47 59 18652 0 0
131 50 58 18656.2 0 0
144 53 58 18660.4 0 0
144 53 58 18667.3 0 0
160 54 57 18675.3 0 0
173 57 56 18679.5 0 0
177 61 56 18684 0 0
179 60 55 18688.3 0 0
178 57 55 18692.5 0 0
178 59 55 18696.7 0 0
175 60 56 18701 0 0
176 61 55 18705.2 0 0
176 59 56 18709.4 0 0
176 60 55 18713.6 0 0
178 59 55 18717.8 0 0
176 59 55 18722 0 0
180 59 55 18726.2 0 0
176 58 55 18730.5 0 0
178 59 55 18734.7 0 0
177 59 56 18738.9 0 0
177 59 55 18743.1 0 0
178 60 55 18747.3 0 0
176 58 55 18751.5 0 0
177 60 55 18755.7 0 0
181 60 55 18759.9 0 0
179 59 55 18764.2 0 0
180 61 55 18768.4 0 0
179 60 56 18772.6 0 0
178 60 56 18776.8 0 0
177 59 56 18781 0 0
179 59 55 18785.2 0 0
177 58 55 18789.4 0 0
177 58 55 18793.7 0 0
178 58 55 18800.3 0 0
175 58 55 18804.5 0 0
179 60 55 18808.7 0 0
179 58 56 18812.9 0 0
175 59 56 18817.1 0 0
178 59 56 18821.3 0 0
179 60 55 18825.6 0 0
176 60 56 18829.8 0 0
178 60 56 18834 0 0
177 60 56 18838.2 0 0
179 61 56 18842.4 0 0
178 59 56 18846.6 0 0
179 59 56 18850.9 0 0
180 60 55 18855.1 0 0
178 59 56 18859.3 0 0
176 58 55 18863.5 0 0
177 61 55 18867.7 0 0
176 59 55 18871.9 0 0
180 60 55 18876.1 0 0
178 59 55 18880.4 0 0
179 60 55 18884.6 0 0
177 60 55 18888.8 0 0
178 57 55 18893 0 0
178 57 56 18897.2 0 0
180 58 56 18901.4 0 0
187 56 56 18905.6 0 0
192 52 55 18909.8 0 0
197 50 55 18914 0 0
203 47 55 18918.3 0 0
207 48 54 18922.5 0 0
211 47 54 18926.7 0 0
214 45 53 18930.9 0 0
214 45 53 18935.1 0 0
211 45 54 18939.3 0 0
210 43 54 18943.5 0 0
210 45 53 18947.8 0 0
210 45 53 18952.1 0 0
209 45 53 18956.5 0 0
211 45 53 18960.7 0 0
211 45 54 18964.9 0 0
210 45 54 18969.1 0 0
209 45 53 18973.3 0 0
210 45 54 18977.5 0 0
211 45 54 18981.8 0 0
210 45 53 18986 0 0
213 45 53 18990.2 0 0
213 45 54 18994.5 0 0
210 45 53 18998.7 0 0
212 45 54 19002.9 0 0
212 45 53 19007.1 0 0
213 44 53 19011.3 0 0
212 45 54 19015.5 0 0
213 45 54 19019.7 0 0
212 45 53 19024 0 0
214 44 53 19028.2 0 0
213 46 53 19032.4 0 0
214 44 54 19036.6 0 0
213 43 54 19040.8 0 0
213 43 54 19045 0 0
214 43 54 19049.2 0 0
214 42 54 19053.5 0 0
214 43 53 19057.7 0 0
215 41 53 19062.1 0 0
213 43 53 19066.3 0 0
211 45 53 19070.5 0 0
211 45 54 19074.8 0 0
208 45 54 19079 0 0
205 45 54 19083.2 0 0
196 44 55 19087.5 0 0
188 42 55 19091.7 0 0
184 42 56 19095.8 0 0
176 41 56 19100.1 0 0
169 41 56 19104.3 0 0
169 40 56 19108.5 0 0
168 41 56 19112.7 0 0
166 41 56 19117 0 0
166 42 56 19121.2 0 0
165 40 56 19125.4 0 0
167 42 56 19129.6 0 0
170 40 56 19133.8 0 0
167 38 56 19138 0 0
167 42 56 19142.2 0 0
166 41 56 19146.5 0 0
166 39 56 19150.7 0 0
168 43 56 19154.9 0 0
165 40 56 19159.1 0 0
169 41 56 19163.3 0 0
167 40 56 19167.5 0 0
168 41 56 19171.7 0 0
167 41 56 19175.9 0 0
165 40 56 19180.2 0 0
166 41 56 19184.4 0 0
164 39 56 19188.6 0 0
168 41 56 19192.8 0 0
166 40 56 19197 0 0
166 39 56 19201.2 0 0
166 39 56 19205.4 0 0
165 38 56 19209.7 0 0
168 39 56 19213.9 0 0
167 39 56 19218.1 0 0
167 40 56 19222.3 0 0
169 40 56 19226.5 0 0
165 40 56 19230.7 0 0
165 38 56 19235 0 0
164 41 56 19239.2 0 0
166 42 56 19243.4 0 0
167 42 56 19247.6 0 0
167 44 56 19251.8 0 0
169 49 56 19256 0 0
170 58 56 19260.2 0 0
174 73 56 19264.5 0 0
175 84 56 19268.7 0 0
174 96 56 19272.9 0 0
176 101 55 19277.1 0 0
175 123 55 19281.3 0 0
178 140 56 19285.5 0 0
180 141 56 19289.7 0 0
177 156 55 19294 0 0
178 172 56 19298.2 0 0
176 179 56 19302.4 0 0
175 194 56 19306.6 0 0
177 188 56 19310.8 0 0
175 201 56 19315 0 0
172 199 55 19319.3 0 0
176 198 56 19323.5 0 0
176 192 56 19328 0 0
174 193 56 19332.2 0 0
175 192 56 19336.5 0 0
174 192 56 19340.7 0 0
176 195 56 19344.8 0 0
176 191 56 19349.1 0 0
174 196 56 19353.3 0 0
176 191 56 19357.5 0 0
173 197 56 19361.7 0 0
177 194 56 19366 0 0
174 191 56 19370.2 0 0
177 194 56 19374.4 0 0
175 193 56 19378.6 0 0
176 193 56 19382.8 0 0
171 194 56 19387 0 0
175 192 56 19391.2 0 0
175 192 56 19395.5 0 0
172 196 56 19399.7 0 0
173 193 56 19403.9 0 0
175 190 56 19408.1 0 0
177 193 56 19412.3 0 0
173 192 56 19416.5 0 0
177 194 56 19420.7 0 0
175 196 56 19424.9 0 0
175 191 56 19429.2 0 0
176 196 56 19433.3 0 0
175 192 56 19437.5 0 0
174 196 56 19441.8 0 0
174 193 56 19446.1 0 0
173 195 56 19450.3 0 0
179 191 56 19454.5 0 0
177 194 56 19458.8 0 0
176 188 56 19463 0 0
172 193 56 19467.2 0 0
177 193 56 19471.4 0 0
178 189 56 19475.6 0 0
177 195 56 19479.8 0 0
171 190 56 19484 0 0
175 191 56 19488.2 0 0
175 196 56 19492.5 0 0
178 183 56 19496.7 0 0
174 187 56 19500.8 0 0
173 191 56 19505.1 0 0
176 183 56 19509.3 0 0
176 191 55 19513.5 0 0
175 186 56 19517.7 0 0
175 184 56 19522 0 0
174 183 56 19526.2 0 0
169 188 56 19530.4 0 0
157 180 57 19534.6 0 0
150 176 57 19538.8 0 0
140 175 58 19543 0 0
132 171 58 19547.2 0 0
125 164 57 19551.5 0 0
116 161 58 19555.7 0 0
113 162 57 19559.9 0 0
107 157 57 19564.1 0 0
108 154 57 19568.3 0 0
107 155 57 19572.5 0 0
111 155 57 19576.7 0 0
111 151 57 19580.9 0 0
111 155 57 19585.1 0 0
112 153 57 19589.3 0 0
109 150 57 19593.5 0 0
109 154 57 19597.8 0 0
110 151 57 19602 0 0
109 147 57 19606.2 0 0
110 151 57 19610.5 0 0
109 145 57 19614.7 0 0
109 150 57 19618.9 0 0
108 148 57 19623.1 0 0
110 153 57 19627.3 0 0
107 150 57 19631.5 0 0
107 151 57 19635.7 0 0
109 151 57 19640 0 0
110 150 57 19644.2 0 0
109 154 57 19648.4 0 0
106 152 57 19652.6 0 0
109 148 57 19656.8 0 0
110 149 57 19661 0 0
108 150 57 19665.2 0 0
109 148 57 19669.5 0 0
110 151 57 19673.7 0 0
106 149 57 19677.9 0 0
110 148 57 19682.1 0 0
110 146 57 19686.3 0 0
107 148 57 19690.5 0 0
110 148 57 19694.8 0 0
106 151 57 19699 0 0
107 147 57 19703.2 0 0
107 151 57 19707.4 0 0
106 149 57 19711.6 0 0
106 146 57 19715.8 0 0
108 151 57 19720 0 0
107 148 57 19724.3 0 0
108 148 57 19728.5 0 0
109 152 57 19732.7 0 0
107 150 57 19736.9 0 0
107 148 57 19741.1 0 0
107 154 57 19745.3 0 0
108 155 57 19749.5 0 0
105 156 57 19753.8 0 0
111 156 57 19758 0 0
110 155 57 19762.3 0 0
107 157 57 19766.5 0 0
107 153 57 19770.7 0 0
108 155 57 19775 0 0
110 153 57 19779.1 0 0
108 150 57 19783.3 0 0
107 150 57 19787.6 0 0
109 154 57 19791.8 0 0
106 149 57 19796 0 0
110 149 57 19800.2 0 0
108 151 57 19804.4 0 0
106 148 57 19808.6 0 0
108 152 57 19812.8 0 0
108 150 57 19817.1 0 0
108 149 57 19821.3 0 0
105 152 57 19825.5 0 0
109 150 57 19829.8 0 0
106 152 57 19834 0 0
108 151 57 19838.2 0 0
107 153 57 19842.4 0 0
106 152 57 19846.6 0 0
108 156 57 19850.8 0 0
109 156 57 19855 0 0
106 155 57 19859.3 0 0
110 149 57 19863.5 0 0
107 147 57 19867.7 0 0
110 144 57 19871.9 0 0
107 136 57 19876.1 0 0
110 120 57 19880.3 0 0
108 108 57 19884.5 0 0
111 100 57 19888.8 0 0
109 89 57 19893 0 0
109 86 57 19897.2 0 0
105 76 57 19901.4 0 0
110 72 57 19905.6 0 0
112 71 57 19909.8 0 0
110 69 57 19914 0 0
109 69 57 19918.3 0 0
109 71 57 19922.5 0 0
110 70 57 19926.7 0 0
108 71 57 19930.9 0 0
109 70 57 19935.1 0 0
111 70 57 19939.3 0 0
109 70 57 19943.5 0 0
109 70 57 19947.8 0 0
108 71 57 19952 0 0
108 70 57 19956.2 0 0
110 72 57 19960.4 0 0
109 71 57 19964.6 0 0
108 69 57 19968.8 0 0
109 71 57 19973 0 0
111 70 57 19977.2 0 0
107 70 57 19981.5 0 0
108 72 57 19985.7 0 0
110 71 57 19990 0 0
111 70 57 19994.2 0 0
111 69 57 19998.4 0 0
109 70 57 20002.6 0 0
112 68 58 20006.8 0 0
110 71 57 20011 0 0
109 70 57 20015.3 0 0
110 71 57 20019.5 0 0
107 70 57 20023.7 0 0
109 71 57 20027.9 0 0
108 71 57 20032.1 0 0
112 72 57 20036.3 0 0
110 72 57 20040.5 0 0
106 68 57 20044.8 0 0
110 69 57 20049 0 0
109 70 57 20053.4 0 0
112 68 57 20057.6 0 0
111 69 57 20061.8 0 0
108 70 57 20066 0 0
109 67 57 20070.2 0 0
109 69 57 20074.5 0 0
108 69 57 20078.7 0 0
109 70 57 20082.9 0 0
109 71 57 20087.1 0 0
110 69 57 20091.3 0 0
109 72 57 20095.5 0 0
110 70 57 20099.8 0 0
110 69 57 20104 0 0
108 71 57 20108.2 0 0
110 69 57 20112.4 0 0
107 70 57 20116.6 0 0
109 71 57 20120.8 0 0
107 71 57 20125 0 0
110 71 57 20129.2 0 0
110 74 58 20133.5 0 0
106 79 58 20137.7 0 0
93 91 58 20141.9 0 0
86 96 58 20146.1 0 0
80 111 58 20150.3 0 0
75 132 58 20154.5 0 0
69 137 58 20158.7 0 0
66 152 57 20162.9 0 0
64 168 57 20167.2 0 0
59 190 57 20171.5 0 0
63 208 57 20175.7 0 0
62 214 57 20182.6 0 0
67 218 57 20187.2 0 0
64 209 57 20191.4 0 0
65 216 57 20195.6 0 0
62 220 57 20199.9 0 0
61 231 57 20204.1 0 0
62 221 57 20208.3 0 0
64 216 57 20212.5 0 0
63 221 57 20216.7 0 0
66 225 57 20220.9 0 0
63 225 57 20225.1 0 0
66 228 57 20229.3 0 0
64 209 57 20233.6 0 0
68 219 57 20237.8 0 0
63 208 57 20242 0 0
65 220 57 20246.2 0 0
64 210 57 20250.4 0 0
63 220 57 20254.7 0 0
63 223 57 20258.9 0 0
63 223 57 20263.1 0 0
62 212 57 20269 0 0
64 211 57 20273.3 0 0
61 221 57 20277.5 0 0
62 218 57 20281.7 0 0
63 215 57 20285.9 0 0
62 215 57 20290.1 0 0
61 214 57 20294.3 0 0
66 227 57 20298.5 0 0
66 209 57 20303 0 0
67 210 57 20307.2 0 0
63 220 57 20311.4 0 0
62 210 57 20315.6 0 0
64 222 57 20319.8 0 0
62 215 57 20324 0 0
65 214 57 20328.3 0 0
66 214 57 20332.5 0 0
61 214 57 20336.7 0 0
64 213 57 20340.9 0 0
62 213 57 20345.1 0 0
64 217 57 20349.3 0 0
64 219 57 20353.5 0 0
64 210 57 20357.8 0 0
67 209 57 20362 0 0
65 213 57 20366.2 0 0
64 212 57 20370.4 0 0
64 211 57 20374.6 0 0
65 205 57 20378.8 0 0
64 209 58 20383.1 0 0
67 213 57 20387.4 0 0
62 208 57 20391.6 0 0
63 208 57 20395.8 0 0
65 213 57 20400 0 0
62 204 57 20404.2 0 0
64 217 57 20408.4 0 0
63 222 57 20412.6 0 0
63 214 57 20416.8 0 0
62 214 57 20421 0 0
65 222 57 20425.3 0 0
65 211 57 20429.5 0 0
66 212 57 20433.7 0 0
66 207 57 20437.9 0 0
69 210 57 20442.1 0 0
68 216 57 20446.3 0 0
65 211 57 20450.6 0 0
66 211 58 20454.8 0 0
67 216 57 20459 0 0
68 214 57 20463.2 0 0
69 216 57 20467.4 0 0
68 212 57 20471.6 0 0
66 205 57 20475.9 0 0
68 207 57 20480.1 0 0
68 200 57 20484.3 0 0
68 201 57 20488.5 0 0
67 202 57 20492.7 0 0
66 198 57 20496.9 0 0
66 202 57 20501.1 0 0
69 200 58 20505.4 0 0
68 207 57 20509.6 0 0
68 200 57 20513.8 0 0
66 204 57 20518 0 0
66 200 58 20522.2 0 0
67 199 57 20526.5 0 0
66 200 57 20530.7 0 0
67 199 57 20534.9 0 0
67 202 57 20539.1 0 0
67 197 57 20543.4 0 0
68 197 57 20547.6 0 0
66 200 57 20551.8 0 0
69 203 57 20556 0 0
67 200 57 20560.2 0 0
65 196 57 20564.5 0 0
70 203 57 20568.7 0 0
68 200 57 20572.9 0 0
66 196 57 20577.1 0 0
66 203 57 20581.3 0 0
66 199 57 20585.6 0 0
63 195 57 20589.8 0 0
66 201 57 20594 0 0
68 199 58 20598.2 0 0
67 201 57 20602.4 0 0
66 202 57 20606.7 0 0
67 200 57 20610.9 0 0
69 204 57 20615.3 0 0
67 201 57 20619.5 0 0
64 200 58 20623.7 0 0
66 204 57 20628 0 0
68 192 57 20632.2 0 0
68 205 57 20636.4 0 0
65 192 57 20640.6 0 0
67 193 58 20644.8 0 0
69 197 57 20649 0 0
65 194 57 20653.2 0 0
66 197 57 20657.4 0 0
65 196 57 20661.7 0 0
66 191 58 20665.9 0 0
64 195 57 20670.1 0 0
64 191 57 20674.3 0 0
68 193 57 20678.5 0 0
70 196 57 20682.7 0 0
67 193 57 20686.9 0 0
68 199 57 20691.2 0 0
67 196 57 20695.3 0 0
65 193 58 20699.6 0 0
67 199 57 20703.8 0 0
65 196 57 20708 0 0
66 194 57 20712.2 0 0
69 200 57 20716.5 0 0
69 195 58 20720.7 0 0
67 197 58 20724.9 0 0
69 199 57 20729.1 0 0
66 196 58 20733.3 0 0
64 196 57 20737.5 0 0
68 193 57 20741.7 0 0
67 194 57 20745.9 0 0
66 195 58 20750.1 0 0
67 197 57 20754.4 0 0
67 197 57 20758.6 0 0
69 198 57 20762.8 0 0
64 198 57 20767.1 0 0
66 199 57 20771.3 0 0
68 199 57 20775.5 0 0
68 199 57 20779.7 0 0
67 199 58 20783.9 0 0
69 200 57 20788.1 0 0
67 194 58 20792.3 0 0
69 198 57 20796.5 0 0
69 193 57 20800.8 0 0
67 192 58 20805 0 0
76 161 58 20809.2 0 0
80 154 58 20813.5 0 0
86 133 58 20817.7 0 0
91 120 58 20821.9 0 0
94 111 58 20826.1 0 0
102 100 58 20830.3 0 0
105 93 58 20834.5 0 0
109 86 58 20838.8 0 0
118 82 58 20843 0 0
124 75 58 20847.2 0 0
131 70 58 20851.4 0 0
134 64 57 20855.7 0 0
138 60 58 20859.9 0 0
143 57 57 20864.1 0 0
145 53 57 20868.3 0 0
150 53 57 20872.6 0 0
152 52 57 20876.8 0 0
150 50 57 20881 0 0
150 50 57 20885.2 0 0
151 52 57 20889.4 0 0
148 53 57 20893.6 0 0
150 50 57 20897.9 0 0
150 54 57 20902.1 0 0
150 52 57 20906.3 0 0
149 53 57 20910.5 0 0
151 53 57 20914.7 0 0
151 54 57 20918.9 0 0
151 54 57 20923.2 0 0
151 54 57 20927.4 0 0
151 56 57 20931.6 0 0
152 55 57 20935.8 0 0
151 55 57 20940 0 0
150 58 57 20944.2 0 0
151 56 57 20948.5 0 0
151 55 57 20952.7 0 0
152 58 57 20956.9 0 0
151 54 57 20961.1 0 0
151 57 57 20965.3 0 0
154 56 57 20969.5 0 0
150 56 56 20973.8 0 0
150 56 57 20978 0 0
152 55 57 20982.2 0 0
151 58 57 20986.4 0 0
150 56 57 20990.7 0 0
153 56 57 20994.9 0 0
152 55 57 20999.1 0 0
149 55 57 21003.3 0 0
151 56 57 21007.5 0 0
150 56 57 21011.7 0 0
150 56 57 21016 0 0
151 55 56 21020.2 0 0
151 56 57 21024.4 0 0
153 54 57 21028.6 0 0
150 55 57 21032.8 0 0
151 56 57 21037 0 0
150 55 57 21041.2 0 0
150 55 57 21045.5 0 0
150 56 57 21049.7 0 0
150 56 57 21054.3 0 0
151 57 57 21058.5 0 0
151 58 57 21062.7 0 0
151 56 57 21067 0 0
152 54 57 21071.2 0 0
153 57 57 21075.4 0 0
150 54 57 21079.6 0 0
152 56 57 21083.8 0 0
152 56 57 21088 0 0
151 54 57 21092.3 0 0
151 56 57 21096.5 0 0
152 54 57 21100.7 0 0
151 54 57 21104.9 0 0
149 57 57 21109.2 0 0
152 56 57 21113.4 0 0
153 56 57 21117.6 0 0
149 55 57 21121.8 0 0
151 56 57 21126 0 0
152 56 57 21130.2 0 0
150 54 57 21134.4 0 0
150 56 57 21138.7 0 0
148 56 57 21142.9 0 0
152 54 57 21147.1 0 0
152 56 57 21151.3 0 0
151 55 57 21155.5 0 0
151 54 57 21159.7 0 0
152 56 57 21163.9 0 0
150 53 57 21168.2 0 0
153 50 57 21172.4 0 0
159 44 57 21176.6 0 0
161 42 57 21180.8 0 0
161 39 56 21185 0 0
163 39 56 21189.2 0 0
163 37 56 21193.5 0 0
165 36 56 21197.7 0 0
164 37 57 21201.9 0 0
162 36 57 21206.1 0 0
164 37 56 21210.3 0 0
162 36 57 21214.5 0 0
164 37 57 21218.7 0 0
161 36 57 21222.9 0 0
164 36 57 21227.1 0 0
162 36 56 21231.4 0 0
163 37 57 21235.6 0 0
164 36 56 21239.9 0 0
163 37 56 21244.1 0 0
162 37 56 21248.3 0 0
163 37 56 21252.5 0 0
163 37 56 21256.8 0 0
164 35 56 21261 0 0
163 36 56 21265.2 0 0
162 35 56 21269.4 0 0
164 37 57 21273.6 0 0
165 36 57 21277.8 0 0
162 36 57 21282 0 0
163 37 57 21286.2 0 0
162 37 57 21290.4 0 0
164 38 56 21294.7 0 0
162 39 57 21298.9 0 0
158 42 57 21303.3 0 0
151 53 58 21307.5 0 0
142 58 59 21311.7 0 0
135 68 59 21316 0 0
123 80 59 21320.2 0 0
112 89 59 21324.4 0 0
105 98 59 21328.6 0 0
98 109 59 21332.8 0 0
91 119 59 21337 0 0
88 126 58 21341.2 0 0
81 152 58 21345.4 0 0
73 160 58 21349.7 0 0
73 174 58 21353.9 0 0
77 178 58 21360.7 0 0
78 173 58 21364.9 0 0
76 185 58 21369.1 0 0
78 183 58 21373.3 0 0
76 170 58 21377.5 0 0
75 176 58 21381.8 0 0
74 175 58 21386 0 0
74 180 57 21390.2 0 0
75 178 58 21394.4 0 0
75 177 57 21398.6 0 0
74 177 58 21402.8 0 0
74 177 57 21407 0 0
74 175 58 21411.2 0 0
72 182 57 21415.5 0 0
74 180 58 21419.8 0 0
74 188 58 21424 0 0
73 173 58 21428.2 0 0
73 180 58 21432.4 0 0
74 185 57 21436.6 0 0
75 178 58 21440.8 0 0
73 191 58 21445 0 0
72 187 57 21449.2 0 0
73 186 58 21453.5 0 0
73 196 58 21457.7 0 0
74 181 58 21461.9 0 0
74 181 58 21466.1 0 0
72 185 58 21472.3 0 0
72 182 58 21476.6 0 0
73 178 58 21481.5 0 0
75 173 58 21485.8 0 0
72 175 58 21490 0 0
74 171 58 21494.2 0 0
75 174 58 21498.4 0 0
71 179 58 21502.6 0 0
76 168 57 21506.8 0 0
72 182 58 21511 0 0
71 170 58 21515.3 0 0
73 173 57 21519.5 0 0
73 172 57 21523.7 0 0
74 177 58 21527.9 0 0
72 174 58 21532.2 0 0
74 173 58 21536.4 0 0
76 177 58 21540.6 0 0
72 175 58 21544.8 0 0
71 174 58 21549 0 0
73 176 57 21553.5 0 0
73 175 58 21557.7 0 0
72 177 58 21561.9 0 0
74 179 58 21566.1 0 0
73 177 58 21572.9 0 0
72 178 58 21577.2 0 0
75 177 58 21581.4 0 0
74 177 58 21585.6 0 0
72 177 57 21589.8 0 0
72 179 58 21594 0 0
71 175 58 21598.2 0 0
75 180 58 21602.4 0 0
70 180 58 21606.7 0 0
72 175 58 21610.9 0 0
74 184 58 21615.1 0 0
73 182 58 21619.3 0 0
74 186 58 21623.5 0 0
72 196 58 21627.7 0 0
73 185 58 21631.9 0 0
75 189 58 21636.2 0 0
73 188 58 21640.4 0 0
73 187 58 21644.6 0 0
73 184 58 21648.8 0 0
73 188 58 21653 0 0
72 187 58 21657.2 0 0
73 187 58 21661.4 0 0
73 190 58 21665.6 0 0
73 187 58 21669.9 0 0
73 188 58 21674.1 0 0
73 178 58 21678.3 0 0
73 181 58 21682.5 0 0
71 177 58 21686.7 0 0
71 180 58 21691 0 0
72 175 58 21697.8 0 0
71 175 58 21702.1 0 0
73 172 58 21706.3 0 0
74 174 58 21710.5 0 0
73 176 57 21714.7 0 0
71 178 58 21718.9 0 0
71 184 58 21723.1 0 0
67 187 58 21727.4 0 0
69 191 58 21731.6 0 0
65 191 58 21735.8 0 0
65 188 58 21740.1 0 0
69 190 58 21744.3 0 0
67 189 58 21748.5 0 0
67 190 58 21752.7 0 0
66 189 58 21756.9 0 0
68 188 58 21761.1 0 0
68 188 58 21765.3 0 0
66 189 58 21769.6 0 0
66 198 58 21773.8 0 0
65 192 58 21778 0 0
66 199 58 21782.2 0 0
66 194 58 21786.4 0 0
65 193 58 21790.6 0 0
67 198 58 21794.8 0 0
67 193 58 21799 0 0
65 195 58 21806 0 0
66 191 58 21810.2 0 0
64 193 58 21814.5 0 0
65 191 58 21818.7 0 0
63 190 58 21822.9 0 0
66 189 58 21827.2 0 0
66 193 58 21831.4 0 0
67 191 58 21835.6 0 0
66 186 58 21839.8 0 0
67 189 58 21844 0 0
64 190 58 21848.2 0 0
67 189 58 21852.4 0 0
67 193 58 21856.7 0 0
63 192 58 21860.9 0 0
67 187 58 21865.3 0 0
66 188 58 21869.5 0 0
65 187 58 21873.8 0 0
68 186 58 21878 0 0
64 186 58 21882.2 0 0
67 189 58 21886.4 0 0
67 192 58 21890.6 0 0
66 188 58 21894.8 0 0
67 188 58 21899 0 0
67 188 58 21903.2 0 0
68 186 58 21909.7 0 0
65 190 58 21913.9 0 0
66 189 58 21918.1 0 0
65 188 58 21922.3 0 0
65 186 58 21926.6 0 0
67 189 58 21930.8 0 0
66 188 58 21935 0 0
66 187 58 21939.2 0 0
65 189 58 21943.4 0 0
66 187 58 21947.6 0 0
64 186 58 21951.8 0 0
64 188 58 21956.1 0 0
66 190 58 21960.3 0 0
66 188 58 21964.5 0 0
66 189 58 21968.7 0 0
67 188 58 21972.9 0 0
62 186 58 21977.1 0 0
68 188 58 21981.3 0 0
67 188 58 21985.6 0 0
67 188 58 21989.8 0 0
65 189 58 21994 0 0
64 186 58 21998.2 0 0
66 188 58 22002.4 0 0
64 187 58 22006.7 0 0
67 187 58 22010.9 0 0
67 189 58 22015.1 0 0
65 186 58 22019.3 0 0
66 188 58 22023.5 0 0
67 187 58 22027.7 0 0
