124 107 68 1012.15 0 0
122 111 68 1016.35 0 0
121 109 69 1020.55 0 0
122 108 68 1024.76 0 0
121 108 69 1028.98 0 0
121 110 69 1033.21 0 0
121 108 68 1037.43 0 0
121 108 69 1044.5 0 0
123 110 69 1052.97 0 0
121 109 69 1061.22 0 0
121 109 69 1069.48 0 0
121 109 69 1077.95 0 0
122 109 69 1085.41 0 0
122 107 69 1089.64 0 0
123 111 68 1094.45 0 0
124 107 69 1098.68 0 0
119 111 69 1102.89 0 0
124 113 69 1107.09 0 0
123 111 69 1111.3 0 0
122 107 69 1115.5 0 0
124 112 69 1119.71 0 0
121 107 69 1123.92 0 0
123 111 69 1128.15 0 0
123 110 69 1132.41 0 0
123 111 69 1136.62 0 0
125 111 69 1140.82 0 0
121 107 69 1145.03 0 0
124 111 69 1149.28 0 0
123 107 69 1153.49 0 0
122 109 69 1157.75 0 0
122 109 70 1161.98 0 0
123 107 69 1166.18 0 0
123 107 69 1170.38 0 0
123 111 69 1174.58 0 0
124 109 69 1178.79 0 0
123 111 69 1183.01 0 0
120 105 70 1187.24 0 0
121 110 69 1191.47 0 0
122 106 69 1198.59 0 0
120 112 70 1202.83 0 0
118 100 71 1207.03 0 0
112 96 70 1211.24 0 0
101 88 70 1215.47 0 0
94 78 70 1219.7 0 0
89 68 70 1223.93 0 0
77 65 70 1228.13 0 0
71 64 70 1232.34 0 0
64 68 69 1236.54 0 0
60 65 69 1240.74 0 0
55 66 69 1244.97 0 0
52 66 69 1249.18 0 0
51 67 68 1253.65 0 0
47 65 68 1257.89 0 0
49 63 68 1262.1 0 0
48 68 68 1266.3 0 0
47 64 68 1270.5 0 0
47 66 68 1274.72 0 0
45 65 68 1278.94 0 0
45 65 68 1283.17 0 0
44 64 68 1288.56 0 0
47 64 68 1292.78 0 0
45 61 68 1296.99 0 0
46 60 68 1301.19 0 0
47 63 68 1305.4 0 0
44 62 68 1309.61 0 0
45 60 68 1313.84 0 0
47 59 68 1318.05 0 0
46 62 68 1322.27 0 0
46 63 68 1326.48 0 0
46 60 68 1330.69 0 0
44 61 68 1334.89 0 0
47 62 68 1339.12 0 0
46 63 68 1343.35 0 0
47 61 67 1347.57 0 0
44 58 67 1351.78 0 0
38 61 67 1355.99 0 0
35 57 67 1360.19 0 0
25 61 67 1364.39 0 0
19 67 67 1368.62 0 0
19 66 66 1372.84 0 0
15 72 66 1377.07 0 0
19 66 66 1381.28 0 0
20 66 66 1385.5 0 0
22 64 66 1389.72 0 0
20 67 65 1393.92 0 0
20 66 65 1398.12 0 0
21 65 65 1402.33 0 0
19 66 65 1406.58 0 0
17 64 65 1410.8 0 0
17 63 65 1415 0 0
18 65 64 1419.2 0 0
20 62 64 1423.41 0 0
17 69 64 1427.62 0 0
18 63 64 1431.85 0 0
19 66 64 1436.06 0 0
20 66 64 1440.29 0 0
20 65 63 1444.51 0 0
18 69 64 1448.71 0 0
19 65 63 1452.92 0 0
20 61 63 1457.13 0 0
17 62 63 1461.34 0 0
19 62 63 1465.57 0 0
21 61 63 1469.8 0 0
20 63 63 1474.03 0 0
19 60 62 1478.24 0 0
19 63 62 1482.45 0 0
20 61 62 1486.65 0 0
17 63 62 1490.86 0 0
19 62 62 1495.09 0 0
19 64 62 1499.31 0 0
16 66 62 1503.54 0 0
17 67 62 1507.82 0 0
17 64 61 1512.03 0 0
17 64 61 1516.25 0 0
18 65 61 1520.45 0 0
19 69 61 1524.78 0 0
15 68 61 1529 0 0
20 66 61 1533.24 0 0
18 69 61 1537.46 0 0
18 66 60 1541.66 0 0
20 67 61 1545.87 0 0
18 68 60 1550.07 0 0
16 69 60 1554.29 0 0
19 68 60 1558.5 0 0
20 63 60 1562.75 0 0
19 65 60 1566.97 0 0
18 65 59 1571.24 0 0
19 64 59 1575.5 0 0
21 69 59 1579.7 0 0
20 66 59 1583.91 0 0
32 57 59 1588.18 0 0
36 56 59 1592.4 0 0
45 50 60 1596.75 0 0
53 43 60 1600.96 0 0
60 40 60 1605.17 0 0
62 38 60 1609.42 0 0
63 30 60 1613.62 0 0
68 34 60 1617.83 0 0
65 36 60 1622.04 0 0
62 35 59 1626.27 0 0
63 39 59 1630.48 0 0
63 36 59 1634.69 0 0
67 35 59 1638.9 0 0
66 35 59 1643.09 0 0
64 34 59 1647.29 0 0
68 35 59 1651.51 0 0
66 34 59 1655.74 0 0
67 34 58 1659.96 0 0
67 34 58 1664.17 0 0
66 35 58 1668.37 0 0
66 35 58 1672.59 0 0
66 34 58 1676.79 0 0
66 34 58 1684.11 0 0
63 33 58 1688.44 0 0
67 42 58 1692.77 0 0
65 36 58 1696.99 0 0
69 35 58 1701.2 0 0
71 40 58 1705.4 0 0
75 37 58 1709.6 0 0
78 45 58 1713.81 0 0
83 57 58 1718.05 0 0
87 67 57 1722.27 0 0
88 80 57 1726.48 0 0
92 86 57 1730.69 0 0
96 99 57 1734.89 0 0
92 107 57 1739.09 0 0
99 113 57 1743.3 0 0
99 119 57 1747.51 0 0
102 123 57 1751.75 0 0
103 137 57 1755.98 0 0
102 141 57 1760.19 0 0
104 147 57 1764.39 0 0
101 151 56 1768.59 0 0
103 159 56 1772.83 0 0
103 162 56 1777.08 0 0
105 168 56 1781.33 0 0
104 163 56 1785.55 0 0
103 164 56 1789.77 0 0
105 161 56 1793.98 0 0
106 161 56 1798.18 0 0
103 166 56 1802.38 0 0
102 162 56 1806.64 0 0
105 165 56 1810.91 0 0
104 171 56 1815.21 0 0
104 164 56 1819.44 0 0
105 167 56 1823.66 0 0
106 164 56 1827.87 0 0
105 164 56 1832.07 0 0
106 166 56 1836.28 0 0
106 163 56 1840.5 0 0
104 168 56 1844.73 0 0
106 165 56 1848.96 0 0
106 164 56 1853.18 0 0
107 165 56 1857.38 0 0
107 165 56 1861.58 0 0
107 164 55 1865.78 0 0
106 164 55 1869.99 0 0
106 165 56 1874.21 0 0
106 167 56 1881.19 0 0
105 165 56 1885.4 0 0
107 162 56 1889.6 0 0
106 163 55 1893.8 0 0
105 165 56 1898.06 0 0
107 166 56 1902.28 0 0
107 165 55 1906.52 0 0
106 165 56 1910.75 0 0
105 165 55 1914.98 0 0
107 160 55 1919.18 0 0
107 165 55 1923.38 0 0
105 167 55 1927.58 0 0
105 165 56 1931.81 0 0
107 163 56 1936.04 0 0
107 164 55 1940.28 0 0
107 165 55 1944.49 0 0
106 167 56 1948.71 0 0
105 165 56 1952.91 0 0
105 166 56 1957.12 0 0
106 161 55 1961.34 0 0
108 166 55 1965.55 0 0
104 162 55 1969.79 0 0
105 162 55 1974.03 0 0
105 162 55 1985.09 0 0
107 165 56 1991.67 0 0
108 165 56 1995.88 0 0
104 164 56 2001.82 0 0
107 164 56 2006.08 0 0
107 162 55 2010.3 0 0
105 163 56 2014.51 0 0
106 166 56 2018.71 0 0
106 164 55 2023.01 0 0
108 165 56 2027.23 0 0
106 164 55 2031.59 0 0
109 165 56 2035.82 0 0
108 167 56 2040.03 0 0
106 167 56 2044.23 0 0
109 164 56 2048.43 0 0
107 164 56 2052.63 0 0
108 165 56 2056.87 0 0
105 167 56 2061.09 0 0
106 169 56 2065.32 0 0
107 163 56 2069.55 0 0
108 163 56 2073.76 0 0
109 168 56 2077.97 0 0
105 167 56 2082.17 0 0
105 163 56 2089.22 0 0
105 166 56 2093.49 0 0
107 165 56 2097.72 0 0
106 158 56 2101.94 0 0
107 167 56 2106.14 0 0
107 165 56 2110.34 0 0
108 165 56 2114.54 0 0
109 163 56 2118.8 0 0
107 160 56 2123.03 0 0
107 167 56 2127.26 0 0
107 162 56 2131.49 0 0
105 166 56 2135.71 0 0
106 165 56 2139.91 0 0
106 162 56 2144.12 0 0
110 157 56 2148.32 0 0
115 148 57 2152.55 0 0
120 128 56 2156.81 0 0
122 113 57 2161.04 0 0
126 100 56 2165.24 0 0
130 79 56 2169.45 0 0
130 63 57 2173.65 0 0
133 50 57 2177.85 0 0
132 46 57 2182.06 0 0
135 47 57 2186.27 0 0
135 47 57 2190.5 0 0
133 46 57 2194.81 0 0
135 43 57 2199.02 0 0
136 43 57 2203.23 0 0
133 47 57 2207.43 0 0
136 36 57 2211.64 0 0
136 38 57 2215.87 0 0
136 37 57 2220.1 0 0
133 37 57 2224.32 0 0
135 38 58 2228.52 0 0
134 39 57 2232.73 0 0
133 41 57 2236.93 0 0
132 42 57 2241.14 0 0
134 42 57 2245.39 0 0
132 41 57 2249.61 0 0
134 38 57 2253.85 0 0
135 42 57 2258.14 0 0
135 46 57 2262.35 0 0
134 44 57 2266.55 0 0
134 43 58 2270.75 0 0
136 41 57 2275.08 0 0
133 43 57 2279.31 0 0
136 43 57 2283.56 0 0
132 44 57 2287.77 0 0
133 43 58 2291.98 0 0
136 41 58 2296.18 0 0
134 45 57 2300.38 0 0
133 41 58 2304.61 0 0
135 41 57 2308.82 0 0
134 42 58 2313.07 0 0
135 43 58 2317.32 0 0
135 44 58 2321.54 0 0
135 43 58 2325.76 0 0
134 42 57 2329.97 0 0
131 42 57 2334.17 0 0
133 45 57 2338.4 0 0
135 46 58 2342.62 0 0
134 43 57 2347.08 0 0
134 45 58 2351.29 0 0
133 42 58 2355.49 0 0
134 43 58 2359.69 0 0
134 45 58 2363.89 0 0
135 40 58 2368.11 0 0
134 47 58 2372.33 0 0
133 46 58 2376.56 0 0
133 42 58 2380.79 0 0
135 42 58 2385 0 0
133 43 57 2389.21 0 0
135 47 58 2393.41 0 0
133 41 58 2397.61 0 0
132 40 58 2401.83 0 0
135 39 58 2406.09 0 0
134 43 58 2410.31 0 0
134 46 58 2414.52 0 0
135 46 57 2418.72 0 0
135 41 57 2422.92 0 0
133 43 58 2427.12 0 0
135 43 57 2431.35 0 0
134 45 58 2435.56 0 0
135 43 58 2439.81 0 0
131 44 58 2444.03 0 0
129 52 58 2448.24 0 0
119 57 58 2452.44 0 0
106 80 58 2456.64 0 0
93 95 58 2460.85 0 0
84 105 59 2465.09 0 0
71 116 58 2469.46 0 0
58 124 57 2473.7 0 0
37 149 56 2477.92 0 0
32 159 55 2482.14 0 0
28 169 55 2486.35 0 0
27 180 55 2490.55 0 0
27 180 56 2494.77 0 0
29 185 56 2498.98 0 0
29 189 56 2503.87 0 0
28 191 55 2508.08 0 0
27 192 55 2512.29 0 0
27 191 55 2516.49 0 0
25 190 55 2520.69 0 0
28 190 55 2524.91 0 0
29 195 55 2529.13 0 0
28 189 55 2533.37 0 0
26 194 55 2537.6 0 0
27 190 56 2541.8 0 0
28 194 56 2546.01 0 0
31 185 55 2550.21 0 0
29 192 55 2554.46 0 0
28 195 55 2558.68 0 0
30 188 55 2562.93 0 0
26 193 55 2567.16 0 0
25 189 55 2571.39 0 0
28 193 55 2575.62 0 0
27 193 55 2579.84 0 0
27 191 55 2584.04 0 0
28 192 55 2588.26 0 0
29 191 55 2592.47 0 0
28 185 55 2597.37 0 0
28 191 56 2601.57 0 0
27 187 55 2605.77 0 0
27 188 56 2609.97 0 0
28 193 55 2614.18 0 0
28 187 55 2618.39 0 0
28 187 55 2622.6 0 0
27 190 55 2626.85 0 0
28 188 55 2631.07 0 0
28 189 55 2635.28 0 0
29 190 55 2639.48 0 0
28 195 55 2643.68 0 0
25 192 56 2647.88 0 0
29 195 55 2652.13 0 0
29 195 55 2656.38 0 0
28 194 55 2660.6 0 0
27 194 56 2664.81 0 0
26 195 55 2669.03 0 0
28 192 56 2673.23 0 0
27 192 56 2677.47 0 0
29 191 55 2681.72 0 0
29 191 56 2686 0 0
28 193 56 2692.9 0 0
31 193 56 2697.14 0 0
41 194 57 2701.34 0 0
48 200 57 2705.54 0 0
63 208 58 2709.74 0 0
75 213 58 2713.95 0 0
90 218 57 2718.18 0 0
96 217 57 2722.4 0 0
104 225 57 2726.62 0 0
104 229 56 2730.82 0 0
108 228 56 2735.02 0 0
108 232 57 2739.22 0 0
106 226 57 2743.43 0 0
105 230 57 2747.66 0 0
106 232 57 2751.9 0 0
110 232 56 2756.12 0 0
111 233 57 2760.33 0 0
109 231 56 2764.53 0 0
109 231 56 2768.74 0 0
110 229 57 2773.02 0 0
109 231 56 2777.34 0 0
108 231 57 2781.65 0 0
108 233 56 2785.89 0 0
110 229 56 2792.78 0 0
110 231 56 2797.02 0 0
112 231 56 2801.22 0 0
109 230 56 2805.43 0 0
109 231 56 2809.65 0 0
109 231 56 2813.88 0 0
108 230 56 2818.1 0 0
108 232 56 2822.33 0 0
111 233 56 2826.54 0 0
110 230 56 2830.74 0 0
112 233 56 2834.94 0 0
109 234 56 2839.17 0 0
109 230 56 2843.41 0 0
111 228 56 2847.63 0 0
110 228 56 2851.84 0 0
109 231 56 2856.04 0 0
110 227 56 2860.24 0 0
109 232 55 2864.44 0 0
111 230 56 2868.66 0 0
109 231 56 2872.87 0 0
111 228 56 2877.11 0 0
110 230 56 2881.33 0 0
107 226 56 2885.54 0 0
109 229 55 2889.75 0 0
109 230 56 2896.69 0 0
110 227 56 2905.18 0 0
112 224 56 2913.42 0 0
112 224 56 2921.67 0 0
107 232 55 2929.19 0 0
108 230 55 2933.4 0 0
110 231 55 2938.41 0 0
109 229 55 2942.69 0 0
110 229 55 2946.9 0 0
111 232 55 2951.11 0 0
109 229 55 2955.31 0 0
111 229 55 2959.51 0 0
107 232 55 2963.74 0 0
110 228 55 2967.97 0 0
109 231 55 2972.2 0 0
110 232 55 2976.42 0 0
108 227 55 2980.63 0 0
107 230 55 2984.84 0 0
110 230 55 2989.04 0 0
108 229 55 2993.26 0 0
110 230 55 2997.47 0 0
109 229 55 3001.71 0 0
113 226 56 3005.92 0 0
123 223 56 3010.15 0 0
137 223 57 3014.35 0 0
153 220 57 3018.55 0 0
160 222 56 3022.75 0 0
173 225 55 3026.98 0 0
187 221 55 3031.22 0 0
191 223 54 3035.45 0 0
190 220 54 3039.66 0 0
187 221 54 3046.78 0 0
185 220 54 3050.98 0 0
189 221 54 3055.2 0 0
189 222 54 3059.42 0 0
192 219 54 3063.65 0 0
194 221 54 3067.87 0 0
189 221 54 3072.08 0 0
192 218 54 3076.3 0 0
192 218 54 3080.51 0 0
193 219 54 3084.72 0 0
191 218 54 3088.95 0 0
191 220 54 3093.18 0 0
191 223 54 3097.4 0 0
191 217 54 3101.61 0 0
192 221 54 3105.81 0 0
191 220 54 3110.03 0 0
193 223 54 3114.23 0 0
190 218 54 3118.58 0 0
189 219 54 3122.8 0 0
190 218 54 3129.96 0 0
190 223 54 3134.17 0 0
190 221 54 3138.37 0 0
191 219 53 3142.57 0 0
190 220 54 3146.79 0 0
189 217 54 3151.01 0 0
191 219 54 3155.27 0 0
191 219 54 3159.52 0 0
193 220 54 3163.76 0 0
189 220 54 3167.96 0 0
190 216 54 3172.16 0 0
191 213 54 3176.36 0 0
194 197 54 3180.58 0 0
201 183 53 3184.79 0 0
198 159 53 3189.03 0 0
199 139 54 3193.25 0 0
201 126 54 3197.48 0 0
202 109 54 3201.68 0 0
205 93 54 3205.88 0 0
207 84 54 3210.08 0 0
206 70 54 3214.3 0 0
205 57 54 3218.55 0 0
203 49 54 3222.77 0 0
198 41 54 3226.98 0 0
199 38 54 3234.08 0 0
198 36 54 3238.28 0 0
199 39 54 3242.49 0 0
199 35 54 3246.72 0 0
200 36 55 3250.96 0 0
198 33 54 3255.18 0 0
196 34 55 3259.4 0 0
200 33 55 3263.6 0 0
196 34 55 3267.81 0 0
197 35 55 3272.02 0 0
199 31 55 3276.23 0 0
197 32 55 3280.46 0 0
198 34 55 3284.68 0 0
198 32 55 3288.9 0 0
197 31 55 3293.1 0 0
197 32 55 3297.3 0 0
198 34 55 3301.52 0 0
197 31 55 3305.73 0 0
195 32 55 3309.94 0 0
197 34 55 3314.18 0 0
197 31 55 3318.39 0 0
194 32 54 3322.64 0 0
199 34 55 3326.85 0 0
199 34 55 3331.05 0 0
193 34 55 3335.63 0 0
196 30 55 3339.86 0 0
196 34 55 3346.49 0 0
199 34 54 3350.72 0 0
198 36 55 3354.92 0 0
197 37 55 3359.13 0 0
193 29 55 3363.34 0 0
188 13 56 3367.6 0 0
187 6 56 3371.81 0 0
184 4 56 3376.05 0 0
180 5 56 3380.26 0 0
178 3 56 3384.47 0 0
179 3 56 3388.68 0 0
181 6 56 3392.88 0 0
183 8 55 3397.09 0 0
183 5 56 3401.32 0 0
183 7 55 3405.55 0 0
185 5 56 3409.77 0 0
184 1 56 3413.98 0 0
180 4 56 3418.18 0 0
183 8 56 3422.39 0 0
183 8 56 3426.59 0 0
185 7 55 3430.8 0 0
182 4 55 3435.01 0 0
182 4 55 3439.25 0 0
182 4 55 3444.83 0 0
179 7 55 3449.05 0 0
181 8 55 3453.26 0 0
183 7 56 3457.46 0 0
183 8 55 3461.67 0 0
182 1 55 3465.88 0 0
181 8 55 3470.11 0 0
180 4 56 3474.32 0 0
178 2 56 3478.54 0 0
183 6 55 3482.75 0 0
181 6 56 3486.96 0 0
183 4 56 3491.16 0 0
182 3 56 3495.37 0 0
183 6 55 3499.6 0 0
181 5 55 3503.83 0 0
180 7 55 3508.04 0 0
183 7 55 3512.25 0 0
181 3 55 3516.48 0 0
181 5 55 3520.68 0 0
181 7 55 3524.89 0 0
184 7 55 3529.1 0 0
183 3 56 3533.33 0 0
182 3 55 3537.55 0 0
180 5 55 3541.76 0 0
183 5 55 3545.97 0 0
181 3 56 3550.18 0 0
180 4 55 3554.39 0 0
180 6 55 3558.6 0 0
181 3 56 3562.86 0 0
183 7 55 3567.08 0 0
180 3 55 3571.29 0 0
183 6 55 3575.49 0 0
180 3 55 3579.7 0 0
183 4 55 3583.91 0 0
184 4 55 3588.12 0 0
180 2 55 3592.33 0 0
181 5 55 3596.56 0 0
179 1 56 3600.77 0 0
179 5 55 3604.97 0 0
181 9 56 3609.17 0 0
181 5 55 3613.37 0 0
183 8 55 3617.58 0 0
182 7 55 3621.81 0 0
182 6 55 3626.04 0 0
181 3 56 3630.27 0 0
181 9 55 3634.48 0 0
183 6 55 3638.68 0 0
181 6 55 3642.89 0 0
184 8 56 3647.09 0 0
188 16 56 3651.3 0 0
201 35 56 3655.53 0 0
210 64 55 3659.76 0 0
220 85 54 3663.99 0 0
232 117 52 3668.19 0 0
238 136 52 3672.4 0 0
238 146 52 3676.6 0 0
240 168 52 3680.82 0 0
238 184 53 3685.03 0 0
237 193 53 3691.91 0 0
239 192 53 3696.14 0 0
240 191 53 3700.37 0 0
240 193 53 3704.6 0 0
242 191 53 3708.8 0 0
235 186 53 3713.01 0 0
238 186 53 3717.22 0 0
239 186 53 3721.45 0 0
237 191 53 3725.65 0 0
239 189 53 3729.85 0 0
237 186 53 3734.07 0 0
237 186 53 3738.28 0 0
237 187 53 3742.49 0 0
234 186 53 3746.7 0 0
235 190 53 3750.95 0 0
238 194 53 3755.17 0 0
238 189 53 3759.38 0 0
239 188 53 3763.6 0 0
236 186 53 3767.8 0 0
239 188 53 3772.01 0 0
238 188 53 3776.31 0 0
241 188 53 3780.59 0 0
239 191 53 3784.82 0 0
237 188 53 3789.04 0 0
239 195 53 3793.25 0 0
239 195 53 3797.45 0 0
238 193 53 3804.19 0 0
239 194 53 3808.41 0 0
239 192 53 3812.65 0 0
237 194 53 3816.87 0 0
239 197 53 3821.08 0 0
238 193 53 3825.31 0 0
237 190 53 3829.52 0 0
241 180 53 3833.72 0 0
244 183 53 3837.94 0 0
242 179 53 3842.15 0 0
244 180 53 3847 0 0
242 177 53 3851.21 0 0
245 181 53 3855.41 0 0
242 182 53 3859.62 0 0
244 183 53 3863.82 0 0
244 183 53 3868.03 0 0
243 181 53 3872.26 0 0
242 181 53 3876.49 0 0
240 180 53 3880.72 0 0
244 177 53 3884.93 0 0
243 184 53 3889.14 0 0
244 178 54 3893.35 0 0
241 184 53 3897.55 0 0
240 182 53 3901.77 0 0
243 184 53 3906.01 0 0
244 182 53 3910.23 0 0
244 182 53 3914.44 0 0
245 182 54 3918.65 0 0
243 181 53 3922.86 0 0
243 178 53 3927.06 0 0
244 180 53 3931.27 0 0
241 183 54 3935.49 0 0
244 183 53 3939.72 0 0
243 182 54 3943.94 0 0
244 186 54 3948.16 0 0
243 183 54 3952.36 0 0
243 185 54 3956.56 0 0
244 183 54 3960.77 0 0
243 189 54 3964.98 0 0
246 180 53 3969.22 0 0
244 185 54 3973.44 0 0
245 189 54 3977.66 0 0
244 186 54 3981.88 0 0
246 188 54 3986.08 0 0
244 185 54 3990.29 0 0
243 182 54 3994.55 0 0
244 180 53 3998.81 0 0
242 179 54 4003.04 0 0
243 181 54 4007.26 0 0
243 187 54 4011.47 0 0
242 181 54 4015.68 0 0
242 181 54 4019.88 0 0
244 178 54 4024.17 0 0
243 181 54 4028.39 0 0
240 177 54 4032.64 0 0
246 184 54 4036.86 0 0
244 186 54 4041.07 0 0
239 186 54 4045.27 0 0
244 183 54 4049.47 0 0
244 183 54 4053.67 0 0
244 187 54 4057.9 0 0
243 177 54 4062.13 0 0
243 175 54 4066.35 0 0
244 167 54 4070.56 0 0
247 154 54 4074.77 0 0
250 140 54 4078.98 0 0
244 119 53 4083.18 0 0
244 104 54 4087.39 0 0
239 93 54 4091.61 0 0
236 78 54 4095.83 0 0
230 70 55 4100.05 0 0
223 71 55 4104.26 0 0
220 72 55 4108.46 0 0
213 75 56 4112.67 0 0
211 78 56 4116.9 0 0
209 76 56 4121.11 0 0
211 79 56 4125.35 0 0
212 73 56 4129.57 0 0
211 72 56 4133.78 0 0
213 72 56 4137.99 0 0
211 76 56 4142.19 0 0
210 75 56 4146.39 0 0
211 74 56 4150.61 0 0
214 74 56 4154.82 0 0
211 76 56 4159.34 0 0
212 77 56 4163.55 0 0
214 76 56 4167.79 0 0
214 79 56 4172 0 0
214 78 56 4176.21 0 0
211 79 56 4180.42 0 0
213 76 56 4184.63 0 0
208 89 56 4188.87 0 0
207 99 56 4193.09 0 0
204 117 56 4197.3 0 0
201 133 56 4201.51 0 0
199 152 56 4205.72 0 0
199 164 56 4209.92 0 0
197 182 56 4214.14 0 0
197 197 57 4218.38 0 0
198 204 57 4222.61 0 0
197 210 57 4226.82 0 0
196 218 57 4231.02 0 0
196 216 57 4235.22 0 0
197 214 57 4239.43 0 0
196 210 57 4243.64 0 0
197 211 57 4247.85 0 0
195 214 56 4252.09 0 0
196 212 57 4256.31 0 0
196 217 57 4260.53 0 0
195 215 57 4264.74 0 0
193 215 57 4268.94 0 0
193 217 57 4273.16 0 0
197 217 57 4277.38 0 0
197 216 57 4281.62 0 0
196 215 57 4285.84 0 0
195 216 57 4290.05 0 0
194 214 57 4294.25 0 0
197 214 57 4298.45 0 0
194 218 57 4302.66 0 0
194 218 57 4306.87 0 0
195 220 57 4311.08 0 0
197 219 57 4315.31 0 0
195 217 57 4319.57 0 0
194 221 57 4323.93 0 0
195 217 57 4328.14 0 0
194 221 57 4332.34 0 0
197 222 57 4336.61 0 0
193 221 57 4340.83 0 0
196 221 57 4345.07 0 0
195 222 57 4349.29 0 0
194 224 57 4353.5 0 0
196 220 57 4357.7 0 0
196 222 57 4361.9 0 0
196 223 57 4366.1 0 0
194 222 57 4370.31 0 0
196 221 57 4374.53 0 0
198 220 57 4378.78 0 0
197 224 57 4383.02 0 0
194 222 57 4387.22 0 0
197 221 57 4391.43 0 0
194 221 57 4395.64 0 0
196 221 57 4399.87 0 0
195 222 57 4404.08 0 0
196 222 57 4408.31 0 0
195 219 57 4412.53 0 0
195 219 57 4416.74 0 0
194 221 57 4420.94 0 0
195 219 57 4425.28 0 0
195 222 57 4429.52 0 0
195 221 57 4433.73 0 0
197 220 57 4437.98 0 0
195 219 57 4442.21 0 0
193 221 57 4446.42 0 0
195 219 57 4450.63 0 0
194 218 57 4454.83 0 0
194 218 57 4459.03 0 0
193 220 57 4463.25 0 0
192 219 57 4467.46 0 0
195 219 57 4472.26 0 0
195 215 57 4476.49 0 0
196 218 57 4480.7 0 0
192 216 57 4484.91 0 0
194 217 57 4489.11 0 0
196 221 57 4493.32 0 0
193 214 57 4497.54 0 0
196 218 57 4501.77 0 0
194 213 57 4505.99 0 0
195 219 57 4510.21 0 0
194 220 57 4514.42 0 0
195 219 57 4518.62 0 0
195 219 57 4522.83 0 0
193 217 57 4527.04 0 0
195 219 57 4531.27 0 0
195 220 57 4535.49 0 0
198 218 57 4539.71 0 0
193 218 57 4543.92 0 0
196 220 57 4548.12 0 0
197 220 57 4552.33 0 0
195 220 57 4556.55 0 0
197 220 57 4560.76 0 0
196 220 57 4564.98 0 0
195 221 57 4569.2 0 0
197 220 57 4573.47 0 0
195 219 57 4577.68 0 0
194 223 57 4581.89 0 0
196 221 57 4586.1 0 0
193 215 57 4590.31 0 0
197 215 57 4594.55 0 0
194 218 57 4598.77 0 0
197 216 57 4602.98 0 0
195 217 57 4607.18 0 0
193 216 57 4611.38 0 0
194 215 57 4615.58 0 0
193 215 57 4619.79 0 0
195 218 57 4624.01 0 0
197 220 57 4628.43 0 0
195 220 57 4632.72 0 0
194 215 57 4636.93 0 0
194 223 57 4641.13 0 0
194 216 57 4645.33 0 0
195 215 57 4649.55 0 0
195 214 57 4653.78 0 0
192 215 57 4658.02 0 0
194 217 57 4662.24 0 0
195 217 56 4666.45 0 0
195 215 57 4670.66 0 0
194 217 57 4674.87 0 0
195 215 57 4679.07 0 0
195 215 57 4683.28 0 0
195 217 57 4687.67 0 0
193 214 57 4691.89 0 0
194 218 57 4696.12 0 0
197 217 57 4700.32 0 0
195 216 57 4704.53 0 0
197 217 57 4708.73 0 0
192 215 57 4712.96 0 0
194 217 56 4717.19 0 0
195 215 56 4721.41 0 0
192 215 56 4725.62 0 0
192 216 56 4729.83 0 0
196 217 57 4734.03 0 0
198 217 56 4740.85 0 0
195 215 56 4745.1 0 0
195 214 56 4749.35 0 0
193 216 57 4753.64 0 0
194 215 57 4757.85 0 0
193 215 57 4762.06 0 0
196 215 57 4766.27 0 0
199 223 57 4770.47 0 0
191 214 56 4774.7 0 0
196 222 57 4778.92 0 0
195 222 56 4783.14 0 0
194 218 57 4787.36 0 0
196 223 57 4791.57 0 0
194 222 56 4795.77 0 0
195 221 57 4799.97 0 0
194 218 57 4804.21 0 0
195 219 57 4808.42 0 0
193 221 57 4812.66 0 0
197 221 56 4816.89 0 0
192 221 57 4821.1 0 0
197 222 56 4825.3 0 0
194 220 57 4829.51 0 0
195 220 57 4833.71 0 0
194 218 57 4837.94 0 0
193 222 57 4842.15 0 0
193 222 57 4846.37 0 0
196 223 57 4851.07 0 0
195 221 57 4855.27 0 0
199 223 57 4859.48 0 0
195 220 57 4863.68 0 0
195 221 57 4867.9 0 0
196 220 57 4872.23 0 0
193 217 57 4876.56 0 0
196 222 57 4880.79 0 0
196 221 57 4885 0 0
196 220 57 4889.21 0 0
194 220 57 4893.41 0 0
196 221 57 4897.61 0 0
192 220 57 4901.84 0 0
195 219 57 4906.08 0 0
193 220 57 4910.31 0 0
195 220 57 4914.51 0 0
196 220 57 4918.72 0 0
193 218 57 4922.92 0 0
197 219 57 4927.12 0 0
195 221 57 4931.35 0 0
195 219 57 4935.57 0 0
196 220 57 4939.8 0 0
195 220 57 4944.02 0 0
196 220 58 4948.23 0 0
192 220 57 4952.43 0 0
198 224 57 4956.63 0 0
195 224 58 4960.94 0 0
195 219 57 4965.36 0 0
194 227 58 4969.62 0 0
193 219 58 4973.85 0 0
195 224 57 4978.08 0 0
191 215 58 4982.29 0 0
196 215 58 4986.49 0 0
193 217 58 4990.69 0 0
194 216 58 4994.92 0 0
196 219 58 4999.15 0 0
194 214 58 5003.98 0 0
195 218 58 5008.2 0 0
195 225 58 5012.41 0 0
193 215 58 5016.61 0 0
194 219 58 5020.81 0 0
193 214 58 5025.03 0 0
195 219 58 5029.25 0 0
196 218 59 5033.49 0 0
190 215 58 5037.71 0 0
192 219 58 5041.91 0 0
195 217 58 5046.12 0 0
194 217 58 5050.32 0 0
196 219 58 5054.58 0 0
195 215 58 5061.53 0 0
195 221 59 5069.79 0 0
195 221 59 5078.24 0 0
195 219 58 5085.46 0 0
196 220 59 5089.82 0 0
194 222 58 5094.77 0 0
196 220 59 5099.05 0 0
193 222 59 5103.26 0 0
194 223 59 5107.46 0 0
195 221 59 5111.66 0 0
193 222 59 5115.87 0 0
193 223 59 5120.1 0 0
194 220 59 5124.32 0 0
195 220 59 5129.01 0 0
193 222 59 5133.22 0 0
197 216 59 5137.43 0 0
195 219 59 5141.63 0 0
192 221 59 5145.83 0 0
196 218 59 5150.06 0 0
195 220 59 5154.27 0 0
195 220 59 5158.5 0 0
194 217 59 5162.73 0 0
192 218 59 5166.94 0 0
192 217 59 5171.14 0 0
197 221 59 5177.93 0 0
194 220 59 5182.18 0 0
194 220 60 5186.43 0 0
194 223 59 5190.69 0 0
194 218 59 5194.96 0 0
194 219 60 5199.18 0 0
196 220 60 5203.39 0 0
192 216 59 5207.59 0 0
194 223 60 5211.8 0 0
195 219 60 5216.02 0 0
195 220 59 5220.25 0 0
196 222 60 5224.49 0 0
197 220 60 5228.69 0 0
195 223 59 5232.9 0 0
192 221 59 5237.1 0 0
196 221 60 5241.3 0 0
195 221 60 5245.52 0 0
195 218 60 5249.74 0 0
196 221 60 5253.96 0 0
194 219 60 5258.2 0 0
194 221 60 5262.41 0 0
194 219 60 5266.62 0 0
195 218 60 5270.82 0 0
194 224 60 5275.2 0 0
197 221 60 5279.43 0 0
195 220 60 5286.3 0 0
193 221 60 5290.54 0 0
197 227 60 5294.78 0 0
195 219 60 5298.98 0 0
198 221 60 5303.18 0 0
197 224 60 5307.49 0 0
197 220 60 5311.77 0 0
195 226 60 5316.1 0 0
194 222 60 5320.5 0 0
196 222 60 5324.7 0 0
197 223 60 5328.91 0 0
194 223 60 5333.11 0 0
195 224 60 5337.36 0 0
195 219 60 5341.59 0 0
197 221 60 5345.93 0 0
195 223 60 5350.14 0 0
194 222 60 5356.99 0 0
194 220 61 5361.22 0 0
199 220 60 5365.42 0 0
194 224 60 5369.64 0 0
195 222 60 5373.86 0 0
198 222 60 5378.09 0 0
194 226 61 5382.31 0 0
198 224 61 5386.52 0 0
196 225 61 5390.72 0 0
194 225 61 5394.92 0 0
198 225 60 5399.13 0 0
193 224 61 5403.34 0 0
191 223 60 5407.59 0 0
195 223 61 5411.81 0 0
192 227 61 5416.02 0 0
193 225 60 5420.23 0 0
193 227 61 5424.43 0 0
197 223 61 5428.63 0 0
199 226 61 5432.85 0 0
194 225 61 5437.06 0 0
193 222 61 5441.46 0 0
198 226 61 5445.67 0 0
190 222 61 5449.88 0 0
197 225 61 5454.08 0 0
194 220 61 5458.28 0 0
196 227 61 5465.38 0 0
197 227 61 5469.64 0 0
193 224 61 5473.87 0 0
196 223 61 5478.09 0 0
195 225 61 5482.31 0 0
194 222 61 5486.51 0 0
193 222 61 5490.71 0 0
195 224 61 5494.92 0 0
198 226 61 5499.14 0 0
193 223 61 5504.01 0 0
191 218 61 5508.28 0 0
193 217 61 5512.5 0 0
193 217 61 5516.71 0 0
178 185 61 5522.96 0 0
173 167 62 5527.26 0 0
165 150 63 5531.63 0 0
156 139 63 5535.9 0 0
151 121 63 5540.12 0 0
147 112 63 5544.37 0 0
143 98 63 5548.57 0 0
139 86 63 5552.77 0 0
136 77 63 5556.99 0 0
133 69 63 5561.2 0 0
130 67 64 5565.43 0 0
128 57 64 5569.64 0 0
122 53 63 5573.85 0 0
126 49 63 5578.06 0 0
119 55 64 5582.26 0 0
122 45 64 5586.48 0 0
119 54 64 5590.86 0 0
120 51 63 5595.12 0 0
121 47 64 5599.34 0 0
122 48 64 5603.55 0 0
121 49 64 5607.75 0 0
120 43 63 5611.95 0 0
121 49 63 5616.15 0 0
121 47 64 5620.37 0 0
118 49 64 5624.59 0 0
122 44 64 5628.82 0 0
121 44 64 5633.04 0 0
122 49 64 5637.25 0 0
119 49 64 5641.45 0 0
120 49 64 5645.65 0 0
120 46 64 5649.88 0 0
117 49 64 5654.1 0 0
120 49 64 5660.95 0 0
121 46 64 5665.2 0 0
119 48 64 5669.43 0 0
119 50 64 5673.67 0 0
116 47 64 5677.87 0 0
121 46 64 5682.09 0 0
119 47 64 5686.31 0 0
118 52 64 5691.11 0 0
121 47 64 5695.36 0 0
122 50 64 5699.57 0 0
119 51 64 5703.78 0 0
119 50 64 5707.98 0 0
119 50 64 5712.21 0 0
121 47 64 5716.42 0 0
120 49 64 5720.65 0 0
117 50 64 5724.86 0 0
117 50 64 5731.84 0 0
115 46 64 5736.1 0 0
121 47 64 5740.31 0 0
118 46 64 5744.58 0 0
119 46 64 5748.86 0 0
118 40 64 5753.43 0 0
113 37 64 5757.66 0 0
105 24 65 5761.88 0 0
98 16 65 5766.09 0 0
89 12 65 5770.29 0 0
86 10 64 5774.5 0 0
81 8 64 5778.73 0 0
78 16 64 5782.97 0 0
82 16 64 5787.19 0 0
83 15 64 5794.31 0 0
81 18 64 5798.53 0 0
81 13 64 5802.74 0 0
81 12 64 5806.97 0 0
80 13 64 5811.18 0 0
79 15 64 5815.4 0 0
81 15 64 5819.61 0 0
81 12 64 5823.88 0 0
82 14 64 5828.09 0 0
79 18 64 5832.3 0 0
80 15 64 5836.5 0 0
82 10 64 5840.72 0 0
79 19 64 5844.95 0 0
81 15 63 5849.18 0 0
78 16 64 5853.4 0 0
83 11 64 5857.61 0 0
79 15 64 5861.81 0 0
81 11 64 5866.01 0 0
80 15 63 5870.23 0 0
82 11 64 5874.46 0 0
81 12 64 5878.68 0 0
81 10 64 5882.9 0 0
79 14 63 5887.1 0 0
82 18 63 5891.3 0 0
80 11 64 5895.52 0 0
78 15 63 5902.46 0 0
80 14 64 5910.71 0 0
77 17 63 5919.17 0 0
81 16 63 5927.42 0 0
83 11 64 5935.89 0 0
79 10 63 5944.13 0 0
79 10 63 5952.62 0 0
81 10 64 5960.47 0 0
77 15 63 5964.71 0 0
78 14 63 5969.24 0 0
79 17 63 5973.47 0 0
79 13 63 5977.68 0 0
80 11 63 5981.91 0 0
81 9 63 5986.12 0 0
79 11 63 5990.32 0 0
80 11 62 5994.55 0 0
78 11 63 5998.76 0 0
80 11 63 6003.54 0 0
79 13 63 6007.82 0 0
77 12 63 6012.03 0 0
81 7 63 6016.24 0 0
76 8 62 6020.44 0 0
77 4 62 6027.33 0 0
76 1 62 6035.83 0 0
77 1 62 6044.25 0 0
77 4 62 6048.45 0 0
77 2 62 6052.65 0 0
77 1 62 6056.87 0 0
77 1 62 6061.08 0 0
77 1 62 6065.3 0 0
78 2 62 6069.52 0 0
76 2 61 6090.57 0 0
77 1 61 6107.45 0 0
75 1 60 6120.06 0 0
78 1 60 6128.67 0 0
78 2 59 6177.86 0 0
67 13 57 6502.09 0 0
60 26 58 6506.31 0 0
49 42 57 6510.52 0 0
38 52 57 6514.72 0 0
29 63 56 6518.97 0 0
26 72 55 6523.18 0 0
24 83 56 6527.4 0 0
24 80 55 6531.65 0 0
23 85 56 6535.89 0 0
26 84 56 6540.09 0 0
25 82 56 6544.31 0 0
25 81 56 6548.53 0 0
24 87 56 6552.73 0 0
23 81 55 6556.96 0 0
23 85 56 6561.17 0 0
24 87 56 6565.39 0 0
25 86 56 6569.61 0 0
27 81 55 6573.88 0 0
29 85 56 6578.09 0 0
26 83 56 6585.25 0 0
26 83 56 6593.53 0 0
22 85 56 6601.09 0 0
23 83 56 6605.31 0 0
25 84 56 6610.23 0 0
24 82 56 6614.43 0 0
24 83 56 6618.69 0 0
25 82 56 6622.96 0 0
23 83 56 6627.28 0 0
21 86 56 6631.49 0 0
22 83 56 6635.7 0 0
24 87 56 6639.9 0 0
26 95 56 6644.1 0 0
25 105 56 6648.36 0 0
28 115 56 6652.58 0 0
31 131 56 6656.82 0 0
33 140 56 6661.04 0 0
33 149 56 6665.25 0 0
33 161 56 6669.45 0 0
33 174 56 6673.66 0 0
35 180 57 6677.88 0 0
32 175 56 6682.1 0 0
33 164 56 6686.32 0 0
33 173 57 6693.19 0 0
31 176 56 6697.44 0 0
31 176 0 6701.68 0 0
32 178 57 6705.91 0 0
33 180 57 6710.13 0 0
33 179 57 6714.34 0 0
34 182 57 6718.58 0 0
30 176 57 6722.8 0 0
34 181 57 6727.02 0 0
34 178 57 6731.22 0 0
32 177 57 6735.44 0 0
33 179 57 6739.65 0 0
31 182 57 6743.87 0 0
35 180 57 6748.09 0 0
33 185 57 6752.32 0 0
33 180 57 6756.53 0 0
31 178 57 6760.74 0 0
33 185 57 6764.94 0 0
33 179 57 6769.14 0 0
33 185 57 6773.36 0 0
35 181 57 6777.58 0 0
34 183 57 6781.82 0 0
33 179 57 6786.04 0 0
35 182 57 6790.24 0 0
35 180 57 6794.45 0 0
34 184 57 6798.65 0 0
35 184 57 6802.86 0 0
35 182 57 6809.8 0 0
34 185 57 6818.07 0 0
34 185 57 6826.54 0 0
36 185 57 6834.78 0 0
36 185 57 6843.27 0 0
36 184 57 6851.11 0 0
33 183 57 6855.31 0 0
34 180 57 6860 0 0
37 181 57 6864.2 0 0
33 183 57 6868.41 0 0
33 184 57 6872.63 0 0
33 182 57 6876.86 0 0
35 181 57 6881.08 0 0
35 182 57 6885.29 0 0
34 181 57 6889.5 0 0
35 181 57 6893.71 0 0
37 183 57 6897.95 0 0
33 181 57 6902.19 0 0
35 182 57 6906.44 0 0
33 180 57 6910.66 0 0
37 180 57 6914.87 0 0
33 182 57 6919.09 0 0
35 183 57 6923.3 0 0
34 182 57 6927.51 0 0
34 184 57 6931.73 0 0
33 185 57 6935.94 0 0
36 182 57 6940.16 0 0
34 183 57 6944.37 0 0
34 179 57 6948.59 0 0
34 182 57 6959.88 0 0
34 182 57 6968.14 0 0
34 177 57 6976.19 0 0
34 181 57 6980.4 0 0
35 183 56 6984.86 0 0
34 176 57 6989.07 0 0
33 180 57 6993.28 0 0
36 180 56 6997.49 0 0
35 180 56 7001.73 0 0
34 179 56 7005.95 0 0
32 183 56 7010.16 0 0
33 180 57 7014.38 0 0
36 180 56 7018.58 0 0
35 185 57 7022.78 0 0
47 184 58 7027 0 0
55 190 58 7031.24 0 0
65 198 58 7035.46 0 0
72 196 57 7039.68 0 0
78 203 57 7043.88 0 0
81 205 57 7048.09 0 0
83 208 57 7052.31 0 0
80 212 57 7056.55 0 0
83 212 57 7060.82 0 0
79 207 57 7065.14 0 0
77 211 57 7069.36 0 0
83 208 57 7076.29 0 0
84 211 57 7080.52 0 0
82 212 57 7084.76 0 0
83 211 57 7088.98 0 0
79 212 56 7093.2 0 0
83 210 57 7097.44 0 0
82 213 57 7101.65 0 0
84 210 57 7105.85 0 0
80 214 57 7110.05 0 0
80 213 57 7114.25 0 0
83 210 57 7118.46 0 0
83 215 57 7122.68 0 0
83 211 57 7126.91 0 0
81 212 57 7131.13 0 0
81 213 56 7135.38 0 0
84 213 57 7139.63 0 0
80 214 57 7144.03 0 0
83 211 57 7148.25 0 0
84 211 57 7152.46 0 0
80 215 57 7156.7 0 0
81 214 57 7160.93 0 0
81 213 57 7167.72 0 0
82 214 57 7171.95 0 0
82 208 57 7176.19 0 0
81 205 57 7180.44 0 0
80 209 57 7184.68 0 0
82 213 57 7188.91 0 0
81 209 57 7193.14 0 0
84 214 57 7197.36 0 0
84 213 57 7201.56 0 0
90 210 58 7205.77 0 0
96 207 58 7209.98 0 0
103 196 58 7214.21 0 0
113 191 58 7218.45 0 0
122 193 57 7222.67 0 0
122 187 57 7226.88 0 0
126 183 57 7231.08 0 0
125 183 57 7235.28 0 0
130 192 57 7239.5 0 0
124 189 57 7243.73 0 0
126 191 57 7247.94 0 0
128 188 57 7252.17 0 0
127 184 57 7256.39 0 0
128 185 58 7260.61 0 0
129 180 57 7264.82 0 0
126 182 58 7269.03 0 0
129 188 57 7273.25 0 0
127 184 58 7277.52 0 0
129 186 58 7284.45 0 0
128 183 58 7288.68 0 0
127 187 58 7292.88 0 0
127 184 58 7297.08 0 0
129 183 58 7301.29 0 0
127 188 58 7305.5 0 0
128 181 58 7309.73 0 0
129 181 58 7313.97 0 0
130 186 58 7318.2 0 0
134 174 58 7322.47 0 0
142 162 58 7326.68 0 0
144 146 58 7330.88 0 0
153 132 58 7335.09 0 0
159 118 58 7339.3 0 0
163 107 58 7343.54 0 0
168 98 58 7347.76 0 0
175 89 58 7351.97 0 0
180 76 58 7356.17 0 0
185 72 58 7360.43 0 0
188 70 58 7364.64 0 0
191 69 57 7368.86 0 0
192 59 57 7373.08 0 0
196 60 58 7380.01 0 0
196 65 57 7388.59 0 0
196 65 57 7396.97 0 0
194 62 58 7405.22 0 0
195 64 58 7413.45 0 0
195 64 58 7421.93 0 0
195 62 58 7429.23 0 0
197 64 58 7433.46 0 0
196 63 58 7438.44 0 0
195 65 58 7442.68 0 0
194 64 58 7446.89 0 0
196 63 58 7451.1 0 0
199 62 58 7455.3 0 0
194 66 58 7459.5 0 0
195 60 58 7463.71 0 0
194 63 58 7467.93 0 0
195 63 58 7472.15 0 0
196 61 58 7476.38 0 0
193 62 57 7480.59 0 0
196 60 58 7484.79 0 0
196 61 57 7488.99 0 0
195 59 58 7493.21 0 0
194 56 57 7497.43 0 0
194 61 58 7501.67 0 0
196 61 58 7505.9 0 0
193 60 58 7510.12 0 0
196 57 57 7514.32 0 0
204 59 57 7518.52 0 0
210 57 58 7522.72 0 0
218 53 57 7526.93 0 0
227 53 57 7531.19 0 0
235 55 55 7535.4 0 0
236 50 55 7539.61 0 0
236 56 55 7543.82 0 0
234 53 54 7548.03 0 0
235 53 54 7552.23 0 0
231 52 55 7556.44 0 0
235 55 54 7560.65 0 0
234 53 55 7567.55 0 0
236 54 54 7572.02 0 0
236 52 54 7576.24 0 0
233 52 54 7580.45 0 0
236 51 54 7584.65 0 0
237 52 54 7588.86 0 0
234 49 54 7593.07 0 0
235 56 54 7597.3 0 0
234 53 54 7601.54 0 0
236 51 54 7605.74 0 0
237 55 54 7609.94 0 0
234 50 54 7614.14 0 0
238 54 54 7618.35 0 0
235 51 54 7622.56 0 0
238 53 53 7626.8 0 0
237 54 54 7631.01 0 0
234 52 54 7635.22 0 0
239 52 54 7639.44 0 0
234 56 54 7643.65 0 0
234 50 54 7647.85 0 0
236 53 54 7652.08 0 0
235 50 54 7656.32 0 0
236 52 54 7663.21 0 0
236 54 54 7667.44 0 0
237 52 54 7671.68 0 0
237 56 54 7675.95 0 0
235 56 54 7680.18 0 0
237 53 54 7687.42 0 0
237 51 54 7691.76 0 0
237 53 54 7696.66 0 0
235 52 53 7700.89 0 0
236 51 53 7705.1 0 0
238 55 54 7709.3 0 0
234 50 54 7713.54 0 0
236 56 53 7717.81 0 0
238 55 53 7722.11 0 0
233 51 54 7726.33 0 0
236 56 53 7730.53 0 0
238 52 54 7734.73 0 0
236 56 53 7738.92 0 0
237 52 53 7743.13 0 0
237 51 53 7747.35 0 0
236 52 53 7751.58 0 0
236 53 53 7755.79 0 0
237 51 53 7760.01 0 0
236 54 53 7764.21 0 0
238 52 53 7768.41 0 0
237 54 53 7772.61 0 0
238 52 53 7776.87 0 0
236 54 53 7781.36 0 0
236 54 54 7785.59 0 0
234 54 53 7792.32 0 0
236 53 53 7796.55 0 0
238 53 53 7800.75 0 0
236 53 53 7804.97 0 0
237 51 53 7809.19 0 0
239 55 53 7813.44 0 0
237 51 53 7817.67 0 0
238 54 53 7822.16 0 0
237 55 53 7826.37 0 0
238 51 53 7830.57 0 0
235 53 53 7834.77 0 0
238 51 53 7838.99 0 0
240 54 53 7843.21 0 0
239 53 53 7847.46 0 0
236 53 53 7851.68 0 0
237 51 53 7855.88 0 0
236 50 53 7860.08 0 0
238 51 53 7864.28 0 0
237 53 53 7868.49 0 0
235 49 53 7872.7 0 0
235 53 53 7876.96 0 0
236 52 53 7881.16 0 0
235 53 53 7885.37 0 0
237 50 53 7892.23 0 0
236 55 53 7896.46 0 0
236 49 52 7900.68 0 0
238 53 53 7904.9 0 0
237 54 52 7909.12 0 0
236 52 53 7913.34 0 0
234 49 53 7917.54 0 0
235 54 53 7921.74 0 0
236 52 52 7925.94 0 0
236 50 53 7930.22 0 0
235 55 53 7934.47 0 0
237 53 52 7938.74 0 0
237 53 53 7942.98 0 0
234 54 53 7947.19 0 0
237 52 53 7951.4 0 0
236 53 53 7955.6 0 0
237 54 53 7959.8 0 0
235 53 52 7964.02 0 0
237 51 53 7968.26 0 0
237 55 52 7972.49 0 0
236 54 52 7976.72 0 0
237 51 52 7980.93 0 0
237 52 52 7985.14 0 0
236 53 52 7989.34 0 0
236 55 53 7996.36 0 0
237 57 53 8000.64 0 0
236 52 52 8004.88 0 0
237 55 53 8009.11 0 0
237 52 53 8013.31 0 0
236 52 52 8017.51 0 0
236 53 53 8021.72 0 0
234 54 53 8025.93 0 0
234 53 53 8030.15 0 0
234 52 53 8034.72 0 0
238 53 53 8038.93 0 0
237 53 53 8043.14 0 0
236 51 53 8047.35 0 0
235 50 53 8051.55 0 0
233 51 53 8055.76 0 0
238 53 53 8059.97 0 0
235 54 53 8064.21 0 0
233 51 53 8068.43 0 0
236 54 53 8072.66 0 0
233 52 53 8079.76 0 0
233 53 53 8083.97 0 0
227 54 54 8088.18 0 0
218 67 55 8092.41 0 0
206 77 56 8096.64 0 0
190 85 57 8100.86 0 0
181 92 57 8105.06 0 0
171 105 57 8109.26 0 0
164 104 57 8113.47 0 0
157 108 57 8117.67 0 0
152 104 57 8121.88 0 0
144 98 57 8126.13 0 0
141 92 57 8130.34 0 0
142 94 57 8134.57 0 0
135 89 58 8138.78 0 0
134 83 57 8142.99 0 0
130 80 57 8147.19 0 0
129 77 58 8151.41 0 0
126 73 57 8155.63 0 0
127 76 58 8159.94 0 0
126 72 58 8164.16 0 0
125 76 58 8168.36 0 0
128 76 58 8175.21 0 0
129 68 58 8179.44 0 0
127 72 58 8183.66 0 0
127 68 58 8187.93 0 0
123 62 59 8192.15 0 0
122 58 58 8196.37 0 0
122 53 58 8200.57 0 0
120 50 58 8204.77 0 0
115 50 58 8208.98 0 0
116 37 58 8213.19 0 0
114 40 58 8217.41 0 0
109 34 59 8222.24 0 0
108 33 58 8226.44 0 0
104 31 59 8230.66 0 0
100 31 59 8234.86 0 0
94 31 59 8239.06 0 0
91 25 59 8246.12 0 0
87 32 59 8250.42 0 0
92 32 59 8254.65 0 0
91 31 59 8258.88 0 0
92 30 59 8263.09 0 0
90 29 59 8267.29 0 0
93 30 59 8271.49 0 0
91 28 59 8275.71 0 0
90 27 59 8280.03 0 0
91 29 59 8284.9 0 0
91 30 60 8289.11 0 0
89 27 60 8293.31 0 0
90 30 60 8300.09 0 0
92 27 59 8304.34 0 0
90 26 60 8308.58 0 0
93 29 59 8312.87 0 0
89 27 60 8317.11 0 0
91 30 60 8321.34 0 0
89 28 60 8325.55 0 0
92 29 60 8329.75 0 0
91 34 60 8333.96 0 0
92 31 60 8338.17 0 0
89 31 60 8342.38 0 0
90 29 60 8347.23 0 0
90 24 60 8351.44 0 0
91 26 61 8355.65 0 0
89 28 60 8362.52 0 0
89 27 60 8366.89 0 0
91 28 60 8371.12 0 0
89 31 60 8375.37 0 0
91 27 60 8379.6 0 0
90 29 60 8383.84 0 0
90 31 60 8388.07 0 0
90 25 60 8392.28 0 0
92 32 60 8396.48 0 0
89 33 61 8400.7 0 0
87 26 60 8404.92 0 0
79 25 61 8409.16 0 0
70 27 61 8413.37 0 0
57 32 62 8417.58 0 0
44 42 61 8421.78 0 0
34 43 60 8425.98 0 0
28 51 59 8430.18 0 0
19 58 58 8434.39 0 0
13 61 58 8438.62 0 0
15 66 58 8442.85 0 0
16 65 58 8447.06 0 0
21 61 59 8451.26 0 0
20 56 59 8455.46 0 0
19 59 59 8459.66 0 0
15 60 59 8463.89 0 0
11 65 58 8468.21 0 0
17 60 58 8472.45 0 0
16 63 58 8479.38 0 0
15 59 58 8483.6 0 0
17 62 58 8487.8 0 0
18 60 58 8492.04 0 0
18 59 58 8496.26 0 0
15 61 58 8500.5 0 0
17 62 58 8504.73 0 0
13 62 58 8508.95 0 0
16 63 58 8513.16 0 0
18 60 58 8517.36 0 0
18 60 58 8521.56 0 0
18 61 58 8525.77 0 0
17 60 58 8529.99 0 0
16 63 58 8534.86 0 0
14 63 58 8539.06 0 0
17 61 58 8545.81 0 0
19 60 58 8550.07 0 0
18 60 58 8554.63 0 0
18 61 58 8558.85 0 0
17 62 58 8563.11 0 0
15 62 58 8567.34 0 0
17 62 58 8571.58 0 0
18 60 58 8575.78 0 0
17 64 58 8579.99 0 0
17 62 58 8584.19 0 0
19 62 57 8588.42 0 0
19 60 57 8592.65 0 0
19 61 57 8596.97 0 0
19 61 57 8601.2 0 0
17 61 57 8605.4 0 0
20 61 58 8609.6 0 0
19 57 58 8616.51 0 0
18 61 57 8620.75 0 0
17 59 58 8625.01 0 0
17 62 58 8629.25 0 0
16 63 58 8633.49 0 0
17 58 58 8637.72 0 0
18 59 57 8641.93 0 0
21 59 57 8646.14 0 0
19 57 58 8650.36 0 0
16 61 57 8654.6 0 0
18 64 57 8658.83 0 0
18 65 58 8663.04 0 0
25 69 58 8667.26 0 0
31 82 58 8671.46 0 0
44 95 58 8675.66 0 0
47 108 58 8679.87 0 0
55 125 58 8684.09 0 0
57 144 58 8688.52 0 0
61 157 58 8692.75 0 0
65 171 58 8696.96 0 0
67 183 58 8701.16 0 0
67 183 58 8705.36 0 0
68 195 58 8710.65 0 0
68 191 58 8714.88 0 0
69 189 58 8719.13 0 0
71 192 58 8723.37 0 0
70 191 58 8727.58 0 0
69 193 58 8731.78 0 0
69 191 58 8735.98 0 0
69 195 58 8740.18 0 0
67 192 58 8744.4 0 0
67 193 58 8748.62 0 0
71 194 58 8752.84 0 0
69 193 58 8757.05 0 0
70 193 57 8761.27 0 0
67 191 58 8765.48 0 0
70 194 57 8769.68 0 0
67 193 57 8773.89 0 0
71 195 58 8778.13 0 0
68 191 58 8782.39 0 0
69 193 58 8786.61 0 0
71 193 58 8790.83 0 0
68 193 58 8795.03 0 0
72 195 58 8799.23 0 0
70 193 57 8803.43 0 0
70 193 57 8807.69 0 0
70 193 58 8811.96 0 0
68 192 57 8816.38 0 0
70 192 58 8820.61 0 0
69 194 57 8824.82 0 0
68 192 58 8829.02 0 0
68 196 58 8833.23 0 0
68 194 58 8837.45 0 0
68 191 57 8841.68 0 0
68 193 57 8845.92 0 0
69 194 58 8850.13 0 0
70 192 58 8854.33 0 0
69 192 57 8858.54 0 0
67 195 58 8862.95 0 0
70 193 58 8867.26 0 0
69 190 58 8871.47 0 0
67 193 57 8875.71 0 0
69 194 58 8879.95 0 0
71 189 58 8884.17 0 0
68 194 58 8888.41 0 0
72 200 58 8892.61 0 0
76 208 57 8896.82 0 0
77 213 58 8901.03 0 0
77 216 58 8905.26 0 0
76 218 58 8909.51 0 0
72 215 58 8913.72 0 0
77 218 58 8917.94 0 0
74 215 58 8922.14 0 0
78 216 58 8926.34 0 0
74 216 58 8930.55 0 0
75 214 58 8934.76 0 0
77 216 58 8939 0 0
76 214 58 8943.21 0 0
77 218 58 8947.43 0 0
76 216 58 8951.63 0 0
73 213 58 8955.83 0 0
73 218 58 8960.03 0 0
75 218 58 8964.25 0 0
73 215 58 8968.48 0 0
77 215 58 8972.71 0 0
78 216 58 8976.92 0 0
77 218 58 8981.14 0 0
77 216 58 8985.35 0 0
74 216 58 8989.55 0 0
78 215 59 8993.78 0 0
75 220 59 8998 0 0
76 213 58 9002.24 0 0
74 219 58 9006.46 0 0
77 218 59 9010.68 0 0
76 218 58 9014.89 0 0
76 218 58 9019.09 0 0
74 218 59 9023.32 0 0
73 218 59 9027.63 0 0
75 214 58 9031.91 0 0
80 217 59 9036.14 0 0
93 204 59 9040.35 0 0
103 201 60 9044.56 0 0
115 195 60 9048.76 0 0
122 190 59 9052.96 0 0
127 184 59 9057.18 0 0
129 179 59 9061.41 0 0
126 180 59 9065.63 0 0
127 184 59 9069.85 0 0
124 184 59 9074.06 0 0
124 181 59 9078.26 0 0
129 183 59 9082.46 0 0
126 183 59 9086.67 0 0
127 186 59 9090.88 0 0
128 185 59 9095.12 0 0
131 184 58 9099.35 0 0
129 183 59 9103.56 0 0
128 185 58 9107.78 0 0
129 182 59 9111.99 0 0
130 185 59 9116.18 0 0
127 186 59 9120.4 0 0
127 186 58 9124.62 0 0
128 188 58 9128.84 0 0
127 183 58 9133.08 0 0
129 187 59 9137.31 0 0
127 184 59 9141.52 0 0
128 185 59 9145.73 0 0
128 187 59 9149.99 0 0
128 188 58 9154.22 0 0
127 184 59 9158.46 0 0
127 185 59 9162.68 0 0
128 185 59 9166.89 0 0
128 186 58 9171.09 0 0
125 183 59 9175.29 0 0
130 186 59 9179.53 0 0
130 188 59 9183.74 0 0
125 184 59 9188.05 0 0
127 185 59 9192.3 0 0
127 187 59 9196.51 0 0
129 185 59 9200.71 0 0
129 185 59 9204.91 0 0
128 182 58 9210.49 0 0
127 186 58 9214.72 0 0
128 182 58 9218.95 0 0
129 182 59 9223.17 0 0
129 183 59 9227.43 0 0
129 183 58 9231.63 0 0
129 182 58 9235.83 0 0
131 184 58 9240.03 0 0
129 182 58 9244.29 0 0
128 180 58 9248.55 0 0
129 181 58 9252.83 0 0
129 181 58 9257.05 0 0
128 179 58 9261.26 0 0
127 182 59 9265.46 0 0
130 183 58 9269.66 0 0
129 179 58 9273.88 0 0
129 182 58 9278.1 0 0
129 180 58 9282.36 0 0
128 180 58 9286.58 0 0
126 184 58 9290.79 0 0
126 173 58 9295 0 0
126 154 58 9299.2 0 0
123 138 58 9303.41 0 0
122 116 58 9307.62 0 0
121 98 58 9311.85 0 0
123 85 58 9316.18 0 0
125 74 58 9320.41 0 0
125 52 59 9324.62 0 0
124 46 58 9328.83 0 0
127 44 58 9333.03 0 0
127 42 58 9337.27 0 0
129 40 58 9341.49 0 0
126 45 58 9345.72 0 0
128 41 58 9349.93 0 0
127 46 58 9355.12 0 0
128 44 58 9359.33 0 0
128 39 58 9363.55 0 0
128 33 58 9367.76 0 0
128 33 58 9371.98 0 0
128 32 58 9376.22 0 0
126 38 58 9380.44 0 0
128 36 58 9384.7 0 0
128 39 58 9388.93 0 0
127 36 58 9393.14 0 0
128 36 58 9397.34 0 0
127 33 58 9401.55 0 0
128 34 58 9405.78 0 0
125 41 58 9410.01 0 0
130 35 58 9414.21 0 0
128 37 58 9418.42 0 0
129 39 58 9422.62 0 0
125 34 58 9426.82 0 0
125 38 58 9431.04 0 0
127 32 58 9435.25 0 0
125 34 58 9439.49 0 0
130 35 58 9443.71 0 0
126 35 58 9447.92 0 0
127 32 57 9452.14 0 0
124 36 58 9456.4 0 0
122 36 58 9460.61 0 0
125 33 58 9464.85 0 0
124 33 58 9469.27 0 0
128 32 58 9473.51 0 0
127 34 58 9477.72 0 0
126 31 58 9481.93 0 0
124 35 58 9486.14 0 0
126 33 58 9490.35 0 0
128 33 58 9494.56 0 0
129 35 58 9498.79 0 0
125 30 58 9503.01 0 0
122 37 58 9507.24 0 0
117 22 58 9511.46 0 0
109 9 59 9515.67 0 0
103 2 59 9519.88 0 0
64 1 60 9731.95 0 0
50 5 60 9736.15 0 0
42 21 59 9740.35 0 0
37 28 58 9744.58 0 0
33 29 58 9748.79 0 0
28 38 57 9753.49 0 0
27 44 58 9757.7 0 0
30 46 57 9761.91 0 0
34 42 58 9766.11 0 0
34 41 58 9770.32 0 0
30 39 58 9774.54 0 0
28 42 58 9778.75 0 0
31 41 58 9782.98 0 0
28 43 58 9787.2 0 0
29 43 58 9791.41 0 0
27 42 58 9795.62 0 0
30 43 58 9799.82 0 0
30 45 58 9804.02 0 0
29 45 58 9808.24 0 0
31 49 58 9812.48 0 0
30 44 57 9816.71 0 0
28 47 58 9820.98 0 0
30 50 57 9825.2 0 0
28 48 58 9829.41 0 0
31 46 58 9833.61 0 0
28 48 57 9837.84 0 0
33 45 58 9842.05 0 0
30 48 58 9846.27 0 0
27 46 58 9850.49 0 0
28 45 58 9854.7 0 0
30 43 58 9858.9 0 0
29 47 58 9863.11 0 0
28 42 58 9867.31 0 0
30 47 58 9871.52 0 0
29 48 57 9875.76 0 0
30 47 57 9879.98 0 0
29 45 57 9884.24 0 0
26 48 57 9888.49 0 0
32 46 58 9892.7 0 0
31 45 58 9896.91 0 0
29 41 57 9902.46 0 0
31 47 57 9907.46 0 0
30 47 57 9911.7 0 0
31 45 57 9915.9 0 0
30 46 57 9920.11 0 0
30 44 57 9924.31 0 0
31 48 57 9928.51 0 0
30 45 57 9932.73 0 0
28 45 57 9936.94 0 0
31 46 57 9941.17 0 0
28 47 57 9945.43 0 0
29 42 57 9949.65 0 0
29 42 57 9953.85 0 0
33 38 57 9958.05 0 0
38 29 58 9962.26 0 0
51 17 59 9966.48 0 0
58 1 60 9970.71 0 0
89 16 59 10661.4 0 0
94 41 59 10665.6 0 0
98 67 59 10669.8 0 0
103 88 60 10674 0 0
109 97 59 10678.2 0 0
114 116 59 10682.4 0 0
117 135 59 10686.6 0 0
122 156 59 10691 0 0
120 162 59 10698 0 0
124 170 59 10702.2 0 0
122 168 59 10706.4 0 0
122 171 59 10710.6 0 0
119 176 59 10714.8 0 0
124 175 59 10719.1 0 0
121 180 59 10723.3 0 0
127 179 59 10727.5 0 0
123 176 59 10731.7 0 0
123 179 59 10735.9 0 0
120 180 59 10740.1 0 0
122 182 59 10744.4 0 0
124 177 59 10748.6 0 0
123 181 60 10752.8 0 0
124 180 59 10757 0 0
122 172 59 10761.2 0 0
122 175 59 10765.4 0 0
126 181 59 10769.6 0 0
124 174 59 10773.9 0 0
122 172 59 10778.1 0 0
124 181 59 10782.4 0 0
124 173 59 10786.6 0 0
124 173 59 10790.8 0 0
123 179 60 10795 0 0
123 179 60 10799.2 0 0
121 174 59 10804.3 0 0
122 171 59 10808.5 0 0
122 172 59 10812.8 0 0
123 174 59 10817 0 0
120 172 60 10821.2 0 0
122 171 60 10825.4 0 0
120 176 60 10829.6 0 0
122 172 60 10833.8 0 0
122 177 60 10838 0 0
121 172 59 10842.2 0 0
124 174 60 10846.5 0 0
122 174 60 10850.7 0 0
120 174 60 10854.9 0 0
124 174 60 10859.1 0 0
122 175 60 10863.3 0 0
122 174 60 10867.5 0 0
123 174 60 10871.7 0 0
120 173 60 10876 0 0
124 173 60 10880.2 0 0
122 174 60 10884.5 0 0
123 174 60 10888.7 0 0
125 171 60 10892.9 0 0
119 174 60 10897.1 0 0
122 172 60 10901.4 0 0
122 174 60 10905.7 0 0
122 175 60 10909.9 0 0
122 173 60 10914.1 0 0
124 174 60 10918.3 0 0
121 169 60 10922.5 0 0
122 174 60 10926.7 0 0
124 177 60 10931 0 0
122 180 60 10935.2 0 0
122 179 60 10939.4 0 0
122 179 60 10943.6 0 0
121 177 60 10947.8 0 0
123 175 61 10952 0 0
122 180 61 10956.2 0 0
121 178 60 10960.4 0 0
122 178 60 10964.6 0 0
118 180 61 10968.9 0 0
124 176 61 10973.1 0 0
122 177 61 10977.3 0 0
121 178 61 10981.5 0 0
124 181 60 10985.8 0 0
121 181 60 10990 0 0
121 177 61 10994.2 0 0
121 178 60 10998.5 0 0
121 181 60 11002.7 0 0
126 177 61 11006.9 0 0
121 178 60 11011.1 0 0
125 173 61 11015.3 0 0
123 178 60 11019.5 0 0
123 176 61 11023.8 0 0
122 174 60 11028 0 0
124 173 61 11032.2 0 0
120 176 60 11036.4 0 0
121 176 60 11040.6 0 0
122 177 60 11044.8 0 0
125 173 60 11049 0 0
123 178 61 11053.2 0 0
123 176 60 11060.1 0 0
123 172 61 11064.4 0 0
122 178 60 11068.6 0 0
120 176 60 11072.8 0 0
124 176 60 11077 0 0
127 174 60 11081.2 0 0
123 175 60 11085.4 0 0
121 174 60 11089.6 0 0
125 163 61 11093.9 0 0
129 148 60 11098.1 0 0
132 128 60 11102.3 0 0
134 114 60 11106.5 0 0
131 95 60 11110.7 0 0
131 86 61 11114.9 0 0
130 79 61 11119.2 0 0
130 76 61 11123.4 0 0
129 70 61 11127.6 0 0
126 68 60 11131.8 0 0
124 61 60 11136.1 0 0
123 59 61 11140.3 0 0
123 55 61 11144.5 0 0
122 45 61 11148.7 0 0
123 41 61 11152.9 0 0
120 42 61 11157.2 0 0
122 42 61 11161.4 0 0
122 41 61 11168.5 0 0
124 38 60 11172.7 0 0
122 44 61 11176.9 0 0
121 39 61 11181.2 0 0
121 43 61 11185.4 0 0
120 38 61 11189.6 0 0
122 43 60 11193.8 0 0
120 41 61 11198 0 0
120 41 61 11202.2 0 0
120 41 61 11206.4 0 0
122 40 60 11210.7 0 0
121 41 61 11215 0 0
124 39 61 11219.3 0 0
121 45 61 11223.6 0 0
120 43 61 11227.8 0 0
118 40 60 11232 0 0
120 45 61 11236.2 0 0
124 37 61 11240.4 0 0
125 40 60 11244.6 0 0
124 40 61 11248.8 0 0
121 38 61 11255.7 0 0
121 41 61 11259.9 0 0
123 38 60 11264.1 0 0
123 40 60 11268.4 0 0
121 36 61 11272.6 0 0
123 37 60 11276.8 0 0
121 44 60 11281.1 0 0
123 39 60 11285.3 0 0
121 40 61 11289.5 0 0
123 36 61 11293.7 0 0
123 38 60 11297.9 0 0
124 40 60 11302.1 0 0
121 40 60 11306.4 0 0
121 39 61 11310.6 0 0
121 39 60 11314.8 0 0
123 37 60 11319 0 0
122 40 60 11323.2 0 0
121 36 60 11327.5 0 0
122 37 60 11331.6 0 0
130 46 60 11335.9 0 0
125 47 60 11340.1 0 0
125 52 60 11344.3 0 0
126 52 60 11348.5 0 0
126 56 60 11352.8 0 0
127 51 60 11357 0 0
125 54 59 11361.2 0 0
126 53 60 11365.4 0 0
127 51 59 11372.3 0 0
126 53 60 11376.6 0 0
128 55 59 11380.8 0 0
129 55 59 11385 0 0
125 56 59 11389.2 0 0
126 58 59 11393.4 0 0
124 56 59 11397.6 0 0
126 50 59 11401.8 0 0
128 56 59 11406 0 0
127 55 59 11410.2 0 0
128 54 59 11414.5 0 0
127 54 60 11418.6 0 0
127 52 59 11422.9 0 0
128 54 60 11427 0 0
127 53 59 11431.3 0 0
128 51 59 11435.5 0 0
129 53 59 11439.8 0 0
126 54 59 11444 0 0
129 53 59 11448.2 0 0
128 53 59 11452.4 0 0
128 52 59 11456.6 0 0
126 52 59 11460.8 0 0
128 56 59 11465 0 0
128 52 59 11469.3 0 0
129 49 59 11473.5 0 0
127 55 59 11477.7 0 0
128 53 58 11482 0 0
128 53 58 11486.1 0 0
129 52 59 11491.8 0 0
124 55 59 11496 0 0
128 54 59 11500.2 0 0
128 50 59 11504.5 0 0
126 54 59 11508.7 0 0
129 50 58 11512.9 0 0
127 51 58 11517.1 0 0
125 54 58 11521.3 0 0
127 55 58 11525.5 0 0
126 51 59 11529.7 0 0
127 54 58 11534 0 0
126 54 59 11538.2 0 0
124 55 59 11542.4 0 0
128 55 59 11546.6 0 0
128 53 59 11550.8 0 0
129 53 59 11555 0 0
126 57 58 11559.2 0 0
129 54 59 11563.5 0 0
127 52 59 11567.7 0 0
127 53 59 11572 0 0
128 55 59 11576.2 0 0
127 52 60 11580.4 0 0
129 55 59 11584.6 0 0
127 56 59 11588.8 0 0
125 50 59 11593.1 0 0
130 54 59 11597.3 0 0
127 49 59 11601.5 0 0
128 57 59 11605.7 0 0
126 50 59 11609.9 0 0
128 57 59 11614.1 0 0
128 51 59 11618.3 0 0
126 55 59 11622.5 0 0
127 50 59 11626.8 0 0
128 52 59 11631 0 0
127 52 59 11635.2 0 0
125 47 59 11639.4 0 0
126 51 59 11643.6 0 0
128 54 59 11647.8 0 0
128 56 60 11652.1 0 0
128 49 60 11656.4 0 0
128 47 59 11660.7 0 0
127 53 59 11664.9 0 0
127 49 60 11669.1 0 0
125 52 59 11673.3 0 0
128 55 60 11677.5 0 0
128 53 60 11681.7 0 0
129 51 59 11685.9 0 0
129 55 59 11690.1 0 0
128 56 60 11694.4 0 0
127 54 60 11698.6 0 0
126 56 60 11702.9 0 0
128 54 60 11707.1 0 0
127 54 60 11711.3 0 0
128 52 60 11715.5 0 0
128 54 60 11719.7 0 0
128 56 60 11723.9 0 0
130 54 60 11728.1 0 0
129 53 60 11732.4 0 0
128 52 60 11736.5 0 0
129 52 60 11740.8 0 0
128 57 60 11745 0 0
126 54 60 11749.2 0 0
129 53 60 11753.9 0 0
125 52 60 11758.1 0 0
127 56 61 11762.3 0 0
127 54 60 11766.5 0 0
126 54 60 11770.7 0 0
127 52 60 11775 0 0
126 53 60 11779.2 0 0
127 53 60 11783.4 0 0
129 52 60 11787.6 0 0
126 53 60 11791.8 0 0
128 52 60 11796 0 0
131 54 60 11800.2 0 0
126 56 60 11804.4 0 0
128 53 61 11808.6 0 0
128 51 60 11812.9 0 0
127 53 61 11817.1 0 0
129 51 61 11821.3 0 0
125 52 61 11825.5 0 0
126 56 60 11829.7 0 0
125 56 61 11834 0 0
126 57 61 11838.2 0 0
128 55 61 11842.4 0 0
129 57 61 11846.7 0 0
130 53 61 11850.9 0 0
128 57 61 11855.1 0 0
131 53 60 11859.3 0 0
129 55 61 11863.5 0 0
125 54 61 11867.9 0 0
127 52 61 11872.1 0 0
129 57 61 11876.5 0 0
126 54 61 11880.7 0 0
127 51 61 11885 0 0
130 50 61 11889.2 0 0
127 57 61 11893.4 0 0
126 48 61 11897.6 0 0
127 49 61 11901.8 0 0
126 54 61 11906 0 0
128 49 61 11910.3 0 0
125 49 61 11914.5 0 0
126 51 61 11918.7 0 0
129 50 61 11922.9 0 0
129 55 61 11927.1 0 0
127 52 61 11931.3 0 0
133 46 61 11935.5 0 0
129 53 61 11939.8 0 0
127 50 61 11944 0 0
129 51 61 11948.2 0 0
129 52 61 11952.4 0 0
129 53 62 11956.6 0 0
126 50 61 11960.8 0 0
130 51 61 11965 0 0
130 49 61 11969.2 0 0
129 46 61 11973.5 0 0
128 49 61 11977.7 0 0
126 50 61 11981.9 0 0
125 47 62 11986.1 0 0
129 49 61 11990.3 0 0
131 51 61 11994.6 0 0
128 50 61 11998.8 0 0
128 48 61 12003 0 0
129 48 61 12007.2 0 0
129 48 61 12011.4 0 0
128 53 61 12015.6 0 0
126 53 61 12019.8 0 0
128 53 61 12024 0 0
129 52 61 12028.3 0 0
129 53 61 12032.5 0 0
127 53 62 12036.7 0 0
128 51 61 12040.9 0 0
126 53 61 12045.1 0 0
127 50 61 12049.3 0 0
127 54 61 12053.5 0 0
126 50 61 12057.7 0 0
127 54 61 12062 0 0
127 55 61 12066.2 0 0
126 48 61 12070.5 0 0
126 53 61 12074.7 0 0
129 49 61 12078.9 0 0
130 45 62 12083.1 0 0
124 51 61 12087.4 0 0
127 50 61 12091.6 0 0
128 53 61 12095.9 0 0
128 53 61 12100.1 0 0
125 54 61 12104.3 0 0
126 54 61 12108.5 0 0
127 50 61 12112.8 0 0
126 54 62 12117 0 0
127 50 61 12121.2 0 0
127 53 61 12125.4 0 0
127 53 61 12129.6 0 0
129 52 62 12133.9 0 0
129 53 61 12138.2 0 0
129 56 61 12142.4 0 0
128 49 61 12146.6 0 0
127 54 61 12150.9 0 0
129 52 61 12155.1 0 0
127 53 61 12159.4 0 0
130 49 61 12163.6 0 0
127 52 61 12167.8 0 0
127 52 61 12172 0 0
128 51 62 12176.2 0 0
130 48 61 12180.4 0 0
126 48 61 12184.6 0 0
128 49 61 12188.8 0 0
129 46 61 12193.1 0 0
128 52 61 12197.3 0 0
128 51 61 12201.5 0 0
126 49 62 12205.7 0 0
128 51 61 12209.9 0 0
128 53 61 12214.1 0 0
128 50 61 12218.3 0 0
128 52 61 12222.6 0 0
128 52 61 12226.8 0 0
126 50 61 12231 0 0
127 51 61 12235.2 0 0
130 51 61 12239.4 0 0
129 52 61 12243.6 0 0
127 58 61 12247.8 0 0
125 58 61 12252 0 0
123 74 61 12256.3 0 0
122 84 61 12260.5 0 0
120 91 61 12264.7 0 0
122 92 61 12269 0 0
123 96 61 12273.2 0 0
122 91 61 12277.8 0 0
127 89 61 12282 0 0
123 90 62 12286.2 0 0
125 90 61 12290.5 0 0
123 92 61 12294.7 0 0
124 92 61 12298.9 0 0
125 90 61 12303.1 0 0
123 94 61 12307.4 0 0
125 92 62 12311.6 0 0
124 94 61 12316 0 0
123 92 61 12320.5 0 0
123 94 61 12324.8 0 0
127 90 61 12329 0 0
122 94 62 12333.1 0 0
124 93 61 12337.4 0 0
125 91 62 12341.6 0 0
125 88 61 12345.8 0 0
124 89 61 12350 0 0
126 91 61 12354.2 0 0
122 91 61 12358.4 0 0
126 89 61 12362.6 0 0
127 91 62 12366.9 0 0
126 90 61 12371.1 0 0
124 93 61 12375.3 0 0
127 91 62 12379.6 0 0
122 88 62 12383.9 0 0
122 93 61 12388.1 0 0
123 94 62 12392.3 0 0
127 90 61 12396.6 0 0
125 98 62 12400.8 0 0
121 102 62 12405 0 0
121 104 62 12409.6 0 0
120 112 62 12413.8 0 0
120 114 61 12418 0 0
122 111 61 12422.2 0 0
123 111 62 12426.5 0 0
124 112 62 12430.7 0 0
121 112 62 12434.9 0 0
122 111 62 12439.1 0 0
122 108 62 12443.3 0 0
122 111 62 12447.5 0 0
124 107 62 12451.7 0 0
124 113 62 12455.9 0 0
122 109 62 12460.2 0 0
122 112 62 12464.4 0 0
125 112 62 12468.6 0 0
122 111 62 12472.9 0 0
125 113 62 12477.1 0 0
122 111 62 12481.3 0 0
121 113 62 12485.5 0 0
122 109 62 12489.7 0 0
122 113 62 12493.9 0 0
122 111 62 12498.1 0 0
123 115 62 12502.4 0 0
124 112 62 12506.6 0 0
124 112 62 12510.8 0 0
123 113 62 12515 0 0
122 113 62 12519.2 0 0
123 111 62 12523.5 0 0
123 113 62 12527.8 0 0
122 113 62 12532.1 0 0
124 116 62 12536.4 0 0
124 114 62 12540.5 0 0
122 111 63 12544.8 0 0
123 117 62 12549 0 0
124 114 62 12553.2 0 0
124 112 62 12557.4 0 0
121 116 62 12561.6 0 0
123 114 62 12566.4 0 0
124 111 62 12570.6 0 0
122 114 62 12574.8 0 0
125 112 62 12579 0 0
124 116 62 12583.2 0 0
123 115 62 12587.5 0 0
123 111 62 12591.7 0 0
122 113 62 12595.9 0 0
121 111 62 12600.1 0 0
122 111 62 12604.3 0 0
122 113 62 12608.5 0 0
124 116 62 12612.7 0 0
121 115 62 12616.9 0 0
122 113 63 12621.1 0 0
123 115 62 12625.4 0 0
122 113 62 12629.6 0 0
121 114 62 12633.9 0 0
123 112 62 12638.1 0 0
124 114 62 12642.3 0 0
123 114 62 12646.5 0 0
124 109 62 12650.7 0 0
123 109 63 12654.9 0 0
126 116 62 12659.7 0 0
125 110 62 12664 0 0
123 111 62 12668.2 0 0
123 114 62 12672.4 0 0
123 109 62 12676.6 0 0
124 113 62 12680.8 0 0
124 113 62 12685 0 0
126 109 63 12689.3 0 0
123 111 62 12693.5 0 0
125 107 62 12697.8 0 0
127 109 62 12702 0 0
125 109 62 12706.2 0 0
124 113 62 12710.4 0 0
123 111 62 12714.6 0 0
126 106 62 12718.8 0 0
124 113 62 12723 0 0
123 113 63 12727.3 0 0
125 112 63 12731.5 0 0
123 110 62 12735.7 0 0
124 107 62 12739.9 0 0
125 108 62 12744.1 0 0
124 108 62 12748.3 0 0
127 95 62 12752.6 0 0
128 86 62 12756.9 0 0
129 77 62 12761.1 0 0
129 69 62 12765.3 0 0
131 63 62 12769.5 0 0
128 67 62 12773.8 0 0
128 66 62 12778 0 0
129 64 62 12782.2 0 0
129 67 62 12786.5 0 0
126 71 62 12790.7 0 0
128 68 62 12794.9 0 0
131 69 62 12799.1 0 0
127 67 62 12803.3 0 0
131 65 62 12807.5 0 0
128 66 62 12811.7 0 0
129 65 62 12816.3 0 0
130 67 62 12820.5 0 0
129 65 62 12824.7 0 0
132 66 62 12828.9 0 0
128 65 62 12833.1 0 0
128 63 62 12837.3 0 0
128 66 62 12841.6 0 0
130 62 62 12845.8 0 0
129 66 62 12850 0 0
126 66 62 12854.2 0 0
129 65 62 12858.4 0 0
130 68 62 12862.6 0 0
129 67 62 12866.9 0 0
129 64 62 12871.1 0 0
131 66 61 12875.4 0 0
128 66 62 12879.6 0 0
130 66 62 12883.9 0 0
129 69 62 12888.1 0 0
129 64 61 12892.3 0 0
130 61 62 12896.5 0 0
132 64 62 12900.7 0 0
130 64 62 12905 0 0
128 64 62 12909.6 0 0
131 63 62 12913.9 0 0
130 63 62 12918.1 0 0
132 63 62 12922.3 0 0
130 66 61 12926.5 0 0
128 66 62 12930.7 0 0
132 63 61 12937.5 0 0
130 67 62 12941.8 0 0
130 63 62 12946 0 0
129 62 62 12950.2 0 0
130 64 62 12954.4 0 0
130 65 61 12958.6 0 0
130 61 62 12962.9 0 0
129 65 62 12967.1 0 0
129 64 61 12971.4 0 0
129 66 62 12975.6 0 0
129 67 61 12979.9 0 0
130 63 62 12984.1 0 0
129 65 62 12988.3 0 0
129 62 62 12992.5 0 0
130 65 61 12996.7 0 0
129 64 62 13001 0 0
131 65 62 13005.2 0 0
128 66 62 13009.4 0 0
129 62 62 13013.6 0 0
131 62 61 13017.8 0 0
130 66 62 13022 0 0
129 64 62 13026.2 0 0
127 64 62 13030.5 0 0
128 67 61 13037.4 0 0
131 66 62 13041.6 0 0
130 65 62 13045.9 0 0
128 65 61 13050.1 0 0
129 67 62 13054.3 0 0
129 69 62 13058.6 0 0
128 68 62 13062.8 0 0
127 71 61 13067 0 0
126 74 61 13071.3 0 0
126 101 61 13075.5 0 0
121 138 60 13079.7 0 0
121 138 0 13083.9 0 0
121 138 0 13088.2 0 0
120 226 56 13137.4 0 0
123 188 58 13141.6 0 0
122 158 60 13145.8 0 0
125 138 60 13150 0 0
125 117 61 13154.3 0 0
129 95 61 13158.5 0 0
131 76 61 13162.7 0 0
129 69 61 13166.9 0 0
127 60 61 13171.1 0 0
129 58 62 13175.3 0 0
130 55 61 13179.7 0 0
128 55 61 13183.9 0 0
130 57 61 13188.2 0 0
130 60 61 13192.4 0 0
128 58 61 13196.6 0 0
130 57 61 13200.9 0 0
127 56 61 13205.1 0 0
129 57 61 13209.3 0 0
129 55 62 13213.5 0 0
129 56 61 13217.7 0 0
131 58 61 13221.9 0 0
129 58 61 13226.2 0 0
132 58 61 13230.4 0 0
130 54 61 13234.6 0 0
129 55 62 13241.6 0 0
129 55 61 13245.9 0 0
131 56 61 13250.1 0 0
130 57 61 13254.4 0 0
129 53 61 13258.6 0 0
128 59 61 13262.8 0 0
128 54 61 13267 0 0
128 52 62 13271.2 0 0
128 56 61 13275.5 0 0
130 54 61 13279.7 0 0
129 55 61 13284.5 0 0
128 57 61 13288.8 0 0
130 54 61 13293 0 0
128 57 61 13299.9 0 0
128 54 61 13304.1 0 0
127 59 61 13308.3 0 0
131 53 62 13312.5 0 0
130 53 61 13316.8 0 0
131 52 61 13321.1 0 0
129 52 61 13325.3 0 0
127 53 61 13329.5 0 0
128 55 61 13333.8 0 0
129 54 61 13338 0 0
131 56 61 13342.2 0 0
131 53 61 13346.4 0 0
128 56 61 13350.6 0 0
130 56 61 13354.9 0 0
129 56 61 13359 0 0
127 60 62 13363.2 0 0
128 54 61 13367.5 0 0
129 51 61 13371.7 0 0
131 55 61 13375.9 0 0
127 57 61 13380.1 0 0
131 55 61 13387.1 0 0
128 56 61 13391.3 0 0
129 50 61 13395.5 0 0
130 52 61 13399.8 0 0
129 55 62 13404.1 0 0
131 53 61 13408.4 0 0
129 52 61 13412.7 0 0
129 54 61 13416.9 0 0
130 53 61 13421.1 0 0
129 55 61 13425.3 0 0
130 52 61 13429.5 0 0
129 57 61 13433.8 0 0
129 55 61 13438 0 0
127 58 61 13442.2 0 0
128 53 61 13446.4 0 0
130 51 61 13450.6 0 0
127 52 61 13454.8 0 0
131 54 61 13459 0 0
130 58 61 13463.3 0 0
128 54 61 13467.5 0 0
132 57 61 13472.1 0 0
130 58 61 13476.3 0 0
131 55 61 13482.9 0 0
128 53 61 13487.2 0 0
131 52 61 13491.4 0 0
132 58 61 13495.6 0 0
131 53 62 13499.9 0 0
128 57 62 13504.1 0 0
128 56 61 13508.3 0 0
128 60 61 13512.5 0 0
130 57 61 13516.7 0 0
131 54 61 13520.9 0 0
130 54 61 13525.2 0 0
128 56 62 13529.4 0 0
128 58 61 13533.6 0 0
131 57 62 13537.8 0 0
129 54 62 13542 0 0
130 52 61 13546.3 0 0
129 53 61 13550.5 0 0
131 56 61 13554.7 0 0
127 56 61 13558.9 0 0
131 56 62 13563.1 0 0
130 55 61 13567.4 0 0
127 57 61 13571.6 0 0
130 54 62 13575.8 0 0
128 56 61 13580 0 0
130 51 61 13584.2 0 0
133 56 61 13591.3 0 0
129 57 61 13595.5 0 0
130 55 61 13599.8 0 0
130 57 61 13604 0 0
129 55 61 13608.2 0 0
128 60 61 13612.4 0 0
130 55 61 13616.6 0 0
129 56 61 13620.9 0 0
130 54 61 13625.2 0 0
129 57 61 13629.4 0 0
130 55 61 13633.7 0 0
131 55 61 13637.9 0 0
138 54 61 13642.1 0 0
147 52 62 13646.3 0 0
154 44 61 13650.5 0 0
160 45 61 13654.7 0 0
164 40 60 13659 0 0
169 38 60 13663.2 0 0
175 34 60 13667.4 0 0
176 31 59 13671.6 0 0
178 25 59 13679.9 0 0
178 27 59 13686.5 0 0
179 30 59 13690.8 0 0
178 28 60 13695.2 0 0
178 27 59 13699.5 0 0
177 31 59 13703.7 0 0
180 29 59 13707.9 0 0
182 31 59 13712.1 0 0
181 30 59 13716.3 0 0
181 29 60 13720.5 0 0
180 29 59 13724.8 0 0
180 29 59 13729 0 0
181 27 59 13733.2 0 0
179 29 59 13737.4 0 0
180 28 59 13741.6 0 0
179 30 60 13745.8 0 0
180 29 59 13750 0 0
179 30 59 13754.3 0 0
179 28 59 13758.5 0 0
179 24 59 13762.7 0 0
177 31 59 13766.9 0 0
182 29 59 13771.1 0 0
179 28 59 13775.3 0 0
180 31 59 13779.5 0 0
181 28 59 13783.8 0 0
180 32 59 13788 0 0
179 27 59 13792.2 0 0
181 28 59 13796.4 0 0
181 31 59 13800.6 0 0
180 28 59 13804.8 0 0
181 23 59 13811.9 0 0
180 25 59 13816.1 0 0
182 24 59 13820.3 0 0
178 21 59 13824.5 0 0
181 28 59 13828.8 0 0
182 27 59 13833 0 0
179 21 59 13837.2 0 0
180 27 59 13841.5 0 0
182 29 59 13845.7 0 0
180 26 59 13850 0 0
180 26 59 13854.2 0 0
179 23 59 13858.4 0 0
181 26 59 13862.6 0 0
180 25 59 13866.8 0 0
181 29 59 13871 0 0
182 26 59 13875.2 0 0
178 22 59 13879.5 0 0
179 26 59 13883.7 0 0
182 26 59 13887.9 0 0
182 26 59 13892.1 0 0
182 30 59 13898 0 0
179 27 59 13902.3 0 0
181 28 59 13907.5 0 0
179 24 59 13911.8 0 0
182 29 59 13916 0 0
180 27 59 13920.2 0 0
181 31 59 13924.4 0 0
179 28 59 13928.6 0 0
178 32 59 13932.8 0 0
177 37 59 13937 0 0
172 44 59 13941.6 0 0
164 64 60 13945.8 0 0
159 79 59 13950 0 0
152 94 59 13954.2 0 0
148 104 59 13958.5 0 0
140 117 60 13962.7 0 0
136 129 59 13966.9 0 0
135 138 60 13971.1 0 0
132 145 59 13975.3 0 0
131 143 60 13979.5 0 0
135 146 59 13983.8 0 0
134 151 59 13990.7 0 0
133 147 59 13994.9 0 0
129 146 59 13999.2 0 0
128 150 59 14003.4 0 0
129 145 59 14007.7 0 0
129 149 59 14011.9 0 0
127 148 59 14016.1 0 0
132 146 59 14020.3 0 0
130 152 59 14024.7 0 0
132 154 59 14028.9 0 0
129 153 58 14033.2 0 0
130 151 59 14037.4 0 0
129 153 58 14041.6 0 0
132 150 58 14045.8 0 0
132 153 59 14050 0 0
130 151 59 14054.2 0 0
128 151 58 14058.5 0 0
131 149 58 14062.8 0 0
131 148 58 14067 0 0
131 149 58 14074.1 0 0
132 151 58 14078.3 0 0
131 147 58 14082.5 0 0
130 150 58 14086.7 0 0
131 147 58 14090.9 0 0
128 150 58 14095.2 0 0
130 148 58 14099.4 0 0
130 150 58 14103.6 0 0
133 149 58 14107.8 0 0
131 147 58 14112 0 0
131 148 58 14116.2 0 0
130 149 58 14120.4 0 0
129 150 58 14124.7 0 0
130 148 58 14129 0 0
131 149 58 14133.2 0 0
131 149 58 14137.5 0 0
131 149 58 14141.7 0 0
128 148 58 14145.9 0 0
131 149 58 14150.1 0 0
130 154 58 14154.3 0 0
132 151 58 14158.5 0 0
132 155 58 14162.8 0 0
130 148 58 14167 0 0
129 152 58 14171.2 0 0
132 154 58 14178 0 0
132 155 58 14182.3 0 0
130 148 58 14186.5 0 0
136 157 58 14190.8 0 0
129 150 58 14195 0 0
130 147 58 14199.3 0 0
129 148 58 14203.5 0 0
129 149 58 14207.7 0 0
131 148 58 14211.9 0 0
128 152 58 14216.1 0 0
130 149 58 14220.3 0 0
130 149 58 14224.5 0 0
131 152 58 14228.8 0 0
131 153 58 14233 0 0
130 153 59 14237.2 0 0
130 152 58 14241.4 0 0
129 150 59 14245.6 0 0
128 154 58 14249.8 0 0
131 151 58 14254 0 0
130 155 58 14258.2 0 0
131 148 59 14262.5 0 0
130 147 58 14266.6 0 0
130 149 58 14270.9 0 0
128 150 59 14275.1 0 0
132 147 59 14279.4 0 0
132 147 59 14283.7 0 0
132 145 59 14288.7 0 0
131 156 59 14292.9 0 0
134 157 59 14297.1 0 0
131 153 59 14301.3 0 0
133 153 59 14305.5 0 0
130 153 59 14309.7 0 0
131 153 59 14314 0 0
131 155 59 14318.2 0 0
130 153 59 14322.4 0 0
130 154 59 14326.6 0 0
132 155 59 14330.8 0 0
134 154 59 14335 0 0
130 155 59 14339.3 0 0
134 157 59 14343.9 0 0
131 155 59 14348.1 0 0
130 144 59 14352.3 0 0
132 155 59 14356.5 0 0
131 149 59 14360.7 0 0
130 151 59 14364.9 0 0
130 151 59 14369.1 0 0
130 158 59 14373.4 0 0
127 174 59 14377.6 0 0
129 172 59 14381.8 0 0
127 174 60 14386.3 0 0
128 181 60 14390.5 0 0
128 184 60 14394.7 0 0
129 181 60 14398.9 0 0
128 177 60 14403.1 0 0
128 178 60 14407.4 0 0
130 181 60 14411.6 0 0
130 176 60 14415.8 0 0
126 184 60 14420 0 0
131 178 60 14424.2 0 0
131 184 60 14428.4 0 0
127 182 60 14432.6 0 0
131 178 60 14436.9 0 0
128 179 60 14441.4 0 0
130 183 60 14445.6 0 0
130 184 60 14449.8 0 0
131 185 60 14454 0 0
131 179 60 14458.2 0 0
129 183 60 14462.4 0 0
130 179 60 14466.6 0 0
131 182 60 14470.8 0 0
129 185 60 14475.1 0 0
129 177 60 14479.3 0 0
132 188 60 14483.5 0 0
131 184 60 14488.1 0 0
129 178 60 14492.4 0 0
128 180 60 14496.6 0 0
128 175 60 14500.8 0 0
126 176 60 14505 0 0
130 183 61 14509.2 0 0
130 183 60 14513.5 0 0
130 183 61 14517.7 0 0
126 180 60 14521.9 0 0
131 180 60 14526.1 0 0
128 181 60 14530.3 0 0
131 180 60 14534.5 0 0
129 182 60 14538.8 0 0
129 183 60 14543 0 0
130 177 60 14547.1 0 0
129 180 60 14551.4 0 0
128 178 60 14555.6 0 0
129 179 60 14559.8 0 0
128 179 60 14564 0 0
131 179 60 14568.2 0 0
129 182 61 14572.5 0 0
130 182 61 14576.7 0 0
131 181 60 14580.9 0 0
130 177 60 14585.1 0 0
130 176 61 14589.3 0 0
128 156 61 14593.5 0 0
130 135 61 14597.8 0 0
130 123 61 14602 0 0
129 103 61 14606.2 0 0
129 96 61 14610.4 0 0
127 91 61 14614.6 0 0
129 95 61 14618.8 0 0
131 89 61 14623 0 0
128 91 61 14627.2 0 0
129 94 62 14631.5 0 0
127 98 61 14635.7 0 0
128 93 61 14639.9 0 0
130 93 61 14644.1 0 0
127 93 61 14648.3 0 0
129 91 61 14652.6 0 0
128 88 61 14656.9 0 0
130 90 62 14661.1 0 0
128 91 62 14665.3 0 0
130 92 61 14669.5 0 0
126 91 62 14673.7 0 0
130 89 61 14677.9 0 0
128 91 62 14682.1 0 0
130 92 62 14686.3 0 0
129 88 62 14690.6 0 0
128 92 62 14694.8 0 0
128 90 62 14699 0 0
129 95 62 14703.2 0 0
131 91 62 14707.4 0 0
129 94 62 14711.6 0 0
130 92 61 14715.9 0 0
126 91 62 14720.3 0 0
127 94 62 14724.5 0 0
128 95 62 14728.7 0 0
128 97 62 14732.9 0 0
132 95 61 14737.1 0 0
128 94 62 14741.3 0 0
127 96 61 14745.5 0 0
128 94 62 14749.7 0 0
131 101 62 14754 0 0
128 102 62 14758.2 0 0
126 106 62 14765.1 0 0
130 104 62 14769.4 0 0
129 106 61 14773.6 0 0
129 103 62 14777.8 0 0
127 108 62 14782 0 0
129 107 61 14786.3 0 0
126 111 62 14790.5 0 0
130 113 61 14794.7 0 0
129 110 61 14798.9 0 0
128 116 61 14803.1 0 0
130 113 61 14807.3 0 0
127 116 61 14811.6 0 0
128 118 61 14816.5 0 0
126 125 62 14820.7 0 0
126 122 61 14827.6 0 0
127 124 61 14831.8 0 0
127 127 61 14836.1 0 0
126 126 61 14840.3 0 0
128 128 61 14844.6 0 0
127 131 61 14848.9 0 0
126 132 61 14853.1 0 0
129 135 61 14857.3 0 0
124 140 61 14861.5 0 0
129 147 61 14865.7 0 0
126 154 61 14869.9 0 0
125 153 61 14874.1 0 0
126 159 60 14878.9 0 0
127 163 61 14883.1 0 0
123 166 62 14890 0 0
126 171 61 14894.2 0 0
125 178 61 14898.5 0 0
125 176 60 14902.7 0 0
125 183 60 14906.9 0 0
127 193 60 14911.1 0 0
127 193 61 14915.3 0 0
128 198 61 14919.5 0 0
130 200 61 14923.7 0 0
129 211 59 14928 0 0
129 207 60 14932.2 0 0
126 215 59 14936.4 0 0
130 214 60 14940.7 0 0
129 218 59 14944.9 0 0
128 220 60 14949.1 0 0
129 226 60 14953.3 0 0
127 229 60 14960.5 0 0
127 229 60 14969 0 0
127 231 62 14976.2 0 0
130 236 60 14980.4 0 0
126 235 60 14985.7 0 0
127 236 61 14989.9 0 0
127 236 60 14994.1 0 0
126 235 61 14998.3 0 0
128 238 59 15006.8 0 0
123 230 60 15011 0 0
125 230 61 15015.2 0 0
128 235 59 15019.4 0 0
127 224 62 15023.7 0 0
124 223 61 15027.9 0 0
127 224 61 15032.1 0 0
124 203 64 15036.3 0 0
124 211 61 15040.5 0 0
126 210 62 15044.8 0 0
128 217 60 15049 0 0
125 214 60 15053.2 0 0
127 203 62 15057.4 0 0
122 203 61 15061.6 0 0
124 203 61 15065.8 0 0
124 201 61 15070.1 0 0
121 204 57 15074.3 0 0
133 220 58 15185.5 0 0
139 213 59 15189.8 0 0
140 213 60 15194 0 0
140 210 60 15198.2 0 0
139 206 61 15202.4 0 0
136 208 62 15206.6 0 0
136 218 60 15210.8 0 0
137 215 61 15215.1 0 0
139 221 62 15219.3 0 0
139 221 0 15223.5 0 0
137 220 63 15227.7 0 0
137 220 0 15231.9 0 0
137 207 64 15236.1 0 0
137 207 0 15240.3 0 0
137 207 0 15244.6 0 0
137 207 0 15248.8 0 0
138 216 62 15253 0 0
138 216 0 15257.2 0 0
136 207 64 15261.4 0 0
136 207 0 15265.6 0 0
136 207 0 15269.8 0 0
137 207 64 15274 0 0
139 204 64 15278.3 0 0
139 204 0 15282.5 0 0
135 199 64 15286.7 0 0
138 211 62 15290.9 0 0
137 215 61 15295.1 0 0
137 215 61 15299.3 0 0
137 207 62 15304.3 0 0
137 199 62 15308.5 0 0
139 205 62 15312.8 0 0
137 198 62 15317 0 0
139 198 62 15321.2 0 0
139 197 61 15325.4 0 0
136 193 62 15329.6 0 0
139 186 61 15333.8 0 0
135 188 61 15338.1 0 0
135 189 61 15342.3 0 0
137 186 62 15346.5 0 0
135 182 61 15350.7 0 0
138 183 61 15355 0 0
136 177 62 15359.2 0 0
135 181 62 15363.4 0 0
137 178 62 15367.6 0 0
136 181 62 15371.8 0 0
137 170 62 15376.2 0 0
138 174 61 15380.4 0 0
136 175 61 15384.7 0 0
135 174 61 15388.9 0 0
137 171 62 15393.1 0 0
140 162 61 15397.3 0 0
139 167 61 15401.5 0 0
138 172 61 15405.8 0 0
140 171 61 15410 0 0
136 166 62 15414.2 0 0
138 159 61 15418.4 0 0
136 157 61 15422.6 0 0
140 157 61 15426.8 0 0
139 157 61 15431.1 0 0
135 163 61 15435.3 0 0
140 160 62 15439.5 0 0
139 160 61 15443.8 0 0
137 161 62 15448 0 0
140 159 62 15452.2 0 0
138 162 61 15456.4 0 0
138 153 62 15460.7 0 0
139 153 61 15464.9 0 0
142 159 62 15469.2 0 0
137 160 62 15473.4 0 0
139 156 61 15477.6 0 0
137 156 61 15481.8 0 0
141 157 61 15486 0 0
139 155 61 15490.2 0 0
137 157 61 15494.5 0 0
140 160 62 15498.7 0 0
138 159 61 15502.9 0 0
138 152 61 15507.1 0 0
140 156 61 15511.4 0 0
140 157 61 15515.5 0 0
138 155 61 15519.8 0 0
140 152 62 15524 0 0
140 153 61 15528.2 0 0
141 144 62 15532.4 0 0
137 150 62 15536.7 0 0
142 148 61 15540.9 0 0
139 143 61 15547.9 0 0
140 138 61 15552.1 0 0
140 140 62 15556.3 0 0
138 141 62 15560.5 0 0
141 144 62 15564.8 0 0
143 144 61 15569 0 0
136 142 62 15573.2 0 0
129 143 62 15577.4 0 0
128 139 62 15581.6 0 0
126 139 62 15585.8 0 0
128 137 61 15590 0 0
131 136 62 15594.3 0 0
128 132 61 15598.5 0 0
132 137 62 15602.8 0 0
133 133 62 15607 0 0
133 132 61 15611.2 0 0
131 129 62 15615.4 0 0
132 131 62 15619.6 0 0
132 129 62 15623.8 0 0
132 129 61 15628 0 0
132 129 61 15632.3 0 0
131 126 61 15636.5 0 0
131 124 62 15640.7 0 0
131 125 61 15647.5 0 0
131 125 62 15651.8 0 0
133 127 61 15656.1 0 0
131 125 61 15660.3 0 0
131 124 61 15664.5 0 0
130 126 62 15668.8 0 0
131 124 62 15673 0 0
133 127 61 15677.2 0 0
132 123 61 15681.4 0 0
128 119 61 15685.6 0 0
131 121 61 15689.9 0 0
129 122 61 15694.1 0 0
131 120 61 15698.6 0 0
132 122 61 15702.8 0 0
130 122 61 15707 0 0
129 122 61 15711.2 0 0
130 120 61 15715.4 0 0
130 122 61 15719.7 0 0
130 120 61 15723.9 0 0
130 123 61 15731 0 0
130 124 61 15739.2 0 0
141 120 62 15747.7 0 0
168 128 62 15755.7 0 0
192 147 61 15764.2 0 0
213 158 59 15772.4 0 0
213 158 59 15780.7 0 0
226 176 57 15788.7 0 0
230 177 57 15792.9 0 0
226 176 58 15797.4 0 0
229 176 58 15801.6 0 0
228 169 58 15805.9 0 0
229 176 58 15810.1 0 0
231 177 58 15814.3 0 0
231 173 57 15818.5 0 0
233 177 58 15822.8 0 0
231 183 58 15827 0 0
231 182 57 15831.2 0 0
231 181 57 15835.4 0 0
229 179 58 15839.6 0 0
230 182 58 15843.8 0 0
231 179 57 15848 0 0
231 177 58 15852.2 0 0
230 183 57 15856.5 0 0
231 178 58 15860.6 0 0
231 175 57 15864.9 0 0
230 182 57 15869.1 0 0
233 178 57 15873.3 0 0
232 178 57 15877.5 0 0
233 182 57 15881.7 0 0
232 182 57 15885.9 0 0
232 178 57 15890.1 0 0
230 181 57 15894.3 0 0
233 183 58 15898.5 0 0
230 174 58 15902.8 0 0
231 177 57 15907 0 0
232 176 57 15911.2 0 0
233 177 57 15918 0 0
231 179 57 15922.3 0 0
231 182 58 15926.5 0 0
233 182 58 15930.8 0 0
232 176 57 15935 0 0
232 175 57 15939.2 0 0
231 179 58 15943.4 0 0
228 175 57 15947.6 0 0
230 176 57 15952 0 0
230 176 58 15956.2 0 0
229 175 58 15960.4 0 0
230 180 57 15964.7 0 0
227 172 57 15968.9 0 0
230 180 57 15973.1 0 0
230 175 57 15977.3 0 0
232 177 57 15981.5 0 0
230 183 57 15985.7 0 0
230 175 57 15989.9 0 0
231 179 57 15994.2 0 0
230 179 58 15998.4 0 0
230 181 57 16002.6 0 0
231 179 57 16006.8 0 0
218 167 58 16011 0 0
204 163 59 16018.2 0 0
187 152 60 16022.4 0 0
173 151 61 16026.6 0 0
159 153 61 16030.9 0 0
152 150 61 16035.1 0 0
139 147 61 16039.3 0 0
130 153 60 16043.5 0 0
130 159 60 16047.8 0 0
130 159 61 16052 0 0
131 160 61 16056.2 0 0
130 164 61 16060.4 0 0
133 154 61 16064.6 0 0
129 152 61 16068.9 0 0
126 154 61 16073.1 0 0
128 150 60 16077.3 0 0
126 150 60 16081.5 0 0
129 154 60 16085.8 0 0
128 151 61 16090.1 0 0
124 155 60 16094.3 0 0
125 155 60 16098.6 0 0
127 154 60 16102.8 0 0
127 158 60 16107 0 0
125 157 60 16113.8 0 0
126 157 60 16118.1 0 0
127 157 60 16122.3 0 0
127 157 61 16126.6 0 0
128 155 60 16130.8 0 0
131 155 60 16135 0 0
125 155 60 16139.3 0 0
130 159 61 16143.5 0 0
124 151 60 16147.7 0 0
126 154 61 16151.9 0 0
125 153 61 16156.2 0 0
123 152 60 16160.4 0 0
126 153 60 16164.6 0 0
128 150 60 16168.8 0 0
124 150 61 16173 0 0
128 151 60 16177.2 0 0
127 153 60 16181.5 0 0
127 153 60 16185.7 0 0
127 149 60 16189.9 0 0
125 152 60 16194.1 0 0
129 150 61 16198.4 0 0
127 153 60 16202.6 0 0
127 151 60 16209.5 0 0
125 149 61 16213.8 0 0
127 153 60 16218 0 0
130 151 61 16222.2 0 0
125 151 61 16226.5 0 0
127 149 60 16230.7 0 0
124 151 60 16234.9 0 0
127 149 60 16239.1 0 0
128 149 60 16243.3 0 0
122 154 61 16247.6 0 0
125 149 60 16251.9 0 0
126 148 61 16256.1 0 0
127 148 60 16260.4 0 0
126 151 60 16264.5 0 0
128 153 60 16268.8 0 0
128 150 60 16273 0 0
126 152 60 16277.2 0 0
126 151 60 16281.4 0 0
126 148 61 16285.6 0 0
127 150 60 16289.9 0 0
123 153 61 16294 0 0
123 153 61 16298.2 0 0
125 150 60 16304.3 0 0
129 151 60 16308.5 0 0
126 150 60 16312.8 0 0
127 149 60 16317 0 0
125 150 60 16321.2 0 0
126 150 61 16325.4 0 0
128 150 61 16329.6 0 0
125 150 61 16333.8 0 0
127 150 61 16338.1 0 0
126 154 60 16342.3 0 0
126 155 60 16346.6 0 0
125 154 60 16350.8 0 0
125 155 61 16355 0 0
124 156 61 16359.2 0 0
125 152 61 16363.4 0 0
124 151 61 16367.6 0 0
124 149 60 16371.9 0 0
127 151 61 16376.1 0 0
126 152 61 16380.4 0 0
126 155 61 16384.6 0 0
128 151 61 16388.8 0 0
124 151 61 16393 0 0
126 152 61 16397.2 0 0
124 155 61 16401.4 0 0
126 151 61 16405.7 0 0
127 157 61 16410 0 0
124 149 61 16414.2 0 0
127 156 61 16418.4 0 0
123 155 61 16422.6 0 0
127 151 61 16426.8 0 0
127 153 61 16431.1 0 0
127 130 61 16435.3 0 0
127 110 61 16439.5 0 0
129 98 61 16443.7 0 0
128 84 62 16448.4 0 0
129 83 62 16452.6 0 0
126 65 62 16456.8 0 0
126 65 62 16461 0 0
127 64 62 16465.6 0 0
123 66 62 16469.9 0 0
126 65 62 16474.1 0 0
126 64 62 16478.3 0 0
127 60 63 16482.5 0 0
125 64 62 16486.7 0 0
124 54 62 16490.9 0 0
124 58 62 16495.1 0 0
125 52 63 16499.4 0 0
123 57 63 16503.6 0 0
126 56 62 16507.8 0 0
124 58 63 16512 0 0
125 55 62 16516.2 0 0
126 57 62 16520.4 0 0
126 56 63 16524.6 0 0
125 56 63 16528.8 0 0
126 59 63 16533.1 0 0
125 59 63 16537.3 0 0
125 59 63 16541.5 0 0
127 61 62 16545.7 0 0
124 60 63 16549.9 0 0
128 63 63 16554.1 0 0
123 62 63 16558.4 0 0
126 63 63 16562.6 0 0
126 63 63 16566.8 0 0
126 62 63 16571 0 0
124 64 63 16575.2 0 0
126 59 62 16579.5 0 0
124 64 63 16583.7 0 0
123 59 62 16587.9 0 0
124 65 63 16592.1 0 0
125 64 62 16596.3 0 0
123 65 63 16600.5 0 0
125 67 63 16604.8 0 0
128 66 63 16609 0 0
124 68 63 16613.2 0 0
123 68 63 16617.4 0 0
124 68 62 16621.6 0 0
126 63 63 16625.9 0 0
126 69 63 16630.1 0 0
126 63 63 16634.4 0 0
123 68 62 16638.6 0 0
123 70 63 16642.8 0 0
127 65 63 16647 0 0
124 69 63 16651.2 0 0
125 68 63 16655.4 0 0
124 69 63 16660 0 0
125 63 63 16664.2 0 0
122 68 63 16668.4 0 0
126 65 63 16672.6 0 0
125 66 63 16676.8 0 0
126 67 63 16681 0 0
124 65 63 16685.3 0 0
124 65 63 16689.6 0 0
123 67 63 16693.9 0 0
126 65 63 16698.2 0 0
123 68 63 16702.8 0 0
124 53 64 16707 0 0
127 67 63 16711.2 0 0
124 68 63 16715.4 0 0
124 62 63 16719.7 0 0
126 69 63 16723.9 0 0
126 69 63 16728.1 0 0
123 68 63 16732.3 0 0
124 69 63 16736.5 0 0
123 68 63 16740.7 0 0
125 69 63 16744.9 0 0
122 69 63 16749.1 0 0
126 70 63 16753.9 0 0
125 70 63 16758.2 0 0
124 70 63 16762.4 0 0
125 71 63 16766.6 0 0
122 73 63 16770.8 0 0
128 69 63 16775 0 0
123 73 63 16779.2 0 0
126 60 64 16783.5 0 0
125 74 63 16787.7 0 0
124 63 64 16791.9 0 0
124 75 63 16796.1 0 0
127 77 63 16800.3 0 0
124 83 63 16804.5 0 0
128 92 63 16808.8 0 0
123 105 62 16813 0 0
123 111 63 16817.2 0 0
122 120 63 16821.4 0 0
124 121 63 16825.6 0 0
126 117 63 16829.8 0 0
124 106 63 16834 0 0
125 104 63 16838.4 0 0
125 106 63 16842.7 0 0
125 114 63 16846.9 0 0
123 115 63 16851.1 0 0
123 116 63 16855.3 0 0
122 118 64 16859.5 0 0
124 117 63 16863.7 0 0
126 118 63 16868 0 0
124 117 63 16872.2 0 0
124 117 63 16876.4 0 0
123 112 63 16880.6 0 0
125 128 64 16884.9 0 0
124 112 63 16889.1 0 0
125 118 63 16893.3 0 0
124 112 63 16897.5 0 0
126 109 63 16901.7 0 0
123 111 63 16906 0 0
124 108 63 16910.3 0 0
126 116 64 16914.5 0 0
122 117 64 16918.7 0 0
125 116 64 16922.9 0 0
125 117 64 16927.1 0 0
124 109 63 16931.3 0 0
126 113 63 16935.5 0 0
124 115 64 16939.8 0 0
126 111 64 16944 0 0
124 112 64 16948.3 0 0
124 113 64 16952.5 0 0
126 113 64 16956.7 0 0
126 122 64 16960.9 0 0
125 115 64 16965.1 0 0
127 121 64 16969.4 0 0
125 124 64 16973.6 0 0
125 123 64 16977.8 0 0
124 124 64 16982 0 0
128 122 64 16986.2 0 0
125 121 64 16990.5 0 0
124 122 64 16994.7 0 0
127 119 64 16998.9 0 0
127 120 64 17003.1 0 0
125 118 64 17007.3 0 0
126 119 64 17011.6 0 0
124 118 64 17015.8 0 0
125 118 65 17020 0 0
124 119 64 17024.2 0 0
126 122 64 17028.5 0 0
128 120 64 17033 0 0
125 118 64 17037.2 0 0
127 118 64 17041.4 0 0
125 118 64 17045.6 0 0
125 116 65 17049.8 0 0
126 118 64 17054 0 0
126 120 65 17058.2 0 0
125 122 65 17062.5 0 0
126 118 64 17066.7 0 0
127 120 64 17070.9 0 0
126 118 64 17075.1 0 0
125 118 64 17079.3 0 0
123 119 65 17083.5 0 0
125 120 65 17087.7 0 0
125 121 64 17092 0 0
124 122 64 17096.2 0 0
126 122 65 17100.4 0 0
127 120 65 17104.6 0 0
125 117 65 17108.8 0 0
126 120 65 17113 0 0
125 122 65 17117.3 0 0
126 120 64 17121.5 0 0
124 114 65 17125.8 0 0
126 119 65 17130 0 0
126 122 65 17134.2 0 0
127 120 64 17138.5 0 0
126 119 65 17142.7 0 0
125 122 65 17146.9 0 0
124 119 65 17151.1 0 0
125 117 65 17155.3 0 0
123 112 65 17159.6 0 0
125 119 64 17163.8 0 0
127 116 65 17168 0 0
126 116 65 17172.2 0 0
123 113 65 17176.4 0 0
125 117 65 17180.6 0 0
127 124 65 17184.8 0 0
127 117 65 17189 0 0
124 115 65 17193.3 0 0
126 124 65 17197.6 0 0
127 122 65 17201.8 0 0
125 120 65 17206 0 0
125 122 65 17210.2 0 0
125 122 65 17214.4 0 0
125 122 65 17218.7 0 0
128 120 65 17222.9 0 0
135 120 65 17227.2 0 0
146 128 66 17231.3 0 0
160 125 66 17235.5 0 0
173 133 65 17239.8 0 0
182 139 64 17244 0 0
186 140 63 17248.2 0 0
195 148 62 17252.4 0 0
204 159 62 17256.7 0 0
207 165 61 17260.9 0 0
208 175 61 17265.1 0 0
207 185 62 17269.3 0 0
208 185 62 17273.6 0 0
207 185 62 17277.9 0 0
208 180 62 17282.2 0 0
209 181 62 17286.4 0 0
208 179 62 17290.6 0 0
211 182 62 17294.8 0 0
210 180 62 17299 0 0
211 185 62 17303.2 0 0
211 185 62 17307.4 0 0
210 183 62 17311.7 0 0
210 182 62 17315.9 0 0
208 182 62 17320.1 0 0
211 178 61 17324.4 0 0
207 180 62 17328.6 0 0
209 183 62 17332.8 0 0
207 179 62 17337 0 0
209 181 62 17341.2 0 0
209 179 62 17345.5 0 0
208 179 62 17349.8 0 0
209 185 62 17354 0 0
208 186 62 17358.2 0 0
209 180 61 17362.4 0 0
209 180 62 17366.6 0 0
211 185 61 17370.8 0 0
208 181 62 17375 0 0
208 181 62 17379.3 0 0
210 181 62 17383.5 0 0
208 180 61 17387.7 0 0
208 182 62 17391.9 0 0
210 183 62 17396.1 0 0
208 181 61 17400.3 0 0
208 186 62 17404.5 0 0
208 183 62 17408.8 0 0
210 181 62 17413 0 0
209 184 62 17417.2 0 0
208 182 62 17421.4 0 0
210 186 62 17425.6 0 0
210 182 62 17429.8 0 0
212 191 62 17434.1 0 0
206 181 62 17438.3 0 0
209 180 62 17442.6 0 0
210 182 62 17447 0 0
208 185 62 17451.2 0 0
211 184 62 17455.4 0 0
207 183 62 17459.6 0 0
209 187 62 17463.8 0 0
209 184 62 17468 0 0
208 184 62 17472.3 0 0
206 181 62 17476.5 0 0
208 182 62 17480.7 0 0
207 189 62 17487.5 0 0
208 185 62 17491.7 0 0
207 185 62 17496 0 0
209 186 62 17500.2 0 0
207 184 62 17504.4 0 0
209 183 61 17508.7 0 0
210 184 62 17512.9 0 0
207 183 62 17517.1 0 0
212 187 62 17521.3 0 0
207 181 61 17525.5 0 0
209 189 62 17529.9 0 0
209 187 62 17534.1 0 0
208 183 61 17538.3 0 0
209 186 62 17542.5 0 0
210 187 62 17546.8 0 0
207 186 62 17551 0 0
210 193 61 17555.2 0 0
208 186 62 17559.4 0 0
208 185 62 17563.9 0 0
205 186 62 17568.1 0 0
206 186 62 17574.9 0 0
211 192 61 17579.1 0 0
212 189 62 17583.3 0 0
208 186 61 17587.5 0 0
207 183 61 17591.8 0 0
211 188 61 17596 0 0
209 189 62 17600.2 0 0
210 188 62 17604.4 0 0
209 184 62 17608.6 0 0
209 189 62 17613 0 0
210 188 61 17617.2 0 0
207 183 61 17621.5 0 0
208 184 62 17625.7 0 0
210 185 62 17629.9 0 0
209 183 62 17634.2 0 0
210 192 61 17638.4 0 0
210 193 61 17642.6 0 0
212 203 61 17646.8 0 0
209 202 61 17651 0 0
213 206 61 17655.2 0 0
211 215 61 17659.9 0 0
213 220 61 17666.5 0 0
210 222 61 17670.8 0 0
213 226 61 17675 0 0
215 233 61 17679.2 0 0
215 236 61 17683.4 0 0
179 240 64 17744.3 0 0
175 238 64 17752.8 0 0
173 239 64 17757 0 0
170 228 64 17765.4 0 0
173 236 63 17769.6 0 0
172 232 63 17773.8 0 0
170 221 63 17778.1 0 0
170 213 62 17782.4 0 0
167 211 62 17786.6 0 0
167 203 62 17790.8 0 0
166 188 62 17795 0 0
166 183 62 17799.2 0 0
164 178 62 17803.5 0 0
167 170 62 17807.7 0 0
164 157 62 17811.9 0 0
166 160 62 17816.2 0 0
162 149 62 17820.4 0 0
153 141 63 17824.7 0 0
148 126 64 17828.9 0 0
140 118 64 17833.2 0 0
135 111 64 17837.4 0 0
126 110 64 17841.6 0 0
122 94 64 17845.8 0 0
115 96 64 17850 0 0
111 86 64 17854.3 0 0
110 83 64 17858.5 0 0
108 88 63 17862.7 0 0
107 84 63 17866.9 0 0
108 73 64 17871.1 0 0
110 70 64 17875.3 0 0
108 56 64 17879.6 0 0
107 61 64 17883.8 0 0
107 56 64 17888 0 0
103 73 63 17892.2 0 0
109 53 64 17896.5 0 0
110 53 64 17900.7 0 0
109 55 64 17904.9 0 0
110 43 64 17909.1 0 0
107 53 64 17913.3 0 0
107 47 64 17917.5 0 0
108 45 64 17921.7 0 0
110 43 64 17925.9 0 0
109 46 64 17930.2 0 0
109 45 64 17934.4 0 0
108 46 64 17938.6 0 0
108 50 65 17942.8 0 0
110 43 64 17947.1 0 0
107 51 64 17951.3 0 0
106 50 64 17955.6 0 0
107 52 65 17959.8 0 0
107 48 64 17964 0 0
109 49 64 17968.2 0 0
107 54 65 17972.5 0 0
104 50 64 17976.7 0 0
104 52 65 17980.9 0 0
107 54 64 17985.1 0 0
108 52 64 17989.3 0 0
107 46 64 17993.6 0 0
106 54 64 17997.8 0 0
105 53 64 18002.2 0 0
100 45 65 18006.4 0 0
94 40 65 18010.6 0 0
88 42 64 18014.8 0 0
82 48 64 18019 0 0
84 42 65 18023.2 0 0
85 41 64 18027.4 0 0
85 49 65 18031.7 0 0
86 47 64 18035.9 0 0
87 47 65 18040.1 0 0
88 46 65 18044.3 0 0
87 53 64 18048.5 0 0
90 46 64 18052.7 0 0
84 53 65 18057 0 0
84 52 65 18061.2 0 0
82 60 64 18065.4 0 0
86 58 65 18069.6 0 0
85 58 64 18073.8 0 0
86 52 65 18078 0 0
88 59 64 18082.2 0 0
93 52 65 18086.5 0 0
107 49 65 18090.7 0 0
120 45 67 18095 0 0
136 42 67 18099.2 0 0
148 50 67 18103.4 0 0
162 45 65 18107.6 0 0
170 55 64 18111.8 0 0
182 69 63 18116 0 0
184 71 62 18120.2 0 0
182 75 63 18124.5 0 0
178 69 63 18129 0 0
175 75 63 18133.2 0 0
178 65 63 18137.5 0 0
182 70 63 18141.7 0 0
182 75 63 18145.9 0 0
183 74 62 18150.2 0 0
184 76 63 18154.4 0 0
184 73 63 18158.6 0 0
182 73 62 18162.8 0 0
183 67 62 18167 0 0
185 72 63 18171.2 0 0
183 65 63 18175.4 0 0
182 72 63 18179.6 0 0
182 75 62 18183.8 0 0
180 63 62 18188.1 0 0
184 75 62 18192.3 0 0
186 66 62 18196.5 0 0
181 69 62 18200.7 0 0
182 61 62 18205 0 0
180 60 62 18209.2 0 0
182 64 62 18213.5 0 0
182 61 62 18217.7 0 0
181 66 63 18221.9 0 0
182 57 62 18226.2 0 0
186 66 63 18230.4 0 0
181 60 62 18234.6 0 0
181 55 62 18238.8 0 0
183 58 62 18243 0 0
184 60 61 18247.2 0 0
183 59 61 18251.4 0 0
182 52 62 18255.6 0 0
182 60 61 18259.9 0 0
183 54 61 18264.1 0 0
184 52 61 18268.3 0 0
183 55 61 18272.5 0 0
182 54 61 18276.7 0 0
185 53 61 18280.9 0 0
181 48 61 18285.1 0 0
182 42 62 18289.3 0 0
185 50 61 18293.5 0 0
182 47 61 18297.8 0 0
182 43 61 18301.9 0 0
179 39 62 18306.2 0 0
182 42 60 18310.4 0 0
182 32 61 18314.6 0 0
185 27 61 18318.8 0 0
181 38 61 18323 0 0
182 36 60 18327.2 0 0
183 30 61 18331.4 0 0
181 26 60 18335.7 0 0
181 24 60 18339.9 0 0
185 28 61 18344.1 0 0
181 28 60 18348.3 0 0
183 21 60 18352.5 0 0
184 24 60 18356.7 0 0
182 21 60 18360.9 0 0
183 25 60 18365.1 0 0
180 18 60 18369.3 0 0
182 23 60 18373.6 0 0
183 23 60 18378.4 0 0
184 24 60 18382.6 0 0
182 19 60 18386.8 0 0
182 22 60 18391 0 0
182 24 59 18395.2 0 0
179 20 60 18399.4 0 0
183 21 60 18403.7 0 0
188 21 60 18407.9 0 0
192 26 60 18412.1 0 0
200 27 60 18416.3 0 0
205 30 60 18420.5 0 0
209 34 59 18424.7 0 0
213 43 58 18428.9 0 0
210 42 58 18433.1 0 0
208 43 58 18437.3 0 0
209 41 58 18441.6 0 0
212 47 58 18445.8 0 0
210 39 58 18450 0 0
213 45 58 18454.2 0 0
213 45 58 18458.4 0 0
210 43 58 18462.7 0 0
213 45 58 18466.9 0 0
212 41 58 18471.5 0 0
211 44 58 18475.7 0 0
212 39 58 18479.9 0 0
209 42 58 18484.2 0 0
209 43 58 18488.3 0 0
210 43 58 18492.6 0 0
210 44 58 18496.8 0 0
212 45 58 18501 0 0
210 43 58 18505.2 0 0
212 46 57 18509.4 0 0
211 43 58 18513.6 0 0
212 48 58 18517.8 0 0
212 45 58 18522 0 0
212 52 58 18526.3 0 0
213 49 58 18530.5 0 0
214 56 58 18534.8 0 0
222 58 57 18539 0 0
227 71 57 18543.2 0 0
230 83 56 18547.5 0 0
236 107 56 18551.7 0 0
235 137 55 18555.9 0 0
238 160 55 18560.1 0 0
241 180 55 18564.3 0 0
239 195 55 18568.5 0 0
239 220 54 18572.7 0 0
242 230 56 18665.7 0 0
241 223 56 18670 0 0
243 210 56 18674.2 0 0
241 202 56 18678.4 0 0
239 193 56 18682.6 0 0
238 188 56 18686.9 0 0
239 182 56 18691.2 0 0
237 175 56 18695.4 0 0
237 173 57 18699.7 0 0
233 165 56 18703.9 0 0
236 171 57 18708.1 0 0
239 170 57 18712.3 0 0
238 170 57 18716.5 0 0
237 171 57 18720.7 0 0
237 166 57 18725 0 0
237 166 57 18729.2 0 0
237 172 57 18733.4 0 0
238 172 57 18737.6 0 0
237 169 57 18741.8 0 0
236 170 57 18746 0 0
239 168 57 18750.3 0 0
238 172 57 18757.2 0 0
239 173 57 18761.4 0 0
237 173 57 18765.6 0 0
237 172 57 18769.8 0 0
240 172 57 18774 0 0
237 172 57 18778.3 0 0
241 172 57 18782.5 0 0
238 174 57 18786.7 0 0
241 173 57 18791 0 0
236 166 58 18795.2 0 0
236 168 57 18799.3 0 0
241 174 57 18803.5 0 0
235 165 57 18807.8 0 0
238 174 57 18812 0 0
240 173 57 18816.6 0 0
237 173 57 18820.8 0 0
234 173 57 18825 0 0
234 173 57 18829.2 0 0
237 185 57 18835.6 0 0
238 194 57 18839.8 0 0
237 204 57 18844.1 0 0
237 225 57 18848.3 0 0
242 237 57 18852.5 0 0
198 237 59 18945.6 0 0
199 235 60 18949.8 0 0
197 228 60 18954.1 0 0
199 225 60 18958.3 0 0
201 216 60 18962.5 0 0
198 215 60 18966.7 0 0
196 219 60 18971 0 0
198 217 60 18975.2 0 0
198 215 60 18979.4 0 0
198 215 60 18983.6 0 0
199 218 60 18987.9 0 0
197 215 60 18992.1 0 0
198 219 60 18996.3 0 0
196 215 60 19000.6 0 0
196 219 60 19004.8 0 0
197 216 60 19009 0 0
197 217 60 19013.2 0 0
199 216 60 19017.4 0 0
196 215 60 19021.6 0 0
198 217 60 19025.8 0 0
197 215 60 19030.1 0 0
198 220 60 19034.3 0 0
198 218 60 19038.5 0 0
198 216 60 19042.8 0 0
195 219 60 19047 0 0
198 216 60 19051.2 0 0
199 218 60 19055.4 0 0
198 220 60 19059.6 0 0
199 216 60 19063.8 0 0
198 219 60 19068 0 0
200 221 60 19072.3 0 0
202 220 60 19076.5 0 0
195 219 60 19080.7 0 0
197 218 60 19084.9 0 0
199 217 60 19089.1 0 0
198 217 60 19093.4 0 0
198 219 61 19097.7 0 0
197 219 60 19101.9 0 0
195 217 60 19106.1 0 0
196 219 60 19110.3 0 0
196 218 60 19114.5 0 0
197 219 60 19118.7 0 0
200 221 60 19122.9 0 0
198 217 60 19127.2 0 0
197 223 60 19131.4 0 0
198 220 60 19135.6 0 0
196 219 60 19139.8 0 0
200 218 60 19144 0 0
195 218 60 19148.2 0 0
196 220 60 19152.4 0 0
199 222 61 19156.7 0 0
196 220 60 19160.9 0 0
195 220 61 19165.1 0 0
198 223 61 19169.3 0 0
198 219 60 19173.5 0 0
200 220 61 19177.7 0 0
196 218 61 19182 0 0
198 222 60 19186.2 0 0
197 223 60 19190.4 0 0
197 222 60 19194.7 0 0
199 224 60 19198.9 0 0
198 225 60 19203.1 0 0
197 227 60 19207.3 0 0
198 225 60 19211.6 0 0
197 219 61 19215.8 0 0
195 218 60 19220 0 0
196 221 60 19224.2 0 0
199 217 60 19228.4 0 0
198 222 60 19232.7 0 0
197 220 61 19236.8 0 0
199 220 60 19241 0 0
198 220 60 19245.3 0 0
197 219 60 19249.5 0 0
198 222 60 19253.8 0 0
197 218 61 19258 0 0
197 223 60 19262.2 0 0
197 219 60 19266.4 0 0
196 219 60 19270.6 0 0
199 221 60 19274.8 0 0
196 218 60 19279 0 0
199 223 60 19283.3 0 0
197 219 61 19287.5 0 0
196 222 60 19291.7 0 0
197 219 61 19295.9 0 0
198 221 60 19300.1 0 0
197 221 60 19304.3 0 0
198 222 60 19308.5 0 0
199 223 60 19312.8 0 0
198 220 60 19317 0 0
195 224 60 19321.2 0 0
195 220 60 19325.5 0 0
195 223 60 19329.7 0 0
200 224 60 19333.9 0 0
199 220 60 19338.2 0 0
199 223 60 19342.4 0 0
199 222 60 19346.7 0 0
195 219 60 19350.9 0 0
199 219 60 19355.1 0 0
196 221 60 19359.3 0 0
197 218 60 19363.5 0 0
197 218 60 19367.8 0 0
197 220 60 19372 0 0
197 217 60 19376.2 0 0
198 218 60 19380.5 0 0
196 217 59 19384.7 0 0
198 220 60 19388.9 0 0
198 219 60 19393.1 0 0
196 221 60 19397.3 0 0
197 219 60 19401.5 0 0
196 218 60 19405.8 0 0
198 215 60 19410 0 0
195 220 60 19414.2 0 0
197 219 59 19418.4 0 0
200 217 59 19422.6 0 0
197 219 60 19426.8 0 0
198 218 60 19431 0 0
197 219 59 19435.2 0 0
199 215 59 19439.5 0 0
197 217 60 19443.7 0 0
200 221 59 19447.9 0 0
199 216 59 19452.1 0 0
196 217 60 19456.4 0 0
197 218 59 19460.6 0 0
201 217 59 19464.8 0 0
196 212 59 19469.1 0 0
198 219 59 19473.3 0 0
201 224 59 19477.5 0 0
197 217 59 19481.7 0 0
197 213 60 19486 0 0
198 224 59 19490.2 0 0
199 221 59 19494.4 0 0
199 220 59 19498.6 0 0
197 224 59 19502.8 0 0
201 220 59 19507 0 0
198 218 59 19511.2 0 0
199 219 59 19515.4 0 0
196 217 59 19519.7 0 0
196 215 59 19523.9 0 0
198 224 59 19528.1 0 0
196 221 59 19532.4 0 0
195 217 59 19536.6 0 0
196 216 59 19540.8 0 0
197 220 59 19545 0 0
198 230 59 19549.2 0 0
194 235 59 19553.4 0 0
207 237 61 19889.8 0 0
204 227 61 19894 0 0
204 214 61 19898.2 0 0
203 210 62 19902.4 0 0
202 209 61 19906.7 0 0
203 200 62 19910.9 0 0
202 201 62 19915.1 0 0
203 205 62 19919.3 0 0
202 200 62 19923.5 0 0
201 202 62 19927.7 0 0
203 201 62 19931.9 0 0
205 204 62 19936.2 0 0
200 201 62 19940.4 0 0
203 204 62 19944.6 0 0
203 206 62 19948.8 0 0
203 204 62 19953 0 0
205 204 62 19957.2 0 0
204 207 62 19961.4 0 0
202 202 62 19965.7 0 0
203 204 62 19969.9 0 0
202 207 62 19974.1 0 0
205 203 62 19981.2 0 0
204 206 62 19985.5 0 0
205 208 62 19989.7 0 0
202 204 62 19993.9 0 0
203 208 63 19998.1 0 0
201 207 63 20002.3 0 0
202 205 62 20006.5 0 0
202 208 62 20010.7 0 0
204 211 63 20015 0 0
203 205 62 20019.2 0 0
205 208 63 20023.4 0 0
203 208 62 20027.6 0 0
204 209 63 20031.8 0 0
204 209 63 20036.1 0 0
203 210 63 20040.3 0 0
201 205 62 20044.5 0 0
204 205 63 20048.7 0 0
200 209 62 20052.9 0 0
203 205 62 20057.1 0 0
206 209 63 20061.3 0 0
201 205 63 20065.5 0 0
203 207 62 20069.7 0 0
203 206 63 20074 0 0
204 206 63 20078.2 0 0
202 210 63 20082.4 0 0
201 208 63 20089.4 0 0
202 210 63 20093.7 0 0
203 210 63 20097.9 0 0
204 211 63 20102.2 0 0
202 208 63 20106.4 0 0
203 210 63 20110.5 0 0
203 209 63 20114.8 0 0
206 209 63 20119 0 0
205 209 63 20123.2 0 0
202 209 63 20127.4 0 0
202 211 63 20131.6 0 0
201 208 63 20135.8 0 0
202 210 63 20140 0 0
204 207 63 20144.2 0 0
202 208 63 20148.5 0 0
205 210 63 20152.7 0 0
204 211 63 20156.9 0 0
203 207 63 20161.2 0 0
204 211 63 20165.4 0 0
205 208 63 20169.6 0 0
203 210 63 20173.8 0 0
204 208 63 20178 0 0
201 206 63 20182.3 0 0
202 206 63 20186.5 0 0
202 206 63 20190.7 0 0
204 206 63 20195 0 0
201 205 63 20199.2 0 0
203 201 63 20203.5 0 0
203 207 63 20207.7 0 0
196 201 64 20211.9 0 0
191 195 64 20216.1 0 0
179 182 65 20220.3 0 0
164 160 66 20224.5 0 0
154 137 66 20228.7 0 0
146 118 66 20233 0 0
142 110 66 20237.2 0 0
133 93 66 20241.3 0 0
130 85 66 20245.6 0 0
127 74 66 20249.8 0 0
128 75 66 20254 0 0
125 63 66 20258.2 0 0
120 57 67 20262.4 0 0
119 52 67 20266.6 0 0
120 47 67 20270.8 0 0
114 46 67 20275 0 0
115 45 67 20279.3 0 0
115 48 67 20283.5 0 0
115 43 66 20287.7 0 0
114 48 67 20291.9 0 0
115 48 67 20296.1 0 0
114 46 66 20300.3 0 0
117 42 67 20304.5 0 0
112 39 67 20308.8 0 0
112 38 67 20313 0 0
116 39 67 20317.2 0 0
114 41 66 20321.5 0 0
114 41 66 20325.7 0 0
114 40 66 20329.8 0 0
115 41 66 20334 0 0
116 39 67 20338.3 0 0
113 37 66 20342.5 0 0
114 36 66 20346.7 0 0
113 37 66 20350.9 0 0
113 41 66 20355.1 0 0
112 31 67 20359.3 0 0
113 37 66 20363.6 0 0
112 43 66 20367.8 0 0
117 40 66 20372 0 0
115 37 67 20376.2 0 0
112 39 66 20380.5 0 0
111 39 67 20384.7 0 0
112 43 66 20388.9 0 0
114 40 66 20393.1 0 0
114 42 66 20397.3 0 0
113 46 67 20401.5 0 0
112 45 66 20405.8 0 0
114 41 66 20410 0 0
108 39 66 20414.2 0 0
99 40 66 20418.4 0 0
95 31 66 20422.6 0 0
89 34 66 20426.8 0 0
87 30 66 20431 0 0
88 28 65 20435.2 0 0
85 30 65 20439.5 0 0
84 32 66 20443.7 0 0
87 30 66 20447.9 0 0
88 28 66 20452.2 0 0
85 27 65 20456.3 0 0
84 29 65 20460.5 0 0
85 27 65 20464.8 0 0
85 28 65 20469 0 0
84 31 65 20473.2 0 0
84 26 65 20477.5 0 0
87 27 65 20481.7 0 0
83 34 65 20485.9 0 0
85 27 65 20490.1 0 0
83 30 65 20494.3 0 0
85 29 65 20498.5 0 0
83 36 65 20502.8 0 0
82 35 65 20507 0 0
87 32 65 20511.2 0 0
84 31 65 20515.4 0 0
85 30 64 20519.6 0 0
85 33 65 20523.8 0 0
83 29 65 20528 0 0
84 29 65 20532.2 0 0
85 31 64 20536.5 0 0
85 26 65 20540.7 0 0
83 30 64 20544.9 0 0
86 28 64 20549.1 0 0
82 30 65 20553.3 0 0
85 28 65 20557.5 0 0
85 30 65 20561.7 0 0
84 26 64 20566 0 0
84 29 64 20570.2 0 0
85 26 64 20574.4 0 0
83 29 64 20578.6 0 0
84 29 64 20582.8 0 0
86 24 64 20587.1 0 0
84 25 64 20591.3 0 0
85 26 65 20595.5 0 0
85 27 64 20599.8 0 0
86 28 64 20604 0 0
86 29 64 20608.2 0 0
92 33 64 20612.4 0 0
100 37 65 20616.6 0 0
114 49 65 20620.8 0 0
123 68 65 20625.1 0 0
136 83 65 20629.3 0 0
142 105 64 20633.5 0 0
153 118 63 20637.8 0 0
155 142 62 20642 0 0
163 160 62 20646.2 0 0
170 176 62 20650.4 0 0
175 183 61 20654.6 0 0
182 196 61 20658.8 0 0
183 205 61 20663 0 0
184 203 61 20667.2 0 0
184 204 61 20671.5 0 0
180 201 61 20675.7 0 0
180 201 61 20679.9 0 0
184 198 60 20684.1 0 0
184 209 61 20688.4 0 0
185 207 61 20692.7 0 0
187 209 60 20696.9 0 0
185 209 61 20701.1 0 0
181 209 60 20705.3 0 0
184 203 60 20709.5 0 0
182 205 60 20713.8 0 0
185 202 60 20718.1 0 0
184 206 60 20722.3 0 0
182 202 60 20726.5 0 0
184 207 60 20730.8 0 0
187 205 60 20735 0 0
185 210 60 20739.2 0 0
186 208 60 20743.4 0 0
185 207 60 20747.6 0 0
186 209 60 20751.8 0 0
186 210 59 20756.1 0 0
184 209 60 20760.3 0 0
185 210 59 20764.5 0 0
184 208 59 20768.7 0 0
185 209 60 20772.9 0 0
184 209 59 20777.1 0 0
184 207 59 20781.4 0 0
183 209 59 20785.6 0 0
187 206 59 20789.8 0 0
185 207 59 20794 0 0
184 208 59 20798.2 0 0
186 207 59 20802.4 0 0
184 207 59 20806.6 0 0
185 203 59 20810.8 0 0
190 211 59 20815.1 0 0
197 210 59 20819.3 0 0
206 215 59 20823.5 0 0
206 222 58 20827.7 0 0
202 225 58 20831.9 0 0
198 219 58 20836.1 0 0
195 222 59 20840.5 0 0
196 217 58 20844.7 0 0
200 219 58 20849 0 0
199 217 58 20853.2 0 0
200 219 58 20857.4 0 0
199 221 58 20861.6 0 0
202 222 58 20865.8 0 0
202 220 58 20870 0 0
201 221 58 20874.2 0 0
200 221 58 20878.7 0 0
200 222 59 20883 0 0
202 221 58 20887.2 0 0
200 218 59 20891.4 0 0
202 214 58 20895.6 0 0
199 218 58 20899.8 0 0
199 215 58 20904 0 0
198 219 58 20908.3 0 0
202 218 58 20912.5 0 0
201 219 58 20916.7 0 0
199 214 58 20920.9 0 0
200 221 58 20925.1 0 0
201 218 58 20929.3 0 0
200 220 58 20933.5 0 0
201 220 58 20937.8 0 0
201 224 58 20942 0 0
199 220 58 20946.2 0 0
202 222 58 20950.5 0 0
201 223 58 20954.7 0 0
200 224 58 20958.9 0 0
204 221 59 20963.1 0 0
201 218 58 20967.3 0 0
200 221 58 20972.2 0 0
200 219 58 20976.4 0 0
198 218 58 20980.6 0 0
199 225 59 20984.8 0 0
197 224 58 20989 0 0
204 223 59 20994.3 0 0
201 226 58 20999.1 0 0
200 217 58 21003.4 0 0
201 223 59 21007.6 0 0
196 223 59 21011.9 0 0
201 224 59 21016.1 0 0
