127 117 64 22025.8 0 0
125 115 64 22030.1 0 0
126 116 64 22034.5 0 0
126 115 64 22038.7 0 0
124 117 64 22042.9 0 0
128 112 64 22047.1 0 0
126 113 65 22051.3 0 0
125 113 64 22058.4 0 0
125 112 64 22062.7 0 0
127 110 64 22066.9 0 0
128 113 64 22071.1 0 0
126 111 65 22075.3 0 0
125 110 64 22079.5 0 0
126 111 65 22083.7 0 0
128 114 64 22087.9 0 0
125 115 64 22092.2 0 0
126 116 65 22096.4 0 0
128 118 65 22100.6 0 0
125 117 65 22104.8 0 0
126 114 65 22109 0 0
128 118 65 22113.2 0 0
127 114 64 22117.4 0 0
126 113 65 22121.6 0 0
127 112 65 22125.9 0 0
126 115 65 22130.1 0 0
128 115 65 22134.3 0 0
126 116 65 22138.5 0 0
126 116 65 22142.8 0 0
126 112 65 22147 0 0
126 110 65 22151.2 0 0
128 113 65 22158.4 0 0
128 115 65 22162.6 0 0
124 116 65 22166.8 0 0
128 115 65 22171 0 0
129 117 65 22175.2 0 0
128 114 65 22179.4 0 0
129 116 65 22183.6 0 0
126 117 65 22187.9 0 0
127 115 65 22192.1 0 0
127 116 65 22196.5 0 0
126 117 65 22200.7 0 0
127 117 65 22204.9 0 0
129 112 65 22209.1 0 0
129 114 65 22213.4 0 0
128 109 65 22217.6 0 0
128 114 65 22222.4 0 0
124 111 65 22226.6 0 0
125 115 65 22233.2 0 0
127 114 65 22237.5 0 0
126 114 65 22241.7 0 0
127 113 65 22245.9 0 0
128 113 65 22250.1 0 0
126 112 65 22254.3 0 0
128 114 65 22258.6 0 0
127 112 65 22262.8 0 0
126 111 65 22267 0 0
127 112 65 22271.2 0 0
128 110 65 22275.4 0 0
126 113 65 22279.6 0 0
125 114 65 22283.8 0 0
125 113 65 22288.1 0 0
125 115 65 22292.3 0 0
125 118 65 22296.5 0 0
128 114 65 22300.7 0 0
127 113 65 22304.9 0 0
129 114 65 22309.1 0 0
128 114 65 22313.3 0 0
128 112 65 22317.6 0 0
125 113 65 22321.8 0 0
125 113 64 22326 0 0
129 113 65 22330.2 0 0
126 115 64 22334.4 0 0
123 112 65 22338.6 0 0
127 113 65 22342.8 0 0
128 118 65 22349.7 0 0
126 115 64 22353.9 0 0
127 111 64 22358.1 0 0
127 117 64 22362.3 0 0
127 116 64 22366.5 0 0
126 117 64 22370.8 0 0
128 120 64 22375.2 0 0
129 117 64 22379.4 0 0
126 118 64 22383.6 0 0
127 113 63 22387.8 0 0
127 112 63 22392 0 0
128 114 63 22396.2 0 0
127 112 63 22400.5 0 0
126 116 63 22404.7 0 0
127 114 62 22408.9 0 0
127 113 62 22413.1 0 0
129 116 62 22417.3 0 0
128 114 62 22421.5 0 0
128 113 62 22425.7 0 0
126 113 62 22429.9 0 0
127 118 61 22434.2 0 0
128 130 61 22441.2 0 0
128 152 60 22449.6 0 0
130 173 59 22457.8 0 0
130 174 59 22466.3 0 0
127 166 59 22474.5 0 0
130 166 59 22482.8 0 0
130 178 58 22491.3 0 0
130 178 58 22499.5 0 0
132 179 58 22507.5 0 0
130 179 58 22511.8 0 0
131 178 58 22516.2 0 0
131 179 58 22520.4 0 0
133 181 57 22524.7 0 0
130 178 57 22528.9 0 0
131 179 57 22533.1 0 0
132 179 57 22537.3 0 0
129 172 57 22541.5 0 0
128 172 57 22545.7 0 0
129 173 56 22549.9 0 0
131 174 57 22554.1 0 0
133 172 56 22558.3 0 0
129 176 57 22562.6 0 0
132 172 56 22566.8 0 0
130 174 56 22571 0 0
130 174 56 22575.2 0 0
127 178 56 22579.4 0 0
127 174 56 22583.6 0 0
130 176 56 22587.9 0 0
130 176 56 22592.1 0 0
131 173 56 22596.3 0 0
130 178 56 22600.5 0 0
130 174 55 22604.7 0 0
132 174 55 22608.9 0 0
131 176 55 22613.2 0 0
130 176 55 22617.4 0 0
130 174 55 22621.6 0 0
128 176 55 22628.4 0 0
131 175 55 22632.7 0 0
129 174 55 22636.9 0 0
128 175 55 22641.1 0 0
129 174 55 22645.3 0 0
130 176 55 22649.5 0 0
130 174 55 22653.8 0 0
133 173 55 22658 0 0
130 174 55 22662.2 0 0
129 172 55 22666.4 0 0
127 174 55 22670.6 0 0
132 173 55 22674.8 0 0
131 172 55 22679 0 0
129 173 55 22683.2 0 0
129 171 54 22687.6 0 0
130 175 54 22691.8 0 0
131 174 54 22696 0 0
127 173 54 22700.2 0 0
129 171 54 22704.4 0 0
131 173 54 22708.7 0 0
131 171 55 22712.9 0 0
130 173 55 22717.1 0 0
128 173 54 22721.3 0 0
130 173 54 22725.5 0 0
129 171 54 22729.7 0 0
132 171 55 22733.9 0 0
137 162 54 22741 0 0
145 152 55 22745.2 0 0
157 137 55 22749.5 0 0
158 122 54 22753.7 0 0
165 107 55 22758 0 0
171 99 54 22762.2 0 0
171 85 54 22766.4 0 0
172 74 54 22770.6 0 0
174 67 54 22774.9 0 0
174 60 54 22779.1 0 0
173 50 54 22783.3 0 0
171 38 54 22787.5 0 0
169 33 54 22791.8 0 0
167 30 54 22796 0 0
166 27 54 22800.2 0 0
166 28 54 22804.4 0 0
167 32 54 22808.6 0 0
165 32 54 22813 0 0
167 29 54 22817.2 0 0
165 27 54 22821.4 0 0
168 27 54 22828.4 0 0
166 26 54 22832.6 0 0
165 29 54 22836.8 0 0
166 28 54 22841 0 0
166 28 55 22845.3 0 0
166 25 54 22849.5 0 0
166 28 54 22853.7 0 0
167 25 54 22857.9 0 0
166 25 54 22862.1 0 0
165 27 54 22866.3 0 0
163 24 54 22870.5 0 0
166 25 54 22874.8 0 0
165 26 54 22879 0 0
167 26 54 22883.2 0 0
166 26 54 22887.4 0 0
164 28 54 22891.6 0 0
166 28 54 22895.8 0 0
166 30 54 22900 0 0
165 32 54 22904.2 0 0
165 29 54 22908.5 0 0
165 32 54 22912.7 0 0
167 28 54 22916.9 0 0
165 32 54 22921.1 0 0
165 28 54 22925.5 0 0
165 32 54 22929.7 0 0
165 28 54 22936.6 0 0
166 29 54 22940.8 0 0
166 29 54 22945.1 0 0
167 29 54 22949.4 0 0
166 29 54 22953.6 0 0
167 31 54 22957.8 0 0
166 32 54 22962 0 0
164 29 54 22966.2 0 0
167 30 54 22970.5 0 0
165 27 54 22974.7 0 0
163 29 54 22978.9 0 0
166 28 54 22983.1 0 0
163 28 54 22987.3 0 0
166 31 54 22991.5 0 0
165 30 54 22995.8 0 0
160 32 54 23000 0 0
152 25 55 23004.2 0 0
145 25 56 23008.4 0 0
134 33 56 23012.7 0 0
128 32 56 23016.9 0 0
123 42 56 23021.1 0 0
116 50 55 23025.3 0 0
116 50 55 23032.5 0 0
122 52 55 23038.8 0 0
121 50 55 23043 0 0
121 47 55 23049.2 0 0
117 49 55 23053.4 0 0
118 43 55 23057.6 0 0
118 48 55 23061.8 0 0
118 45 55 23066.1 0 0
120 45 55 23070.4 0 0
118 46 55 23074.6 0 0
119 45 55 23078.8 0 0
118 46 55 23083 0 0
119 46 55 23087.3 0 0
118 49 55 23091.5 0 0
116 47 55 23095.8 0 0
116 47 55 23100 0 0
118 45 55 23104.2 0 0
117 47 55 23108.4 0 0
116 49 55 23112.6 0 0
115 51 55 23116.8 0 0
118 48 55 23121 0 0
112 42 55 23125.2 0 0
105 29 55 23132.1 0 0
97 21 55 23136.4 0 0
94 13 55 23140.6 0 0
87 14 55 23144.9 0 0
84 16 54 23149.1 0 0
81 16 54 23153.3 0 0
84 14 54 23157.5 0 0
81 23 55 23161.8 0 0
84 18 55 23166 0 0
84 21 55 23170.2 0 0
85 15 55 23174.4 0 0
81 19 55 23178.6 0 0
88 14 54 23182.8 0 0
83 16 55 23187 0 0
85 15 55 23191.3 0 0
81 18 55 23195.5 0 0
83 20 54 23199.8 0 0
82 17 55 23204 0 0
82 19 55 23208.2 0 0
83 18 55 23212.4 0 0
84 18 54 23216.6 0 0
83 16 55 23220.8 0 0
82 15 54 23225 0 0
82 17 55 23229.2 0 0
81 16 54 23233.4 0 0
80 21 55 23237.6 0 0
84 17 55 23241.8 0 0
81 18 55 23246.1 0 0
84 14 55 23250.3 0 0
81 15 55 23257.2 0 0
82 14 55 23261.5 0 0
83 14 55 23265.7 0 0
82 18 55 23269.9 0 0
82 17 55 23274.1 0 0
85 14 55 23278.3 0 0
82 17 55 23282.5 0 0
82 18 55 23286.8 0 0
85 14 55 23291 0 0
81 21 55 23295.2 0 0
83 16 55 23299.4 0 0
83 14 55 23303.6 0 0
84 13 55 23307.8 0 0
85 11 55 23312 0 0
81 18 55 23316.4 0 0
86 13 55 23320.7 0 0
81 15 55 23324.9 0 0
84 16 55 23329.1 0 0
84 15 55 23333.3 0 0
82 14 55 23337.5 0 0
84 14 54 23341.7 0 0
83 16 55 23346 0 0
82 16 55 23350.2 0 0
83 12 54 23354.4 0 0
84 14 55 23361.4 0 0
81 16 55 23365.6 0 0
83 15 55 23369.8 0 0
87 14 55 23374 0 0
84 14 55 23378.6 0 0
81 15 55 23382.9 0 0
86 14 55 23387.1 0 0
85 15 55 23391.3 0 0
85 11 55 23395.5 0 0
82 20 54 23399.7 0 0
83 13 54 23403.9 0 0
84 12 54 23408.2 0 0
84 15 55 23412.4 0 0
85 14 54 23416.6 0 0
84 16 55 23420.8 0 0
84 13 54 23425 0 0
87 17 55 23429.2 0 0
103 35 55 23433.4 0 0
108 49 55 23440.3 0 0
113 54 55 23444.6 0 0
117 60 54 23448.8 0 0
121 68 54 23453 0 0
120 77 54 23457.2 0 0
118 81 54 23461.5 0 0
119 79 54 23465.7 0 0
119 80 54 23470.2 0 0
120 79 54 23474.4 0 0
120 79 54 23478.6 0 0
121 80 54 23482.8 0 0
120 78 54 23487.1 0 0
121 81 54 23491.3 0 0
120 78 54 23495.5 0 0
119 81 54 23499.7 0 0
122 78 54 23503.9 0 0
123 82 54 23508.2 0 0
121 80 54 23515.2 0 0
120 81 54 23519.5 0 0
122 78 54 23523.7 0 0
120 81 54 23527.9 0 0
120 80 54 23532.2 0 0
119 80 54 23536.4 0 0
123 81 54 23540.6 0 0
120 80 54 23544.8 0 0
120 80 54 23549 0 0
119 79 54 23553.2 0 0
120 80 54 23557.5 0 0
119 81 54 23561.7 0 0
121 77 54 23566.3 0 0
120 79 54 23570.5 0 0
121 83 54 23574.8 0 0
124 79 54 23582 0 0
122 79 54 23590.2 0 0
122 76 54 23598.5 0 0
120 78 54 23606.9 0 0
120 81 54 23615.2 0 0
121 82 54 23623.4 0 0
121 78 54 23631.7 0 0
121 78 54 23640.1 0 0
122 74 54 23648.2 0 0
118 85 54 23652.4 0 0
123 93 54 23656.7 0 0
125 106 54 23660.9 0 0
124 115 54 23665.1 0 0
125 130 54 23669.3 0 0
126 142 54 23673.5 0 0
125 146 54 23677.7 0 0
126 155 54 23684.2 0 0
126 165 54 23688.7 0 0
124 161 54 23694.3 0 0
126 159 54 23698.5 0 0
128 160 54 23702.8 0 0
127 163 54 23707 0 0
124 162 54 23711.3 0 0
126 163 54 23715.6 0 0
125 162 55 23719.8 0 0
124 162 54 23724.1 0 0
127 161 54 23728.3 0 0
125 161 55 23732.5 0 0
126 163 55 23736.7 0 0
126 161 55 23740.9 0 0
123 162 55 23745.1 0 0
126 159 55 23749.3 0 0
127 163 55 23753.5 0 0
125 160 55 23757.8 0 0
125 164 55 23762 0 0
125 160 55 23766.2 0 0
125 163 55 23770.4 0 0
126 163 55 23777.3 0 0
126 165 55 23781.7 0 0
126 159 55 23786 0 0
129 163 55 23790.2 0 0
126 161 55 23794.4 0 0
129 165 55 23798.6 0 0
128 165 55 23802.8 0 0
126 160 56 23807 0 0
128 163 56 23811.2 0 0
127 165 56 23815.5 0 0
128 162 56 23819.7 0 0
127 161 56 23823.9 0 0
126 164 56 23828.1 0 0
125 162 56 23832.3 0 0
126 162 56 23836.5 0 0
126 166 56 23840.7 0 0
124 161 56 23845 0 0
127 162 56 23849.2 0 0
128 162 56 23853.4 0 0
126 162 56 23857.6 0 0
125 160 56 23861.8 0 0
125 161 56 23866 0 0
127 165 56 23870.2 0 0
128 163 56 23874.4 0 0
123 167 57 23878.7 0 0
128 163 56 23882.9 0 0
127 163 57 23887.1 0 0
127 168 57 23893.9 0 0
126 168 57 23898.2 0 0
125 162 57 23902.4 0 0
129 169 57 23906.8 0 0
126 160 57 23911.1 0 0
125 167 57 23915.3 0 0
128 165 57 23919.5 0 0
130 165 57 23923.7 0 0
128 168 57 23927.9 0 0
127 167 57 23932.1 0 0
128 167 57 23936.3 0 0
130 165 57 23940.6 0 0
126 164 57 23944.8 0 0
127 175 57 23949.2 0 0
135 171 58 23953.4 0 0
142 177 58 23957.6 0 0
156 179 58 23961.8 0 0
165 191 58 23966 0 0
175 202 57 23970.3 0 0
177 201 57 23974.5 0 0
184 203 56 23978.7 0 0
188 208 56 23985.5 0 0
187 203 56 23989.8 0 0
184 206 56 23994 0 0
183 205 56 23998.3 0 0
187 206 56 24002.5 0 0
187 205 56 24006.7 0 0
189 207 56 24011 0 0
192 206 56 24015.2 0 0
189 208 56 24019.4 0 0
188 209 56 24023.6 0 0
190 208 56 24027.9 0 0
188 216 56 24032.1 0 0
189 206 56 24036.4 0 0
186 214 56 24040.6 0 0
191 211 56 24044.8 0 0
188 213 56 24049 0 0
191 211 56 24053.2 0 0
187 212 56 24057.4 0 0
189 213 56 24061.6 0 0
192 214 56 24065.9 0 0
188 212 56 24070.1 0 0
187 214 56 24074.3 0 0
188 214 56 24081.2 0 0
188 214 56 24085.4 0 0
187 214 56 24089.7 0 0
190 213 56 24094 0 0
190 213 56 24098.2 0 0
187 209 56 24102.4 0 0
191 215 56 24106.6 0 0
189 212 56 24110.8 0 0
191 214 56 24115 0 0
189 211 56 24119.3 0 0
188 214 56 24123.5 0 0
191 212 56 24127.9 0 0
192 213 55 24132.1 0 0
191 211 56 24136.3 0 0
190 213 56 24140.5 0 0
188 213 56 24144.7 0 0
191 209 56 24148.9 0 0
186 210 56 24153.2 0 0
189 209 56 24157.5 0 0
190 207 56 24161.7 0 0
188 206 56 24165.9 0 0
189 209 56 24170.1 0 0
189 209 56 24174.3 0 0
189 206 56 24179.4 0 0
191 207 56 24183.6 0 0
191 210 56 24187.9 0 0
194 217 56 24192.1 0 0
198 216 56 24196.3 0 0
198 218 56 24200.6 0 0
199 220 56 24204.8 0 0
197 219 56 24209 0 0
196 214 56 24213.2 0 0
199 216 56 24217.4 0 0
197 218 56 24221.6 0 0
196 215 56 24225.9 0 0
196 216 56 24230.1 0 0
195 217 56 24234.3 0 0
197 215 56 24238.5 0 0
197 215 56 24242.7 0 0
199 215 56 24246.9 0 0
195 216 56 24251.2 0 0
198 213 56 24255.5 0 0
195 200 56 24259.7 0 0
196 189 56 24263.9 0 0
195 167 56 24268.1 0 0
193 149 56 24272.3 0 0
196 138 56 24276.6 0 0
191 123 56 24280.8 0 0
190 120 57 24285 0 0
189 114 57 24289.2 0 0
188 112 57 24293.5 0 0
186 109 57 24297.7 0 0
184 107 56 24301.8 0 0
182 103 57 24306.1 0 0
183 100 57 24310.3 0 0
181 102 57 24314.5 0 0
187 103 57 24318.8 0 0
185 100 57 24323 0 0
185 101 57 24327.2 0 0
185 101 57 24331.4 0 0
184 100 57 24335.6 0 0
185 100 57 24339.8 0 0
186 91 57 24344.1 0 0
181 86 57 24348.4 0 0
181 70 57 24352.6 0 0
177 46 57 24356.8 0 0
180 34 58 24361 0 0
181 28 58 24365.2 0 0
178 16 57 24369.4 0 0
177 11 58 24373.6 0 0
176 5 58 24377.9 0 0
176 8 58 24382.1 0 0
175 4 58 24386.3 0 0
174 5 57 24390.5 0 0
174 4 57 24394.7 0 0
174 6 57 24398.9 0 0
175 3 57 24403.2 0 0
177 5 57 24407.4 0 0
177 2 57 24415.8 0 0
177 1 57 24534.8 0 0
140 14 58 24560 0 0
132 21 58 24564.3 0 0
126 37 58 24568.5 0 0
118 45 58 24572.8 0 0
113 62 57 24577 0 0
117 65 57 24581.2 0 0
118 69 57 24585.4 0 0
118 70 58 24589.6 0 0
122 66 57 24593.8 0 0
120 66 57 24598.1 0 0
118 67 57 24602.3 0 0
117 67 57 24606.5 0 0
119 68 57 24610.7 0 0
117 70 57 24614.9 0 0
119 69 57 24619.1 0 0
116 70 57 24623.3 0 0
116 68 57 24627.6 0 0
117 70 57 24631.8 0 0
118 69 57 24636 0 0
117 68 57 24640.2 0 0
117 66 57 24644.5 0 0
116 67 57 24648.7 0 0
119 67 57 24653.1 0 0
116 65 57 24657.4 0 0
115 69 57 24661.6 0 0
115 68 57 24665.8 0 0
116 64 57 24670.1 0 0
117 71 56 24674.3 0 0
117 67 57 24678.5 0 0
117 68 57 24682.7 0 0
118 72 57 24686.9 0 0
116 69 57 24692 0 0
116 68 56 24696.2 0 0
117 71 57 24700.4 0 0
120 72 57 24704.6 0 0
135 81 58 24708.8 0 0
149 89 58 24713 0 0
158 104 58 24717.2 0 0
173 113 58 24721.5 0 0
182 124 56 24725.7 0 0
192 137 55 24729.9 0 0
203 146 55 24734.1 0 0
208 161 54 24738.3 0 0
219 166 54 24742.5 0 0
222 174 54 24746.7 0 0
226 178 54 24751 0 0
227 180 54 24755.2 0 0
227 181 54 24759.5 0 0
224 179 54 24763.7 0 0
224 181 54 24767.9 0 0
227 184 54 24772.1 0 0
222 183 54 24776.4 0 0
225 183 54 24780.6 0 0
229 186 54 24784.9 0 0
225 186 54 24789.1 0 0
227 185 54 24793.3 0 0
224 184 54 24797.5 0 0
230 193 54 24801.7 0 0
227 182 54 24805.9 0 0
225 183 54 24810.1 0 0
228 186 54 24814.4 0 0
226 186 54 24818.6 0 0
226 186 54 24822.8 0 0
224 187 54 24827 0 0
229 187 54 24831.2 0 0
226 186 54 24835.4 0 0
226 187 54 24839.7 0 0
229 190 54 24843.9 0 0
227 188 54 24848.1 0 0
226 189 54 24852.3 0 0
226 189 54 24856.5 0 0
226 192 54 24860.7 0 0
228 190 54 24864.9 0 0
227 189 54 24869.2 0 0
229 190 54 24873.4 0 0
227 191 54 24877.6 0 0
229 191 54 24881.8 0 0
226 188 54 24886 0 0
227 190 54 24890.2 0 0
227 187 54 24894.5 0 0
229 185 54 24898.7 0 0
226 187 54 24902.9 0 0
227 185 54 24909.9 0 0
228 186 55 24914.1 0 0
226 186 54 24918.3 0 0
226 185 54 24922.5 0 0
225 185 54 24926.7 0 0
227 184 54 24930.9 0 0
227 187 54 24935.1 0 0
229 183 54 24939.4 0 0
227 184 54 24943.6 0 0
227 186 54 24947.8 0 0
227 186 54 24952 0 0
226 184 54 24956.2 0 0
227 186 55 24960.4 0 0
225 184 54 24964.6 0 0
227 185 54 24968.9 0 0
227 194 54 24973.1 0 0
227 186 54 24977.3 0 0
226 193 55 24981.5 0 0
226 187 54 24985.8 0 0
221 177 55 24990 0 0
212 160 55 24994.2 0 0
201 147 56 24998.4 0 0
201 147 56 25002.7 0 0
185 118 57 25007.5 0 0
176 109 58 25011.8 0 0
167 96 58 25016 0 0
159 85 57 25020.2 0 0
148 83 58 25024.4 0 0
142 75 58 25028.6 0 0
135 73 58 25032.9 0 0
133 71 57 25037.1 0 0
132 71 58 25041.3 0 0
132 69 58 25045.5 0 0
130 67 58 25049.7 0 0
129 62 58 25053.9 0 0
127 64 58 25058.1 0 0
130 54 58 25062.4 0 0
126 60 58 25066.7 0 0
127 64 58 25070.9 0 0
127 62 58 25075.1 0 0
127 63 58 25079.3 0 0
127 62 58 25083.5 0 0
130 62 58 25087.8 0 0
128 60 58 25092 0 0
126 59 58 25096.2 0 0
124 56 58 25100.4 0 0
124 59 58 25104.6 0 0
126 53 58 25108.8 0 0
126 56 58 25113 0 0
124 52 58 25117.3 0 0
124 56 58 25121.5 0 0
127 55 58 25125.8 0 0
125 56 58 25130 0 0
125 55 58 25134.2 0 0
124 52 58 25138.5 0 0
124 57 58 25142.7 0 0
126 57 58 25146.8 0 0
127 53 58 25151.1 0 0
124 59 58 25155.3 0 0
125 55 58 25159.9 0 0
124 54 58 25164.1 0 0
122 53 58 25168.3 0 0
124 53 58 25172.5 0 0
126 53 58 25176.7 0 0
129 54 58 25180.9 0 0
122 55 58 25185.1 0 0
123 53 58 25189.3 0 0
128 52 58 25193.6 0 0
124 51 58 25197.8 0 0
127 54 58 25202 0 0
125 55 58 25206.2 0 0
125 57 58 25210.4 0 0
124 58 58 25214.6 0 0
127 54 58 25218.9 0 0
127 56 58 25223.1 0 0
127 58 58 25227.3 0 0
126 54 57 25231.5 0 0
126 57 58 25235.7 0 0
126 58 58 25239.9 0 0
127 57 58 25244.1 0 0
124 57 58 25248.4 0 0
125 53 57 25255.3 0 0
127 56 57 25259.6 0 0
129 53 58 25263.8 0 0
127 55 57 25268 0 0
127 49 57 25272.2 0 0
124 54 57 25276.4 0 0
126 56 57 25280.7 0 0
127 51 57 25284.9 0 0
126 52 57 25289.1 0 0
126 54 57 25293.3 0 0
126 59 58 25297.5 0 0
125 58 57 25301.7 0 0
126 55 57 25305.9 0 0
127 57 57 25310.1 0 0
127 53 57 25314.4 0 0
127 58 57 25318.6 0 0
127 56 57 25322.8 0 0
126 51 57 25327 0 0
126 51 57 25331.2 0 0
126 57 57 25335.4 0 0
124 53 57 25339.6 0 0
127 50 57 25343.9 0 0
127 52 57 25348.1 0 0
126 49 57 25352.3 0 0
128 52 57 25356.5 0 0
126 54 57 25360.7 0 0
126 51 57 25364.9 0 0
128 52 57 25371.9 0 0
127 56 57 25380.2 0 0
128 54 57 25388.6 0 0
128 55 57 25396.9 0 0
127 53 57 25405.1 0 0
126 54 57 25413.6 0 0
126 54 57 25421.9 0 0
127 52 57 25429.4 0 0
127 51 57 25433.7 0 0
125 50 57 25438.6 0 0
128 51 57 25442.8 0 0
127 49 57 25447.1 0 0
126 55 57 25451.3 0 0
124 53 57 25455.5 0 0
127 55 57 25459.7 0 0
126 53 58 25463.9 0 0
128 57 57 25468.1 0 0
127 55 57 25472.4 0 0
125 55 57 25476.6 0 0
126 54 57 25480.8 0 0
126 49 57 25485.1 0 0
126 53 57 25489.3 0 0
129 49 57 25493.5 0 0
129 54 57 25497.7 0 0
128 49 57 25502.2 0 0
128 48 57 25506.4 0 0
127 54 57 25513.5 0 0
128 51 57 25517.7 0 0
127 52 57 25521.9 0 0
127 51 57 25526.1 0 0
126 57 57 25530.4 0 0
127 57 57 25534.9 0 0
130 50 57 25539.2 0 0
129 53 57 25543.4 0 0
128 52 57 25547.6 0 0
129 53 57 25551.8 0 0
129 53 57 25556 0 0
127 58 57 25560.2 0 0
128 54 57 25564.4 0 0
129 49 57 25568.6 0 0
129 51 57 25572.9 0 0
130 51 57 25577.1 0 0
130 51 57 25581.3 0 0
126 51 57 25585.7 0 0
130 51 57 25589.9 0 0
129 50 57 25596.7 0 0
125 48 57 25601 0 0
130 51 57 25605.2 0 0
128 52 57 25609.4 0 0
131 46 57 25613.6 0 0
129 50 57 25617.8 0 0
131 46 57 25622 0 0
129 51 57 25626.3 0 0
130 52 57 25630.5 0 0
131 56 57 25634.7 0 0
130 66 57 25638.9 0 0
135 78 57 25643.1 0 0
141 100 57 25647.3 0 0
150 117 57 25651.6 0 0
156 139 57 25655.9 0 0
163 158 56 25660.1 0 0
170 172 56 25664.4 0 0
178 191 56 25668.6 0 0
182 205 55 25672.8 0 0
187 211 55 25677 0 0
194 226 55 25681.2 0 0
194 226 55 25688.1 0 0
193 223 55 25695.1 0 0
195 227 55 25699.3 0 0
193 228 55 25704.8 0 0
195 228 55 25709.1 0 0
197 230 55 25713.3 0 0
198 228 55 25717.5 0 0
196 230 55 25722.1 0 0
196 230 55 25726.3 0 0
197 228 55 25730.5 0 0
197 231 55 25734.8 0 0
196 230 55 25739 0 0
196 232 55 25743.2 0 0
196 225 55 25747.4 0 0
196 226 55 25751.6 0 0
194 229 55 25755.8 0 0
193 228 55 25760.1 0 0
193 228 55 25764.3 0 0
195 227 55 25768.6 0 0
193 228 55 25772.8 0 0
195 228 55 25777 0 0
195 228 55 25781.2 0 0
191 229 55 25788.8 0 0
194 228 55 25793 0 0
196 230 55 25797.2 0 0
194 227 55 25801.4 0 0
195 229 55 25805.6 0 0
196 230 55 25809.8 0 0
195 229 55 25814.1 0 0
197 229 55 25818.3 0 0
195 228 55 25822.5 0 0
199 229 55 25826.8 0 0
194 230 55 25831 0 0
196 229 55 25835.2 0 0
199 230 55 25839.4 0 0
196 230 55 25843.6 0 0
195 232 55 25850.7 0 0
198 230 55 25854.9 0 0
196 230 55 25859.1 0 0
192 231 55 25863.3 0 0
197 231 55 25867.6 0 0
196 229 55 25871.8 0 0
195 230 55 25876.2 0 0
197 232 55 25880.4 0 0
200 232 55 25884.6 0 0
198 231 55 25888.8 0 0
194 231 55 25893 0 0
197 232 55 25897.2 0 0
195 227 55 25901.5 0 0
199 229 55 25905.7 0 0
191 227 55 25910 0 0
182 222 56 25914.2 0 0
171 223 57 25918.4 0 0
153 216 57 25922.6 0 0
132 220 58 25926.8 0 0
120 214 58 25933.9 0 0
110 211 57 25938.1 0 0
97 214 57 25942.3 0 0
87 211 57 25946.6 0 0
82 211 57 25950.8 0 0
80 205 57 25955 0 0
78 207 57 25959.2 0 0
77 204 57 25963.4 0 0
77 206 57 25967.6 0 0
79 206 57 25972.4 0 0
78 207 57 25976.6 0 0
74 210 57 25980.8 0 0
74 208 57 25985 0 0
76 207 57 25989.2 0 0
76 208 56 25996.3 0 0
75 208 56 26000.6 0 0
75 206 57 26004.8 0 0
74 208 56 26009 0 0
76 207 57 26013.2 0 0
78 205 56 26017.4 0 0
78 209 56 26021.6 0 0
75 207 56 26025.8 0 0
76 205 56 26030.1 0 0
74 206 56 26034.3 0 0
75 208 56 26038.5 0 0
75 205 56 26042.7 0 0
75 208 56 26046.9 0 0
77 206 56 26051.1 0 0
75 203 56 26055.3 0 0
75 211 56 26059.5 0 0
75 205 56 26063.8 0 0
76 207 56 26068 0 0
77 209 56 26072.2 0 0
74 201 56 26076.4 0 0
77 202 56 26080.6 0 0
76 203 56 26084.8 0 0
76 201 56 26089.1 0 0
75 201 56 26093.4 0 0
76 205 56 26100.4 0 0
75 202 56 26104.7 0 0
77 211 56 26108.8 0 0
76 209 56 26113 0 0
76 210 56 26117.3 0 0
76 212 56 26121.5 0 0
75 209 56 26125.7 0 0
74 209 56 26130 0 0
72 210 56 26134.2 0 0
75 209 55 26138.4 0 0
77 212 55 26142.6 0 0
75 211 56 26146.8 0 0
77 212 56 26151 0 0
71 208 56 26155.3 0 0
77 211 56 26159.8 0 0
74 210 56 26164 0 0
73 210 56 26168.2 0 0
73 210 56 26175.1 0 0
72 209 56 26179.4 0 0
73 203 56 26183.6 0 0
74 204 56 26187.9 0 0
71 203 56 26192.1 0 0
76 210 56 26196.6 0 0
73 203 56 26200.8 0 0
76 214 56 26205 0 0
75 210 56 26209.2 0 0
77 212 56 26213.5 0 0
74 211 56 26217.7 0 0
75 211 56 26222.3 0 0
74 209 56 26226.5 0 0
71 211 56 26230.8 0 0
75 210 56 26237.6 0 0
72 212 56 26241.8 0 0
76 205 56 26246.1 0 0
74 209 56 26250.3 0 0
76 210 56 26254.5 0 0
75 213 56 26258.8 0 0
74 210 56 26263 0 0
76 208 56 26267.2 0 0
72 210 56 26271.4 0 0
71 209 56 26275.6 0 0
75 206 56 26279.8 0 0
72 212 56 26284 0 0
76 209 56 26288.2 0 0
75 210 56 26292.5 0 0
73 212 56 26296.7 0 0
75 210 56 26300.9 0 0
73 214 56 26305.1 0 0
76 210 56 26309.3 0 0
76 212 56 26313.6 0 0
72 211 56 26317.8 0 0
74 210 56 26322 0 0
76 214 56 26326.2 0 0
73 210 56 26330.4 0 0
76 207 56 26334.6 0 0
77 210 56 26338.8 0 0
75 212 56 26343.1 0 0
68 208 56 26347.3 0 0
63 198 56 26354.2 0 0
58 199 56 26358.4 0 0
50 193 56 26362.6 0 0
44 191 56 26366.8 0 0
40 188 56 26371 0 0
37 183 55 26375.3 0 0
36 180 55 26379.5 0 0
39 182 56 26383.7 0 0
38 181 55 26387.9 0 0
40 184 55 26392.1 0 0
41 187 55 26396.3 0 0
38 184 55 26400.5 0 0
36 179 56 26404.8 0 0
40 181 55 26409.1 0 0
36 180 56 26413.3 0 0
37 181 56 26417.5 0 0
39 179 56 26421.7 0 0
39 182 55 26425.9 0 0
37 177 56 26430.1 0 0
37 181 55 26434.4 0 0
38 180 55 26438.6 0 0
38 180 55 26442.8 0 0
37 180 55 26447 0 0
41 179 56 26451.2 0 0
41 179 56 26455.4 0 0
39 180 56 26460.7 0 0
38 179 56 26464.9 0 0
38 181 56 26470.8 0 0
38 179 56 26475.1 0 0
37 178 56 26479.3 0 0
38 181 56 26483.5 0 0
39 181 56 26487.7 0 0
41 183 56 26491.9 0 0
38 183 56 26496.2 0 0
38 182 56 26500.4 0 0
38 185 56 26504.6 0 0
39 183 56 26508.8 0 0
40 181 56 26513 0 0
38 185 56 26517.2 0 0
39 186 56 26521.4 0 0
39 187 56 26525.7 0 0
36 185 56 26530 0 0
36 184 56 26534.3 0 0
40 185 56 26538.5 0 0
40 183 56 26542.8 0 0
39 183 56 26547 0 0
35 182 56 26551.2 0 0
38 183 56 26558.2 0 0
35 178 56 26562.5 0 0
39 183 56 26566.7 0 0
47 184 57 26571 0 0
51 189 57 26575.2 0 0
61 192 58 26579.3 0 0
71 196 58 26583.5 0 0
85 196 58 26587.8 0 0
94 204 58 26592 0 0
101 199 58 26596.2 0 0
110 202 58 26600.5 0 0
119 207 58 26604.7 0 0
131 211 58 26608.9 0 0
139 209 58 26613.1 0 0
150 209 57 26617.3 0 0
158 212 57 26621.5 0 0
164 211 57 26625.7 0 0
169 211 57 26630 0 0
170 215 57 26634.2 0 0
169 214 57 26638.4 0 0
170 216 57 26642.6 0 0
167 215 57 26646.8 0 0
166 216 57 26651 0 0
167 215 57 26655.2 0 0
167 215 57 26659.5 0 0
168 217 57 26663.9 0 0
171 218 57 26668.1 0 0
171 218 57 26672.3 0 0
168 219 57 26676.5 0 0
168 215 57 26680.7 0 0
170 212 57 26685 0 0
173 219 58 26689.4 0 0
173 214 57 26693.6 0 0
170 215 57 26697.8 0 0
170 213 57 26702.1 0 0
172 213 57 26706.3 0 0
169 212 57 26710.5 0 0
168 214 58 26714.7 0 0
172 214 57 26719 0 0
171 213 58 26723.2 0 0
171 214 58 26727.4 0 0
169 214 57 26731.6 0 0
171 212 58 26735.8 0 0
172 217 58 26740 0 0
179 218 58 26744.3 0 0
191 221 58 26748.5 0 0
199 219 57 26752.8 0 0
206 223 57 26757 0 0
204 222 57 26761.2 0 0
198 220 57 26765.4 0 0
200 220 57 26769.6 0 0
200 221 57 26773.8 0 0
201 223 57 26778 0 0
200 221 57 26782.3 0 0
201 221 57 26786.5 0 0
201 220 57 26790.7 0 0
201 222 57 26795 0 0
203 224 57 26799.2 0 0
203 223 57 26803.3 0 0
204 219 57 26807.6 0 0
203 225 57 26811.8 0 0
204 223 57 26816 0 0
202 220 57 26820.3 0 0
201 224 57 26824.5 0 0
200 221 57 26828.7 0 0
201 222 57 26832.9 0 0
202 221 57 26837.1 0 0
200 223 57 26841.3 0 0
202 220 57 26845.6 0 0
201 223 57 26849.8 0 0
202 220 57 26854 0 0
204 225 57 26858.2 0 0
206 221 57 26862.4 0 0
203 222 57 26866.6 0 0
204 223 57 26870.8 0 0
202 222 57 26875 0 0
199 223 57 26879.3 0 0
204 221 57 26883.5 0 0
202 222 57 26887.8 0 0
202 224 57 26892 0 0
202 220 57 26896.2 0 0
203 226 57 26900.4 0 0
202 221 57 26904.7 0 0
205 220 57 26908.9 0 0
204 224 57 26913.1 0 0
206 219 57 26917.3 0 0
202 224 57 26921.5 0 0
204 220 57 26925.7 0 0
205 226 57 26929.9 0 0
202 221 57 26934.2 0 0
203 220 57 26938.4 0 0
204 226 57 26942.7 0 0
204 219 57 26946.9 0 0
201 226 57 26951.1 0 0
203 225 57 26955.3 0 0
202 220 57 26959.5 0 0
206 222 57 26963.8 0 0
201 222 57 26968 0 0
206 225 57 26972.3 0 0
202 224 57 26976.5 0 0
202 226 57 26980.7 0 0
201 223 57 26984.9 0 0
201 227 57 26989.1 0 0
206 226 57 26993.3 0 0
203 221 57 26997.5 0 0
203 227 57 27001.8 0 0
201 227 57 27006 0 0
200 229 57 27010.2 0 0
204 225 57 27014.4 0 0
202 226 57 27018.7 0 0
202 220 57 27022.8 0 0
203 225 57 27027.1 0 0
201 220 57 27031.3 0 0
208 225 57 27035.5 0 0
201 216 57 27039.8 0 0
204 225 57 27044 0 0
200 218 57 27048.2 0 0
200 219 57 27052.3 0 0
203 218 57 27056.6 0 0
202 218 57 27060.8 0 0
202 225 57 27065 0 0
203 223 57 27069.2 0 0
205 222 57 27073.5 0 0
204 225 57 27077.7 0 0
202 224 57 27081.9 0 0
203 222 57 27086.1 0 0
203 220 57 27090.3 0 0
203 220 57 27094.5 0 0
205 220 56 27098.8 0 0
202 221 57 27103 0 0
205 223 57 27107.2 0 0
200 219 57 27111.4 0 0
203 222 57 27115.6 0 0
204 224 57 27119.8 0 0
201 216 57 27124 0 0
203 216 57 27128.2 0 0
204 220 57 27132.4 0 0
201 218 57 27136.6 0 0
203 218 57 27140.8 0 0
202 215 57 27145 0 0
203 219 57 27149.4 0 0
202 220 57 27153.7 0 0
203 218 57 27158 0 0
204 216 57 27162.2 0 0
199 218 57 27166.4 0 0
203 224 57 27170.6 0 0
204 222 57 27174.8 0 0
203 224 57 27179 0 0
201 223 57 27183.2 0 0
203 221 57 27187.5 0 0
204 222 57 27191.7 0 0
204 220 57 27196 0 0
201 223 56 27200.2 0 0
204 223 57 27204.4 0 0
204 219 56 27208.6 0 0
205 222 57 27212.8 0 0
202 220 56 27217.1 0 0
202 219 57 27221.4 0 0
203 220 56 27225.6 0 0
203 218 57 27229.8 0 0
202 221 57 27234 0 0
202 224 57 27238.2 0 0
203 220 57 27242.4 0 0
205 223 57 27246.6 0 0
203 224 57 27250.9 0 0
206 222 57 27255.1 0 0
203 221 57 27259.4 0 0
201 218 57 27263.6 0 0
201 214 56 27267.8 0 0
200 218 57 27272 0 0
201 213 57 27276.2 0 0
201 216 57 27280.8 0 0
201 215 57 27285.1 0 0
202 213 57 27289.3 0 0
201 220 57 27293.5 0 0
203 217 57 27297.7 0 0
202 219 57 27301.9 0 0
199 219 57 27306.1 0 0
200 215 57 27310.3 0 0
201 220 56 27314.6 0 0
203 217 57 27318.8 0 0
200 219 57 27323 0 0
202 219 57 27327.2 0 0
205 220 57 27331.4 0 0
204 220 57 27335.6 0 0
200 219 57 27339.8 0 0
202 220 57 27344.1 0 0
202 220 57 27348.3 0 0
202 220 57 27352.5 0 0
200 219 57 27356.7 0 0
201 211 57 27360.9 0 0
205 205 57 27365.1 0 0
212 192 57 27369.3 0 0
217 174 57 27373.5 0 0
217 152 57 27377.8 0 0
218 142 57 27382 0 0
221 126 56 27386.2 0 0
222 112 57 27390.4 0 0
223 88 56 27394.6 0 0
223 82 56 27398.8 0 0
223 73 56 27403.1 0 0
222 64 56 27407.3 0 0
223 60 56 27411.6 0 0
222 58 57 27415.8 0 0
220 54 57 27420 0 0
223 57 57 27424.2 0 0
221 61 57 27428.4 0 0
223 61 57 27432.6 0 0
221 63 57 27436.8 0 0
219 55 57 27441.1 0 0
223 51 57 27445.3 0 0
220 52 57 27449.5 0 0
221 56 57 27453.7 0 0
222 57 57 27458 0 0
222 57 57 27462.2 0 0
222 55 57 27466.6 0 0
221 54 57 27470.8 0 0
222 60 57 27475 0 0
223 52 57 27479.2 0 0
222 57 57 27483.5 0 0
221 55 57 27487.7 0 0
221 54 57 27491.9 0 0
221 56 57 27496.1 0 0
222 58 57 27500.3 0 0
222 55 57 27504.5 0 0
223 55 57 27508.8 0 0
223 56 57 27513 0 0
222 55 57 27517.2 0 0
222 56 57 27521.5 0 0
221 54 57 27525.7 0 0
222 53 57 27529.9 0 0
224 58 57 27534.2 0 0
223 56 57 27538.4 0 0
223 53 57 27542.6 0 0
225 51 57 27546.8 0 0
229 49 57 27551 0 0
235 51 57 27555.2 0 0
234 52 56 27559.4 0 0
232 50 57 27563.7 0 0
232 50 57 27567.9 0 0
229 56 57 27572.1 0 0
230 55 57 27576.3 0 0
229 55 56 27580.5 0 0
230 52 57 27584.8 0 0
231 53 56 27589 0 0
227 51 56 27593.2 0 0
231 53 57 27597.4 0 0
229 54 56 27601.7 0 0
231 56 56 27605.8 0 0
232 54 56 27610 0 0
229 51 56 27614.2 0 0
230 54 56 27618.5 0 0
231 52 56 27622.8 0 0
230 48 57 27627.1 0 0
228 51 57 27631.3 0 0
228 47 56 27635.5 0 0
231 50 56 27639.8 0 0
228 48 56 27644 0 0
230 48 56 27648.2 0 0
229 48 56 27652.4 0 0
229 50 56 27656.6 0 0
231 53 56 27660.8 0 0
232 50 56 27665 0 0
230 53 56 27669.3 0 0
233 51 56 27673.5 0 0
231 51 56 27677.7 0 0
231 50 56 27681.9 0 0
229 49 56 27686.1 0 0
230 46 56 27690.5 0 0
229 50 56 27694.7 0 0
229 45 56 27698.9 0 0
232 50 56 27703.1 0 0
224 44 57 27707.3 0 0
218 34 57 27711.6 0 0
207 21 58 27715.8 0 0
197 8 58 27720 0 0
69 2 59 27973.2 0 0
72 3 59 27981.6 0 0
68 2 58 27990 0 0
71 2 58 27994.3 0 0
70 1 58 27998.5 0 0
71 4 58 28006.9 0 0
70 1 58 28032.3 0 0
70 1 58 28036.5 0 0
70 1 58 28040.7 0 0
71 6 58 28044.9 0 0
69 4 58 28053.3 0 0
69 1 58 28057.5 0 0
68 1 58 28066 0 0
68 3 58 28070.2 0 0
68 2 58 28074.4 0 0
70 1 58 28087 0 0
68 1 58 28091.3 0 0
57 8 58 28095.5 0 0
47 21 58 28099.7 0 0
35 32 58 28103.9 0 0
27 41 57 28108.1 0 0
20 48 56 28112.3 0 0
17 56 56 28116.5 0 0
22 61 56 28120.7 0 0
23 57 56 28125 0 0
25 58 56 28129.2 0 0
20 53 56 28133.4 0 0
22 54 56 28140.2 0 0
18 58 56 28144.4 0 0
18 57 56 28148.7 0 0
24 56 56 28152.9 0 0
21 59 56 28157.1 0 0
21 53 56 28161.3 0 0
21 58 56 28165.6 0 0
18 57 56 28169.8 0 0
18 58 56 28174 0 0
22 56 56 28178.2 0 0
17 56 56 28182.4 0 0
17 61 56 28186.6 0 0
18 60 56 28190.8 0 0
22 56 56 28195 0 0
20 59 56 28199.2 0 0
22 57 56 28203.5 0 0
20 57 56 28207.6 0 0
22 57 56 28211.9 0 0
21 59 56 28216.1 0 0
21 57 56 28220.3 0 0
22 55 56 28224.5 0 0
17 61 56 28228.7 0 0
20 59 56 28233 0 0
20 56 56 28237.2 0 0
19 57 56 28241.4 0 0
21 58 56 28245.6 0 0
18 58 56 28249.8 0 0
20 55 56 28254 0 0
20 61 56 28258.2 0 0
20 59 56 28265.3 0 0
19 61 56 28269.5 0 0
23 57 56 28273.8 0 0
19 60 56 28278.1 0 0
21 59 56 28282.4 0 0
20 61 56 28286.6 0 0
21 59 56 28290.8 0 0
17 61 56 28295 0 0
20 59 56 28299.2 0 0
23 59 56 28303.4 0 0
17 61 56 28307.6 0 0
20 59 56 28311.8 0 0
21 55 56 28316.2 0 0
17 60 56 28320.6 0 0
19 60 56 28324.8 0 0
21 59 56 28331.7 0 0
18 61 56 28336 0 0
23 57 56 28340.2 0 0
20 58 56 28344.5 0 0
22 59 56 28348.8 0 0
22 57 56 28353 0 0
22 58 56 28357.2 0 0
19 62 56 28361.4 0 0
20 64 56 28365.6 0 0
18 62 56 28369.8 0 0
22 59 56 28374 0 0
18 61 56 28378.2 0 0
20 57 56 28382.4 0 0
19 59 56 28386.6 0 0
20 61 56 28390.8 0 0
22 57 56 28395 0 0
21 58 56 28399.2 0 0
21 61 56 28403.5 0 0
20 59 56 28407.7 0 0
17 57 56 28411.9 0 0
22 59 56 28416.1 0 0
21 58 56 28420.3 0 0
20 58 56 28424.5 0 0
20 59 56 28428.7 0 0
22 57 56 28435.9 0 0
20 59 56 28444.1 0 0
20 59 56 28452.4 0 0
19 58 56 28460.9 0 0
21 59 56 28465.1 0 0
23 59 56 28469.4 0 0
22 56 56 28473.6 0 0
23 60 56 28477.8 0 0
19 60 56 28482.1 0 0
23 58 55 28486.3 0 0
17 59 56 28490.5 0 0
22 59 56 28494.7 0 0
20 58 55 28498.9 0 0
21 59 56 28503.2 0 0
17 61 56 28507.4 0 0
22 59 55 28511.6 0 0
22 57 56 28515.8 0 0
17 59 56 28520 0 0
21 58 55 28524.2 0 0
19 58 56 28528.4 0 0
22 57 55 28532.7 0 0
16 60 55 28536.9 0 0
19 58 56 28541.1 0 0
21 60 55 28545.3 0 0
19 60 55 28552.3 0 0
20 56 56 28560.7 0 0
20 58 55 28569 0 0
20 58 55 28577.2 0 0
21 59 55 28586 0 0
21 59 55 28594 0 0
21 59 55 28601.4 0 0
19 59 55 28605.6 0 0
20 59 55 28610.7 0 0
20 58 55 28614.9 0 0
19 58 55 28619.1 0 0
22 59 55 28623.3 0 0
22 59 55 28627.6 0 0
25 56 56 28631.8 0 0
32 52 57 28636 0 0
46 54 57 28640.2 0 0
60 51 58 28644.4 0 0
72 48 58 28648.6 0 0
81 56 58 28652.8 0 0
88 59 57 28657.1 0 0
94 65 57 28661.3 0 0
96 71 57 28665.5 0 0
91 74 57 28669.7 0 0
94 75 57 28673.9 0 0
92 72 57 28678.1 0 0
93 72 57 28682.3 0 0
95 73 57 28686.6 0 0
92 73 57 28690.8 0 0
96 72 57 28695 0 0
97 72 57 28699.2 0 0
97 72 57 28706.1 0 0
94 74 57 28710.7 0 0
94 70 57 28715 0 0
96 73 57 28719.3 0 0
96 73 57 28723.5 0 0
93 72 57 28727.7 0 0
97 67 57 28731.9 0 0
97 72 57 28736.1 0 0
95 71 57 28740.3 0 0
98 73 57 28744.5 0 0
96 73 57 28748.8 0 0
96 73 57 28753 0 0
98 70 57 28757.2 0 0
96 73 57 28761.5 0 0
97 73 58 28765.7 0 0
97 71 57 28769.9 0 0
98 74 58 28774.1 0 0
98 72 57 28778.3 0 0
97 72 58 28782.5 0 0
96 74 58 28786.8 0 0
96 71 58 28791 0 0
96 73 58 28798 0 0
99 75 58 28802.2 0 0
97 70 58 28806.4 0 0
96 72 58 28810.6 0 0
96 72 58 28814.9 0 0
98 71 58 28819.1 0 0
98 72 58 28823.3 0 0
96 72 58 28827.5 0 0
95 73 58 28831.7 0 0
95 71 58 28836 0 0
96 71 58 28840.2 0 0
93 70 58 28844.4 0 0
98 70 58 28848.7 0 0
93 75 58 28852.9 0 0
100 75 59 28857.1 0 0
107 69 59 28861.3 0 0
114 64 59 28865.5 0 0
118 64 59 28869.7 0 0
123 61 59 28873.9 0 0
123 64 58 28878.2 0 0
124 66 58 28882.4 0 0
121 67 59 28886.6 0 0
120 65 59 28890.8 0 0
121 67 59 28897.7 0 0
121 66 59 28901.9 0 0
123 64 59 28906.2 0 0
120 65 59 28910.5 0 0
121 67 59 28914.7 0 0
121 67 59 28918.9 0 0
121 64 59 28923.1 0 0
122 67 59 28927.3 0 0
122 64 59 28931.5 0 0
122 64 59 28935.7 0 0
122 70 59 28940 0 0
122 63 59 28944.2 0 0
122 65 59 28948.4 0 0
121 67 59 28952.6 0 0
122 62 59 28956.8 0 0
122 66 59 28961 0 0
124 62 59 28965.2 0 0
119 57 59 28969.5 0 0
112 43 60 28973.8 0 0
113 27 60 28978 0 0
106 8 60 28982.2 0 0
94 1 60 28986.4 0 0
86 1 60 28994.8 0 0
86 7 60 28999 0 0
82 9 60 29003.3 0 0
85 9 60 29007.5 0 0
86 6 60 29011.7 0 0
84 9 60 29018.5 0 0
83 2 60 29027 0 0
87 2 60 29031.5 0 0
84 4 60 29035.7 0 0
83 5 60 29040 0 0
83 8 60 29044.2 0 0
83 6 60 29048.4 0 0
86 8 60 29052.6 0 0
82 6 60 29056.8 0 0
83 10 60 29061 0 0
81 9 60 29065.2 0 0
82 7 60 29069.5 0 0
79 8 60 29073.7 0 0
82 10 60 29077.9 0 0
83 7 60 29082.1 0 0
82 8 60 29086.3 0 0
82 4 60 29090.5 0 0
82 7 60 29094.8 0 0
80 7 60 29099 0 0
83 6 60 29103.2 0 0
83 7 60 29107.4 0 0
83 7 60 29111.6 0 0
80 7 60 29117 0 0
83 8 60 29121.2 0 0
83 7 60 29125.4 0 0
84 3 60 29129.7 0 0
81 8 60 29133.9 0 0
84 5 60 29138.1 0 0
85 5 60 29142.3 0 0
83 5 60 29146.5 0 0
81 7 60 29150.8 0 0
80 5 60 29155 0 0
83 7 60 29159.3 0 0
83 5 60 29163.5 0 0
81 7 60 29167.7 0 0
76 20 60 29171.9 0 0
65 41 60 29176.1 0 0
55 68 60 29180.3 0 0
52 92 59 29184.5 0 0
52 102 59 29188.8 0 0
51 118 58 29193 0 0
47 132 58 29197.2 0 0
40 150 58 29201.4 0 0
43 157 58 29205.6 0 0
38 161 58 29209.9 0 0
39 168 58 29214.1 0 0
37 165 58 29218.4 0 0
38 163 58 29222.6 0 0
38 165 58 29226.8 0 0
37 167 58 29231 0 0
36 167 58 29235.3 0 0
37 169 58 29239.5 0 0
37 173 58 29243.7 0 0
38 168 58 29247.9 0 0
40 171 58 29252.1 0 0
35 168 58 29256.3 0 0
40 168 58 29260.7 0 0
38 168 58 29264.9 0 0
38 164 58 29269.1 0 0
37 167 58 29273.3 0 0
38 171 58 29277.5 0 0
39 173 58 29281.8 0 0
36 174 58 29286 0 0
38 168 58 29290.2 0 0
37 172 58 29294.4 0 0
38 173 58 29298.6 0 0
37 167 57 29302.8 0 0
38 166 58 29307 0 0
36 165 57 29311.2 0 0
36 165 57 29315.5 0 0
37 173 58 29320.2 0 0
38 165 57 29324.4 0 0
41 173 57 29328.6 0 0
37 171 57 29332.8 0 0
39 174 58 29337 0 0
39 172 57 29341.2 0 0
41 172 58 29345.5 0 0
40 171 57 29349.7 0 0
40 169 58 29353.9 0 0
40 172 57 29358.1 0 0
38 172 57 29362.3 0 0
38 171 57 29366.5 0 0
39 171 57 29370.8 0 0
34 170 57 29375 0 0
29 170 58 29379.3 0 0
30 172 58 29383.5 0 0
27 173 57 29387.7 0 0
31 170 57 29391.9 0 0
33 172 57 29396.1 0 0
35 170 57 29400.3 0 0
32 172 58 29404.5 0 0
34 170 57 29408.8 0 0
29 174 57 29413 0 0
33 170 57 29417.2 0 0
32 165 57 29421.4 0 0
32 171 57 29425.6 0 0
29 172 58 29429.8 0 0
33 173 58 29434 0 0
32 169 57 29438.3 0 0
32 173 58 29442.6 0 0
31 172 58 29446.8 0 0
34 171 58 29451 0 0
32 171 58 29455.2 0 0
34 173 58 29459.4 0 0
28 171 58 29463.6 0 0
34 173 58 29467.8 0 0
29 173 58 29472 0 0
32 171 57 29476.3 0 0
31 165 58 29480.5 0 0
32 169 58 29484.7 0 0
35 172 58 29488.9 0 0
32 165 58 29493.1 0 0
34 172 58 29497.3 0 0
30 173 58 29501.6 0 0
33 171 58 29505.8 0 0
31 170 58 29510.1 0 0
32 173 58 29514.3 0 0
32 171 58 29518.5 0 0
33 166 58 29522.7 0 0
31 172 58 29527 0 0
34 168 58 29531.2 0 0
31 170 58 29535.4 0 0
33 167 58 29539.6 0 0
34 166 58 29543.8 0 0
30 168 58 29548 0 0
32 169 58 29552.2 0 0
33 167 58 29556.4 0 0
31 169 58 29560.7 0 0
31 167 58 29564.9 0 0
34 168 58 29569.1 0 0
33 167 58 29573.3 0 0
31 165 58 29577.5 0 0
32 163 58 29581.7 0 0
33 165 58 29586 0 0
31 165 58 29590.2 0 0
35 163 58 29594.6 0 0
32 165 58 29598.8 0 0
33 163 59 29603 0 0
32 164 58 29607.2 0 0
33 165 59 29611.4 0 0
32 164 58 29615.6 0 0
33 164 58 29619.8 0 0
34 166 59 29624.1 0 0
31 167 58 29628.3 0 0
33 168 59 29632.5 0 0
32 169 59 29636.7 0 0
33 169 58 29640.9 0 0
31 169 59 29645.1 0 0
32 170 58 29649.3 0 0
30 169 59 29653.6 0 0
32 170 59 29657.8 0 0
32 171 59 29662 0 0
36 170 59 29666.2 0 0
34 168 59 29670.5 0 0
33 171 59 29674.7 0 0
32 167 59 29678.9 0 0
32 170 59 29683.1 0 0
35 169 59 29687.3 0 0
31 171 59 29691.5 0 0
32 166 59 29695.8 0 0
33 171 59 29700 0 0
33 170 59 29704.2 0 0
33 172 59 29708.4 0 0
33 167 59 29712.6 0 0
31 165 59 29716.8 0 0
33 163 59 29721.1 0 0
34 167 59 29725.3 0 0
33 168 59 29729.5 0 0
31 168 59 29733.7 0 0
34 163 59 29737.9 0 0
32 163 59 29742.1 0 0
33 166 59 29746.3 0 0
32 168 59 29750.6 0 0
34 163 59 29754.8 0 0
33 170 59 29759 0 0
32 170 59 29763.2 0 0
33 170 59 29767.4 0 0
33 168 59 29771.6 0 0
32 166 59 29775.9 0 0
35 169 59 29780.1 0 0
32 170 59 29784.6 0 0
35 169 60 29788.9 0 0
31 168 60 29793.2 0 0
34 168 60 29797.3 0 0
34 169 60 29801.5 0 0
33 168 59 29805.8 0 0
34 167 59 29810 0 0
33 168 59 29814.4 0 0
33 163 60 29818.6 0 0
34 164 60 29822.8 0 0
35 168 60 29827 0 0
33 166 59 29831.2 0 0
32 172 59 29835.4 0 0
35 171 60 29839.7 0 0
31 172 60 29843.9 0 0
35 172 60 29848.1 0 0
36 172 60 29852.3 0 0
32 172 60 29860.4 0 0
36 173 60 29864.6 0 0
33 170 60 29868.8 0 0
34 172 60 29873 0 0
34 171 60 29877.3 0 0
35 171 60 29881.5 0 0
33 167 60 29885.7 0 0
33 170 60 29889.9 0 0
33 170 60 29894.1 0 0
32 169 60 29900.9 0 0
34 168 60 29905.2 0 0
34 168 60 29909.8 0 0
34 167 60 29914.1 0 0
34 167 60 29918.3 0 0
34 164 60 29922.5 0 0
36 167 60 29926.7 0 0
33 165 60 29930.9 0 0
34 168 60 29935.1 0 0
34 168 60 29939.4 0 0
35 162 60 29943.6 0 0
34 169 60 29947.8 0 0
33 168 60 29952 0 0
33 168 60 29956.2 0 0
36 167 60 29960.4 0 0
35 167 60 29964.7 0 0
32 167 60 29969 0 0
35 168 60 29975.9 0 0
34 167 60 29980.1 0 0
35 167 60 29984.3 0 0
34 168 60 29988.5 0 0
35 168 60 29992.8 0 0
35 167 60 29997 0 0
34 167 60 30001.2 0 0
36 166 60 30005.4 0 0
33 170 60 30009.7 0 0
35 172 60 30013.9 0 0
36 172 60 30018.1 0 0
35 173 60 30022.3 0 0
34 174 60 30026.5 0 0
34 172 60 30030.8 0 0
36 173 60 30035 0 0
35 172 60 30039.2 0 0
33 174 60 30043.4 0 0
36 172 60 30047.6 0 0
35 174 60 30051.8 0 0
33 174 60 30056 0 0
34 171 60 30060.3 0 0
36 174 60 30064.5 0 0
33 170 59 30068.7 0 0
37 170 59 30072.9 0 0
34 173 60 30077.1 0 0
34 173 60 30081.3 0 0
34 172 60 30085.7 0 0
33 175 60 30089.9 0 0
36 173 60 30094.2 0 0
34 171 59 30098.4 0 0
35 172 60 30102.6 0 0
34 172 60 30106.8 0 0
33 171 59 30111 0 0
34 171 59 30115.2 0 0
35 172 59 30119.4 0 0
32 173 59 30123.7 0 0
37 172 59 30127.9 0 0
36 171 59 30132.1 0 0
33 173 59 30136.3 0 0
37 170 59 30140.5 0 0
36 169 59 30144.7 0 0
34 170 59 30149 0 0
34 172 60 30153.2 0 0
36 168 59 30157.4 0 0
33 170 59 30161.6 0 0
36 170 59 30165.8 0 0
35 173 59 30170 0 0
35 172 59 30174.2 0 0
34 171 59 30178.4 0 0
36 170 59 30182.7 0 0
35 170 59 30186.9 0 0
35 173 59 30191.4 0 0
34 171 59 30195.7 0 0
34 170 59 30199.9 0 0
35 171 59 30204.1 0 0
34 170 59 30208.3 0 0
33 174 59 30212.5 0 0
34 172 59 30216.7 0 0
34 172 59 30221 0 0
33 171 59 30225.2 0 0
34 167 59 30229.4 0 0
34 176 59 30233.6 0 0
35 169 59 30237.8 0 0
35 176 59 30242.1 0 0
35 171 59 30246.3 0 0
37 171 59 30250.7 0 0
33 170 59 30254.9 0 0
37 171 59 30259.1 0 0
34 171 59 30263.4 0 0
36 172 59 30267.6 0 0
35 172 59 30271.8 0 0
36 170 59 30276 0 0
34 168 59 30280.2 0 0
34 171 59 30284.6 0 0
34 167 59 30288.8 0 0
33 166 59 30293 0 0
35 173 59 30297.2 0 0
34 167 59 30301.4 0 0
34 168 59 30305.6 0 0
35 166 59 30309.8 0 0
32 164 59 30314.1 0 0
35 169 59 30318.3 0 0
34 166 59 30322.5 0 0
34 166 59 30326.7 0 0
34 172 59 30330.9 0 0
34 170 59 30335.1 0 0
35 169 59 30339.3 0 0
33 170 59 30343.6 0 0
33 167 59 30347.8 0 0
35 168 59 30352 0 0
35 170 59 30356.2 0 0
35 172 59 30360.4 0 0
34 170 59 30364.6 0 0
36 170 59 30368.9 0 0
31 169 60 30373.1 0 0
36 170 59 30377.3 0 0
34 170 59 30381.5 0 0
31 171 59 30385.7 0 0
36 169 59 30390 0 0
35 170 59 30394.2 0 0
34 173 59 30398.4 0 0
33 170 60 30402.6 0 0
36 171 60 30406.9 0 0
35 169 59 30411.1 0 0
35 172 59 30415.3 0 0
37 172 60 30419.5 0 0
37 171 59 30423.7 0 0
33 172 59 30427.9 0 0
34 170 60 30432.2 0 0
35 169 59 30436.4 0 0
36 174 59 30440.6 0 0
34 169 59 30444.8 0 0
35 171 59 30449 0 0
36 173 60 30453.2 0 0
34 172 59 30457.4 0 0
37 170 59 30461.7 0 0
34 168 60 30465.9 0 0
34 172 60 30470.1 0 0
36 171 59 30474.4 0 0
37 173 59 30478.6 0 0
36 171 60 30482.8 0 0
35 171 59 30487 0 0
38 166 59 30491.2 0 0
43 163 61 30495.4 0 0
57 145 61 30499.6 0 0
65 131 61 30503.9 0 0
74 119 61 30508.1 0 0
83 107 61 30512.4 0 0
88 97 61 30516.6 0 0
90 91 61 30520.8 0 0
99 86 61 30525 0 0
104 83 62 30529.2 0 0
111 75 61 30533.4 0 0
118 71 61 30537.7 0 0
126 65 61 30541.9 0 0
132 59 61 30546.1 0 0
139 57 61 30550.3 0 0
137 52 61 30554.5 0 0
139 54 61 30558.7 0 0
138 46 61 30563 0 0
135 47 61 30567.2 0 0
135 56 61 30571.4 0 0
137 55 61 30575.6 0 0
137 53 61 30579.8 0 0
139 50 61 30584 0 0
139 54 61 30588.2 0 0
138 49 61 30592.5 0 0
140 50 61 30597.3 0 0
138 55 61 30601.5 0 0
138 50 61 30605.7 0 0
139 49 61 30609.9 0 0
142 44 61 30614.1 0 0
143 35 61 30618.3 0 0
159 14 61 30622.6 0 0
160 14 61 30626.8 0 0
161 15 60 30631 0 0
164 17 61 30635.2 0 0
167 14 60 30639.4 0 0
167 18 60 30643.7 0 0
164 20 60 30647.9 0 0
164 18 60 30652.1 0 0
166 21 60 30656.3 0 0
165 18 60 30660.6 0 0
165 21 60 30664.8 0 0
165 21 60 30669 0 0
166 18 60 30673.2 0 0
167 24 60 30677.4 0 0
166 21 60 30681.6 0 0
167 22 60 30685.8 0 0
167 24 60 30690 0 0
165 25 60 30694.3 0 0
166 24 60 30698.5 0 0
166 21 60 30702.7 0 0
166 24 60 30706.9 0 0
165 21 61 30711.1 0 0
167 18 60 30715.3 0 0
165 20 60 30719.6 0 0
166 20 60 30723.8 0 0
165 21 60 30728 0 0
165 18 61 30732.2 0 0
164 19 60 30736.4 0 0
166 21 60 30740.6 0 0
166 20 61 30744.8 0 0
165 21 60 30749 0 0
165 20 60 30753.3 0 0
166 19 60 30757.5 0 0
165 20 60 30761.7 0 0
166 20 60 30766 0 0
165 19 60 30770.2 0 0
166 16 60 30774.4 0 0
167 11 60 30778.6 0 0
173 11 60 30782.9 0 0
181 9 60 30787.1 0 0
186 10 60 30791.3 0 0
186 6 60 30795.5 0 0
183 4 60 30799.7 0 0
183 6 60 30803.9 0 0
181 10 59 30808.1 0 0
181 7 60 30812.3 0 0
183 8 59 30816.6 0 0
181 9 59 30820.8 0 0
183 8 59 30825 0 0
186 8 59 30829.2 0 0
185 5 59 30833.4 0 0
184 11 59 30837.6 0 0
184 7 59 30841.8 0 0
182 7 59 30846.1 0 0
184 9 59 30850.3 0 0
184 6 59 30854.5 0 0
186 7 59 30858.7 0 0
182 6 59 30862.9 0 0
183 8 59 30867.1 0 0
181 8 59 30871.3 0 0
184 5 59 30875.6 0 0
183 5 59 30879.8 0 0
183 7 59 30884 0 0
183 6 59 30888.2 0 0
182 6 59 30892.4 0 0
184 6 59 30896.6 0 0
183 9 59 30900.9 0 0
178 9 60 30905.1 0 0
174 3 60 30909.3 0 0
135 3 61 30943.1 0 0
182 5 61 31013.8 0 0
195 15 60 31018 0 0
206 32 58 31022.2 0 0
214 39 57 31029.3 0 0
216 40 57 31033.5 0 0
215 45 57 31037.8 0 0
213 41 57 31042 0 0
217 43 57 31046.2 0 0
215 40 58 31050.4 0 0
218 39 57 31054.6 0 0
220 43 57 31058.9 0 0
221 46 57 31063.1 0 0
220 49 57 31067.3 0 0
219 45 57 31071.5 0 0
216 49 57 31075.8 0 0
221 46 57 31080 0 0
217 42 57 31084.2 0 0
220 48 57 31088.4 0 0
220 48 57 31092.6 0 0
217 45 57 31097 0 0
220 49 57 31101.2 0 0
221 50 57 31105.4 0 0
220 47 57 31109.6 0 0
218 48 57 31116.5 0 0
218 42 57 31120.8 0 0
219 45 57 31125.1 0 0
217 50 57 31129.3 0 0
219 45 57 31133.5 0 0
218 45 57 31137.7 0 0
218 43 57 31141.9 0 0
220 47 57 31146.1 0 0
219 49 57 31150.3 0 0
223 51 57 31154.6 0 0
229 51 57 31158.9 0 0
235 54 57 31163.1 0 0
242 60 56 31167.3 0 0
242 56 55 31171.5 0 0
235 51 55 31175.7 0 0
233 52 56 31179.9 0 0
233 53 56 31184.1 0 0
232 53 56 31188.4 0 0
233 53 56 31192.6 0 0
235 53 55 31196.8 0 0
234 52 55 31201 0 0
234 54 55 31205.2 0 0
234 55 55 31209.4 0 0
235 54 56 31213.7 0 0
234 57 55 31217.9 0 0
234 57 55 31222.1 0 0
235 51 56 31226.4 0 0
234 54 55 31230.6 0 0
236 58 55 31234.8 0 0
239 55 55 31239 0 0
237 56 55 31243.2 0 0
235 55 55 31247.5 0 0
236 55 55 31251.7 0 0
237 55 55 31255.9 0 0
236 54 55 31260.2 0 0
236 54 55 31264.4 0 0
235 52 55 31268.7 0 0
236 56 55 31272.9 0 0
233 53 55 31277.1 0 0
233 54 55 31281.3 0 0
235 53 55 31285.5 0 0
234 53 55 31289.7 0 0
235 54 55 31293.9 0 0
236 55 56 31298.2 0 0
236 53 55 31302.3 0 0
236 56 55 31306.6 0 0
234 54 55 31310.8 0 0
237 57 55 31315 0 0
236 51 55 31319.2 0 0
236 52 55 31323.5 0 0
234 49 55 31327.7 0 0
236 55 55 31331.9 0 0
233 51 55 31336.1 0 0
236 54 55 31340.3 0 0
235 53 55 31344.7 0 0
236 54 55 31348.9 0 0
237 53 55 31353.1 0 0
238 56 54 31357.3 0 0
236 55 55 31361.5 0 0
233 52 54 31365.7 0 0
236 55 54 31369.9 0 0
236 53 55 31374.1 0 0
235 54 54 31378.4 0 0
234 55 54 31382.6 0 0
236 55 54 31386.8 0 0
236 53 54 31391 0 0
234 54 54 31395.2 0 0
237 54 54 31399.4 0 0
238 54 54 31403.7 0 0
236 55 54 31407.9 0 0
239 55 54 31412.2 0 0
238 55 54 31416.4 0 0
237 55 54 31420.6 0 0
235 51 54 31424.8 0 0
237 54 54 31429 0 0
239 55 54 31433.2 0 0
235 57 54 31437.5 0 0
236 52 54 31441.7 0 0
238 54 54 31445.9 0 0
235 53 54 31450.1 0 0
239 53 53 31454.3 0 0
237 55 54 31458.5 0 0
239 55 54 31462.7 0 0
237 54 54 31467 0 0
237 56 54 31471.2 0 0
237 54 53 31475.4 0 0
233 52 53 31479.6 0 0
236 51 53 31483.8 0 0
237 51 53 31488 0 0
236 51 53 31492.2 0 0
238 53 54 31496.5 0 0
238 52 53 31500.7 0 0
236 52 53 31504.9 0 0
237 52 53 31509.1 0 0
237 57 53 31513.3 0 0
239 54 53 31517.5 0 0
234 49 53 31521.8 0 0
238 56 53 31526.1 0 0
233 53 53 31532.8 0 0
238 53 54 31537.1 0 0
235 56 53 31541.3 0 0
236 56 53 31545.5 0 0
238 55 53 31549.7 0 0
241 55 53 31553.9 0 0
237 54 53 31558.2 0 0
233 49 53 31562.4 0 0
228 44 54 31566.7 0 0
219 30 55 31570.9 0 0
206 8 56 31575.1 0 0
196 7 57 31579.3 0 0
97 2 59 31788.3 0 0
96 26 58 31792.5 0 0
95 42 58 31799.3 0 0
94 75 58 31803.5 0 0
96 94 58 31807.7 0 0
100 106 58 31811.9 0 0
102 121 58 31816.2 0 0
104 134 59 31820.4 0 0
101 152 59 31824.6 0 0
100 163 58 31828.8 0 0
102 173 58 31833 0 0
101 179 58 31837.3 0 0
102 186 58 31841.7 0 0
103 179 58 31846 0 0
101 180 58 31850.2 0 0
101 178 58 31854.4 0 0
102 183 58 31858.6 0 0
101 181 58 31862.8 0 0
103 183 58 31867.2 0 0
104 186 58 31871.4 0 0
104 183 58 31878.5 0 0
100 185 58 31882.8 0 0
102 187 58 31887 0 0
103 183 59 31891.2 0 0
105 185 59 31895.4 0 0
101 184 59 31899.6 0 0
102 185 59 31903.8 0 0
103 185 59 31908.1 0 0
99 181 59 31912.3 0 0
100 188 59 31916.5 0 0
100 181 59 31920.7 0 0
104 186 59 31924.9 0 0
102 181 59 31929.1 0 0
104 184 59 31933.3 0 0
102 184 59 31937.6 0 0
101 185 59 31941.8 0 0
101 185 59 31946.1 0 0
104 183 59 31950.3 0 0
104 183 59 31954.5 0 0
95 194 59 31960.7 0 0
80 203 59 31965 0 0
78 208 59 31969.9 0 0
79 207 59 31974.2 0 0
82 207 59 31978.4 0 0
85 207 59 31982.6 0 0
83 203 59 31986.8 0 0
83 203 59 31991 0 0
81 203 59 31995.3 0 0
80 205 59 31999.5 0 0
79 205 59 32003.8 0 0
79 203 59 32008.1 0 0
84 205 59 32012.3 0 0
81 204 59 32016.5 0 0
80 205 59 32020.7 0 0
81 204 59 32025 0 0
79 204 59 32029.2 0 0
80 204 59 32033.4 0 0
82 207 59 32037.6 0 0
80 201 59 32041.8 0 0
79 206 59 32046 0 0
82 205 59 32050.2 0 0
83 209 59 32054.5 0 0
81 207 59 32061.5 0 0
83 209 59 32065.8 0 0
82 206 59 32070 0 0
84 209 59 32074.2 0 0
82 208 59 32078.4 0 0
82 206 59 32082.6 0 0
83 207 59 32086.8 0 0
81 210 59 32091.1 0 0
82 207 59 32095.4 0 0
81 209 59 32099.7 0 0
82 207 59 32103.9 0 0
82 207 59 32108.1 0 0
81 208 59 32112.3 0 0
82 205 59 32116.5 0 0
80 207 59 32120.7 0 0
81 202 59 32124.9 0 0
83 206 59 32129.5 0 0
82 210 59 32133.7 0 0
81 209 59 32137.9 0 0
83 206 59 32144.7 0 0
82 206 59 32149.1 0 0
82 207 59 32153.3 0 0
80 207 59 32157.5 0 0
82 207 59 32161.8 0 0
81 212 59 32166 0 0
81 210 59 32170.2 0 0
80 211 59 32174.4 0 0
84 210 59 32178.6 0 0
80 210 59 32182.8 0 0
82 208 59 32187 0 0
80 208 59 32191.2 0 0
80 206 59 32195.5 0 0
82 206 59 32199.7 0 0
81 204 59 32203.9 0 0
84 205 59 32208.1 0 0
93 198 60 32212.3 0 0
104 197 60 32216.5 0 0
112 181 60 32220.9 0 0
117 184 60 32225.1 0 0
124 182 60 32229.3 0 0
129 175 59 32233.5 0 0
135 178 59 32240.4 0 0
134 179 59 32244.6 0 0
133 180 59 32248.9 0 0
133 182 59 32253.2 0 0
131 182 59 32257.4 0 0
130 180 59 32261.6 0 0
133 177 59 32265.8 0 0
136 178 59 32270 0 0
135 174 59 32274.3 0 0
133 175 59 32278.5 0 0
132 175 59 32282.8 0 0
135 179 59 32287 0 0
133 179 59 32291.2 0 0
133 180 59 32295.4 0 0
135 180 59 32299.6 0 0
133 179 59 32303.8 0 0
134 176 59 32308 0 0
133 176 59 32312.3 0 0
134 176 59 32316.9 0 0
135 178 59 32321.3 0 0
135 174 59 32328 0 0
134 176 59 32332.2 0 0
133 179 59 32336.4 0 0
136 181 59 32340.7 0 0
135 178 59 32345 0 0
136 178 59 32349.3 0 0
132 182 59 32353.5 0 0
134 180 59 32357.7 0 0
133 180 59 32361.9 0 0
135 182 59 32366.1 0 0
137 181 59 32370.3 0 0
134 182 59 32374.5 0 0
134 179 59 32378.8 0 0
135 182 59 32383 0 0
136 182 59 32387.2 0 0
135 182 59 32391.4 0 0
137 184 59 32395.6 0 0
135 180 59 32399.8 0 0
138 181 59 32404 0 0
134 183 59 32408.2 0 0
135 182 59 32412.5 0 0
137 182 59 32416.7 0 0
134 181 59 32420.9 0 0
135 185 59 32427.7 0 0
136 183 59 32432 0 0
138 185 59 32436.2 0 0
134 184 59 32440.5 0 0
136 180 59 32444.7 0 0
141 184 59 32448.9 0 0
135 179 58 32453.1 0 0
133 169 59 32457.3 0 0
131 158 59 32461.5 0 0
130 151 59 32465.7 0 0
129 134 59 32470 0 0
130 124 59 32474.2 0 0
129 113 59 32478.4 0 0
127 109 59 32482.6 0 0
128 108 59 32486.8 0 0
126 108 59 32491 0 0
127 106 59 32495.3 0 0
126 111 59 32499.5 0 0
127 112 59 32503.7 0 0
126 115 60 32507.9 0 0
126 115 60 32512.1 0 0
128 110 60 32516.3 0 0
126 102 59 32520.5 0 0
127 107 59 32524.8 0 0
128 106 59 32529 0 0
124 107 60 32533.2 0 0
127 105 59 32537.5 0 0
128 106 59 32544.3 0 0
129 106 59 32548.5 0 0
130 101 60 32552.8 0 0
128 105 60 32557 0 0
125 105 59 32561.2 0 0
128 104 60 32565.4 0 0
128 106 60 32569.6 0 0
128 105 60 32573.8 0 0
127 106 59 32578 0 0
125 102 60 32582.2 0 0
124 101 59 32586.4 0 0
127 105 60 32590.7 0 0
126 106 60 32594.9 0 0
127 104 60 32599.1 0 0
126 103 60 32603.3 0 0
125 105 60 32607.5 0 0
127 107 60 32611.8 0 0
128 104 60 32616 0 0
126 105 60 32620.2 0 0
125 102 60 32624.4 0 0
127 104 60 32628.7 0 0
125 105 60 32632.9 0 0
128 105 60 32637.1 0 0
124 104 60 32641.3 0 0
128 103 60 32645.5 0 0
128 99 60 32652.5 0 0
130 74 60 32661 0 0
128 57 60 32669.4 0 0
127 62 61 32677.7 0 0
129 61 60 32686.2 0 0
131 64 61 32694.4 0 0
131 64 61 32702.7 0 0
129 60 61 32710.7 0 0
128 58 61 32715 0 0
127 58 61 32719.4 0 0
130 57 61 32723.6 0 0
128 60 61 32727.8 0 0
129 60 61 32732 0 0
128 63 61 32736.2 0 0
127 60 61 32740.4 0 0
128 62 61 32744.7 0 0
129 61 61 32748.9 0 0
130 59 61 32753.1 0 0
130 60 61 32757.4 0 0
129 61 61 32761.6 0 0
127 60 61 32765.8 0 0
129 61 61 32770 0 0
127 61 61 32774.2 0 0
128 62 61 32778.5 0 0
130 57 61 32783 0 0
129 57 61 32787.2 0 0
130 59 61 32791.4 0 0
128 57 61 32798.3 0 0
129 59 61 32802.5 0 0
129 58 61 32806.8 0 0
128 57 61 32811 0 0
129 58 61 32815.2 0 0
129 62 61 32819.4 0 0
129 55 61 32823.7 0 0
129 63 61 32827.9 0 0
129 58 61 32832.1 0 0
130 57 61 32836.3 0 0
129 62 61 32840.6 0 0
128 55 61 32845.1 0 0
128 57 61 32849.3 0 0
127 58 61 32853.6 0 0
127 59 61 32857.8 0 0
129 58 62 32861.9 0 0
130 59 62 32866.2 0 0
128 60 61 32870.4 0 0
129 57 61 32874.6 0 0
126 59 61 32878.8 0 0
127 58 61 32885.7 0 0
128 58 61 32889.9 0 0
126 62 61 32894.3 0 0
127 59 61 32898.5 0 0
131 58 61 32902.7 0 0
127 59 61 32907 0 0
129 59 61 32911.2 0 0
128 58 61 32915.4 0 0
127 56 61 32919.7 0 0
130 61 61 32923.9 0 0
129 61 61 32928.1 0 0
127 60 61 32932.3 0 0
130 61 61 32936.5 0 0
129 61 61 32940.7 0 0
129 61 61 32945 0 0
129 59 61 32949.2 0 0
126 59 61 32953.4 0 0
130 59 61 32957.6 0 0
126 61 61 32961.8 0 0
130 61 60 32966 0 0
127 62 61 32970.2 0 0
129 60 61 32974.5 0 0
128 60 61 32981.6 0 0
128 55 61 32989.8 0 0
128 56 61 32998.4 0 0
129 55 61 33006.6 0 0
130 57 60 33014.8 0 0
138 68 62 33023.1 0 0
138 68 62 33031.6 0 0
165 88 62 33038.9 0 0
190 105 60 33043.1 0 0
198 117 59 33048.1 0 0
205 127 58 33052.3 0 0
211 138 58 33056.5 0 0
216 146 57 33060.7 0 0
216 152 57 33064.9 0 0
214 155 58 33069.2 0 0
210 150 58 33073.5 0 0
213 151 58 33077.7 0 0
213 151 58 33081.9 0 0
215 151 58 33086.1 0 0
216 153 58 33090.4 0 0
216 156 58 33094.8 0 0
218 155 58 33099 0 0
216 159 58 33103.2 0 0
213 156 58 33107.4 0 0
213 150 57 33111.6 0 0
216 155 58 33115.8 0 0
214 160 58 33120.1 0 0
213 149 58 33124.3 0 0
214 161 57 33128.6 0 0
216 161 58 33132.8 0 0
216 161 58 33139.7 0 0
213 157 58 33143.9 0 0
215 159 58 33148.1 0 0
215 155 58 33152.3 0 0
219 157 58 33156.6 0 0
217 158 58 33160.8 0 0
215 156 58 33165.1 0 0
218 157 58 33169.2 0 0
215 154 58 33173.4 0 0
216 156 58 33177.7 0 0
216 156 58 33181.9 0 0
213 155 58 33186.1 0 0
214 157 58 33190.3 0 0
218 156 58 33194.5 0 0
214 158 58 33198.7 0 0
215 158 58 33202.9 0 0
214 156 58 33207.2 0 0
218 158 58 33211.4 0 0
214 158 58 33215.7 0 0
212 159 58 33220 0 0
210 156 59 33224.3 0 0
203 178 59 33228.5 0 0
201 200 59 33235.4 0 0
204 207 59 33239.6 0 0
204 214 59 33243.8 0 0
201 220 59 33248.1 0 0
203 227 59 33252.3 0 0
200 228 59 33256.5 0 0
200 234 59 33260.8 0 0
200 221 59 33265 0 0
200 221 59 33269.3 0 0
199 228 59 33273.5 0 0
202 222 59 33277.7 0 0
200 227 59 33282 0 0
199 225 59 33286.2 0 0
200 228 59 33290.4 0 0
199 228 59 33294.6 0 0
203 227 59 33298.8 0 0
200 227 59 33303 0 0
199 225 59 33307.4 0 0
199 225 59 33311.8 0 0
201 226 60 33316.2 0 0
199 225 59 33323 0 0
202 227 59 33327.2 0 0
200 226 59 33331.4 0 0
203 230 59 33335.6 0 0
201 227 59 33339.9 0 0
203 230 60 33344.1 0 0
200 226 60 33348.3 0 0
201 227 59 33352.6 0 0
203 227 59 33356.8 0 0
198 231 60 33361 0 0
203 227 60 33365.2 0 0
203 231 60 33369.4 0 0
200 221 60 33373.6 0 0
203 230 60 33377.9 0 0
199 225 60 33382.1 0 0
198 225 59 33386.3 0 0
198 222 60 33390.5 0 0
202 222 60 33394.7 0 0
200 224 60 33398.9 0 0
200 224 60 33403.2 0 0
199 224 60 33407.4 0 0
201 224 60 33411.6 0 0
200 223 60 33415.8 0 0
201 223 60 33422.7 0 0
204 224 60 33426.9 0 0
198 225 60 33431.2 0 0
198 222 60 33435.4 0 0
203 231 60 33439.7 0 0
200 223 60 33443.9 0 0
202 230 60 33448.1 0 0
204 228 60 33452.3 0 0
200 230 60 33456.5 0 0
201 229 60 33460.7 0 0
201 229 60 33465 0 0
202 227 61 33469.2 0 0
201 230 60 33473.5 0 0
200 230 60 33477.7 0 0
202 228 60 33481.9 0 0
197 230 60 33486.1 0 0
201 226 60 33490.3 0 0
202 229 60 33494.5 0 0
201 228 60 33498.8 0 0
202 226 61 33503 0 0
202 231 61 33507.2 0 0
202 227 61 33511.4 0 0
203 228 61 33515.6 0 0
199 231 60 33519.8 0 0
200 230 61 33524.1 0 0
204 213 61 33528.3 0 0
209 211 60 33535.3 0 0
208 200 60 33539.6 0 0
208 197 60 33543.8 0 0
209 201 60 33548 0 0
210 199 60 33552.2 0 0
210 204 60 33556.4 0 0
207 208 60 33560.6 0 0
212 206 60 33564.9 0 0
206 206 60 33569.1 0 0
208 208 60 33573.3 0 0
209 202 60 33577.6 0 0
206 202 61 33581.8 0 0
206 204 60 33586 0 0
209 200 60 33590.2 0 0
207 203 60 33594.5 0 0
207 201 60 33598.7 0 0
209 199 60 33602.9 0 0
206 203 60 33607.1 0 0
206 203 60 33611.3 0 0
207 199 60 33617 0 0
210 202 60 33621.2 0 0
207 201 60 33626.8 0 0
210 203 60 33631 0 0
207 200 60 33635.2 0 0
208 199 60 33639.4 0 0
211 200 60 33643.6 0 0
207 196 60 33647.8 0 0
208 199 60 33652.1 0 0
208 198 60 33656.3 0 0
210 202 60 33660.6 0 0
204 194 60 33664.8 0 0
196 175 61 33669 0 0
189 158 61 33673.2 0 0
177 140 61 33677.4 0 0
175 126 62 33681.7 0 0
162 112 62 33685.9 0 0
159 95 62 33690.1 0 0
148 80 62 33694.3 0 0
143 72 63 33698.6 0 0
134 65 63 33702.8 0 0
127 58 63 33706.9 0 0
120 53 63 33711.2 0 0
113 53 63 33715.4 0 0
108 49 62 33719.7 0 0
106 49 63 33723.9 0 0
107 48 63 33730.9 0 0
106 48 63 33735.1 0 0
107 51 63 33739.3 0 0
107 45 62 33743.6 0 0
104 43 63 33747.8 0 0
102 44 63 33752.1 0 0
107 41 63 33756.3 0 0
104 42 62 33760.5 0 0
104 47 62 33764.8 0 0
101 44 62 33769 0 0
104 48 62 33773.2 0 0
102 44 62 33777.4 0 0
103 46 62 33781.7 0 0
105 44 62 33785.9 0 0
104 47 62 33790.1 0 0
104 43 62 33794.3 0 0
103 44 63 33798.5 0 0
105 44 63 33802.7 0 0
102 45 62 33806.9 0 0
104 47 62 33811.2 0 0
104 47 62 33815.4 0 0
105 45 62 33820.1 0 0
104 44 62 33824.4 0 0
103 48 63 33828.6 0 0
106 44 63 33832.8 0 0
103 45 62 33837 0 0
102 45 62 33841.2 0 0
104 42 63 33845.5 0 0
104 46 63 33849.7 0 0
106 41 63 33854 0 0
106 45 62 33858.2 0 0
104 48 62 33862.4 0 0
105 44 62 33866.6 0 0
99 40 62 33870.8 0 0
96 29 62 33875 0 0
93 22 63 33879.3 0 0
88 14 62 33883.5 0 0
87 5 62 33887.7 0 0
83 7 63 33891.9 0 0
82 11 62 33896.1 0 0
82 12 62 33900.3 0 0
82 9 62 33904.5 0 0
84 11 62 33908.8 0 0
83 12 62 33913 0 0
86 8 62 33917.2 0 0
84 10 62 33921.4 0 0
87 7 62 33925.6 0 0
82 8 62 33929.8 0 0
81 9 62 33934.1 0 0
82 9 62 33938.3 0 0
84 7 62 33942.5 0 0
84 10 62 33946.7 0 0
86 8 62 33950.9 0 0
83 10 62 33955.2 0 0
84 6 62 33959.3 0 0
82 8 62 33963.6 0 0
82 7 62 33967.8 0 0
80 10 62 33972 0 0
84 7 62 33976.2 0 0
84 10 62 33980.5 0 0
82 12 62 33984.7 0 0
85 10 62 33988.9 0 0
84 10 62 33993.2 0 0
83 12 62 33997.4 0 0
86 10 61 34001.7 0 0
84 12 62 34005.9 0 0
83 9 62 34010.1 0 0
86 9 62 34014.3 0 0
85 9 62 34018.5 0 0
84 13 61 34022.8 0 0
84 10 61 34027 0 0
83 12 61 34031.3 0 0
83 12 62 34035.6 0 0
84 12 61 34039.8 0 0
84 13 61 34044 0 0
80 11 61 34048.2 0 0
83 9 61 34052.4 0 0
84 7 61 34056.6 0 0
79 11 61 34060.8 0 0
80 10 61 34065 0 0
82 8 61 34069.2 0 0
82 8 61 34073.5 0 0
85 6 61 34077.7 0 0
83 5 61 34081.9 0 0
82 8 61 34086.2 0 0
85 18 61 34090.4 0 0
93 17 62 34094.6 0 0
107 31 63 34098.8 0 0
118 44 63 34103.1 0 0
131 65 62 34107.3 0 0
137 81 62 34111.5 0 0
145 101 61 34115.7 0 0
154 118 60 34119.9 0 0
159 134 60 34124.1 0 0
162 155 60 34128.7 0 0
169 164 60 34133 0 0
172 177 60 34137.2 0 0
176 186 59 34141.4 0 0
181 198 59 34145.6 0 0
184 211 59 34149.8 0 0
183 211 59 34154.1 0 0
177 208 59 34158.3 0 0
182 210 59 34162.5 0 0
178 209 59 34166.7 0 0
180 208 59 34170.9 0 0
180 212 59 34175.1 0 0
180 208 59 34179.3 0 0
179 211 59 34183.6 0 0
178 216 59 34187.8 0 0
176 209 59 34192.1 0 0
178 211 59 34196.3 0 0
180 209 59 34200.5 0 0
176 208 59 34204.7 0 0
180 213 59 34208.9 0 0
179 211 59 34213.2 0 0
180 208 59 34217.4 0 0
178 212 59 34222.2 0 0
176 210 59 34226.5 0 0
179 204 59 34230.7 0 0
180 210 59 34234.9 0 0
182 210 59 34239.1 0 0
182 205 59 34243.3 0 0
179 213 59 34247.6 0 0
177 208 59 34251.8 0 0
178 207 59 34256 0 0
178 208 59 34260.2 0 0
179 211 59 34264.4 0 0
180 204 59 34268.7 0 0
177 210 59 34272.9 0 0
177 209 59 34277.1 0 0
180 206 59 34281.3 0 0
179 213 59 34285.6 0 0
178 209 60 34289.8 0 0
182 207 59 34294 0 0
179 213 59 34298.2 0 0
176 207 59 34302.4 0 0
181 207 60 34306.6 0 0
180 204 59 34310.8 0 0
178 210 60 34315.1 0 0
181 209 59 34319.3 0 0
180 205 60 34323.6 0 0
178 210 60 34327.8 0 0
179 206 60 34332 0 0
179 213 60 34336.2 0 0
179 208 60 34340.4 0 0
179 207 59 34344.7 0 0
182 213 60 34348.9 0 0
180 205 60 34353.1 0 0
177 210 60 34357.3 0 0
180 207 60 34361.5 0 0
180 201 60 34365.7 0 0
178 212 60 34369.9 0 0
179 206 60 34374.2 0 0
180 205 60 34378.7 0 0
178 207 60 34383 0 0
177 207 60 34387.2 0 0
180 209 60 34391.4 0 0
178 206 60 34395.6 0 0
179 207 60 34399.8 0 0
179 205 60 34404.1 0 0
178 203 60 34408.3 0 0
179 203 60 34412.5 0 0
180 204 60 34416.7 0 0
181 211 60 34420.9 0 0
177 205 60 34425.1 0 0
181 208 60 34429.3 0 0
179 205 60 34433.6 0 0
179 207 60 34437.8 0 0
179 205 60 34442 0 0
179 209 60 34446.2 0 0
180 205 60 34450.4 0 0
180 209 60 34454.7 0 0
179 205 60 34458.9 0 0
179 205 60 34463.1 0 0
179 208 60 34467.3 0 0
179 204 60 34472.1 0 0
178 205 60 34476.3 0 0
180 207 60 34480.6 0 0
179 202 60 34484.8 0 0
178 205 60 34488.9 0 0
179 203 60 34493.2 0 0
179 205 60 34497.4 0 0
178 202 60 34501.6 0 0
179 208 60 34505.8 0 0
177 203 60 34510.1 0 0
178 208 60 34514.3 0 0
178 205 61 34518.5 0 0
177 204 60 34522.7 0 0
179 207 60 34527 0 0
180 205 60 34531.2 0 0
181 211 60 34535.4 0 0
178 206 60 34539.7 0 0
178 208 60 34543.9 0 0
178 205 60 34548.1 0 0
182 208 61 34552.3 0 0
177 202 60 34556.5 0 0
179 209 60 34563.3 0 0
178 202 61 34567.6 0 0
179 207 61 34571.8 0 0
179 211 61 34576.1 0 0
176 206 61 34580.3 0 0
183 208 61 34584.5 0 0
193 210 61 34588.7 0 0
205 208 61 34592.9 0 0
213 212 61 34597.5 0 0
221 209 60 34601.7 0 0
223 210 60 34605.9 0 0
233 209 59 34610.1 0 0
237 200 58 34614.3 0 0
237 200 58 34618.5 0 0
230 193 58 34622.7 0 0
240 196 58 34627.1 0 0
234 195 58 34631.4 0 0
233 197 58 34638.4 0 0
236 198 59 34642.7 0 0
237 198 59 34646.9 0 0
240 202 59 34651.1 0 0
236 198 58 34655.4 0 0
239 198 59 34659.7 0 0
238 197 58 34664.1 0 0
238 200 58 34668.2 0 0
238 199 58 34672.4 0 0
237 195 59 34676.7 0 0
238 198 58 34680.9 0 0
238 197 58 34685.1 0 0
239 197 58 34689.4 0 0
238 199 59 34693.6 0 0
238 194 59 34697.8 0 0
237 200 59 34702 0 0
237 200 59 34706.2 0 0
238 197 59 34710.8 0 0
236 193 59 34715 0 0
239 198 59 34721.4 0 0
238 197 59 34725.7 0 0
235 197 58 34729.9 0 0
239 196 59 34734.1 0 0
235 198 59 34738.4 0 0
238 198 59 34742.6 0 0
237 196 59 34746.8 0 0
238 197 59 34751.1 0 0
235 196 58 34755.3 0 0
236 196 59 34759.5 0 0
239 200 59 34763.8 0 0
237 198 59 34768 0 0
236 198 59 34772.2 0 0
239 200 59 34776.4 0 0
240 197 59 34780.6 0 0
235 196 59 34785.1 0 0
238 198 59 34789.3 0 0
234 197 59 34793.6 0 0
237 198 59 34797.8 0 0
238 196 59 34801.9 0 0
232 199 59 34806.2 0 0
227 202 60 34813.1 0 0
217 204 60 34817.3 0 0
205 202 61 34821.6 0 0
199 207 61 34825.8 0 0
195 205 60 34830 0 0
202 206 61 34834.2 0 0
207 209 61 34838.5 0 0
206 205 61 34842.8 0 0
208 208 60 34847.1 0 0
204 202 60 34851.3 0 0
205 206 60 34855.5 0 0
205 207 60 34859.7 0 0
204 207 60 34863.9 0 0
206 208 60 34868.1 0 0
203 206 60 34872.3 0 0
204 206 60 34876.6 0 0
204 208 60 34880.8 0 0
204 205 60 34885 0 0
205 208 60 34889.2 0 0
204 202 60 34893.4 0 0
201 206 60 34897.6 0 0
203 205 60 34901.9 0 0
200 204 60 34906.1 0 0
200 205 60 34913 0 0
202 203 60 34917.2 0 0
201 206 60 34921.4 0 0
203 202 60 34925.6 0 0
199 204 60 34929.9 0 0
202 199 60 34934.1 0 0
201 200 60 34938.3 0 0
205 201 60 34942.5 0 0
204 202 60 34946.8 0 0
200 200 60 34951 0 0
203 199 60 34955.2 0 0
203 202 60 34959.4 0 0
201 205 60 34963.6 0 0
199 202 60 34967.8 0 0
202 203 60 34972.2 0 0
205 204 60 34976.5 0 0
201 202 60 34980.8 0 0
204 202 60 34984.9 0 0
202 202 60 34989.2 0 0
201 201 60 34993.4 0 0
205 208 60 34997.6 0 0
205 208 60 35001.8 0 0
203 209 60 35007.7 0 0
204 210 60 35011.9 0 0
204 208 60 35016.1 0 0
205 212 60 35020.3 0 0
203 207 60 35024.5 0 0
202 208 60 35028.7 0 0
204 209 60 35032.9 0 0
201 208 60 35037.2 0 0
204 207 59 35041.4 0 0
203 208 60 35045.6 0 0
205 206 59 35049.8 0 0
201 207 59 35054 0 0
206 211 59 35058.2 0 0
204 208 59 35062.4 0 0
204 207 59 35066.7 0 0
206 210 59 35071 0 0
201 204 60 35075.2 0 0
204 208 60 35079.4 0 0
203 205 59 35083.6 0 0
203 206 59 35087.8 0 0
205 205 59 35092.1 0 0
200 204 59 35096.3 0 0
203 205 59 35100.5 0 0
203 205 59 35104.7 0 0
202 204 59 35108.9 0 0
205 205 59 35113.1 0 0
201 205 59 35117.4 0 0
203 205 59 35121.6 0 0
204 208 59 35125.8 0 0
204 204 59 35130.1 0 0
204 206 59 35134.3 0 0
206 206 60 35138.5 0 0
205 204 59 35142.7 0 0
202 208 59 35146.9 0 0
203 207 59 35151.1 0 0
203 206 59 35155.3 0 0
205 209 59 35159.7 0 0
201 206 59 35164 0 0
203 205 59 35168.2 0 0
208 205 59 35172.4 0 0
201 205 59 35176.6 0 0
202 204 59 35180.8 0 0
202 208 60 35185 0 0
202 203 59 35189.3 0 0
200 202 59 35193.5 0 0
205 204 59 35197.7 0 0
201 203 59 35201.9 0 0
203 201 59 35206.1 0 0
204 206 59 35210.3 0 0
203 201 59 35214.5 0 0
205 203 59 35218.8 0 0
202 202 59 35223 0 0
202 201 59 35227.2 0 0
203 202 59 35231.4 0 0
204 202 59 35235.6 0 0
200 200 59 35239.8 0 0
202 200 59 35244 0 0
202 200 59 35248.3 0 0
202 198 59 35252.5 0 0
202 199 59 35256.7 0 0
202 204 59 35260.9 0 0
201 200 59 35265.1 0 0
202 199 59 35269.3 0 0
198 202 59 35273.6 0 0
202 199 59 35277.8 0 0
201 202 59 35282.1 0 0
202 199 59 35286.3 0 0
203 197 59 35290.5 0 0
201 201 60 35294.7 0 0
200 196 60 35298.9 0 0
202 197 60 35303.1 0 0
200 200 60 35307.3 0 0
203 201 60 35311.5 0 0
202 197 59 35315.8 0 0
202 203 59 35320 0 0
201 199 60 35324.2 0 0
203 196 60 35328.4 0 0
204 200 60 35332.6 0 0
200 201 60 35336.8 0 0
201 205 60 35341 0 0
203 202 60 35345.3 0 0
200 203 60 35349.5 0 0
201 205 60 35353.7 0 0
204 199 60 35357.9 0 0
204 203 60 35362.1 0 0
203 205 60 35366.3 0 0
204 201 60 35370.5 0 0
202 206 60 35374.8 0 0
201 199 60 35379 0 0
200 204 60 35383.2 0 0
205 205 60 35387.4 0 0
200 200 60 35391.7 0 0
201 204 60 35395.9 0 0
202 202 60 35400.1 0 0
205 205 60 35404.3 0 0
201 202 60 35408.5 0 0
204 201 60 35412.8 0 0
202 203 60 35416.9 0 0
200 201 60 35421.2 0 0
200 200 60 35425.8 0 0
201 202 60 35430 0 0
205 201 60 35434.2 0 0
200 200 60 35438.5 0 0
202 201 61 35442.7 0 0
202 199 60 35446.9 0 0
199 197 60 35451.1 0 0
203 199 60 35455.3 0 0
200 200 61 35459.5 0 0
203 200 61 35463.8 0 0
203 205 60 35468 0 0
201 201 61 35472.4 0 0
203 205 61 35476.6 0 0
201 204 60 35483.4 0 0
201 203 60 35487.6 0 0
203 204 61 35491.8 0 0
202 203 61 35496.1 0 0
201 205 61 35500.3 0 0
201 203 61 35504.6 0 0
204 203 61 35509.1 0 0
206 204 61 35513.3 0 0
202 201 61 35517.5 0 0
201 200 61 35521.7 0 0
202 198 61 35526 0 0
200 200 61 35530.2 0 0
203 208 61 35534.4 0 0
202 204 61 35538.6 0 0
204 201 61 35542.8 0 0
202 201 61 35547 0 0
200 201 61 35551.2 0 0
201 201 61 35555.4 0 0
203 199 61 35559.7 0 0
199 200 61 35566.6 0 0
200 204 61 35570.8 0 0
202 217 61 35575.1 0 0
201 228 61 35579.3 0 0
208 240 60 35725.4 0 0
203 230 60 35729.6 0 0
202 227 60 35733.8 0 0
204 211 60 35738.3 0 0
202 208 60 35742.5 0 0
202 197 61 35746.7 0 0
202 192 61 35750.9 0 0
200 186 61 35755.2 0 0
201 180 61 35759.4 0 0
202 172 61 35763.6 0 0
203 159 61 35770.4 0 0
202 158 61 35774.6 0 0
200 158 61 35778.9 0 0
204 172 61 35783.1 0 0
201 167 61 35787.4 0 0
201 172 61 35791.6 0 0
202 179 61 35795.8 0 0
202 176 61 35800 0 0
202 181 61 35804.2 0 0
203 183 61 35808.4 0 0
203 188 61 35812.6 0 0
205 188 61 35816.9 0 0
205 185 61 35821.8 0 0
202 186 61 35826.2 0 0
202 186 61 35830.4 0 0
202 187 61 35835.8 0 0
205 189 61 35840.1 0 0
202 188 61 35844.4 0 0
206 193 61 35848.6 0 0
204 190 61 35852.9 0 0
204 192 61 35857.1 0 0
207 191 61 35861.3 0 0
204 190 61 35865.5 0 0
207 192 61 35869.7 0 0
205 194 61 35873.9 0 0
208 186 62 35878.1 0 0
218 187 62 35882.3 0 0
230 189 62 35886.6 0 0
242 176 61 35890.8 0 0
247 172 60 35895 0 0
251 167 59 35899.2 0 0
251 171 59 35903.4 0 0
246 169 59 35907.6 0 0
244 169 59 35911.9 0 0
240 166 59 35916.1 0 0
244 171 59 35920.3 0 0
247 172 59 35924.5 0 0
248 171 59 35928.7 0 0
247 171 59 35933 0 0
249 170 59 35937.2 0 0
246 174 59 35941.5 0 0
248 171 59 35945.7 0 0
246 169 59 35949.9 0 0
248 170 59 35954.1 0 0
249 167 59 35958.3 0 0
246 168 59 35962.5 0 0
248 168 59 35966.8 0 0
246 168 59 35971 0 0
247 167 59 35975.2 0 0
246 174 59 35979.4 0 0
247 168 59 35983.7 0 0
249 171 59 35987.9 0 0
246 170 60 35992.1 0 0
247 168 59 35996.3 0 0
246 168 59 36000.6 0 0
245 168 59 36004.8 0 0
249 170 59 36009 0 0
249 168 59 36013.2 0 0
247 170 59 36017.4 0 0
247 170 59 36021.6 0 0
248 170 59 36025.8 0 0
246 170 59 36030.1 0 0
245 171 59 36034.3 0 0
249 169 59 36038.5 0 0
246 170 59 36042.7 0 0
247 172 59 36046.9 0 0
248 172 59 36051.1 0 0
249 173 59 36055.3 0 0
246 174 59 36059.5 0 0
246 168 59 36063.8 0 0
249 175 59 36068 0 0
246 171 59 36072.2 0 0
246 173 60 36076.4 0 0
248 167 59 36080.6 0 0
247 171 59 36084.8 0 0
247 171 59 36089.1 0 0
246 168 59 36093.3 0 0
249 172 59 36097.5 0 0
248 173 60 36101.7 0 0
246 170 59 36105.9 0 0
245 169 59 36110.1 0 0
248 171 59 36114.3 0 0
247 171 59 36118.5 0 0
248 170 59 36122.7 0 0
247 172 59 36127 0 0
247 170 59 36131.2 0 0
249 170 59 36135.4 0 0
246 170 59 36139.6 0 0
250 170 59 36143.8 0 0
248 170 59 36148 0 0
244 169 59 36152.2 0 0
240 153 59 36156.6 0 0
236 137 59 36160.8 0 0
228 129 60 36165 0 0
225 115 60 36169.2 0 0
221 98 60 36173.4 0 0
219 83 61 36177.6 0 0
217 76 61 36181.8 0 0
216 68 61 36186 0 0
212 60 61 36190.3 0 0
212 56 61 36194.5 0 0
212 49 61 36198.7 0 0
212 47 61 36202.9 0 0
210 48 61 36207.2 0 0
209 44 61 36211.4 0 0
211 47 62 36215.6 0 0
209 46 61 36219.9 0 0
210 47 61 36224.1 0 0
208 47 61 36228.3 0 0
208 46 61 36232.5 0 0
209 46 61 36236.7 0 0
210 45 61 36240.9 0 0
208 46 61 36245.2 0 0
207 41 61 36249.4 0 0
207 41 61 36253.7 0 0
207 45 61 36257.9 0 0
205 41 61 36262.2 0 0
206 44 61 36266.4 0 0
208 40 61 36270.6 0 0
206 40 61 36274.8 0 0
208 42 61 36279.1 0 0
206 43 61 36283.3 0 0
207 41 61 36287.5 0 0
207 41 61 36291.7 0 0
206 44 61 36295.9 0 0
205 43 61 36300.1 0 0
207 41 61 36304.3 0 0
205 40 61 36308.5 0 0
205 42 60 36312.8 0 0
208 41 61 36317 0 0
206 43 61 36321.2 0 0
207 41 60 36325.4 0 0
206 45 61 36329.7 0 0
194 26 61 36333.9 0 0
187 22 61 36338.1 0 0
185 23 62 36342.3 0 0
185 23 62 36346.6 0 0
185 25 61 36351.4 0 0
182 25 61 36355.6 0 0
185 27 61 36359.8 0 0
185 25 61 36364 0 0
185 23 61 36368.3 0 0
186 26 61 36372.6 0 0
186 26 61 36377 0 0
186 23 61 36381.2 0 0
183 24 61 36385.4 0 0
183 23 61 36389.6 0 0
184 26 61 36393.8 0 0
183 20 61 36398 0 0
184 23 61 36402.2 0 0
186 21 61 36406.5 0 0
185 23 61 36410.7 0 0
184 23 61 36414.9 0 0
186 19 61 36419.1 0 0
184 25 61 36423.3 0 0
185 25 61 36427.5 0 0
183 24 61 36431.7 0 0
186 26 60 36436 0 0
184 23 61 36440.2 0 0
185 26 61 36444.4 0 0
185 26 60 36448.6 0 0
184 24 61 36452.8 0 0
184 31 60 36457.1 0 0
185 25 60 36461.3 0 0
185 22 61 36465.6 0 0
186 27 60 36469.8 0 0
185 25 60 36474.1 0 0
183 24 60 36478.3 0 0
184 26 60 36482.5 0 0
186 20 60 36486.7 0 0
186 30 60 36490.9 0 0
185 25 60 36495.1 0 0
183 23 60 36499.4 0 0
186 26 60 36503.6 0 0
185 22 60 36507.8 0 0
186 23 60 36512 0 0
185 24 60 36516.2 0 0
186 24 60 36520.4 0 0
182 24 60 36524.7 0 0
184 24 60 36528.9 0 0
184 21 60 36533.1 0 0
184 19 60 36537.4 0 0
184 19 60 36541.6 0 0
184 22 60 36545.8 0 0
184 20 60 36550 0 0
185 21 60 36554.2 0 0
184 18 60 36558.4 0 0
184 18 60 36562.6 0 0
184 20 60 36566.8 0 0
183 20 60 36571.1 0 0
183 21 60 36575.3 0 0
186 18 60 36579.5 0 0
184 20 60 36583.7 0 0
183 18 60 36588 0 0
185 15 60 36592.2 0 0
184 16 60 36596.5 0 0
183 12 60 36600.7 0 0
184 15 60 36604.9 0 0
181 17 60 36609.1 0 0
184 16 60 36613.3 0 0
185 17 60 36617.5 0 0
183 18 60 36621.8 0 0
184 23 60 36626 0 0
185 18 60 36630.2 0 0
186 17 60 36634.4 0 0
185 20 60 36638.6 0 0
184 19 60 36642.8 0 0
184 21 60 36647 0 0
184 21 60 36651.3 0 0
186 23 60 36655.5 0 0
186 21 60 36660.2 0 0
185 22 60 36664.4 0 0
187 23 60 36668.7 0 0
185 24 60 36672.8 0 0
188 18 60 36677.1 0 0
186 22 60 36681.3 0 0
185 21 60 36685.6 0 0
184 23 60 36689.9 0 0
185 22 60 36694.1 0 0
182 19 61 36698.3 0 0
185 22 60 36702.5 0 0
184 24 60 36706.7 0 0
184 15 60 36710.9 0 0
184 14 60 36715.2 0 0
180 16 60 36719.7 0 0
181 14 60 36723.9 0 0
185 15 60 36728.2 0 0
184 15 60 36732.4 0 0
183 14 61 36736.6 0 0
188 14 60 36740.8 0 0
181 13 60 36745 0 0
186 16 60 36749.2 0 0
182 11 60 36753.4 0 0
187 19 61 36757.7 0 0
184 18 60 36761.9 0 0
183 17 60 36766.1 0 0
186 19 60 36770.3 0 0
187 18 61 36774.5 0 0
184 19 60 36778.7 0 0
185 18 60 36782.9 0 0
184 19 60 36787.2 0 0
183 20 60 36791.4 0 0
186 18 60 36795.6 0 0
185 17 60 36799.8 0 0
182 17 60 36804 0 0
184 17 60 36808.2 0 0
185 16 60 36812.4 0 0
186 18 60 36817.2 0 0
185 18 60 36821.5 0 0
184 13 60 36825.7 0 0
186 18 60 36829.9 0 0
184 16 60 36834.1 0 0
185 13 60 36838.3 0 0
186 17 61 36842.6 0 0
186 16 61 36846.8 0 0
186 12 60 36851 0 0
183 9 61 36855.2 0 0
185 11 60 36859.4 0 0
184 11 61 36863.6 0 0
185 13 60 36867.8 0 0
184 11 60 36872.1 0 0
183 12 60 36876.3 0 0
185 13 60 36880.5 0 0
185 16 60 36884.7 0 0
183 14 60 36888.9 0 0
184 15 60 36893.1 0 0
184 14 60 36897.3 0 0
186 19 60 36901.6 0 0
187 15 61 36905.8 0 0
189 19 60 36910.1 0 0
186 14 61 36914.3 0 0
187 24 61 36918.5 0 0
183 14 60 36922.7 0 0
186 9 61 36926.9 0 0
194 12 61 36931.2 0 0
200 34 61 36935.4 0 0
210 51 60 36939.6 0 0
214 69 59 36943.8 0 0
224 85 59 36948.1 0 0
235 113 58 36952.3 0 0
231 120 57 36956.5 0 0
234 134 57 36960.7 0 0
236 155 58 36964.9 0 0
236 159 58 36969.1 0 0
236 168 58 36973.4 0 0
233 170 58 36977.6 0 0
236 176 58 36981.8 0 0
238 172 58 36986 0 0
235 172 58 36990.2 0 0
238 175 58 36994.4 0 0
236 164 58 36998.7 0 0
241 175 58 37002.9 0 0
236 178 58 37007.2 0 0
238 174 58 37011.4 0 0
238 178 58 37015.6 0 0
240 177 58 37019.8 0 0
239 181 58 37024 0 0
237 178 58 37028.3 0 0
240 179 58 37032.5 0 0
234 174 58 37036.8 0 0
235 172 58 37041 0 0
240 179 58 37045.2 0 0
236 173 58 37049.4 0 0
241 179 58 37053.6 0 0
234 172 58 37057.8 0 0
236 171 58 37062 0 0
237 172 58 37066.2 0 0
236 174 58 37070.5 0 0
237 177 58 37074.9 0 0
234 172 58 37079.1 0 0
237 174 58 37083.3 0 0
238 173 58 37087.5 0 0
239 172 58 37091.7 0 0
236 174 58 37096 0 0
237 174 58 37100.2 0 0
235 171 58 37104.4 0 0
236 176 58 37108.6 0 0
236 172 58 37112.8 0 0
236 172 58 37117 0 0
237 173 58 37121.2 0 0
236 170 58 37125.5 0 0
235 173 58 37129.7 0 0
237 174 58 37133.9 0 0
237 175 58 37138.1 0 0
237 177 59 37142.3 0 0
237 171 58 37146.5 0 0
239 177 58 37150.8 0 0
236 176 58 37155.1 0 0
237 174 59 37159.3 0 0
237 177 58 37163.6 0 0
237 173 58 37167.8 0 0
238 174 58 37172 0 0
236 172 59 37176.2 0 0
240 173 59 37180.4 0 0
234 173 58 37184.7 0 0
237 173 59 37188.9 0 0
235 171 59 37193.1 0 0
232 175 58 37197.3 0 0
237 173 59 37201.6 0 0
236 175 59 37205.8 0 0
235 174 59 37210 0 0
236 171 59 37214.2 0 0
239 183 59 37218.4 0 0
237 174 59 37222.6 0 0
237 176 59 37226.8 0 0
238 177 59 37231.1 0 0
234 174 59 37235.2 0 0
237 177 59 37239.4 0 0
240 177 59 37243.7 0 0
235 176 59 37247.9 0 0
236 178 59 37252.1 0 0
237 176 59 37256.4 0 0
235 179 59 37260.6 0 0
239 179 59 37264.8 0 0
238 177 59 37269 0 0
235 177 59 37273.2 0 0
237 178 59 37277.4 0 0
236 178 59 37281.7 0 0
236 177 59 37285.9 0 0
238 181 59 37290.2 0 0
237 176 59 37294.4 0 0
237 179 59 37298.6 0 0
237 180 59 37302.8 0 0
234 171 59 37307 0 0
235 173 59 37311.2 0 0
239 172 59 37315.4 0 0
236 173 59 37319.6 0 0
240 176 59 37323.9 0 0
236 173 59 37328.1 0 0
238 173 59 37332.3 0 0
237 174 59 37336.6 0 0
236 174 59 37340.8 0 0
235 174 60 37345 0 0
225 171 60 37349.2 0 0
217 175 61 37353.5 0 0
202 177 62 37357.7 0 0
189 175 63 37361.9 0 0
177 172 63 37366.1 0 0
169 173 63 37370.3 0 0
155 175 63 37374.5 0 0
146 178 63 37378.9 0 0
143 171 63 37383.2 0 0
134 176 63 37387.4 0 0
137 178 63 37391.6 0 0
135 177 63 37395.8 0 0
140 179 63 37400 0 0
135 176 63 37404.2 0 0
135 177 63 37408.4 0 0
134 176 63 37412.6 0 0
134 173 62 37416.9 0 0
131 175 63 37421.1 0 0
131 176 63 37425.3 0 0
136 176 63 37429.5 0 0
134 177 62 37433.7 0 0
133 181 63 37437.9 0 0
133 177 63 37442.2 0 0
132 174 62 37446.4 0 0
132 177 63 37450.6 0 0
136 174 63 37454.8 0 0
135 174 63 37459 0 0
133 173 63 37463.2 0 0
134 174 63 37467.5 0 0
134 176 63 37471.7 0 0
134 176 63 37475.9 0 0
133 177 63 37480.1 0 0
135 174 63 37484.3 0 0
134 175 63 37488.6 0 0
135 177 63 37492.8 0 0
133 173 63 37497 0 0
132 176 63 37501.2 0 0
132 178 63 37505.5 0 0
134 174 63 37509.7 0 0
132 175 63 37513.9 0 0
135 177 63 37518.1 0 0
132 177 63 37522.3 0 0
133 176 63 37526.5 0 0
135 179 63 37530.7 0 0
130 175 63 37535 0 0
133 179 63 37539.2 0 0
134 176 63 37543.4 0 0
136 173 63 37547.6 0 0
131 177 63 37551.8 0 0
133 178 63 37556 0 0
131 174 63 37560.2 0 0
131 180 63 37564.4 0 0
132 175 63 37568.7 0 0
132 178 63 37573.2 0 0
131 183 63 37577.5 0 0
132 189 63 37581.7 0 0
130 207 62 37585.9 0 0
129 219 62 37590.1 0 0
129 234 62 37594.3 0 0
119 231 61 37619.6 0 0
120 211 62 37623.8 0 0
120 187 62 37628.1 0 0
122 172 63 37632.3 0 0
123 148 63 37636.5 0 0
123 137 63 37640.7 0 0
126 126 63 37644.9 0 0
122 114 63 37649.2 0 0
129 108 63 37653.4 0 0
127 104 63 37657.8 0 0
129 106 64 37662 0 0
127 101 64 37666.3 0 0
125 106 64 37670.5 0 0
125 105 64 37674.7 0 0
128 104 64 37678.9 0 0
126 102 64 37683.1 0 0
127 106 64 37687.4 0 0
125 105 64 37691.7 0 0
126 107 64 37696 0 0
126 103 64 37700.2 0 0
125 110 64 37704.4 0 0
128 104 64 37708.6 0 0
127 101 64 37712.8 0 0
127 101 64 37717 0 0
128 99 64 37721.2 0 0
126 100 64 37725.5 0 0
126 99 64 37729.7 0 0
127 102 64 37733.9 0 0
123 103 64 37738.1 0 0
127 104 64 37742.3 0 0
125 101 64 37746.5 0 0
124 100 64 37750.8 0 0
127 98 64 37755 0 0
125 106 64 37759.2 0 0
125 105 64 37763.4 0 0
126 103 64 37767.6 0 0
126 103 64 37771.8 0 0
127 103 64 37776.1 0 0
123 104 64 37780.3 0 0
125 104 64 37784.5 0 0
124 101 64 37788.7 0 0
126 106 64 37792.9 0 0
126 105 64 37797.1 0 0
125 105 64 37801.3 0 0
125 100 64 37805.5 0 0
127 104 64 37809.7 0 0
125 101 64 37814 0 0
123 104 64 37818.2 0 0
128 107 64 37822.6 0 0
125 101 64 37826.8 0 0
127 109 64 37831 0 0
127 108 64 37835.2 0 0
128 109 64 37839.5 0 0
130 116 64 37843.7 0 0
127 118 64 37847.9 0 0
126 115 64 37852.2 0 0
128 110 64 37856.4 0 0
129 108 64 37860.6 0 0
125 111 64 37864.8 0 0
127 115 64 37869 0 0
128 108 64 37873.2 0 0
125 110 64 37877.4 0 0
125 109 64 37881.7 0 0
127 109 64 37885.9 0 0
126 109 64 37890.1 0 0
125 110 64 37894.3 0 0
129 107 64 37898.6 0 0
126 109 64 37902.8 0 0
129 110 64 37907.1 0 0
127 109 64 37911.3 0 0
127 105 64 37915.5 0 0
126 113 64 37919.7 0 0
129 115 64 37923.9 0 0
128 114 64 37928.1 0 0
128 115 64 37932.3 0 0
128 115 64 37936.6 0 0
126 116 64 37940.8 0 0
128 118 64 37945 0 0
129 116 64 37951.9 0 0
129 110 64 37960.4 0 0
129 110 64 37968.7 0 0
128 109 64 37976.5 0 0
129 107 64 37980.7 0 0
127 109 64 37985.2 0 0
127 107 64 37989.4 0 0
130 113 64 37993.7 0 0
129 104 64 37997.9 0 0
130 109 64 38002.1 0 0
128 110 64 38006.4 0 0
126 109 64 38010.6 0 0
128 113 64 38014.8 0 0
129 109 63 38019 0 0
126 106 63 38023.2 0 0
127 109 63 38027.4 0 0
128 114 64 38031.6 0 0
129 113 64 38035.9 0 0
127 112 64 38040.1 0 0
123 116 64 38044.3 0 0
131 109 64 38048.5 0 0
128 109 64 38052.7 0 0
127 107 63 38056.9 0 0
128 111 64 38061.1 0 0
126 113 64 38065.3 0 0
127 111 64 38069.6 0 0
128 112 64 38073.8 0 0
128 116 64 38078 0 0
128 115 64 38082.2 0 0
127 112 64 38086.5 0 0
129 111 64 38090.7 0 0
128 110 64 38097.6 0 0
128 106 63 38101.8 0 0
128 108 64 38106.1 0 0
128 110 64 38110.2 0 0
126 107 64 38114.4 0 0
128 109 64 38118.7 0 0
128 101 63 38122.9 0 0
126 104 63 38127.1 0 0
129 101 63 38131.4 0 0
126 107 64 38135.6 0 0
128 109 64 38139.8 0 0
130 103 63 38144 0 0
126 105 63 38148.2 0 0
128 110 64 38152.4 0 0
130 106 63 38156.7 0 0
126 107 63 38160.9 0 0
128 111 64 38165.1 0 0
127 113 64 38169.3 0 0
130 107 63 38173.5 0 0
128 111 64 38177.7 0 0
127 108 63 38181.9 0 0
130 111 64 38186.1 0 0
126 109 63 38190.3 0 0
130 114 64 38194.6 0 0
129 105 63 38198.8 0 0
128 106 63 38203 0 0
130 106 63 38207.2 0 0
128 102 63 38211.4 0 0
127 102 63 38215.6 0 0
130 111 64 38222.6 0 0
126 102 63 38226.8 0 0
127 102 63 38231 0 0
130 102 63 38235.2 0 0
127 113 64 38239.4 0 0
127 102 63 38243.7 0 0
128 110 64 38247.9 0 0
127 108 64 38252.1 0 0
127 105 63 38256.3 0 0
125 110 64 38260.6 0 0
131 109 64 38264.8 0 0
127 108 64 38269 0 0
127 107 63 38273.2 0 0
130 109 64 38277.4 0 0
129 109 64 38281.6 0 0
128 105 63 38285.8 0 0
128 109 64 38290.1 0 0
127 107 63 38294.3 0 0
128 111 64 38298.5 0 0
126 108 64 38302.7 0 0
128 104 63 38306.9 0 0
127 108 64 38311.1 0 0
127 111 64 38315.3 0 0
127 107 64 38319.5 0 0
129 109 64 38323.8 0 0
127 106 63 38330.8 0 0
128 108 64 38335.1 0 0
129 109 64 38339.3 0 0
127 110 64 38343.5 0 0
127 112 64 38347.7 0 0
128 106 63 38351.9 0 0
128 113 64 38356.2 0 0
128 110 64 38360.4 0 0
127 111 64 38364.6 0 0
128 113 64 38368.8 0 0
126 115 64 38373 0 0
125 116 64 38377.3 0 0
130 115 64 38381.5 0 0
130 115 64 38385.7 0 0
128 111 63 38389.9 0 0
128 110 64 38394.1 0 0
129 116 64 38398.4 0 0
124 110 64 38402.6 0 0
128 109 64 38406.9 0 0
125 109 64 38411.1 0 0
127 109 64 38418.2 0 0
127 111 64 38422.5 0 0
127 110 64 38426.7 0 0
129 110 64 38430.9 0 0
127 111 64 38435.1 0 0
128 110 64 38439.3 0 0
125 108 64 38443.6 0 0
128 108 64 38447.8 0 0
128 109 64 38452 0 0
127 108 64 38456.2 0 0
128 111 64 38460.4 0 0
126 112 64 38464.6 0 0
128 109 64 38468.8 0 0
126 111 64 38473.1 0 0
126 108 64 38477.3 0 0
127 111 64 38481.5 0 0
128 109 64 38485.7 0 0
128 107 64 38489.9 0 0
126 111 64 38494.2 0 0
126 110 64 38498.4 0 0
127 110 64 38502.6 0 0
130 109 64 38506.8 0 0
128 109 64 38511 0 0
126 111 64 38515.2 0 0
129 107 64 38522.4 0 0
127 107 64 38526.6 0 0
126 112 64 38530.8 0 0
127 111 64 38535 0 0
128 108 64 38539.2 0 0
126 112 64 38543.4 0 0
128 109 64 38547.7 0 0
128 116 64 38551.9 0 0
129 115 64 38556.1 0 0
128 109 64 38560.4 0 0
127 111 64 38564.6 0 0
128 113 64 38568.8 0 0
127 111 64 38573.1 0 0
126 108 64 38577.3 0 0
128 110 64 38581.5 0 0
128 109 64 38585.7 0 0
128 111 64 38589.9 0 0
125 109 64 38594.2 0 0
128 109 64 38598.4 0 0
125 108 64 38602.6 0 0
128 107 64 38606.8 0 0
126 111 64 38611 0 0
129 116 64 38615.2 0 0
127 112 64 38622.3 0 0
127 111 65 38626.5 0 0
126 113 64 38630.7 0 0
129 113 64 38635 0 0
129 113 64 38639.2 0 0
128 113 64 38644.3 0 0
128 110 64 38648.6 0 0
128 113 64 38652.8 0 0
127 111 64 38659.7 0 0
127 109 64 38663.9 0 0
129 116 64 38668.1 0 0
127 111 64 38672.3 0 0
128 116 64 38676.5 0 0
128 113 64 38680.7 0 0
126 115 64 38685 0 0
128 115 64 38689.3 0 0
127 107 64 38693.5 0 0
127 109 64 38697.8 0 0
125 111 64 38701.9 0 0
128 108 65 38706.2 0 0
127 110 64 38710.3 0 0
127 107 64 38714.6 0 0
128 107 64 38718.9 0 0
128 109 64 38723.1 0 0
129 107 64 38727.3 0 0
126 107 64 38731.6 0 0
127 111 64 38735.8 0 0
128 112 64 38739.9 0 0
128 111 64 38744.2 0 0
128 105 64 38748.4 0 0
128 105 64 38752.6 0 0
129 109 64 38758 0 0
126 117 64 38762.2 0 0
127 107 64 38766.4 0 0
130 114 64 38770.6 0 0
125 110 64 38774.8 0 0
127 109 64 38779.1 0 0
129 113 64 38783.3 0 0
127 113 64 38787.5 0 0
130 108 64 38791.7 0 0
127 109 64 38795.9 0 0
131 113 64 38800.1 0 0
127 111 64 38804.3 0 0
129 112 64 38808.6 0 0
127 113 64 38812.8 0 0
127 111 64 38817 0 0
127 111 64 38821.2 0 0
129 111 64 38825.4 0 0
125 112 64 38829.6 0 0
128 120 64 38833.8 0 0
124 140 63 38838.1 0 0
123 170 63 38842.3 0 0
123 198 63 38847.1 0 0
120 220 62 38851.3 0 0
123 225 62 38897.7 0 0
125 206 63 38901.9 0 0
123 189 63 38906.1 0 0
126 178 63 38910.3 0 0
127 154 64 38914.5 0 0
129 145 64 38918.7 0 0
128 131 64 38922.9 0 0
132 120 64 38927.2 0 0
129 116 64 38931.4 0 0
129 111 64 38935.6 0 0
130 113 64 38939.8 0 0
130 111 64 38944 0 0
131 112 64 38948.2 0 0
128 115 65 38952.4 0 0
129 111 65 38956.7 0 0
129 113 64 38963.4 0 0
129 110 64 38967.7 0 0
130 107 64 38971.9 0 0
130 111 65 38976.1 0 0
128 113 64 38980.3 0 0
129 109 64 38984.6 0 0
129 114 65 38988.8 0 0
129 111 65 38993 0 0
129 112 64 38997.2 0 0
131 110 65 39001.4 0 0
127 113 65 39005.7 0 0
129 110 64 39009.9 0 0
128 114 65 39014.1 0 0
131 109 65 39018.3 0 0
130 109 65 39022.5 0 0
128 111 65 39026.7 0 0
127 112 65 39030.9 0 0
128 113 64 39035.2 0 0
130 110 65 39039.4 0 0
129 110 65 39043.6 0 0
128 109 65 39047.8 0 0
131 112 65 39052 0 0
129 109 64 39056.2 0 0
127 112 65 39060.4 0 0
131 112 65 39064.7 0 0
129 115 65 39068.9 0 0
131 113 65 39073.1 0 0
128 110 65 39077.3 0 0
128 110 65 39081.5 0 0
128 113 65 39085.8 0 0
131 114 65 39090 0 0
128 111 65 39094.3 0 0
127 114 65 39098.5 0 0
129 110 65 39102.7 0 0
130 112 65 39106.9 0 0
128 115 65 39111.1 0 0
127 115 65 39115.3 0 0
128 116 65 39119.5 0 0
129 113 65 39123.8 0 0
129 108 65 39128 0 0
127 109 65 39132.2 0 0
129 109 65 39136.4 0 0
129 108 65 39140.6 0 0
129 107 65 39144.8 0 0
126 108 65 39149 0 0
124 108 65 39153.2 0 0
124 112 65 39157.5 0 0
126 108 65 39161.7 0 0
126 109 65 39165.9 0 0
127 112 65 39170.1 0 0
126 111 65 39174.3 0 0
125 109 65 39178.5 0 0
124 116 65 39182.7 0 0
126 113 65 39186.9 0 0
127 113 65 39191.8 0 0
128 116 65 39196 0 0
126 113 65 39200.2 0 0
127 116 65 39204.4 0 0
127 112 65 39208.6 0 0
127 118 65 39212.9 0 0
127 115 65 39217.1 0 0
126 108 65 39221.3 0 0
126 114 65 39225.6 0 0
125 112 65 39229.8 0 0
125 109 65 39234 0 0
126 111 65 39238.2 0 0
125 107 65 39242.5 0 0
125 106 65 39246.7 0 0
126 107 65 39251 0 0
125 107 65 39255.2 0 0
126 107 65 39259.4 0 0
126 106 65 39263.6 0 0
125 109 65 39267.8 0 0
123 107 65 39272 0 0
127 105 65 39276.2 0 0
125 109 65 39280.4 0 0
125 106 65 39284.7 0 0
126 105 65 39288.9 0 0
127 109 65 39293.1 0 0
124 107 65 39297.3 0 0
126 110 65 39301.5 0 0
126 111 65 39305.7 0 0
125 114 65 39309.9 0 0
126 117 65 39314.2 0 0
126 116 65 39318.4 0 0
124 111 64 39322.9 0 0
127 113 65 39327.1 0 0
127 111 65 39331.3 0 0
127 110 65 39335.6 0 0
123 106 65 39342.3 0 0
127 107 65 39346.6 0 0
125 106 65 39350.8 0 0
125 110 65 39355 0 0
125 109 65 39359.2 0 0
127 113 65 39363.4 0 0
124 116 65 39367.6 0 0
127 113 65 39371.8 0 0
125 107 65 39376.1 0 0
126 116 65 39380.3 0 0
127 114 65 39384.6 0 0
124 110 65 39388.8 0 0
124 111 65 39393 0 0
126 107 65 39397.2 0 0
126 105 65 39401.4 0 0
127 110 65 39405.6 0 0
127 114 65 39409.9 0 0
125 109 65 39414.1 0 0
125 114 65 39418.3 0 0
127 110 65 39422.6 0 0
126 115 65 39426.8 0 0
127 114 65 39431 0 0
126 114 65 39435.3 0 0
126 114 65 39439.6 0 0
124 115 65 39445.2 0 0
124 117 65 39449.4 0 0
126 113 65 39453.6 0 0
124 109 64 39457.8 0 0
124 107 65 39462.1 0 0
125 106 65 39466.3 0 0
126 106 65 39470.5 0 0
126 107 65 39474.7 0 0
126 107 65 39478.9 0 0
127 107 65 39483.2 0 0
125 107 65 39487.3 0 0
126 107 65 39491.6 0 0
125 108 64 39495.8 0 0
125 109 65 39500 0 0
125 106 65 39504.2 0 0
126 112 65 39508.4 0 0
125 112 65 39512.6 0 0
126 106 65 39516.8 0 0
123 111 64 39521.1 0 0
127 112 65 39525.3 0 0
126 109 65 39529.5 0 0
126 110 64 39533.7 0 0
123 112 65 39537.9 0 0
125 113 65 39542.2 0 0
129 114 64 39546.4 0 0
126 116 65 39550.6 0 0
127 108 65 39554.9 0 0
126 109 65 39559.1 0 0
127 108 65 39563.3 0 0
127 107 65 39567.5 0 0
126 106 65 39571.8 0 0
124 108 65 39576 0 0
125 110 65 39580.2 0 0
124 108 65 39584.4 0 0
126 107 65 39588.7 0 0
127 107 65 39592.9 0 0
125 111 65 39597.5 0 0
124 109 65 39601.7 0 0
124 107 65 39605.9 0 0
126 109 65 39610.1 0 0
127 109 65 39614.3 0 0
125 109 65 39618.5 0 0
125 109 65 39622.8 0 0
127 108 65 39627 0 0
127 108 65 39631.2 0 0
125 110 65 39635.4 0 0
126 109 65 39639.6 0 0
124 109 65 39643.8 0 0
124 113 65 39648 0 0
128 115 65 39652.2 0 0
128 114 65 39656.6 0 0
127 112 65 39660.8 0 0
127 116 65 39665.1 0 0
123 116 65 39669.2 0 0
124 115 65 39673.5 0 0
124 114 64 39677.7 0 0
129 108 65 39686.9 0 0
130 119 65 39691.2 0 0
124 117 65 39695.4 0 0
126 114 65 39699.6 0 0
128 108 65 39703.8 0 0
125 109 65 39708 0 0
125 108 64 39712.2 0 0
125 110 65 39716.4 0 0
128 107 65 39720.7 0 0
127 105 65 39724.9 0 0
126 110 65 39729.1 0 0
124 111 65 39733.3 0 0
128 107 65 39737.5 0 0
125 111 65 39741.7 0 0
124 113 65 39745.9 0 0
126 110 65 39750.2 0 0
126 112 65 39754.4 0 0
124 113 65 39758.6 0 0
125 114 65 39762.8 0 0
125 112 64 39767 0 0
127 112 65 39771.2 0 0
126 111 65 39775.5 0 0
126 113 65 39779.7 0 0
126 113 65 39784.1 0 0
124 111 65 39788.3 0 0
127 109 65 39792.5 0 0
127 111 65 39796.7 0 0
127 109 65 39800.9 0 0
126 109 64 39805.1 0 0
124 108 65 39809.3 0 0
125 117 65 39813.6 0 0
126 116 64 39817.8 0 0
125 113 65 39822.1 0 0
125 118 64 39826.3 0 0
124 140 64 39830.5 0 0
120 208 63 39834.7 0 0
116 238 62 39838.9 0 0
122 236 62 39888.3 0 0
123 216 63 39892.5 0 0
123 196 63 39896.7 0 0
129 182 63 39900.9 0 0
129 167 64 39905.1 0 0
126 148 64 39909.4 0 0
130 143 64 39913.6 0 0
127 130 64 39917.8 0 0
127 117 64 39922 0 0
132 116 64 39926.2 0 0
128 112 64 39930.4 0 0
130 110 65 39934.6 0 0
128 108 64 39938.9 0 0
129 107 65 39943.1 0 0
129 108 64 39950.2 0 0
129 110 64 39954.4 0 0
128 116 65 39958.6 0 0
128 116 64 39962.9 0 0
130 110 65 39967.1 0 0
129 111 64 39971.5 0 0
127 111 65 39975.8 0 0
128 109 65 39980 0 0
127 110 64 39984.2 0 0
128 110 64 39988.4 0 0
129 110 64 39992.6 0 0
126 113 64 39996.8 0 0
127 108 64 40001.1 0 0
128 111 64 40005.3 0 0
127 113 64 40009.5 0 0
128 113 64 40013.7 0 0
125 114 64 40017.9 0 0
129 115 65 40022.1 0 0
128 107 64 40026.3 0 0
128 109 64 40030.5 0 0
127 112 64 40037.6 0 0
127 111 64 40041.8 0 0
127 111 64 40046 0 0
130 109 65 40050.2 0 0
129 110 64 40054.4 0 0
128 105 65 40058.7 0 0
127 105 65 40062.9 0 0
128 111 64 40067.1 0 0
127 103 64 40071.4 0 0
127 108 64 40075.6 0 0
130 105 64 40079.8 0 0
127 104 64 40084 0 0
128 111 64 40088.2 0 0
129 106 64 40092.4 0 0
128 107 64 40096.7 0 0
126 111 64 40100.9 0 0
129 108 64 40105.1 0 0
126 111 64 40109.3 0 0
127 105 64 40113.5 0 0
127 106 64 40117.7 0 0
128 107 64 40122 0 0
130 108 64 40126.2 0 0
130 109 64 40130.4 0 0
132 110 64 40134.7 0 0
128 110 64 40141.5 0 0
127 111 64 40145.8 0 0
127 112 64 40150 0 0
128 110 64 40154.2 0 0
129 111 64 40158.5 0 0
131 110 64 40162.7 0 0
126 110 64 40166.9 0 0
128 107 64 40171.1 0 0
127 114 64 40175.3 0 0
127 109 64 40179.5 0 0
128 111 64 40183.8 0 0
126 112 64 40188 0 0
128 111 64 40192.3 0 0
128 109 64 40196.5 0 0
125 113 64 40200.7 0 0
125 104 64 40204.9 0 0
124 108 64 40209.1 0 0
122 107 64 40213.3 0 0
124 110 64 40217.6 0 0
126 113 64 40221.8 0 0
125 113 64 40226.1 0 0
126 111 64 40230.3 0 0
125 109 64 40234.5 0 0
125 118 64 40241.4 0 0
123 110 64 40245.7 0 0
126 111 64 40249.9 0 0
126 116 64 40254.3 0 0
124 113 64 40258.5 0 0
122 115 64 40262.7 0 0
124 116 64 40266.9 0 0
125 110 64 40271.1 0 0
127 112 64 40275.4 0 0
125 113 64 40279.8 0 0
124 107 64 40284 0 0
125 113 64 40288.2 0 0
123 109 64 40292.4 0 0
126 110 64 40296.7 0 0
125 109 64 40300.8 0 0
125 108 64 40305.2 0 0
125 113 64 40309.4 0 0
124 111 64 40316.4 0 0
124 114 64 40324.9 0 0
124 111 64 40333.1 0 0
123 113 64 40341.6 0 0
122 110 64 40349.8 0 0
126 110 64 40358.1 0 0
125 112 64 40366.3 0 0
125 112 64 40374.8 0 0
124 115 64 40382.7 0 0
124 111 64 40386.9 0 0
127 114 64 40391.3 0 0
124 108 64 40395.5 0 0
125 109 64 40399.8 0 0
124 107 64 40404 0 0
126 107 64 40408.2 0 0
124 104 63 40412.4 0 0
128 108 64 40416.6 0 0
123 109 64 40420.8 0 0
127 109 64 40425 0 0
124 115 64 40429.2 0 0
123 115 64 40433.5 0 0
124 116 64 40437.7 0 0
126 115 64 40441.9 0 0
125 114 64 40446.1 0 0
125 116 64 40450.3 0 0
125 118 64 40454.5 0 0
125 115 64 40458.7 0 0
122 115 64 40463 0 0
125 115 64 40467.2 0 0
123 114 64 40471.4 0 0
125 115 64 40475.6 0 0
126 116 64 40479.8 0 0
126 111 64 40484.1 0 0
126 111 64 40488.3 0 0
122 111 64 40492.5 0 0
125 108 64 40496.7 0 0
125 109 64 40501 0 0
125 112 64 40505.2 0 0
126 112 64 40509.4 0 0
123 115 64 40516.4 0 0
126 116 64 40520.6 0 0
125 118 64 40524.8 0 0
126 111 64 40529.1 0 0
125 112 64 40533.5 0 0
123 116 64 40537.7 0 0
125 112 64 40541.9 0 0
125 114 64 40546.1 0 0
125 113 63 40550.3 0 0
126 109 63 40554.5 0 0
124 111 64 40558.7 0 0
126 111 63 40563 0 0
125 117 64 40567.2 0 0
125 115 64 40571.5 0 0
124 111 63 40575.7 0 0
125 114 64 40579.9 0 0
126 113 64 40584.1 0 0
126 115 64 40588.3 0 0
127 113 64 40592.5 0 0
127 113 64 40596.8 0 0
127 116 64 40601.5 0 0
124 115 64 40605.7 0 0
124 116 64 40609.9 0 0
124 117 64 40614.1 0 0
125 115 64 40618.3 0 0
125 114 64 40622.6 0 0
125 111 64 40626.8 0 0
124 107 64 40631 0 0
126 107 64 40635.7 0 0
124 109 64 40639.9 0 0
125 107 64 40644.1 0 0
125 108 64 40648.3 0 0
125 109 64 40652.5 0 0
124 108 64 40656.7 0 0
124 111 64 40660.9 0 0
126 111 64 40665.2 0 0
125 114 64 40669.4 0 0
124 114 64 40673.6 0 0
126 113 64 40677.8 0 0
125 113 64 40682 0 0
127 115 64 40686.3 0 0
125 110 64 40690.5 0 0
122 113 64 40694.7 0 0
127 114 64 40698.9 0 0
126 113 64 40703.1 0 0
125 115 64 40707.3 0 0
124 114 64 40711.6 0 0
124 111 64 40715.8 0 0
123 113 64 40720 0 0
123 115 65 40724.2 0 0
126 110 65 40728.5 0 0
124 113 64 40732.7 0 0
126 109 64 40736.9 0 0
124 116 64 40741.1 0 0
124 111 64 40745.3 0 0
128 109 64 40749.5 0 0
124 113 65 40753.8 0 0
126 112 64 40758.1 0 0
124 113 64 40762.3 0 0
125 112 64 40766.5 0 0
126 111 64 40770.7 0 0
123 115 65 40774.9 0 0
126 113 65 40779.1 0 0
125 112 64 40783.3 0 0
125 114 65 40787.6 0 0
124 112 65 40791.8 0 0
126 111 65 40796 0 0
127 112 65 40800.2 0 0
126 112 65 40804.4 0 0
125 113 64 40808.6 0 0
123 111 65 40812.8 0 0
125 112 65 40817.1 0 0
126 111 65 40821.3 0 0
125 109 65 40825.5 0 0
123 109 65 40829.7 0 0
125 108 64 40833.9 0 0
125 105 64 40838.1 0 0
127 112 65 40842.3 0 0
126 115 65 40846.6 0 0
124 112 65 40850.8 0 0
126 111 65 40857.6 0 0
127 113 65 40861.8 0 0
124 111 65 40866 0 0
126 111 65 40870.2 0 0
125 113 65 40874.4 0 0
126 109 65 40878.8 0 0
125 114 65 40883.1 0 0
126 113 65 40887.3 0 0
124 111 65 40891.5 0 0
126 110 65 40895.7 0 0
127 111 65 40899.9 0 0
126 112 65 40904.1 0 0
123 110 65 40908.6 0 0
125 113 65 40912.8 0 0
127 111 65 40917 0 0
125 108 65 40921.2 0 0
127 112 65 40925.4 0 0
123 109 65 40929.7 0 0
126 109 66 40933.9 0 0
127 110 65 40938.1 0 0
125 109 65 40945.2 0 0
127 111 66 40949.5 0 0
123 113 65 40953.7 0 0
127 110 65 40957.9 0 0
127 113 66 40962.1 0 0
125 113 65 40966.3 0 0
125 113 65 40970.6 0 0
126 109 65 40974.8 0 0
124 113 65 40979 0 0
127 109 65 40983.2 0 0
124 111 65 40987.4 0 0
123 113 66 40991.7 0 0
126 111 66 40995.9 0 0
128 112 65 41000.1 0 0
125 113 66 41004.3 0 0
126 113 65 41008.5 0 0
127 114 66 41012.7 0 0
124 109 65 41016.9 0 0
126 111 65 41021.1 0 0
125 109 65 41025.4 0 0
124 112 65 41029.6 0 0
125 110 66 41033.8 0 0
126 113 65 41038 0 0
125 114 65 41045.1 0 0
126 115 66 41049.3 0 0
125 113 66 41053.5 0 0
125 106 66 41057.7 0 0
127 113 66 41061.9 0 0
124 114 66 41066.8 0 0
126 110 66 41071 0 0
124 108 66 41075.2 0 0
125 113 65 41079.4 0 0
124 110 65 41083.6 0 0
125 110 66 41087.8 0 0
125 113 66 41092.1 0 0
124 112 65 41096.4 0 0
124 115 66 41100.6 0 0
125 112 66 41107.3 0 0
126 114 66 41111.6 0 0
125 116 66 41115.8 0 0
127 112 66 41120 0 0
127 113 65 41124.2 0 0
125 115 66 41128.4 0 0
124 114 66 41132.6 0 0
126 111 66 41136.8 0 0
127 113 66 41141.1 0 0
128 109 66 41145.3 0 0
123 107 66 41149.5 0 0
125 110 66 41153.7 0 0
127 108 66 41157.9 0 0
128 115 66 41162.2 0 0
128 113 66 41166.4 0 0
127 113 66 41170.6 0 0
123 115 66 41174.8 0 0
127 111 66 41179 0 0
129 114 66 41183.2 0 0
124 112 66 41187.5 0 0
124 111 65 41191.8 0 0
128 112 66 41196 0 0
127 113 66 41200.2 0 0
126 109 66 41204.4 0 0
126 109 66 41208.6 0 0
125 115 66 41215.7 0 0
126 109 66 41220 0 0
127 113 66 41224.2 0 0
126 112 66 41228.4 0 0
127 109 66 41232.6 0 0
125 108 66 41236.8 0 0
126 111 66 41241 0 0
126 111 66 41245.3 0 0
126 108 66 41249.5 0 0
123 111 66 41253.7 0 0
127 110 66 41257.9 0 0
125 110 66 41262.2 0 0
126 109 66 41266.4 0 0
124 113 66 41270.6 0 0
125 112 66 41274.8 0 0
128 111 66 41279 0 0
124 114 66 41283.3 0 0
125 109 66 41287.5 0 0
124 110 66 41291.7 0 0
126 109 66 41295.9 0 0
126 110 66 41300.1 0 0
129 107 66 41304.3 0 0
125 108 66 41308.6 0 0
124 109 66 41312.8 0 0
126 106 66 41319.6 0 0
125 106 66 41323.9 0 0
128 115 66 41328.1 0 0
125 113 66 41332.3 0 0
124 113 66 41336.5 0 0
125 116 66 41340.7 0 0
125 113 66 41344.9 0 0
124 111 66 41349.2 0 0
125 110 66 41353.4 0 0
126 113 66 41357.6 0 0
126 111 66 41361.8 0 0
125 107 66 41366 0 0
126 111 66 41370.2 0 0
126 109 66 41374.4 0 0
126 105 67 41378.7 0 0
125 109 66 41382.9 0 0
126 107 66 41387.1 0 0
125 108 67 41391.3 0 0
126 107 66 41395.6 0 0
125 111 66 41399.8 0 0
122 108 66 41404.1 0 0
125 108 66 41408.4 0 0
124 111 66 41412.6 0 0
124 106 66 41419.7 0 0
126 111 66 41423.9 0 0
123 109 66 41428.1 0 0
129 104 66 41432.4 0 0
125 109 66 41436.6 0 0
124 107 66 41440.8 0 0
126 108 66 41445 0 0
126 105 66 41449.2 0 0
127 108 66 41453.4 0 0
127 113 66 41457.7 0 0
127 108 67 41461.9 0 0
126 109 66 41466.1 0 0
126 111 66 41470.3 0 0
124 111 66 41474.6 0 0
125 111 66 41478.8 0 0
126 111 66 41483 0 0
125 111 66 41487.2 0 0
124 108 66 41491.4 0 0
127 112 66 41495.6 0 0
126 107 66 41499.8 0 0
123 111 66 41504.3 0 0
127 112 66 41508.5 0 0
127 110 66 41515.4 0 0
125 104 66 41519.6 0 0
125 109 66 41523.9 0 0
128 111 66 41528.2 0 0
127 110 66 41532.5 0 0
125 110 66 41536.8 0 0
125 105 66 41541 0 0
127 114 66 41545.2 0 0
126 108 66 41549.4 0 0
126 107 66 41553.6 0 0
125 109 66 41557.8 0 0
125 109 66 41562 0 0
122 108 66 41566.8 0 0
127 106 66 41571 0 0
127 109 66 41577.8 0 0
125 105 66 41582.1 0 0
124 107 66 41586.3 0 0
127 105 67 41590.5 0 0
126 103 66 41594.8 0 0
125 109 66 41599 0 0
127 105 66 41603.2 0 0
127 112 66 41607.4 0 0
127 111 66 41611.6 0 0
126 110 66 41615.8 0 0
127 109 67 41620 0 0
126 113 66 41624.2 0 0
125 111 66 41628.5 0 0
126 108 66 41632.8 0 0
126 110 66 41637 0 0
127 110 66 41641.2 0 0
127 110 66 41645.4 0 0
125 111 66 41649.7 0 0
127 111 66 41653.9 0 0
124 107 66 41658.1 0 0
126 110 66 41662.3 0 0
125 112 66 41666.5 0 0
124 112 66 41670.7 0 0
125 111 66 41674.9 0 0
126 110 66 41679.1 0 0
124 110 66 41686 0 0
126 109 66 41690.4 0 0
125 109 66 41694.7 0 0
128 105 66 41698.9 0 0
126 109 66 41703.1 0 0
124 108 66 41707.3 0 0
128 110 66 41711.5 0 0
124 111 66 41715.7 0 0
127 109 66 41719.9 0 0
127 107 66 41724.2 0 0
126 108 66 41728.4 0 0
126 108 66 41732.6 0 0
125 109 66 41736.8 0 0
126 107 66 41741 0 0
126 108 66 41745.2 0 0
125 109 66 41749.4 0 0
120 111 66 41754.3 0 0
127 111 67 41758.5 0 0
128 106 66 41765.2 0 0
124 107 66 41769.4 0 0
127 108 66 41773.6 0 0
127 110 66 41777.8 0 0
124 109 66 41782.1 0 0
127 111 66 41786.3 0 0
127 108 66 41790.5 0 0
128 110 66 41794.7 0 0
126 110 66 41798.9 0 0
127 111 66 41803.1 0 0
127 110 66 41807.3 0 0
127 108 66 41811.5 0 0
126 114 66 41815.8 0 0
124 111 66 41820 0 0
126 111 66 41824.2 0 0
126 107 66 41828.4 0 0
128 111 66 41832.6 0 0
129 111 66 41836.8 0 0
125 107 66 41841 0 0
126 111 66 41845.4 0 0
127 110 66 41849.6 0 0
127 105 66 41853.9 0 0
126 108 66 41858.1 0 0
127 108 66 41862.3 0 0
125 109 66 41866.5 0 0
127 109 66 41873.3 0 0
128 113 66 41877.6 0 0
126 112 66 41881.8 0 0
125 105 66 41886.1 0 0
128 108 66 41890.3 0 0
126 110 66 41894.5 0 0
126 107 66 41898.7 0 0
125 108 66 41902.9 0 0
127 113 65 41907.2 0 0
126 111 66 41911.4 0 0
125 110 66 41915.6 0 0
126 108 66 41919.8 0 0
127 111 66 41924.1 0 0
123 109 65 41928.3 0 0
125 104 66 41932.5 0 0
127 109 66 41936.7 0 0
127 106 65 41941 0 0
128 113 65 41945.2 0 0
127 109 65 41949.4 0 0
124 107 66 41953.6 0 0
128 104 65 41957.8 0 0
127 104 65 41962 0 0
126 111 66 41966.3 0 0
126 111 66 41970.6 0 0
126 106 65 41976.5 0 0
126 111 65 41980.7 0 0
128 104 65 41984.9 0 0
125 105 65 41989.1 0 0
129 109 66 41993.3 0 0
128 108 66 41997.5 0 0
127 110 65 42001.8 0 0
126 110 66 42006 0 0
127 112 66 42010.2 0 0
128 113 65 42014.4 0 0
126 112 65 42018.6 0 0
126 111 65 42022.8 0 0
123 110 66 42027.1 0 0
