127 129 57 64046.4 0 0
127 130 58 64050.6 0 0
129 130 58 64054.8 0 0
130 126 57 64059.1 0 0
128 125 57 64063.3 0 0
129 129 57 64067.5 0 0
125 127 58 64071.7 0 0
129 130 57 64075.9 0 0
128 126 57 64080.1 0 0
126 126 57 64084.3 0 0
129 125 57 64088.6 0 0
130 128 57 64092.8 0 0
127 130 57 64097 0 0
130 130 57 64101.2 0 0
131 129 58 64105.4 0 0
128 129 57 64109.7 0 0
129 131 58 64113.8 0 0
127 132 58 64118.1 0 0
128 128 58 64122.3 0 0
130 128 58 64126.5 0 0
130 131 58 64130.7 0 0
128 128 57 64135 0 0
128 132 58 64139.2 0 0
128 126 58 64143.4 0 0
126 131 57 64147.6 0 0
127 129 57 64151.8 0 0
129 133 58 64156.1 0 0
128 127 58 64160.3 0 0
131 133 58 64164.6 0 0
127 126 57 64168.8 0 0
129 131 57 64173 0 0
129 129 57 64177.2 0 0
128 130 58 64181.4 0 0
129 127 58 64185.6 0 0
129 129 57 64189.8 0 0
130 128 58 64194.1 0 0
131 129 58 64198.3 0 0
128 131 58 64202.5 0 0
129 130 58 64206.7 0 0
129 128 58 64210.9 0 0
129 130 58 64215.1 0 0
128 127 58 64219.4 0 0
129 132 58 64223.6 0 0
129 130 57 64227.9 0 0
127 129 58 64232.1 0 0
130 127 58 64236.3 0 0
128 125 58 64240.5 0 0
127 129 58 64244.7 0 0
128 128 58 64248.9 0 0
128 127 58 64253.2 0 0
130 131 58 64257.4 0 0
127 124 58 64261.6 0 0
128 130 58 64265.8 0 0
128 132 58 64270 0 0
129 127 58 64274.2 0 0
129 130 58 64278.4 0 0
129 129 58 64282.6 0 0
130 129 58 64286.8 0 0
127 131 58 64291 0 0
132 128 58 64295.2 0 0
128 132 58 64299.5 0 0
127 128 58 64303.7 0 0
130 127 58 64307.9 0 0
129 130 58 64312.3 0 0
126 127 58 64316.6 0 0
127 128 58 64321 0 0
127 127 58 64325.2 0 0
127 128 58 64329.4 0 0
128 131 58 64333.6 0 0
127 129 58 64337.8 0 0
129 130 58 64342.1 0 0
130 124 58 64346.3 0 0
128 127 58 64350.5 0 0
129 127 58 64354.7 0 0
128 126 58 64359 0 0
130 132 58 64363.2 0 0
130 127 58 64367.4 0 0
128 131 58 64371.6 0 0
125 128 58 64375.8 0 0
130 128 58 64380 0 0
128 125 58 64384.4 0 0
129 127 58 64388.6 0 0
129 131 58 64392.8 0 0
128 128 58 64397 0 0
126 125 58 64401.2 0 0
128 130 58 64405.5 0 0
129 128 57 64409.8 0 0
126 126 58 64414.1 0 0
128 128 58 64418.3 0 0
125 129 58 64422.5 0 0
129 132 58 64426.8 0 0
130 128 57 64431 0 0
129 132 58 64435.2 0 0
127 133 57 64439.4 0 0
127 128 57 64443.7 0 0
127 131 57 64448.1 0 0
127 129 57 64452.3 0 0
128 130 57 64456.5 0 0
127 130 57 64460.7 0 0
128 127 57 64464.9 0 0
127 127 57 64469.1 0 0
130 130 56 64473.4 0 0
128 128 57 64477.6 0 0
128 129 56 64481.8 0 0
128 131 56 64486.1 0 0
129 137 56 64490.2 0 0
127 128 56 64494.4 0 0
130 127 56 64498.7 0 0
128 128 56 64502.9 0 0
127 129 56 64507.1 0 0
125 130 56 64511.3 0 0
130 126 55 64515.6 0 0
129 123 55 64519.8 0 0
127 122 55 64524 0 0
127 126 55 64528.2 0 0
130 124 55 64532.4 0 0
129 123 55 64536.7 0 0
129 125 55 64540.9 0 0
128 120 54 64545.1 0 0
130 125 55 64549.4 0 0
129 132 54 64553.6 0 0
130 131 54 64557.8 0 0
128 133 54 64562 0 0
126 123 54 64566.2 0 0
129 124 54 64570.5 0 0
127 128 54 64574.7 0 0
128 129 54 64578.9 0 0
128 130 54 64583.1 0 0
130 130 54 64587.4 0 0
131 126 54 64591.6 0 0
131 129 54 64595.8 0 0
127 128 54 64600.1 0 0
128 130 54 64604.3 0 0
128 127 53 64608.5 0 0
128 130 54 64612.7 0 0
135 129 54 64616.9 0 0
142 139 54 64621.1 0 0
152 135 53 64625.4 0 0
158 144 53 64629.8 0 0
175 144 52 64634 0 0
181 154 52 64638.2 0 0
187 168 52 64642.4 0 0
192 167 52 64646.6 0 0
199 173 51 64650.8 0 0
204 171 51 64655 0 0
210 168 50 64659.2 0 0
216 173 50 64663.5 0 0
216 173 50 64667.7 0 0
215 169 50 64671.9 0 0
215 172 50 64676.2 0 0
214 174 50 64680.5 0 0
214 176 50 64684.7 0 0
216 175 50 64688.9 0 0
216 175 50 64693.2 0 0
217 175 50 64697.4 0 0
218 176 50 64701.6 0 0
216 178 50 64705.8 0 0
215 170 50 64710 0 0
217 175 50 64714.2 0 0
218 173 50 64718.4 0 0
215 172 50 64722.6 0 0
219 176 50 64726.9 0 0
220 171 50 64731.1 0 0
216 175 50 64735.3 0 0
218 176 50 64739.5 0 0
219 177 50 64743.7 0 0
218 178 50 64747.9 0 0
216 177 50 64752.2 0 0
217 178 50 64756.4 0 0
218 177 50 64760.6 0 0
213 172 50 64764.8 0 0
218 171 50 64769 0 0
212 173 50 64773.2 0 0
215 172 50 64777.4 0 0
215 171 50 64781.6 0 0
217 170 50 64785.9 0 0
216 171 50 64790.3 0 0
214 171 50 64794.5 0 0
216 172 50 64798.8 0 0
216 171 50 64803 0 0
215 173 50 64807.2 0 0
214 172 50 64811.4 0 0
217 171 50 64815.6 0 0
214 176 50 64819.9 0 0
206 183 50 64824.1 0 0
199 193 50 64828.3 0 0
192 197 50 64832.5 0 0
191 202 50 64836.8 0 0
194 207 51 64841 0 0
193 207 50 64845.2 0 0
192 207 51 64849.5 0 0
192 209 51 64853.7 0 0
190 209 51 64857.9 0 0
191 203 51 64862.1 0 0
189 210 51 64866.3 0 0
191 206 51 64870.5 0 0
188 210 51 64874.7 0 0
192 208 51 64878.9 0 0
190 210 51 64883.2 0 0
189 209 51 64887.4 0 0
189 209 51 64891.6 0 0
189 209 51 64895.8 0 0
189 207 51 64900 0 0
188 212 51 64904.2 0 0
187 211 51 64908.4 0 0
191 209 51 64912.7 0 0
189 210 51 64916.9 0 0
186 212 51 64921.1 0 0
191 211 51 64925.3 0 0
189 216 51 64929.5 0 0
187 215 51 64933.8 0 0
189 215 51 64938 0 0
196 217 51 64942.2 0 0
193 197 51 64947.1 0 0
199 165 51 64951.3 0 0
212 144 51 64955.5 0 0
212 124 50 64959.7 0 0
215 115 50 64963.9 0 0
216 105 50 64968.1 0 0
221 91 50 64972.3 0 0
220 79 50 64976.6 0 0
221 78 50 64980.9 0 0
228 73 50 64985.1 0 0
221 74 50 64989.3 0 0
222 76 50 64993.5 0 0
219 76 50 64997.7 0 0
221 76 50 65001.9 0 0
224 73 50 65006.2 0 0
221 72 50 65010.4 0 0
222 72 51 65014.6 0 0
221 76 50 65018.8 0 0
221 73 50 65023.1 0 0
224 77 50 65027.3 0 0
219 72 51 65031.5 0 0
222 76 50 65035.7 0 0
221 76 51 65039.9 0 0
222 73 51 65044.1 0 0
224 75 51 65048.4 0 0
223 73 51 65052.6 0 0
224 72 51 65056.8 0 0
222 75 51 65061.1 0 0
221 73 51 65065.4 0 0
219 75 51 65069.8 0 0
225 72 51 65074 0 0
222 73 51 65078.2 0 0
224 75 51 65082.4 0 0
223 73 51 65086.6 0 0
221 75 51 65090.8 0 0
221 72 51 65095 0 0
223 73 51 65099.3 0 0
222 73 51 65103.5 0 0
225 74 51 65107.7 0 0
221 71 51 65111.9 0 0
221 74 51 65116.1 0 0
223 72 51 65120.3 0 0
225 71 51 65124.6 0 0
224 71 51 65128.8 0 0
224 71 51 65133 0 0
221 73 51 65137.2 0 0
221 74 51 65141.4 0 0
227 72 51 65145.6 0 0
221 74 51 65149.8 0 0
223 73 51 65154.1 0 0
222 73 51 65158.3 0 0
225 69 51 65162.5 0 0
222 73 51 65166.8 0 0
226 73 51 65171 0 0
224 73 51 65175.2 0 0
224 72 51 65179.4 0 0
223 71 51 65183.6 0 0
223 70 51 65187.9 0 0
227 68 51 65192.1 0 0
222 73 52 65196.6 0 0
222 72 51 65200.8 0 0
224 71 51 65205 0 0
223 72 51 65209.2 0 0
225 72 52 65213.4 0 0
224 67 51 65217.6 0 0
223 73 52 65221.8 0 0
223 69 52 65226 0 0
222 70 51 65230.3 0 0
226 67 52 65234.5 0 0
231 71 51 65238.7 0 0
231 72 51 65242.9 0 0
228 73 51 65247.1 0 0
230 70 52 65251.3 0 0
226 72 51 65255.6 0 0
231 71 52 65259.8 0 0
228 69 51 65264 0 0
228 72 51 65268.2 0 0
229 71 51 65272.4 0 0
230 71 51 65276.7 0 0
229 69 51 65280.9 0 0
227 70 51 65285.1 0 0
229 71 52 65289.4 0 0
226 65 52 65293.7 0 0
226 67 52 65297.9 0 0
225 68 52 65302.1 0 0
226 69 52 65306.3 0 0
228 65 52 65310.6 0 0
228 69 52 65314.8 0 0
227 65 52 65319 0 0
225 69 52 65323.3 0 0
227 66 52 65327.5 0 0
229 66 52 65331.7 0 0
227 69 52 65335.9 0 0
229 65 52 65340.1 0 0
227 69 52 65344.4 0 0
231 67 52 65348.6 0 0
228 70 52 65352.8 0 0
228 69 52 65357 0 0
227 67 52 65361.2 0 0
229 69 52 65365.4 0 0
228 68 52 65369.6 0 0
228 65 52 65373.8 0 0
230 66 52 65378 0 0
226 66 52 65382.3 0 0
230 67 52 65386.5 0 0
227 67 52 65390.7 0 0
229 65 52 65394.9 0 0
229 65 52 65399.1 0 0
228 65 52 65403.5 0 0
226 66 52 65407.7 0 0
228 67 52 65412 0 0
227 66 52 65416.2 0 0
228 65 52 65420.4 0 0
230 65 52 65424.6 0 0
226 67 52 65428.8 0 0
229 68 52 65433 0 0
227 66 52 65437.2 0 0
229 67 52 65441.4 0 0
229 66 52 65445.7 0 0
228 64 52 65449.9 0 0
231 64 52 65454.1 0 0
227 67 52 65458.3 0 0
228 66 52 65462.5 0 0
225 66 52 65466.7 0 0
226 64 52 65471 0 0
227 67 52 65475.2 0 0
225 67 52 65479.6 0 0
225 64 52 65483.8 0 0
227 65 52 65488 0 0
226 66 52 65492.2 0 0
229 65 52 65496.4 0 0
230 64 52 65500.6 0 0
226 66 52 65504.9 0 0
230 66 52 65509.2 0 0
230 62 52 65513.5 0 0
228 67 52 65517.7 0 0
225 63 52 65521.9 0 0
231 62 52 65526.1 0 0
229 67 52 65530.3 0 0
229 63 52 65534.6 0 0
229 67 52 65538.8 0 0
229 66 52 65543 0 0
229 64 52 65547.2 0 0
228 64 52 65551.4 0 0
229 61 53 65555.6 0 0
229 63 52 65559.8 0 0
228 66 52 65564.1 0 0
228 64 52 65568.3 0 0
229 64 52 65572.5 0 0
228 61 52 65576.7 0 0
226 64 52 65580.9 0 0
231 66 52 65585.1 0 0
230 63 53 65589.3 0 0
229 65 52 65593.6 0 0
226 59 52 65597.8 0 0
227 65 52 65602 0 0
228 64 53 65606.2 0 0
224 61 52 65610.4 0 0
225 67 52 65614.6 0 0
229 61 53 65618.8 0 0
224 63 53 65623 0 0
228 65 52 65627.2 0 0
228 68 52 65631.6 0 0
230 65 53 65635.8 0 0
231 66 53 65640.1 0 0
228 66 53 65644.2 0 0
225 66 53 65648.4 0 0
227 65 53 65652.6 0 0
231 65 52 65656.9 0 0
228 66 53 65661.1 0 0
229 65 53 65665.3 0 0
229 68 53 65669.5 0 0
228 62 53 65673.7 0 0
229 65 53 65677.9 0 0
226 62 53 65682.1 0 0
228 61 53 65686.4 0 0
227 66 53 65690.6 0 0
227 64 53 65694.8 0 0
227 63 53 65699 0 0
224 63 53 65703.2 0 0
229 61 53 65707.4 0 0
229 66 53 65711.6 0 0
231 67 53 65715.9 0 0
228 65 53 65720.1 0 0
230 65 53 65724.4 0 0
229 66 53 65728.7 0 0
228 61 53 65732.9 0 0
228 64 53 65737.1 0 0
230 64 53 65741.3 0 0
228 66 53 65745.5 0 0
229 64 53 65749.7 0 0
228 64 53 65753.9 0 0
229 65 53 65758.1 0 0
228 68 53 65762.4 0 0
226 65 53 65766.6 0 0
231 67 53 65770.8 0 0
233 64 53 65775 0 0
228 65 53 65779.2 0 0
229 67 53 65783.4 0 0
229 65 53 65787.6 0 0
230 66 53 65791.8 0 0
227 68 53 65796.1 0 0
219 70 53 65800.3 0 0
210 79 54 65804.5 0 0
197 88 54 65808.7 0 0
192 99 54 65812.9 0 0
184 102 55 65817.2 0 0
179 111 56 65821.8 0 0
167 126 55 65826 0 0
164 146 55 65830.2 0 0
156 150 55 65834.4 0 0
148 159 56 65838.6 0 0
142 156 56 65842.9 0 0
134 168 55 65847.1 0 0
130 165 56 65851.3 0 0
129 175 56 65855.6 0 0
125 176 56 65859.8 0 0
126 173 56 65864 0 0
129 171 56 65868.2 0 0
128 175 56 65872.4 0 0
131 181 56 65876.6 0 0
128 179 56 65880.9 0 0
129 182 56 65885.1 0 0
125 188 56 65889.3 0 0
129 178 56 65893.5 0 0
129 192 56 65897.7 0 0
128 192 56 65901.9 0 0
127 183 56 65906.2 0 0
129 181 56 65910.4 0 0
127 184 56 65914.6 0 0
126 184 56 65918.9 0 0
127 183 56 65923.1 0 0
127 185 56 65927.3 0 0
125 184 55 65931.5 0 0
126 182 56 65935.8 0 0
129 188 56 65940 0 0
129 186 56 65944.2 0 0
129 185 56 65948.4 0 0
130 184 56 65952.7 0 0
125 186 56 65956.9 0 0
128 184 56 65961.1 0 0
127 177 56 65965.3 0 0
126 182 56 65969.5 0 0
132 181 56 65973.8 0 0
130 179 56 65978 0 0
130 184 56 65982.3 0 0
129 174 56 65986.5 0 0
128 181 56 65990.8 0 0
127 180 56 65995 0 0
131 181 56 65999.2 0 0
128 180 56 66003.4 0 0
128 180 56 66007.6 0 0
128 182 56 66012.6 0 0
127 181 56 66016.8 0 0
130 181 56 66021 0 0
125 179 56 66025.2 0 0
126 176 56 66029.4 0 0
118 183 56 66033.7 0 0
107 183 56 66038 0 0
98 189 56 66042.2 0 0
91 198 56 66046.4 0 0
86 197 56 66050.7 0 0
81 199 56 66054.9 0 0
79 199 56 66059.1 0 0
81 203 56 66063.3 0 0
84 203 56 66067.5 0 0
86 203 56 66071.7 0 0
84 201 56 66075.9 0 0
80 201 56 66080.2 0 0
80 200 56 66084.4 0 0
82 202 56 66088.6 0 0
80 202 56 66092.8 0 0
80 202 56 66097 0 0
83 202 56 66101.2 0 0
81 201 56 66105.5 0 0
84 202 56 66109.7 0 0
78 198 56 66113.9 0 0
81 200 56 66118.1 0 0
82 200 56 66122.3 0 0
85 201 56 66126.5 0 0
79 201 56 66130.8 0 0
83 201 56 66135 0 0
82 199 56 66139.2 0 0
82 200 56 66143.5 0 0
79 199 56 66147.7 0 0
78 200 56 66151.9 0 0
81 202 56 66156.1 0 0
82 200 56 66160.4 0 0
81 201 56 66165.2 0 0
81 199 56 66169.4 0 0
80 203 56 66173.6 0 0
83 203 56 66177.8 0 0
81 203 56 66182 0 0
80 199 56 66186.2 0 0
82 206 56 66190.5 0 0
81 201 56 66194.7 0 0
81 199 56 66198.9 0 0
81 207 56 66203.1 0 0
79 200 56 66207.3 0 0
77 203 56 66211.6 0 0
81 203 56 66215.8 0 0
82 199 56 66220 0 0
78 202 56 66224.2 0 0
70 198 56 66228.4 0 0
62 188 56 66232.7 0 0
55 182 56 66236.9 0 0
47 183 55 66241.1 0 0
38 179 55 66245.3 0 0
36 170 55 66249.5 0 0
34 173 55 66253.7 0 0
39 172 55 66257.9 0 0
40 176 55 66262.2 0 0
41 174 55 66266.4 0 0
38 178 55 66270.6 0 0
34 172 55 66274.8 0 0
36 172 55 66279 0 0
36 173 55 66283.2 0 0
35 173 55 66287.4 0 0
37 172 55 66291.6 0 0
36 172 55 66295.9 0 0
37 172 54 66300.2 0 0
35 171 54 66304.4 0 0
37 175 55 66308.6 0 0
33 172 55 66312.8 0 0
35 172 55 66317 0 0
36 172 54 66321.6 0 0
37 172 54 66325.9 0 0
36 175 55 66330.1 0 0
34 171 55 66334.3 0 0
37 172 55 66338.5 0 0
33 171 55 66342.7 0 0
35 177 55 66346.9 0 0
37 180 55 66351.2 0 0
35 177 55 66355.4 0 0
34 174 55 66359.6 0 0
38 176 55 66363.8 0 0
34 172 55 66368 0 0
36 176 54 66372.3 0 0
35 175 55 66376.5 0 0
36 174 54 66380.8 0 0
36 175 55 66385 0 0
33 177 54 66389.2 0 0
32 174 55 66393.4 0 0
35 178 54 66397.6 0 0
34 174 55 66401.8 0 0
36 178 55 66406.1 0 0
34 176 55 66410.3 0 0
35 175 55 66414.5 0 0
36 180 55 66418.7 0 0
37 175 54 66423 0 0
34 172 54 66427.2 0 0
34 173 55 66431.4 0 0
34 175 54 66435.6 0 0
35 175 54 66439.8 0 0
35 172 54 66444.1 0 0
34 172 55 66448.3 0 0
33 171 55 66452.5 0 0
36 172 54 66456.7 0 0
33 173 54 66460.9 0 0
36 173 55 66465.1 0 0
35 173 54 66469.3 0 0
35 173 54 66473.6 0 0
36 172 54 66477.8 0 0
34 173 55 66482 0 0
36 172 54 66486.2 0 0
34 176 54 66490.4 0 0
35 172 54 66494.6 0 0
35 176 54 66498.9 0 0
35 171 55 66505.6 0 0
35 171 54 66509.9 0 0
42 179 55 66514.1 0 0
54 177 56 66518.3 0 0
66 186 56 66522.5 0 0
75 192 56 66526.7 0 0
86 197 56 66530.9 0 0
97 198 56 66535.2 0 0
108 203 56 66539.4 0 0
116 200 56 66543.6 0 0
120 203 56 66547.8 0 0
131 208 55 66552.1 0 0
135 211 55 66556.3 0 0
141 208 55 66560.5 0 0
145 208 55 66564.7 0 0
149 210 54 66568.9 0 0
146 211 54 66573.2 0 0
145 210 54 66577.4 0 0
141 211 54 66581.6 0 0
146 211 55 66585.8 0 0
150 214 54 66590.2 0 0
151 213 54 66594.4 0 0
148 213 55 66598.6 0 0
150 211 54 66605.5 0 0
148 213 54 66609.8 0 0
148 212 54 66614 0 0
148 212 55 66618.2 0 0
148 212 55 66622.4 0 0
147 214 55 66626.6 0 0
146 214 54 66630.9 0 0
147 212 55 66635.4 0 0
146 214 54 66639.6 0 0
149 216 54 66643.8 0 0
148 214 54 66648 0 0
149 216 55 66652.2 0 0
145 214 54 66656.4 0 0
150 215 54 66660.6 0 0
148 216 54 66664.9 0 0
149 210 54 66669.1 0 0
147 209 55 66673.3 0 0
152 212 55 66677.5 0 0
168 214 55 66681.7 0 0
180 212 55 66685.9 0 0
187 213 55 66690.1 0 0
187 213 55 66694.4 0 0
195 214 54 66700.1 0 0
197 211 54 66704.3 0 0
200 209 53 66708.5 0 0
197 209 53 66712.7 0 0
195 206 53 66716.9 0 0
195 207 54 66721.1 0 0
198 210 53 66725.3 0 0
198 208 53 66730.1 0 0
201 208 54 66734.3 0 0
198 209 54 66738.5 0 0
199 209 54 66742.7 0 0
201 211 53 66746.9 0 0
202 211 53 66751.1 0 0
197 212 53 66755.4 0 0
199 216 53 66759.6 0 0
198 216 53 66763.9 0 0
197 211 53 66768.1 0 0
199 215 53 66772.3 0 0
199 215 54 66776.5 0 0
197 215 53 66780.7 0 0
200 213 53 66784.9 0 0
198 214 54 66789.1 0 0
200 215 53 66793.4 0 0
198 213 53 66797.6 0 0
200 213 53 66801.8 0 0
198 212 53 66806 0 0
196 213 53 66810.2 0 0
196 212 53 66814.6 0 0
196 209 53 66818.9 0 0
195 210 53 66823.2 0 0
195 209 53 66827.4 0 0
196 210 54 66831.6 0 0
198 212 53 66835.8 0 0
194 210 53 66840 0 0
196 211 53 66844.2 0 0
198 212 54 66848.4 0 0
197 213 54 66855.5 0 0
196 213 53 66859.7 0 0
199 211 53 66863.9 0 0
196 215 53 66868.1 0 0
196 210 53 66872.3 0 0
197 213 53 66876.5 0 0
196 213 53 66880.8 0 0
196 213 53 66885 0 0
198 213 53 66889.2 0 0
197 210 53 66893.4 0 0
200 213 54 66897.6 0 0
198 213 53 66901.8 0 0
196 211 54 66906.1 0 0
199 212 53 66910.3 0 0
197 210 53 66914.5 0 0
198 212 54 66918.7 0 0
198 210 54 66922.9 0 0
196 214 54 66927.1 0 0
197 213 53 66931.4 0 0
198 210 54 66935.6 0 0
197 214 53 66939.8 0 0
198 213 54 66944.1 0 0
201 213 54 66948.3 0 0
199 214 53 66955.2 0 0
197 216 54 66959.4 0 0
200 215 54 66963.6 0 0
198 214 53 66967.8 0 0
199 208 54 66972.2 0 0
198 213 54 66976.5 0 0
197 214 54 66980.7 0 0
197 214 53 66984.9 0 0
195 215 54 66989.2 0 0
201 213 54 66993.4 0 0
199 213 54 66997.6 0 0
193 214 53 67001.8 0 0
198 212 54 67006.1 0 0
198 213 54 67010.3 0 0
197 208 53 67014.5 0 0
200 214 53 67018.7 0 0
198 209 53 67022.9 0 0
198 209 54 67027.1 0 0
198 207 53 67031.3 0 0
198 209 53 67035.6 0 0
199 209 53 67039.9 0 0
197 208 54 67044.3 0 0
201 213 54 67051.1 0 0
196 211 54 67055.3 0 0
199 215 54 67059.5 0 0
198 214 54 67063.7 0 0
201 213 53 67068 0 0
199 213 54 67072.5 0 0
198 213 53 67076.7 0 0
199 214 54 67080.9 0 0
196 214 53 67085.1 0 0
198 212 54 67089.3 0 0
200 212 53 67093.5 0 0
194 211 54 67097.7 0 0
198 207 53 67101.9 0 0
197 210 53 67106.2 0 0
197 209 54 67110.4 0 0
199 209 53 67114.6 0 0
195 208 53 67118.8 0 0
200 208 53 67123 0 0
198 208 54 67127.2 0 0
198 208 54 67131.4 0 0
198 207 53 67137.6 0 0
197 208 54 67141.8 0 0
199 208 53 67146 0 0
199 208 53 67150.2 0 0
200 209 53 67154.4 0 0
200 207 54 67158.6 0 0
199 208 54 67162.9 0 0
198 208 53 67167.1 0 0
199 209 54 67171.3 0 0
197 208 53 67175.5 0 0
201 208 53 67179.7 0 0
198 207 54 67183.9 0 0
196 208 54 67188.1 0 0
200 209 53 67192.4 0 0
203 205 54 67196.6 0 0
199 209 53 67200.8 0 0
200 211 54 67205 0 0
199 208 53 67209.2 0 0
200 211 54 67213.4 0 0
198 211 54 67217.7 0 0
198 209 53 67221.9 0 0
199 211 54 67226.1 0 0
198 209 53 67230.3 0 0
197 211 53 67234.6 0 0
198 209 54 67238.8 0 0
198 210 54 67243.5 0 0
198 211 54 67250 0 0
200 207 53 67256.6 0 0
198 209 54 67260.8 0 0
198 211 54 67265.1 0 0
200 210 54 67269.3 0 0
199 211 54 67273.5 0 0
201 211 54 67277.7 0 0
198 207 54 67281.9 0 0
199 206 54 67286.1 0 0
196 206 54 67290.3 0 0
199 206 54 67294.6 0 0
197 204 53 67298.8 0 0
199 206 53 67303 0 0
198 205 54 67307.2 0 0
200 205 54 67311.4 0 0
207 200 54 67315.7 0 0
215 197 54 67319.9 0 0
220 190 54 67324.1 0 0
222 192 53 67328.3 0 0
224 185 53 67332.5 0 0
224 190 53 67336.7 0 0
226 185 53 67340.9 0 0
228 183 52 67345.2 0 0
226 185 53 67349.4 0 0
225 186 53 67353.6 0 0
225 186 53 67357.8 0 0
229 186 53 67362.1 0 0
229 184 53 67366.3 0 0
228 184 53 67370.4 0 0
226 184 53 67374.7 0 0
230 184 53 67378.9 0 0
227 188 53 67383.1 0 0
227 184 53 67387.3 0 0
230 183 53 67391.6 0 0
227 185 53 67395.8 0 0
227 185 53 67400 0 0
227 184 53 67404.2 0 0
227 184 53 67408.4 0 0
227 184 53 67412.6 0 0
226 184 53 67416.9 0 0
225 184 53 67421.1 0 0
225 187 53 67425.3 0 0
227 183 53 67429.5 0 0
228 184 53 67433.7 0 0
229 184 53 67437.9 0 0
229 183 53 67442.1 0 0
223 185 53 67446.4 0 0
225 187 53 67450.6 0 0
227 185 53 67454.8 0 0
228 186 53 67459 0 0
228 186 53 67463.2 0 0
225 186 53 67467.5 0 0
230 186 53 67471.7 0 0
230 181 53 67476 0 0
226 180 53 67480.3 0 0
227 165 53 67484.5 0 0
220 140 53 67488.7 0 0
218 121 53 67492.9 0 0
217 102 54 67497.1 0 0
212 89 53 67501.3 0 0
211 80 53 67505.6 0 0
209 74 54 67509.8 0 0
208 74 54 67514 0 0
206 66 54 67518.2 0 0
205 65 54 67522.4 0 0
208 70 54 67526.6 0 0
210 77 54 67530.9 0 0
210 72 54 67535.1 0 0
210 68 54 67539.3 0 0
210 65 54 67543.6 0 0
209 62 54 67547.8 0 0
206 65 54 67552 0 0
205 64 54 67556.2 0 0
207 63 54 67560.4 0 0
206 64 54 67564.6 0 0
206 65 54 67568.9 0 0
205 66 54 67573.1 0 0
208 67 54 67577.3 0 0
204 67 54 67581.5 0 0
207 63 54 67585.7 0 0
209 68 54 67589.9 0 0
205 65 54 67594.2 0 0
206 66 54 67598.5 0 0
207 65 54 67602.9 0 0
206 67 54 67607.1 0 0
206 65 54 67611.3 0 0
204 66 54 67615.5 0 0
206 67 54 67619.7 0 0
207 66 54 67623.9 0 0
204 66 54 67628.1 0 0
205 65 54 67632.4 0 0
207 63 54 67636.6 0 0
207 66 54 67640.8 0 0
206 63 54 67645 0 0
209 65 54 67649.2 0 0
205 65 54 67653.4 0 0
205 66 54 67657.6 0 0
206 65 54 67661.9 0 0
204 65 55 67666.1 0 0
206 64 54 67670.3 0 0
208 66 54 67674.5 0 0
206 63 55 67678.7 0 0
196 63 55 67682.9 0 0
188 56 55 67687.2 0 0
186 58 55 67691.5 0 0
188 60 55 67695.8 0 0
182 58 55 67700 0 0
182 58 55 67704.2 0 0
178 58 56 67708.4 0 0
177 59 56 67712.6 0 0
180 57 55 67716.9 0 0
180 60 55 67721.1 0 0
182 59 55 67725.3 0 0
179 56 55 67729.6 0 0
179 60 55 67733.8 0 0
181 61 56 67738 0 0
179 62 56 67742.2 0 0
179 59 55 67746.4 0 0
176 60 55 67750.6 0 0
177 58 55 67754.9 0 0
181 60 56 67759.1 0 0
181 59 55 67763.3 0 0
179 56 55 67767.5 0 0
178 60 56 67771.7 0 0
179 57 55 67775.9 0 0
178 58 55 67780.1 0 0
178 57 55 67784.3 0 0
179 57 55 67788.6 0 0
177 58 55 67792.8 0 0
180 58 55 67797 0 0
177 60 55 67801.2 0 0
180 54 55 67805.4 0 0
178 65 56 67809.9 0 0
176 65 56 67814.1 0 0
160 59 56 67818.4 0 0
149 64 57 67822.6 0 0
138 64 56 67826.8 0 0
134 74 56 67831.1 0 0
127 68 57 67835.3 0 0
124 66 56 67839.5 0 0
116 63 56 67843.7 0 0
108 59 56 67847.9 0 0
110 62 56 67852.2 0 0
116 66 56 67856.4 0 0
119 65 56 67860.6 0 0
117 66 57 67864.8 0 0
115 67 56 67869 0 0
111 66 56 67873.2 0 0
113 58 56 67877.4 0 0
112 59 56 67881.7 0 0
113 63 57 67885.9 0 0
114 58 56 67890.1 0 0
114 67 56 67894.3 0 0
111 60 56 67898.5 0 0
110 68 56 67902.7 0 0
115 67 56 67907 0 0
114 66 56 67911.3 0 0
113 64 56 67915.5 0 0
111 67 56 67919.7 0 0
112 67 56 67923.9 0 0
114 68 56 67928.1 0 0
113 65 56 67932.3 0 0
111 64 56 67936.6 0 0
115 69 56 67940.8 0 0
111 66 56 67945 0 0
113 67 56 67949.2 0 0
111 60 56 67953.4 0 0
114 62 56 67957.6 0 0
113 64 56 67961.9 0 0
113 62 56 67966.1 0 0
111 60 56 67970.3 0 0
110 61 56 67974.5 0 0
110 60 56 67978.9 0 0
110 63 56 67983.1 0 0
100 51 56 67987.3 0 0
97 45 56 67991.5 0 0
80 19 56 67995.7 0 0
73 13 56 67999.9 0 0
68 3 56 68008.5 0 0
73 14 56 68012.8 0 0
72 13 56 68017.1 0 0
75 8 56 68021.3 0 0
75 14 56 68025.5 0 0
77 21 56 68029.7 0 0
73 6 56 68042.4 0 0
69 2 56 68046.6 0 0
69 2 56 68063.4 0 0
68 3 56 68067.7 0 0
72 4 56 68071.9 0 0
73 4 56 68080.3 0 0
75 11 56 68084.5 0 0
73 13 56 68093 0 0
74 9 56 68097.2 0 0
71 5 56 68101.4 0 0
72 5 56 68114 0 0
67 3 56 68126.7 0 0
69 3 56 68147.7 0 0
69 4 56 68151.9 0 0
71 7 56 68168.9 0 0
72 10 56 68173.2 0 0
67 3 56 68177.4 0 0
71 2 56 68181.6 0 0
71 7 56 68219.6 0 0
68 1 56 68244.8 0 0
68 1 56 68253.3 0 0
69 5 56 68261.7 0 0
70 9 56 68265.9 0 0
73 7 56 68270.1 0 0
71 3 56 68278.5 0 0
71 3 56 68308.1 0 0
68 1 56 68346.5 0 0
71 11 56 68443.5 0 0
69 4 56 68464.5 0 0
81 40 56 68468.7 0 0
86 58 56 68473 0 0
97 88 56 68477.2 0 0
101 99 56 68481.4 0 0
106 116 56 68485.7 0 0
108 129 56 68489.9 0 0
112 143 56 68494.1 0 0
113 159 56 68498.3 0 0
116 171 55 68502.5 0 0
119 179 55 68506.7 0 0
117 187 55 68510.9 0 0
118 191 55 68515.2 0 0
120 181 56 68519.4 0 0
119 178 56 68523.6 0 0
120 178 56 68527.8 0 0
121 183 56 68532 0 0
122 185 55 68536.2 0 0
121 188 56 68540.4 0 0
123 187 56 68544.7 0 0
119 184 56 68548.9 0 0
122 187 56 68553.1 0 0
122 185 56 68557.3 0 0
121 186 56 68561.6 0 0
121 186 55 68565.8 0 0
122 188 56 68570 0 0
123 185 56 68574.2 0 0
121 187 56 68578.4 0 0
122 183 56 68582.6 0 0
120 186 55 68587 0 0
121 185 55 68591.3 0 0
121 185 56 68595.5 0 0
119 184 56 68599.7 0 0
122 186 56 68603.9 0 0
120 183 56 68608.2 0 0
120 184 56 68612.4 0 0
119 185 56 68616.6 0 0
121 183 56 68620.8 0 0
122 183 56 68625 0 0
121 185 56 68629.2 0 0
121 183 56 68633.6 0 0
119 185 56 68637.9 0 0
124 183 56 68642.1 0 0
123 184 56 68646.3 0 0
122 184 56 68650.5 0 0
122 181 56 68654.7 0 0
123 181 56 68658.9 0 0
123 184 56 68663.1 0 0
120 178 56 68667.4 0 0
122 188 56 68671.6 0 0
122 189 56 68675.8 0 0
122 188 56 68680 0 0
124 186 56 68684.2 0 0
125 185 56 68688.4 0 0
122 183 56 68699.4 0 0
122 183 56 68707.9 0 0
119 187 56 68715.8 0 0
119 185 56 68720 0 0
121 181 56 68724.4 0 0
121 190 56 68728.6 0 0
123 185 56 68732.8 0 0
121 185 56 68737 0 0
122 184 56 68741.2 0 0
124 186 56 68745.4 0 0
123 183 56 68749.7 0 0
121 183 56 68753.9 0 0
122 183 56 68758.1 0 0
123 183 56 68762.3 0 0
122 180 56 68766.5 0 0
126 188 56 68770.7 0 0
124 187 56 68774.9 0 0
122 183 56 68779.3 0 0
122 186 56 68783.6 0 0
120 189 56 68787.8 0 0
123 187 56 68792.1 0 0
127 187 56 68796.3 0 0
122 185 56 68800.5 0 0
122 183 56 68804.7 0 0
124 182 56 68808.9 0 0
122 185 56 68813.1 0 0
122 185 56 68820.3 0 0
122 184 56 68825.1 0 0
121 179 56 68829.3 0 0
126 186 56 68833.5 0 0
122 185 56 68837.7 0 0
121 183 56 68841.9 0 0
125 180 56 68846.2 0 0
123 191 56 68850.4 0 0
123 185 56 68854.6 0 0
123 184 56 68858.9 0 0
123 186 56 68863.1 0 0
124 184 56 68870.2 0 0
125 185 56 68878.5 0 0
124 186 56 68886.7 0 0
124 186 56 68895.2 0 0
125 184 56 68903.2 0 0
127 186 56 68907.4 0 0
134 193 56 68911.7 0 0
143 196 57 68916 0 0
149 193 56 68920.2 0 0
151 196 56 68924.4 0 0
156 197 56 68928.6 0 0
159 191 56 68932.8 0 0
165 201 55 68937 0 0
167 201 55 68941.2 0 0
164 202 55 68945.4 0 0
166 202 55 68949.6 0 0
166 204 55 68953.9 0 0
166 202 55 68958.1 0 0
165 198 55 68962.3 0 0
167 200 55 68966.5 0 0
166 201 55 68970.7 0 0
166 203 55 68974.9 0 0
170 202 55 68979.2 0 0
167 199 55 68983.4 0 0
167 200 55 68987.6 0 0
167 201 55 68991.8 0 0
166 208 55 68996 0 0
164 198 55 69000.2 0 0
168 203 55 69004.4 0 0
168 208 55 69008.7 0 0
166 200 55 69012.9 0 0
168 207 55 69017.1 0 0
167 202 55 69021.3 0 0
169 203 55 69025.5 0 0
167 202 55 69032.6 0 0
167 202 55 69036.8 0 0
168 201 55 69041 0 0
166 204 55 69045.3 0 0
169 203 55 69049.6 0 0
170 203 55 69053.8 0 0
166 203 55 69057.9 0 0
168 202 55 69062.2 0 0
166 203 55 69066.4 0 0
170 201 55 69070.6 0 0
168 201 55 69074.8 0 0
167 201 55 69079 0 0
167 201 55 69083.2 0 0
166 204 55 69087.4 0 0
169 202 55 69091.6 0 0
168 201 55 69095.9 0 0
166 204 55 69100.1 0 0
169 203 55 69104.3 0 0
165 204 55 69108.5 0 0
169 204 55 69112.7 0 0
165 206 55 69116.9 0 0
165 203 55 69121.1 0 0
167 204 55 69125.4 0 0
167 206 55 69132.3 0 0
169 203 55 69136.5 0 0
169 199 55 69140.8 0 0
168 202 55 69145 0 0
167 204 55 69149.2 0 0
170 206 55 69153.4 0 0
164 204 55 69157.7 0 0
162 203 55 69164.4 0 0
168 205 55 69168.6 0 0
169 207 55 69174.2 0 0
167 204 55 69178.4 0 0
165 204 55 69182.6 0 0
168 203 55 69186.8 0 0
167 204 55 69191 0 0
168 205 55 69195.2 0 0
167 207 55 69199.4 0 0
166 203 55 69203.7 0 0
168 203 55 69207.9 0 0
175 203 55 69212.1 0 0
183 203 56 69216.4 0 0
195 201 55 69220.6 0 0
199 200 55 69224.9 0 0
205 192 55 69229.1 0 0
215 193 55 69233.3 0 0
224 192 55 69237.5 0 0
227 191 54 69241.7 0 0
233 190 54 69247.6 0 0
240 188 53 69251.9 0 0
236 189 53 69257.4 0 0
234 195 53 69261.6 0 0
234 212 53 69265.8 0 0
234 224 53 69270 0 0
231 236 52 69274.2 0 0
229 235 53 69299.5 0 0
229 230 53 69303.7 0 0
228 225 53 69307.9 0 0
228 217 53 69312.1 0 0
227 213 53 69316.4 0 0
225 206 54 69320.6 0 0
221 200 54 69324.9 0 0
219 196 54 69329.1 0 0
221 192 54 69333.3 0 0
222 192 54 69337.5 0 0
223 188 54 69341.7 0 0
223 188 54 69346 0 0
222 188 54 69350.3 0 0
224 188 54 69354.5 0 0
223 189 54 69358.7 0 0
220 188 54 69362.9 0 0
223 189 54 69369.7 0 0
221 190 54 69374 0 0
223 191 54 69378.2 0 0
221 191 54 69382.4 0 0
226 188 54 69386.7 0 0
222 193 54 69390.9 0 0
221 186 55 69395.1 0 0
221 185 55 69399.3 0 0
221 184 55 69403.5 0 0
221 187 54 69407.7 0 0
223 184 54 69412 0 0
221 188 55 69416.2 0 0
221 188 55 69420.4 0 0
223 189 55 69424.6 0 0
221 188 55 69428.8 0 0
221 188 55 69433 0 0
225 189 55 69437.3 0 0
221 188 55 69441.6 0 0
222 190 55 69445.9 0 0
222 188 55 69450.1 0 0
224 188 55 69454.4 0 0
222 187 55 69458.6 0 0
222 188 55 69465.4 0 0
223 185 55 69469.7 0 0
221 185 55 69473.9 0 0
219 186 55 69478.2 0 0
221 184 55 69482.5 0 0
224 182 55 69486.7 0 0
221 185 55 69490.9 0 0
222 186 55 69495.1 0 0
221 185 55 69499.3 0 0
223 183 55 69503.5 0 0
223 185 55 69507.8 0 0
222 185 55 69512 0 0
223 186 55 69516.2 0 0
221 186 55 69520.4 0 0
224 186 55 69524.6 0 0
221 186 55 69528.8 0 0
223 187 55 69533 0 0
220 187 55 69537.2 0 0
222 184 55 69541.4 0 0
222 184 55 69545.7 0 0
221 184 55 69549.9 0 0
221 184 55 69554.1 0 0
224 184 55 69559.5 0 0
223 184 55 69563.7 0 0
223 183 55 69569.6 0 0
223 184 55 69573.8 0 0
223 184 55 69578.1 0 0
221 185 55 69582.2 0 0
222 184 55 69586.4 0 0
222 174 55 69590.7 0 0
227 159 55 69594.9 0 0
227 131 55 69599.1 0 0
228 112 54 69603.3 0 0
227 98 55 69607.5 0 0
224 91 55 69611.8 0 0
225 84 54 69615.9 0 0
223 71 54 69620.1 0 0
224 67 54 69624.4 0 0
227 69 54 69628.6 0 0
222 81 54 69632.8 0 0
225 85 54 69637 0 0
224 80 54 69641.2 0 0
225 72 54 69645.4 0 0
226 71 54 69649.6 0 0
225 68 54 69653.9 0 0
228 68 54 69658.1 0 0
224 71 55 69662.5 0 0
225 69 54 69666.8 0 0
225 71 54 69673.7 0 0
225 71 54 69677.9 0 0
226 67 55 69682.1 0 0
224 70 55 69686.3 0 0
225 69 54 69690.5 0 0
227 68 54 69694.8 0 0
226 71 54 69699 0 0
223 71 54 69703.2 0 0
223 71 54 69707.4 0 0
225 70 55 69711.6 0 0
222 71 54 69715.9 0 0
224 69 54 69720.1 0 0
222 71 54 69724.3 0 0
224 70 54 69728.5 0 0
224 73 54 69732.7 0 0
223 66 55 69736.9 0 0
225 75 54 69741.1 0 0
226 71 54 69745.4 0 0
223 69 54 69749.6 0 0
226 75 54 69753.8 0 0
225 68 54 69758 0 0
225 70 54 69762.2 0 0
226 68 54 69766.4 0 0
226 68 54 69773.3 0 0
226 70 54 69778.2 0 0
224 68 54 69782.7 0 0
224 70 54 69786.9 0 0
224 69 54 69791.1 0 0
225 69 54 69795.4 0 0
223 70 54 69799.6 0 0
225 67 54 69803.8 0 0
222 70 55 69808 0 0
224 70 54 69812.2 0 0
227 71 55 69816.4 0 0
227 71 55 69820.7 0 0
226 71 54 69825.1 0 0
222 71 54 69829.3 0 0
222 70 55 69833.5 0 0
226 72 54 69837.7 0 0
226 67 54 69841.9 0 0
227 74 54 69846.2 0 0
223 68 54 69850.4 0 0
225 69 54 69854.6 0 0
224 72 54 69858.9 0 0
223 70 54 69863.1 0 0
225 71 54 69867.3 0 0
226 70 54 69871.5 0 0
224 73 54 69875.7 0 0
224 72 54 69879.9 0 0
225 70 54 69884.1 0 0
223 70 54 69888.4 0 0
225 69 54 69892.6 0 0
223 71 54 69896.8 0 0
225 71 54 69901 0 0
226 70 54 69905.2 0 0
223 71 54 69909.4 0 0
225 68 54 69913.7 0 0
224 73 54 69917.9 0 0
226 72 54 69922.1 0 0
226 73 54 69926.3 0 0
224 70 54 69930.6 0 0
224 70 54 69934.8 0 0
222 72 54 69939 0 0
224 70 54 69943.3 0 0
226 70 54 69947.5 0 0
221 71 54 69951.7 0 0
226 71 54 69955.9 0 0
222 71 54 69960.1 0 0
226 73 54 69964.3 0 0
225 69 54 69968.5 0 0
224 69 54 69972.8 0 0
224 73 54 69977.1 0 0
223 70 54 69981.3 0 0
225 69 54 69985.5 0 0
224 71 54 69989.7 0 0
222 71 54 69993.9 0 0
224 71 54 69998.1 0 0
226 68 54 70002.4 0 0
225 69 54 70006.6 0 0
225 71 54 70010.9 0 0
223 69 54 70015.1 0 0
227 70 54 70019.3 0 0
224 73 54 70023.6 0 0
223 71 54 70027.8 0 0
224 71 54 70032.1 0 0
227 71 54 70036.4 0 0
223 69 54 70040.6 0 0
224 73 54 70044.8 0 0
224 78 54 70049.1 0 0
219 88 55 70053.2 0 0
211 95 55 70057.4 0 0
205 111 55 70061.7 0 0
199 130 55 70065.9 0 0
198 145 55 70070.1 0 0
197 156 55 70074.4 0 0
193 177 55 70078.6 0 0
189 182 55 70082.8 0 0
185 186 55 70087.1 0 0
185 187 56 70091.4 0 0
183 184 56 70095.7 0 0
181 178 56 70099.9 0 0
184 180 56 70104.1 0 0
183 186 56 70108.3 0 0
183 187 55 70112.5 0 0
181 187 55 70116.7 0 0
181 188 55 70120.9 0 0
182 188 56 70125.2 0 0
182 187 55 70129.4 0 0
179 188 55 70133.6 0 0
181 189 55 70137.8 0 0
182 190 55 70142.1 0 0
183 192 56 70146.3 0 0
182 190 55 70150.4 0 0
182 188 55 70154.7 0 0
182 189 55 70158.9 0 0
181 187 55 70163.2 0 0
178 190 55 70167.4 0 0
183 191 56 70171.6 0 0
181 190 55 70175.9 0 0
182 189 55 70180.1 0 0
181 191 55 70184.3 0 0
179 189 55 70188.5 0 0
181 190 55 70192.7 0 0
178 189 55 70196.9 0 0
182 187 55 70201.2 0 0
185 190 56 70205.4 0 0
199 192 56 70209.6 0 0
207 189 55 70213.8 0 0
216 188 55 70218 0 0
223 187 55 70222.2 0 0
232 190 55 70226.6 0 0
233 183 54 70230.8 0 0
235 184 54 70235 0 0
237 182 53 70239.2 0 0
232 184 54 70243.4 0 0
230 184 54 70247.7 0 0
232 183 54 70251.9 0 0
230 184 54 70256.3 0 0
237 182 54 70260.5 0 0
232 183 54 70264.7 0 0
237 183 54 70268.9 0 0
235 183 54 70273.1 0 0
236 183 54 70277.3 0 0
235 183 53 70281.7 0 0
234 183 54 70286 0 0
234 185 54 70290.2 0 0
232 183 53 70294.4 0 0
235 183 53 70298.6 0 0
234 183 53 70302.9 0 0
235 182 53 70307.1 0 0
234 183 54 70311.3 0 0
233 183 54 70315.5 0 0
235 182 54 70319.8 0 0
234 182 53 70324 0 0
232 183 54 70328.2 0 0
235 182 53 70332.4 0 0
233 182 53 70336.8 0 0
234 183 54 70341 0 0
235 183 54 70345.2 0 0
233 183 53 70349.4 0 0
236 182 54 70353.7 0 0
232 183 53 70357.9 0 0
234 182 54 70362.1 0 0
233 181 53 70366.3 0 0
238 182 54 70370.5 0 0
235 180 53 70374.7 0 0
234 184 53 70378.9 0 0
236 184 53 70383.2 0 0
234 182 53 70387.4 0 0
235 181 54 70391.6 0 0
235 181 53 70395.8 0 0
235 184 54 70400 0 0
234 185 54 70404.2 0 0
234 186 54 70408.4 0 0
237 173 53 70412.7 0 0
236 186 54 70416.9 0 0
234 180 53 70421.1 0 0
233 180 54 70425.3 0 0
236 179 53 70429.5 0 0
233 180 54 70433.7 0 0
237 178 54 70437.9 0 0
233 179 53 70442.2 0 0
236 178 53 70446.9 0 0
236 178 53 70451.1 0 0
234 178 53 70455.3 0 0
234 178 53 70459.5 0 0
238 178 54 70463.7 0 0
241 181 54 70467.9 0 0
241 182 53 70472.2 0 0
243 176 53 70476.5 0 0
239 176 53 70480.7 0 0
239 174 53 70484.9 0 0
239 176 53 70489.2 0 0
241 175 53 70493.4 0 0
240 175 53 70497.6 0 0
241 173 53 70501.8 0 0
241 175 53 70506.1 0 0
241 175 53 70510.3 0 0
240 177 53 70514.5 0 0
243 171 53 70518.7 0 0
242 171 53 70522.9 0 0
240 171 53 70527.1 0 0
242 171 53 70531.6 0 0
239 171 53 70535.9 0 0
241 169 53 70540.2 0 0
241 171 53 70544.4 0 0
241 170 53 70548.7 0 0
243 171 53 70552.9 0 0
239 171 53 70557.1 0 0
241 171 53 70561.3 0 0
241 171 53 70565.5 0 0
242 171 53 70569.8 0 0
241 173 53 70574 0 0
240 169 53 70578.2 0 0
244 172 53 70582.4 0 0
242 170 53 70586.7 0 0
239 170 53 70590.9 0 0
243 172 53 70595.1 0 0
239 171 53 70599.4 0 0
239 170 53 70603.6 0 0
241 171 53 70607.8 0 0
239 170 53 70612 0 0
242 170 53 70616.2 0 0
243 170 53 70620.4 0 0
239 170 53 70624.6 0 0
243 169 53 70628.8 0 0
242 170 53 70633.1 0 0
240 170 53 70637.3 0 0
242 168 53 70641.5 0 0
241 171 53 70645.7 0 0
242 171 53 70649.9 0 0
239 172 53 70654.1 0 0
242 173 53 70658.4 0 0
241 172 53 70662.6 0 0
241 171 53 70666.8 0 0
243 171 53 70671.1 0 0
240 171 53 70675.3 0 0
245 171 53 70679.4 0 0
239 170 53 70683.7 0 0
244 172 53 70687.9 0 0
242 169 53 70692.1 0 0
241 170 53 70696.8 0 0
241 173 53 70701 0 0
244 168 53 70705.2 0 0
242 173 53 70709.4 0 0
243 171 53 70713.6 0 0
241 171 53 70718 0 0
243 167 53 70722.2 0 0
241 170 53 70726.4 0 0
239 171 53 70730.7 0 0
243 170 53 70734.9 0 0
242 173 53 70739.1 0 0
240 172 53 70743.3 0 0
240 172 53 70747.5 0 0
242 176 53 70751.8 0 0
243 167 53 70756.1 0 0
245 172 53 70760.3 0 0
240 170 53 70764.5 0 0
241 170 53 70768.7 0 0
244 171 53 70772.9 0 0
240 169 53 70777.1 0 0
241 171 53 70781.5 0 0
240 172 53 70785.7 0 0
240 172 53 70789.9 0 0
242 170 53 70794.2 0 0
240 173 53 70798.4 0 0
243 169 53 70802.6 0 0
243 168 53 70806.8 0 0
240 177 53 70811 0 0
240 168 53 70815.2 0 0
242 178 53 70819.5 0 0
242 176 53 70823.7 0 0
243 172 53 70827.9 0 0
242 178 53 70832.1 0 0
244 176 53 70836.3 0 0
244 176 53 70840.5 0 0
243 175 53 70844.8 0 0
241 176 53 70849 0 0
241 176 53 70853.2 0 0
241 176 53 70860.2 0 0
240 174 53 70864.4 0 0
242 176 53 70868.6 0 0
242 173 53 70872.8 0 0
242 173 53 70877.1 0 0
242 174 53 70881.4 0 0
241 173 53 70885.6 0 0
239 177 53 70889.9 0 0
242 172 53 70894.1 0 0
241 176 53 70898.3 0 0
240 173 53 70902.5 0 0
242 173 53 70906.7 0 0
242 176 53 70910.9 0 0
241 174 53 70915.6 0 0
244 172 54 70919.8 0 0
242 173 53 70926.7 0 0
242 175 53 70930.9 0 0
239 175 54 70935.1 0 0
235 175 54 70939.3 0 0
227 176 54 70943.6 0 0
215 176 54 70947.8 0 0
209 179 55 70952 0 0
205 183 55 70956.2 0 0
198 183 55 70960.4 0 0
191 183 55 70964.6 0 0
183 183 55 70968.9 0 0
177 185 55 70973.1 0 0
170 190 56 70977.5 0 0
169 190 55 70981.8 0 0
166 193 56 70985.9 0 0
163 193 56 70990.2 0 0
163 193 56 70994.4 0 0
166 196 56 70998.6 0 0
169 194 56 71002.8 0 0
169 194 56 71007 0 0
166 189 56 71012.6 0 0
168 189 56 71016.8 0 0
165 191 56 71021 0 0
166 190 56 71025.2 0 0
165 189 56 71029.7 0 0
165 191 56 71033.9 0 0
162 189 56 71038.1 0 0
165 191 56 71042.4 0 0
164 192 56 71046.6 0 0
164 189 56 71050.8 0 0
162 193 56 71055 0 0
162 192 56 71059.2 0 0
165 191 56 71063.5 0 0
164 190 56 71067.7 0 0
167 191 56 71071.9 0 0
165 190 56 71076.1 0 0
165 191 56 71080.4 0 0
163 193 56 71084.6 0 0
162 194 56 71088.8 0 0
162 190 56 71093 0 0
163 193 56 71097.2 0 0
160 192 56 71101.4 0 0
163 191 56 71105.7 0 0
164 192 56 71109.9 0 0
163 196 56 71114.1 0 0
161 196 56 71118.3 0 0
165 193 56 71122.5 0 0
163 194 56 71126.7 0 0
160 194 56 71131 0 0
167 194 56 71135.2 0 0
163 195 56 71139.4 0 0
166 193 56 71143.6 0 0
160 191 55 71147.8 0 0
163 194 56 71152 0 0
162 194 56 71156.3 0 0
164 194 56 71160.5 0 0
162 194 56 71164.7 0 0
165 195 56 71168.9 0 0
162 196 56 71173.1 0 0
160 196 56 71177.3 0 0
165 195 56 71181.5 0 0
165 196 56 71185.9 0 0
164 193 56 71190.2 0 0
164 196 56 71194.6 0 0
164 193 56 71198.8 0 0
163 194 56 71203 0 0
160 195 56 71207.2 0 0
161 193 56 71211.4 0 0
164 193 56 71215.6 0 0
161 193 56 71219.8 0 0
158 195 56 71224.1 0 0
153 192 56 71228.4 0 0
144 191 56 71232.6 0 0
141 185 56 71236.8 0 0
135 177 57 71241 0 0
133 183 56 71245.2 0 0
134 177 57 71249.4 0 0
134 176 57 71253.6 0 0
138 174 57 71257.9 0 0
137 177 56 71262.1 0 0
137 179 57 71266.3 0 0
136 178 57 71270.5 0 0
132 177 57 71274.7 0 0
134 182 57 71278.9 0 0
135 183 57 71283.1 0 0
137 181 56 71287.4 0 0
134 182 57 71291.6 0 0
136 181 56 71295.8 0 0
133 183 57 71300.1 0 0
135 181 57 71304.2 0 0
137 183 56 71308.4 0 0
133 186 57 71312.7 0 0
132 185 57 71316.9 0 0
134 187 56 71321.8 0 0
133 186 57 71325.9 0 0
133 187 57 71330.2 0 0
135 186 56 71334.4 0 0
132 188 56 71338.6 0 0
135 189 57 71342.9 0 0
134 189 56 71347.1 0 0
137 186 57 71351.3 0 0
134 190 57 71355.5 0 0
133 187 56 71359.7 0 0
136 187 56 71363.9 0 0
135 187 56 71368.1 0 0
132 188 56 71372.3 0 0
133 186 56 71376.6 0 0
134 183 57 71380.8 0 0
133 190 57 71385 0 0
133 189 56 71389.2 0 0
133 187 56 71393.4 0 0
134 187 56 71397.6 0 0
132 186 57 71401.8 0 0
136 188 56 71406.1 0 0
134 188 57 71410.3 0 0
130 185 56 71414.5 0 0
133 187 56 71418.7 0 0
133 187 57 71422.9 0 0
134 188 56 71427.1 0 0
133 187 57 71431.3 0 0
134 187 56 71435.5 0 0
133 184 56 71439.8 0 0
133 187 56 71444 0 0
133 180 56 71448.2 0 0
133 188 56 71452.4 0 0
132 184 56 71456.6 0 0
135 187 56 71460.8 0 0
131 192 56 71465.1 0 0
131 181 56 71469.3 0 0
134 188 56 71473.5 0 0
132 187 56 71477.7 0 0
132 185 57 71481.9 0 0
136 177 56 71486.2 0 0
131 176 56 71490.4 0 0
133 164 56 71494.6 0 0
133 139 56 71498.8 0 0
134 131 57 71503 0 0
133 122 57 71507.3 0 0
133 116 57 71511.5 0 0
132 109 56 71515.7 0 0
133 106 57 71519.9 0 0
132 107 57 71524.1 0 0
133 110 56 71528.3 0 0
132 116 56 71532.5 0 0
130 112 56 71536.7 0 0
134 114 56 71541 0 0
134 110 56 71545.2 0 0
132 107 57 71549.4 0 0
132 109 56 71553.6 0 0
132 102 57 71557.8 0 0
132 106 57 71562.1 0 0
132 108 57 71566.3 0 0
129 107 57 71570.5 0 0
132 103 57 71574.7 0 0
128 107 56 71578.9 0 0
131 107 57 71583.1 0 0
131 108 57 71587.3 0 0
133 109 56 71591.6 0 0
130 111 57 71596.4 0 0
134 102 57 71600.7 0 0
132 111 57 71604.9 0 0
129 107 57 71609.1 0 0
130 104 57 71613.3 0 0
131 110 57 71617.6 0 0
131 103 57 71621.8 0 0
130 108 57 71626 0 0
130 107 56 71630.2 0 0
131 106 57 71634.5 0 0
132 108 57 71638.7 0 0
131 108 57 71642.9 0 0
132 104 57 71647.1 0 0
130 109 56 71651.3 0 0
130 101 57 71655.6 0 0
132 103 57 71659.9 0 0
133 104 56 71664.1 0 0
132 101 57 71668.3 0 0
132 106 57 71672.5 0 0
132 103 56 71676.7 0 0
129 107 57 71680.9 0 0
135 106 57 71685.2 0 0
131 106 57 71689.4 0 0
131 107 57 71693.6 0 0
129 106 57 71697.9 0 0
133 103 56 71702.1 0 0
129 105 56 71706.3 0 0
133 105 56 71710.5 0 0
134 106 56 71714.7 0 0
132 107 57 71718.9 0 0
131 102 57 71723.1 0 0
131 95 57 71729.9 0 0
131 88 57 71734.1 0 0
128 88 57 71738.4 0 0
126 82 57 71742.6 0 0
123 84 56 71746.8 0 0
127 89 57 71751.1 0 0
127 85 57 71755.3 0 0
129 89 57 71759.5 0 0
129 90 57 71763.7 0 0
127 87 57 71767.9 0 0
128 88 56 71772.1 0 0
129 87 56 71776.3 0 0
126 86 56 71780.6 0 0
128 89 57 71784.8 0 0
128 92 57 71789.1 0 0
128 90 56 71793.3 0 0
126 81 57 71797.5 0 0
127 85 57 71801.7 0 0
125 86 57 71805.9 0 0
125 77 57 71810.1 0 0
128 83 57 71814.3 0 0
127 85 57 71818.6 0 0
125 86 56 71822.8 0 0
128 89 57 71827 0 0
128 83 57 71831.2 0 0
126 88 56 71838.3 0 0
130 86 57 71842.5 0 0
129 91 56 71846.7 0 0
130 85 57 71850.9 0 0
128 86 56 71855.1 0 0
127 84 57 71859.4 0 0
127 85 56 71863.6 0 0
124 83 57 71867.8 0 0
117 71 57 71872 0 0
112 55 57 71876.2 0 0
102 46 57 71880.5 0 0
95 45 57 71884.7 0 0
85 34 57 71888.9 0 0
83 26 57 71893.1 0 0
77 21 57 71897.4 0 0
75 22 56 71901.6 0 0
75 29 56 71905.8 0 0
81 28 56 71910 0 0
82 32 56 71914.2 0 0
78 26 56 71918.4 0 0
77 31 56 71922.6 0 0
76 26 56 71926.8 0 0
76 23 56 71931.1 0 0
76 26 56 71935.3 0 0
76 22 56 71942.2 0 0
78 26 56 71946.4 0 0
73 17 56 71950.6 0 0
76 23 56 71954.9 0 0
75 16 56 71959.1 0 0
77 22 56 71963.3 0 0
77 29 56 71967.6 0 0
77 20 56 71971.8 0 0
77 24 56 71976 0 0
76 27 56 71980.2 0 0
73 22 56 71984.4 0 0
75 21 56 71988.7 0 0
73 17 56 71992.9 0 0
75 20 56 71997.1 0 0
78 25 56 72001.3 0 0
73 16 56 72005.6 0 0
72 12 56 72009.8 0 0
75 23 56 72014 0 0
73 14 56 72018.3 0 0
75 17 56 72022.5 0 0
72 12 56 72026.7 0 0
73 14 56 72030.9 0 0
74 15 56 72035.1 0 0
76 25 56 72042.1 0 0
75 15 56 72050.6 0 0
74 18 56 72058.8 0 0
74 18 56 72067.1 0 0
78 24 56 72075.1 0 0
75 26 56 72079.4 0 0
74 19 56 72083.8 0 0
75 20 56 72092.2 0 0
74 23 56 72096.4 0 0
75 21 56 72100.7 0 0
73 16 56 72104.9 0 0
73 16 56 72109.1 0 0
77 21 56 72113.3 0 0
76 18 56 72117.5 0 0
73 19 56 72121.7 0 0
74 14 56 72125.9 0 0
76 17 57 72130.2 0 0
90 27 57 72134.4 0 0
105 33 58 72138.6 0 0
121 42 57 72142.8 0 0
132 49 58 72147 0 0
143 48 58 72151.2 0 0
155 48 57 72155.5 0 0
162 44 57 72159.7 0 0
173 46 56 72163.9 0 0
178 55 56 72168.2 0 0
185 50 56 72172.4 0 0
182 45 55 72176.6 0 0
180 48 55 72180.8 0 0
179 48 56 72185 0 0
179 48 56 72192.2 0 0
183 53 56 72200.1 0 0
185 51 56 72204.3 0 0
186 52 56 72208.7 0 0
184 48 55 72212.9 0 0
183 51 55 72217.1 0 0
183 49 56 72221.3 0 0
183 50 56 72225.6 0 0
186 49 56 72229.8 0 0
182 52 56 72234 0 0
185 47 56 72238.2 0 0
182 53 56 72242.4 0 0
181 45 56 72246.6 0 0
185 50 55 72250.8 0 0
182 46 55 72255.1 0 0
182 45 56 72259.3 0 0
186 47 56 72263.5 0 0
186 45 56 72267.7 0 0
186 47 55 72271.9 0 0
182 48 56 72276.1 0 0
184 48 56 72280.4 0 0
183 44 55 72284.8 0 0
183 44 55 72289.1 0 0
188 52 56 72293.9 0 0
188 49 56 72300.3 0 0
183 50 56 72304.5 0 0
185 51 55 72308.7 0 0
184 48 56 72312.9 0 0
188 50 55 72317.2 0 0
185 48 56 72321.4 0 0
186 49 56 72325.6 0 0
185 49 56 72329.9 0 0
182 49 56 72334.1 0 0
185 45 56 72338.3 0 0
185 45 55 72342.5 0 0
183 43 56 72346.7 0 0
182 50 56 72350.9 0 0
185 46 55 72355.1 0 0
185 51 56 72359.4 0 0
183 46 56 72363.6 0 0
188 51 56 72367.9 0 0
184 44 56 72372.2 0 0
188 52 56 72376.4 0 0
188 52 56 72380.7 0 0
185 52 56 72387.6 0 0
185 48 56 72391.8 0 0
182 50 56 72396 0 0
187 46 56 72400.2 0 0
184 49 56 72404.5 0 0
184 43 56 72408.7 0 0
184 42 56 72413 0 0
185 46 56 72417.2 0 0
182 42 56 72421.4 0 0
184 47 56 72425.6 0 0
184 46 56 72429.8 0 0
184 44 56 72434 0 0
185 49 56 72438.2 0 0
183 41 56 72442.5 0 0
182 45 56 72446.7 0 0
184 38 56 72450.9 0 0
184 42 56 72455.1 0 0
181 46 56 72459.3 0 0
185 46 56 72463.5 0 0
186 47 56 72467.8 0 0
182 43 56 72472 0 0
183 47 56 72476.2 0 0
184 41 56 72480.4 0 0
184 48 56 72484.6 0 0
183 45 56 72488.8 0 0
175 45 56 72493 0 0
159 42 57 72497.3 0 0
138 41 57 72501.6 0 0
125 29 58 72505.8 0 0
112 22 58 72510 0 0
99 9 58 72514.2 0 0
10 1 56 73069 0 0
25 39 56 73073.3 0 0
38 75 56 73077.5 0 0
48 104 56 73081.7 0 0
56 126 56 73085.9 0 0
60 137 56 73090.1 0 0
59 147 56 73094.3 0 0
65 163 56 73098.5 0 0
68 174 56 73102.7 0 0
65 183 56 73107 0 0
71 186 57 73111.2 0 0
70 185 56 73115.4 0 0
71 183 57 73119.6 0 0
69 176 57 73123.9 0 0
69 177 57 73128.1 0 0
70 179 57 73132.3 0 0
69 191 57 73136.5 0 0
72 189 57 73140.7 0 0
68 191 56 73144.9 0 0
70 191 57 73149.1 0 0
73 192 56 73153.4 0 0
69 192 57 73157.7 0 0
71 189 57 73161.9 0 0
70 188 57 73166.1 0 0
70 187 57 73170.3 0 0
72 193 57 73174.5 0 0
72 185 56 73178.8 0 0
70 192 57 73182.9 0 0
73 186 56 73187.2 0 0
71 192 57 73191.4 0 0
69 193 57 73196.2 0 0
72 191 57 73200.4 0 0
73 190 57 73204.6 0 0
71 187 57 73208.8 0 0
70 192 57 73213 0 0
70 191 57 73217.2 0 0
71 191 57 73221.4 0 0
71 190 57 73225.7 0 0
69 190 57 73229.9 0 0
69 192 57 73234.1 0 0
70 185 57 73238.3 0 0
71 193 57 73242.6 0 0
70 184 57 73246.8 0 0
70 191 57 73251.6 0 0
69 187 57 73256.3 0 0
72 191 57 73260.5 0 0
70 187 57 73264.7 0 0
74 191 57 73268.9 0 0
71 189 57 73273.1 0 0
71 185 57 73277.3 0 0
71 190 57 73281.7 0 0
71 187 57 73285.9 0 0
69 192 57 73290.2 0 0
73 191 57 73294.4 0 0
67 188 57 73298.6 0 0
72 192 57 73302.8 0 0
72 192 57 73307 0 0
65 185 57 73311.3 0 0
55 177 57 73315.5 0 0
49 184 57 73319.7 0 0
46 179 57 73323.9 0 0
41 167 57 73328.1 0 0
42 171 56 73332.4 0 0
43 172 56 73336.8 0 0
44 173 57 73341.1 0 0
47 176 56 73345.2 0 0
46 172 56 73349.4 0 0
45 173 57 73353.7 0 0
45 178 56 73357.9 0 0
41 171 57 73362.2 0 0
42 173 57 73366.4 0 0
44 171 56 73370.6 0 0
49 207 56 73374.8 0 0
41 178 56 73379.1 0 0
41 175 56 73383.4 0 0
41 177 56 73387.7 0 0
41 172 57 73391.9 0 0
44 173 56 73396.1 0 0
43 172 57 73400.3 0 0
43 173 57 73404.5 0 0
43 170 57 73408.7 0 0
41 174 56 73412.9 0 0
43 176 56 73417.2 0 0
41 172 57 73421.4 0 0
42 175 57 73425.6 0 0
43 174 57 73429.8 0 0
41 175 57 73434 0 0
42 175 57 73438.2 0 0
41 174 57 73442.5 0 0
42 171 57 73446.7 0 0
41 170 56 73450.9 0 0
43 173 57 73455.1 0 0
43 173 56 73459.3 0 0
43 173 56 73463.5 0 0
41 172 56 73467.7 0 0
43 174 56 73471.9 0 0
42 170 57 73476.2 0 0
44 175 56 73480.4 0 0
45 171 56 73484.6 0 0
44 170 57 73488.8 0 0
40 175 57 73493 0 0
47 176 57 73497.3 0 0
55 181 57 73501.5 0 0
66 183 58 73505.7 0 0
84 189 58 73510 0 0
95 185 58 73514.2 0 0
101 186 58 73518.4 0 0
114 183 58 73522.6 0 0
118 183 58 73526.8 0 0
127 185 57 73531.2 0 0
131 186 57 73535.4 0 0
134 189 56 73539.6 0 0
130 189 56 73543.9 0 0
127 186 57 73548.1 0 0
128 184 57 73552.3 0 0
130 185 57 73556.5 0 0
134 188 57 73560.7 0 0
133 185 57 73564.9 0 0
133 191 57 73569.2 0 0
132 188 57 73573.4 0 0
136 188 57 73577.6 0 0
134 188 57 73581.8 0 0
133 187 56 73586 0 0
131 188 57 73590.2 0 0
135 185 57 73594.4 0 0
133 189 57 73598.7 0 0
134 190 57 73602.9 0 0
134 188 57 73607.2 0 0
135 192 57 73611.4 0 0
134 188 57 73615.6 0 0
132 183 56 73619.8 0 0
131 183 56 73624.1 0 0
134 183 57 73628.3 0 0
130 189 57 73632.5 0 0
133 188 57 73636.7 0 0
135 186 56 73640.9 0 0
136 188 57 73645.2 0 0
136 189 57 73649.4 0 0
131 187 57 73653.6 0 0
137 188 57 73657.8 0 0
132 188 57 73662.1 0 0
133 188 56 73666.3 0 0
132 189 56 73670.5 0 0
134 185 56 73674.8 0 0
132 189 56 73678.9 0 0
132 185 56 73683.2 0 0
132 188 57 73687.4 0 0
132 190 56 73691.6 0 0
133 187 57 73695.8 0 0
131 188 56 73700.1 0 0
132 190 56 73704.3 0 0
133 184 56 73708.5 0 0
133 190 57 73712.7 0 0
134 187 57 73716.9 0 0
132 188 56 73721.2 0 0
132 188 56 73725.4 0 0
133 187 57 73731.4 0 0
132 189 56 73735.6 0 0
132 188 56 73739.8 0 0
134 187 56 73744 0 0
133 188 56 73748.2 0 0
132 187 57 73752.4 0 0
133 189 56 73756.6 0 0
134 188 56 73760.9 0 0
134 185 56 73765.1 0 0
136 190 56 73769.3 0 0
132 185 56 73773.5 0 0
132 187 56 73777.7 0 0
133 187 56 73781.9 0 0
133 186 57 73786.2 0 0
136 189 56 73790.4 0 0
133 187 56 73794.6 0 0
131 188 56 73798.9 0 0
133 188 56 73803.1 0 0
134 188 57 73807.3 0 0
135 189 57 73811.6 0 0
135 186 57 73815.8 0 0
131 187 56 73820.1 0 0
134 189 56 73824.3 0 0
133 187 56 73828.5 0 0
133 187 56 73832.7 0 0
135 186 56 73836.9 0 0
132 188 56 73841.1 0 0
132 188 56 73845.5 0 0
133 185 56 73849.7 0 0
133 188 56 73853.9 0 0
133 189 56 73858.2 0 0
132 188 56 73862.5 0 0
134 187 57 73866.7 0 0
134 188 56 73870.9 0 0
132 189 56 73875.1 0 0
133 180 56 73879.4 0 0
132 183 56 73883.6 0 0
132 185 57 73887.8 0 0
132 185 56 73892 0 0
135 182 57 73896.2 0 0
133 182 56 73900.4 0 0
134 182 56 73904.6 0 0
133 182 56 73908.8 0 0
130 184 56 73913.1 0 0
134 184 57 73917.3 0 0
132 184 56 73921.5 0 0
133 184 56 73925.7 0 0
132 189 56 73929.9 0 0
133 188 56 73934.1 0 0
134 183 56 73938.3 0 0
130 188 56 73942.6 0 0
134 183 56 73946.8 0 0
133 186 57 73951 0 0
133 185 56 73955.2 0 0
133 186 57 73959.4 0 0
136 189 56 73963.6 0 0
136 185 57 73967.8 0 0
132 186 56 73972.1 0 0
133 188 56 73976.3 0 0
136 188 57 73980.7 0 0
132 190 56 73984.9 0 0
133 183 56 73989.1 0 0
133 186 57 73993.3 0 0
131 188 56 73997.5 0 0
133 184 56 74001.7 0 0
132 186 56 74006 0 0
130 189 56 74010.2 0 0
131 186 56 74014.4 0 0
131 185 57 74018.8 0 0
135 187 56 74022.9 0 0
130 189 57 74027.1 0 0
131 188 57 74031.4 0 0
134 186 56 74035.6 0 0
133 188 56 74040 0 0
133 186 56 74044.2 0 0
131 188 56 74048.4 0 0
