128 119 55 22021.3 0 0
127 120 54 22025.5 0 0
128 120 55 22029.8 0 0
129 120 55 22034 0 0
129 120 55 22038.2 0 0
127 120 55 22042.5 0 0
128 122 55 22046.7 0 0
128 119 55 22050.9 0 0
129 120 55 22055.1 0 0
129 119 55 22059.3 0 0
127 120 55 22063.6 0 0
129 121 55 22067.8 0 0
130 121 55 22072 0 0
133 120 55 22076.2 0 0
127 122 55 22080.5 0 0
127 119 55 22084.6 0 0
129 122 55 22088.8 0 0
128 121 55 22093.1 0 0
130 123 55 22097.3 0 0
127 121 55 22101.6 0 0
128 121 55 22105.8 0 0
129 122 55 22110 0 0
127 121 55 22114.2 0 0
130 120 55 22118.4 0 0
128 121 55 22122.7 0 0
129 121 55 22126.9 0 0
127 123 55 22131.4 0 0
129 122 55 22135.6 0 0
128 121 55 22139.8 0 0
127 123 55 22144 0 0
129 121 55 22148.2 0 0
127 123 55 22152.5 0 0
127 122 55 22156.7 0 0
125 123 55 22160.9 0 0
126 123 55 22165.1 0 0
128 122 55 22169.4 0 0
128 122 55 22173.6 0 0
127 124 55 22177.9 0 0
129 122 55 22182.1 0 0
128 123 55 22186.4 0 0
128 121 55 22190.7 0 0
129 123 55 22194.9 0 0
129 124 55 22199.1 0 0
128 121 55 22203.3 0 0
129 120 55 22207.5 0 0
128 121 55 22211.7 0 0
128 121 55 22215.9 0 0
129 121 55 22220.1 0 0
129 122 55 22224.4 0 0
129 122 55 22228.6 0 0
131 122 55 22232.8 0 0
130 122 55 22237 0 0
127 121 55 22241.2 0 0
129 122 55 22245.5 0 0
131 123 55 22249.7 0 0
128 121 55 22254 0 0
131 123 55 22258.2 0 0
129 124 55 22262.4 0 0
128 121 55 22266.6 0 0
128 123 55 22270.8 0 0
128 122 55 22275 0 0
129 121 55 22279.2 0 0
129 123 55 22283.5 0 0
130 122 55 22287.7 0 0
129 122 55 22292 0 0
127 123 55 22296.2 0 0
132 123 55 22300.4 0 0
130 123 55 22304.6 0 0
129 122 55 22308.8 0 0
131 121 55 22313 0 0
129 123 55 22317.2 0 0
130 117 56 22321.5 0 0
127 123 55 22325.7 0 0
129 124 55 22329.9 0 0
126 117 56 22334.1 0 0
130 119 56 22338.3 0 0
128 124 55 22342.5 0 0
128 126 55 22346.7 0 0
131 125 55 22351 0 0
130 126 55 22355.2 0 0
130 125 55 22359.4 0 0
129 118 56 22363.6 0 0
130 127 55 22367.8 0 0
130 126 55 22372.1 0 0
127 121 56 22376.3 0 0
131 126 55 22380.5 0 0
128 125 55 22384.7 0 0
128 126 55 22388.9 0 0
130 124 55 22393.1 0 0
129 124 55 22397.3 0 0
130 122 55 22401.5 0 0
129 123 55 22405.8 0 0
128 123 55 22410.1 0 0
129 122 55 22414.3 0 0
129 122 55 22418.5 0 0
125 123 55 22422.8 0 0
130 123 55 22427 0 0
131 122 55 22431.2 0 0
129 120 55 22435.4 0 0
127 123 55 22439.6 0 0
128 122 55 22443.8 0 0
130 121 55 22448.1 0 0
130 118 55 22452.3 0 0
134 118 55 22456.5 0 0
134 118 55 22460.7 0 0
134 118 55 22464.9 0 0
133 118 54 22469.1 0 0
134 119 54 22473.3 0 0
132 116 54 22477.6 0 0
132 114 54 22481.8 0 0
133 114 54 22486 0 0
134 113 54 22490.2 0 0
133 110 54 22494.4 0 0
132 110 54 22498.6 0 0
134 109 54 22502.9 0 0
134 107 54 22507.1 0 0
135 108 54 22511.3 0 0
133 103 53 22515.5 0 0
135 101 53 22522.4 0 0
133 99 53 22526.6 0 0
133 98 53 22530.8 0 0
130 99 53 22535 0 0
135 101 53 22539.2 0 0
133 101 53 22543.5 0 0
136 101 53 22547.7 0 0
132 100 53 22551.9 0 0
135 99 53 22556.1 0 0
132 102 53 22560.3 0 0
133 100 52 22564.5 0 0
133 101 52 22568.8 0 0
130 101 52 22573 0 0
131 100 52 22577.2 0 0
132 98 52 22581.4 0 0
131 95 52 22585.6 0 0
131 99 52 22589.8 0 0
135 96 52 22594 0 0
132 95 52 22598.3 0 0
134 98 52 22602.5 0 0
135 95 52 22606.7 0 0
136 97 52 22610.9 0 0
135 96 51 22615.3 0 0
133 96 51 22619.6 0 0
133 95 51 22626.5 0 0
134 96 51 22631.3 0 0
131 96 51 22635.5 0 0
135 95 51 22639.7 0 0
134 96 51 22643.9 0 0
132 96 51 22648.1 0 0
134 94 51 22652.3 0 0
132 93 51 22656.5 0 0
132 93 51 22660.8 0 0
133 94 51 22665 0 0
132 90 51 22669.2 0 0
131 91 51 22673.5 0 0
133 92 51 22677.7 0 0
135 90 51 22681.9 0 0
130 90 51 22693.2 0 0
131 90 50 22701.5 0 0
134 93 50 22709.7 0 0
130 86 50 22718.2 0 0
128 86 50 22726.2 0 0
131 85 50 22734.7 0 0
131 85 50 22743.2 0 0
132 85 50 22751.4 0 0
134 85 50 22759.7 0 0
134 85 50 22768.1 0 0
129 84 50 22775.5 0 0
129 85 50 22779.8 0 0
132 83 50 22784.6 0 0
132 85 50 22788.9 0 0
133 86 50 22793.1 0 0
132 84 50 22797.3 0 0
133 84 50 22801.5 0 0
132 85 50 22805.7 0 0
131 84 50 22809.9 0 0
133 84 50 22814.2 0 0
129 84 50 22818.4 0 0
134 82 50 22822.6 0 0
134 83 50 22826.9 0 0
131 83 50 22831.1 0 0
132 82 49 22835.3 0 0
132 84 49 22839.5 0 0
132 82 49 22843.7 0 0
132 82 50 22848 0 0
131 81 49 22852.2 0 0
133 81 49 22856.5 0 0
131 82 49 22860.7 0 0
132 81 49 22864.9 0 0
131 81 49 22869.2 0 0
133 81 49 22873.4 0 0
133 79 49 22877.6 0 0
131 80 49 22884.5 0 0
133 79 49 22888.8 0 0
131 81 49 22893 0 0
130 81 49 22897.2 0 0
132 80 49 22901.5 0 0
132 81 49 22905.7 0 0
130 79 49 22910 0 0
130 81 49 22914.2 0 0
132 82 49 22918.4 0 0
130 82 49 22922.6 0 0
132 80 49 22926.8 0 0
132 80 49 22931 0 0
130 81 49 22935.2 0 0
131 81 49 22939.5 0 0
131 83 49 22943.7 0 0
133 82 49 22947.9 0 0
133 80 49 22952.1 0 0
131 80 49 22956.3 0 0
131 82 49 22960.5 0 0
132 80 49 22964.8 0 0
128 81 49 22969 0 0
131 81 49 22973.2 0 0
131 82 49 22977.5 0 0
132 82 49 22981.7 0 0
131 81 49 22985.9 0 0
131 83 49 22990.1 0 0
131 82 49 22997.2 0 0
131 80 49 23001.4 0 0
131 82 49 23006.2 0 0
133 80 49 23010.4 0 0
134 82 49 23014.6 0 0
133 82 49 23018.8 0 0
130 83 49 23023 0 0
131 83 49 23027.2 0 0
133 81 49 23031.5 0 0
133 84 49 23035.7 0 0
133 83 49 23039.9 0 0
133 84 49 23044.1 0 0
132 83 49 23048.3 0 0
133 82 49 23052.5 0 0
131 81 49 23059.6 0 0
133 84 49 23063.9 0 0
132 83 49 23068.4 0 0
131 84 49 23072.6 0 0
133 83 49 23076.8 0 0
133 84 49 23081 0 0
132 84 49 23085.2 0 0
131 84 49 23089.4 0 0
130 85 49 23093.6 0 0
131 81 49 23097.8 0 0
134 83 49 23102.1 0 0
131 82 49 23106.3 0 0
130 83 49 23110.5 0 0
135 83 49 23114.8 0 0
131 84 49 23119 0 0
130 84 49 23123.2 0 0
130 81 49 23127.4 0 0
127 84 49 23134.3 0 0
120 89 50 23138.5 0 0
107 99 50 23142.8 0 0
105 103 49 23147 0 0
95 110 49 23151.2 0 0
92 113 49 23155.4 0 0
87 120 49 23159.7 0 0
80 128 49 23163.9 0 0
76 134 49 23168.5 0 0
69 144 49 23172.8 0 0
62 149 48 23177 0 0
57 152 48 23181.2 0 0
49 157 48 23185.4 0 0
46 164 48 23189.7 0 0
36 172 48 23193.9 0 0
32 173 48 23198.2 0 0
35 178 48 23202.4 0 0
36 175 48 23209.4 0 0
40 174 48 23213.7 0 0
44 172 48 23217.9 0 0
39 168 48 23222.1 0 0
36 169 48 23226.4 0 0
37 172 48 23230.6 0 0
40 176 48 23234.8 0 0
39 174 48 23239 0 0
39 176 48 23243.2 0 0
38 174 48 23247.4 0 0
35 176 48 23251.8 0 0
39 175 48 23256 0 0
35 177 48 23260.2 0 0
39 174 48 23264.4 0 0
36 177 48 23268.6 0 0
40 174 48 23272.8 0 0
33 178 48 23277.1 0 0
40 177 48 23281.3 0 0
40 177 48 23285.5 0 0
35 173 49 23291.2 0 0
37 174 49 23296.8 0 0
36 175 48 23301 0 0
38 180 48 23305.3 0 0
38 176 48 23309.5 0 0
40 174 48 23313.7 0 0
38 176 49 23317.9 0 0
36 174 49 23322.1 0 0
39 174 49 23326.3 0 0
37 176 49 23330.5 0 0
36 174 49 23334.7 0 0
37 177 49 23339 0 0
37 174 49 23343.2 0 0
39 175 49 23347.5 0 0
38 174 49 23351.7 0 0
36 178 49 23356 0 0
33 174 49 23360.2 0 0
40 176 49 23364.4 0 0
39 174 49 23368.6 0 0
37 175 49 23373.1 0 0
37 176 49 23377.6 0 0
34 176 49 23381.9 0 0
39 174 49 23388.5 0 0
36 176 49 23392.7 0 0
41 172 49 23397 0 0
37 177 49 23401.2 0 0
36 172 49 23405.5 0 0
37 173 49 23409.7 0 0
38 175 49 23413.9 0 0
40 175 49 23418.4 0 0
41 175 49 23422.6 0 0
41 174 49 23426.8 0 0
41 175 49 23431 0 0
36 175 49 23435.2 0 0
39 175 49 23439.4 0 0
40 173 49 23443.7 0 0
39 170 49 23447.9 0 0
36 172 49 23452.1 0 0
36 172 49 23456.3 0 0
40 173 49 23463 0 0
39 170 49 23467.2 0 0
37 176 49 23471.7 0 0
39 170 49 23475.9 0 0
38 172 49 23480.1 0 0
35 173 49 23484.3 0 0
37 172 49 23488.5 0 0
41 175 49 23492.8 0 0
38 175 49 23497 0 0
37 176 49 23501.4 0 0
41 175 49 23505.7 0 0
37 176 49 23510 0 0
37 175 49 23514.2 0 0
39 171 49 23518.5 0 0
36 174 49 23522.7 0 0
38 172 49 23526.9 0 0
37 174 49 23531.1 0 0
36 173 49 23535.4 0 0
36 172 49 23539.6 0 0
35 172 49 23546.6 0 0
40 170 49 23550.8 0 0
42 174 49 23555 0 0
38 172 49 23559.3 0 0
36 174 49 23563.5 0 0
38 176 49 23568.2 0 0
39 174 49 23572.5 0 0
38 174 49 23576.7 0 0
36 177 49 23580.9 0 0
38 171 49 23585.1 0 0
38 175 49 23589.3 0 0
37 171 49 23593.5 0 0
37 171 49 23597.7 0 0
37 173 49 23602 0 0
40 171 49 23609 0 0
35 175 49 23613.3 0 0
39 176 49 23617.5 0 0
36 172 49 23621.7 0 0
38 172 49 23626 0 0
38 174 49 23630.2 0 0
38 174 48 23634.4 0 0
36 172 48 23638.6 0 0
36 171 49 23642.8 0 0
38 174 48 23647 0 0
35 178 48 23651.2 0 0
37 172 48 23655.4 0 0
35 178 49 23659.7 0 0
37 179 49 23663.9 0 0
45 180 49 23668.3 0 0
53 185 49 23672.5 0 0
62 179 49 23676.8 0 0
72 180 49 23681 0 0
74 180 49 23685.4 0 0
73 185 49 23689.6 0 0
75 183 49 23696.2 0 0
70 185 49 23700.5 0 0
69 183 49 23704.7 0 0
68 182 49 23708.9 0 0
69 184 49 23713.2 0 0
69 184 49 23717.4 0 0
70 182 48 23721.6 0 0
69 186 49 23725.8 0 0
73 182 49 23730.1 0 0
70 181 49 23734.3 0 0
69 178 49 23738.5 0 0
73 182 49 23742.7 0 0
73 185 49 23746.9 0 0
73 180 49 23751.1 0 0
72 184 49 23755.3 0 0
71 182 49 23759.5 0 0
72 191 49 23763.8 0 0
71 187 49 23768 0 0
73 189 48 23772.2 0 0
75 186 49 23776.4 0 0
71 184 49 23780.6 0 0
75 188 48 23784.8 0 0
72 185 49 23789 0 0
73 183 48 23793.3 0 0
74 183 48 23797.5 0 0
70 185 49 23801.7 0 0
73 181 48 23805.9 0 0
73 184 48 23810.1 0 0
74 185 48 23814.3 0 0
72 188 48 23821.3 0 0
74 188 48 23825.5 0 0
72 187 48 23829.8 0 0
74 187 48 23834.2 0 0
77 189 48 23838.4 0 0
74 186 48 23842.6 0 0
75 187 48 23846.8 0 0
71 186 48 23851.1 0 0
71 189 48 23855.3 0 0
74 184 48 23859.6 0 0
73 187 48 23863.8 0 0
74 183 48 23868 0 0
72 184 48 23872.2 0 0
74 187 49 23876.4 0 0
72 183 49 23880.6 0 0
75 180 49 23884.8 0 0
82 183 49 23889 0 0
96 181 49 23893.2 0 0
106 174 49 23897.5 0 0
111 170 49 23901.7 0 0
119 174 49 23905.9 0 0
124 165 49 23912.8 0 0
125 167 49 23917.2 0 0
125 166 49 23921.4 0 0
130 167 49 23925.6 0 0
130 165 49 23929.8 0 0
128 163 49 23934 0 0
129 164 49 23938.2 0 0
130 167 49 23942.5 0 0
125 166 49 23946.7 0 0
128 167 49 23950.9 0 0
127 166 49 23955.1 0 0
132 167 49 23959.3 0 0
130 167 49 23963.6 0 0
130 164 49 23967.8 0 0
129 164 49 23972 0 0
132 162 49 23976.3 0 0
133 166 49 23980.5 0 0
130 166 49 23984.7 0 0
133 167 49 23988.9 0 0
132 167 49 23993.1 0 0
131 166 49 23997.4 0 0
130 166 49 24001.6 0 0
133 166 49 24008.4 0 0
131 167 50 24012.6 0 0
133 165 49 24016.9 0 0
133 164 49 24021.1 0 0
130 168 50 24025.4 0 0
132 167 49 24029.6 0 0
131 168 50 24033.9 0 0
134 164 49 24038.1 0 0
132 164 50 24042.3 0 0
132 162 49 24046.5 0 0
131 167 49 24050.7 0 0
129 167 49 24054.9 0 0
133 165 49 24059.1 0 0
132 168 50 24063.4 0 0
132 168 50 24067.6 0 0
133 167 49 24071.9 0 0
136 167 50 24076.1 0 0
132 164 50 24080.3 0 0
133 162 50 24084.5 0 0
133 166 50 24088.7 0 0
132 160 49 24092.9 0 0
130 164 50 24097.1 0 0
132 164 50 24101.4 0 0
133 162 50 24105.6 0 0
134 167 50 24109.8 0 0
133 164 49 24116.8 0 0
131 162 50 24125.3 0 0
134 166 50 24133.5 0 0
133 168 50 24141.8 0 0
132 165 50 24150.2 0 0
132 165 50 24158.5 0 0
130 167 50 24166.2 0 0
133 164 50 24170.4 0 0
135 164 50 24175.2 0 0
130 165 50 24179.4 0 0
133 166 50 24183.6 0 0
132 163 50 24188.2 0 0
131 162 50 24192.4 0 0
132 163 50 24196.6 0 0
131 164 50 24200.8 0 0
131 166 50 24205.1 0 0
131 167 50 24209.3 0 0
131 163 50 24213.5 0 0
135 164 50 24217.7 0 0
132 164 50 24222 0 0
134 165 50 24226.2 0 0
132 164 50 24230.4 0 0
132 166 50 24234.6 0 0
137 167 50 24238.8 0 0
148 170 50 24243 0 0
169 171 50 24247.2 0 0
182 168 50 24254.2 0 0
187 167 50 24258.5 0 0
196 168 50 24262.7 0 0
197 168 49 24266.8 0 0
209 170 49 24271.1 0 0
214 172 48 24275.3 0 0
220 170 48 24279.5 0 0
225 171 48 24283.7 0 0
233 169 47 24288 0 0
240 184 46 24292.2 0 0
240 184 0 24296.4 0 0
240 184 0 24300.6 0 0
240 184 0 24304.8 0 0
240 184 0 24309 0 0
240 184 0 24313.2 0 0
240 184 0 24317.5 0 0
240 184 0 24321.7 0 0
240 184 0 24325.9 0 0
240 184 0 24330.1 0 0
240 184 0 24334.3 0 0
240 184 0 24338.5 0 0
240 184 0 24342.7 0 0
240 184 0 24350 0 0
240 184 0 24354.3 0 0
240 184 0 24358.5 0 0
240 184 0 24362.7 0 0
240 184 0 24366.9 0 0
240 184 0 24371.1 0 0
240 184 0 24375.3 0 0
238 214 47 24379.6 0 0
236 205 47 24383.8 0 0
233 193 47 24388 0 0
233 188 47 24392.2 0 0
228 178 47 24396.4 0 0
228 175 47 24400.6 0 0
233 177 47 24404.8 0 0
230 178 47 24409.1 0 0
230 173 47 24413.3 0 0
232 173 47 24417.6 0 0
228 175 47 24421.8 0 0
231 177 47 24426 0 0
228 173 47 24430.2 0 0
230 175 47 24434.4 0 0
230 175 47 24438.7 0 0
228 177 47 24443.4 0 0
235 180 47 24449.7 0 0
227 172 47 24454 0 0
231 177 47 24458.2 0 0
228 173 47 24462.4 0 0
229 177 47 24466.7 0 0
228 175 47 24470.9 0 0
232 173 47 24475.1 0 0
228 174 47 24479.3 0 0
230 175 47 24483.5 0 0
230 173 47 24487.8 0 0
231 181 47 24492 0 0
231 178 47 24496.2 0 0
232 179 47 24500.4 0 0
232 175 47 24504.6 0 0
233 174 47 24508.8 0 0
233 173 47 24513 0 0
237 176 47 24517.2 0 0
245 173 47 24521.5 0 0
250 170 47 24525.7 0 0
252 172 47 24529.9 0 0
252 162 46 24534.1 0 0
247 169 46 24538.3 0 0
242 170 47 24542.5 0 0
241 168 47 24546.8 0 0
243 169 47 24551 0 0
243 168 46 24555.2 0 0
245 175 46 24559.4 0 0
245 169 47 24563.6 0 0
247 172 46 24570.6 0 0
243 171 47 24574.8 0 0
246 172 47 24579 0 0
244 168 47 24583.2 0 0
248 176 47 24587.4 0 0
242 171 46 24591.6 0 0
246 169 47 24595.8 0 0
245 172 47 24600.1 0 0
243 170 47 24604.3 0 0
245 173 47 24608.6 0 0
247 169 46 24612.8 0 0
250 170 47 24617 0 0
244 168 47 24621.2 0 0
243 169 46 24625.5 0 0
246 172 47 24629.8 0 0
245 170 47 24634 0 0
243 177 47 24638.2 0 0
243 168 46 24642.4 0 0
248 173 47 24646.6 0 0
245 170 47 24650.8 0 0
248 172 46 24655 0 0
244 171 47 24659.3 0 0
247 172 47 24663.5 0 0
244 170 46 24670.5 0 0
245 173 47 24674.7 0 0
246 169 46 24679 0 0
248 174 47 24683.2 0 0
245 168 47 24687.4 0 0
244 172 47 24691.6 0 0
246 173 47 24695.9 0 0
244 171 46 24700.1 0 0
247 171 47 24704.3 0 0
246 175 47 24708.5 0 0
236 165 47 24712.7 0 0
224 163 47 24717.9 0 0
224 163 47 24722.2 0 0
204 157 48 24728.7 0 0
194 158 48 24732.9 0 0
186 158 49 24737.1 0 0
178 154 49 24741.3 0 0
165 148 49 24745.5 0 0
162 147 49 24749.7 0 0
158 140 49 24754 0 0
152 138 49 24758.2 0 0
146 134 49 24762.4 0 0
137 130 49 24766.6 0 0
137 131 50 24770.8 0 0
134 120 50 24775 0 0
133 119 50 24779.2 0 0
133 119 50 24783.4 0 0
129 117 50 24787.8 0 0
131 115 50 24792 0 0
132 120 50 24796.2 0 0
133 119 50 24800.4 0 0
134 121 50 24804.6 0 0
131 117 50 24808.8 0 0
132 118 50 24813.1 0 0
133 115 50 24817.4 0 0
131 116 50 24821.6 0 0
131 116 50 24825.8 0 0
128 119 50 24830 0 0
134 120 50 24834.2 0 0
127 119 50 24838.4 0 0
130 122 50 24842.6 0 0
131 118 50 24846.9 0 0
130 118 50 24851.1 0 0
129 115 50 24855.4 0 0
128 114 50 24859.6 0 0
131 116 50 24863.8 0 0
129 120 50 24868 0 0
130 115 50 24872.2 0 0
131 115 50 24876.4 0 0
133 120 50 24880.7 0 0
131 119 50 24884.9 0 0
130 120 50 24889.1 0 0
132 120 50 24893.3 0 0
130 120 50 24897.5 0 0
131 122 50 24901.7 0 0
132 121 50 24905.9 0 0
128 117 50 24910.2 0 0
130 120 50 24914.4 0 0
132 120 50 24918.6 0 0
129 118 50 24922.8 0 0
130 116 50 24927 0 0
130 108 50 24931.3 0 0
128 103 50 24935.5 0 0
130 96 50 24939.8 0 0
133 96 50 24944 0 0
130 93 50 24948.2 0 0
132 92 50 24952.4 0 0
135 91 50 24956.6 0 0
135 91 50 24960.8 0 0
133 87 50 24965.1 0 0
132 87 50 24969.3 0 0
133 89 51 24973.5 0 0
133 90 51 24977.8 0 0
133 91 51 24982 0 0
130 91 50 24986.2 0 0
133 90 50 24990.4 0 0
137 90 50 24994.6 0 0
132 90 50 24998.8 0 0
135 90 50 25003.1 0 0
132 88 51 25007.3 0 0
134 88 51 25011.5 0 0
134 88 51 25015.7 0 0
135 89 51 25019.9 0 0
132 89 51 25024.2 0 0
132 89 51 25028.5 0 0
134 87 51 25032.7 0 0
134 89 51 25037.1 0 0
133 88 51 25041.3 0 0
135 88 51 25045.5 0 0
135 88 51 25049.8 0 0
135 89 51 25054 0 0
133 89 51 25058.2 0 0
132 89 51 25062.5 0 0
133 87 51 25066.7 0 0
131 87 51 25070.9 0 0
134 89 51 25075.2 0 0
133 87 51 25079.3 0 0
135 86 51 25083.5 0 0
134 88 51 25087.8 0 0
136 86 51 25092 0 0
137 86 51 25096.3 0 0
132 86 51 25100.5 0 0
132 88 51 25104.8 0 0
132 85 51 25109 0 0
135 86 51 25113.2 0 0
133 87 51 25117.4 0 0
133 89 51 25121.6 0 0
135 87 51 25125.9 0 0
133 88 51 25130.1 0 0
135 87 51 25134.4 0 0
135 87 51 25138.6 0 0
134 88 51 25142.8 0 0
136 86 51 25147 0 0
134 88 51 25151.2 0 0
134 88 51 25155.4 0 0
134 86 51 25159.7 0 0
135 88 51 25163.9 0 0
133 85 51 25168.2 0 0
133 87 51 25172.4 0 0
135 85 51 25176.6 0 0
133 86 51 25180.8 0 0
135 88 51 25185 0 0
135 86 51 25189.2 0 0
134 86 51 25194 0 0
134 87 51 25198.2 0 0
133 85 51 25202.4 0 0
134 87 51 25206.6 0 0
135 86 51 25210.8 0 0
133 87 51 25215 0 0
131 85 51 25219.2 0 0
134 88 51 25223.5 0 0
133 84 51 25227.7 0 0
128 82 51 25231.9 0 0
121 77 51 25236.1 0 0
118 80 51 25240.3 0 0
113 77 51 25244.5 0 0
110 76 51 25248.8 0 0
108 75 51 25253.1 0 0
108 71 50 25257.3 0 0
107 72 50 25261.5 0 0
107 71 50 25265.7 0 0
106 70 50 25269.9 0 0
106 68 51 25274.1 0 0
109 67 50 25278.4 0 0
109 63 51 25282.6 0 0
110 63 51 25286.8 0 0
107 62 51 25291 0 0
108 63 50 25295.3 0 0
108 61 50 25299.5 0 0
108 62 50 25303.7 0 0
107 63 50 25307.9 0 0
107 64 50 25312.1 0 0
108 65 50 25316.8 0 0
107 63 50 25321 0 0
108 64 50 25325.2 0 0
105 63 50 25329.4 0 0
106 63 50 25333.6 0 0
108 63 50 25337.9 0 0
108 64 50 25342.1 0 0
108 64 50 25346.3 0 0
109 63 50 25353.3 0 0
108 63 50 25357.5 0 0
107 64 50 25361.7 0 0
109 63 50 25365.9 0 0
106 63 50 25370.1 0 0
105 64 50 25374.3 0 0
108 63 50 25378.6 0 0
113 60 51 25382.8 0 0
121 57 51 25387 0 0
131 56 52 25391.2 0 0
140 56 52 25395.4 0 0
147 51 52 25399.6 0 0
157 48 51 25403.8 0 0
168 34 51 25408.1 0 0
175 34 51 25412.9 0 0
186 31 50 25417.2 0 0
190 28 50 25424 0 0
189 29 50 25428.2 0 0
186 29 50 25432.4 0 0
185 29 50 25436.6 0 0
184 30 50 25440.8 0 0
183 29 49 25445.1 0 0
186 30 50 25449.3 0 0
187 30 50 25453.5 0 0
187 29 50 25457.7 0 0
189 30 49 25461.9 0 0
188 29 49 25466.2 0 0
188 30 50 25470.5 0 0
188 30 50 25474.9 0 0
188 30 50 25479.1 0 0
188 30 50 25483.3 0 0
187 31 49 25487.5 0 0
187 32 49 25491.7 0 0
188 31 49 25495.9 0 0
188 29 50 25500.1 0 0
186 34 50 25504.4 0 0
189 33 50 25508.6 0 0
187 35 50 25512.8 0 0
188 33 49 25519.6 0 0
187 36 50 25523.9 0 0
189 43 50 25528.1 0 0
188 36 49 25532.3 0 0
188 35 49 25536.5 0 0
187 36 49 25540.8 0 0
187 37 50 25545 0 0
187 37 50 25549.2 0 0
187 35 49 25553.4 0 0
188 35 49 25557.7 0 0
190 45 50 25561.9 0 0
188 46 49 25566.2 0 0
187 37 49 25570.4 0 0
187 46 49 25574.6 0 0
186 37 49 25578.8 0 0
189 38 49 25583 0 0
187 37 49 25587.2 0 0
188 39 49 25591.4 0 0
188 36 49 25595.6 0 0
187 37 49 25599.9 0 0
191 49 49 25604.1 0 0
188 47 49 25608.3 0 0
190 50 49 25612.5 0 0
189 47 49 25616.7 0 0
189 48 49 25623.8 0 0
187 47 49 25628.1 0 0
189 39 49 25632.3 0 0
189 49 49 25636.5 0 0
188 48 49 25640.7 0 0
189 52 49 25644.9 0 0
188 46 49 25649.1 0 0
188 39 49 25653.4 0 0
187 49 49 25657.6 0 0
188 48 49 25661.8 0 0
190 50 49 25666.1 0 0
188 47 49 25670.4 0 0
189 40 49 25674.6 0 0
189 49 49 25678.8 0 0
188 47 49 25683.1 0 0
189 51 49 25687.4 0 0
189 49 49 25691.8 0 0
191 50 49 25696 0 0
187 38 49 25702.9 0 0
190 52 49 25707.2 0 0
189 49 49 25711.3 0 0
189 39 49 25715.6 0 0
187 50 49 25719.8 0 0
186 38 49 25724 0 0
190 52 49 25728.3 0 0
187 38 49 25732.5 0 0
190 51 49 25736.7 0 0
188 38 49 25740.9 0 0
186 39 49 25745.1 0 0
189 52 49 25749.3 0 0
186 39 49 25753.7 0 0
186 38 49 25758 0 0
187 52 49 25762.2 0 0
188 38 49 25766.4 0 0
187 53 49 25770.6 0 0
188 37 49 25774.8 0 0
188 50 49 25779 0 0
188 38 49 25786.1 0 0
188 38 49 25790.4 0 0
187 50 49 25794.6 0 0
187 38 49 25798.8 0 0
187 38 49 25803 0 0
188 51 49 25807.2 0 0
187 37 49 25811.5 0 0
187 38 49 25815.7 0 0
188 39 49 25820 0 0
187 37 48 25824.2 0 0
189 37 49 25828.3 0 0
193 47 49 25832.5 0 0
190 48 49 25836.8 0 0
189 35 49 25841 0 0
190 46 49 25845.2 0 0
190 48 49 25849.4 0 0
189 45 49 25853.7 0 0
190 46 49 25857.9 0 0
189 46 49 25862.1 0 0
190 48 49 25866.3 0 0
186 49 49 25870.5 0 0
190 52 49 25874.7 0 0
190 49 49 25879 0 0
188 48 49 25883.2 0 0
191 49 49 25887.4 0 0
190 51 49 25894.2 0 0
192 50 49 25898.5 0 0
189 50 48 25902.7 0 0
188 50 49 25907 0 0
191 50 49 25911.2 0 0
190 49 49 25915.4 0 0
190 49 49 25919.7 0 0
190 49 49 25923.9 0 0
189 51 49 25928.1 0 0
191 50 49 25932.3 0 0
189 39 48 25936.5 0 0
190 52 49 25940.8 0 0
191 52 49 25945 0 0
188 51 49 25949.2 0 0
189 48 49 25953.4 0 0
190 50 49 25957.6 0 0
190 49 49 25961.8 0 0
190 39 49 25966.1 0 0
189 51 49 25970.3 0 0
188 51 48 25974.6 0 0
193 51 49 25978.9 0 0
191 49 49 25983.1 0 0
189 50 49 25989.9 0 0
189 39 49 25994.2 0 0
192 50 49 25998.4 0 0
192 51 48 26002.7 0 0
190 50 49 26006.9 0 0
189 52 49 26011.1 0 0
192 51 49 26015.3 0 0
188 50 49 26019.5 0 0
192 51 49 26023.7 0 0
189 51 49 26027.9 0 0
192 50 49 26032.1 0 0
193 50 49 26036.4 0 0
191 50 49 26040.6 0 0
192 50 49 26044.8 0 0
190 50 48 26049 0 0
190 50 49 26053.2 0 0
190 50 49 26057.5 0 0
189 51 49 26061.7 0 0
190 52 49 26066.1 0 0
189 51 49 26070.3 0 0
190 51 48 26074.5 0 0
188 42 49 26078.7 0 0
188 42 49 26082.9 0 0
189 43 49 26088 0 0
188 42 48 26092.2 0 0
193 56 49 26096.5 0 0
190 44 49 26100.7 0 0
189 42 49 26104.9 0 0
193 56 49 26109.1 0 0
190 42 49 26113.3 0 0
189 42 49 26117.5 0 0
190 57 49 26121.7 0 0
190 46 49 26126 0 0
189 43 49 26130.2 0 0
189 43 49 26134.4 0 0
189 43 49 26138.6 0 0
190 44 49 26142.8 0 0
191 43 49 26147 0 0
191 41 49 26151.2 0 0
189 43 49 26155.4 0 0
190 43 49 26159.7 0 0
187 43 49 26163.9 0 0
190 53 49 26168.2 0 0
191 44 49 26172.4 0 0
190 55 49 26176.6 0 0
192 52 49 26180.8 0 0
188 41 49 26185.2 0 0
189 53 49 26189.6 0 0
189 40 49 26193.8 0 0
188 52 49 26198 0 0
191 50 49 26202.2 0 0
189 51 49 26206.4 0 0
189 51 49 26210.6 0 0
189 39 49 26214.8 0 0
192 50 49 26219.1 0 0
191 50 49 26223.3 0 0
188 39 49 26227.5 0 0
190 52 49 26231.8 0 0
190 51 49 26236 0 0
194 52 49 26240.2 0 0
190 54 49 26244.4 0 0
189 41 49 26248.6 0 0
190 53 49 26253.3 0 0
191 52 49 26257.5 0 0
192 40 49 26261.7 0 0
192 53 49 26265.9 0 0
193 54 49 26270.1 0 0
190 40 49 26274.3 0 0
189 53 49 26278.5 0 0
191 54 49 26282.8 0 0
193 52 49 26287 0 0
190 41 49 26291.3 0 0
190 53 49 26295.5 0 0
191 53 49 26299.7 0 0
191 42 49 26303.9 0 0
189 53 49 26308.1 0 0
192 41 49 26312.3 0 0
191 43 49 26316.5 0 0
193 43 49 26320.8 0 0
190 42 49 26325 0 0
192 43 49 26329.2 0 0
195 44 49 26333.4 0 0
191 41 49 26337.6 0 0
192 43 49 26341.8 0 0
192 42 49 26346.1 0 0
190 41 49 26350.3 0 0
193 45 49 26354.6 0 0
191 41 49 26358.8 0 0
191 57 49 26363 0 0
194 53 49 26367.2 0 0
189 40 49 26371.4 0 0
194 57 49 26375.7 0 0
192 54 49 26379.9 0 0
192 43 49 26384.1 0 0
194 55 49 26388.3 0 0
195 53 49 26392.5 0 0
192 43 49 26396.7 0 0
195 55 49 26401 0 0
196 54 49 26405.2 0 0
190 41 49 26409.4 0 0
195 56 49 26413.6 0 0
193 40 49 26417.9 0 0
191 54 49 26422.1 0 0
191 55 49 26426.3 0 0
191 41 49 26430.5 0 0
195 54 49 26434.7 0 0
197 58 49 26438.9 0 0
191 40 49 26443.4 0 0
192 54 49 26447.6 0 0
192 40 49 26451.8 0 0
193 41 49 26456 0 0
195 43 49 26460.2 0 0
199 50 49 26464.4 0 0
203 54 48 26468.7 0 0
209 65 48 26472.9 0 0
215 67 48 26477.2 0 0
219 74 48 26481.4 0 0
223 82 48 26485.6 0 0
224 89 48 26489.8 0 0
224 97 47 26494 0 0
229 111 47 26498.3 0 0
236 120 47 26502.8 0 0
232 120 47 26507 0 0
231 128 47 26511.2 0 0
239 138 47 26515.4 0 0
235 146 47 26519.6 0 0
243 154 47 26523.8 0 0
238 161 47 26528.1 0 0
238 161 0 26532.3 0 0
245 171 47 26536.5 0 0
242 171 46 26540.7 0 0
243 168 47 26545 0 0
241 170 46 26549.2 0 0
244 164 46 26553.4 0 0
248 168 46 26557.6 0 0
242 167 46 26561.9 0 0
242 166 47 26566.1 0 0
250 169 46 26570.3 0 0
250 167 47 26574.5 0 0
249 170 46 26578.8 0 0
242 169 47 26583 0 0
249 170 47 26587.2 0 0
251 169 47 26591.4 0 0
254 169 46 26595.6 0 0
248 171 46 26600.3 0 0
240 170 46 26604.5 0 0
248 172 46 26608.8 0 0
246 171 47 26613 0 0
244 169 47 26617.2 0 0
248 169 46 26621.5 0 0
249 171 46 26625.8 0 0
247 173 46 26630 0 0
248 166 46 26634.2 0 0
245 169 46 26638.4 0 0
254 170 46 26642.6 0 0
244 170 46 26646.8 0 0
248 170 46 26651.1 0 0
247 169 46 26655.3 0 0
247 170 46 26659.5 0 0
250 169 47 26663.8 0 0
246 171 46 26668 0 0
250 169 47 26672.2 0 0
251 169 47 26676.4 0 0
251 167 47 26680.6 0 0
249 167 46 26684.8 0 0
247 170 47 26689.1 0 0
250 168 47 26693.5 0 0
248 165 47 26697.7 0 0
245 170 47 26702 0 0
255 167 47 26706.2 0 0
245 172 47 26710.4 0 0
249 167 47 26714.6 0 0
249 170 47 26718.8 0 0
250 170 47 26723.1 0 0
250 170 47 26727.3 0 0
251 173 47 26731.5 0 0
249 170 47 26735.7 0 0
250 169 47 26739.9 0 0
251 171 47 26744.1 0 0
252 169 47 26748.3 0 0
253 171 47 26752.6 0 0
249 170 47 26756.8 0 0
246 168 47 26761 0 0
248 172 47 26765.2 0 0
245 169 47 26769.4 0 0
248 169 47 26773.6 0 0
253 170 47 26777.9 0 0
247 172 47 26782.1 0 0
250 169 47 26786.3 0 0
249 171 47 26790.5 0 0
249 169 47 26794.8 0 0
250 174 47 26799 0 0
245 162 47 26803.2 0 0
248 164 47 26807.4 0 0
252 165 47 26811.6 0 0
246 167 47 26818.3 0 0
242 165 47 26822.6 0 0
246 167 47 26826.8 0 0
242 166 47 26831.1 0 0
247 164 47 26835.3 0 0
250 173 47 26839.5 0 0
245 169 47 26843.7 0 0
249 171 47 26847.9 0 0
248 173 47 26852.2 0 0
246 171 47 26856.4 0 0
250 173 47 26860.6 0 0
251 174 48 26864.8 0 0
251 173 48 26869 0 0
245 175 47 26873.2 0 0
251 169 48 26877.5 0 0
246 174 47 26881.7 0 0
248 176 48 26885.9 0 0
250 175 48 26890.1 0 0
254 174 48 26894.3 0 0
255 173 48 26898.5 0 0
252 175 48 26902.7 0 0
250 178 48 26907 0 0
247 174 48 26911.2 0 0
251 177 48 26915.4 0 0
247 176 48 26919.6 0 0
246 173 48 26923.9 0 0
245 171 48 26931 0 0
244 174 48 26935.2 0 0
243 169 48 26939.4 0 0
248 169 48 26943.7 0 0
249 175 48 26947.9 0 0
245 168 48 26952.1 0 0
248 174 48 26956.3 0 0
248 177 48 26960.5 0 0
247 173 48 26964.7 0 0
243 178 48 26969 0 0
237 180 48 26973.2 0 0
224 177 49 26977.4 0 0
218 182 49 26981.7 0 0
212 186 50 26985.9 0 0
206 187 50 26990.1 0 0
195 189 50 26994.3 0 0
192 191 50 26998.5 0 0
183 184 50 27002.8 0 0
179 192 50 27007 0 0
180 195 51 27013.9 0 0
184 193 50 27018.4 0 0
185 196 51 27022.6 0 0
190 198 51 27026.8 0 0
184 188 51 27031 0 0
187 188 50 27035.3 0 0
180 190 50 27039.5 0 0
183 189 50 27043.7 0 0
182 188 51 27047.9 0 0
182 192 50 27052.1 0 0
182 192 50 27056.3 0 0
185 189 50 27060.5 0 0
182 191 50 27064.8 0 0
179 191 51 27069 0 0
182 190 51 27073.2 0 0
183 192 50 27077.4 0 0
183 188 51 27081.6 0 0
184 191 50 27085.8 0 0
183 194 51 27090 0 0
183 190 51 27094.3 0 0
184 192 51 27098.5 0 0
183 194 51 27102.7 0 0
182 195 51 27106.9 0 0
181 193 51 27111.1 0 0
183 192 51 27115.3 0 0
182 191 51 27122.3 0 0
182 191 51 27130.5 0 0
184 191 51 27134.9 0 0
185 192 51 27139.1 0 0
181 192 51 27143.3 0 0
182 190 51 27147.5 0 0
181 193 51 27151.7 0 0
180 193 51 27156 0 0
182 193 51 27160.2 0 0
181 193 51 27164.4 0 0
182 194 51 27168.7 0 0
184 194 51 27172.9 0 0
184 194 50 27177.1 0 0
185 192 51 27181.3 0 0
183 193 51 27185.5 0 0
184 192 51 27189.7 0 0
184 191 51 27194 0 0
181 192 51 27198.2 0 0
182 192 51 27202.4 0 0
181 193 51 27206.6 0 0
185 194 51 27210.8 0 0
180 191 51 27215 0 0
182 194 51 27219.2 0 0
182 192 51 27223.5 0 0
180 193 51 27227.7 0 0
173 188 51 27231.9 0 0
154 182 51 27236.1 0 0
139 178 51 27240.3 0 0
139 185 51 27247.2 0 0
133 186 51 27251.5 0 0
135 180 51 27255.7 0 0
141 182 51 27259.9 0 0
138 184 51 27264.1 0 0
145 185 52 27268.3 0 0
144 180 51 27272.5 0 0
139 180 51 27276.8 0 0
143 179 51 27281.1 0 0
140 177 51 27285.3 0 0
140 180 51 27289.5 0 0
139 179 51 27293.8 0 0
137 178 51 27298 0 0
139 178 51 27302.2 0 0
140 178 51 27306.4 0 0
138 178 51 27310.6 0 0
141 176 51 27314.8 0 0
139 176 51 27319.1 0 0
138 179 52 27323.3 0 0
139 179 51 27327.5 0 0
137 177 51 27331.7 0 0
139 176 51 27335.9 0 0
134 178 51 27340.1 0 0
136 177 51 27344.4 0 0
136 177 51 27348.6 0 0
141 177 51 27353.6 0 0
138 178 51 27357.9 0 0
140 179 51 27362.1 0 0
138 177 51 27366.3 0 0
142 177 51 27370.5 0 0
137 177 51 27374.7 0 0
138 178 51 27378.9 0 0
136 178 51 27383.1 0 0
139 178 51 27387.3 0 0
138 179 51 27391.5 0 0
139 176 51 27395.8 0 0
138 178 51 27400 0 0
140 179 51 27404.2 0 0
140 181 51 27408.4 0 0
140 182 51 27412.7 0 0
138 183 51 27416.9 0 0
135 184 51 27421.1 0 0
141 185 51 27425.3 0 0
140 185 51 27429.5 0 0
141 188 51 27433.9 0 0
140 185 51 27438.1 0 0
143 185 51 27442.3 0 0
138 188 51 27446.5 0 0
142 185 51 27450.8 0 0
138 178 51 27455 0 0
137 186 51 27459.2 0 0
138 178 51 27463.4 0 0
136 178 51 27467.6 0 0
139 178 51 27471.8 0 0
139 180 51 27476.1 0 0
136 177 51 27480.3 0 0
141 176 51 27484.5 0 0
138 178 51 27488.7 0 0
138 178 51 27492.9 0 0
140 177 51 27497.1 0 0
138 177 51 27501.3 0 0
138 178 51 27505.6 0 0
136 179 51 27509.8 0 0
141 177 51 27514 0 0
137 179 51 27518.2 0 0
133 175 51 27522.4 0 0
128 185 51 27526.6 0 0
114 180 51 27530.8 0 0
104 184 51 27535.1 0 0
93 192 51 27539.3 0 0
87 196 51 27543.5 0 0
77 198 50 27547.7 0 0
81 199 50 27551.9 0 0
80 202 50 27556.1 0 0
79 205 50 27560.3 0 0
90 204 51 27564.6 0 0
88 205 51 27568.8 0 0
92 198 51 27573 0 0
92 201 51 27577.2 0 0
91 199 51 27581.4 0 0
86 199 50 27585.6 0 0
85 195 50 27589.8 0 0
89 199 50 27594.1 0 0
83 197 50 27598.3 0 0
81 199 50 27602.5 0 0
85 198 50 27606.7 0 0
83 198 50 27610.9 0 0
82 197 50 27615.2 0 0
79 200 50 27619.4 0 0
83 198 50 27623.6 0 0
85 194 50 27627.8 0 0
84 199 50 27632 0 0
86 197 50 27636.3 0 0
82 198 50 27640.5 0 0
82 197 50 27644.7 0 0
83 197 50 27648.9 0 0
87 197 50 27653.1 0 0
83 197 50 27657.3 0 0
82 194 50 27661.5 0 0
83 198 50 27665.8 0 0
83 196 50 27670 0 0
85 193 50 27674.2 0 0
82 197 49 27678.4 0 0
85 195 50 27682.6 0 0
82 204 50 27686.9 0 0
86 203 50 27691.1 0 0
84 201 49 27695.3 0 0
87 203 49 27699.6 0 0
86 202 50 27703.8 0 0
83 201 49 27708 0 0
91 202 49 27712.2 0 0
87 198 49 27716.4 0 0
87 203 49 27720.6 0 0
84 202 49 27724.8 0 0
85 201 49 27729.1 0 0
87 200 49 27733.3 0 0
83 202 49 27737.5 0 0
88 203 49 27741.7 0 0
90 198 49 27745.9 0 0
82 202 49 27750.1 0 0
87 202 49 27754.4 0 0
87 198 49 27758.6 0 0
84 199 49 27762.8 0 0
89 198 49 27767 0 0
90 199 49 27771.2 0 0
84 197 49 27775.4 0 0
82 194 49 27779.6 0 0
82 190 49 27783.9 0 0
85 187 49 27788.1 0 0
69 177 49 27792.3 0 0
67 171 49 27796.5 0 0
62 170 49 27800.7 0 0
59 162 48 27804.9 0 0
57 157 48 27809.1 0 0
60 150 48 27813.4 0 0
61 144 48 27817.6 0 0
65 136 48 27821.8 0 0
64 122 48 27826 0 0
67 124 48 27830.2 0 0
65 116 48 27834.4 0 0
63 110 48 27838.7 0 0
61 104 48 27842.9 0 0
65 97 48 27847.1 0 0
59 98 48 27851.3 0 0
61 91 48 27855.6 0 0
61 86 48 27859.8 0 0
58 87 48 27864 0 0
60 80 48 27868.2 0 0
61 81 48 27872.4 0 0
62 78 48 27876.7 0 0
65 77 48 27881.1 0 0
61 79 48 27885.3 0 0
60 71 48 27889.5 0 0
61 67 48 27893.7 0 0
61 66 48 27897.9 0 0
60 64 48 27902.1 0 0
58 64 48 27906.3 0 0
59 61 48 27910.6 0 0
60 64 48 27914.8 0 0
60 64 48 27919.2 0 0
62 64 49 27923.4 0 0
61 66 48 27927.6 0 0
60 64 48 27931.9 0 0
62 66 48 27936.1 0 0
63 64 49 27940.3 0 0
61 66 48 27944.6 0 0
60 64 48 27948.8 0 0
63 67 48 27953 0 0
63 66 49 27957.2 0 0
62 67 49 27961.4 0 0
63 65 48 27965.6 0 0
62 66 48 27969.8 0 0
61 67 48 27974.9 0 0
65 70 48 27979.1 0 0
61 64 48 27983.4 0 0
62 64 48 27987.6 0 0
62 64 48 27991.8 0 0
61 60 48 27996 0 0
60 61 48 28000.2 0 0
62 64 48 28004.5 0 0
64 64 48 28008.7 0 0
61 61 48 28012.9 0 0
63 61 48 28017.2 0 0
64 62 48 28021.4 0 0
59 62 48 28025.6 0 0
62 65 48 28029.9 0 0
66 59 48 28034.1 0 0
62 60 48 28038.3 0 0
63 57 48 28042.5 0 0
59 59 48 28046.8 0 0
49 62 48 28051 0 0
43 64 48 28055.2 0 0
35 66 47 28059.4 0 0
28 64 47 28063.6 0 0
25 63 47 28068.2 0 0
23 63 46 28072.5 0 0
27 65 47 28076.7 0 0
31 61 47 28080.9 0 0
34 62 47 28085.1 0 0
37 62 47 28089.3 0 0
36 61 47 28093.5 0 0
34 61 47 28097.8 0 0
32 62 47 28102 0 0
32 61 47 28106.2 0 0
33 62 47 28110.4 0 0
31 61 47 28114.6 0 0
31 65 47 28118.8 0 0
33 62 47 28123 0 0
33 61 47 28127.3 0 0
32 62 47 28131.5 0 0
30 62 46 28135.7 0 0
33 62 47 28139.9 0 0
32 60 47 28144.2 0 0
33 63 47 28148.4 0 0
30 61 46 28152.6 0 0
30 64 47 28156.8 0 0
30 61 46 28161 0 0
28 63 46 28165.2 0 0
30 65 46 28169.7 0 0
31 62 46 28173.9 0 0
31 64 46 28178.1 0 0
30 66 46 28182.3 0 0
32 62 46 28186.6 0 0
31 62 46 28190.8 0 0
32 66 46 28195 0 0
31 64 46 28199.2 0 0
31 66 46 28203.5 0 0
31 64 46 28207.7 0 0
29 74 46 28211.8 0 0
32 80 46 28216.1 0 0
26 89 46 28220.3 0 0
28 97 46 28224.8 0 0
30 108 46 28229 0 0
27 122 46 28233.2 0 0
33 128 46 28237.4 0 0
31 143 46 28241.6 0 0
36 151 46 28245.8 0 0
39 164 46 28250 0 0
35 170 46 28254.3 0 0
35 183 46 28258.5 0 0
36 181 46 28262.7 0 0
36 187 46 28266.9 0 0
39 187 46 28271.1 0 0
38 188 46 28275.3 0 0
33 191 46 28279.5 0 0
38 187 46 28283.7 0 0
34 185 46 28288 0 0
39 183 46 28292.2 0 0
34 188 46 28296.4 0 0
36 184 46 28300.6 0 0
30 189 46 28304.8 0 0
38 187 46 28309 0 0
36 188 46 28313.2 0 0
36 187 46 28317.5 0 0
39 185 46 28321.7 0 0
37 185 46 28325.9 0 0
37 185 46 28330.1 0 0
38 198 46 28334.3 0 0
37 185 46 28338.5 0 0
32 191 46 28342.7 0 0
35 191 46 28347 0 0
38 187 46 28351.2 0 0
35 191 46 28355.4 0 0
34 189 46 28359.6 0 0
41 185 46 28363.8 0 0
40 187 46 28368 0 0
35 185 46 28372.2 0 0
34 187 46 28376.5 0 0
33 194 46 28380.7 0 0
41 190 46 28384.9 0 0
36 190 46 28389.2 0 0
31 191 46 28393.4 0 0
37 190 46 28397.6 0 0
40 190 46 28401.8 0 0
41 188 46 28406 0 0
39 188 46 28410.2 0 0
32 188 46 28414.5 0 0
37 190 46 28419 0 0
38 188 46 28423.2 0 0
39 190 46 28427.4 0 0
37 187 46 28431.6 0 0
37 185 46 28435.9 0 0
36 183 46 28440.1 0 0
38 173 46 28444.3 0 0
38 166 46 28448.5 0 0
40 169 46 28452.8 0 0
34 166 46 28457 0 0
40 170 46 28461.2 0 0
35 171 46 28465.4 0 0
39 170 46 28469.6 0 0
34 171 46 28473.8 0 0
33 175 46 28478 0 0
36 174 46 28482.3 0 0
36 173 46 28486.5 0 0
37 174 46 28490.7 0 0
39 172 46 28494.9 0 0
36 170 46 28499.2 0 0
38 172 46 28503.4 0 0
38 171 46 28507.6 0 0
38 167 46 28511.9 0 0
39 172 46 28516.1 0 0
37 171 46 28520.3 0 0
36 168 46 28524.5 0 0
37 168 46 28528.7 0 0
32 170 46 28533 0 0
38 167 47 28537.3 0 0
36 168 46 28541.5 0 0
41 168 46 28545.7 0 0
36 168 47 28549.9 0 0
38 171 47 28554.1 0 0
34 170 46 28558.3 0 0
38 169 47 28562.6 0 0
37 172 47 28566.9 0 0
33 172 47 28571.1 0 0
39 172 47 28575.3 0 0
39 172 47 28579.5 0 0
31 171 47 28583.7 0 0
37 169 47 28587.9 0 0
37 171 47 28592.1 0 0
40 170 47 28596.3 0 0
38 169 47 28600.6 0 0
34 171 47 28604.8 0 0
37 172 47 28609 0 0
41 171 47 28613.2 0 0
39 171 47 28617.4 0 0
38 174 47 28621.6 0 0
39 172 47 28625.8 0 0
42 173 47 28630.1 0 0
38 175 47 28634.3 0 0
34 174 47 28638.5 0 0
37 174 47 28642.7 0 0
37 175 47 28646.9 0 0
32 174 47 28651.1 0 0
38 175 47 28655.3 0 0
40 166 47 28659.6 0 0
36 168 47 28663.8 0 0
38 166 47 28668 0 0
43 172 47 28672.2 0 0
40 160 47 28676.4 0 0
48 147 47 28680.6 0 0
51 145 47 28687.5 0 0
50 137 47 28691.8 0 0
53 138 47 28696 0 0
52 128 47 28700.2 0 0
50 118 47 28704.4 0 0
53 120 47 28708.6 0 0
62 113 47 28712.8 0 0
54 108 48 28720.2 0 0
59 108 47 28724.7 0 0
60 98 48 28729.2 0 0
59 95 48 28733.6 0 0
57 98 47 28737.8 0 0
64 92 47 28742 0 0
57 91 48 28746.6 0 0
55 94 47 28751 0 0
57 93 47 28755.3 0 0
57 92 47 28759.5 0 0
60 87 48 28766.4 0 0
59 91 47 28770.6 0 0
59 85 48 28774.9 0 0
54 92 47 28779.1 0 0
59 90 48 28783.3 0 0
56 83 48 28787.7 0 0
60 83 48 28791.9 0 0
59 82 48 28796.1 0 0
58 84 48 28800.3 0 0
61 84 48 28804.5 0 0
59 85 48 28808.7 0 0
59 84 48 28812.9 0 0
57 85 48 28817.2 0 0
56 86 48 28821.4 0 0
60 85 48 28825.6 0 0
54 85 48 28829.8 0 0
61 86 48 28834.2 0 0
60 87 47 28838.4 0 0
57 86 48 28842.6 0 0
64 82 48 28846.9 0 0
59 87 47 28851.1 0 0
59 80 48 28855.3 0 0
60 81 48 28859.5 0 0
60 81 48 28863.7 0 0
60 81 48 28869.3 0 0
59 83 48 28873.5 0 0
55 83 48 28877.7 0 0
58 82 48 28882 0 0
58 83 48 28886.2 0 0
62 83 48 28890.4 0 0
54 87 47 28894.6 0 0
59 83 48 28898.8 0 0
63 79 48 28903 0 0
57 83 48 28907.2 0 0
61 83 48 28911.5 0 0
53 80 48 28915.7 0 0
62 80 48 28919.9 0 0
62 81 48 28924.1 0 0
63 76 48 28928.3 0 0
61 86 47 28932.5 0 0
56 75 48 28936.8 0 0
60 83 47 28941 0 0
59 84 47 28945.2 0 0
59 81 48 28949.5 0 0
57 80 48 28953.7 0 0
61 84 47 28957.9 0 0
60 80 48 28962.1 0 0
56 82 48 28966.3 0 0
58 82 48 28970.5 0 0
61 80 48 28974.8 0 0
57 82 48 28979 0 0
64 82 48 28983.2 0 0
62 82 47 28987.4 0 0
58 76 47 28991.6 0 0
61 75 48 28995.8 0 0
60 81 47 29000.1 0 0
59 80 48 29004.3 0 0
61 77 48 29008.5 0 0
56 81 47 29012.7 0 0
60 83 47 29016.9 0 0
59 77 48 29021.1 0 0
58 80 48 29025.3 0 0
62 82 47 29029.5 0 0
57 78 48 29033.8 0 0
57 83 47 29038 0 0
55 78 48 29042.2 0 0
60 76 48 29046.4 0 0
65 75 48 29050.6 0 0
65 75 47 29054.8 0 0
61 76 48 29059 0 0
66 81 47 29063.3 0 0
56 77 48 29067.5 0 0
63 75 48 29071.7 0 0
63 82 47 29075.9 0 0
65 78 48 29080.1 0 0
56 78 48 29084.3 0 0
56 82 48 29088.5 0 0
61 80 48 29092.7 0 0
61 84 47 29097 0 0
62 79 48 29101.2 0 0
53 85 47 29105.4 0 0
59 81 48 29109.6 0 0
60 80 48 29113.8 0 0
64 83 48 29118 0 0
58 77 48 29122.2 0 0
60 81 48 29126.5 0 0
62 79 48 29130.7 0 0
57 80 48 29135 0 0
58 81 48 29139.2 0 0
60 76 48 29143.4 0 0
61 80 48 29147.6 0 0
61 79 48 29151.8 0 0
58 80 48 29156 0 0
58 80 48 29160.3 0 0
58 80 48 29164.5 0 0
60 79 48 29168.8 0 0
57 78 48 29173 0 0
63 79 48 29177.2 0 0
57 75 48 29181.4 0 0
64 76 48 29185.6 0 0
59 76 48 29190.1 0 0
64 78 48 29194.3 0 0
65 79 48 29198.5 0 0
58 78 48 29202.7 0 0
63 78 48 29206.9 0 0
65 80 48 29211.1 0 0
56 78 48 29215.4 0 0
60 77 48 29219.6 0 0
62 80 48 29223.8 0 0
54 78 48 29228.1 0 0
63 77 48 29232.3 0 0
59 79 48 29236.5 0 0
58 77 48 29240.7 0 0
63 78 48 29244.9 0 0
61 79 48 29249.2 0 0
63 77 48 29253.6 0 0
62 76 48 29257.8 0 0
63 81 48 29262 0 0
69 74 49 29266.2 0 0
69 73 49 29270.5 0 0
68 70 49 29274.7 0 0
73 68 49 29278.9 0 0
73 68 0 29283.1 0 0
74 68 49 29287.8 0 0
73 71 49 29292.1 0 0
72 65 49 29296.3 0 0
77 66 49 29300.5 0 0
78 62 49 29304.7 0 0
80 62 49 29308.9 0 0
76 63 49 29313.1 0 0
82 59 49 29317.4 0 0
82 62 49 29321.6 0 0
79 62 49 29328.6 0 0
78 63 49 29332.8 0 0
78 62 49 29337 0 0
76 64 49 29341.2 0 0
82 63 49 29345.4 0 0
80 61 49 29349.7 0 0
81 62 49 29353.9 0 0
80 65 49 29358.1 0 0
84 65 49 29362.3 0 0
80 65 50 29366.5 0 0
81 64 49 29370.7 0 0
81 65 50 29375 0 0
83 65 50 29379.2 0 0
85 65 50 29383.4 0 0
81 59 50 29387.6 0 0
81 65 50 29391.8 0 0
81 59 50 29396 0 0
83 60 50 29400.2 0 0
80 60 50 29404.5 0 0
83 60 50 29408.8 0 0
81 61 50 29413 0 0
79 60 50 29417.2 0 0
83 60 50 29421.4 0 0
80 60 50 29428.2 0 0
84 63 50 29432.5 0 0
79 59 50 29436.7 0 0
81 58 50 29441 0 0
84 59 50 29445.2 0 0
80 60 50 29449.4 0 0
80 61 50 29453.6 0 0
82 59 50 29457.8 0 0
82 57 50 29462 0 0
83 59 50 29466.3 0 0
79 58 50 29470.5 0 0
80 51 50 29474.9 0 0
84 46 50 29479.1 0 0
83 44 50 29483.3 0 0
83 42 50 29487.6 0 0
82 40 50 29491.8 0 0
81 43 50 29496 0 0
81 43 50 29500.2 0 0
81 43 50 29504.4 0 0
81 43 0 29509.9 0 0
81 43 0 29514.1 0 0
81 43 0 29518.3 0 0
81 43 0 29522.5 0 0
81 43 0 29526.7 0 0
81 43 0 29530.9 0 0
81 43 0 29535.2 0 0
81 43 0 29539.4 0 0
81 43 0 29543.6 0 0
81 43 0 29547.8 0 0
81 43 0 29552 0 0
81 43 0 29556.2 0 0
81 43 0 29560.5 0 0
81 43 0 29564.7 0 0
81 43 0 29569 0 0
81 43 0 29573.3 0 0
81 43 0 29577.5 0 0
81 43 0 29581.7 0 0
81 43 0 29585.9 0 0
81 43 0 29590.1 0 0
81 43 0 29594.3 0 0
81 43 0 29598.6 0 0
81 43 0 29602.8 0 0
81 43 0 29607 0 0
81 43 0 29611.2 0 0
81 43 0 29615.4 0 0
81 43 0 29619.6 0 0
81 43 0 29623.9 0 0
81 43 0 29628.2 0 0
81 43 0 29632.4 0 0
81 43 0 29636.6 0 0
81 43 0 29640.8 0 0
81 43 0 29645 0 0
81 43 0 29649.2 0 0
81 43 0 29653.4 0 0
81 43 0 29657.7 0 0
81 43 0 29661.9 0 0
81 43 0 29666.1 0 0
81 43 0 29670.3 0 0
81 43 0 29674.5 0 0
81 43 0 29678.7 0 0
81 43 0 29682.9 0 0
81 43 0 29687.1 0 0
81 43 0 29691.4 0 0
81 43 0 29695.6 0 0
81 43 0 29699.8 0 0
74 42 49 30321.7 0 0
72 49 48 30325.9 0 0
74 47 48 30330.1 0 0
73 48 49 30334.3 0 0
72 50 48 30338.5 0 0
73 46 48 30342.7 0 0
70 47 48 30346.9 0 0
72 47 48 30351.2 0 0
72 49 48 30355.4 0 0
71 51 48 30359.6 0 0
72 47 49 30363.8 0 0
70 47 48 30368 0 0
72 51 48 30372.2 0 0
70 50 48 30376.5 0 0
71 49 48 30380.7 0 0
71 47 48 30385 0 0
70 52 48 30389.2 0 0
71 48 48 30393.4 0 0
71 47 48 30397.6 0 0
71 48 48 30401.8 0 0
72 46 48 30406 0 0
72 46 48 30410.3 0 0
72 46 48 30414.5 0 0
72 45 49 30418.8 0 0
72 46 48 30423 0 0
73 45 49 30427.2 0 0
73 45 48 30431.4 0 0
71 47 48 30435.6 0 0
75 45 48 30439.9 0 0
72 46 48 30444.1 0 0
69 46 48 30448.3 0 0
75 46 48 30452.5 0 0
75 47 48 30456.7 0 0
74 47 48 30460.9 0 0
73 50 48 30465.1 0 0
74 47 49 30469.3 0 0
72 46 48 30473.6 0 0
74 48 48 30477.8 0 0
73 48 48 30482.2 0 0
71 51 48 30486.5 0 0
74 48 48 30490.7 0 0
72 47 48 30494.9 0 0
72 48 48 30499.2 0 0
72 49 49 30503.6 0 0
72 48 48 30507.8 0 0
72 47 48 30512 0 0
72 47 48 30516.2 0 0
75 46 48 30520.4 0 0
73 48 48 30524.6 0 0
71 47 48 30528.8 0 0
72 47 48 30533.1 0 0
72 49 48 30537.8 0 0
71 47 48 30542 0 0
70 49 48 30546.2 0 0
73 49 48 30550.4 0 0
70 48 48 30554.6 0 0
72 53 48 30558.9 0 0
71 49 48 30563.1 0 0
70 53 48 30567.3 0 0
71 49 48 30571.6 0 0
69 53 48 30575.8 0 0
72 50 48 30580 0 0
72 49 48 30584.2 0 0
73 50 48 30588.4 0 0
73 50 48 30592.6 0 0
72 50 48 30596.9 0 0
72 49 48 30601.2 0 0
71 51 48 30605.4 0 0
73 50 48 30609.6 0 0
74 50 48 30613.8 0 0
72 50 48 30618 0 0
72 49 48 30622.2 0 0
71 51 48 30626.5 0 0
71 50 48 30630.7 0 0
72 49 48 30634.9 0 0
73 50 48 30639.1 0 0
72 49 48 30643.3 0 0
71 49 48 30647.5 0 0
74 49 48 30651.8 0 0
73 50 48 30656 0 0
71 50 48 30660.2 0 0
72 51 48 30664.5 0 0
73 51 48 30668.8 0 0
71 50 48 30673 0 0
72 51 48 30677.2 0 0
74 50 48 30681.4 0 0
74 49 48 30685.6 0 0
71 50 48 30689.9 0 0
71 50 49 30694.1 0 0
72 51 48 30698.3 0 0
72 52 49 30702.5 0 0
72 51 49 30706.7 0 0
71 52 48 30711 0 0
73 53 49 30715.2 0 0
71 52 48 30719.4 0 0
72 52 48 30723.6 0 0
73 52 49 30727.9 0 0
71 53 48 30732.1 0 0
72 52 48 30736.3 0 0
72 52 49 30740.5 0 0
71 51 48 30744.7 0 0
72 54 49 30748.9 0 0
73 51 48 30753.2 0 0
73 51 48 30757.4 0 0
73 52 49 30761.6 0 0
73 51 48 30765.8 0 0
70 51 48 30770 0 0
72 52 48 30774.2 0 0
69 51 48 30778.4 0 0
71 53 49 30782.6 0 0
70 49 49 30787.2 0 0
70 53 49 30793.6 0 0
72 49 49 30798.1 0 0
73 51 49 30802.3 0 0
72 51 49 30806.5 0 0
72 52 49 30810.7 0 0
73 48 49 30815 0 0
75 50 49 30819.2 0 0
81 50 49 30823.4 0 0
92 53 50 30827.6 0 0
100 60 50 30831.8 0 0
103 62 50 30836 0 0
108 66 49 30840.2 0 0
107 72 49 30844.4 0 0
111 72 49 30848.7 0 0
109 75 49 30852.9 0 0
108 77 49 30857.1 0 0
108 76 49 30861.3 0 0
108 78 49 30865.5 0 0
106 77 49 30869.8 0 0
108 80 49 30874 0 0
107 77 50 30878.2 0 0
107 81 49 30882.5 0 0
107 76 50 30886.7 0 0
108 78 49 30890.9 0 0
108 75 50 30898 0 0
111 77 50 30902.2 0 0
110 78 50 30906.5 0 0
109 77 50 30910.7 0 0
109 76 50 30914.9 0 0
108 77 50 30919.1 0 0
110 79 50 30923.3 0 0
109 78 50 30927.5 0 0
110 78 50 30932 0 0
109 80 50 30936.2 0 0
109 78 50 30940.6 0 0
111 80 50 30944.9 0 0
110 81 50 30949.1 0 0
111 83 50 30956.2 0 0
111 83 0 30960.4 0 0
121 89 51 30964.6 0 0
127 91 51 30968.8 0 0
137 102 50 30973 0 0
142 106 50 30977.2 0 0
140 116 50 30981.5 0 0
136 123 50 30985.7 0 0
133 133 50 30989.9 0 0
133 143 50 30994.1 0 0
126 148 50 30998.3 0 0
124 155 50 31002.6 0 0
124 159 50 31006.8 0 0
127 163 50 31011 0 0
127 165 50 31015.2 0 0
126 162 50 31019.5 0 0
131 161 50 31023.7 0 0
129 158 50 31027.9 0 0
131 156 50 31032.1 0 0
128 157 50 31036.3 0 0
127 156 50 31040.5 0 0
129 157 50 31044.8 0 0
127 158 50 31049 0 0
129 160 50 31053.2 0 0
131 160 50 31057.4 0 0
126 162 50 31061.6 0 0
126 162 50 31065.9 0 0
129 159 50 31072.4 0 0
130 163 50 31076.6 0 0
128 162 50 31080.8 0 0
128 164 50 31085 0 0
130 165 50 31089.2 0 0
129 163 50 31093.5 0 0
130 166 50 31097.7 0 0
127 162 50 31101.9 0 0
127 165 50 31106.1 0 0
129 160 50 31110.3 0 0
131 165 50 31114.5 0 0
130 161 50 31118.8 0 0
128 164 50 31123 0 0
132 162 50 31127.2 0 0
127 163 50 31131.4 0 0
129 161 50 31135.7 0 0
130 163 50 31139.8 0 0
129 163 50 31144 0 0
127 162 50 31148.3 0 0
130 165 50 31152.5 0 0
129 162 50 31156.7 0 0
129 165 51 31160.9 0 0
129 164 50 31165.1 0 0
129 162 51 31169.4 0 0
131 164 50 31173.6 0 0
128 162 50 31177.8 0 0
128 167 51 31182 0 0
131 165 50 31186.3 0 0
129 165 50 31190.5 0 0
128 166 51 31194.8 0 0
127 163 51 31199 0 0
128 163 51 31203.2 0 0
130 161 50 31207.4 0 0
130 161 51 31211.6 0 0
127 160 51 31218.4 0 0
128 163 50 31222.7 0 0
129 161 51 31226.9 0 0
129 160 51 31231.1 0 0
129 161 51 31235.3 0 0
128 162 51 31239.5 0 0
128 161 51 31243.8 0 0
127 161 51 31248 0 0
131 161 51 31252.4 0 0
130 158 51 31256.6 0 0
129 162 51 31260.8 0 0
131 162 51 31265 0 0
130 160 51 31269.3 0 0
127 162 51 31273.5 0 0
128 164 51 31277.7 0 0
128 165 51 31281.9 0 0
129 163 51 31286.1 0 0
130 162 51 31290.3 0 0
128 165 51 31294.6 0 0
130 163 51 31298.8 0 0
130 164 51 31303 0 0
129 162 51 31307.2 0 0
129 166 51 31311.4 0 0
130 165 51 31318.3 0 0
132 165 51 31322.6 0 0
130 166 51 31326.8 0 0
130 164 51 31331 0 0
130 165 51 31335.2 0 0
131 162 50 31339.5 0 0
126 162 51 31343.7 0 0
126 170 51 31347.9 0 0
117 170 51 31352.2 0 0
108 182 51 31356.4 0 0
95 189 51 31360.6 0 0
87 194 51 31364.8 0 0
81 202 50 31369 0 0
77 211 50 31373.2 0 0
76 209 50 31377.5 0 0
75 212 50 31381.7 0 0
79 218 50 31385.9 0 0
78 219 50 31390.1 0 0
80 215 50 31394.3 0 0
78 216 50 31398.5 0 0
79 212 50 31402.7 0 0
80 214 50 31407 0 0
82 211 50 31411.2 0 0
78 208 50 31415.4 0 0
78 208 50 31422.5 0 0
79 210 49 31430.7 0 0
79 210 49 31439 0 0
79 212 49 31447.5 0 0
78 215 49 31451.7 0 0
78 210 49 31455.9 0 0
77 210 49 31460.1 0 0
80 213 49 31464.3 0 0
76 211 49 31468.6 0 0
77 210 49 31472.8 0 0
77 213 49 31477 0 0
76 212 49 31481.3 0 0
77 220 49 31485.5 0 0
78 219 49 31489.7 0 0
76 219 49 31494 0 0
77 218 49 31498.2 0 0
78 219 49 31502.5 0 0
76 216 49 31506.7 0 0
81 218 49 31510.9 0 0
76 219 49 31515.1 0 0
78 217 49 31519.3 0 0
76 219 49 31523.5 0 0
76 214 49 31527.8 0 0
77 213 49 31532 0 0
77 210 49 31538.9 0 0
75 211 49 31543.1 0 0
78 213 49 31547.3 0 0
80 212 49 31551.6 0 0
76 213 49 31555.8 0 0
77 214 49 31560 0 0
75 210 49 31564.2 0 0
78 212 49 31568.5 0 0
73 213 49 31572.7 0 0
78 212 49 31576.9 0 0
74 214 48 31581.1 0 0
76 214 48 31585.3 0 0
77 214 48 31589.5 0 0
75 214 49 31593.8 0 0
77 215 49 31598 0 0
79 213 48 31602.2 0 0
79 213 49 31606.5 0 0
76 213 48 31610.7 0 0
77 214 48 31614.9 0 0
79 212 48 31619.1 0 0
76 213 48 31623.3 0 0
77 214 48 31627.5 0 0
79 212 48 31631.8 0 0
74 214 48 31636 0 0
81 212 48 31640.2 0 0
79 213 48 31644.4 0 0
78 214 48 31648.6 0 0
79 214 48 31655.5 0 0
78 210 48 31659.8 0 0
75 214 48 31664 0 0
74 214 48 31668.3 0 0
77 213 48 31672.5 0 0
79 211 48 31676.7 0 0
78 212 48 31680.9 0 0
76 212 48 31685.1 0 0
76 212 48 31689.3 0 0
78 212 48 31693.6 0 0
78 211 48 31697.8 0 0
80 211 48 31702 0 0
75 211 48 31706.2 0 0
78 213 48 31710.4 0 0
77 210 48 31714.6 0 0
75 214 48 31718.8 0 0
76 211 48 31723.1 0 0
77 212 48 31727.3 0 0
77 211 47 31731.6 0 0
77 213 48 31735.8 0 0
72 212 48 31740 0 0
81 212 48 31744.2 0 0
105 207 48 31748.5 0 0
117 205 48 31755.4 0 0
130 206 48 31759.6 0 0
136 209 48 31763.9 0 0
149 208 48 31768.1 0 0
156 204 47 31772.3 0 0
165 206 47 31776.5 0 0
173 211 47 31780.7 0 0
182 205 47 31785 0 0
184 208 47 31789.2 0 0
193 207 46 31793.4 0 0
194 210 46 31797.6 0 0
201 208 46 31801.8 0 0
200 212 46 31806 0 0
199 207 46 31810.3 0 0
192 207 46 31814.6 0 0
191 212 46 31818.8 0 0
196 207 46 31823.1 0 0
195 206 46 31827.3 0 0
194 207 46 31831.5 0 0
197 209 46 31835.7 0 0
198 208 46 31839.9 0 0
198 209 46 31844.1 0 0
198 207 46 31848.3 0 0
197 207 46 31852.5 0 0
199 209 46 31856.8 0 0
196 204 46 31861 0 0
199 208 46 31868 0 0
196 211 46 31872.2 0 0
198 205 46 31876.5 0 0
201 209 46 31880.7 0 0
197 209 46 31884.9 0 0
201 209 45 31889.2 0 0
202 213 46 31893.3 0 0
199 207 46 31897.5 0 0
204 213 45 31901.8 0 0
198 214 46 31906 0 0
199 209 45 31910.3 0 0
199 213 45 31914.5 0 0
196 212 46 31918.8 0 0
199 212 45 31923 0 0
199 215 46 31927.2 0 0
197 212 46 31931.4 0 0
199 211 45 31935.6 0 0
201 213 45 31939.8 0 0
199 212 46 31944 0 0
201 213 46 31951.2 0 0
201 213 45 31955.4 0 0
201 212 45 31959.6 0 0
203 212 46 31963.8 0 0
197 211 45 31968.1 0 0
200 214 46 31972.3 0 0
201 209 45 31976.5 0 0
200 211 46 31980.8 0 0
200 215 45 31985 0 0
199 211 46 31989.2 0 0
200 209 45 31993.4 0 0
198 215 46 31997.6 0 0
198 211 45 32001.8 0 0
197 211 46 32006.1 0 0
199 210 46 32010.3 0 0
197 212 46 32014.5 0 0
200 220 45 32018.7 0 0
200 222 45 32022.9 0 0
201 221 46 32027.2 0 0
202 222 45 32031.4 0 0
200 218 46 32035.6 0 0
202 221 46 32039.8 0 0
198 217 46 32044 0 0
202 214 46 32048.3 0 0
202 214 46 32052.5 0 0
198 220 46 32056.7 0 0
200 224 45 32061 0 0
199 220 46 32065.2 0 0
201 222 46 32069.5 0 0
202 220 46 32073.7 0 0
198 217 46 32077.9 0 0
202 222 46 32082.1 0 0
202 217 46 32086.3 0 0
201 225 46 32090.5 0 0
203 219 46 32094.7 0 0
199 224 46 32098.9 0 0
199 223 46 32103.1 0 0
201 224 46 32107.4 0 0
201 226 46 32111.6 0 0
205 221 46 32115.8 0 0
200 222 46 32120 0 0
200 218 46 32124.2 0 0
201 219 46 32128.5 0 0
199 217 46 32132.7 0 0
196 217 46 32136.9 0 0
200 218 46 32141.1 0 0
197 219 46 32145.3 0 0
196 215 46 32149.5 0 0
199 214 46 32153.7 0 0
198 216 46 32157.9 0 0
202 216 46 32162.7 0 0
198 216 46 32166.9 0 0
198 215 46 32171.1 0 0
201 213 46 32175.3 0 0
199 217 47 32179.5 0 0
196 217 46 32183.7 0 0
201 216 46 32187.9 0 0
200 219 46 32192.1 0 0
199 217 46 32196.3 0 0
197 217 47 32200.5 0 0
200 219 47 32204.8 0 0
197 215 46 32209 0 0
200 210 47 32213.2 0 0
197 210 47 32217.4 0 0
198 214 47 32221.6 0 0
201 212 46 32225.8 0 0
199 209 47 32230.1 0 0
200 211 47 32234.3 0 0
200 209 47 32238.5 0 0
200 214 47 32242.8 0 0
196 203 47 32247.1 0 0
197 205 47 32251.3 0 0
199 204 47 32255.6 0 0
196 205 47 32259.8 0 0
194 204 47 32264 0 0
195 206 47 32268.2 0 0
198 204 47 32272.4 0 0
196 208 47 32276.6 0 0
200 208 47 32280.8 0 0
195 208 47 32285.1 0 0
199 210 47 32289.3 0 0
197 209 47 32293.5 0 0
200 208 47 32297.7 0 0
203 205 47 32301.9 0 0
209 200 46 32306.1 0 0
209 200 0 32310.3 0 0
211 205 47 32314.6 0 0
208 205 46 32318.8 0 0
203 205 46 32323 0 0
203 205 0 32327.2 0 0
206 207 47 32331.4 0 0
206 207 0 32335.6 0 0
205 207 46 32339.8 0 0
205 208 46 32344.1 0 0
205 209 46 32348.3 0 0
204 209 47 32352.5 0 0
207 208 46 32356.7 0 0
205 212 46 32361 0 0
209 212 47 32365.2 0 0
207 213 46 32369.4 0 0
203 207 46 32373.6 0 0
205 211 47 32377.9 0 0
205 212 46 32382.1 0 0
205 211 46 32386.3 0 0
205 208 46 32390.5 0 0
209 214 46 32394.7 0 0
205 211 46 32398.9 0 0
204 215 47 32403.1 0 0
209 216 46 32407.4 0 0
203 207 46 32411.6 0 0
201 209 46 32415.8 0 0
205 214 46 32420 0 0
202 206 47 32424.2 0 0
211 212 47 32428.5 0 0
206 209 47 32432.8 0 0
209 213 47 32437 0 0
209 214 47 32441.3 0 0
211 213 47 32445.5 0 0
205 216 47 32449.7 0 0
209 218 47 32453.9 0 0
210 218 47 32458.1 0 0
211 217 47 32462.3 0 0
206 220 47 32466.5 0 0
210 214 47 32470.8 0 0
208 220 47 32475.1 0 0
206 212 47 32479.3 0 0
207 216 47 32483.6 0 0
208 212 47 32487.8 0 0
211 216 47 32492 0 0
207 219 47 32496.2 0 0
207 214 47 32500.4 0 0
210 213 47 32504.7 0 0
207 218 47 32508.9 0 0
207 213 47 32513.1 0 0
202 217 47 32517.4 0 0
206 213 47 32521.6 0 0
204 215 47 32525.8 0 0
205 212 47 32530 0 0
207 213 47 32534.2 0 0
208 216 47 32538.5 0 0
207 212 47 32542.7 0 0
204 211 47 32546.9 0 0
205 207 47 32551.1 0 0
203 193 47 32555.3 0 0
204 197 47 32559.5 0 0
200 188 47 32563.7 0 0
197 183 47 32568.2 0 0
196 183 47 32572.4 0 0
199 182 47 32576.6 0 0
200 184 48 32580.8 0 0
199 181 47 32585 0 0
202 178 47 32589.2 0 0
203 180 47 32593.5 0 0
203 172 47 32597.7 0 0
202 172 47 32601.9 0 0
203 175 47 32606.1 0 0
204 183 47 32610.3 0 0
203 183 47 32614.5 0 0
202 189 47 32618.7 0 0
205 193 47 32623 0 0
202 183 47 32627.2 0 0
206 192 47 32631.4 0 0
206 187 47 32635.7 0 0
206 187 47 32639.9 0 0
204 175 47 32644.1 0 0
201 182 47 32648.3 0 0
206 183 47 32652.5 0 0
205 180 47 32656.7 0 0
203 181 48 32660.9 0 0
204 182 47 32665.2 0 0
205 184 48 32669.4 0 0
202 194 48 32673.6 0 0
204 181 47 32677.8 0 0
208 203 47 32682 0 0
205 194 48 32686.2 0 0
205 197 47 32690.5 0 0
208 190 48 32694.7 0 0
202 190 47 32699 0 0
205 196 48 32703.2 0 0
203 191 47 32707.3 0 0
205 196 48 32711.5 0 0
205 194 47 32720.3 0 0
210 194 47 32724.6 0 0
204 196 48 32728.8 0 0
206 193 47 32733 0 0
206 194 48 32737.2 0 0
208 193 48 32741.4 0 0
207 196 48 32745.7 0 0
209 191 48 32750.1 0 0
205 198 48 32754.4 0 0
203 190 48 32758.7 0 0
206 192 48 32762.9 0 0
205 192 48 32767.1 0 0
204 192 48 32771.3 0 0
208 190 48 32775.6 0 0
203 186 48 32779.8 0 0
204 174 48 32784 0 0
203 167 48 32788.2 0 0
207 182 48 32792.5 0 0
206 162 48 32796.7 0 0
206 174 48 32800.9 0 0
207 181 48 32805.1 0 0
204 187 48 32813.6 0 0
205 192 48 32817.9 0 0
205 189 48 32822.1 0 0
210 191 48 32826.3 0 0
205 192 48 32830.5 0 0
202 188 48 32834.7 0 0
209 187 48 32838.9 0 0
206 166 48 32843.1 0 0
205 184 48 32847.4 0 0
207 187 48 32851.6 0 0
204 165 48 32855.8 0 0
199 182 48 32860 0 0
202 187 48 32864.2 0 0
207 162 48 32868.4 0 0
205 191 48 32872.7 0 0
205 162 48 32876.9 0 0
205 165 48 32881.6 0 0
207 160 48 32885.8 0 0
204 164 48 32890 0 0
203 166 48 32894.2 0 0
205 163 48 32898.4 0 0
203 164 48 32902.7 0 0
203 165 48 32906.9 0 0
202 165 48 32911.3 0 0
208 162 48 32915.5 0 0
205 164 48 32919.8 0 0
206 163 48 32924 0 0
203 165 48 32928.2 0 0
207 164 48 32932.4 0 0
205 165 48 32936.6 0 0
206 165 48 32940.8 0 0
202 165 48 32945.1 0 0
204 190 47 32949.3 0 0
208 188 48 32953.5 0 0
205 182 48 32957.7 0 0
206 172 48 32966.1 0 0
203 166 48 32970.3 0 0
208 164 48 32976 0 0
204 166 48 32980.3 0 0
204 163 48 32984.6 0 0
201 163 48 32988.8 0 0
202 164 48 32993 0 0
205 164 48 32997.2 0 0
202 162 48 33001.4 0 0
203 189 48 33005.8 0 0
204 190 48 33010 0 0
203 166 48 33016.8 0 0
209 165 48 33021.1 0 0
206 162 48 33025.2 0 0
206 163 48 33029.5 0 0
204 164 48 33033.7 0 0
202 162 48 33037.9 0 0
203 163 48 33042.2 0 0
203 167 48 33046.3 0 0
203 164 48 33050.6 0 0
207 166 48 33054.8 0 0
200 166 48 33059 0 0
203 166 48 33063.3 0 0
202 166 48 33067.6 0 0
204 192 48 33071.8 0 0
205 167 48 33076 0 0
206 166 48 33080.2 0 0
203 167 48 33084.4 0 0
208 192 48 33088.6 0 0
203 183 48 33092.8 0 0
213 175 48 33097.1 0 0
213 146 48 33101.3 0 0
217 143 48 33105.5 0 0
220 147 48 33109.7 0 0
220 147 48 33113.9 0 0
224 139 47 33119.5 0 0
225 141 47 33123.7 0 0
226 134 47 33128 0 0
228 130 47 33132.2 0 0
228 122 47 33136.4 0 0
228 125 47 33140.6 0 0
230 115 47 33144.8 0 0
231 132 47 33149 0 0
233 126 47 33153.2 0 0
235 124 47 33157.4 0 0
235 114 47 33161.8 0 0
236 110 47 33166 0 0
236 111 47 33170.2 0 0
233 108 47 33174.4 0 0
236 119 47 33178.6 0 0
235 108 47 33182.8 0 0
236 114 47 33187.1 0 0
237 124 47 33191.3 0 0
237 111 47 33195.5 0 0
237 110 47 33199.7 0 0
237 109 47 33203.9 0 0
237 109 47 33208.1 0 0
237 109 47 33212.3 0 0
236 111 47 33216.5 0 0
237 109 47 33220.8 0 0
238 106 48 33225 0 0
236 111 47 33229.2 0 0
237 109 47 33233.4 0 0
236 104 48 33237.6 0 0
237 110 47 33241.8 0 0
236 107 47 33246 0 0
238 108 47 33250.2 0 0
235 103 48 33254.6 0 0
239 110 47 33258.8 0 0
236 103 48 33263 0 0
237 102 48 33267.2 0 0
238 103 47 33271.4 0 0
236 101 47 33275.6 0 0
236 95 48 33279.8 0 0
237 93 48 33284 0 0
235 87 48 33288.3 0 0
240 79 48 33292.5 0 0
241 77 48 33296.7 0 0
239 73 48 33300.9 0 0
241 74 48 33305.1 0 0
238 72 48 33309.3 0 0
239 75 48 33313.5 0 0
241 77 48 33317.7 0 0
242 74 48 33322 0 0
241 77 48 33326.2 0 0
239 76 48 33330.4 0 0
240 77 48 33334.6 0 0
240 74 48 33338.8 0 0
241 78 48 33343 0 0
240 74 48 33347.2 0 0
241 75 48 33351.5 0 0
241 77 48 33355.7 0 0
240 75 48 33359.9 0 0
241 77 48 33364.1 0 0
241 74 48 33368.3 0 0
241 77 48 33372.5 0 0
239 74 48 33376.7 0 0
240 77 48 33381 0 0
242 74 48 33385.2 0 0
240 75 48 33389.4 0 0
242 76 48 33393.6 0 0
239 73 48 33397.8 0 0
240 77 48 33402 0 0
242 75 48 33406.2 0 0
240 75 48 33410.4 0 0
240 74 48 33414.7 0 0
240 74 48 33418.9 0 0
240 73 48 33423.1 0 0
239 73 48 33427.3 0 0
241 74 48 33431.5 0 0
240 76 48 33435.7 0 0
241 74 48 33439.9 0 0
240 73 48 33444.2 0 0
241 77 48 33448.4 0 0
241 73 48 33452.6 0 0
240 75 48 33456.8 0 0
240 73 48 33461 0 0
240 75 48 33465.3 0 0
241 74 48 33469.5 0 0
240 75 48 33473.7 0 0
241 75 48 33477.9 0 0
241 75 48 33482.2 0 0
242 75 48 33486.4 0 0
242 76 48 33490.7 0 0
240 76 48 33494.9 0 0
241 77 48 33499.1 0 0
239 76 48 33503.3 0 0
240 74 48 33507.6 0 0
242 77 48 33511.8 0 0
241 75 48 33516 0 0
240 77 48 33520.2 0 0
242 77 48 33524.4 0 0
240 78 48 33528.6 0 0
241 76 48 33532.8 0 0
240 77 48 33537.3 0 0
240 76 48 33541.5 0 0
240 75 48 33545.8 0 0
240 77 48 33549.9 0 0
241 76 48 33554.2 0 0
241 77 48 33558.5 0 0
240 76 48 33562.7 0 0
241 77 48 33567.1 0 0
240 75 48 33571.3 0 0
240 76 48 33575.5 0 0
242 77 48 33579.7 0 0
241 76 48 33583.9 0 0
239 76 48 33588.1 0 0
241 76 48 33592.3 0 0
240 76 48 33596.9 0 0
241 74 48 33601.1 0 0
240 73 48 33605.3 0 0
240 76 48 33609.5 0 0
241 74 48 33613.7 0 0
241 76 48 33617.9 0 0
239 76 48 33622.1 0 0
243 81 47 33626.4 0 0
241 74 48 33630.6 0 0
240 74 48 33634.8 0 0
240 74 48 33639 0 0
240 73 48 33643.2 0 0
240 74 48 33647.4 0 0
242 79 47 33651.6 0 0
244 79 47 33655.8 0 0
241 74 48 33660.1 0 0
242 74 48 33664.4 0 0
240 72 48 33668.6 0 0
243 80 47 33672.8 0 0
242 78 47 33677 0 0
242 72 48 33681.2 0 0
245 75 47 33685.5 0 0
249 77 47 33689.7 0 0
251 75 47 33693.9 0 0
251 75 47 33698.1 0 0
247 75 47 33702.4 0 0
245 76 47 33706.6 0 0
246 76 47 33710.8 0 0
246 75 47 33715 0 0
246 75 47 33719.2 0 0
246 74 47 33723.4 0 0
244 77 47 33727.6 0 0
245 74 47 33732.4 0 0
248 75 47 33736.6 0 0
246 75 47 33740.8 0 0
247 73 47 33745 0 0
247 76 47 33749.2 0 0
248 75 47 33753.4 0 0
246 73 47 33757.7 0 0
245 76 47 33761.9 0 0
245 73 47 33766.1 0 0
245 74 47 33770.3 0 0
247 73 47 33774.5 0 0
245 73 47 33778.7 0 0
247 73 47 33783.1 0 0
246 72 47 33787.3 0 0
246 72 47 33791.6 0 0
246 72 47 33795.8 0 0
245 70 47 33800 0 0
248 72 47 33804.2 0 0
246 71 47 33808.4 0 0
246 71 47 33812.6 0 0
245 71 47 33816.8 0 0
246 71 47 33821 0 0
245 72 47 33825.2 0 0
248 70 47 33829.4 0 0
246 70 47 33833.7 0 0
244 71 47 33837.9 0 0
246 70 47 33842.1 0 0
245 70 47 33846.3 0 0
246 70 47 33850.6 0 0
245 70 47 33854.8 0 0
247 71 47 33859 0 0
244 72 47 33863.2 0 0
245 70 47 33867.4 0 0
246 70 47 33871.6 0 0
248 71 47 33875.9 0 0
246 70 47 33880.1 0 0
245 70 47 33884.3 0 0
247 70 47 33888.5 0 0
247 70 47 33892.8 0 0
246 71 47 33897 0 0
245 70 47 33901.2 0 0
246 70 47 33905.4 0 0
247 70 47 33909.7 0 0
245 71 47 33913.9 0 0
247 70 47 33918.1 0 0
244 71 47 33922.3 0 0
246 71 47 33926.5 0 0
246 70 47 33930.7 0 0
246 71 47 33934.9 0 0
246 72 47 33939.2 0 0
245 71 47 33944 0 0
245 71 47 33948.2 0 0
246 73 47 33952.4 0 0
246 72 47 33956.6 0 0
248 71 47 33960.8 0 0
246 72 47 33965 0 0
246 73 47 33969.2 0 0
246 72 47 33973.5 0 0
245 73 47 33977.7 0 0
245 72 47 33982.1 0 0
242 67 48 33986.3 0 0
239 71 47 33990.5 0 0
236 64 48 33994.7 0 0
236 66 48 33998.9 0 0
238 66 48 34003.2 0 0
239 71 47 34007.4 0 0
241 71 47 34011.7 0 0
242 65 48 34015.9 0 0
241 66 48 34020.1 0 0
238 65 48 34024.3 0 0
239 71 47 34028.6 0 0
240 67 48 34032.8 0 0
240 66 48 34037.1 0 0
240 72 47 34041.3 0 0
240 67 48 34045.6 0 0
238 68 48 34049.8 0 0
239 66 48 34053.9 0 0
239 67 48 34058.2 0 0
242 74 47 34062.4 0 0
239 68 48 34066.7 0 0
240 69 48 34070.9 0 0
239 67 48 34075.1 0 0
240 67 48 34079.3 0 0
241 73 47 34083.5 0 0
239 68 48 34087.7 0 0
239 68 48 34091.9 0 0
240 69 48 34096.2 0 0
241 73 47 34100.4 0 0
240 69 48 34104.6 0 0
240 73 47 34108.8 0 0
239 69 48 34113 0 0
240 67 48 34117.2 0 0
240 69 48 34121.4 0 0
238 65 48 34128.3 0 0
240 71 47 34132.5 0 0
241 72 47 34136.8 0 0
241 69 47 34141 0 0
240 69 47 34145.2 0 0
241 72 47 34149.4 0 0
240 64 48 34153.6 0 0
241 70 47 34157.8 0 0
240 70 47 34162 0 0
241 70 47 34166.3 0 0
239 72 47 34170.5 0 0
240 69 47 34174.7 0 0
239 70 47 34178.9 0 0
241 69 47 34183.2 0 0
241 71 47 34187.4 0 0
241 71 47 34191.6 0 0
241 69 47 34195.8 0 0
241 70 47 34200 0 0
242 70 47 34204.2 0 0
240 69 47 34208.4 0 0
241 70 47 34212.7 0 0
241 68 47 34216.9 0 0
240 70 47 34221.1 0 0
239 72 47 34225.4 0 0
241 71 47 34229.6 0 0
241 73 47 34233.8 0 0
241 71 47 34240.6 0 0
239 73 47 34244.9 0 0
241 71 47 34249.1 0 0
241 72 47 34253.4 0 0
239 73 47 34257.6 0 0
242 71 47 34261.8 0 0
242 70 47 34266 0 0
241 71 47 34270.2 0 0
241 69 47 34274.4 0 0
240 71 47 34278.6 0 0
241 70 47 34282.9 0 0
240 70 47 34287.3 0 0
240 69 47 34291.6 0 0
242 71 47 34295.8 0 0
242 71 47 34300.1 0 0
240 71 47 34304.2 0 0
241 72 47 34308.5 0 0
241 69 47 34312.7 0 0
241 69 47 34316.9 0 0
241 72 47 34321.2 0 0
242 71 47 34328 0 0
242 72 47 34332.3 0 0
242 72 47 34336.5 0 0
241 70 47 34340.7 0 0
242 71 47 34344.9 0 0
242 73 47 34349.2 0 0
240 70 47 34353.4 0 0
240 71 47 34357.6 0 0
242 72 47 34361.8 0 0
242 72 47 34366.1 0 0
240 69 47 34370.3 0 0
242 72 47 34374.5 0 0
242 74 47 34378.7 0 0
241 72 47 34382.9 0 0
239 73 47 34387.2 0 0
241 73 47 34391.4 0 0
242 71 47 34395.6 0 0
242 72 47 34399.8 0 0
242 73 47 34404 0 0
239 72 47 34408.2 0 0
242 74 47 34412.5 0 0
243 71 47 34416.8 0 0
239 73 47 34421 0 0
239 73 47 34425.2 0 0
240 70 47 34431.7 0 0
242 72 47 34436.1 0 0
240 71 47 34440.6 0 0
241 71 47 34444.8 0 0
242 71 47 34449 0 0
242 68 47 34453.2 0 0
241 73 47 34457.4 0 0
243 71 47 34461.6 0 0
241 69 47 34465.8 0 0
240 72 47 34470 0 0
242 69 47 34474.8 0 0
241 68 47 34479.1 0 0
242 69 47 34483.5 0 0
237 71 47 34487.7 0 0
224 69 48 34491.9 0 0
219 81 48 34496.1 0 0
212 82 48 34500.4 0 0
209 84 48 34504.6 0 0
207 82 48 34508.8 0 0
201 82 48 34513 0 0
204 84 48 34517.2 0 0
205 82 48 34521.4 0 0
206 81 49 34525.7 0 0
208 80 48 34529.9 0 0
209 80 48 34534.1 0 0
208 78 48 34538.4 0 0
208 80 49 34542.6 0 0
207 79 49 34546.8 0 0
207 79 48 34551 0 0
206 78 48 34555.2 0 0
206 79 49 34559.4 0 0
205 77 49 34563.6 0 0
208 80 49 34567.9 0 0
203 78 48 34572.1 0 0
206 78 49 34576.3 0 0
204 80 49 34580.5 0 0
204 75 49 34584.7 0 0
207 80 49 34588.9 0 0
206 80 49 34593.1 0 0
204 76 49 34597.4 0 0
206 80 49 34601.6 0 0
205 78 49 34605.8 0 0
203 79 49 34610 0 0
204 79 49 34614.2 0 0
203 78 49 34618.4 0 0
206 79 49 34622.7 0 0
204 79 49 34627 0 0
203 79 49 34631.2 0 0
205 77 49 34635.4 0 0
205 79 49 34639.6 0 0
205 75 49 34643.8 0 0
203 79 49 34648 0 0
205 78 49 34652.2 0 0
207 77 49 34656.5 0 0
205 80 49 34660.7 0 0
206 77 49 34664.9 0 0
203 79 49 34669.1 0 0
204 78 49 34673.4 0 0
206 79 49 34677.6 0 0
206 79 49 34681.8 0 0
205 80 49 34686 0 0
205 79 49 34690.3 0 0
204 80 49 34694.5 0 0
205 79 49 34698.7 0 0
203 77 49 34702.9 0 0
206 80 49 34707.1 0 0
205 80 49 34711.3 0 0
204 76 49 34715.5 0 0
206 79 49 34719.8 0 0
205 77 49 34724 0 0
205 78 49 34728.2 0 0
205 80 49 34732.4 0 0
204 77 49 34736.7 0 0
203 78 49 34740.9 0 0
204 78 49 34745.1 0 0
204 76 49 34749.3 0 0
204 77 49 34753.5 0 0
205 78 49 34757.8 0 0
205 75 49 34762 0 0
203 80 49 34766.2 0 0
205 76 49 34770.4 0 0
206 78 49 34774.6 0 0
206 77 49 34778.8 0 0
205 76 49 34783.1 0 0
205 79 49 34787.5 0 0
204 79 49 34791.7 0 0
205 77 49 34795.9 0 0
206 78 49 34800.1 0 0
205 79 49 34804.3 0 0
206 76 49 34808.6 0 0
204 78 49 34812.8 0 0
204 75 49 34817.1 0 0
207 79 49 34821.3 0 0
204 77 49 34825.5 0 0
206 76 49 34829.7 0 0
205 78 49 34833.9 0 0
205 78 49 34838.1 0 0
203 78 49 34842.3 0 0
201 85 49 34846.6 0 0
195 92 50 34850.8 0 0
183 93 50 34855.1 0 0
179 107 50 34859.3 0 0
175 112 50 34863.5 0 0
165 108 50 34867.7 0 0
165 103 50 34872 0 0
160 109 50 34876.2 0 0
160 111 50 34880.4 0 0
157 116 50 34884.6 0 0
156 118 50 34888.8 0 0
149 123 50 34893.1 0 0
147 125 51 34897.3 0 0
150 129 50 34901.5 0 0
148 131 51 34905.7 0 0
152 130 51 34909.9 0 0
154 129 51 34914.2 0 0
155 124 51 34918.4 0 0
153 125 51 34922.6 0 0
154 125 50 34926.8 0 0
149 126 50 34931 0 0
150 124 50 34935.3 0 0
153 124 50 34939.6 0 0
151 124 50 34943.8 0 0
149 125 50 34948 0 0
153 125 50 34952.2 0 0
148 125 51 34956.4 0 0
150 125 50 34960.6 0 0
152 125 51 34964.8 0 0
151 130 50 34969 0 0
150 129 50 34973.3 0 0
152 132 50 34977.5 0 0
150 129 51 34982.3 0 0
152 132 50 34986.5 0 0
151 131 51 34990.7 0 0
149 133 50 34994.9 0 0
150 132 50 34999.2 0 0
150 127 50 35003.4 0 0
152 130 50 35007.6 0 0
152 127 50 35011.9 0 0
150 130 50 35016.1 0 0
151 131 50 35020.3 0 0
148 128 50 35024.5 0 0
151 130 50 35028.7 0 0
151 127 50 35032.9 0 0
150 129 50 35037.2 0 0
149 130 50 35041.5 0 0
149 127 50 35048.3 0 0
150 129 50 35052.5 0 0
149 128 51 35056.8 0 0
150 128 50 35061 0 0
151 130 50 35065.3 0 0
148 126 50 35069.5 0 0
149 130 50 35073.8 0 0
149 127 51 35078 0 0
148 125 50 35082.2 0 0
151 127 50 35086.4 0 0
150 128 50 35090.7 0 0
146 135 51 35094.9 0 0
140 140 51 35099.1 0 0
133 144 51 35103.3 0 0
126 151 51 35107.6 0 0
122 157 50 35111.8 0 0
127 160 50 35116 0 0
127 160 50 35120.2 0 0
129 160 50 35124.4 0 0
133 162 50 35128.6 0 0
134 157 50 35132.9 0 0
135 155 51 35140 0 0
131 157 50 35144.2 0 0
131 157 50 35148.4 0 0
132 155 50 35152.6 0 0
135 156 50 35156.8 0 0
130 155 50 35161.1 0 0
129 154 51 35165.3 0 0
130 157 51 35169.5 0 0
130 156 51 35173.7 0 0
132 158 51 35177.9 0 0
131 157 51 35182.1 0 0
129 157 51 35186.3 0 0
134 158 50 35190.6 0 0
129 157 50 35194.8 0 0
133 159 51 35199 0 0
130 158 50 35203.2 0 0
130 159 51 35207.4 0 0
132 158 51 35211.6 0 0
129 158 50 35215.8 0 0
131 159 51 35220.1 0 0
132 158 51 35224.3 0 0
131 159 51 35228.5 0 0
132 157 51 35232.8 0 0
130 160 51 35239.9 0 0
133 157 51 35244.1 0 0
129 159 50 35248.3 0 0
130 161 51 35252.6 0 0
130 158 51 35256.8 0 0
130 161 51 35261 0 0
131 161 51 35265.2 0 0
130 157 50 35269.4 0 0
132 159 51 35273.6 0 0
133 158 51 35277.8 0 0
130 159 51 35282.1 0 0
132 158 51 35286.3 0 0
129 156 51 35290.5 0 0
132 157 51 35294.8 0 0
132 159 51 35298.9 0 0
132 159 51 35303.2 0 0
133 159 51 35307.4 0 0
132 158 51 35311.6 0 0
132 160 51 35316 0 0
132 158 51 35320.2 0 0
131 159 51 35327.3 0 0
135 159 51 35331.5 0 0
132 160 51 35335.7 0 0
132 158 51 35339.9 0 0
132 158 51 35344.2 0 0
134 158 51 35348.4 0 0
132 159 51 35352.6 0 0
133 158 51 35356.8 0 0
134 160 51 35361 0 0
130 157 51 35365.2 0 0
132 158 51 35369.5 0 0
133 160 51 35373.7 0 0
131 159 51 35377.9 0 0
133 160 51 35382.2 0 0
133 158 51 35386.4 0 0
131 161 51 35390.6 0 0
134 161 51 35394.8 0 0
134 159 51 35399 0 0
133 161 51 35403.2 0 0
132 162 51 35407.4 0 0
129 160 51 35411.6 0 0
132 165 51 35415.9 0 0
130 162 51 35420.1 0 0
132 160 51 35427.2 0 0
133 163 51 35431.4 0 0
132 162 51 35435.6 0 0
132 159 51 35439.8 0 0
132 162 51 35444.1 0 0
133 163 51 35448.3 0 0
131 162 51 35452.5 0 0
131 164 51 35456.7 0 0
135 161 51 35460.9 0 0
132 162 51 35465.1 0 0
131 163 51 35469.3 0 0
135 160 51 35473.6 0 0
136 161 51 35477.8 0 0
132 159 51 35482 0 0
134 160 51 35486.2 0 0
131 162 51 35490.4 0 0
134 158 51 35494.7 0 0
134 161 51 35498.9 0 0
134 162 51 35503.1 0 0
135 163 51 35507.3 0 0
132 163 51 35511.6 0 0
136 161 51 35515.8 0 0
136 161 51 35520 0 0
134 162 51 35525.5 0 0
132 163 51 35529.8 0 0
126 165 52 35534 0 0
117 170 52 35538.2 0 0
105 176 52 35542.4 0 0
98 178 52 35546.6 0 0
88 183 51 35550.8 0 0
82 188 51 35555 0 0
82 190 51 35559.2 0 0
78 196 50 35563.5 0 0
74 205 51 35567.7 0 0
72 208 50 35571.9 0 0
70 211 50 35576.1 0 0
68 218 50 35580.3 0 0
71 217 51 35584.5 0 0
72 218 51 35588.8 0 0
74 215 51 35593 0 0
75 211 51 35597.3 0 0
77 206 51 35601.6 0 0
76 207 51 35605.8 0 0
73 202 51 35610 0 0
73 217 51 35614.2 0 0
68 211 51 35618.4 0 0
72 218 51 35622.6 0 0
70 211 51 35626.9 0 0
69 215 50 35631.1 0 0
71 217 50 35635.3 0 0
72 209 51 35639.5 0 0
72 217 50 35643.7 0 0
72 209 50 35647.9 0 0
67 219 51 35652.2 0 0
71 211 50 35656.4 0 0
71 213 50 35660.6 0 0
69 223 50 35664.8 0 0
72 223 50 35669.1 0 0
71 209 50 35673.3 0 0
72 219 50 35677.5 0 0
72 210 50 35681.7 0 0
69 222 50 35685.9 0 0
73 220 50 35690.2 0 0
69 212 50 35694.4 0 0
70 224 50 35698.6 0 0
69 211 50 35702.9 0 0
71 211 50 35707.1 0 0
71 209 50 35711.3 0 0
72 213 50 35715.5 0 0
73 208 50 35719.7 0 0
71 214 50 35723.9 0 0
70 210 50 35728.2 0 0
70 208 50 35735.1 0 0
71 211 50 35739.4 0 0
73 210 50 35743.6 0 0
71 209 50 35747.8 0 0
71 210 50 35752.1 0 0
72 210 50 35756.3 0 0
71 210 50 35760.5 0 0
72 208 50 35764.7 0 0
70 210 50 35768.9 0 0
70 211 50 35773.1 0 0
74 207 50 35777.4 0 0
71 210 50 35781.6 0 0
68 208 50 35785.8 0 0
71 207 50 35790 0 0
74 208 50 35794.3 0 0
72 205 50 35798.5 0 0
68 211 50 35802.7 0 0
75 206 50 35806.9 0 0
72 205 50 35811.1 0 0
72 204 50 35815.3 0 0
69 209 49 35819.6 0 0
73 206 49 35823.8 0 0
71 209 49 35828 0 0
71 209 49 35832.2 0 0
71 207 50 35838 0 0
70 208 49 35842.2 0 0
69 211 49 35846.4 0 0
72 207 49 35850.7 0 0
75 209 49 35854.9 0 0
72 211 49 35859.1 0 0
74 208 49 35863.3 0 0
72 201 49 35867.5 0 0
79 197 49 35871.7 0 0
81 193 49 35875.9 0 0
87 193 50 35880.2 0 0
86 189 50 35884.4 0 0
86 192 49 35888.6 0 0
82 190 49 35892.8 0 0
80 191 49 35897 0 0
81 188 49 35901.2 0 0
82 189 49 35905.4 0 0
79 193 49 35909.7 0 0
81 192 49 35913.9 0 0
79 188 49 35918.1 0 0
83 188 49 35922.3 0 0
80 188 49 35926.5 0 0
84 188 49 35930.7 0 0
79 188 49 35935 0 0
82 189 49 35939.2 0 0
81 187 49 35943.4 0 0
82 188 49 35947.7 0 0
83 189 49 35951.9 0 0
84 190 49 35956.1 0 0
81 190 49 35960.3 0 0
82 190 49 35964.5 0 0
82 190 49 35968.8 0 0
81 191 49 35973 0 0
82 186 49 35977.2 0 0
83 191 49 35981.4 0 0
85 190 49 35985.7 0 0
84 190 49 35989.9 0 0
83 190 49 35994.1 0 0
82 191 49 35998.3 0 0
86 188 49 36002.5 0 0
83 189 49 36006.8 0 0
84 188 49 36011 0 0
84 189 49 36015.2 0 0
82 188 49 36019.4 0 0
81 190 49 36023.6 0 0
85 191 49 36027.8 0 0
85 188 49 36032.1 0 0
84 190 49 36036.3 0 0
81 191 49 36040.5 0 0
84 189 49 36044.7 0 0
88 188 49 36048.9 0 0
82 188 49 36053.1 0 0
85 188 49 36057.3 0 0
82 189 49 36061.6 0 0
81 190 49 36065.8 0 0
83 190 49 36070.1 0 0
85 190 48 36074.3 0 0
81 192 48 36078.5 0 0
84 187 49 36082.8 0 0
83 187 48 36086.9 0 0
83 187 48 36091.2 0 0
83 188 48 36095.4 0 0
85 186 49 36099.6 0 0
83 191 49 36103.9 0 0
84 187 48 36108.1 0 0
83 187 48 36112.3 0 0
83 186 48 36116.5 0 0
83 185 48 36120.8 0 0
84 191 48 36125 0 0
83 185 49 36129.2 0 0
84 187 48 36133.4 0 0
82 187 48 36137.7 0 0
83 187 48 36141.9 0 0
80 191 48 36146.1 0 0
82 191 48 36150.3 0 0
83 185 48 36154.6 0 0
82 191 48 36158.8 0 0
84 191 48 36163 0 0
86 192 48 36167.2 0 0
80 187 48 36171.4 0 0
84 187 48 36175.7 0 0
83 189 48 36179.9 0 0
83 189 48 36184.1 0 0
83 187 48 36188.3 0 0
82 185 48 36192.7 0 0
82 187 48 36196.9 0 0
79 188 48 36201.1 0 0
84 188 48 36205.3 0 0
86 184 48 36209.5 0 0
83 192 48 36213.7 0 0
82 191 48 36217.9 0 0
85 191 48 36222.2 0 0
84 192 48 36226.4 0 0
87 192 48 36230.7 0 0
84 192 48 36234.9 0 0
84 192 48 36239.1 0 0
83 193 48 36243.3 0 0
84 187 48 36247.6 0 0
82 193 48 36251.8 0 0
83 189 48 36256.1 0 0
83 187 48 36260.3 0 0
84 188 48 36264.5 0 0
80 191 48 36268.7 0 0
83 186 48 36272.9 0 0
82 187 48 36277.1 0 0
82 186 48 36281.3 0 0
83 185 48 36285.6 0 0
81 188 48 36289.8 0 0
82 192 48 36294 0 0
83 191 48 36298.2 0 0
81 188 48 36302.4 0 0
85 189 48 36306.6 0 0
83 191 48 36310.8 0 0
81 193 48 36315.1 0 0
81 192 48 36319.3 0 0
82 194 49 36323.5 0 0
83 187 49 36327.7 0 0
85 188 49 36331.9 0 0
81 188 48 36336.1 0 0
86 187 49 36340.3 0 0
84 187 49 36344.6 0 0
84 188 49 36348.8 0 0
83 187 49 36353 0 0
85 187 48 36357.2 0 0
81 190 49 36361.5 0 0
86 187 49 36365.7 0 0
82 189 49 36369.9 0 0
82 188 49 36374.1 0 0
86 192 49 36378.3 0 0
83 191 49 36382.6 0 0
82 190 49 36386.8 0 0
87 190 49 36391 0 0
85 188 49 36395.2 0 0
83 188 49 36399.4 0 0
82 189 49 36403.7 0 0
81 188 49 36408 0 0
83 188 49 36412.4 0 0
85 188 49 36416.6 0 0
86 187 49 36420.8 0 0
84 187 49 36425 0 0
83 189 49 36429.2 0 0
85 187 49 36433.4 0 0
83 187 49 36437.7 0 0
87 187 49 36441.9 0 0
80 188 49 36446.1 0 0
84 188 49 36450.3 0 0
83 189 49 36454.5 0 0
84 190 49 36458.7 0 0
83 188 49 36463 0 0
83 190 49 36467.2 0 0
87 188 49 36471.4 0 0
79 188 49 36475.7 0 0
84 187 49 36479.9 0 0
84 181 49 36484.1 0 0
81 179 49 36488.3 0 0
82 176 49 36492.5 0 0
80 174 49 36496.7 0 0
84 172 49 36501 0 0
84 171 49 36505.2 0 0
84 167 49 36509.4 0 0
83 163 49 36513.6 0 0
84 161 49 36517.8 0 0
85 157 49 36522 0 0
84 152 50 36526.2 0 0
87 150 49 36530.5 0 0
84 148 49 36534.7 0 0
85 144 50 36538.9 0 0
85 136 50 36543.2 0 0
84 134 50 36547.4 0 0
84 131 50 36551.6 0 0
85 128 50 36555.8 0 0
85 123 50 36560 0 0
87 125 50 36564.3 0 0
85 125 50 36568.6 0 0
85 127 49 36572.8 0 0
85 131 50 36577 0 0
84 132 50 36581.2 0 0
85 130 50 36585.4 0 0
86 130 50 36589.6 0 0
84 132 50 36593.9 0 0
86 131 50 36598.1 0 0
87 129 50 36602.3 0 0
84 132 50 36606.6 0 0
88 131 50 36610.8 0 0
83 131 50 36615 0 0
85 132 50 36619.2 0 0
84 128 50 36623.4 0 0
86 126 50 36627.7 0 0
85 127 50 36631.9 0 0
83 127 50 36636.1 0 0
85 125 50 36640.3 0 0
88 125 50 36644.5 0 0
83 124 50 36648.7 0 0
85 127 50 36652.9 0 0
85 127 50 36657.2 0 0
88 127 50 36661.4 0 0
87 127 50 36665.6 0 0
83 129 50 36669.8 0 0
85 128 50 36674 0 0
85 127 50 36678.2 0 0
87 126 50 36682.5 0 0
85 128 50 36686.7 0 0
87 123 50 36691 0 0
85 123 50 36695.2 0 0
87 125 50 36699.4 0 0
87 125 50 36703.6 0 0
84 126 51 36707.8 0 0
86 125 50 36712 0 0
83 126 50 36716.2 0 0
85 126 50 36720.5 0 0
85 127 51 36724.7 0 0
83 128 51 36729.1 0 0
85 127 50 36733.3 0 0
84 125 51 36737.5 0 0
88 128 51 36741.7 0 0
85 125 50 36745.9 0 0
83 127 50 36750.1 0 0
84 126 50 36754.4 0 0
86 125 51 36758.6 0 0
86 125 51 36762.8 0 0
88 127 51 36767 0 0
84 124 51 36771.2 0 0
84 127 51 36775.6 0 0
85 126 51 36779.8 0 0
87 124 51 36784 0 0
86 128 51 36788.2 0 0
85 126 51 36792.5 0 0
84 125 51 36796.7 0 0
84 127 51 36800.9 0 0
85 125 51 36805.2 0 0
84 125 51 36809.5 0 0
86 119 51 36813.7 0 0
88 113 51 36817.9 0 0
87 108 51 36822.1 0 0
87 105 51 36826.4 0 0
86 103 51 36830.6 0 0
87 101 51 36834.8 0 0
86 98 51 36839 0 0
85 96 51 36843.2 0 0
88 96 51 36847.4 0 0
89 91 51 36851.7 0 0
87 89 51 36855.9 0 0
85 87 51 36860.1 0 0
89 84 51 36864.3 0 0
85 85 51 36868.5 0 0
85 83 51 36872.7 0 0
87 82 51 36877 0 0
87 78 51 36881.2 0 0
86 76 51 36885.4 0 0
84 76 51 36889.6 0 0
86 76 51 36893.8 0 0
84 78 51 36898 0 0
86 76 51 36902.2 0 0
84 80 51 36906.5 0 0
85 79 51 36910.7 0 0
86 78 51 36914.9 0 0
86 80 51 36919.1 0 0
85 78 51 36923.3 0 0
87 79 51 36927.6 0 0
85 76 51 36931.9 0 0
86 78 51 36936.1 0 0
87 78 51 36940.3 0 0
84 77 51 36944.6 0 0
87 77 51 36948.8 0 0
87 76 51 36953 0 0
82 76 51 36957.2 0 0
87 76 51 36961.4 0 0
87 76 51 36965.6 0 0
86 76 51 36969.9 0 0
85 76 51 36974.1 0 0
85 78 51 36978.3 0 0
85 77 51 36982.6 0 0
85 77 51 36986.8 0 0
87 76 51 36991 0 0
86 76 51 36995.2 0 0
87 76 51 36999.4 0 0
86 76 51 37003.7 0 0
85 74 51 37007.9 0 0
86 70 51 37012.1 0 0
82 65 51 37016.3 0 0
84 57 51 37020.5 0 0
82 56 51 37024.7 0 0
85 53 51 37028.9 0 0
83 54 51 37033.2 0 0
81 52 51 37037.4 0 0
82 50 51 37041.7 0 0
81 50 51 37045.9 0 0
80 49 51 37050.1 0 0
82 49 51 37054.3 0 0
80 48 51 37058.5 0 0
81 49 51 37062.8 0 0
83 50 51 37067.1 0 0
81 50 51 37071.3 0 0
84 50 51 37075.5 0 0
80 50 51 37079.7 0 0
80 51 51 37083.9 0 0
80 51 51 37088.1 0 0
79 50 51 37092.3 0 0
81 50 51 37096.6 0 0
80 51 51 37100.8 0 0
80 51 51 37105 0 0
79 51 51 37109.2 0 0
81 51 51 37113.4 0 0
81 52 51 37117.7 0 0
82 51 51 37121.9 0 0
83 51 51 37126.1 0 0
82 51 51 37130.8 0 0
81 51 51 37135 0 0
78 51 51 37139.2 0 0
82 51 51 37143.4 0 0
80 50 51 37147.6 0 0
82 51 51 37151.8 0 0
79 50 51 37156.1 0 0
79 50 51 37160.3 0 0
80 49 51 37164.5 0 0
82 48 51 37168.7 0 0
81 49 52 37172.9 0 0
81 49 51 37177.1 0 0
81 50 51 37181.3 0 0
79 49 51 37185.6 0 0
81 50 51 37189.8 0 0
80 49 51 37194.1 0 0
80 50 51 37198.3 0 0
80 49 52 37202.5 0 0
79 51 51 37206.7 0 0
81 49 51 37210.9 0 0
76 49 51 37215.1 0 0
79 47 51 37219.3 0 0
77 48 51 37223.6 0 0
78 49 51 37227.8 0 0
78 48 51 37232 0 0
77 49 52 37236.2 0 0
76 48 51 37240.5 0 0
78 48 51 37244.7 0 0
77 49 51 37248.9 0 0
77 49 51 37253.1 0 0
75 50 52 37257.5 0 0
75 50 51 37261.7 0 0
77 49 51 37265.9 0 0
78 49 51 37270.1 0 0
76 50 51 37274.3 0 0
78 49 51 37278.6 0 0
77 50 51 37282.8 0 0
78 51 51 37287.3 0 0
78 50 51 37291.6 0 0
76 52 51 37295.9 0 0
76 49 51 37300.1 0 0
76 51 51 37304.3 0 0
77 51 51 37308.5 0 0
76 51 51 37312.7 0 0
75 51 51 37316.9 0 0
75 50 51 37321.1 0 0
76 52 51 37325.4 0 0
76 53 51 37329.6 0 0
76 51 51 37333.8 0 0
75 52 51 37338 0 0
75 52 51 37342.2 0 0
75 51 51 37346.5 0 0
76 51 51 37350.7 0 0
75 50 51 37354.9 0 0
76 50 51 37359.1 0 0
75 50 51 37363.3 0 0
75 50 51 37367.6 0 0
77 50 51 37371.8 0 0
75 48 51 37376 0 0
76 49 51 37380.2 0 0
74 48 51 37384.4 0 0
77 48 51 37388.7 0 0
76 49 51 37392.9 0 0
75 48 50 37397.1 0 0
77 48 51 37401.3 0 0
77 47 51 37405.5 0 0
78 48 51 37409.7 0 0
76 48 51 37413.9 0 0
76 48 50 37418.2 0 0
67 46 51 37425.2 0 0
57 45 51 37429.4 0 0
47 48 51 37433.8 0 0
39 47 50 37438 0 0
35 49 50 37442.2 0 0
29 49 49 37446.4 0 0
26 49 49 37450.6 0 0
24 48 48 37454.8 0 0
23 50 48 37459 0 0
24 51 48 37463.2 0 0
27 49 48 37467.4 0 0
30 49 48 37471.7 0 0
32 48 49 37475.9 0 0
34 47 49 37480.2 0 0
29 47 49 37484.4 0 0
27 47 48 37488.6 0 0
27 48 48 37492.8 0 0
25 47 48 37497 0 0
27 48 48 37501.3 0 0
28 47 48 37505.9 0 0
28 46 48 37510.1 0 0
26 47 48 37516.8 0 0
29 47 48 37521.1 0 0
27 47 48 37525.3 0 0
27 46 48 37529.5 0 0
28 45 48 37533.8 0 0
26 47 48 37538 0 0
28 45 48 37542.4 0 0
27 45 48 37546.6 0 0
27 45 48 37550.9 0 0
27 46 48 37555.1 0 0
29 44 48 37559.3 0 0
28 46 48 37563.5 0 0
27 46 48 37568.3 0 0
28 46 48 37572.5 0 0
28 45 48 37579.3 0 0
28 47 48 37583.5 0 0
27 47 48 37587.7 0 0
28 45 48 37591.9 0 0
27 46 48 37596.1 0 0
27 45 48 37600.4 0 0
28 46 48 37604.6 0 0
28 44 48 37608.8 0 0
28 45 48 37613 0 0
29 45 48 37617.2 0 0
27 45 48 37621.4 0 0
29 44 48 37625.6 0 0
30 45 48 37629.9 0 0
27 45 48 37634.1 0 0
28 43 48 37638.3 0 0
27 49 47 37642.5 0 0
28 45 48 37646.7 0 0
29 48 47 37650.9 0 0
28 45 48 37655.1 0 0
28 46 48 37659.4 0 0
27 49 47 37663.6 0 0
28 45 48 37667.8 0 0
28 50 47 37674.9 0 0
26 51 47 37679.2 0 0
28 51 47 37683.4 0 0
26 51 47 37687.6 0 0
29 51 47 37691.9 0 0
26 51 47 37696.1 0 0
27 48 48 37700.3 0 0
27 47 48 37704.5 0 0
27 51 47 37708.7 0 0
27 51 47 37713.1 0 0
26 51 47 37717.3 0 0
27 50 47 37721.6 0 0
27 49 47 37725.8 0 0
28 50 47 37730.1 0 0
24 51 47 37734.3 0 0
24 50 47 37738.5 0 0
28 46 48 37742.7 0 0
28 49 47 37746.9 0 0
26 49 47 37751.2 0 0
26 49 47 37755.4 0 0
28 49 47 37759.9 0 0
26 50 47 37764.1 0 0
27 46 48 37768.3 0 0
27 49 47 37772.5 0 0
26 51 47 37776.7 0 0
27 51 47 37780.9 0 0
25 51 47 37785.1 0 0
27 51 47 37789.3 0 0
28 51 47 37793.8 0 0
25 52 47 37798 0 0
28 54 47 37802.2 0 0
24 53 47 37806.4 0 0
27 53 47 37810.7 0 0
26 53 47 37814.9 0 0
27 53 47 37819.2 0 0
26 54 47 37823.4 0 0
28 53 47 37827.6 0 0
27 53 47 37831.8 0 0
27 53 47 37836 0 0
26 53 47 37840.3 0 0
28 52 47 37844.5 0 0
27 52 47 37848.7 0 0
23 52 47 37852.9 0 0
26 53 47 37857.2 0 0
25 53 47 37861.4 0 0
27 51 47 37865.6 0 0
27 52 47 37869.8 0 0
27 51 47 37874 0 0
24 52 47 37878.3 0 0
25 52 47 37882.5 0 0
26 52 47 37886.7 0 0
26 53 47 37890.9 0 0
25 52 47 37895.1 0 0
27 53 47 37899.3 0 0
27 52 47 37903.6 0 0
25 53 47 37907.8 0 0
25 52 47 37912 0 0
26 52 47 37916.3 0 0
25 52 47 37920.6 0 0
27 52 47 37924.8 0 0
25 52 47 37929 0 0
27 54 47 37933.2 0 0
25 54 47 37937.5 0 0
26 53 47 37941.7 0 0
26 54 47 37945.9 0 0
25 53 47 37950.1 0 0
26 54 47 37954.3 0 0
25 53 47 37958.5 0 0
24 54 47 37962.7 0 0
26 53 47 37966.9 0 0
27 54 47 37971.2 0 0
24 54 47 37975.4 0 0
26 54 47 37979.7 0 0
26 54 47 37983.9 0 0
27 54 47 37988.1 0 0
27 53 47 37992.3 0 0
26 54 47 37996.5 0 0
24 54 47 38000.7 0 0
25 54 47 38005 0 0
25 54 47 38009.2 0 0
22 55 47 38013.4 0 0
26 53 47 38017.6 0 0
24 52 47 38021.8 0 0
14 57 47 38026.1 0 0
12 57 47 38032.8 0 0
12 57 47 38037.3 0 0
15 57 47 38041.6 0 0
17 57 47 38045.8 0 0
20 56 47 38050.1 0 0
15 57 47 38054.2 0 0
17 56 47 38058.5 0 0
18 57 47 38062.7 0 0
16 56 47 38067 0 0
17 56 47 38071.2 0 0
18 56 47 38075.4 0 0
18 56 47 38079.6 0 0
17 56 47 38083.8 0 0
16 56 47 38088 0 0
19 56 47 38092.2 0 0
17 56 47 38096.5 0 0
16 56 47 38100.7 0 0
17 56 46 38104.9 0 0
17 56 47 38109.1 0 0
17 56 47 38113.3 0 0
16 56 47 38119.3 0 0
17 56 47 38123.5 0 0
15 56 47 38128.8 0 0
16 56 47 38133 0 0
18 57 47 38137.2 0 0
17 57 47 38141.4 0 0
17 56 47 38145.6 0 0
18 56 47 38149.8 0 0
17 56 47 38154 0 0
17 56 47 38158.3 0 0
16 56 47 38162.5 0 0
18 55 47 38166.7 0 0
17 55 47 38170.9 0 0
15 57 47 38175.1 0 0
15 56 47 38179.3 0 0
19 55 47 38183.6 0 0
16 56 47 38187.8 0 0
18 55 47 38192 0 0
17 55 47 38196.2 0 0
17 55 47 38200.4 0 0
16 56 47 38204.6 0 0
17 55 47 38209.1 0 0
18 55 47 38213.3 0 0
15 56 47 38220.2 0 0
19 55 47 38224.8 0 0
18 55 47 38229 0 0
16 56 47 38233.2 0 0
18 55 47 38237.4 0 0
17 56 47 38241.7 0 0
19 55 47 38245.9 0 0
18 55 47 38250.1 0 0
16 56 47 38254.3 0 0
18 55 47 38258.6 0 0
19 55 47 38262.8 0 0
17 56 47 38267 0 0
17 56 47 38271.2 0 0
17 56 47 38275.4 0 0
16 55 47 38279.6 0 0
18 55 47 38283.9 0 0
19 56 47 38288.1 0 0
19 55 47 38292.7 0 0
18 56 47 38299.3 0 0
20 56 47 38303.6 0 0
19 56 47 38307.8 0 0
17 56 47 38312 0 0
18 56 47 38316.2 0 0
16 57 47 38320.5 0 0
20 56 47 38324.7 0 0
17 57 47 38328.9 0 0
18 56 47 38333.1 0 0
20 55 47 38337.3 0 0
18 56 47 38341.5 0 0
18 56 47 38345.7 0 0
18 55 47 38350 0 0
18 56 47 38354.3 0 0
18 54 47 38358.5 0 0
17 55 47 38362.7 0 0
16 56 47 38366.9 0 0
16 55 47 38371.1 0 0
18 55 47 38375.4 0 0
18 55 47 38379.7 0 0
20 54 47 38384.8 0 0
18 57 47 38389.1 0 0
18 54 47 38393.3 0 0
17 56 47 38397.5 0 0
21 54 47 38401.7 0 0
19 56 47 38405.9 0 0
19 55 47 38410.1 0 0
18 57 47 38414.3 0 0
20 54 47 38418.6 0 0
21 57 47 38422.8 0 0
19 55 47 38427 0 0
21 55 47 38431.2 0 0
18 55 47 38435.4 0 0
20 55 47 38439.7 0 0
21 55 47 38443.9 0 0
21 56 47 38448.1 0 0
22 57 47 38452.3 0 0
19 54 47 38456.5 0 0
22 56 47 38460.7 0 0
19 54 47 38464.9 0 0
22 55 47 38469.2 0 0
21 54 47 38473.4 0 0
22 55 47 38477.6 0 0
19 55 47 38481.9 0 0
21 56 47 38486.1 0 0
22 56 47 38490.3 0 0
23 53 47 38494.5 0 0
21 55 47 38498.8 0 0
23 55 47 38503 0 0
21 55 47 38507.2 0 0
23 53 47 38511.5 0 0
21 55 47 38515.7 0 0
21 53 46 38519.9 0 0
24 55 47 38524.1 0 0
20 54 47 38528.4 0 0
22 55 47 38532.6 0 0
23 56 47 38537.4 0 0
23 53 47 38541.6 0 0
21 55 47 38545.9 0 0
21 55 47 38550.1 0 0
24 55 47 38554.3 0 0
21 55 46 38558.5 0 0
20 55 47 38562.7 0 0
22 55 47 38566.9 0 0
20 55 47 38571.2 0 0
20 55 46 38575.4 0 0
21 54 47 38579.6 0 0
21 54 47 38583.8 0 0
20 54 46 38588.1 0 0
25 60 46 38594.8 0 0
21 55 46 38599 0 0
18 54 47 38603.2 0 0
21 55 46 38607.5 0 0
22 54 46 38611.7 0 0
22 55 46 38615.9 0 0
22 55 46 38620.1 0 0
21 55 46 38624.3 0 0
20 55 46 38628.6 0 0
22 54 46 38632.8 0 0
23 60 46 38637 0 0
57 19 46 38641.2 0 0
57 19 0 38645.4 0 0
57 19 0 38649.6 0 0
57 19 0 38653.8 0 0
57 19 0 38658 0 0
57 19 0 38662.3 0 0
57 19 0 38666.5 0 0
57 19 0 38670.7 0 0
57 19 0 38681.7 0 0
57 19 0 38685.9 0 0
57 19 0 38690.2 0 0
57 19 0 38694.5 0 0
57 19 0 38698.7 0 0
57 19 0 38702.9 0 0
57 19 0 38707.1 0 0
57 19 0 38711.3 0 0
57 19 0 38717.8 0 0
57 19 0 38722.1 0 0
57 19 0 38727.7 0 0
57 19 0 38731.9 0 0
57 19 0 38736.2 0 0
57 19 0 38740.4 0 0
57 19 0 38744.6 0 0
57 19 0 38748.8 0 0
57 19 0 38753 0 0
57 19 0 38757.3 0 0
57 19 0 38761.5 0 0
57 19 0 38765.7 0 0
57 19 0 38769.9 0 0
57 19 0 38774.1 0 0
57 19 0 38778.3 0 0
57 19 0 38782.6 0 0
57 19 0 38786.8 0 0
57 19 0 38791 0 0
57 19 0 38795.4 0 0
57 19 0 38799.6 0 0
57 19 0 38803.8 0 0
57 19 0 38808 0 0
57 19 0 38815.1 0 0
57 19 0 38819.4 0 0
57 19 0 38823.6 0 0
57 19 0 38827.8 0 0
57 19 0 38832 0 0
57 19 0 38836.2 0 0
57 19 0 38840.5 0 0
232 140 48 39236.6 0 0
257 234 49 39240.8 0 0
136 134 50 39298.3 0 0
137 138 50 39302.6 0 0
136 131 50 39306.8 0 0
134 133 49 39311.2 0 0
128 129 49 39315.6 0 0
129 129 50 39319.8 0 0
128 130 50 39324 0 0
133 132 50 39328.2 0 0
130 138 50 39332.4 0 0
136 129 50 39336.6 0 0
132 138 50 39340.8 0 0
130 138 50 39345.1 0 0
131 135 50 39349.3 0 0
133 134 50 39353.5 0 0
131 141 50 39357.8 0 0
132 142 50 39362 0 0
130 140 50 39366.2 0 0
134 140 50 39370.4 0 0
134 130 50 39374.6 0 0
132 132 50 39378.9 0 0
133 133 50 39383.1 0 0
136 129 50 39390 0 0
134 132 50 39394.2 0 0
133 130 50 39398.4 0 0
133 132 50 39402.6 0 0
133 132 50 39406.9 0 0
131 133 50 39411.1 0 0
132 133 50 39415.3 0 0
133 131 50 39419.5 0 0
133 130 50 39423.7 0 0
133 129 50 39427.9 0 0
133 132 50 39432.2 0 0
132 130 50 39436.4 0 0
134 130 50 39440.6 0 0
131 129 50 39444.8 0 0
134 129 50 39449.1 0 0
134 127 50 39453.3 0 0
133 132 50 39457.5 0 0
135 129 50 39461.7 0 0
134 127 50 39465.9 0 0
133 130 50 39470.1 0 0
133 125 50 39474.4 0 0
132 122 50 39478.7 0 0
132 112 50 39482.9 0 0
128 102 50 39487.1 0 0
126 96 50 39493.9 0 0
130 94 50 39498.1 0 0
130 88 50 39502.6 0 0
128 84 50 39506.8 0 0
130 80 50 39511.1 0 0
132 76 50 39515.3 0 0
130 73 50 39553.5 0 0
130 77 50 39572.4 0 0
133 77 50 39576.6 0 0
131 81 50 39580.8 0 0
130 74 50 39585 0 0
129 76 50 39589.2 0 0
131 78 50 39593.4 0 0
130 80 50 39597.7 0 0
129 78 50 39601.9 0 0
131 80 50 39606.1 0 0
128 77 50 39610.3 0 0
129 75 50 39614.5 0 0
131 76 50 39618.7 0 0
129 76 50 39623 0 0
129 75 50 39627.3 0 0
130 77 50 39631.6 0 0
131 79 50 39635.8 0 0
130 78 50 39640 0 0
132 78 50 39644.2 0 0
133 78 50 39648.4 0 0
130 76 50 39652.6 0 0
131 74 50 39656.9 0 0
130 76 50 39661.1 0 0
132 77 50 39665.3 0 0
130 77 50 39669.5 0 0
131 78 50 39673.7 0 0
132 76 50 39677.9 0 0
129 79 50 39682.1 0 0
131 76 50 39691 0 0
132 77 50 39695.2 0 0
133 75 50 39699.4 0 0
130 77 50 39703.6 0 0
131 75 50 39707.8 0 0
130 78 50 39712.1 0 0
128 79 50 39716.3 0 0
132 75 50 39720.5 0 0
132 74 50 39724.7 0 0
131 75 50 39729 0 0
131 75 50 39733.2 0 0
130 74 50 39737.4 0 0
130 77 50 39741.6 0 0
130 73 50 39745.8 0 0
130 74 50 39750 0 0
131 73 50 39754.2 0 0
129 75 50 39758.5 0 0
131 74 50 39762.7 0 0
129 76 50 39766.9 0 0
132 76 50 39771.1 0 0
130 75 50 39775.3 0 0
131 77 50 39779.5 0 0
130 75 50 39783.7 0 0
129 76 50 39788 0 0
131 77 50 39792.2 0 0
129 79 50 39796.5 0 0
131 78 49 39800.7 0 0
130 76 49 39804.9 0 0
129 77 49 39809.2 0 0
132 76 49 39813.4 0 0
131 74 49 39817.6 0 0
131 75 49 39821.8 0 0
131 73 49 39826.1 0 0
129 76 49 39830.2 0 0
131 73 49 39834.4 0 0
131 75 49 39838.7 0 0
127 75 49 39842.9 0 0
129 76 49 39847.1 0 0
130 77 49 39851.3 0 0
130 73 49 39855.6 0 0
130 75 49 39859.8 0 0
130 73 49 39864 0 0
129 74 49 39868.2 0 0
128 74 49 39872.4 0 0
131 75 49 39876.6 0 0
129 74 49 39881.5 0 0
129 74 49 39885.7 0 0
130 74 49 39889.9 0 0
129 74 49 39894.1 0 0
128 75 48 39898.3 0 0
130 74 49 39902.6 0 0
127 73 49 39906.9 0 0
128 75 48 39911.2 0 0
128 73 48 39915.4 0 0
131 74 48 39919.7 0 0
129 75 49 39923.9 0 0
130 71 48 39928.1 0 0
129 75 48 39932.3 0 0
130 74 49 39936.5 0 0
129 72 48 39940.7 0 0
130 75 48 39945 0 0
129 72 48 39949.2 0 0
130 73 48 39953.4 0 0
129 75 48 39957.6 0 0
128 75 48 39961.8 0 0
129 74 48 39966 0 0
126 73 48 39970.2 0 0
131 73 48 39974.4 0 0
127 72 48 39978.7 0 0
131 74 48 39982.9 0 0
129 75 48 39987.1 0 0
130 77 48 39991.3 0 0
130 81 48 39995.6 0 0
135 90 48 39999.8 0 0
135 104 48 40004 0 0
135 121 48 40008.3 0 0
134 131 48 40012.5 0 0
133 142 48 40016.7 0 0
128 155 48 40020.9 0 0
126 164 48 40025.1 0 0
126 170 48 40029.3 0 0
127 175 48 40033.6 0 0
130 178 48 40037.8 0 0
129 184 48 40042 0 0
131 186 48 40046.3 0 0
128 184 48 40050.5 0 0
128 182 48 40054.7 0 0
131 176 48 40058.9 0 0
131 175 48 40063.2 0 0
129 177 48 40067.4 0 0
130 174 48 40071.6 0 0
128 174 48 40075.8 0 0
129 177 48 40080.1 0 0
128 176 48 40084.2 0 0
131 180 48 40088.5 0 0
130 177 48 40092.7 0 0
130 180 48 40096.9 0 0
133 183 48 40101.2 0 0
129 179 48 40105.4 0 0
131 179 48 40109.6 0 0
132 179 48 40113.8 0 0
131 180 48 40118 0 0
131 182 48 40122.3 0 0
132 175 47 40126.5 0 0
132 176 47 40130.8 0 0
131 182 48 40135.1 0 0
129 180 48 40139.3 0 0
128 185 48 40143.5 0 0
131 181 48 40147.7 0 0
130 185 48 40151.9 0 0
131 181 48 40156.1 0 0
133 185 48 40160.4 0 0
131 182 48 40164.6 0 0
132 182 48 40168.8 0 0
130 181 48 40173 0 0
132 182 48 40177.2 0 0
131 185 48 40181.4 0 0
128 183 48 40185.6 0 0
129 185 48 40189.9 0 0
132 179 48 40194.1 0 0
129 183 48 40198.3 0 0
132 182 48 40202.5 0 0
132 184 48 40206.7 0 0
132 186 48 40210.9 0 0
130 185 48 40215.1 0 0
132 182 48 40219.3 0 0
131 182 48 40223.6 0 0
131 183 48 40227.8 0 0
130 183 48 40232.1 0 0
130 181 48 40236.2 0 0
133 186 48 40240.4 0 0
132 180 48 40244.8 0 0
129 181 48 40249 0 0
132 181 48 40253.2 0 0
131 180 48 40257.4 0 0
134 186 48 40261.6 0 0
132 184 48 40265.8 0 0
131 184 48 40270.1 0 0
129 179 48 40274.2 0 0
132 183 48 40278.5 0 0
131 181 48 40282.7 0 0
135 180 48 40286.9 0 0
133 182 48 40291.2 0 0
131 180 48 40295.4 0 0
132 182 48 40299.6 0 0
131 179 48 40303.8 0 0
135 181 48 40308.1 0 0
131 180 48 40312.3 0 0
132 180 48 40316.5 0 0
132 181 48 40320.7 0 0
132 179 48 40325 0 0
134 180 48 40329.2 0 0
130 179 48 40333.4 0 0
134 181 48 40337.6 0 0
133 180 48 40341.8 0 0
131 180 48 40346.2 0 0
131 182 48 40350.4 0 0
130 180 48 40354.6 0 0
133 182 48 40358.8 0 0
131 179 48 40363 0 0
131 181 48 40367.2 0 0
131 181 48 40371.5 0 0
134 178 48 40375.7 0 0
129 173 48 40379.9 0 0
131 174 48 40384.2 0 0
132 171 48 40388.4 0 0
130 170 48 40392.6 0 0
129 166 48 40396.8 0 0
129 164 48 40401 0 0
133 167 48 40405.2 0 0
131 166 48 40409.5 0 0
132 170 48 40413.7 0 0
130 169 48 40417.9 0 0
129 173 48 40422.1 0 0
131 172 48 40426.3 0 0
133 171 48 40430.5 0 0
131 172 48 40434.8 0 0
131 171 48 40439 0 0
134 172 48 40443.8 0 0
132 169 48 40448 0 0
131 166 48 40452.2 0 0
131 168 48 40456.4 0 0
130 172 48 40460.6 0 0
134 169 48 40464.9 0 0
130 172 48 40469.1 0 0
130 171 48 40473.3 0 0
132 170 48 40477.6 0 0
131 170 48 40481.8 0 0
133 170 48 40486 0 0
129 167 48 40490.2 0 0
133 171 48 40494.4 0 0
131 170 48 40498.6 0 0
129 168 48 40502.9 0 0
133 169 48 40507.1 0 0
132 170 48 40511.3 0 0
128 169 48 40515.5 0 0
129 166 48 40519.7 0 0
132 168 48 40523.9 0 0
132 168 48 40528.1 0 0
132 166 48 40532.4 0 0
133 169 48 40536.6 0 0
130 170 48 40540.8 0 0
130 168 48 40545 0 0
132 170 48 40549.2 0 0
131 169 48 40553.5 0 0
132 169 48 40557.8 0 0
132 167 48 40562.2 0 0
132 171 48 40566.4 0 0
129 170 48 40570.7 0 0
135 168 48 40574.9 0 0
131 168 48 40579.1 0 0
132 169 48 40583.3 0 0
129 171 48 40587.5 0 0
132 168 48 40591.7 0 0
133 171 48 40595.9 0 0
129 166 48 40600.1 0 0
133 166 48 40604.3 0 0
133 168 48 40608.5 0 0
132 162 48 40612.7 0 0
131 160 48 40616.9 0 0
132 157 48 40621.2 0 0
129 151 48 40625.5 0 0
128 144 48 40629.8 0 0
132 148 48 40634 0 0
133 143 48 40638.2 0 0
129 154 48 40642.4 0 0
129 136 48 40646.6 0 0
131 133 48 40650.8 0 0
134 129 48 40655 0 0
134 128 48 40659.2 0 0
133 125 48 40663.5 0 0
136 123 48 40667.7 0 0
131 130 48 40671.9 0 0
134 128 48 40676.1 0 0
132 127 48 40680.3 0 0
131 128 48 40684.5 0 0
133 127 48 40688.8 0 0
131 131 48 40693 0 0
133 129 48 40697.2 0 0
131 127 48 40701.4 0 0
132 130 48 40705.6 0 0
132 127 48 40709.8 0 0
132 131 48 40714.1 0 0
135 127 48 40718.3 0 0
132 128 48 40722.5 0 0
130 128 48 40726.8 0 0
133 128 48 40731 0 0
133 126 48 40735.2 0 0
133 126 48 40739.4 0 0
133 128 48 40743.6 0 0
133 126 48 40747.8 0 0
133 129 48 40752.1 0 0
134 126 48 40756.3 0 0
131 127 48 40760.5 0 0
134 127 48 40764.7 0 0
133 126 48 40768.9 0 0
131 128 48 40773.1 0 0
134 125 48 40777.3 0 0
132 126 48 40781.5 0 0
136 125 48 40785.8 0 0
134 124 48 40790 0 0
133 125 48 40794.8 0 0
134 126 48 40799.1 0 0
132 128 48 40803.3 0 0
132 127 48 40807.5 0 0
132 127 48 40811.7 0 0
132 126 48 40815.9 0 0
130 126 48 40820.2 0 0
130 127 48 40824.4 0 0
132 127 48 40828.6 0 0
133 126 48 40832.8 0 0
134 129 48 40837 0 0
132 127 48 40841.2 0 0
131 130 48 40845.4 0 0
133 129 48 40850 0 0
132 131 48 40854.2 0 0
131 127 48 40858.4 0 0
131 126 48 40862.7 0 0
130 121 48 40866.9 0 0
129 114 48 40871.1 0 0
133 107 48 40875.3 0 0
131 101 48 40879.6 0 0
130 101 48 40883.8 0 0
133 97 48 40888 0 0
132 91 48 40892.2 0 0
136 89 48 40896.4 0 0
132 86 48 40900.6 0 0
132 85 48 40904.8 0 0
133 83 48 40909.1 0 0
134 78 48 40913.3 0 0
131 79 49 40917.5 0 0
133 81 48 40921.7 0 0
132 80 48 40925.9 0 0
132 79 48 40930.1 0 0
133 75 48 40934.4 0 0
129 78 48 40938.6 0 0
131 78 48 40943.2 0 0
132 79 48 40947.4 0 0
130 80 48 40951.6 0 0
131 80 48 40955.9 0 0
131 81 48 40960.1 0 0
129 80 48 40964.3 0 0
130 77 48 40968.5 0 0
133 81 48 40972.7 0 0
133 79 49 40977 0 0
130 80 49 40981.2 0 0
130 80 48 40985.4 0 0
133 78 49 40989.6 0 0
130 81 48 40993.8 0 0
130 78 48 40998 0 0
132 77 49 41002.3 0 0
132 79 48 41006.5 0 0
132 78 48 41010.7 0 0
130 80 48 41014.9 0 0
130 78 48 41019.1 0 0
132 79 49 41023.3 0 0
130 79 49 41027.6 0 0
132 77 48 41031.8 0 0
129 77 48 41036 0 0
130 77 49 41040.2 0 0
130 77 48 41044.7 0 0
131 78 49 41048.9 0 0
134 77 48 41053.1 0 0
131 78 48 41057.3 0 0
130 77 49 41061.5 0 0
129 78 49 41065.8 0 0
132 78 49 41070 0 0
132 76 49 41074.2 0 0
129 77 49 41078.4 0 0
132 77 49 41082.7 0 0
132 77 49 41086.8 0 0
131 78 49 41091.1 0 0
131 77 49 41095.3 0 0
132 75 49 41100 0 0
132 75 49 41104.2 0 0
133 78 49 41108.5 0 0
130 76 49 41112.7 0 0
130 78 49 41116.9 0 0
129 78 49 41121.1 0 0
131 75 49 41125.3 0 0
133 77 49 41129.5 0 0
132 78 49 41133.8 0 0
133 77 49 41138 0 0
133 78 49 41142.2 0 0
132 78 49 41146.4 0 0
131 77 49 41150.6 0 0
131 78 49 41154.8 0 0
130 76 49 41159.1 0 0
131 77 49 41163.3 0 0
129 77 49 41167.5 0 0
132 76 49 41171.7 0 0
129 77 49 41175.9 0 0
131 78 49 41180.1 0 0
132 76 49 41184.5 0 0
133 78 49 41188.8 0 0
131 76 49 41193 0 0
129 78 49 41197.2 0 0
132 77 49 41201.4 0 0
132 77 49 41205.7 0 0
131 77 49 41209.9 0 0
131 76 49 41214.1 0 0
131 77 49 41218.3 0 0
132 77 49 41222.5 0 0
131 78 49 41226.8 0 0
132 75 49 41231 0 0
130 78 49 41235.2 0 0
132 76 49 41239.4 0 0
128 78 49 41243.6 0 0
131 76 49 41247.8 0 0
130 76 49 41252.1 0 0
130 77 49 41256.3 0 0
131 77 49 41260.5 0 0
132 77 49 41264.7 0 0
133 76 49 41268.9 0 0
129 77 49 41273.1 0 0
132 77 49 41277.3 0 0
132 76 49 41281.6 0 0
130 74 49 41285.8 0 0
130 77 49 41290 0 0
132 74 49 41294.4 0 0
132 75 49 41298.7 0 0
133 77 49 41302.9 0 0
132 74 49 41307.1 0 0
132 77 49 41311.3 0 0
132 76 49 41315.6 0 0
130 77 49 41319.8 0 0
132 76 49 41324 0 0
131 76 49 41328.2 0 0
133 77 49 41332.4 0 0
130 76 49 41336.6 0 0
130 75 49 41340.8 0 0
133 76 49 41345.1 0 0
133 74 49 41350 0 0
131 75 49 41354.2 0 0
133 75 49 41358.4 0 0
131 74 49 41362.6 0 0
133 76 49 41366.8 0 0
131 77 49 41371.1 0 0
131 76 49 41375.3 0 0
133 76 49 41379.5 0 0
131 77 49 41383.7 0 0
133 77 49 41387.9 0 0
132 79 49 41392.1 0 0
131 77 49 41396.3 0 0
134 76 49 41400.5 0 0
134 78 49 41404.7 0 0
131 78 49 41409 0 0
131 76 49 41413.2 0 0
132 76 49 41417.4 0 0
131 77 50 41421.7 0 0
131 76 49 41425.9 0 0
133 76 49 41430.1 0 0
130 78 49 41434.3 0 0
132 77 49 41438.5 0 0
131 75 49 41442.7 0 0
129 78 49 41447 0 0
133 77 49 41451.2 0 0
133 79 49 41455.4 0 0
131 77 49 41459.6 0 0
134 77 49 41463.8 0 0
132 79 49 41468 0 0
132 77 49 41472.2 0 0
132 77 50 41476.5 0 0
133 76 49 41480.7 0 0
130 77 50 41484.9 0 0
133 76 49 41489.1 0 0
132 77 50 41493.3 0 0
132 76 50 41497.5 0 0
131 80 49 41501.8 0 0
133 79 50 41506 0 0
133 77 50 41510.2 0 0
134 76 50 41514.4 0 0
133 78 50 41518.6 0 0
131 76 50 41522.8 0 0
135 77 50 41527 0 0
134 79 50 41531.3 0 0
134 76 50 41535.5 0 0
133 79 50 41539.7 0 0
132 77 50 41544.4 0 0
130 78 50 41548.6 0 0
133 78 50 41552.9 0 0
133 79 50 41557.1 0 0
132 79 50 41561.3 0 0
134 80 50 41565.5 0 0
134 79 50 41569.8 0 0
132 79 50 41574 0 0
131 79 50 41578.2 0 0
132 79 50 41582.4 0 0
131 79 50 41586.6 0 0
133 79 50 41590.9 0 0
133 79 50 41595.1 0 0
134 79 50 41599.7 0 0
134 78 50 41604 0 0
132 79 50 41608.2 0 0
130 78 50 41612.4 0 0
134 79 50 41616.6 0 0
131 79 50 41620.8 0 0
135 79 50 41625.1 0 0
132 79 50 41629.3 0 0
132 79 50 41633.5 0 0
131 78 50 41637.7 0 0
131 79 50 41641.9 0 0
131 79 50 41646.1 0 0
133 80 50 41650.3 0 0
133 79 50 41654.7 0 0
133 78 50 41658.9 0 0
130 79 50 41663.2 0 0
131 80 50 41667.4 0 0
132 81 50 41671.6 0 0
131 80 50 41675.8 0 0
130 79 50 41680 0 0
130 80 51 41684.2 0 0
129 80 51 41688.4 0 0
131 81 50 41693.2 0 0
132 78 50 41697.5 0 0
130 81 51 41701.7 0 0
132 80 50 41705.9 0 0
129 79 51 41710.1 0 0
132 80 51 41714.3 0 0
133 81 51 41718.5 0 0
130 81 51 41722.8 0 0
133 81 51 41727 0 0
130 81 51 41731.2 0 0
132 80 51 41735.4 0 0
132 79 51 41739.6 0 0
130 81 51 41743.8 0 0
132 80 51 41748 0 0
131 78 51 41752.2 0 0
130 80 51 41756.5 0 0
132 78 51 41760.7 0 0
131 80 51 41764.9 0 0
132 78 51 41769.2 0 0
133 80 51 41773.4 0 0
134 80 51 41777.6 0 0
133 78 51 41781.8 0 0
133 83 51 41786 0 0
133 79 51 41790.3 0 0
131 80 51 41794.8 0 0
135 82 51 41799.1 0 0
131 80 51 41803.3 0 0
132 83 51 41807.5 0 0
131 82 51 41811.7 0 0
132 78 51 41815.9 0 0
132 79 51 41820.2 0 0
131 79 51 41824.4 0 0
132 78 51 41828.6 0 0
132 78 51 41832.8 0 0
131 77 51 41837 0 0
134 78 51 41841.2 0 0
131 79 51 41845.4 0 0
132 78 51 41849.9 0 0
132 80 51 41854.1 0 0
130 79 51 41858.4 0 0
133 79 51 41862.6 0 0
130 80 51 41866.8 0 0
132 79 51 41871 0 0
133 82 51 41875.2 0 0
132 80 51 41879.5 0 0
131 82 51 41883.7 0 0
130 79 51 41887.9 0 0
132 78 51 41892.1 0 0
131 82 51 41896.3 0 0
130 77 51 41900.6 0 0
132 81 51 41904.8 0 0
129 79 52 41909 0 0
131 82 51 41913.3 0 0
133 80 51 41917.5 0 0
131 80 52 41921.7 0 0
131 81 51 41925.9 0 0
132 78 52 41930.1 0 0
131 82 51 41934.3 0 0
134 83 52 41938.6 0 0
130 79 52 41943.3 0 0
130 79 52 41947.6 0 0
126 80 52 41951.8 0 0
126 79 52 41955.9 0 0
127 81 52 41960.2 0 0
129 79 52 41964.4 0 0
129 81 52 41968.6 0 0
129 77 52 41972.8 0 0
131 81 52 41977.1 0 0
130 81 52 41981.3 0 0
128 77 52 41985.5 0 0
128 80 52 41989.7 0 0
130 78 52 41993.9 0 0
130 80 52 41998.1 0 0
132 80 52 42002.3 0 0
128 78 52 42006.6 0 0
128 82 52 42010.8 0 0
129 77 52 42015 0 0
127 79 52 42019.2 0 0
130 80 52 42023.4 0 0
