103 157 50 12020.3 0 0
98 161 50 12024.5 0 0
103 155 51 12028.8 0 0
102 154 50 12033 0 0
100 159 51 12037.2 0 0
99 156 51 12041.4 0 0
99 161 50 12045.6 0 0
100 157 50 12049.8 0 0
101 157 50 12054.1 0 0
102 157 50 12058.3 0 0
100 158 50 12062.5 0 0
101 157 51 12066.7 0 0
101 159 50 12070.9 0 0
99 154 51 12075.1 0 0
103 155 51 12079.3 0 0
99 157 51 12083.5 0 0
99 157 50 12087.8 0 0
102 155 50 12092.1 0 0
102 155 50 12096.3 0 0
105 153 51 12100.5 0 0
103 155 51 12104.7 0 0
106 155 51 12108.9 0 0
101 157 51 12113.1 0 0
102 157 51 12117.4 0 0
104 154 50 12121.7 0 0
98 158 51 12125.9 0 0
100 157 51 12130.1 0 0
103 156 50 12134.3 0 0
101 157 50 12138.5 0 0
99 157 51 12142.8 0 0
99 156 51 12147 0 0
104 155 51 12151.2 0 0
106 153 51 12155.4 0 0
101 157 51 12159.7 0 0
102 155 51 12163.9 0 0
101 155 50 12168.1 0 0
103 154 50 12172.3 0 0
101 155 51 12176.5 0 0
102 157 50 12180.7 0 0
105 154 50 12184.9 0 0
105 154 51 12189.2 0 0
102 154 51 12193.4 0 0
100 155 50 12197.6 0 0
104 154 50 12201.8 0 0
103 154 50 12206 0 0
103 155 51 12210.2 0 0
103 156 51 12214.4 0 0
101 155 51 12218.6 0 0
100 156 50 12222.9 0 0
104 155 51 12227.1 0 0
104 152 51 12231.3 0 0
103 157 51 12235.5 0 0
100 157 51 12239.7 0 0
99 154 50 12244 0 0
96 162 51 12248.2 0 0
95 162 50 12252.4 0 0
82 173 50 12256.6 0 0
44 202 50 12260.8 0 0
26 215 49 12353.5 0 0
54 197 50 12357.8 0 0
84 177 50 12362 0 0
95 164 50 12366.2 0 0
113 147 50 12370.4 0 0
125 130 51 12374.6 0 0
135 118 51 12378.9 0 0
133 113 51 12383.1 0 0
135 107 51 12387.3 0 0
136 106 51 12391.6 0 0
137 108 51 12395.8 0 0
138 106 51 12400 0 0
134 107 51 12404.3 0 0
134 105 51 12408.5 0 0
136 107 51 12412.7 0 0
134 106 51 12416.9 0 0
135 105 51 12421.1 0 0
133 109 51 12425.3 0 0
136 104 51 12429.6 0 0
136 106 51 12433.9 0 0
133 109 51 12438.1 0 0
140 106 51 12442.3 0 0
135 108 51 12446.5 0 0
134 108 51 12450.7 0 0
136 109 51 12454.9 0 0
136 106 51 12459.1 0 0
135 108 50 12463.4 0 0
132 109 50 12467.6 0 0
132 109 51 12471.8 0 0
133 112 50 12476 0 0
133 112 0 12480.2 0 0
136 108 50 12484.4 0 0
135 109 50 12488.6 0 0
135 107 50 12492.8 0 0
134 110 50 12497.5 0 0
134 108 50 12501.7 0 0
134 110 50 12505.9 0 0
133 111 50 12510.1 0 0
135 106 50 12514.3 0 0
135 109 50 12518.5 0 0
135 113 50 12522.7 0 0
139 106 50 12527 0 0
133 113 50 12531.2 0 0
133 113 50 12535.4 0 0
134 107 49 12539.6 0 0
132 112 50 12543.8 0 0
133 108 50 12548 0 0
131 108 50 12552.2 0 0
137 108 49 12556.5 0 0
136 107 49 12560.7 0 0
134 110 49 12564.9 0 0
135 108 49 12569.1 0 0
134 107 49 12573.3 0 0
133 108 49 12577.5 0 0
137 109 49 12581.8 0 0
131 108 49 12586 0 0
134 110 49 12590.2 0 0
132 111 49 12594.4 0 0
133 109 49 12598.6 0 0
134 111 49 12602.8 0 0
134 109 49 12607 0 0
133 110 48 12611.3 0 0
131 112 48 12615.5 0 0
135 112 48 12619.7 0 0
134 111 49 12624 0 0
132 109 48 12628.2 0 0
134 110 48 12632.4 0 0
134 112 48 12636.6 0 0
126 120 48 12640.8 0 0
113 129 49 12645 0 0
104 133 49 12649.2 0 0
94 136 49 12653.5 0 0
84 142 49 12657.7 0 0
73 144 49 12661.9 0 0
56 152 49 12666.1 0 0
45 156 48 12670.3 0 0
29 169 48 12674.5 0 0
25 169 48 12678.7 0 0
9 178 48 12683 0 0
4 189 48 13000.1 0 0
17 187 48 13004.3 0 0
28 182 48 13008.5 0 0
33 183 48 13012.8 0 0
38 187 48 13017 0 0
48 185 48 13021.2 0 0
57 184 48 13025.5 0 0
63 182 48 13029.7 0 0
69 181 47 13033.9 0 0
74 174 47 13038.1 0 0
70 178 47 13042.3 0 0
66 180 48 13046.5 0 0
64 180 48 13050.7 0 0
68 179 48 13054.9 0 0
73 177 47 13059.2 0 0
72 177 47 13063.4 0 0
65 184 47 13067.6 0 0
66 184 47 13071.8 0 0
69 179 47 13076 0 0
63 183 47 13080.2 0 0
63 182 47 13084.4 0 0
63 182 47 13088.7 0 0
65 182 47 13094.6 0 0
63 184 47 13098.8 0 0
63 185 47 13103 0 0
62 184 47 13107.2 0 0
60 185 47 13111.4 0 0
64 185 47 13115.6 0 0
64 184 47 13119.9 0 0
61 185 47 13124.1 0 0
68 179 47 13128.3 0 0
60 185 47 13132.5 0 0
63 183 47 13136.7 0 0
67 181 46 13140.9 0 0
68 182 46 13145.1 0 0
65 181 46 13149.4 0 0
64 183 46 13153.6 0 0
66 180 46 13157.8 0 0
64 181 46 13162 0 0
69 180 47 13166.2 0 0
64 181 46 13170.4 0 0
66 177 46 13174.7 0 0
70 180 46 13178.9 0 0
69 179 46 13183.1 0 0
73 176 46 13187.3 0 0
68 181 46 13191.5 0 0
69 178 46 13195.7 0 0
75 176 46 13199.9 0 0
71 176 46 13204.1 0 0
75 176 46 13208.4 0 0
66 181 46 13212.6 0 0
66 180 46 13216.8 0 0
71 180 46 13221 0 0
72 180 46 13225.2 0 0
67 180 46 13229.4 0 0
68 181 46 13233.6 0 0
70 178 46 13237.9 0 0
71 180 45 13242.1 0 0
73 179 46 13246.3 0 0
67 180 46 13250.5 0 0
72 182 46 13254.7 0 0
67 180 45 13258.9 0 0
70 180 45 13263.1 0 0
76 173 45 13267.3 0 0
73 175 46 13271.5 0 0
72 177 45 13275.8 0 0
74 175 45 13280 0 0
69 179 45 13284.2 0 0
69 179 45 13288.4 0 0
76 173 45 13292.6 0 0
32 210 45 13296.8 0 0
6 224 42 13372.7 0 0
25 214 43 13376.9 0 0
48 199 44 13381.1 0 0
70 185 44 13385.3 0 0
88 170 45 13389.5 0 0
99 160 44 13393.8 0 0
110 151 45 13398 0 0
113 141 45 13402.2 0 0
123 132 45 13406.4 0 0
122 125 45 13410.6 0 0
126 117 45 13414.8 0 0
127 119 45 13419 0 0
128 119 45 13423.2 0 0
128 119 45 13427.5 0 0
125 120 45 13431.7 0 0
125 121 45 13435.9 0 0
127 120 45 13440.2 0 0
126 117 45 13444.4 0 0
127 119 45 13448.6 0 0
126 117 45 13452.8 0 0
127 119 45 13457 0 0
127 117 45 13461.2 0 0
133 117 45 13465.5 0 0
129 117 45 13469.7 0 0
132 117 45 13473.9 0 0
128 119 45 13478.1 0 0
128 116 45 13482.3 0 0
124 121 45 13486.5 0 0
133 116 45 13490.7 0 0
124 117 45 13495 0 0
130 118 45 13499.2 0 0
131 116 45 13503.4 0 0
126 120 45 13507.6 0 0
128 119 45 13511.8 0 0
129 116 45 13516 0 0
125 119 45 13520.2 0 0
129 118 45 13524.5 0 0
128 116 45 13528.7 0 0
130 120 45 13533 0 0
131 115 45 13537.1 0 0
125 120 45 13541.4 0 0
129 119 45 13545.5 0 0
128 116 45 13549.8 0 0
129 117 45 13554 0 0
129 118 45 13558.2 0 0
128 120 45 13562.4 0 0
126 120 45 13566.6 0 0
127 117 45 13570.8 0 0
128 118 45 13575 0 0
128 117 45 13579.2 0 0
126 119 45 13583.5 0 0
127 116 45 13587.7 0 0
127 119 45 13591.9 0 0
128 120 45 13596.1 0 0
127 115 45 13600.3 0 0
125 120 45 13604.5 0 0
125 120 45 13608.7 0 0
125 119 45 13613 0 0
127 122 45 13617.2 0 0
132 115 45 13621.4 0 0
126 123 45 13625.6 0 0
127 122 45 13629.8 0 0
127 122 0 13634 0 0
128 126 45 13638.2 0 0
127 123 45 13642.4 0 0
126 125 45 13646.6 0 0
126 120 45 13650.9 0 0
126 123 45 13655.1 0 0
130 122 45 13659.3 0 0
131 120 45 13663.5 0 0
127 124 45 13667.7 0 0
125 122 45 13671.9 0 0
128 120 45 13676.1 0 0
124 124 46 13680.4 0 0
125 121 46 13684.6 0 0
126 124 45 13688.8 0 0
124 121 45 13693 0 0
128 121 46 13697.2 0 0
124 124 46 13701.5 0 0
127 121 46 13705.7 0 0
125 125 46 13709.9 0 0
124 120 46 13714.1 0 0
131 119 46 13718.3 0 0
131 119 0 13722.5 0 0
126 119 46 13726.8 0 0
125 120 46 13731 0 0
125 121 46 13735.1 0 0
128 122 46 13739.4 0 0
125 122 46 13743.6 0 0
127 117 46 13747.9 0 0
130 118 46 13752.1 0 0
130 118 0 13756.3 0 0
130 117 46 13760.5 0 0
126 123 46 13764.7 0 0
126 119 46 13768.9 0 0
126 121 46 13773.1 0 0
129 118 46 13777.4 0 0
129 119 46 13781.6 0 0
124 125 46 13785.8 0 0
126 121 46 13790 0 0
125 123 46 13794.2 0 0
127 123 46 13798.4 0 0
125 123 47 13802.6 0 0
126 122 46 13806.9 0 0
126 123 47 13811.1 0 0
125 129 46 13815.3 0 0
123 135 47 13819.5 0 0
125 136 46 13823.8 0 0
118 141 46 13828 0 0
117 143 46 13832.2 0 0
115 143 46 13836.4 0 0
118 141 47 13840.7 0 0
120 144 46 13845 0 0
116 143 47 13849.2 0 0
114 144 46 13853.4 0 0
120 141 46 13857.6 0 0
118 143 46 13861.8 0 0
113 144 46 13866 0 0
118 141 46 13870.2 0 0
118 143 46 13874.5 0 0
116 144 47 13878.7 0 0
118 142 46 13882.9 0 0
116 142 46 13887.1 0 0
117 143 47 13891.3 0 0
117 140 47 13895.5 0 0
120 138 47 13899.8 0 0
117 140 47 13904 0 0
118 141 47 13908.2 0 0
118 141 47 13912.4 0 0
115 142 47 13916.6 0 0
115 142 0 13920.8 0 0
115 143 47 13925 0 0
113 148 47 13929.3 0 0
113 148 0 13933.5 0 0
105 149 47 13937.7 0 0
98 153 47 13941.9 0 0
106 148 47 13946.1 0 0
110 148 47 13950.3 0 0
104 152 47 13954.5 0 0
111 148 47 13958.7 0 0
106 149 47 13965.8 0 0
106 148 47 13970 0 0
104 152 47 13974.2 0 0
101 151 47 13978.4 0 0
109 146 47 13982.6 0 0
104 151 47 13986.8 0 0
108 150 47 13991 0 0
107 149 47 13995.3 0 0
106 146 47 13999.5 0 0
103 151 47 14003.7 0 0
106 149 47 14007.9 0 0
104 152 47 14012.1 0 0
107 146 47 14016.3 0 0
107 150 47 14020.5 0 0
104 149 47 14024.8 0 0
108 148 47 14029 0 0
104 153 48 14033.2 0 0
104 150 47 14037.5 0 0
107 149 47 14041.6 0 0
102 154 48 14045.9 0 0
104 150 47 14050.1 0 0
103 152 47 14054.3 0 0
110 145 47 14058.5 0 0
100 156 48 14062.7 0 0
102 155 48 14069.7 0 0
108 148 47 14077.9 0 0
108 148 47 14086.4 0 0
106 150 47 14094.6 0 0
102 151 48 14098.8 0 0
103 154 48 14103.1 0 0
102 155 48 14107.3 0 0
104 151 48 14111.5 0 0
99 156 48 14115.7 0 0
108 148 47 14120 0 0
108 148 0 14124.2 0 0
101 156 48 14128.4 0 0
105 150 48 14132.6 0 0
106 153 48 14136.8 0 0
106 153 0 14141 0 0
101 156 48 14145.2 0 0
103 154 48 14149.5 0 0
102 154 48 14153.7 0 0
102 154 0 14157.9 0 0
102 154 48 14162.1 0 0
95 159 48 14166.4 0 0
93 167 48 14170.6 0 0
57 194 48 14174.8 0 0
12 220 47 14179 0 0
20 217 47 14266.3 0 0
44 205 48 14270.5 0 0
67 190 48 14274.8 0 0
74 184 48 14279 0 0
85 172 48 14283.2 0 0
95 168 48 14287.4 0 0
95 168 48 14291.6 0 0
99 160 48 14297.7 0 0
104 158 49 14301.9 0 0
108 153 48 14306.2 0 0
108 153 0 14310.4 0 0
105 154 48 14314.6 0 0
101 159 48 14318.8 0 0
103 158 48 14323 0 0
100 160 48 14327.2 0 0
102 156 48 14331.5 0 0
102 158 48 14335.7 0 0
104 156 48 14339.9 0 0
104 158 48 14344.1 0 0
101 157 49 14348.3 0 0
105 157 48 14352.5 0 0
105 154 48 14356.7 0 0
108 153 48 14360.9 0 0
103 157 48 14365.1 0 0
100 159 48 14369.4 0 0
102 157 48 14373.7 0 0
107 154 48 14377.9 0 0
105 154 48 14382.1 0 0
106 157 48 14386.3 0 0
106 156 48 14390.5 0 0
105 158 49 14394.7 0 0
105 157 48 14399 0 0
102 156 48 14403.2 0 0
101 158 49 14407.4 0 0
107 154 48 14411.6 0 0
107 154 49 14415.8 0 0
105 155 48 14420 0 0
104 156 48 14424.2 0 0
106 156 48 14428.5 0 0
106 156 48 14432.7 0 0
105 153 48 14436.9 0 0
104 156 48 14441.2 0 0
102 157 49 14445.4 0 0
107 151 48 14449.6 0 0
103 156 49 14453.8 0 0
105 156 49 14458 0 0
104 155 49 14462.3 0 0
100 156 48 14466.5 0 0
107 154 49 14470.7 0 0
101 155 49 14474.9 0 0
107 153 49 14479.1 0 0
108 153 49 14483.3 0 0
105 154 48 14487.5 0 0
106 152 49 14491.7 0 0
105 155 48 14496 0 0
108 154 49 14500.2 0 0
108 153 48 14504.4 0 0
105 154 49 14508.6 0 0
111 152 49 14512.8 0 0
105 154 49 14517 0 0
106 154 49 14521.2 0 0
108 151 49 14525.5 0 0
103 156 49 14529.7 0 0
103 155 49 14534 0 0
108 154 49 14538.1 0 0
105 154 49 14542.4 0 0
106 153 49 14546.6 0 0
106 154 49 14550.8 0 0
104 154 49 14555 0 0
107 153 49 14559.3 0 0
108 153 49 14563.5 0 0
107 151 49 14567.7 0 0
110 149 48 14571.9 0 0
107 150 49 14576.1 0 0
106 154 49 14580.3 0 0
106 152 49 14584.5 0 0
104 152 49 14588.8 0 0
107 153 49 14593 0 0
105 154 49 14597.2 0 0
107 152 49 14601.4 0 0
104 156 48 14605.6 0 0
108 152 48 14609.8 0 0
108 152 49 14614 0 0
109 151 49 14618.3 0 0
108 151 49 14622.5 0 0
109 150 49 14626.7 0 0
103 154 49 14630.9 0 0
107 152 49 14635.1 0 0
107 152 49 14639.3 0 0
107 150 49 14643.6 0 0
105 152 49 14647.8 0 0
109 150 49 14652 0 0
105 152 49 14656.2 0 0
108 152 49 14660.4 0 0
105 150 49 14664.6 0 0
104 154 49 14668.8 0 0
108 153 49 14673.1 0 0
106 149 49 14677.3 0 0
107 150 49 14681.5 0 0
107 150 49 14685.7 0 0
106 152 49 14690 0 0
105 149 49 14694.2 0 0
110 153 49 14698.4 0 0
104 152 49 14702.6 0 0
108 152 49 14706.8 0 0
108 150 49 14711 0 0
105 153 49 14715.2 0 0
110 150 49 14719.4 0 0
109 150 49 14723.6 0 0
107 152 49 14727.9 0 0
106 152 49 14732 0 0
106 152 49 14736.3 0 0
105 152 49 14740.5 0 0
107 152 49 14744.7 0 0
108 152 49 14748.9 0 0
105 152 49 14753.1 0 0
109 152 49 14757.4 0 0
105 152 49 14761.5 0 0
108 151 49 14765.8 0 0
107 152 49 14770 0 0
108 152 49 14774.2 0 0
107 152 49 14778.4 0 0
109 150 49 14782.6 0 0
106 152 49 14786.8 0 0
111 148 49 14791 0 0
107 152 49 14795.2 0 0
109 149 49 14799.4 0 0
108 149 49 14803.6 0 0
112 146 49 14807.9 0 0
108 152 49 14812.1 0 0
111 147 49 14818.9 0 0
110 149 49 14823.2 0 0
111 149 49 14827.4 0 0
108 148 49 14831.6 0 0
108 150 49 14835.8 0 0
111 147 49 14840 0 0
108 150 49 14844.2 0 0
108 150 49 14848.5 0 0
108 149 49 14852.6 0 0
107 150 49 14856.9 0 0
106 155 49 14861.1 0 0
108 150 49 14865.3 0 0
102 156 49 14869.6 0 0
107 153 49 14873.8 0 0
109 146 49 14878 0 0
107 153 49 14882.2 0 0
107 154 49 14886.4 0 0
109 149 49 14890.6 0 0
108 153 49 14894.9 0 0
105 154 49 14899.1 0 0
108 152 49 14903.3 0 0
105 154 49 14907.5 0 0
106 155 49 14911.8 0 0
106 155 49 14916 0 0
107 152 49 14923 0 0
105 152 49 14927.3 0 0
106 155 49 14931.5 0 0
105 155 49 14935.7 0 0
108 151 50 14939.9 0 0
104 154 49 14944.1 0 0
103 153 49 14948.4 0 0
106 153 49 14952.5 0 0
106 154 49 14956.8 0 0
107 154 49 14961 0 0
103 157 49 14965.2 0 0
106 154 49 14969.4 0 0
106 153 49 14973.6 0 0
110 153 49 14977.9 0 0
103 154 49 14982 0 0
109 154 49 14986.3 0 0
105 154 50 14990.5 0 0
104 154 49 14994.7 0 0
109 152 49 14999 0 0
103 156 49 15003.2 0 0
106 154 49 15007.4 0 0
106 152 50 15011.6 0 0
103 157 49 15015.8 0 0
109 152 49 15020 0 0
109 151 49 15024.2 0 0
106 155 49 15028.4 0 0
105 154 49 15032.7 0 0
103 155 49 15036.9 0 0
107 149 49 15041.1 0 0
106 156 49 15045.3 0 0
108 150 49 15049.5 0 0
103 154 49 15053.7 0 0
103 157 49 15058 0 0
107 149 49 15062.2 0 0
105 154 50 15066.6 0 0
105 153 49 15070.8 0 0
108 148 49 15075 0 0
106 151 49 15079.2 0 0
109 147 50 15083.4 0 0
106 150 49 15087.7 0 0
112 154 49 15091.9 0 0
97 168 49 15096.1 0 0
55 203 49 15100.3 0 0
10 230 48 15104.5 0 0
41 234 43 15184.7 0 0
80 212 45 15188.9 0 0
109 195 46 15193.1 0 0
159 181 47 15197.3 0 0
187 120 48 15210 0 0
190 112 48 15214.2 0 0
191 103 48 15218.4 0 0
190 94 49 15222.6 0 0
192 91 48 15226.8 0 0
191 91 49 15231.2 0 0
194 89 49 15235.4 0 0
192 87 49 15239.6 0 0
194 86 49 15243.8 0 0
194 88 49 15248.1 0 0
191 89 49 15252.3 0 0
195 86 49 15256.5 0 0
195 86 49 15260.7 0 0
189 87 49 15264.9 0 0
195 88 49 15269.1 0 0
195 87 49 15273.3 0 0
193 86 49 15277.5 0 0
193 85 49 15281.8 0 0
192 88 49 15286 0 0
189 87 49 15290.2 0 0
190 87 49 15294.4 0 0
193 87 48 15298.6 0 0
192 85 49 15302.8 0 0
193 87 49 15307.1 0 0
194 89 48 15311.3 0 0
191 88 49 15315.7 0 0
193 83 49 15319.9 0 0
193 87 49 15324.1 0 0
192 88 49 15328.3 0 0
192 89 49 15332.6 0 0
191 85 49 15336.8 0 0
192 89 49 15341 0 0
195 81 48 15345.2 0 0
188 70 49 15349.4 0 0
188 63 49 15353.6 0 0
187 58 49 15357.8 0 0
184 47 48 15362 0 0
187 48 49 15366.3 0 0
182 49 49 15370.5 0 0
186 47 49 15374.7 0 0
187 51 49 15378.9 0 0
185 48 49 15383.2 0 0
188 51 49 15387.4 0 0
188 53 49 15391.6 0 0
186 51 49 15395.8 0 0
186 51 49 15400.5 0 0
184 50 49 15404.7 0 0
187 50 49 15408.9 0 0
183 48 49 15413.1 0 0
186 48 49 15417.3 0 0
187 50 49 15421.5 0 0
185 52 49 15425.7 0 0
186 51 49 15429.9 0 0
185 50 49 15434.8 0 0
186 49 49 15439 0 0
187 51 49 15443.2 0 0
183 47 49 15447.4 0 0
188 49 49 15451.6 0 0
189 49 49 15455.9 0 0
187 51 49 15460.1 0 0
186 51 49 15464.3 0 0
186 49 49 15468.6 0 0
188 50 49 15472.8 0 0
184 49 49 15477 0 0
187 51 49 15481.4 0 0
186 50 49 15485.5 0 0
187 51 49 15489.8 0 0
188 50 49 15494 0 0
184 49 49 15498.2 0 0
190 51 49 15502.5 0 0
185 49 49 15506.7 0 0
186 52 49 15510.9 0 0
188 53 49 15515.1 0 0
186 53 49 15519.3 0 0
186 54 49 15523.5 0 0
186 53 49 15527.8 0 0
186 56 49 15532 0 0
188 55 49 15536.2 0 0
185 55 49 15540.4 0 0
190 59 49 15544.6 0 0
187 53 49 15548.8 0 0
184 60 49 15553 0 0
184 60 49 15557.2 0 0
186 100 49 15563.4 0 0
93 200 46 15571.8 0 0
21 216 50 15689.9 0 0
31 208 50 15694.1 0 0
43 204 50 15698.3 0 0
59 192 50 15702.5 0 0
62 189 50 15706.7 0 0
66 185 50 15710.9 0 0
73 181 50 15715.1 0 0
76 178 50 15719.4 0 0
84 171 50 15723.6 0 0
74 180 50 15727.8 0 0
80 174 50 15732 0 0
79 174 50 15736.2 0 0
84 172 50 15740.4 0 0
80 176 50 15744.6 0 0
77 175 50 15748.9 0 0
81 175 51 15753.1 0 0
78 176 51 15757.3 0 0
77 178 50 15761.5 0 0
69 180 51 15765.7 0 0
71 179 50 15769.9 0 0
69 181 50 15774.1 0 0
71 178 50 15778.4 0 0
71 180 51 15782.6 0 0
68 179 50 15786.8 0 0
73 179 50 15791 0 0
75 177 51 15795.2 0 0
68 182 50 15799.4 0 0
70 180 50 15803.6 0 0
73 178 51 15807.9 0 0
73 179 50 15812.1 0 0
73 178 50 15816.7 0 0
76 178 50 15820.9 0 0
76 179 50 15825.1 0 0
75 178 50 15829.3 0 0
74 178 50 15833.5 0 0
77 177 50 15837.8 0 0
72 181 51 15842 0 0
72 179 50 15846.2 0 0
74 177 50 15850.4 0 0
75 179 50 15854.6 0 0
75 177 50 15858.8 0 0
77 177 50 15863 0 0
79 179 50 15867.3 0 0
77 177 50 15871.5 0 0
71 181 50 15875.8 0 0
72 179 50 15880 0 0
78 178 50 15884.2 0 0
71 180 50 15888.4 0 0
72 180 50 15892.6 0 0
74 180 50 15896.8 0 0
72 179 50 15901 0 0
73 180 50 15905.3 0 0
75 179 50 15909.5 0 0
73 179 50 15913.7 0 0
79 175 50 15917.9 0 0
67 186 50 15922.1 0 0
63 190 50 15926.3 0 0
44 205 50 15930.6 0 0
39 209 50 15936.7 0 0
48 204 50 15940.9 0 0
43 205 50 15945.1 0 0
42 204 50 15949.3 0 0
44 204 50 15953.5 0 0
52 199 50 15957.8 0 0
49 201 50 15962 0 0
52 200 50 15966.2 0 0
53 199 50 15970.4 0 0
48 202 50 15974.6 0 0
47 202 50 15978.8 0 0
46 201 50 15983 0 0
42 202 50 15987.3 0 0
49 199 50 15991.5 0 0
48 201 50 15995.7 0 0
51 200 50 16000 0 0
48 202 50 16004.2 0 0
40 206 50 16008.4 0 0
40 209 50 16012.6 0 0
38 208 50 16016.8 0 0
52 199 50 16021 0 0
36 210 50 16025.3 0 0
44 205 49 16029.5 0 0
50 200 50 16033.8 0 0
46 201 50 16038 0 0
53 199 50 16042.2 0 0
51 200 50 16046.4 0 0
39 208 50 16050.6 0 0
47 202 50 16054.8 0 0
49 199 50 16059 0 0
44 204 50 16063.3 0 0
52 200 50 16067.5 0 0
45 204 50 16071.7 0 0
47 202 49 16075.9 0 0
44 204 50 16080.1 0 0
44 203 50 16084.3 0 0
47 202 49 16088.6 0 0
48 203 50 16092.8 0 0
46 202 50 16097 0 0
42 205 50 16101.2 0 0
45 203 50 16105.4 0 0
46 202 50 16109.6 0 0
44 203 50 16113.8 0 0
52 200 49 16118 0 0
46 201 50 16122.3 0 0
40 205 50 16126.5 0 0
51 201 50 16130.7 0 0
38 205 50 16134.9 0 0
48 201 50 16139.1 0 0
49 201 50 16143.3 0 0
38 206 50 16147.5 0 0
44 205 50 16151.8 0 0
46 204 50 16156 0 0
43 204 50 16160.2 0 0
42 205 50 16164.4 0 0
42 206 49 16168.6 0 0
44 204 50 16172.8 0 0
41 206 50 16177 0 0
45 204 50 16181.3 0 0
43 204 50 16185.5 0 0
43 205 49 16189.7 0 0
43 204 49 16194 0 0
41 204 50 16198.1 0 0
45 204 50 16202.4 0 0
45 204 50 16206.6 0 0
37 206 50 16210.8 0 0
36 205 50 16215 0 0
41 206 49 16219.2 0 0
41 204 50 16226 0 0
44 203 50 16230.2 0 0
48 201 49 16234.4 0 0
52 199 49 16238.6 0 0
44 203 49 16242.9 0 0
17 219 49 16247.1 0 0
27 214 47 16333.2 0 0
66 191 48 16338.4 0 0
91 169 48 16342.7 0 0
105 154 49 16346.9 0 0
118 138 49 16351.1 0 0
129 120 49 16355.3 0 0
132 116 49 16359.5 0 0
137 105 49 16363.8 0 0
131 102 49 16368 0 0
139 99 49 16372.2 0 0
134 102 49 16376.4 0 0
138 100 49 16380.6 0 0
139 100 49 16384.9 0 0
139 95 49 16389.1 0 0
135 102 49 16393.3 0 0
138 103 49 16397.5 0 0
132 103 49 16401.7 0 0
138 103 49 16405.9 0 0
136 103 49 16410.2 0 0
138 100 49 16414.3 0 0
137 103 49 16418.5 0 0
137 102 49 16422.8 0 0
138 98 49 16427 0 0
136 106 49 16431.2 0 0
136 103 49 16435.4 0 0
131 101 49 16439.7 0 0
139 98 49 16446.8 0 0
136 99 49 16451 0 0
137 97 49 16455.2 0 0
136 96 49 16459.4 0 0
132 102 49 16463.7 0 0
138 95 49 16467.9 0 0
135 99 49 16472.1 0 0
136 97 49 16476.3 0 0
140 97 49 16480.5 0 0
135 97 49 16484.7 0 0
136 97 49 16488.9 0 0
136 98 49 16493.1 0 0
136 98 49 16497.4 0 0
135 99 49 16501.6 0 0
136 99 49 16505.8 0 0
137 95 49 16510 0 0
137 102 49 16514.2 0 0
133 97 49 16518.5 0 0
140 100 49 16522.7 0 0
133 98 49 16526.9 0 0
134 102 49 16531.1 0 0
138 100 49 16535.3 0 0
137 98 49 16539.5 0 0
137 100 49 16546.5 0 0
140 100 49 16555 0 0
135 97 49 16563.3 0 0
135 97 49 16571.5 0 0
139 94 49 16579.2 0 0
135 95 49 16583.5 0 0
138 98 49 16588.2 0 0
140 101 49 16592.8 0 0
140 99 49 16597 0 0
136 102 49 16601.2 0 0
138 103 49 16605.4 0 0
138 100 49 16609.7 0 0
134 104 49 16613.9 0 0
136 99 49 16618.1 0 0
136 103 49 16622.4 0 0
138 104 49 16626.6 0 0
136 103 49 16630.8 0 0
136 107 49 16635 0 0
134 105 49 16639.2 0 0
136 105 49 16643.4 0 0
135 105 49 16647.6 0 0
135 105 49 16651.8 0 0
136 102 49 16656.1 0 0
136 103 49 16660.3 0 0
135 104 49 16664.5 0 0
137 99 49 16671.3 0 0
136 103 49 16675.6 0 0
136 103 49 16679.8 0 0
140 102 49 16684.1 0 0
132 106 49 16688.3 0 0
131 106 49 16692.5 0 0
135 112 48 16696.7 0 0
115 144 48 16700.9 0 0
58 195 48 16705.1 0 0
58 195 0 16709.3 0 0
58 195 0 16713.6 0 0
58 195 0 16717.8 0 0
58 195 0 16722 0 0
58 195 0 16726.2 0 0
58 195 0 16730.4 0 0
58 195 0 16734.6 0 0
58 195 0 16738.8 0 0
58 195 0 16743 0 0
58 195 0 16747.3 0 0
58 195 0 16751.5 0 0
58 195 0 16755.7 0 0
58 195 0 16762.8 0 0
58 195 0 16767 0 0
58 195 0 16771.2 0 0
58 195 0 16775.5 0 0
58 195 0 16779.7 0 0
58 195 0 16783.9 0 0
33 186 48 16792.3 0 0
67 159 49 16796.5 0 0
77 146 49 16800.7 0 0
88 128 49 16804.9 0 0
94 114 50 16809.2 0 0
101 103 49 16813.5 0 0
104 94 49 16817.7 0 0
103 83 50 16821.9 0 0
106 82 50 16826.1 0 0
103 80 50 16830.3 0 0
103 80 50 16834.6 0 0
106 81 50 16838.8 0 0
103 78 50 16843 0 0
104 82 50 16847.2 0 0
106 77 50 16851.4 0 0
103 82 50 16855.6 0 0
102 81 50 16859.8 0 0
104 80 50 16864 0 0
107 78 50 16868.3 0 0
105 78 50 16872.5 0 0
105 78 50 16876.7 0 0
105 76 50 16880.9 0 0
106 79 50 16885.1 0 0
101 80 50 16889.3 0 0
101 81 50 16893.5 0 0
103 76 50 16900.4 0 0
103 80 50 16904.6 0 0
102 77 50 16908.8 0 0
105 78 50 16913.1 0 0
102 76 50 16917.3 0 0
101 77 50 16921.5 0 0
103 79 50 16925.7 0 0
103 76 50 16929.9 0 0
100 77 50 16934.1 0 0
102 78 50 16938.4 0 0
103 77 50 16942.6 0 0
105 79 50 16946.8 0 0
101 80 50 16951 0 0
101 76 50 16955.2 0 0
102 79 50 16959.4 0 0
102 76 50 16963.7 0 0
103 73 50 16967.9 0 0
101 70 50 16972.1 0 0
101 66 50 16976.3 0 0
98 58 50 16980.5 0 0
96 58 50 16984.7 0 0
96 59 50 16988.9 0 0
98 55 50 16993.2 0 0
98 59 50 16997.4 0 0
97 60 50 17001.6 0 0
97 60 50 17008.7 0 0
99 61 50 17016.5 0 0
100 58 50 17020.7 0 0
99 60 50 17025.2 0 0
95 60 50 17029.5 0 0
96 60 50 17033.7 0 0
99 60 50 17037.9 0 0
94 58 50 17042.1 0 0
98 61 50 17046.3 0 0
97 60 50 17050.6 0 0
97 59 50 17054.8 0 0
97 62 50 17059 0 0
96 57 50 17063.2 0 0
97 60 51 17067.5 0 0
97 61 50 17071.7 0 0
94 61 50 17075.9 0 0
96 60 50 17080.1 0 0
96 56 50 17084.3 0 0
96 62 50 17088.5 0 0
96 58 50 17092.8 0 0
97 58 51 17097 0 0
96 58 50 17101.2 0 0
97 61 50 17105.4 0 0
95 56 50 17109.6 0 0
94 58 50 17113.8 0 0
98 60 51 17118 0 0
96 64 50 17122.3 0 0
99 61 50 17129.4 0 0
99 64 50 17133.6 0 0
94 61 50 17137.8 0 0
99 64 50 17142 0 0
99 64 50 17146.2 0 0
100 65 50 17150.5 0 0
99 69 50 17154.7 0 0
100 69 50 17158.9 0 0
102 79 50 17163.1 0 0
102 107 50 17167.3 0 0
80 150 49 17171.5 0 0
22 203 47 17175.8 0 0
22 203 0 17180 0 0
22 203 0 17184.3 0 0
22 203 0 17188.5 0 0
22 203 0 17192.7 0 0
22 203 0 17196.9 0 0
22 203 0 17201.1 0 0
22 203 0 17205.3 0 0
22 203 0 17209.5 0 0
22 203 0 17213.8 0 0
22 203 0 17219.6 0 0
22 203 0 17223.8 0 0
22 203 0 17228 0 0
22 203 0 17232.2 0 0
22 203 44 17236.4 0 0
22 203 0 17240.7 0 0
22 203 0 17244.9 0 0
22 203 0 17249.1 0 0
4 223 49 17274.4 0 0
30 212 49 17278.6 0 0
54 193 49 17282.8 0 0
69 183 49 17287 0 0
84 171 50 17291.2 0 0
102 157 49 17295.4 0 0
102 154 50 17299.7 0 0
108 146 50 17303.9 0 0
111 141 50 17308.1 0 0
117 140 49 17312.3 0 0
114 141 50 17316.5 0 0
113 140 50 17320.7 0 0
110 143 50 17324.9 0 0
115 140 50 17329.1 0 0
117 137 50 17333.4 0 0
110 145 50 17337.6 0 0
112 141 50 17341.8 0 0
113 141 50 17346 0 0
107 145 50 17350.2 0 0
107 147 49 17354.5 0 0
111 146 50 17358.7 0 0
109 145 50 17362.9 0 0
106 147 50 17367.1 0 0
106 145 50 17371.3 0 0
110 145 50 17375.5 0 0
108 148 50 17379.8 0 0
107 146 50 17384 0 0
108 147 50 17388.2 0 0
111 146 50 17392.4 0 0
108 146 50 17396.6 0 0
106 147 50 17400.8 0 0
109 144 50 17405 0 0
110 146 50 17409.2 0 0
109 147 50 17413.4 0 0
114 140 50 17417.6 0 0
111 141 50 17421.8 0 0
112 140 50 17426 0 0
110 146 50 17430.3 0 0
107 146 50 17434.5 0 0
112 142 50 17438.7 0 0
114 140 50 17442.9 0 0
114 141 50 17447.2 0 0
110 140 50 17451.3 0 0
111 141 50 17455.6 0 0
114 140 50 17459.8 0 0
114 139 50 17464 0 0
110 139 50 17468.2 0 0
112 140 50 17472.5 0 0
112 143 50 17476.7 0 0
113 140 50 17480.8 0 0
114 140 50 17485 0 0
110 140 50 17489.3 0 0
111 142 50 17493.5 0 0
113 139 50 17497.8 0 0
113 139 50 17502 0 0
109 143 50 17506.2 0 0
111 142 50 17510.4 0 0
109 144 50 17514.6 0 0
113 138 50 17518.8 0 0
112 140 50 17523 0 0
116 137 50 17527.2 0 0
116 137 0 17531.4 0 0
112 140 50 17535.7 0 0
116 139 50 17539.9 0 0
113 140 50 17544.1 0 0
113 142 50 17548.3 0 0
110 140 50 17552.5 0 0
115 137 50 17556.7 0 0
110 142 50 17561 0 0
112 141 50 17565.2 0 0
113 141 50 17569.4 0 0
109 150 50 17573.6 0 0
110 152 50 17577.8 0 0
108 153 50 17582 0 0
105 153 50 17586.2 0 0
108 152 50 17590.5 0 0
107 152 50 17594.7 0 0
109 148 50 17598.9 0 0
106 152 50 17603.1 0 0
107 153 50 17607.3 0 0
105 154 50 17611.5 0 0
106 153 50 17615.7 0 0
107 152 51 17620 0 0
108 152 50 17624.2 0 0
108 153 50 17628.4 0 0
110 148 50 17632.6 0 0
106 152 50 17636.8 0 0
104 154 51 17641 0 0
105 153 50 17645.2 0 0
107 154 50 17649.5 0 0
106 155 50 17653.7 0 0
104 154 50 17657.9 0 0
105 154 50 17662.1 0 0
109 153 50 17666.3 0 0
107 154 50 17670.5 0 0
105 154 50 17674.7 0 0
107 151 51 17678.9 0 0
105 154 50 17683.2 0 0
108 153 50 17687.4 0 0
107 153 50 17691.6 0 0
107 154 50 17695.8 0 0
108 151 51 17700 0 0
109 153 50 17704.2 0 0
105 155 50 17708.5 0 0
106 153 50 17712.8 0 0
103 154 51 17717 0 0
108 153 50 17721.2 0 0
107 152 51 17725.4 0 0
111 153 50 17729.6 0 0
106 154 50 17733.8 0 0
107 153 50 17738 0 0
107 155 51 17742.3 0 0
106 152 51 17746.5 0 0
108 153 50 17750.7 0 0
108 150 50 17754.9 0 0
109 150 50 17759.1 0 0
107 151 51 17763.3 0 0
106 153 51 17767.5 0 0
103 153 51 17771.8 0 0
105 154 51 17776 0 0
111 145 51 17780.2 0 0
110 148 50 17784.4 0 0
110 145 51 17788.6 0 0
114 145 51 17792.8 0 0
110 150 51 17797 0 0
108 149 51 17801.3 0 0
108 150 51 17805.5 0 0
104 153 51 17809.7 0 0
111 147 51 17813.9 0 0
113 147 51 17818.1 0 0
109 148 51 17822.3 0 0
113 147 51 17826.5 0 0
108 150 51 17830.8 0 0
111 148 51 17835 0 0
111 146 51 17839.2 0 0
112 147 51 17843.4 0 0
110 147 51 17847.6 0 0
111 146 51 17851.8 0 0
108 149 51 17856 0 0
109 147 51 17860.3 0 0
109 149 51 17864.5 0 0
109 150 51 17868.8 0 0
107 148 51 17873 0 0
110 147 51 17877.2 0 0
111 146 51 17881.4 0 0
110 148 51 17885.6 0 0
111 147 51 17889.8 0 0
107 148 51 17894 0 0
112 147 51 17898.2 0 0
111 149 51 17902.5 0 0
110 146 51 17906.7 0 0
108 149 51 17910.9 0 0
109 150 51 17915.1 0 0
109 150 51 17919.3 0 0
112 150 51 17923.5 0 0
106 151 51 17927.7 0 0
108 151 51 17932 0 0
113 144 51 17936.2 0 0
109 149 51 17940.4 0 0
111 147 51 17944.6 0 0
110 147 51 17948.8 0 0
108 151 51 17953 0 0
113 143 51 17957.2 0 0
110 150 51 17961.5 0 0
106 151 51 17965.7 0 0
111 148 51 17970 0 0
110 150 51 17974.2 0 0
113 147 51 17978.4 0 0
107 151 51 17982.6 0 0
115 144 51 17986.8 0 0
111 145 51 17991 0 0
114 144 51 17995.3 0 0
109 153 51 17999.5 0 0
106 152 51 18003.8 0 0
110 147 51 18008 0 0
107 150 51 18012.2 0 0
108 152 51 18016.4 0 0
111 147 51 18020.6 0 0
106 150 51 18025 0 0
108 149 51 18029.3 0 0
112 145 51 18033.5 0 0
109 147 51 18037.7 0 0
110 151 52 18041.9 0 0
106 150 51 18046.1 0 0
105 148 51 18050.3 0 0
101 158 51 18054.5 0 0
103 153 51 18058.8 0 0
106 151 51 18063 0 0
98 158 51 18067.2 0 0
79 179 51 18071.4 0 0
28 214 50 18075.6 0 0
4 226 50 18172.6 0 0
29 213 50 18176.8 0 0
45 204 50 18181 0 0
70 187 51 18185.2 0 0
78 179 51 18189.5 0 0
87 169 51 18193.7 0 0
100 163 51 18197.9 0 0
101 158 51 18202.1 0 0
106 154 51 18206.3 0 0
111 151 51 18210.5 0 0
112 145 51 18214.7 0 0
111 147 51 18219 0 0
111 144 51 18223.2 0 0
112 142 51 18227.4 0 0
112 142 51 18231.6 0 0
115 144 51 18235.8 0 0
117 143 51 18240 0 0
118 140 51 18244.3 0 0
119 141 51 18248.5 0 0
114 144 51 18252.7 0 0
113 143 51 18256.9 0 0
113 145 51 18261.2 0 0
114 142 51 18265.4 0 0
112 147 51 18269.6 0 0
113 142 51 18273.8 0 0
121 135 51 18278 0 0
118 140 51 18282.3 0 0
115 144 51 18286.5 0 0
117 143 51 18290.7 0 0
116 142 51 18295 0 0
119 140 51 18299.2 0 0
114 144 51 18303.4 0 0
115 145 51 18307.6 0 0
119 137 51 18311.8 0 0
112 146 51 18316 0 0
112 145 51 18320.2 0 0
122 136 51 18324.5 0 0
117 143 51 18328.7 0 0
114 145 51 18332.9 0 0
120 138 51 18337.1 0 0
114 144 52 18341.4 0 0
115 139 51 18345.6 0 0
114 146 51 18349.8 0 0
120 138 51 18354 0 0
123 135 51 18358.2 0 0
118 140 51 18362.4 0 0
119 137 51 18366.6 0 0
117 143 51 18370.8 0 0
120 137 52 18375.1 0 0
121 137 51 18379.5 0 0
118 135 51 18383.7 0 0
115 141 51 18387.9 0 0
122 135 51 18392.1 0 0
118 134 51 18396.3 0 0
117 142 51 18400.5 0 0
118 139 52 18404.8 0 0
117 141 51 18409 0 0
120 138 51 18413.2 0 0
119 138 51 18417.4 0 0
117 143 51 18421.6 0 0
119 138 51 18425.8 0 0
119 139 52 18430 0 0
117 140 51 18434.8 0 0
118 140 52 18439 0 0
119 137 51 18443.3 0 0
119 140 52 18447.5 0 0
118 138 52 18451.7 0 0
118 138 51 18455.9 0 0
119 139 51 18460.1 0 0
112 145 51 18464.4 0 0
113 147 52 18468.6 0 0
111 144 52 18472.8 0 0
106 154 51 18477 0 0
76 182 51 18481.2 0 0
30 211 51 18485.4 0 0
12 222 51 18599.3 0 0
27 215 51 18603.5 0 0
53 199 51 18607.7 0 0
72 184 51 18611.9 0 0
81 180 51 18616.1 0 0
92 166 51 18620.3 0 0
100 161 51 18624.6 0 0
105 159 52 18629 0 0
110 154 52 18633.2 0 0
112 151 52 18637.4 0 0
110 148 52 18641.6 0 0
114 148 52 18645.8 0 0
115 145 52 18650.1 0 0
109 149 52 18654.3 0 0
114 147 52 18658.5 0 0
109 150 52 18662.8 0 0
114 146 52 18667 0 0
110 149 52 18671.2 0 0
110 149 0 18675.4 0 0
116 143 52 18679.6 0 0
108 148 52 18683.8 0 0
114 146 52 18688 0 0
115 145 52 18692.3 0 0
113 146 52 18696.5 0 0
111 146 52 18700.7 0 0
113 147 52 18704.9 0 0
112 145 52 18709.1 0 0
112 147 52 18713.3 0 0
110 148 52 18717.5 0 0
109 148 52 18721.7 0 0
112 145 52 18725.9 0 0
115 146 52 18730.1 0 0
113 148 52 18734.3 0 0
110 147 52 18738.6 0 0
112 148 52 18742.8 0 0
112 146 52 18747 0 0
110 147 52 18751.3 0 0
107 150 52 18755.5 0 0
109 149 52 18759.7 0 0
115 146 52 18763.9 0 0
108 150 52 18768.1 0 0
112 149 52 18772.4 0 0
113 147 52 18776.6 0 0
109 152 52 18780.8 0 0
111 149 52 18785 0 0
117 144 52 18789.2 0 0
111 147 52 18793.4 0 0
108 149 52 18797.6 0 0
110 147 52 18801.9 0 0
110 147 52 18806.1 0 0
113 145 52 18810.3 0 0
110 146 52 18814.5 0 0
113 146 52 18818.8 0 0
113 148 52 18823 0 0
111 147 52 18827.2 0 0
111 148 52 18831.4 0 0
111 145 52 18835.6 0 0
111 149 52 18839.9 0 0
112 148 52 18844.1 0 0
109 150 52 18848.3 0 0
111 150 52 18852.5 0 0
112 148 52 18856.7 0 0
107 150 52 18860.9 0 0
110 149 52 18865.1 0 0
110 151 53 18869.3 0 0
113 149 52 18873.6 0 0
109 147 52 18877.8 0 0
112 144 52 18882 0 0
111 144 52 18886.2 0 0
113 145 52 18890.4 0 0
118 142 52 18894.6 0 0
110 146 52 18898.8 0 0
116 142 52 18903.1 0 0
102 154 53 18907.3 0 0
116 144 52 18911.6 0 0
112 144 52 18915.8 0 0
114 143 52 18920 0 0
116 142 53 18924.2 0 0
113 144 53 18928.4 0 0
115 145 52 18932.7 0 0
113 143 52 18936.9 0 0
116 144 53 18941.1 0 0
110 144 52 18945.3 0 0
111 144 52 18949.5 0 0
115 143 53 18953.7 0 0
113 144 53 18957.9 0 0
111 144 53 18962.2 0 0
115 145 53 18966.4 0 0
113 144 53 18970.6 0 0
113 144 53 18974.8 0 0
113 144 53 18979 0 0
113 144 53 18983.2 0 0
110 145 53 18987.4 0 0
111 147 52 18991.7 0 0
117 141 53 18995.9 0 0
112 140 53 19000.1 0 0
115 141 53 19004.3 0 0
115 144 53 19008.5 0 0
120 138 53 19012.7 0 0
120 136 53 19017 0 0
124 128 53 19021.2 0 0
131 124 52 19025.5 0 0
133 123 52 19029.7 0 0
132 119 52 19033.9 0 0
131 115 52 19038.1 0 0
134 113 52 19042.3 0 0
135 117 52 19046.5 0 0
129 121 53 19050.7 0 0
129 119 53 19054.9 0 0
132 122 53 19059.2 0 0
129 118 53 19063.4 0 0
132 118 53 19067.6 0 0
127 119 53 19071.8 0 0
131 118 53 19076 0 0
131 119 53 19080.3 0 0
131 119 52 19084.5 0 0
130 119 53 19088.7 0 0
132 116 53 19092.9 0 0
132 119 53 19097.2 0 0
131 122 52 19101.3 0 0
131 118 53 19105.5 0 0
126 121 53 19109.8 0 0
129 121 53 19114 0 0
127 120 52 19118.2 0 0
131 120 53 19122.4 0 0
121 141 53 19126.7 0 0
132 119 53 19131 0 0
131 118 53 19135.2 0 0
131 120 53 19139.4 0 0
126 120 53 19143.6 0 0
128 121 53 19147.8 0 0
131 119 53 19152 0 0
133 118 53 19156.2 0 0
124 123 53 19160.5 0 0
131 117 53 19164.7 0 0
132 121 53 19168.9 0 0
131 119 53 19173.1 0 0
132 114 53 19177.3 0 0
130 114 53 19181.6 0 0
129 116 53 19185.8 0 0
127 117 53 19190 0 0
130 111 53 19194.2 0 0
128 119 53 19198.4 0 0
131 112 53 19202.6 0 0
129 114 53 19206.9 0 0
129 116 53 19211.1 0 0
132 110 53 19215.4 0 0
126 116 53 19219.6 0 0
130 112 53 19223.8 0 0
129 115 52 19228 0 0
128 118 53 19232.2 0 0
130 110 53 19236.4 0 0
127 117 53 19240.6 0 0
127 113 53 19244.9 0 0
131 114 53 19249.1 0 0
127 116 52 19253.3 0 0
130 115 52 19257.5 0 0
130 114 53 19261.7 0 0
129 110 53 19265.9 0 0
131 113 52 19270.1 0 0
125 112 52 19274.4 0 0
132 112 53 19278.6 0 0
130 113 52 19282.8 0 0
127 118 52 19287 0 0
125 115 53 19291.2 0 0
126 117 52 19295.4 0 0
128 116 52 19299.6 0 0
129 117 52 19306.5 0 0
127 118 53 19310.7 0 0
129 116 52 19315.2 0 0
129 116 52 19319.5 0 0
129 118 53 19323.7 0 0
125 115 52 19327.9 0 0
127 115 52 19332.1 0 0
131 116 52 19336.3 0 0
126 114 52 19340.6 0 0
127 117 52 19344.8 0 0
131 114 53 19349 0 0
129 116 53 19353.2 0 0
130 115 52 19357.4 0 0
129 115 52 19361.6 0 0
131 114 52 19365.8 0 0
128 117 52 19370.1 0 0
130 119 52 19374.3 0 0
131 116 52 19378.5 0 0
133 115 52 19382.7 0 0
127 119 53 19386.9 0 0
130 114 52 19391.1 0 0
128 117 53 19395.3 0 0
129 117 52 19399.6 0 0
131 119 52 19406.4 0 0
129 117 52 19410.6 0 0
128 121 52 19414.9 0 0
128 115 52 19419.1 0 0
127 118 52 19423.4 0 0
132 118 52 19427.6 0 0
128 117 52 19431.8 0 0
129 119 53 19436.1 0 0
131 114 52 19440.3 0 0
127 118 52 19444.5 0 0
131 118 52 19448.7 0 0
131 115 52 19455.3 0 0
129 117 52 19459.5 0 0
127 118 52 19464.8 0 0
130 120 52 19469.1 0 0
129 118 52 19473.3 0 0
127 118 52 19477.5 0 0
133 119 52 19481.7 0 0
130 117 52 19485.9 0 0
128 119 52 19490.1 0 0
129 118 52 19494.4 0 0
131 117 52 19498.6 0 0
128 119 52 19502.8 0 0
132 114 52 19507 0 0
127 118 52 19511.2 0 0
131 116 52 19515.4 0 0
132 116 52 19519.6 0 0
129 119 52 19523.8 0 0
130 115 52 19528.1 0 0
130 119 52 19532.3 0 0
131 116 52 19536.5 0 0
128 117 52 19540.8 0 0
126 120 52 19545 0 0
130 116 52 19549.2 0 0
128 117 52 19553.4 0 0
130 119 52 19557.6 0 0
126 119 52 19561.8 0 0
131 120 52 19568.7 0 0
130 121 52 19573 0 0
124 120 52 19577.2 0 0
124 121 52 19581.4 0 0
128 120 52 19585.6 0 0
119 131 52 19589.8 0 0
98 162 52 19594 0 0
59 194 51 19598.2 0 0
2 226 49 19602.4 0 0
10 221 51 19692.1 0 0
33 210 51 19696.3 0 0
49 201 52 19700.5 0 0
62 192 51 19704.7 0 0
76 183 52 19709 0 0
84 175 52 19713.4 0 0
99 163 52 19717.6 0 0
105 154 52 19721.8 0 0
110 149 52 19726 0 0
110 147 52 19730.2 0 0
115 145 52 19734.4 0 0
112 145 52 19738.6 0 0
115 142 52 19742.8 0 0
116 142 52 19747.4 0 0
118 142 52 19751.6 0 0
117 145 52 19755.8 0 0
113 145 52 19760 0 0
117 143 52 19764.2 0 0
115 145 52 19768.4 0 0
108 145 52 19772.6 0 0
112 145 52 19776.9 0 0
111 146 52 19781.1 0 0
111 144 52 19785.3 0 0
114 144 52 19789.5 0 0
119 138 52 19793.8 0 0
114 140 52 19798 0 0
99 163 52 19802.2 0 0
113 142 52 19806.5 0 0
114 140 52 19810.7 0 0
112 142 52 19814.9 0 0
117 141 52 19819.1 0 0
115 142 52 19823.3 0 0
119 137 52 19827.5 0 0
113 142 52 19831.7 0 0
111 143 52 19835.9 0 0
112 144 52 19840.2 0 0
113 142 52 19844.4 0 0
116 142 52 19848.6 0 0
116 142 52 19852.8 0 0
114 143 52 19857 0 0
117 142 52 19861.2 0 0
113 145 52 19865.4 0 0
112 142 52 19869.7 0 0
112 145 52 19873.9 0 0
112 146 52 19878.8 0 0
117 141 52 19883 0 0
114 142 52 19887.2 0 0
116 143 52 19891.5 0 0
115 143 52 19895.7 0 0
113 143 52 19899.9 0 0
115 141 52 19904.2 0 0
113 142 52 19908.4 0 0
108 146 52 19912.6 0 0
88 169 52 19916.8 0 0
112 144 52 19921 0 0
113 142 52 19925.2 0 0
114 141 53 19929.4 0 0
116 144 52 19933.7 0 0
116 142 52 19937.9 0 0
114 144 52 19942.1 0 0
114 144 52 19946.3 0 0
114 144 52 19950.5 0 0
111 144 52 19954.7 0 0
115 142 52 19958.9 0 0
115 143 52 19963.2 0 0
112 144 52 19967.4 0 0
109 145 52 19971.6 0 0
112 144 52 19975.8 0 0
111 143 52 19980 0 0
111 144 52 19984.2 0 0
111 145 52 19988.4 0 0
110 151 52 19992.7 0 0
101 154 52 19996.9 0 0
104 152 52 20001.1 0 0
104 154 52 20005.3 0 0
103 156 52 20009.5 0 0
108 149 52 20013.7 0 0
102 155 52 20018 0 0
102 153 52 20022.2 0 0
105 154 52 20026.4 0 0
100 154 52 20030.6 0 0
105 152 52 20034.8 0 0
105 153 53 20039 0 0
102 154 52 20043.3 0 0
104 153 52 20047.5 0 0
105 151 52 20051.8 0 0
104 150 52 20056 0 0
102 157 52 20060.3 0 0
103 152 52 20064.5 0 0
102 156 52 20068.7 0 0
103 154 52 20072.9 0 0
104 153 52 20077.1 0 0
81 178 52 20081.3 0 0
107 147 52 20085.5 0 0
88 172 52 20089.7 0 0
106 154 52 20094 0 0
106 154 0 20098.2 0 0
109 148 52 20102.4 0 0
102 157 52 20106.6 0 0
109 147 52 20110.8 0 0
102 156 52 20115 0 0
99 158 52 20119.3 0 0
108 149 52 20123.5 0 0
111 144 52 20127.7 0 0
104 152 52 20131.9 0 0
107 148 52 20136.1 0 0
104 154 52 20140.3 0 0
106 149 52 20144.5 0 0
103 148 52 20148.7 0 0
105 152 52 20153.2 0 0
104 153 52 20157.4 0 0
105 152 52 20161.6 0 0
102 154 52 20165.8 0 0
107 146 52 20170 0 0
92 171 52 20174.2 0 0
103 154 52 20178.5 0 0
103 154 52 20182.7 0 0
104 157 52 20186.9 0 0
112 145 52 20191.1 0 0
103 153 52 20195.3 0 0
98 158 52 20199.5 0 0
88 172 52 20203.7 0 0
105 156 52 20208 0 0
104 155 52 20212.5 0 0
107 147 52 20216.8 0 0
112 145 52 20221 0 0
106 149 52 20225.2 0 0
107 145 52 20229.4 0 0
89 170 52 20233.6 0 0
114 143 52 20237.8 0 0
105 153 52 20242 0 0
114 145 52 20246.2 0 0
118 140 52 20250.5 0 0
121 141 52 20254.7 0 0
137 129 52 20258.9 0 0
140 131 52 20263.1 0 0
144 117 52 20267.3 0 0
145 116 52 20271.5 0 0
147 113 51 20275.8 0 0
151 110 52 20280 0 0
151 109 52 20284.2 0 0
148 109 52 20288.4 0 0
147 110 51 20292.6 0 0
147 109 52 20296.8 0 0
146 112 52 20301 0 0
146 113 52 20305.2 0 0
146 109 51 20309.5 0 0
149 111 52 20313.7 0 0
146 111 51 20317.9 0 0
146 113 52 20322.1 0 0
148 110 52 20326.3 0 0
148 112 52 20330.5 0 0
149 107 52 20334.8 0 0
147 113 52 20339 0 0
147 111 51 20343.2 0 0
148 111 52 20347.5 0 0
148 113 52 20351.7 0 0
145 111 52 20355.9 0 0
143 111 52 20360.1 0 0
148 113 52 20364.3 0 0
149 110 52 20368.5 0 0
146 110 52 20372.8 0 0
147 113 52 20377 0 0
146 108 52 20381.2 0 0
147 110 51 20385.4 0 0
144 110 52 20389.6 0 0
146 115 51 20393.8 0 0
146 112 52 20398.1 0 0
147 109 51 20402.3 0 0
150 111 52 20406.5 0 0
145 112 51 20410.7 0 0
147 111 51 20415 0 0
144 114 51 20419.2 0 0
149 111 52 20423.3 0 0
145 113 51 20427.6 0 0
148 113 51 20431.8 0 0
144 110 51 20436 0 0
147 113 51 20440.2 0 0
146 113 51 20444.5 0 0
155 108 51 20448.7 0 0
166 97 52 20452.9 0 0
170 98 52 20457.1 0 0
178 90 51 20461.3 0 0
184 83 51 20465.7 0 0
185 67 51 20469.9 0 0
187 67 51 20474.1 0 0
191 57 50 20478.3 0 0
192 61 50 20482.5 0 0
193 59 50 20486.7 0 0
188 61 50 20490.9 0 0
192 65 50 20495.2 0 0
192 65 50 20499.4 0 0
191 62 50 20503.6 0 0
191 64 50 20507.8 0 0
193 63 50 20512 0 0
189 64 50 20516.2 0 0
192 63 50 20520.4 0 0
188 65 50 20524.7 0 0
194 63 50 20528.9 0 0
192 63 50 20533.1 0 0
191 64 50 20537.3 0 0
188 64 50 20541.5 0 0
190 66 50 20545.7 0 0
193 59 50 20550 0 0
190 64 50 20554.2 0 0
190 62 49 20558.4 0 0
193 60 49 20562.7 0 0
191 66 50 20566.9 0 0
189 60 49 20571.1 0 0
187 59 50 20575.3 0 0
192 63 50 20579.5 0 0
189 60 49 20583.7 0 0
190 61 50 20587.9 0 0
191 63 50 20592.2 0 0
189 60 49 20596.4 0 0
186 61 50 20600.6 0 0
191 60 49 20604.8 0 0
188 57 49 20609 0 0
191 60 49 20613.2 0 0
188 59 49 20617.4 0 0
188 62 50 20621.7 0 0
191 60 49 20626.2 0 0
191 60 49 20630.7 0 0
189 60 49 20634.9 0 0
188 60 49 20639.1 0 0
188 60 49 20643.3 0 0
188 61 49 20647.5 0 0
187 59 49 20651.9 0 0
184 57 49 20656.1 0 0
192 60 49 20660.3 0 0
188 63 49 20664.5 0 0
190 58 49 20668.7 0 0
191 59 49 20672.9 0 0
191 60 49 20677.1 0 0
187 60 49 20681.3 0 0
191 60 49 20685.6 0 0
188 59 49 20689.8 0 0
189 59 49 20694 0 0
187 57 49 20698.2 0 0
190 56 49 20702.4 0 0
186 61 49 20706.6 0 0
189 59 49 20710.8 0 0
186 61 49 20717.8 0 0
189 57 49 20722 0 0
189 61 49 20726.2 0 0
190 58 49 20730.5 0 0
188 56 49 20734.7 0 0
188 63 49 20738.9 0 0
187 58 49 20743.1 0 0
190 67 49 20751.5 0 0
191 66 49 20755.8 0 0
188 68 49 20760 0 0
192 69 49 20764.2 0 0
186 91 49 20768.4 0 0
181 115 48 20772.6 0 0
129 173 48 20776.8 0 0
34 227 45 20781 0 0
34 227 0 20785.2 0 0
34 227 0 20789.4 0 0
34 227 0 20796.3 0 0
34 227 0 20800.6 0 0
34 227 0 20804.8 0 0
34 227 0 20809 0 0
34 227 0 20813.3 0 0
34 227 0 20817.5 0 0
34 227 0 20821.7 0 0
34 227 0 20825.9 0 0
34 227 0 20830.1 0 0
34 227 0 20834.3 0 0
34 227 0 20838.5 0 0
34 227 0 20842.8 0 0
34 227 0 20847 0 0
34 227 0 20851.2 0 0
34 227 0 20855.4 0 0
34 227 0 20859.6 0 0
24 218 49 20889.1 0 0
58 199 49 20893.3 0 0
67 190 49 20897.5 0 0
88 175 49 20901.8 0 0
97 168 50 20906 0 0
102 162 49 20910.2 0 0
111 155 49 20914.4 0 0
112 150 49 20918.7 0 0
111 151 49 20922.9 0 0
113 151 50 20927.1 0 0
112 152 49 20931.3 0 0
114 153 50 20935.6 0 0
114 150 50 20939.8 0 0
112 149 50 20944 0 0
115 151 50 20950.8 0 0
112 150 50 20955.1 0 0
110 152 50 20959.3 0 0
119 147 49 20963.6 0 0
114 151 50 20967.8 0 0
115 147 50 20972 0 0
110 154 50 20976.2 0 0
112 154 50 20980.4 0 0
110 155 50 20984.6 0 0
108 155 50 20988.9 0 0
111 153 50 20993.1 0 0
105 158 50 20997.3 0 0
110 153 50 21001.5 0 0
109 155 50 21005.8 0 0
109 154 50 21010 0 0
109 152 50 21014.2 0 0
114 150 50 21018.4 0 0
109 152 50 21022.6 0 0
114 149 50 21026.8 0 0
113 150 50 21031 0 0
108 152 50 21035.2 0 0
112 154 50 21039.4 0 0
109 154 50 21043.6 0 0
112 155 50 21047.8 0 0
111 154 50 21055 0 0
109 153 50 21063.2 0 0
109 153 50 21071.7 0 0
114 149 50 21079 0 0
110 150 50 21083.3 0 0
100 155 50 21088.2 0 0
99 154 50 21092.5 0 0
99 154 50 21096.7 0 0
101 158 50 21100.9 0 0
103 155 51 21105.1 0 0
100 158 50 21109.3 0 0
104 155 50 21113.5 0 0
104 154 50 21117.8 0 0
103 154 50 21122 0 0
105 153 50 21126.2 0 0
103 154 50 21130.4 0 0
107 153 51 21134.6 0 0
103 152 50 21138.8 0 0
104 156 50 21143 0 0
105 154 51 21147.2 0 0
103 154 50 21151.5 0 0
107 153 50 21155.7 0 0
105 154 51 21159.9 0 0
107 154 51 21164.1 0 0
106 151 51 21168.3 0 0
103 152 51 21172.5 0 0
108 152 51 21176.8 0 0
104 150 51 21181 0 0
104 152 50 21185.2 0 0
108 150 51 21189.5 0 0
105 155 51 21193.7 0 0
105 151 51 21200.6 0 0
102 152 51 21209.1 0 0
105 153 51 21217.4 0 0
105 153 51 21225.6 0 0
105 151 51 21233.8 0 0
104 150 51 21242.3 0 0
102 159 51 21250.6 0 0
102 159 51 21259 0 0
101 158 51 21266.5 0 0
104 152 51 21270.7 0 0
106 152 51 21275.5 0 0
102 152 51 21279.8 0 0
105 152 51 21284 0 0
105 153 51 21288.2 0 0
105 151 51 21292.4 0 0
104 153 51 21296.6 0 0
100 157 51 21300.9 0 0
105 154 51 21305.1 0 0
106 151 51 21309.3 0 0
106 153 51 21313.5 0 0
107 153 51 21317.7 0 0
102 153 51 21321.9 0 0
110 151 51 21326.1 0 0
103 153 51 21330.3 0 0
100 159 51 21334.6 0 0
105 158 51 21338.8 0 0
103 159 51 21343 0 0
99 161 51 21347.2 0 0
104 150 51 21351.5 0 0
102 158 51 21355.7 0 0
102 158 51 21359.9 0 0
108 152 51 21364.1 0 0
108 150 51 21368.3 0 0
101 157 51 21372.5 0 0
107 154 51 21376.7 0 0
103 156 52 21380.9 0 0
103 156 52 21385.1 0 0
98 159 51 21391.5 0 0
104 150 52 21395.7 0 0
101 159 51 21400 0 0
105 151 51 21404.2 0 0
97 161 51 21408.4 0 0
95 161 52 21412.6 0 0
100 159 51 21416.8 0 0
95 160 51 21421 0 0
102 156 51 21425.3 0 0
104 154 51 21429.5 0 0
97 164 51 21433.7 0 0
71 183 51 21438 0 0
31 209 51 21442.2 0 0
8 224 51 21547.7 0 0
44 203 52 21551.9 0 0
60 195 51 21556.2 0 0
67 190 52 21560.4 0 0
80 178 52 21564.6 0 0
87 172 52 21568.8 0 0
94 166 52 21573 0 0
94 163 53 21577.2 0 0
100 158 52 21581.5 0 0
96 162 52 21585.7 0 0
101 159 52 21589.9 0 0
98 164 52 21594.1 0 0
105 153 52 21598.3 0 0
96 163 52 21602.6 0 0
99 161 52 21606.8 0 0
95 162 52 21611 0 0
96 163 52 21615.2 0 0
107 158 52 21619.4 0 0
98 158 52 21623.7 0 0
98 162 52 21627.9 0 0
97 164 52 21632.1 0 0
99 159 52 21636.3 0 0
98 160 52 21640.5 0 0
103 155 52 21644.7 0 0
93 165 52 21648.9 0 0
97 160 52 21653.2 0 0
92 165 52 21657.4 0 0
97 160 52 21661.6 0 0
98 162 52 21665.8 0 0
97 160 52 21670 0 0
99 158 52 21674.3 0 0
98 162 52 21678.5 0 0
98 162 52 21682.7 0 0
102 158 52 21687 0 0
98 162 52 21691.2 0 0
101 161 53 21695.4 0 0
97 161 52 21699.6 0 0
96 160 53 21703.8 0 0
100 157 52 21708 0 0
105 154 52 21712.2 0 0
104 152 52 21716.4 0 0
100 160 52 21720.7 0 0
105 154 52 21724.9 0 0
92 165 53 21729.1 0 0
106 152 52 21733.3 0 0
100 157 52 21737.5 0 0
105 153 52 21741.7 0 0
100 163 52 21746 0 0
103 154 53 21750.2 0 0
96 163 52 21754.4 0 0
101 156 52 21758.6 0 0
95 163 52 21762.8 0 0
103 157 52 21767 0 0
104 154 52 21771.2 0 0
106 155 53 21775.4 0 0
102 156 52 21779.7 0 0
105 153 53 21783.9 0 0
104 154 52 21788.1 0 0
101 154 53 21792.3 0 0
106 154 52 21796.5 0 0
102 157 52 21800.7 0 0
104 167 52 21804.9 0 0
106 154 52 21809.1 0 0
104 155 52 21813.3 0 0
101 155 53 21817.6 0 0
105 153 52 21821.8 0 0
104 153 52 21826 0 0
110 149 52 21830.2 0 0
103 154 52 21834.4 0 0
102 156 52 21838.7 0 0
107 151 52 21842.9 0 0
104 153 52 21847.1 0 0
107 152 52 21851.3 0 0
105 153 52 21855.5 0 0
109 149 53 21859.7 0 0
105 149 53 21864 0 0
106 152 52 21868.2 0 0
109 151 52 21872.4 0 0
110 149 52 21876.6 0 0
103 154 52 21880.8 0 0
101 159 52 21885 0 0
107 154 53 21889.2 0 0
110 147 53 21893.5 0 0
112 146 53 21897.7 0 0
108 154 53 21901.9 0 0
110 146 53 21906.1 0 0
112 147 52 21910.3 0 0
112 147 53 21914.5 0 0
98 161 53 21918.7 0 0
89 174 53 21922.9 0 0
107 150 53 21927.1 0 0
110 146 53 21931.4 0 0
109 147 52 21935.6 0 0
107 149 53 21939.8 0 0
113 147 53 21944 0 0
115 143 53 21948.2 0 0
108 150 53 21952.4 0 0
111 150 53 21956.7 0 0
114 144 53 21960.9 0 0
114 145 53 21965.1 0 0
82 176 52 21969.3 0 0
111 146 53 21973.5 0 0
114 145 52 21977.7 0 0
102 154 53 21982 0 0
110 145 53 21986.2 0 0
109 147 53 21990.4 0 0
107 152 53 21994.7 0 0
110 148 53 21998.9 0 0
107 151 53 22003.1 0 0
96 167 53 22007.3 0 0
109 150 53 22011.5 0 0
109 152 53 22015.7 0 0
114 143 53 22020 0 0
112 146 53 22024.2 0 0
