132 126 46 1008.72 0 0
132 124 46 1012.92 0 0
134 124 46 1017.12 0 0
132 126 46 1021.34 0 0
133 118 46 1025.56 0 0
131 126 46 1032.4 0 0
131 126 46 1036.65 0 0
133 125 46 1040.88 0 0
131 125 46 1045.11 0 0
135 124 46 1049.31 0 0
132 120 46 1053.53 0 0
133 121 46 1057.76 0 0
134 118 46 1061.99 0 0
132 121 46 1066.24 0 0
131 121 46 1070.45 0 0
132 121 45 1074.65 0 0
134 119 46 1078.86 0 0
132 121 46 1083.07 0 0
130 118 46 1087.29 0 0
128 120 46 1091.52 0 0
128 124 46 1095.73 0 0
126 123 46 1100.16 0 0
131 121 46 1104.36 0 0
132 120 46 1108.56 0 0
132 118 46 1112.78 0 0
130 117 46 1116.99 0 0
130 120 46 1121.25 0 0
127 118 46 1125.47 0 0
133 121 46 1132.53 0 0
131 121 46 1136.75 0 0
127 122 46 1140.95 0 0
131 121 46 1145.17 0 0
133 123 46 1149.4 0 0
132 123 46 1153.63 0 0
129 124 46 1157.87 0 0
129 121 46 1162.08 0 0
135 125 46 1166.28 0 0
132 124 46 1170.48 0 0
130 117 46 1174.68 0 0
129 116 46 1178.89 0 0
131 118 46 1183.12 0 0
131 116 46 1187.38 0 0
134 118 46 1191.59 0 0
132 117 46 1195.8 0 0
131 116 46 1200.01 0 0
130 115 46 1204.21 0 0
133 116 46 1208.45 0 0
133 117 46 1212.67 0 0
130 116 46 1216.9 0 0
129 116 46 1221.12 0 0
129 115 46 1225.33 0 0
132 118 46 1229.54 0 0
129 118 46 1236.66 0 0
132 117 46 1240.87 0 0
129 119 46 1245.09 0 0
128 116 46 1249.37 0 0
131 117 46 1253.58 0 0
128 116 46 1257.78 0 0
129 116 46 1261.98 0 0
132 119 46 1266.18 0 0
131 119 46 1270.39 0 0
130 118 46 1274.63 0 0
132 118 46 1278.87 0 0
130 117 46 1283.09 0 0
131 118 46 1287.3 0 0
134 120 46 1291.5 0 0
129 119 46 1295.71 0 0
130 121 46 1299.91 0 0
134 120 46 1304.13 0 0
129 120 46 1308.39 0 0
130 121 46 1312.61 0 0
130 119 46 1316.82 0 0
130 117 46 1321.03 0 0
132 106 46 1325.23 0 0
125 94 46 1329.44 0 0
125 86 46 1336.56 0 0
124 75 46 1340.84 0 0
127 78 46 1345.06 0 0
123 78 46 1349.4 0 0
125 83 46 1353.6 0 0
126 84 46 1357.81 0 0
128 87 46 1362 0 0
125 87 46 1366.23 0 0
130 87 46 1370.46 0 0
126 88 46 1374.69 0 0
128 82 46 1378.93 0 0
127 83 46 1383.15 0 0
123 82 46 1387.36 0 0
123 83 46 1391.57 0 0
125 80 45 1395.78 0 0
129 82 46 1400.03 0 0
124 84 45 1404.26 0 0
127 84 45 1408.47 0 0
126 85 45 1412.69 0 0
129 86 45 1416.89 0 0
127 91 45 1423.97 0 0
130 86 45 1428.19 0 0
127 86 44 1432.42 0 0
131 89 45 1437.26 0 0
125 89 44 1441.47 0 0
128 88 44 1445.67 0 0
127 87 44 1449.87 0 0
125 81 44 1454.07 0 0
130 82 44 1458.29 0 0
125 84 44 1462.51 0 0
124 87 44 1466.76 0 0
129 82 44 1470.96 0 0
129 84 44 1475.17 0 0
127 87 43 1479.39 0 0
128 86 43 1486.41 0 0
128 87 43 1490.64 0 0
125 86 43 1494.86 0 0
127 87 43 1499.09 0 0
125 88 43 1503.3 0 0
131 87 43 1507.52 0 0
127 88 42 1511.72 0 0
127 87 42 1515.92 0 0
128 88 42 1520.14 0 0
130 88 42 1524.37 0 0
125 89 42 1528.6 0 0
128 90 42 1532.83 0 0
125 89 42 1537.05 0 0
129 92 42 1541.25 0 0
129 93 42 1545.46 0 0
127 89 41 1549.65 0 0
128 91 41 1553.87 0 0
126 94 42 1558.09 0 0
127 88 41 1562.31 0 0
130 92 41 1566.53 0 0
125 89 41 1570.74 0 0
126 88 41 1574.94 0 0
127 92 41 1579.14 0 0
124 90 41 1586.32 0 0
125 93 40 1594.56 0 0
129 94 41 1602.82 0 0
126 94 40 1611.07 0 0
126 93 40 1619.55 0 0
124 92 40 1627.81 0 0
124 92 40 1636.03 0 0
127 95 40 1643.88 0 0
126 100 40 1648.09 0 0
125 94 40 1652.78 0 0
126 97 39 1657.04 0 0
123 94 40 1661.28 0 0
123 95 40 1665.48 0 0
125 96 40 1669.69 0 0
125 98 40 1673.89 0 0
125 97 39 1678.1 0 0
127 97 40 1682.36 0 0
122 98 39 1686.61 0 0
125 100 39 1690.82 0 0
126 96 39 1695.03 0 0
128 98 39 1699.25 0 0
124 100 39 1703.46 0 0
126 98 39 1707.67 0 0
125 98 39 1711.9 0 0
126 98 39 1716.18 0 0
126 96 39 1720.4 0 0
125 98 39 1724.62 0 0
124 98 39 1728.83 0 0
126 98 39 1733.03 0 0
126 96 39 1737.23 0 0
125 96 39 1744.42 0 0
127 98 39 1752.66 0 0
127 98 39 1761.16 0 0
126 96 39 1768.88 0 0
125 97 39 1773.11 0 0
124 96 39 1777.65 0 0
122 100 39 1781.89 0 0
124 96 39 1786.23 0 0
127 99 39 1790.43 0 0
123 96 39 1794.64 0 0
123 95 39 1798.84 0 0
124 99 39 1803.06 0 0
127 96 39 1807.3 0 0
121 97 39 1811.53 0 0
125 98 39 1815.81 0 0
126 94 38 1820.02 0 0
125 98 39 1824.22 0 0
125 98 39 1828.42 0 0
125 98 39 1832.64 0 0
124 100 38 1836.87 0 0
125 94 38 1841.12 0 0
122 98 38 1845.35 0 0
125 98 38 1849.58 0 0
124 100 38 1853.8 0 0
124 100 39 1858 0 0
128 98 38 1862.21 0 0
125 100 38 1866.42 0 0
127 101 38 1873.31 0 0
123 98 39 1877.56 0 0
127 101 38 1881.81 0 0
123 98 38 1886.05 0 0
123 98 38 1890.27 0 0
121 97 38 1894.47 0 0
123 96 39 1898.7 0 0
125 100 39 1902.95 0 0
127 96 39 1907.18 0 0
129 100 38 1911.4 0 0
131 104 39 1915.6 0 0
133 104 39 1919.8 0 0
129 103 38 1924 0 0
126 103 38 1928.23 0 0
128 100 38 1932.46 0 0
130 101 38 1936.68 0 0
132 102 38 1940.9 0 0
127 100 38 1945.1 0 0
131 96 38 1949.31 0 0
131 100 39 1953.52 0 0
132 103 38 1957.73 0 0
128 102 39 1961.96 0 0
130 100 38 1966.2 0 0
129 98 39 1970.42 0 0
129 99 39 1974.64 0 0
129 99 38 1978.84 0 0
130 101 39 1985.92 0 0
127 96 38 1990.13 0 0
129 100 39 1994.37 0 0
127 99 38 1998.6 0 0
128 104 39 2002.81 0 0
127 100 39 2007.02 0 0
129 101 38 2011.22 0 0
126 101 39 2015.42 0 0
128 100 39 2019.66 0 0
126 98 39 2023.88 0 0
126 99 39 2028.13 0 0
130 101 38 2032.38 0 0
130 101 38 2036.59 0 0
128 99 39 2040.79 0 0
128 99 39 2045.01 0 0
127 99 39 2049.21 0 0
129 100 39 2053.5 0 0
128 101 39 2057.73 0 0
126 98 39 2061.97 0 0
131 100 39 2069.09 0 0
131 101 39 2073.35 0 0
127 100 39 2077.57 0 0
128 100 39 2081.77 0 0
129 99 39 2085.98 0 0
127 98 39 2090.21 0 0
127 102 39 2094.44 0 0
128 97 39 2098.65 0 0
127 96 39 2102.85 0 0
126 99 39 2107.05 0 0
127 95 39 2111.25 0 0
127 99 39 2115.46 0 0
129 97 39 2119.7 0 0
127 95 40 2123.92 0 0
128 100 40 2128.12 0 0
127 98 40 2132.34 0 0
128 102 40 2136.55 0 0
129 100 39 2140.75 0 0
126 99 40 2144.97 0 0
128 98 40 2149.19 0 0
129 99 40 2153.42 0 0
126 95 40 2157.63 0 0
128 99 40 2161.84 0 0
129 98 40 2166.05 0 0
128 94 40 2170.25 0 0
129 95 40 2174.45 0 0
128 96 40 2178.67 0 0
128 95 40 2185.74 0 0
126 97 40 2189.97 0 0
127 96 40 2194.18 0 0
130 99 40 2198.39 0 0
125 100 41 2202.59 0 0
129 97 40 2206.81 0 0
130 98 40 2211.02 0 0
127 95 40 2215.26 0 0
128 97 41 2219.48 0 0
129 96 41 2223.7 0 0
128 95 41 2227.91 0 0
128 96 40 2232.12 0 0
127 95 41 2236.32 0 0
126 97 41 2240.54 0 0
127 96 41 2244.98 0 0
129 95 41 2249.22 0 0
126 96 41 2253.45 0 0
125 94 41 2257.67 0 0
127 96 41 2261.87 0 0
127 92 41 2266.07 0 0
127 92 41 2270.28 0 0
124 95 41 2277.15 0 0
128 92 41 2281.44 0 0
127 91 41 2285.72 0 0
127 95 42 2289.93 0 0
127 91 41 2294.13 0 0
125 90 42 2298.33 0 0
127 92 42 2302.55 0 0
128 92 41 2306.79 0 0
125 93 42 2311.02 0 0
127 89 42 2315.24 0 0
127 91 42 2319.45 0 0
126 91 42 2323.67 0 0
127 91 42 2327.87 0 0
125 91 42 2332.08 0 0
129 91 42 2336.28 0 0
126 91 42 2340.53 0 0
125 89 42 2344.75 0 0
128 89 42 2348.96 0 0
128 90 42 2353.16 0 0
125 92 42 2357.37 0 0
126 91 42 2361.63 0 0
128 90 42 2365.84 0 0
126 89 42 2370.07 0 0
128 91 42 2374.36 0 0
126 91 42 2378.58 0 0
125 90 42 2382.81 0 0
125 89 43 2389.54 0 0
128 90 43 2393.77 0 0
125 89 42 2398.02 0 0
130 88 43 2402.26 0 0
125 87 43 2406.6 0 0
127 87 43 2410.81 0 0
128 88 43 2415.06 0 0
124 89 43 2419.28 0 0
125 88 43 2423.49 0 0
129 87 43 2427.72 0 0
123 84 43 2431.95 0 0
126 86 43 2436.18 0 0
128 91 43 2440.41 0 0
125 84 43 2444.63 0 0
125 87 43 2448.84 0 0
125 90 43 2453.06 0 0
123 86 43 2457.28 0 0
123 87 43 2461.52 0 0
126 88 43 2465.79 0 0
127 87 43 2470.01 0 0
125 85 43 2477.18 0 0
126 87 43 2485.2 0 0
125 87 43 2493.69 0 0
126 89 43 2502.15 0 0
128 90 43 2510.44 0 0
124 87 44 2518.65 0 0
124 87 44 2526.91 0 0
127 85 43 2534.52 0 0
122 88 43 2538.73 0 0
124 91 44 2543.62 0 0
125 91 44 2547.85 0 0
127 86 43 2552.11 0 0
126 89 44 2556.34 0 0
127 91 44 2560.57 0 0
125 85 43 2564.79 0 0
126 89 44 2569.01 0 0
127 91 44 2573.21 0 0
128 89 43 2577.41 0 0
125 89 44 2581.63 0 0
128 87 44 2585.89 0 0
125 88 44 2590.13 0 0
126 84 44 2594.36 0 0
128 88 44 2598.57 0 0
127 84 44 2602.79 0 0
127 87 44 2607 0 0
125 84 43 2611.21 0 0
126 85 44 2615.43 0 0
128 88 44 2619.66 0 0
126 87 44 2623.88 0 0
129 88 44 2628.1 0 0
126 91 44 2632.31 0 0
131 95 44 2636.54 0 0
135 103 44 2640.74 0 0
132 108 43 2644.95 0 0
131 111 43 2652.01 0 0
132 106 44 2656.23 0 0
130 102 44 2660.44 0 0
131 102 43 2664.64 0 0
133 103 44 2668.85 0 0
130 101 44 2673.05 0 0
128 99 44 2677.26 0 0
131 100 44 2681.48 0 0
128 106 44 2685.71 0 0
129 103 44 2689.92 0 0
131 111 44 2694.13 0 0
129 113 44 2698.34 0 0
127 110 44 2702.54 0 0
130 113 44 2706.85 0 0
130 108 44 2711.06 0 0
132 107 44 2715.31 0 0
132 110 44 2719.53 0 0
130 107 44 2723.76 0 0
128 107 43 2727.96 0 0
131 108 43 2732.16 0 0
128 108 44 2736.38 0 0
130 106 43 2740.6 0 0
131 107 44 2744.83 0 0
130 109 44 2751.9 0 0
129 107 44 2756.11 0 0
130 108 44 2760.31 0 0
130 109 44 2764.51 0 0
131 107 44 2768.71 0 0
132 108 44 2772.93 0 0
132 106 44 2777.16 0 0
134 101 44 2781.4 0 0
129 109 44 2785.61 0 0
131 100 44 2789.82 0 0
128 103 44 2794.04 0 0
130 101 44 2798.24 0 0
128 100 44 2802.46 0 0
129 109 44 2806.68 0 0
131 106 44 2810.9 0 0
129 108 44 2815.12 0 0
127 106 44 2819.33 0 0
132 106 44 2823.54 0 0
131 110 44 2827.74 0 0
132 107 44 2831.94 0 0
131 106 44 2836.21 0 0
131 105 44 2840.46 0 0
131 112 44 2844.71 0 0
130 117 44 2848.92 0 0
133 119 44 2855.81 0 0
132 123 44 2860.05 0 0
131 121 44 2864.52 0 0
135 121 44 2868.74 0 0
132 117 44 2872.97 0 0
132 117 44 2877.2 0 0
131 117 44 2881.42 0 0
129 119 43 2885.63 0 0
129 119 44 2889.83 0 0
130 121 44 2894.04 0 0
130 120 44 2898.25 0 0
130 121 44 2902.5 0 0
130 124 44 2906.73 0 0
132 120 44 2910.94 0 0
129 121 44 2915.14 0 0
129 120 44 2919.34 0 0
130 120 44 2923.55 0 0
129 122 44 2927.78 0 0
128 116 44 2932.01 0 0
131 120 44 2936.25 0 0
129 121 44 2940.49 0 0
131 121 44 2944.7 0 0
129 116 44 2948.9 0 0
130 119 44 2955.72 0 0
128 120 44 2959.98 0 0
128 121 44 2964.24 0 0
130 117 44 2968.49 0 0
135 121 44 2972.76 0 0
130 120 44 2976.98 0 0
131 122 44 2981.18 0 0
128 119 44 2985.38 0 0
130 119 44 2989.6 0 0
129 120 44 2993.81 0 0
129 119 44 2998.03 0 0
128 121 44 3002.25 0 0
131 126 44 3006.46 0 0
130 123 44 3010.67 0 0
130 125 44 3014.87 0 0
129 120 44 3019.07 0 0
132 123 44 3023.28 0 0
130 124 44 3027.53 0 0
134 120 44 3031.75 0 0
132 125 44 3035.98 0 0
131 118 44 3040.19 0 0
130 121 44 3044.4 0 0
132 124 44 3048.6 0 0
130 122 44 3052.9 0 0
131 124 45 3057.21 0 0
131 124 45 3061.47 0 0
133 119 44 3065.77 0 0
132 124 44 3069.98 0 0
134 118 44 3074.19 0 0
132 122 45 3078.4 0 0
133 119 45 3082.61 0 0
128 127 44 3086.83 0 0
131 119 44 3091.09 0 0
130 127 45 3095.3 0 0
132 128 45 3099.64 0 0
132 128 45 3103.86 0 0
132 125 44 3108.06 0 0
132 127 45 3112.28 0 0
131 124 45 3116.5 0 0
129 120 44 3120.72 0 0
131 122 45 3124.97 0 0
129 117 45 3129.19 0 0
131 122 45 3133.39 0 0
132 122 45 3137.6 0 0
130 118 45 3141.8 0 0
129 124 45 3146.01 0 0
130 119 45 3150.23 0 0
131 118 45 3154.47 0 0
132 122 45 3158.7 0 0
131 121 45 3162.91 0 0
130 119 45 3167.11 0 0
129 121 45 3171.32 0 0
129 120 45 3175.54 0 0
131 125 45 3179.76 0 0
129 119 45 3184.01 0 0
129 122 45 3188.25 0 0
132 121 45 3192.46 0 0
132 121 45 3196.66 0 0
128 123 45 3200.86 0 0
131 119 45 3205.06 0 0
129 123 45 3209.28 0 0
130 121 45 3213.5 0 0
130 118 45 3217.74 0 0
132 121 45 3221.96 0 0
133 119 45 3226.17 0 0
130 119 45 3230.37 0 0
133 121 45 3234.58 0 0
130 117 45 3238.79 0 0
127 121 45 3243.01 0 0
129 123 45 3247.26 0 0
130 119 45 3251.48 0 0
129 124 45 3255.71 0 0
128 122 45 3259.91 0 0
130 120 45 3264.13 0 0
128 123 45 3268.36 0 0
130 122 45 3272.58 0 0
130 121 45 3276.8 0 0
130 123 45 3281.05 0 0
132 117 45 3285.26 0 0
128 121 45 3289.47 0 0
133 122 45 3293.67 0 0
134 115 45 3297.88 0 0
130 122 45 3302.11 0 0
130 119 45 3306.33 0 0
129 121 45 3310.57 0 0
130 122 45 3314.8 0 0
134 119 45 3319.01 0 0
127 124 45 3323.21 0 0
130 119 45 3327.42 0 0
133 122 45 3331.63 0 0
130 123 45 3335.84 0 0
133 122 45 3340.1 0 0
133 125 45 3344.35 0 0
130 121 45 3348.57 0 0
133 122 45 3352.8 0 0
132 118 45 3357 0 0
131 122 45 3361.2 0 0
131 119 45 3365.45 0 0
131 123 45 3369.68 0 0
130 120 45 3373.92 0 0
130 119 45 3378.13 0 0
130 122 45 3382.34 0 0
129 119 45 3386.55 0 0
129 120 45 3390.75 0 0
133 123 45 3394.96 0 0
132 120 45 3399.18 0 0
128 119 45 3403.49 0 0
131 123 45 3407.73 0 0
129 120 45 3411.96 0 0
129 121 45 3416.16 0 0
132 123 45 3420.36 0 0
128 119 45 3424.57 0 0
128 119 45 3428.79 0 0
131 125 45 3433.01 0 0
130 119 45 3437.26 0 0
130 117 45 3441.47 0 0
129 117 45 3445.68 0 0
131 121 45 3449.88 0 0
134 119 45 3454.09 0 0
130 118 45 3458.3 0 0
132 121 45 3462.52 0 0
131 118 45 3466.76 0 0
130 121 45 3470.98 0 0
133 118 45 3475.19 0 0
130 115 45 3479.39 0 0
132 126 45 3483.59 0 0
130 122 45 3487.8 0 0
131 124 45 3492.03 0 0
133 122 45 3496.28 0 0
130 124 45 3500.51 0 0
131 125 45 3504.72 0 0
130 122 45 3508.92 0 0
129 124 45 3513.12 0 0
132 124 45 3517.33 0 0
131 122 45 3521.56 0 0
129 123 45 3525.8 0 0
131 125 45 3530.03 0 0
129 124 45 3534.25 0 0
129 122 45 3538.48 0 0
130 123 45 3542.71 0 0
131 126 45 3546.91 0 0
129 123 45 3551.15 0 0
130 124 45 3555.39 0 0
129 123 45 3559.62 0 0
130 125 45 3563.83 0 0
130 124 45 3568.06 0 0
130 123 45 3572.27 0 0
127 123 45 3576.47 0 0
127 122 45 3580.67 0 0
131 124 45 3584.88 0 0
130 123 45 3589.1 0 0
130 124 45 3593.37 0 0
131 123 45 3597.59 0 0
130 123 45 3601.8 0 0
130 124 45 3606 0 0
132 123 45 3610.2 0 0
130 125 45 3614.44 0 0
130 123 45 3618.68 0 0
128 122 45 3622.93 0 0
127 125 45 3627.16 0 0
130 122 45 3631.37 0 0
131 125 45 3635.57 0 0
131 124 45 3639.98 0 0
131 123 45 3644.19 0 0
132 125 45 3648.41 0 0
127 121 45 3652.65 0 0
132 124 45 3656.89 0 0
129 126 45 3661.1 0 0
129 124 45 3665.33 0 0
130 125 45 3669.53 0 0
130 123 45 3673.74 0 0
133 124 45 3677.97 0 0
130 123 45 3682.21 0 0
128 122 45 3686.44 0 0
131 119 45 3690.67 0 0
131 120 45 3694.88 0 0
130 120 45 3699.08 0 0
131 119 45 3703.28 0 0
128 122 45 3707.49 0 0
131 117 45 3711.71 0 0
129 122 45 3715.95 0 0
129 121 45 3720.17 0 0
129 120 45 3724.38 0 0
129 122 45 3728.6 0 0
127 120 45 3732.81 0 0
127 120 45 3737.01 0 0
130 117 45 3741.22 0 0
131 121 45 3745.44 0 0
126 117 45 3749.67 0 0
131 116 45 3753.88 0 0
128 120 45 3758.08 0 0
130 119 45 3762.29 0 0
130 116 45 3766.49 0 0
129 121 45 3770.71 0 0
131 122 45 3774.93 0 0
132 121 45 3779.18 0 0
130 124 45 3783.4 0 0
131 124 45 3787.62 0 0
131 120 45 3791.82 0 0
129 125 45 3796.02 0 0
132 123 45 3800.23 0 0
128 120 45 3804.45 0 0
131 123 45 3808.69 0 0
132 121 45 3812.93 0 0
126 123 45 3817.14 0 0
129 120 45 3821.35 0 0
129 118 45 3825.55 0 0
130 118 45 3829.75 0 0
131 116 45 3833.95 0 0
126 123 45 3838.17 0 0
131 115 45 3842.4 0 0
129 117 45 3846.6 0 0
129 120 45 3850.83 0 0
128 118 45 3855.07 0 0
129 121 45 3859.27 0 0
130 123 45 3863.48 0 0
130 120 45 3867.71 0 0
129 123 45 3871.95 0 0
126 124 45 3876.17 0 0
130 120 45 3880.4 0 0
132 124 45 3884.62 0 0
132 120 45 3888.83 0 0
133 122 45 3893.03 0 0
131 122 45 3897.26 0 0
132 120 45 3901.49 0 0
129 122 45 3905.73 0 0
130 121 46 3909.94 0 0
130 118 45 3914.14 0 0
129 123 45 3918.34 0 0
128 119 45 3922.56 0 0
131 121 45 3926.79 0 0
128 120 46 3931.01 0 0
129 118 45 3935.25 0 0
131 123 45 3939.47 0 0
128 118 45 3943.67 0 0
132 121 45 3947.88 0 0
132 118 45 3952.08 0 0
132 121 45 3956.28 0 0
133 118 45 3960.5 0 0
130 118 46 3964.73 0 0
131 117 45 3971.69 0 0
133 120 45 3975.91 0 0
133 120 45 3980.11 0 0
130 119 45 3984.32 0 0
131 121 45 3988.52 0 0
133 120 45 3992.74 0 0
131 122 46 3996.99 0 0
133 121 46 4001.22 0 0
132 118 45 4005.43 0 0
131 117 45 4009.64 0 0
129 118 45 4013.85 0 0
129 118 45 4018.05 0 0
130 119 45 4022.26 0 0
130 118 45 4026.48 0 0
132 117 45 4030.75 0 0
131 119 46 4034.98 0 0
132 119 45 4039.18 0 0
131 120 45 4043.39 0 0
129 119 45 4047.6 0 0
128 116 45 4051.82 0 0
131 119 45 4056.05 0 0
131 118 45 4060.28 0 0
128 118 46 4064.51 0 0
132 122 45 4071.37 0 0
131 124 45 4075.6 0 0
130 118 45 4079.8 0 0
132 122 45 4084.01 0 0
130 120 46 4088.23 0 0
132 118 45 4092.48 0 0
130 122 45 4096.69 0 0
126 118 45 4100.9 0 0
132 118 45 4105.1 0 0
128 119 46 4109.3 0 0
130 120 45 4113.56 0 0
135 122 45 4117.78 0 0
134 119 45 4122.02 0 0
133 120 45 4126.23 0 0
130 123 45 4130.45 0 0
129 121 45 4134.65 0 0
130 122 45 4138.85 0 0
130 124 45 4143.05 0 0
128 123 45 4147.26 0 0
132 122 45 4151.48 0 0
131 123 46 4155.71 0 0
128 114 45 4159.94 0 0
135 117 45 4164.15 0 0
135 117 45 4168.35 0 0
129 117 45 4175.4 0 0
133 114 45 4179.64 0 0
132 119 45 4183.89 0 0
131 117 45 4188.12 0 0
127 117 46 4192.34 0 0
129 118 45 4196.54 0 0
129 116 46 4200.75 0 0
131 115 46 4204.95 0 0
132 119 45 4209.17 0 0
130 118 45 4213.39 0 0
128 118 45 4217.61 0 0
135 117 46 4221.83 0 0
130 116 45 4226.15 0 0
130 115 45 4230.35 0 0
131 115 45 4234.56 0 0
130 117 45 4238.77 0 0
130 117 46 4243.23 0 0
131 115 46 4247.49 0 0
130 117 45 4251.71 0 0
133 117 45 4255.92 0 0
131 113 45 4260.12 0 0
132 117 45 4264.32 0 0
130 117 45 4268.52 0 0
132 118 46 4272.75 0 0
130 115 46 4276.97 0 0
128 116 45 4281.23 0 0
131 117 45 4285.44 0 0
131 118 45 4289.64 0 0
131 114 46 4293.84 0 0
128 115 46 4298.04 0 0
130 115 45 4302.26 0 0
131 119 46 4306.48 0 0
131 116 46 4310.76 0 0
130 119 45 4314.96 0 0
127 116 46 4319.18 0 0
133 114 46 4323.39 0 0
132 115 46 4327.61 0 0
132 116 46 4331.82 0 0
127 117 46 4336.04 0 0
131 117 46 4340.31 0 0
130 113 46 4344.56 0 0
132 118 45 4348.84 0 0
132 115 46 4353.05 0 0
125 120 46 4357.25 0 0
132 121 46 4361.45 0 0
131 120 46 4365.66 0 0
130 120 45 4369.88 0 0
132 120 46 4374.27 0 0
130 121 46 4378.48 0 0
131 112 46 4382.7 0 0
130 122 46 4386.92 0 0
128 115 46 4391.13 0 0
132 118 46 4395.34 0 0
128 115 46 4399.55 0 0
132 118 46 4403.8 0 0
129 118 46 4408 0 0
131 118 45 4412.22 0 0
131 117 46 4416.44 0 0
129 114 46 4420.65 0 0
129 115 46 4424.86 0 0
133 117 46 4429.07 0 0
128 118 46 4433.27 0 0
131 115 46 4437.48 0 0
132 116 46 4441.69 0 0
129 118 46 4445.92 0 0
128 116 46 4450.16 0 0
131 117 46 4454.38 0 0
130 118 46 4458.6 0 0
131 116 46 4462.82 0 0
131 117 46 4467.05 0 0
131 116 46 4471.27 0 0
130 115 46 4475.48 0 0
127 118 46 4479.68 0 0
130 113 46 4483.87 0 0
128 118 46 4488.08 0 0
132 115 46 4492.29 0 0
128 116 46 4496.53 0 0
131 115 46 4500.75 0 0
131 123 46 4504.96 0 0
128 116 46 4509.17 0 0
133 116 46 4513.39 0 0
128 115 46 4517.59 0 0
130 116 46 4521.82 0 0
129 116 46 4526.04 0 0
128 115 46 4530.26 0 0
129 117 46 4534.47 0 0
132 116 46 4538.68 0 0
127 114 46 4542.88 0 0
128 118 46 4547.08 0 0
130 115 46 4551.29 0 0
128 116 46 4555.54 0 0
129 119 46 4559.79 0 0
130 114 46 4564 0 0
131 117 46 4568.22 0 0
129 117 46 4572.42 0 0
130 116 46 4576.63 0 0
129 117 46 4580.83 0 0
125 116 46 4585.05 0 0
128 116 46 4589.27 0 0
131 117 46 4593.51 0 0
128 118 46 4597.71 0 0
126 117 46 4601.91 0 0
128 116 46 4606.11 0 0
131 117 46 4610.31 0 0
129 120 46 4614.53 0 0
131 117 46 4618.74 0 0
130 119 46 4622.97 0 0
129 118 46 4627.19 0 0
131 119 46 4631.41 0 0
127 118 46 4635.61 0 0
129 118 46 4639.81 0 0
129 118 46 4644.02 0 0
130 119 45 4648.22 0 0
132 120 46 4652.46 0 0
128 121 46 4656.69 0 0
129 120 46 4660.9 0 0
132 121 46 4665.1 0 0
136 116 47 4669.3 0 0
149 113 47 4673.5 0 0
157 107 48 4677.71 0 0
166 106 48 4681.91 0 0
173 112 48 4686.11 0 0
177 105 47 4690.34 0 0
187 107 47 4694.57 0 0
195 107 46 4698.79 0 0
202 107 45 4703.05 0 0
201 106 45 4707.27 0 0
208 104 45 4711.48 0 0
210 94 44 4715.74 0 0
213 92 44 4719.97 0 0
217 91 43 4724.18 0 0
215 83 43 4728.38 0 0
217 88 43 4732.59 0 0
215 90 43 4736.79 0 0
218 90 43 4741.01 0 0
216 86 43 4745.26 0 0
217 85 43 4749.48 0 0
214 82 44 4753.69 0 0
216 85 44 4757.9 0 0
219 88 44 4762.1 0 0
217 92 44 4766.3 0 0
220 91 44 4770.52 0 0
216 86 44 4774.74 0 0
216 83 43 4778.96 0 0
221 91 43 4783.18 0 0
218 88 43 4787.4 0 0
221 92 44 4791.62 0 0
219 91 43 4795.82 0 0
216 87 43 4800.03 0 0
221 92 44 4804.25 0 0
219 87 43 4808.5 0 0
219 91 44 4812.72 0 0
215 90 44 4816.94 0 0
219 89 44 4821.14 0 0
222 94 44 4825.34 0 0
217 92 44 4829.54 0 0
219 93 44 4833.75 0 0
218 93 44 4837.97 0 0
219 96 44 4842.18 0 0
221 92 44 4846.39 0 0
219 95 44 4850.6 0 0
218 94 44 4854.8 0 0
217 88 44 4859 0 0
217 88 0 4863.2 0 0
217 84 44 4867.42 0 0
216 89 44 4871.65 0 0
217 84 44 4875.86 0 0
216 84 44 4880.08 0 0
218 96 44 4884.3 0 0
216 90 44 4888.5 0 0
220 93 44 4892.71 0 0
217 92 44 4896.92 0 0
217 92 44 4901.14 0 0
219 93 44 4905.37 0 0
220 93 44 4909.61 0 0
218 92 44 4913.82 0 0
218 92 44 4918.02 0 0
218 92 44 4922.22 0 0
218 92 44 4928.99 0 0
218 92 44 4933.29 0 0
216 92 44 4937.51 0 0
218 94 44 4941.72 0 0
220 92 44 4945.93 0 0
216 93 44 4950.13 0 0
218 92 44 4954.33 0 0
217 93 44 4958.54 0 0
220 94 44 4962.76 0 0
219 92 44 4966.98 0 0
218 89 44 4971.18 0 0
218 89 44 4975.4 0 0
218 89 44 4979.6 0 0
221 92 44 4983.8 0 0
219 93 44 4988.02 0 0
220 90 44 4992.24 0 0
218 94 44 4996.48 0 0
219 93 44 5000.71 0 0
217 91 44 5004.98 0 0
219 92 44 5009.19 0 0
220 93 44 5013.39 0 0
214 87 43 5017.59 0 0
219 90 44 5021.81 0 0
220 90 44 5026.03 0 0
217 89 43 5030.27 0 0
215 99 43 5034.48 0 0
202 100 44 5041.38 0 0
194 98 44 5045.61 0 0
181 107 45 5049.85 0 0
172 109 45 5054.06 0 0
163 116 45 5058.32 0 0
155 118 45 5062.53 0 0
149 133 45 5066.75 0 0
143 134 46 5070.95 0 0
144 137 46 5075.15 0 0
140 137 46 5079.35 0 0
145 141 46 5083.56 0 0
143 138 46 5087.78 0 0
143 136 46 5092 0 0
139 139 45 5096.2 0 0
138 138 45 5100.41 0 0
138 137 45 5104.61 0 0
136 138 45 5108.81 0 0
137 143 45 5113.02 0 0
139 132 45 5117.24 0 0
138 140 45 5121.48 0 0
140 138 44 5125.71 0 0
138 143 45 5129.92 0 0
137 141 45 5134.13 0 0
140 143 45 5138.33 0 0
138 142 44 5142.53 0 0
140 142 45 5146.74 0 0
135 139 44 5150.96 0 0
142 141 45 5158.01 0 0
138 141 44 5162.22 0 0
138 137 44 5166.42 0 0
135 140 44 5170.62 0 0
137 138 44 5174.84 0 0
139 137 44 5179.06 0 0
139 140 44 5183.3 0 0
137 139 44 5187.53 0 0
138 138 44 5191.74 0 0
137 136 44 5195.94 0 0
138 138 44 5200.14 0 0
137 141 44 5204.34 0 0
139 139 44 5208.56 0 0
138 139 44 5212.79 0 0
140 138 44 5217.03 0 0
137 135 44 5221.27 0 0
138 137 44 5225.49 0 0
137 138 44 5229.69 0 0
134 135 44 5233.89 0 0
136 140 44 5238.1 0 0
128 136 44 5242.32 0 0
129 129 44 5246.56 0 0
126 129 44 5250.78 0 0
126 123 44 5254.99 0 0
126 123 44 5261.91 0 0
127 125 44 5268.93 0 0
133 131 44 5273.14 0 0
131 132 44 5278.66 0 0
130 131 44 5282.89 0 0
132 133 44 5287.1 0 0
127 130 44 5291.31 0 0
128 128 44 5295.51 0 0
125 129 43 5299.71 0 0
127 126 44 5303.94 0 0
126 126 43 5308.16 0 0
127 127 43 5312.4 0 0
130 128 44 5316.61 0 0
126 131 44 5320.81 0 0
129 129 44 5325.01 0 0
129 130 44 5329.21 0 0
126 129 44 5333.43 0 0
131 131 44 5337.67 0 0
129 129 44 5341.9 0 0
128 130 44 5346.15 0 0
128 132 44 5350.36 0 0
132 133 43 5354.57 0 0
128 126 44 5358.77 0 0
128 127 43 5362.99 0 0
130 127 44 5367.21 0 0
127 128 44 5371.46 0 0
126 127 44 5375.68 0 0
128 127 44 5382.58 0 0
132 128 44 5386.82 0 0
129 127 43 5391.07 0 0
129 128 44 5395.29 0 0
126 127 44 5399.55 0 0
126 129 44 5403.8 0 0
128 126 43 5408.02 0 0
128 127 44 5412.23 0 0
131 129 44 5416.44 0 0
129 125 44 5420.64 0 0
125 127 44 5424.84 0 0
129 125 44 5429.05 0 0
129 130 44 5433.3 0 0
125 125 44 5437.53 0 0
127 125 43 5441.75 0 0
128 129 44 5445.96 0 0
130 128 44 5450.16 0 0
130 129 44 5454.36 0 0
127 125 44 5458.58 0 0
129 127 43 5462.8 0 0
127 128 44 5467.05 0 0
129 125 44 5471.28 0 0
130 129 44 5475.49 0 0
126 124 44 5479.73 0 0
129 124 43 5483.95 0 0
126 128 44 5488.17 0 0
127 128 44 5492.38 0 0
125 132 44 5499.2 0 0
128 128 43 5503.43 0 0
124 129 43 5507.67 0 0
124 128 44 5511.87 0 0
127 132 43 5516.07 0 0
124 129 43 5520.28 0 0
127 124 44 5524.5 0 0
128 131 43 5528.73 0 0
123 123 43 5532.97 0 0
130 126 43 5537.18 0 0
127 125 43 5541.38 0 0
125 127 43 5545.59 0 0
130 126 43 5549.79 0 0
124 126 44 5554 0 0
128 127 43 5558.23 0 0
129 125 43 5562.48 0 0
126 125 43 5566.7 0 0
128 127 43 5570.9 0 0
132 133 43 5575.1 0 0
127 125 43 5579.3 0 0
128 126 43 5583.54 0 0
126 121 43 5587.76 0 0
129 126 43 5591.99 0 0
129 124 43 5596.19 0 0
126 129 43 5600.41 0 0
128 128 43 5604.62 0 0
128 125 43 5608.83 0 0
128 128 43 5613.03 0 0
127 127 43 5617.25 0 0
127 127 43 5621.51 0 0
129 128 43 5628.43 0 0
126 127 43 5632.64 0 0
126 129 43 5636.84 0 0
127 127 43 5641.04 0 0
128 123 43 5645.24 0 0
132 122 43 5649.46 0 0
131 114 43 5653.69 0 0
133 100 43 5657.92 0 0
129 92 43 5662.16 0 0
128 93 43 5666.36 0 0
125 84 43 5670.58 0 0
126 82 43 5674.79 0 0
123 86 43 5679 0 0
123 87 43 5683.26 0 0
124 88 43 5687.48 0 0
124 91 43 5691.69 0 0
125 91 43 5695.9 0 0
125 94 43 5700.1 0 0
128 92 43 5704.3 0 0
121 87 43 5708.53 0 0
124 89 43 5712.74 0 0
124 92 43 5717.04 0 0
125 85 43 5721.25 0 0
123 89 43 5725.46 0 0
124 81 43 5729.66 0 0
126 80 43 5736.45 0 0
123 83 43 5740.7 0 0
121 84 43 5744.98 0 0
125 83 43 5749.22 0 0
127 87 43 5753.44 0 0
127 85 43 5757.65 0 0
126 84 43 5761.85 0 0
124 91 43 5766.05 0 0
126 85 43 5770.25 0 0
123 84 43 5774.47 0 0
125 84 43 5778.7 0 0
125 83 43 5782.92 0 0
123 83 43 5787.13 0 0
124 84 43 5791.33 0 0
123 80 43 5795.54 0 0
125 83 43 5799.76 0 0
123 83 43 5803.98 0 0
127 84 43 5808.23 0 0
125 83 43 5812.47 0 0
127 84 43 5816.69 0 0
125 84 43 5820.89 0 0
127 83 43 5825.09 0 0
125 84 43 5829.29 0 0
123 84 43 5833.51 0 0
126 85 43 5837.73 0 0
126 85 43 5841.97 0 0
128 82 44 5847.08 0 0
125 84 43 5851.28 0 0
124 82 43 5855.48 0 0
125 85 43 5859.7 0 0
127 84 43 5863.91 0 0
123 86 43 5868.13 0 0
126 85 43 5872.36 0 0
122 85 43 5876.57 0 0
126 84 44 5880.79 0 0
124 84 43 5885 0 0
126 86 43 5889.22 0 0
124 85 43 5893.42 0 0
125 83 44 5897.64 0 0
127 85 44 5901.87 0 0
126 84 44 5906.1 0 0
125 84 44 5910.33 0 0
128 85 43 5914.54 0 0
126 82 43 5918.76 0 0
128 86 44 5922.97 0 0
124 82 44 5927.19 0 0
121 83 44 5931.41 0 0
128 85 44 5935.66 0 0
126 80 43 5939.89 0 0
129 86 43 5944.09 0 0
130 84 43 5948.31 0 0
125 84 44 5952.52 0 0
129 87 43 5956.73 0 0
126 82 43 5960.94 0 0
126 86 44 5965.17 0 0
123 91 43 5969.4 0 0
124 95 43 5973.61 0 0
125 101 43 5977.82 0 0
126 110 43 5982.02 0 0
128 124 43 5986.24 0 0
130 134 43 5990.46 0 0
126 134 43 5994.69 0 0
128 142 44 5998.93 0 0
126 139 43 6003.14 0 0
126 133 43 6007.34 0 0
128 133 43 6011.55 0 0
125 130 43 6015.75 0 0
125 131 43 6019.95 0 0
129 134 43 6024.18 0 0
125 135 43 6028.43 0 0
128 139 43 6032.65 0 0
126 140 43 6036.86 0 0
130 139 43 6041.07 0 0
126 141 43 6045.26 0 0
131 142 43 6049.47 0 0
126 137 43 6053.8 0 0
129 140 43 6058.05 0 0
127 136 43 6062.27 0 0
129 135 43 6066.49 0 0
125 134 43 6070.7 0 0
128 136 43 6074.91 0 0
126 131 43 6079.11 0 0
127 130 43 6083.34 0 0
125 128 43 6087.56 0 0
128 137 43 6091.79 0 0
124 136 43 6096 0 0
128 133 43 6100.2 0 0
129 132 43 6104.41 0 0
127 134 43 6108.61 0 0
128 135 43 6112.82 0 0
127 138 43 6117.03 0 0
124 132 43 6121.27 0 0
130 135 43 6125.5 0 0
126 133 43 6129.71 0 0
128 133 43 6133.92 0 0
129 134 43 6138.12 0 0
126 133 43 6142.31 0 0
128 130 43 6146.54 0 0
129 132 43 6150.76 0 0
128 134 43 6154.98 0 0
128 132 43 6159.19 0 0
125 132 43 6163.4 0 0
129 134 43 6167.6 0 0
127 134 43 6171.81 0 0
128 133 43 6176.02 0 0
126 134 43 6180.24 0 0
129 133 43 6184.48 0 0
130 136 43 6188.68 0 0
127 135 43 6192.9 0 0
128 133 43 6197.1 0 0
128 135 43 6201.3 0 0
127 132 43 6205.51 0 0
129 134 43 6209.73 0 0
129 135 43 6213.95 0 0
129 134 43 6218.4 0 0
126 131 43 6222.61 0 0
126 131 43 6226.85 0 0
127 130 43 6231.06 0 0
129 131 43 6235.26 0 0
130 132 43 6239.49 0 0
126 133 43 6243.84 0 0
129 132 43 6248.07 0 0
129 135 43 6252.29 0 0
130 134 43 6256.5 0 0
128 133 43 6260.71 0 0
132 134 43 6264.92 0 0
129 137 43 6269.13 0 0
127 133 43 6273.35 0 0
122 133 43 6277.59 0 0
130 130 43 6281.81 0 0
126 139 43 6286.03 0 0
127 138 43 6290.24 0 0
127 139 43 6294.44 0 0
127 141 43 6298.65 0 0
128 138 43 6302.87 0 0
129 141 43 6307.09 0 0
127 138 43 6311.31 0 0
126 133 43 6315.53 0 0
128 133 43 6319.75 0 0
128 133 43 6323.95 0 0
130 134 43 6328.16 0 0
128 135 43 6332.36 0 0
129 133 43 6336.6 0 0
127 133 43 6340.85 0 0
128 140 43 6345.08 0 0
125 141 43 6349.3 0 0
130 139 43 6353.5 0 0
126 138 43 6357.7 0 0
126 136 43 6361.9 0 0
127 136 43 6366.11 0 0
125 139 43 6370.35 0 0
130 135 43 6374.57 0 0
126 136 43 6378.8 0 0
128 138 43 6383.02 0 0
128 135 43 6387.23 0 0
128 135 43 6391.44 0 0
128 137 43 6395.65 0 0
128 137 43 6399.87 0 0
129 132 43 6404.12 0 0
127 134 43 6408.33 0 0
129 143 43 6412.63 0 0
133 140 43 6416.83 0 0
130 134 42 6421.03 0 0
133 141 42 6425.24 0 0
131 163 43 6429.45 0 0
133 197 42 6433.7 0 0
137 183 42 6555.92 0 0
135 157 42 6560.15 0 0
133 139 42 6564.36 0 0
130 127 42 6568.58 0 0
131 129 42 6572.78 0 0
131 118 43 6576.99 0 0
131 126 42 6581.19 0 0
130 126 43 6585.41 0 0
135 128 42 6589.66 0 0
129 120 42 6593.88 0 0
132 125 42 6598.12 0 0
129 128 43 6602.36 0 0
133 125 42 6606.56 0 0
131 128 43 6610.76 0 0
132 128 43 6614.97 0 0
132 132 42 6619.19 0 0
133 125 43 6623.42 0 0
134 122 42 6627.63 0 0
130 127 43 6631.84 0 0
130 126 42 6636.04 0 0
132 124 42 6640.24 0 0
130 129 42 6644.45 0 0
128 125 42 6648.68 0 0
136 129 42 6652.92 0 0
129 130 42 6657.15 0 0
134 123 42 6661.36 0 0
133 126 42 6665.56 0 0
130 124 42 6669.76 0 0
132 124 42 6673.96 0 0
130 125 42 6678.19 0 0
132 123 42 6682.4 0 0
135 131 42 6687.17 0 0
129 130 42 6691.38 0 0
132 129 42 6695.59 0 0
128 125 42 6699.8 0 0
130 125 42 6704.01 0 0
127 126 42 6708.23 0 0
131 127 42 6712.44 0 0
127 128 42 6716.69 0 0
125 127 42 6720.9 0 0
133 129 42 6725.11 0 0
129 123 42 6729.31 0 0
132 132 42 6733.51 0 0
130 123 42 6737.72 0 0
131 123 42 6741.94 0 0
128 124 42 6746.2 0 0
129 123 42 6750.42 0 0
133 123 42 6754.63 0 0
133 129 42 6758.84 0 0
130 123 42 6763.06 0 0
130 123 42 6767.27 0 0
131 131 42 6771.48 0 0
134 123 42 6775.7 0 0
132 123 42 6779.92 0 0
131 131 42 6784.13 0 0
132 131 42 6788.34 0 0
131 123 42 6792.55 0 0
130 129 42 6796.75 0 0
126 126 42 6800.98 0 0
133 127 42 6805.2 0 0
129 125 42 6809.47 0 0
131 126 42 6813.69 0 0
131 125 42 6817.91 0 0
129 126 42 6822.11 0 0
129 125 42 6826.31 0 0
127 124 42 6830.51 0 0
127 124 42 6834.74 0 0
132 125 42 6838.98 0 0
126 129 42 6843.2 0 0
131 125 42 6847.41 0 0
131 128 42 6851.63 0 0
135 130 42 6855.84 0 0
130 119 42 6860.05 0 0
130 123 42 6864.26 0 0
127 121 42 6868.5 0 0
129 123 42 6872.73 0 0
131 124 42 6876.96 0 0
130 123 42 6881.18 0 0
129 121 42 6885.39 0 0
132 124 42 6889.62 0 0
128 124 42 6893.82 0 0
132 122 42 6898.08 0 0
134 131 42 6902.31 0 0
128 122 42 6906.55 0 0
128 131 42 6910.76 0 0
129 127 42 6914.96 0 0
128 127 42 6919.17 0 0
129 125 42 6923.37 0 0
130 127 42 6927.59 0 0
128 125 43 6931.82 0 0
130 126 42 6936.06 0 0
129 127 42 6940.27 0 0
128 125 42 6944.48 0 0
128 127 42 6948.68 0 0
131 125 42 6952.88 0 0
131 127 42 6957.09 0 0
133 128 43 6961.3 0 0
130 125 42 6965.55 0 0
128 121 43 6969.77 0 0
133 120 42 6973.98 0 0
130 123 43 6978.18 0 0
130 121 43 6982.39 0 0
135 121 42 6986.6 0 0
129 120 43 6990.82 0 0
130 120 43 6995.05 0 0
130 118 43 6999.27 0 0
131 124 43 7003.48 0 0
130 126 43 7007.69 0 0
125 124 43 7011.89 0 0
131 124 43 7016.09 0 0
131 127 43 7020.3 0 0
127 124 43 7024.51 0 0
132 125 43 7028.75 0 0
129 126 43 7032.97 0 0
127 124 43 7037.18 0 0
128 124 43 7041.38 0 0
126 125 43 7045.58 0 0
132 125 43 7049.79 0 0
131 128 43 7054.01 0 0
129 127 43 7058.26 0 0
128 125 43 7062.48 0 0
129 127 43 7066.69 0 0
130 127 43 7070.9 0 0
128 125 43 7075.11 0 0
128 123 43 7079.31 0 0
129 120 43 7083.52 0 0
130 125 43 7087.75 0 0
129 123 43 7091.98 0 0
130 124 43 7096.21 0 0
133 125 43 7100.42 0 0
128 122 43 7104.62 0 0
131 125 43 7108.82 0 0
129 124 43 7113.04 0 0
131 124 44 7117.26 0 0
129 126 44 7121.5 0 0
130 125 44 7125.73 0 0
130 127 44 7129.94 0 0
126 125 44 7134.14 0 0
130 127 44 7138.34 0 0
128 125 44 7142.55 0 0
130 127 43 7146.77 0 0
129 127 44 7150.99 0 0
128 127 44 7155.21 0 0
131 126 43 7159.41 0 0
129 130 44 7163.62 0 0
129 123 44 7167.83 0 0
134 123 44 7172.03 0 0
132 124 44 7176.24 0 0
131 125 44 7180.46 0 0
129 124 44 7184.7 0 0
128 125 44 7188.93 0 0
129 126 44 7193.16 0 0
129 124 44 7197.36 0 0
130 126 44 7201.56 0 0
131 126 44 7205.76 0 0
128 124 44 7210.01 0 0
129 127 44 7214.26 0 0
129 122 44 7218.54 0 0
129 125 43 7222.75 0 0
133 123 44 7226.97 0 0
126 123 44 7231.17 0 0
130 124 44 7235.39 0 0
130 124 44 7239.61 0 0
128 122 44 7243.83 0 0
129 124 44 7248.06 0 0
134 127 44 7252.28 0 0
129 123 43 7256.49 0 0
132 126 44 7260.69 0 0
126 125 44 7264.89 0 0
130 124 43 7269.12 0 0
131 127 44 7273.33 0 0
132 126 44 7277.58 0 0
132 124 44 7281.81 0 0
130 126 44 7286.02 0 0
131 125 44 7290.22 0 0
128 127 44 7294.42 0 0
131 127 43 7298.63 0 0
129 124 43 7302.84 0 0
133 126 44 7307.06 0 0
129 125 44 7311.3 0 0
130 124 43 7315.53 0 0
129 125 44 7319.75 0 0
130 126 44 7323.95 0 0
130 125 44 7328.16 0 0
129 124 44 7332.37 0 0
130 128 43 7336.59 0 0
129 124 43 7340.84 0 0
129 125 44 7345.05 0 0
128 124 43 7349.65 0 0
129 122 44 7353.86 0 0
130 124 44 7358.06 0 0
133 123 43 7362.27 0 0
131 125 43 7366.49 0 0
131 120 43 7370.72 0 0
130 126 44 7374.96 0 0
129 125 44 7379.17 0 0
131 124 44 7383.39 0 0
132 125 43 7387.6 0 0
132 124 43 7391.81 0 0
129 120 44 7396.02 0 0
130 124 44 7400.24 0 0
131 124 43 7404.47 0 0
127 121 44 7408.71 0 0
128 125 44 7412.99 0 0
130 124 43 7417.2 0 0
131 124 44 7421.48 0 0
129 123 43 7425.69 0 0
128 122 43 7429.94 0 0
135 133 43 7434.17 0 0
127 120 43 7438.41 0 0
132 120 44 7442.62 0 0
136 132 44 7446.82 0 0
126 120 43 7451.02 0 0
132 123 43 7455.22 0 0
131 131 44 7459.45 0 0
130 121 43 7463.67 0 0
130 119 44 7467.89 0 0
133 121 44 7472.16 0 0
141 120 44 7476.37 0 0
155 119 45 7480.57 0 0
162 113 45 7484.78 0 0
176 116 45 7488.99 0 0
182 112 45 7493.25 0 0
189 112 45 7497.49 0 0
195 106 44 7501.75 0 0
198 110 43 7505.96 0 0
210 105 42 7510.16 0 0
214 101 42 7514.38 0 0
216 92 42 7518.59 0 0
223 90 41 7522.8 0 0
222 90 41 7527.03 0 0
225 89 41 7532.16 0 0
228 87 41 7536.37 0 0
225 85 41 7540.58 0 0
223 86 41 7544.79 0 0
223 92 41 7548.99 0 0
225 91 41 7553.21 0 0
227 89 41 7557.43 0 0
228 93 41 7561.66 0 0
224 88 41 7565.9 0 0
225 90 41 7570.11 0 0
228 90 41 7574.31 0 0
228 89 41 7578.51 0 0
225 90 41 7582.72 0 0
224 86 41 7586.93 0 0
226 84 41 7591.17 0 0
225 87 41 7595.41 0 0
227 87 41 7599.62 0 0
227 84 41 7603.82 0 0
224 85 41 7608.02 0 0
225 84 41 7612.23 0 0
227 88 41 7616.46 0 0
228 89 41 7620.7 0 0
227 88 41 7624.92 0 0
227 88 41 7629.14 0 0
227 88 41 7633.34 0 0
225 88 42 7637.55 0 0
225 90 41 7641.75 0 0
227 90 41 7645.97 0 0
225 88 41 7650.18 0 0
224 85 41 7654.43 0 0
229 90 42 7658.64 0 0
228 92 42 7662.86 0 0
228 92 0 7667.07 0 0
227 89 41 7671.27 0 0
225 87 41 7675.47 0 0
223 88 42 7679.68 0 0
228 91 42 7684.13 0 0
230 91 42 7688.36 0 0
228 87 42 7692.57 0 0
237 89 42 7696.78 0 0
241 80 42 7700.98 0 0
238 79 42 7705.2 0 0
236 74 41 7709.44 0 0
234 78 41 7713.66 0 0
233 82 40 7717.97 0 0
235 81 41 7722.21 0 0
233 77 41 7726.42 0 0
236 83 41 7730.62 0 0
233 75 41 7734.82 0 0
238 83 41 7739.04 0 0
234 80 41 7743.25 0 0
234 82 41 7747.52 0 0
237 81 41 7751.75 0 0
235 78 41 7755.95 0 0
237 81 41 7760.16 0 0
235 78 41 7764.36 0 0
235 79 41 7768.56 0 0
233 78 41 7772.78 0 0
234 80 41 7777 0 0
233 80 41 7781.24 0 0
230 77 41 7785.46 0 0
233 79 41 7789.67 0 0
231 78 41 7793.89 0 0
233 79 41 7798.09 0 0
235 77 41 7802.31 0 0
235 78 41 7806.52 0 0
232 80 40 7810.76 0 0
236 82 41 7814.98 0 0
234 82 41 7819.18 0 0
233 82 41 7823.39 0 0
233 82 41 7827.59 0 0
233 81 40 7831.79 0 0
235 83 41 7836.03 0 0
232 82 41 7840.27 0 0
234 81 40 7844.51 0 0
237 83 40 7848.77 0 0
238 83 40 7852.98 0 0
233 80 40 7857.18 0 0
237 84 40 7861.39 0 0
235 83 40 7865.6 0 0
235 80 40 7869.82 0 0
238 79 40 7874.04 0 0
237 81 40 7878.41 0 0
233 79 40 7882.62 0 0
234 80 40 7886.84 0 0
236 84 40 7891.08 0 0
236 79 40 7895.28 0 0
235 82 40 7899.5 0 0
233 79 40 7903.74 0 0
232 80 39 7907.95 0 0
237 80 40 7912.16 0 0
234 82 40 7916.37 0 0
236 78 40 7920.57 0 0
235 80 40 7924.77 0 0
235 83 39 7928.99 0 0
235 84 40 7933.24 0 0
235 84 39 7937.47 0 0
235 79 39 7941.69 0 0
236 83 40 7945.9 0 0
234 83 39 7950.1 0 0
236 82 39 7954.3 0 0
235 84 39 7958.52 0 0
235 82 39 7962.74 0 0
238 84 39 7966.98 0 0
232 79 39 7971.2 0 0
233 80 39 7975.41 0 0
234 80 39 7979.62 0 0
237 82 39 7983.82 0 0
235 86 39 7988.02 0 0
234 83 39 7992.24 0 0
233 82 39 7996.49 0 0
235 80 39 8000.71 0 0
232 79 39 8004.92 0 0
232 79 0 8009.13 0 0
233 80 39 8013.33 0 0
234 83 39 8017.53 0 0
235 82 39 8021.76 0 0
235 83 39 8025.97 0 0
237 86 39 8030.21 0 0
233 79 39 8034.44 0 0
234 85 39 8038.67 0 0
236 83 39 8042.9 0 0
235 80 39 8047.1 0 0
234 81 38 8051.3 0 0
233 76 39 8055.53 0 0
234 81 39 8059.93 0 0
232 79 39 8064.14 0 0
235 84 39 8068.4 0 0
232 79 39 8072.61 0 0
232 77 39 8076.82 0 0
235 82 39 8081.02 0 0
233 78 39 8085.23 0 0
231 77 39 8089.46 0 0
232 78 39 8093.68 0 0
232 81 39 8098.6 0 0
234 80 39 8102.83 0 0
232 80 39 8107.03 0 0
232 80 0 8111.23 0 0
231 77 38 8115.46 0 0
231 75 39 8119.67 0 0
231 80 39 8123.9 0 0
229 75 38 8128.15 0 0
232 75 39 8132.36 0 0
233 78 39 8136.55 0 0
232 79 39 8140.75 0 0
234 80 39 8144.96 0 0
232 80 39 8149.19 0 0
231 79 39 8153.44 0 0
231 79 39 8157.66 0 0
232 78 39 8161.87 0 0
231 77 39 8166.07 0 0
232 79 39 8170.28 0 0
232 78 39 8174.5 0 0
233 78 39 8178.71 0 0
231 80 39 8182.94 0 0
232 78 39 8187.16 0 0
232 75 39 8191.37 0 0
232 79 39 8195.57 0 0
232 75 39 8199.79 0 0
230 75 39 8203.99 0 0
234 78 39 8208.21 0 0
232 78 39 8212.43 0 0
232 78 0 8216.67 0 0
233 79 39 8220.88 0 0
232 78 39 8225.2 0 0
233 79 39 8229.41 0 0
231 79 39 8233.77 0 0
231 78 39 8238 0 0
233 80 39 8242.22 0 0
233 78 39 8246.75 0 0
233 80 39 8251 0 0
233 77 39 8255.24 0 0
232 80 39 8259.47 0 0
232 80 39 8263.67 0 0
232 78 40 8267.88 0 0
234 82 39 8272.09 0 0
233 77 39 8276.31 0 0
235 79 39 8280.53 0 0
233 82 39 8284.75 0 0
231 81 39 8288.95 0 0
234 81 39 8293.15 0 0
231 82 40 8297.35 0 0
232 79 39 8301.59 0 0
235 81 39 8305.8 0 0
233 80 40 8310.04 0 0
232 78 39 8314.26 0 0
231 79 40 8318.47 0 0
233 81 39 8322.67 0 0
232 78 40 8326.88 0 0
232 80 40 8331.07 0 0
229 75 40 8335.32 0 0
235 81 40 8339.55 0 0
235 81 39 8343.79 0 0
235 81 40 8348 0 0
233 78 40 8352.2 0 0
230 81 40 8356.41 0 0
235 83 40 8360.62 0 0
233 78 40 8367.78 0 0
234 78 40 8375.82 0 0
236 79 40 8384.29 0 0
236 77 40 8392.54 0 0
233 75 40 8401.02 0 0
231 77 40 8409.28 0 0
231 77 40 8417.51 0 0
233 77 40 8425.19 0 0
230 78 40 8429.42 0 0
230 78 41 8434.24 0 0
232 80 40 8438.53 0 0
231 77 40 8442.74 0 0
234 79 41 8446.95 0 0
231 76 41 8451.16 0 0
229 78 40 8455.36 0 0
231 76 41 8459.57 0 0
232 77 40 8463.79 0 0
234 79 41 8468.24 0 0
233 78 40 8472.45 0 0
234 79 41 8476.65 0 0
234 78 40 8480.85 0 0
232 79 41 8485.05 0 0
232 77 41 8489.29 0 0
235 83 41 8493.51 0 0
235 83 41 8497.75 0 0
231 78 41 8501.96 0 0
237 83 41 8506.17 0 0
232 78 41 8510.37 0 0
232 75 41 8514.57 0 0
232 77 41 8518.77 0 0
232 76 41 8525.89 0 0
232 77 41 8530.16 0 0
233 76 41 8534.37 0 0
234 76 41 8538.58 0 0
235 79 41 8542.79 0 0
232 76 41 8547 0 0
231 78 41 8551.22 0 0
234 79 41 8555.43 0 0
232 75 41 8559.67 0 0
233 78 41 8563.88 0 0
234 75 41 8568.1 0 0
232 74 41 8572.3 0 0
230 78 41 8576.52 0 0
234 76 41 8580.72 0 0
231 76 41 8584.93 0 0
231 76 41 8589.15 0 0
231 76 41 8593.38 0 0
232 78 42 8597.59 0 0
229 75 41 8601.79 0 0
234 79 42 8606 0 0
234 78 41 8610.2 0 0
234 76 41 8614.41 0 0
232 76 41 8618.68 0 0
232 76 41 8622.91 0 0
232 78 41 8628.31 0 0
231 73 42 8632.52 0 0
233 77 41 8636.72 0 0
232 74 42 8640.93 0 0
232 75 42 8645.13 0 0
230 76 42 8649.35 0 0
234 78 42 8653.59 0 0
227 73 42 8657.81 0 0
232 75 42 8662.02 0 0
232 74 42 8666.23 0 0
229 74 42 8670.44 0 0
232 74 41 8674.64 0 0
234 78 42 8678.87 0 0
230 76 42 8683.1 0 0
233 77 42 8687.33 0 0
235 78 42 8691.55 0 0
234 78 42 8695.76 0 0
236 77 42 8699.96 0 0
235 78 42 8704.17 0 0
234 77 42 8708.39 0 0
229 76 42 8712.61 0 0
236 80 42 8716.85 0 0
230 74 42 8721.08 0 0
234 77 42 8725.33 0 0
233 76 42 8729.54 0 0
232 73 42 8733.74 0 0
231 74 42 8737.96 0 0
231 74 42 8742.17 0 0
233 77 42 8746.44 0 0
231 74 42 8750.68 0 0
232 73 42 8754.9 0 0
231 75 42 8759.1 0 0
231 74 42 8763.3 0 0
230 74 42 8767.51 0 0
233 75 42 8771.73 0 0
232 74 42 8775.94 0 0
232 71 42 8780.19 0 0
231 74 42 8784.39 0 0
232 75 42 8788.61 0 0
233 72 42 8792.81 0 0
231 74 42 8797.01 0 0
232 77 42 8801.23 0 0
231 74 42 8805.58 0 0
228 75 42 8809.92 0 0
228 73 42 8814.16 0 0
231 72 42 8818.38 0 0
231 75 42 8822.59 0 0
231 71 42 8826.8 0 0
232 75 42 8831 0 0
234 75 42 8835.21 0 0
231 79 42 8839.43 0 0
230 73 42 8844.9 0 0
235 78 42 8849.11 0 0
233 76 42 8853.33 0 0
230 74 42 8857.54 0 0
231 78 42 8861.74 0 0
233 77 42 8865.97 0 0
232 78 42 8870.2 0 0
232 76 42 8874.42 0 0
229 76 42 8878.65 0 0
232 75 42 8882.87 0 0
232 76 42 8887.09 0 0
234 76 42 8891.29 0 0
232 75 42 8895.51 0 0
234 79 42 8899.72 0 0
231 77 42 8903.98 0 0
232 78 42 8908.2 0 0
232 76 42 8912.41 0 0
233 77 42 8916.61 0 0
232 76 42 8920.81 0 0
231 75 42 8925.01 0 0
232 77 42 8929.24 0 0
231 77 42 8933.48 0 0
232 76 42 8937.71 0 0
234 77 42 8941.98 0 0
233 77 42 8946.2 0 0
230 77 42 8950.4 0 0
230 76 42 8954.6 0 0
228 74 42 8958.82 0 0
230 75 42 8963.06 0 0
232 77 42 8967.32 0 0
232 78 42 8971.54 0 0
229 73 42 8975.74 0 0
232 75 42 8979.94 0 0
232 77 42 8984.15 0 0
230 76 42 8988.35 0 0
233 75 42 8992.57 0 0
234 78 42 8996.8 0 0
232 77 42 9001.02 0 0
231 76 42 9005.23 0 0
233 77 42 9009.45 0 0
230 74 42 9013.66 0 0
233 77 42 9017.86 0 0
231 78 42 9022.08 0 0
234 76 42 9026.33 0 0
234 76 42 9030.74 0 0
230 73 42 9034.95 0 0
232 75 42 9039.15 0 0
232 76 42 9043.36 0 0
230 74 42 9047.56 0 0
231 75 42 9051.79 0 0
233 75 42 9056.01 0 0
229 74 42 9060.25 0 0
231 72 42 9064.47 0 0
228 74 42 9068.68 0 0
230 73 42 9072.88 0 0
230 73 42 9077.08 0 0
227 75 42 9081.29 0 0
232 76 42 9085.49 0 0
232 75 42 9089.72 0 0
230 76 42 9093.96 0 0
231 72 42 9098.17 0 0
228 73 42 9102.38 0 0
230 73 42 9106.57 0 0
232 74 42 9110.79 0 0
233 73 42 9115.1 0 0
230 74 42 9119.32 0 0
231 76 43 9123.55 0 0
232 74 42 9127.75 0 0
233 74 42 9131.96 0 0
231 77 42 9136.17 0 0
230 74 42 9140.38 0 0
230 77 42 9144.61 0 0
229 76 42 9148.83 0 0
230 73 42 9153.08 0 0
230 76 42 9157.3 0 0
227 74 42 9161.52 0 0
231 75 42 9165.72 0 0
229 76 42 9169.92 0 0
232 75 42 9174.13 0 0
231 76 43 9178.36 0 0
229 77 42 9182.58 0 0
232 74 42 9186.8 0 0
233 76 43 9191.01 0 0
230 76 42 9195.22 0 0
230 72 42 9199.42 0 0
229 74 42 9203.62 0 0
227 73 42 9207.83 0 0
232 73 43 9212.05 0 0
231 76 42 9216.28 0 0
232 74 43 9220.5 0 0
233 79 42 9224.72 0 0
231 75 42 9228.93 0 0
231 75 43 9233.13 0 0
231 74 42 9237.33 0 0
231 75 43 9241.56 0 0
233 76 42 9245.8 0 0
232 74 42 9250.03 0 0
229 75 43 9254.25 0 0
229 75 42 9258.45 0 0
229 70 42 9262.67 0 0
229 73 43 9266.91 0 0
229 73 43 9271.12 0 0
228 69 43 9275.34 0 0
231 73 43 9279.58 0 0
230 72 43 9283.82 0 0
228 72 43 9288.04 0 0
229 73 43 9292.24 0 0
230 72 43 9296.44 0 0
228 70 43 9300.71 0 0
230 72 43 9304.92 0 0
229 72 43 9309.17 0 0
232 75 43 9313.4 0 0
230 72 43 9317.61 0 0
231 73 43 9321.82 0 0
230 73 43 9326.02 0 0
230 72 43 9330.22 0 0
233 75 43 9334.44 0 0
232 73 43 9338.65 0 0
230 71 43 9342.87 0 0
228 72 43 9347.13 0 0
231 73 43 9351.35 0 0
229 74 43 9355.55 0 0
231 72 43 9359.75 0 0
233 72 43 9363.97 0 0
228 72 43 9368.2 0 0
228 70 43 9372.44 0 0
229 75 43 9376.66 0 0
227 71 43 9380.9 0 0
230 74 43 9385.11 0 0
227 73 43 9389.32 0 0
231 71 43 9393.52 0 0
229 75 43 9397.75 0 0
228 74 43 9401.98 0 0
228 71 43 9406.22 0 0
233 75 43 9410.45 0 0
229 71 43 9414.65 0 0
228 71 43 9418.85 0 0
231 75 43 9423.05 0 0
230 74 43 9427.28 0 0
232 76 43 9431.49 0 0
230 75 43 9435.72 0 0
229 73 43 9439.93 0 0
230 76 43 9444.14 0 0
231 74 43 9448.36 0 0
231 77 43 9452.56 0 0
235 76 43 9456.77 0 0
229 75 43 9460.99 0 0
230 76 43 9465.25 0 0
232 73 43 9469.47 0 0
231 76 43 9473.69 0 0
230 74 43 9477.9 0 0
226 72 43 9482.1 0 0
233 76 43 9486.3 0 0
229 74 43 9490.53 0 0
230 73 43 9494.75 0 0
233 75 43 9498.97 0 0
233 76 43 9503.2 0 0
230 73 43 9507.41 0 0
230 73 0 9511.62 0 0
232 74 43 9515.82 0 0
229 71 43 9520.03 0 0
232 74 43 9524.24 0 0
229 74 43 9528.48 0 0
230 73 43 9532.7 0 0
232 73 43 9536.92 0 0
227 73 43 9541.13 0 0
227 70 43 9545.33 0 0
234 76 43 9549.53 0 0
231 74 43 9553.75 0 0
230 74 43 9557.98 0 0
223 72 43 9562.21 0 0
218 72 44 9566.42 0 0
207 72 44 9570.68 0 0
197 73 45 9574.88 0 0
186 76 45 9579.08 0 0
176 77 45 9583.29 0 0
170 82 46 9587.51 0 0
163 88 46 9591.74 0 0
160 96 46 9595.98 0 0
156 98 47 9600.19 0 0
152 97 47 9604.39 0 0
148 95 47 9608.59 0 0
144 93 47 9612.82 0 0
148 93 47 9617.03 0 0
147 93 47 9621.27 0 0
145 95 47 9625.49 0 0
148 93 47 9629.71 0 0
143 94 47 9633.93 0 0
139 92 47 9638.14 0 0
138 89 46 9642.34 0 0
139 92 46 9646.55 0 0
138 86 46 9650.77 0 0
141 89 47 9655 0 0
142 88 47 9659.21 0 0
140 90 47 9663.42 0 0
143 90 47 9667.62 0 0
141 90 47 9671.83 0 0
144 92 47 9676.04 0 0
142 93 47 9680.26 0 0
141 91 47 9684.5 0 0
139 89 47 9688.72 0 0
140 89 47 9692.93 0 0
139 88 47 9697.14 0 0
142 89 47 9701.35 0 0
141 92 47 9705.55 0 0
141 86 47 9709.76 0 0
141 87 47 9713.98 0 0
143 88 47 9718.23 0 0
140 85 47 9722.44 0 0
145 90 47 9726.64 0 0
140 88 47 9730.86 0 0
140 86 47 9735.06 0 0
143 88 47 9739.29 0 0
138 86 47 9743.51 0 0
143 89 47 9747.75 0 0
141 93 47 9751.97 0 0
140 87 47 9756.19 0 0
143 90 47 9760.39 0 0
141 91 47 9764.59 0 0
141 87 47 9768.79 0 0
145 90 47 9773.01 0 0
139 86 47 9777.24 0 0
140 89 47 9781.47 0 0
141 93 47 9785.69 0 0
140 87 47 9789.89 0 0
141 90 47 9794.09 0 0
140 88 47 9798.29 0 0
140 87 47 9802.52 0 0
142 91 47 9806.74 0 0
138 94 47 9811.38 0 0
133 100 47 9815.58 0 0
129 107 47 9819.8 0 0
129 107 46 9824 0 0
132 111 46 9828.2 0 0
129 113 46 9832.41 0 0
135 116 47 9836.63 0 0
135 122 47 9840.88 0 0
136 124 47 9845.12 0 0
137 116 47 9849.34 0 0
138 117 47 9853.54 0 0
133 120 47 9857.75 0 0
129 119 47 9861.95 0 0
129 122 46 9866.18 0 0
131 120 46 9870.41 0 0
134 118 47 9874.63 0 0
132 122 46 9878.85 0 0
130 121 46 9883.06 0 0
130 120 46 9887.27 0 0
131 121 46 9891.48 0 0
133 123 46 9895.71 0 0
133 118 46 9899.92 0 0
132 118 46 9904.15 0 0
134 118 46 9908.37 0 0
136 120 46 9912.82 0 0
133 114 46 9917.02 0 0
134 125 46 9921.22 0 0
130 119 46 9925.42 0 0
130 121 46 9929.64 0 0
132 123 46 9933.9 0 0
133 121 46 9938.13 0 0
131 123 46 9942.35 0 0
131 124 46 9946.55 0 0
135 124 46 9950.75 0 0
134 126 46 9954.96 0 0
130 126 46 9959.18 0 0
137 125 46 9963.41 0 0
134 126 46 9967.63 0 0
135 126 46 9971.87 0 0
134 118 46 9976.09 0 0
133 120 46 9980.29 0 0
133 121 45 9984.49 0 0
132 119 46 9988.71 0 0
131 119 45 9992.93 0 0
132 120 45 9997.16 0 0
131 121 46 10001.4 0 0
133 121 46 10005.6 0 0
130 122 45 10009.8 0 0
134 120 45 10014 0 0
131 121 45 10018.2 0 0
134 124 45 10022.4 0 0
134 126 45 10026.6 0 0
132 131 45 10031.2 0 0
133 129 45 10035.4 0 0
134 125 45 10039.6 0 0
130 129 45 10043.8 0 0
135 129 45 10048 0 0
132 128 45 10052.3 0 0
135 127 45 10056.5 0 0
136 126 45 10060.7 0 0
137 128 45 10064.9 0 0
135 124 44 10069.1 0 0
137 128 45 10073.3 0 0
135 125 45 10077.5 0 0
134 126 44 10081.8 0 0
136 128 44 10086 0 0
133 124 44 10090.2 0 0
131 125 44 10094.4 0 0
134 126 44 10098.6 0 0
136 125 44 10102.9 0 0
132 127 44 10107 0 0
129 128 44 10111.2 0 0
127 131 44 10115.5 0 0
130 132 44 10119.7 0 0
134 134 44 10123.9 0 0
134 133 44 10128.1 0 0
134 130 44 10132.3 0 0
132 133 44 10136.5 0 0
131 134 44 10140.7 0 0
129 132 44 10144.9 0 0
131 133 44 10149.2 0 0
131 132 44 10153.4 0 0
128 130 43 10157.9 0 0
130 131 43 10162.2 0 0
133 132 43 10166.4 0 0
127 130 43 10170.6 0 0
133 134 43 10174.9 0 0
131 134 43 10179.1 0 0
132 136 43 10183.3 0 0
128 135 43 10187.5 0 0
131 128 43 10191.8 0 0
130 128 43 10196 0 0
132 128 43 10200.2 0 0
134 129 43 10204.4 0 0
129 127 43 10208.6 0 0
134 126 43 10212.8 0 0
130 134 43 10217 0 0
132 124 43 10221.2 0 0
128 132 43 10225.5 0 0
128 131 43 10229.7 0 0
131 133 43 10233.9 0 0
131 131 43 10238.1 0 0
131 132 43 10242.3 0 0
131 134 43 10246.8 0 0
130 131 43 10251 0 0
131 125 43 10255.3 0 0
129 125 43 10259.5 0 0
132 126 43 10263.7 0 0
132 129 43 10267.9 0 0
128 128 43 10272.1 0 0
131 126 43 10276.3 0 0
128 124 43 10280.8 0 0
133 126 43 10285.1 0 0
132 126 43 10289.3 0 0
126 127 42 10293.5 0 0
132 124 42 10297.7 0 0
131 128 43 10301.9 0 0
133 127 42 10306.2 0 0
131 125 43 10310.5 0 0
133 130 42 10314.7 0 0
129 126 43 10318.9 0 0
127 127 42 10323.1 0 0
134 132 43 10327.3 0 0
131 126 43 10331.5 0 0
131 130 42 10335.8 0 0
131 128 43 10340 0 0
132 127 42 10344.2 0 0
131 126 43 10348.5 0 0
127 127 43 10352.7 0 0
128 128 42 10356.9 0 0
134 125 42 10361.1 0 0
127 124 42 10365.3 0 0
131 124 42 10369.6 0 0
132 123 43 10373.8 0 0
129 132 43 10378 0 0
132 124 42 10382.2 0 0
133 125 43 10386.6 0 0
131 127 42 10390.8 0 0
132 126 42 10395 0 0
127 126 42 10399.2 0 0
133 127 43 10403.5 0 0
131 125 42 10407.7 0 0
123 125 42 10412.1 0 0
134 127 42 10416.3 0 0
129 126 43 10420.5 0 0
129 127 42 10424.7 0 0
134 125 42 10428.9 0 0
130 125 43 10433.1 0 0
129 125 43 10437.4 0 0
133 124 43 10441.6 0 0
127 130 42 10445.8 0 0
132 124 42 10450 0 0
129 129 43 10454.2 0 0
128 125 43 10458.5 0 0
131 126 43 10462.7 0 0
129 126 43 10466.9 0 0
131 122 42 10471.1 0 0
132 124 43 10475.4 0 0
130 124 43 10479.6 0 0
129 125 43 10483.8 0 0
131 132 43 10488 0 0
133 131 43 10492.2 0 0
128 133 43 10496.4 0 0
130 129 43 10500.7 0 0
130 130 43 10504.9 0 0
131 130 43 10509.1 0 0
132 129 43 10513.3 0 0
136 133 43 10517.5 0 0
129 132 43 10521.7 0 0
135 132 43 10525.9 0 0
132 133 42 10530.1 0 0
129 126 43 10534.3 0 0
131 124 42 10538.6 0 0
132 125 43 10542.8 0 0
134 125 43 10547 0 0
130 124 43 10551.2 0 0
127 125 43 10555.4 0 0
130 126 43 10559.6 0 0
129 125 43 10563.9 0 0
131 124 43 10568.1 0 0
132 131 43 10572.3 0 0
131 124 43 10576.5 0 0
132 125 43 10580.7 0 0
132 134 43 10584.9 0 0
128 124 43 10589.1 0 0
128 133 43 10593.3 0 0
132 124 43 10597.6 0 0
130 125 43 10601.8 0 0
130 126 43 10606 0 0
134 123 43 10610.2 0 0
131 125 43 10614.4 0 0
130 126 43 10618.6 0 0
131 126 43 10622.9 0 0
132 129 43 10627.1 0 0
128 125 43 10631.3 0 0
130 127 43 10635.5 0 0
128 128 43 10639.7 0 0
131 129 43 10644 0 0
129 125 43 10648.2 0 0
129 129 43 10652.4 0 0
133 127 43 10656.6 0 0
131 128 43 10660.9 0 0
132 128 43 10665.1 0 0
129 129 43 10669.3 0 0
132 128 43 10673.5 0 0
133 128 44 10677.7 0 0
126 126 43 10681.9 0 0
129 128 43 10686.1 0 0
132 127 43 10690.4 0 0
131 127 43 10694.6 0 0
132 126 43 10698.8 0 0
131 129 43 10703 0 0
129 126 43 10707.2 0 0
128 126 43 10711.4 0 0
128 130 44 10715.6 0 0
134 128 44 10719.9 0 0
137 131 44 10724.1 0 0
130 129 43 10728.3 0 0
133 129 43 10732.5 0 0
132 131 44 10736.7 0 0
133 129 44 10741.1 0 0
132 130 44 10745.4 0 0
132 131 43 10749.6 0 0
132 131 44 10753.8 0 0
132 130 44 10758 0 0
131 133 44 10762.2 0 0
133 131 44 10766.4 0 0
131 131 44 10770.6 0 0
130 132 43 10774.9 0 0
130 132 43 10779.1 0 0
134 132 43 10784.6 0 0
131 124 44 10788.8 0 0
130 132 44 10793 0 0
131 132 44 10797.2 0 0
131 131 44 10801.4 0 0
129 128 44 10805.6 0 0
131 131 44 10809.9 0 0
135 128 44 10814.1 0 0
127 132 44 10818.3 0 0
131 129 44 10822.5 0 0
128 130 44 10826.7 0 0
128 130 44 10830.9 0 0
131 126 44 10835.1 0 0
134 132 44 10839.4 0 0
134 128 44 10843.6 0 0
126 128 44 10847.8 0 0
133 129 44 10852 0 0
132 128 44 10856.2 0 0
131 133 44 10860.4 0 0
131 128 44 10864.6 0 0
126 127 44 10868.9 0 0
138 129 45 10873.1 0 0
129 128 44 10877.3 0 0
130 124 44 10881.5 0 0
132 129 44 10885.7 0 0
129 126 44 10890 0 0
130 124 44 10894.2 0 0
131 129 44 10898.4 0 0
130 131 44 10902.6 0 0
131 135 44 10906.9 0 0
129 132 45 10911.2 0 0
133 131 45 10915.4 0 0
130 133 45 10919.6 0 0
128 131 44 10923.8 0 0
132 133 44 10928 0 0
127 130 45 10932.3 0 0
131 129 45 10936.5 0 0
133 131 45 10940.7 0 0
134 126 45 10944.9 0 0
132 130 45 10949.1 0 0
133 130 45 10953.4 0 0
129 127 45 10957.6 0 0
132 125 45 10961.8 0 0
130 126 45 10966 0 0
130 124 45 10970.2 0 0
130 125 45 10974.5 0 0
129 122 44 10978.7 0 0
134 125 45 10982.9 0 0
130 125 45 10987.1 0 0
131 124 45 10991.3 0 0
131 122 45 10995.5 0 0
131 124 45 10999.8 0 0
132 130 45 11004 0 0
135 129 45 11008.2 0 0
129 124 45 11015 0 0
