123 108 47 22018.5 0 0
123 108 47 22022.8 0 0
122 107 47 22027 0 0
121 106 47 22031.2 0 0
123 108 47 22035.4 0 0
121 107 47 22039.7 0 0
121 109 47 22043.9 0 0
120 112 47 22048.1 0 0
121 106 47 22052.3 0 0
122 108 47 22056.5 0 0
121 112 47 22060.8 0 0
125 109 47 22065 0 0
121 109 48 22069.2 0 0
121 108 47 22073.4 0 0
121 109 47 22077.6 0 0
122 110 47 22081.9 0 0
120 109 47 22086.1 0 0
121 107 47 22090.3 0 0
123 112 48 22094.5 0 0
121 110 48 22098.8 0 0
120 111 48 22103.4 0 0
124 112 47 22107.6 0 0
121 105 47 22111.8 0 0
122 109 47 22116 0 0
118 107 47 22120.3 0 0
123 112 47 22124.5 0 0
121 111 47 22128.7 0 0
122 113 47 22133 0 0
123 113 47 22137.2 0 0
122 111 47 22141.4 0 0
122 112 47 22145.6 0 0
123 111 47 22149.8 0 0
121 110 47 22154 0 0
125 109 47 22158.3 0 0
121 113 48 22162.5 0 0
122 112 48 22166.8 0 0
123 108 47 22171 0 0
122 111 48 22175.2 0 0
125 110 47 22179.4 0 0
122 110 47 22183.6 0 0
125 111 47 22187.8 0 0
124 110 47 22192.1 0 0
122 110 47 22196.3 0 0
122 110 47 22200.5 0 0
126 110 47 22204.7 0 0
124 112 48 22208.9 0 0
121 110 48 22213.1 0 0
122 108 47 22217.3 0 0
124 113 48 22221.6 0 0
120 112 48 22225.8 0 0
122 109 48 22230.1 0 0
121 112 48 22234.3 0 0
122 112 47 22238.5 0 0
122 112 48 22242.7 0 0
123 112 48 22247 0 0
122 107 47 22251.2 0 0
122 105 47 22255.4 0 0
121 111 48 22259.7 0 0
120 105 48 22263.9 0 0
122 110 48 22268.1 0 0
121 107 47 22272.3 0 0
123 109 48 22276.5 0 0
122 110 47 22280.7 0 0
121 111 48 22285 0 0
124 112 48 22289.2 0 0
124 109 48 22293.4 0 0
124 108 48 22297.6 0 0
123 105 48 22301.8 0 0
122 96 48 22306.1 0 0
123 91 48 22310.3 0 0
119 87 48 22314.5 0 0
120 86 48 22318.8 0 0
120 86 48 22323 0 0
123 85 48 22327.2 0 0
121 88 48 22331.4 0 0
122 90 48 22335.6 0 0
122 92 48 22339.8 0 0
124 91 48 22344 0 0
118 88 48 22348.4 0 0
120 94 48 22352.6 0 0
118 89 48 22356.8 0 0
122 88 48 22361 0 0
122 92 48 22365.2 0 0
120 93 48 22369.5 0 0
123 90 48 22373.7 0 0
120 89 48 22377.9 0 0
122 92 48 22382.1 0 0
123 92 48 22386.3 0 0
123 88 47 22390.5 0 0
120 90 48 22394.8 0 0
125 90 48 22399 0 0
123 91 48 22403.2 0 0
121 91 48 22407.4 0 0
125 90 48 22411.7 0 0
123 92 48 22416 0 0
122 87 47 22420.2 0 0
122 89 48 22424.4 0 0
122 91 48 22428.6 0 0
121 90 48 22432.8 0 0
123 90 48 22437 0 0
119 89 48 22441.3 0 0
121 92 48 22445.5 0 0
119 93 48 22449.7 0 0
121 92 48 22453.9 0 0
123 90 47 22458.1 0 0
121 89 47 22462.3 0 0
121 92 48 22466.5 0 0
124 90 47 22470.8 0 0
119 92 48 22475 0 0
126 90 47 22479.4 0 0
121 91 47 22483.6 0 0
120 89 47 22487.8 0 0
123 93 47 22492 0 0
121 90 47 22496.3 0 0
121 89 47 22500.5 0 0
122 91 47 22504.8 0 0
121 89 47 22509 0 0
118 91 47 22513.2 0 0
121 89 47 22517.4 0 0
120 90 47 22521.6 0 0
122 89 47 22525.8 0 0
122 87 47 22530 0 0
119 91 47 22534.3 0 0
123 89 47 22538.5 0 0
123 88 47 22542.8 0 0
118 90 47 22547 0 0
121 90 47 22551.2 0 0
122 90 47 22555.4 0 0
122 90 47 22559.6 0 0
120 91 48 22563.8 0 0
119 90 47 22568 0 0
123 89 47 22572.3 0 0
120 87 47 22576.5 0 0
119 91 47 22580.7 0 0
121 90 47 22584.9 0 0
119 88 47 22589.1 0 0
122 89 47 22593.3 0 0
120 88 47 22597.6 0 0
120 92 47 22601.8 0 0
122 90 47 22606 0 0
121 90 47 22610.2 0 0
121 91 47 22614.4 0 0
120 89 47 22618.6 0 0
119 88 47 22622.9 0 0
123 91 47 22627.1 0 0
121 87 47 22631.3 0 0
119 88 47 22635.5 0 0
119 90 47 22639.8 0 0
121 89 47 22644 0 0
122 91 47 22648.2 0 0
121 93 47 22652.4 0 0
119 88 47 22656.6 0 0
118 91 47 22660.9 0 0
121 93 47 22665.1 0 0
120 90 47 22669.3 0 0
122 89 47 22673.5 0 0
118 91 47 22677.7 0 0
121 84 47 22681.9 0 0
122 84 47 22686.2 0 0
117 83 47 22690.4 0 0
118 85 47 22694.6 0 0
120 84 47 22698.9 0 0
119 85 47 22703.1 0 0
121 87 47 22707.3 0 0
120 84 47 22711.5 0 0
121 85 47 22715.7 0 0
120 84 47 22720 0 0
122 82 47 22724.2 0 0
121 87 47 22728.4 0 0
121 84 47 22732.6 0 0
118 85 47 22736.8 0 0
119 86 47 22741 0 0
119 85 47 22745.3 0 0
119 85 47 22749.5 0 0
121 86 47 22753.9 0 0
118 84 47 22758.1 0 0
120 87 47 22762.3 0 0
117 84 47 22766.5 0 0
117 81 47 22770.7 0 0
117 84 47 22774.9 0 0
119 83 47 22779.2 0 0
118 83 47 22783.4 0 0
120 86 47 22787.6 0 0
121 83 47 22791.8 0 0
117 85 47 22796 0 0
117 85 47 22800.2 0 0
119 84 47 22804.7 0 0
118 87 47 22808.9 0 0
120 89 47 22813.2 0 0
120 85 47 22818.9 0 0
119 89 47 22823.1 0 0
121 86 47 22827.3 0 0
117 87 47 22831.5 0 0
120 87 47 22835.7 0 0
120 88 47 22840 0 0
121 88 47 22844.2 0 0
121 83 47 22848.4 0 0
117 86 47 22852.6 0 0
123 89 47 22856.8 0 0
118 87 47 22861 0 0
119 80 47 22865.3 0 0
118 81 47 22869.5 0 0
120 77 47 22873.7 0 0
118 74 47 22878 0 0
121 73 47 22882.2 0 0
121 76 47 22886.5 0 0
118 75 48 22890.7 0 0
123 78 47 22894.8 0 0
122 77 47 22899.1 0 0
118 77 47 22903.3 0 0
117 73 48 22910.8 0 0
118 77 47 22915.1 0 0
120 73 48 22919.3 0 0
116 73 48 22923.5 0 0
117 74 47 22935.8 0 0
119 70 48 22940.1 0 0
120 74 48 22944.3 0 0
119 73 47 22948.5 0 0
117 75 47 22952.7 0 0
121 72 48 22957 0 0
118 75 47 22961.2 0 0
121 76 47 22965.4 0 0
119 76 48 22969.7 0 0
120 75 47 22973.9 0 0
120 77 47 22978.1 0 0
118 75 48 22982.3 0 0
117 77 47 22986.5 0 0
121 75 47 22990.7 0 0
121 74 47 22995 0 0
116 74 47 22999.2 0 0
117 73 47 23003.4 0 0
121 73 47 23007.6 0 0
118 73 47 23011.8 0 0
116 75 47 23016 0 0
119 73 47 23020.2 0 0
120 74 47 23024.4 0 0
115 77 47 23028.7 0 0
119 76 47 23033 0 0
120 78 47 23037.2 0 0
121 76 47 23041.5 0 0
119 78 47 23045.7 0 0
119 78 47 23049.9 0 0
120 75 48 23054.1 0 0
122 79 47 23058.3 0 0
121 78 47 23062.5 0 0
116 78 47 23066.8 0 0
120 76 47 23071 0 0
121 78 47 23075.2 0 0
115 76 47 23079.4 0 0
121 75 48 23083.6 0 0
117 74 48 23087.8 0 0
120 77 48 23092 0 0
120 75 48 23096.3 0 0
117 78 47 23100.5 0 0
117 75 48 23104.7 0 0
119 77 47 23109 0 0
120 76 47 23113.4 0 0
120 76 47 23117.6 0 0
120 78 47 23121.8 0 0
118 78 47 23126 0 0
121 75 47 23130.3 0 0
120 76 47 23134.5 0 0
119 78 47 23138.7 0 0
117 79 47 23142.9 0 0
118 77 47 23147.1 0 0
119 79 47 23151.3 0 0
119 78 47 23155.6 0 0
121 77 48 23159.8 0 0
121 77 47 23164 0 0
120 77 47 23168.2 0 0
119 76 48 23172.4 0 0
121 75 47 23176.6 0 0
121 77 48 23180.8 0 0
120 77 47 23185 0 0
119 77 47 23189.3 0 0
118 79 48 23193.5 0 0
121 75 48 23197.7 0 0
118 77 47 23201.9 0 0
120 76 47 23206.1 0 0
122 74 48 23210.3 0 0
120 77 47 23214.6 0 0
121 77 47 23218.8 0 0
121 78 48 23223 0 0
120 77 47 23227.2 0 0
118 77 47 23231.4 0 0
118 78 48 23235.7 0 0
120 76 48 23239.8 0 0
118 74 47 23244.1 0 0
119 72 48 23248.3 0 0
121 74 47 23252.5 0 0
120 76 48 23256.8 0 0
122 73 48 23261 0 0
118 75 47 23265.2 0 0
119 76 47 23269.4 0 0
118 76 48 23273.7 0 0
117 74 47 23277.9 0 0
121 76 48 23282.1 0 0
119 74 48 23286.3 0 0
119 76 48 23290.6 0 0
120 75 47 23294.8 0 0
119 78 48 23299 0 0
119 78 48 23303.2 0 0
119 75 48 23307.4 0 0
122 76 47 23311.6 0 0
121 76 48 23315.8 0 0
119 74 48 23320.1 0 0
117 78 47 23324.3 0 0
121 76 48 23328.5 0 0
121 74 48 23332.7 0 0
118 77 47 23336.9 0 0
120 77 47 23341.1 0 0
118 77 48 23345.3 0 0
121 75 47 23349.6 0 0
119 77 47 23354 0 0
121 77 48 23358.3 0 0
119 74 48 23365 0 0
122 77 47 23369.2 0 0
120 75 47 23373.4 0 0
119 74 47 23377.7 0 0
119 80 47 23381.9 0 0
118 77 48 23386.1 0 0
121 76 48 23390.3 0 0
121 78 47 23394.8 0 0
121 75 48 23399.1 0 0
121 77 47 23403.3 0 0
119 75 48 23407.5 0 0
119 75 47 23411.8 0 0
120 75 47 23416 0 0
119 75 48 23420.2 0 0
119 77 47 23424.4 0 0
122 75 48 23428.6 0 0
120 74 48 23432.8 0 0
115 74 48 23437 0 0
122 75 47 23444.1 0 0
119 76 47 23448.3 0 0
120 75 47 23452.5 0 0
121 72 48 23456.8 0 0
121 75 47 23461 0 0
123 76 47 23465.2 0 0
120 77 47 23469.5 0 0
120 76 47 23475 0 0
120 75 47 23479.2 0 0
122 76 47 23485.6 0 0
121 78 47 23489.8 0 0
119 76 47 23494.1 0 0
120 77 48 23498.3 0 0
120 76 48 23502.6 0 0
119 76 48 23506.8 0 0
121 74 47 23511 0 0
119 77 47 23515.2 0 0
118 76 48 23519.5 0 0
120 78 47 23523.7 0 0
121 78 47 23527.9 0 0
120 77 47 23532.1 0 0
119 77 48 23536.4 0 0
121 78 47 23540.7 0 0
120 78 48 23544.9 0 0
122 74 48 23549.1 0 0
120 74 47 23553.3 0 0
119 76 47 23557.5 0 0
121 76 48 23561.7 0 0
122 75 48 23566 0 0
120 73 48 23570.2 0 0
119 73 48 23574.4 0 0
119 77 47 23578.6 0 0
121 75 47 23585.5 0 0
120 76 47 23589.7 0 0
123 72 48 23594 0 0
124 73 47 23598.3 0 0
122 74 47 23602.5 0 0
123 70 48 23606.7 0 0
123 73 47 23610.9 0 0
122 72 48 23615.1 0 0
124 72 48 23619.3 0 0
121 70 48 23623.5 0 0
124 71 47 23627.8 0 0
121 73 48 23632 0 0
122 73 47 23636.2 0 0
123 73 48 23640.4 0 0
124 73 47 23644.6 0 0
125 73 48 23648.8 0 0
121 75 47 23653 0 0
123 73 47 23657.3 0 0
121 72 47 23661.5 0 0
122 72 48 23666 0 0
124 73 48 23670.2 0 0
123 73 47 23674.4 0 0
124 74 47 23678.6 0 0
124 74 47 23682.8 0 0
124 73 48 23689.7 0 0
119 72 47 23693.9 0 0
125 71 48 23698.1 0 0
121 73 48 23702.3 0 0
120 76 47 23706.5 0 0
120 72 48 23710.7 0 0
123 71 48 23715 0 0
121 73 47 23719.2 0 0
120 72 47 23723.4 0 0
121 73 48 23727.6 0 0
124 74 48 23731.8 0 0
122 75 47 23736.1 0 0
122 76 48 23740.3 0 0
122 74 48 23744.5 0 0
124 76 47 23748.7 0 0
123 76 47 23752.9 0 0
122 77 48 23757.1 0 0
123 76 48 23761.3 0 0
122 78 47 23765.5 0 0
121 78 48 23769.7 0 0
122 78 48 23774 0 0
122 77 47 23778.2 0 0
120 83 47 23782.4 0 0
105 99 47 23786.7 0 0
105 99 47 23798 0 0
90 115 47 23804.7 0 0
83 134 47 23808.9 0 0
81 146 47 23814.8 0 0
75 162 46 23819 0 0
72 175 46 23823.2 0 0
69 185 46 23827.4 0 0
66 195 47 23831.6 0 0
63 207 46 23835.8 0 0
65 212 46 23840 0 0
61 217 46 23844.3 0 0
59 222 46 23848.5 0 0
57 222 46 23852.7 0 0
60 227 46 23856.9 0 0
60 227 46 23861.1 0 0
62 233 46 23865.3 0 0
59 228 46 23869.5 0 0
62 228 46 23873.8 0 0
57 226 46 23878 0 0
63 230 46 23882.2 0 0
61 232 46 23886.4 0 0
58 234 46 23890.6 0 0
59 235 46 23894.8 0 0
64 231 46 23899.1 0 0
57 233 46 23903.3 0 0
57 233 46 23907.5 0 0
61 239 46 23914.1 0 0
61 228 46 23918.3 0 0
59 229 46 23922.5 0 0
63 234 46 23926.8 0 0
61 228 46 23931 0 0
62 227 46 23935.2 0 0
61 231 47 23939.4 0 0
62 233 46 23943.7 0 0
62 230 46 23947.9 0 0
62 226 46 23952.1 0 0
61 229 46 23956.3 0 0
61 227 46 23960.5 0 0
60 229 46 23964.7 0 0
62 233 46 23969 0 0
61 232 46 23973.2 0 0
59 227 46 23977.4 0 0
61 232 46 23981.6 0 0
62 232 47 23985.8 0 0
63 236 46 23990 0 0
62 237 46 23994.2 0 0
63 228 46 23998.5 0 0
55 217 46 24002.7 0 0
62 231 46 24007 0 0
63 227 46 24011.2 0 0
65 228 46 24015.4 0 0
61 230 46 24019.7 0 0
64 238 46 24023.8 0 0
63 234 46 24028.1 0 0
65 231 46 24032.3 0 0
66 227 46 24036.5 0 0
70 222 46 24040.8 0 0
67 223 46 24045 0 0
69 223 46 24049.2 0 0
68 221 46 24053.4 0 0
67 226 46 24057.6 0 0
68 231 46 24061.8 0 0
64 220 46 24066 0 0
68 225 46 24070.3 0 0
66 219 46 24074.5 0 0
70 221 46 24078.7 0 0
69 221 46 24082.9 0 0
67 216 46 24087.1 0 0
69 223 46 24091.3 0 0
69 223 46 24095.6 0 0
68 220 46 24099.8 0 0
69 224 46 24104.3 0 0
69 225 46 24108.5 0 0
68 228 46 24112.7 0 0
68 228 46 24116.9 0 0
72 227 46 24121.1 0 0
71 224 47 24125.3 0 0
65 220 46 24129.5 0 0
68 227 46 24133.8 0 0
69 223 46 24138 0 0
68 224 46 24142.2 0 0
70 225 46 24146.4 0 0
69 223 46 24150.6 0 0
67 227 46 24154.8 0 0
71 226 46 24159 0 0
69 226 46 24163.2 0 0
70 224 46 24167.5 0 0
69 221 46 24171.7 0 0
67 223 46 24176 0 0
67 221 46 24180.2 0 0
69 224 46 24184.4 0 0
68 222 46 24188.6 0 0
67 219 46 24192.9 0 0
72 224 46 24197.1 0 0
65 224 46 24201.3 0 0
68 224 46 24205.5 0 0
70 217 46 24209.7 0 0
68 222 47 24214 0 0
68 219 46 24218.2 0 0
71 221 46 24222.6 0 0
70 223 46 24226.9 0 0
68 224 46 24231.2 0 0
69 218 46 24235.3 0 0
66 221 46 24239.5 0 0
69 223 46 24243.8 0 0
67 223 46 24248 0 0
68 222 46 24252.3 0 0
64 221 46 24256.5 0 0
68 221 46 24260.7 0 0
69 223 46 24264.9 0 0
67 225 46 24269.1 0 0
67 218 46 24273.3 0 0
69 218 46 24277.5 0 0
69 225 46 24281.8 0 0
68 222 46 24286 0 0
65 223 46 24290.2 0 0
67 219 46 24294.4 0 0
69 221 46 24298.6 0 0
69 223 47 24302.8 0 0
69 224 46 24307 0 0
66 219 46 24311.3 0 0
68 221 46 24315.5 0 0
69 218 46 24319.7 0 0
68 226 46 24323.9 0 0
68 231 45 24328.1 0 0
63 222 46 24332.3 0 0
67 225 46 24336.5 0 0
66 224 46 24340.8 0 0
68 225 46 24345 0 0
66 229 46 24349.2 0 0
66 224 46 24353.7 0 0
68 224 45 24357.9 0 0
71 228 46 24362.1 0 0
68 230 46 24366.3 0 0
67 216 46 24370.5 0 0
71 228 46 24374.8 0 0
67 218 46 24379 0 0
69 230 46 24383.2 0 0
67 224 46 24387.4 0 0
68 221 46 24391.6 0 0
67 226 46 24395.8 0 0
68 227 46 24400 0 0
68 228 46 24404.2 0 0
70 228 46 24408.5 0 0
68 225 46 24412.7 0 0
70 223 46 24417 0 0
68 227 45 24421.2 0 0
67 225 46 24425.4 0 0
69 226 46 24429.6 0 0
69 224 46 24433.8 0 0
65 222 46 24438.1 0 0
68 230 46 24442.3 0 0
69 225 46 24446.6 0 0
67 225 46 24450.8 0 0
69 226 46 24455 0 0
71 227 45 24459.2 0 0
69 219 46 24463.4 0 0
67 220 46 24467.6 0 0
68 222 46 24471.9 0 0
66 223 46 24476.1 0 0
70 221 46 24480.3 0 0
69 221 46 24484.5 0 0
68 217 46 24488.7 0 0
66 217 46 24492.9 0 0
69 228 46 24497.1 0 0
69 226 46 24501.4 0 0
68 222 46 24505.6 0 0
67 225 46 24509.9 0 0
69 227 46 24514.1 0 0
67 226 46 24518.3 0 0
69 229 46 24522.5 0 0
65 226 45 24526.7 0 0
72 224 45 24530.9 0 0
66 222 46 24535.2 0 0
69 226 45 24539.4 0 0
66 229 46 24543.6 0 0
70 227 46 24547.8 0 0
70 223 46 24552 0 0
68 229 46 24556.2 0 0
67 228 46 24560.4 0 0
66 222 46 24564.7 0 0
67 228 46 24568.9 0 0
66 221 46 24573.1 0 0
69 223 46 24577.3 0 0
69 228 46 24581.5 0 0
65 218 46 24585.7 0 0
70 225 46 24589.9 0 0
66 227 46 24594.2 0 0
68 227 46 24598.4 0 0
71 230 45 24602.6 0 0
69 225 46 24606.8 0 0
71 226 46 24611 0 0
69 225 46 24615.2 0 0
67 229 46 24619.4 0 0
69 231 45 24623.7 0 0
70 229 46 24630.7 0 0
68 231 46 24634.9 0 0
68 231 46 24639.1 0 0
66 224 46 24643.3 0 0
69 229 46 24647.5 0 0
71 221 45 24651.8 0 0
67 226 46 24656 0 0
69 220 46 24660.2 0 0
67 222 46 24664.4 0 0
69 224 46 24668.6 0 0
64 226 46 24672.9 0 0
64 224 45 24677.1 0 0
67 226 46 24681.3 0 0
67 221 46 24685.5 0 0
69 229 46 24689.8 0 0
65 229 45 24694 0 0
66 228 45 24698.2 0 0
69 220 46 24702.4 0 0
69 221 46 24706.6 0 0
67 219 46 24710.8 0 0
69 221 46 24715 0 0
67 223 46 24719.3 0 0
70 220 46 24723.5 0 0
68 223 45 24727.7 0 0
68 229 46 24734.6 0 0
69 231 46 24738.8 0 0
70 228 46 24743 0 0
65 223 45 24747.2 0 0
69 224 46 24751.5 0 0
67 225 46 24755.7 0 0
70 226 46 24760 0 0
66 222 46 24764.2 0 0
68 221 46 24768.3 0 0
65 217 45 24772.7 0 0
68 220 46 24776.9 0 0
69 224 46 24781.1 0 0
67 218 46 24785.3 0 0
70 212 46 24789.5 0 0
74 199 46 24793.8 0 0
80 186 46 24798 0 0
83 166 46 24802.2 0 0
88 147 47 24806.4 0 0
90 131 46 24810.6 0 0
97 118 47 24814.8 0 0
97 109 46 24819.1 0 0
102 104 47 24823.3 0 0
110 90 47 24827.5 0 0
115 86 47 24834.5 0 0
117 79 47 24838.7 0 0
124 72 47 24843 0 0
127 68 47 24847.2 0 0
128 63 47 24851.4 0 0
127 61 47 24855.6 0 0
131 63 47 24859.8 0 0
129 63 47 24864 0 0
128 63 47 24868.2 0 0
129 60 47 24872.5 0 0
128 61 47 24876.7 0 0
128 61 47 24881 0 0
127 61 48 24885.2 0 0
127 60 47 24889.4 0 0
128 61 47 24893.6 0 0
127 60 47 24897.8 0 0
131 60 47 24916.6 0 0
128 61 47 24920.9 0 0
129 62 47 24926.1 0 0
130 61 47 24930.4 0 0
127 63 47 24934.6 0 0
128 63 47 24938.8 0 0
132 67 47 24943 0 0
129 66 47 24947.3 0 0
129 64 47 24951.5 0 0
128 63 47 24955.7 0 0
127 61 47 24959.9 0 0
128 63 47 24964.1 0 0
129 66 47 24968.3 0 0
130 63 47 24972.8 0 0
127 63 47 24977.1 0 0
127 64 47 24981.3 0 0
129 67 47 24985.5 0 0
128 64 47 24989.8 0 0
130 65 47 24994 0 0
131 66 47 25001.1 0 0
124 62 47 25005.3 0 0
130 64 47 25009.5 0 0
127 64 47 25013.8 0 0
128 65 47 25018 0 0
130 62 48 25022.2 0 0
130 65 47 25026.5 0 0
128 68 47 25030.7 0 0
129 67 47 25034.9 0 0
131 69 47 25039.1 0 0
128 66 47 25043.3 0 0
130 65 47 25047.5 0 0
131 65 47 25051.8 0 0
130 65 48 25056 0 0
128 63 47 25060.2 0 0
127 65 47 25064.4 0 0
130 65 47 25068.6 0 0
128 64 48 25072.8 0 0
132 66 47 25077 0 0
126 66 47 25081.2 0 0
131 65 48 25085.5 0 0
127 62 48 25089.7 0 0
128 65 47 25093.9 0 0
130 62 47 25100.7 0 0
129 66 48 25105 0 0
128 61 48 25109.2 0 0
132 67 47 25113.5 0 0
132 66 47 25117.7 0 0
124 68 47 25122 0 0
128 67 47 25126.2 0 0
133 63 48 25130.4 0 0
136 64 48 25134.6 0 0
143 60 48 25138.8 0 0
154 57 47 25143 0 0
159 50 48 25147.2 0 0
166 52 47 25151.5 0 0
169 46 47 25155.7 0 0
175 46 46 25160.3 0 0
175 46 0 25164.5 0 0
173 42 46 25168.7 0 0
173 42 46 25172.9 0 0
171 42 46 25177.1 0 0
171 42 0 25181.3 0 0
176 42 46 25185.5 0 0
176 42 46 25189.8 0 0
174 45 47 25195.3 0 0
172 43 46 25199.6 0 0
171 43 46 25203.8 0 0
172 41 47 25208 0 0
174 44 46 25212.2 0 0
172 43 46 25216.4 0 0
172 42 47 25220.6 0 0
173 42 47 25224.8 0 0
173 44 46 25229.1 0 0
173 42 46 25233.3 0 0
173 43 47 25237.5 0 0
173 42 47 25241.7 0 0
175 44 47 25245.9 0 0
175 44 0 25250.2 0 0
173 42 47 25254.4 0 0
175 43 46 25258.6 0 0
172 52 46 25262.8 0 0
172 43 46 25267 0 0
177 44 46 25271.2 0 0
172 41 46 25275.4 0 0
172 41 46 25279.7 0 0
172 40 47 25283.9 0 0
172 43 46 25288.1 0 0
172 41 47 25292.3 0 0
172 41 0 25296.5 0 0
172 42 47 25300.7 0 0
174 43 46 25305 0 0
173 42 47 25309.2 0 0
172 41 47 25313.4 0 0
170 42 47 25317.6 0 0
174 42 47 25321.9 0 0
173 44 47 25326.1 0 0
173 43 47 25330.3 0 0
170 41 46 25334.5 0 0
173 45 47 25338.7 0 0
173 40 46 25342.9 0 0
173 42 47 25347.2 0 0
174 49 47 25351.4 0 0
175 42 47 25355.6 0 0
174 43 47 25359.8 0 0
174 42 47 25364 0 0
174 41 47 25368.2 0 0
173 41 47 25372.4 0 0
173 42 47 25376.7 0 0
173 42 47 25380.9 0 0
171 42 46 25385.1 0 0
175 41 46 25389.3 0 0
170 41 47 25393.5 0 0
171 43 46 25397.7 0 0
176 42 46 25402 0 0
174 41 46 25406.2 0 0
175 43 47 25410.4 0 0
171 42 46 25414.6 0 0
174 43 47 25418.8 0 0
173 42 46 25423.1 0 0
173 42 46 25427.3 0 0
172 42 46 25431.5 0 0
172 42 46 25435.7 0 0
174 41 46 25439.9 0 0
175 42 47 25444.2 0 0
174 42 47 25448.4 0 0
174 42 47 25452.6 0 0
173 42 46 25456.9 0 0
173 41 46 25461.2 0 0
174 44 47 25465.4 0 0
172 41 46 25469.6 0 0
174 42 46 25473.8 0 0
173 44 46 25478.1 0 0
174 40 46 25482.3 0 0
172 42 46 25486.5 0 0
168 41 46 25490.7 0 0
172 43 47 25494.9 0 0
171 39 46 25499.2 0 0
174 53 46 25503.4 0 0
171 44 46 25507.6 0 0
175 41 46 25511.8 0 0
175 41 0 25516 0 0
173 34 46 25520.2 0 0
171 31 46 25524.4 0 0
174 36 46 25528.6 0 0
175 33 47 25532.9 0 0
173 35 47 25537.1 0 0
173 35 0 25541.3 0 0
175 37 46 25545.5 0 0
178 37 46 25549.8 0 0
176 36 47 25554 0 0
175 36 46 25558.2 0 0
177 37 46 25562.4 0 0
177 33 46 25566.6 0 0
174 36 46 25570.8 0 0
177 34 47 25575 0 0
174 34 46 25583.5 0 0
177 34 47 25587.7 0 0
179 36 47 25591.9 0 0
178 36 46 25596.2 0 0
178 40 47 25600.4 0 0
176 37 47 25604.6 0 0
177 31 47 25608.8 0 0
178 36 46 25613 0 0
176 33 47 25617.4 0 0
173 35 47 25621.6 0 0
173 32 47 25625.8 0 0
177 34 47 25630 0 0
179 38 47 25634.2 0 0
177 34 47 25638.5 0 0
182 36 46 25642.7 0 0
178 34 46 25646.9 0 0
178 33 47 25651.1 0 0
180 37 47 25655.3 0 0
178 33 47 25659.5 0 0
180 36 47 25663.8 0 0
178 32 47 25668.4 0 0
180 39 47 25672.6 0 0
181 36 47 25676.8 0 0
179 39 47 25681 0 0
178 38 47 25685.2 0 0
71 142 47 26350.2 0 0
62 136 47 26354.4 0 0
59 143 47 26358.6 0 0
59 143 47 26362.8 0 0
60 140 47 26367 0 0
62 140 47 26371.2 0 0
62 139 47 26375.4 0 0
59 141 47 26379.7 0 0
59 138 46 26383.9 0 0
61 141 46 26388.1 0 0
60 142 46 26392.3 0 0
58 144 47 26396.5 0 0
59 139 46 26400.7 0 0
60 145 46 26404.9 0 0
60 146 47 26409.1 0 0
59 146 46 26413.3 0 0
59 145 46 26417.7 0 0
60 148 47 26421.9 0 0
59 142 47 26426.1 0 0
58 144 46 26430.3 0 0
57 146 47 26437.4 0 0
60 144 46 26441.7 0 0
57 144 47 26445.9 0 0
60 141 47 26450.1 0 0
59 144 47 26454.3 0 0
60 140 46 26458.5 0 0
62 145 47 26462.8 0 0
61 143 46 26467 0 0
60 149 47 26471.2 0 0
63 150 47 26475.4 0 0
58 145 47 26479.6 0 0
50 160 46 26483.8 0 0
41 188 46 26492.4 0 0
35 197 46 26496.6 0 0
33 144 46 26500.8 0 0
34 176 46 26513.5 0 0
34 176 46 26517.7 0 0
38 157 46 26523.5 0 0
34 145 46 26527.7 0 0
33 151 46 26532 0 0
35 152 46 26537 0 0
33 152 46 26541.2 0 0
32 161 46 26545.4 0 0
33 159 46 26549.6 0 0
35 155 46 26553.8 0 0
35 154 46 26558.1 0 0
33 161 46 26562.3 0 0
37 173 46 26566.5 0 0
35 154 46 26570.7 0 0
33 171 46 26574.9 0 0
35 140 46 26579.1 0 0
37 164 46 26583.3 0 0
33 148 46 26587.5 0 0
35 154 46 26591.8 0 0
33 154 46 26596 0 0
35 162 46 26600.2 0 0
33 159 46 26604.4 0 0
33 156 46 26608.7 0 0
32 150 46 26612.8 0 0
33 148 46 26617 0 0
33 150 46 26621.3 0 0
34 153 46 26625.5 0 0
175 126 47 26629.8 0 0
36 148 46 26634 0 0
38 155 46 26638.2 0 0
32 153 46 26642.4 0 0
33 148 46 26646.6 0 0
34 141 46 26650.8 0 0
32 151 46 26655 0 0
34 147 46 26659.3 0 0
36 157 46 26663.5 0 0
32 156 46 26667.7 0 0
32 156 46 26671.9 0 0
35 153 46 26676.1 0 0
33 153 46 26680.3 0 0
31 156 46 26684.5 0 0
32 152 46 26688.8 0 0
32 153 46 26693 0 0
36 154 46 26697.2 0 0
35 159 46 26701.5 0 0
32 151 46 26705.7 0 0
33 155 46 26709.9 0 0
33 153 46 26714.1 0 0
32 149 46 26718.3 0 0
34 155 47 26722.7 0 0
33 151 46 26726.9 0 0
33 155 46 26731.1 0 0
32 155 46 26735.3 0 0
34 158 46 26739.5 0 0
34 153 46 26743.8 0 0
34 155 46 26748 0 0
32 149 46 26752.2 0 0
34 169 46 26756.4 0 0
34 159 46 26760.7 0 0
33 151 46 26764.9 0 0
32 154 46 26769.1 0 0
31 144 46 26773.3 0 0
35 153 46 26777.5 0 0
32 151 46 26781.7 0 0
35 152 46 26786 0 0
35 157 46 26790.2 0 0
32 151 46 26794.4 0 0
34 156 46 26798.6 0 0
31 153 46 26802.8 0 0
35 145 46 26807 0 0
35 153 46 26811.2 0 0
32 153 46 26815.5 0 0
33 152 46 26819.7 0 0
34 156 46 26823.9 0 0
34 151 46 26828.1 0 0
31 149 46 26832.3 0 0
33 151 45 26836.5 0 0
33 152 46 26840.7 0 0
31 151 46 26845 0 0
32 152 46 26849.2 0 0
33 164 46 26853.5 0 0
33 159 46 26857.7 0 0
33 151 46 26862 0 0
33 152 46 26866.2 0 0
31 155 46 26870.4 0 0
32 152 46 26874.6 0 0
29 157 46 26878.9 0 0
32 152 46 26883.1 0 0
31 155 46 26887.3 0 0
32 151 45 26891.5 0 0
33 152 46 26895.7 0 0
32 157 46 26909.2 0 0
32 155 46 26913.4 0 0
32 154 46 26917.6 0 0
34 156 46 26921.8 0 0
33 158 46 26926 0 0
33 156 46 26930.2 0 0
32 157 46 26934.5 0 0
33 159 46 26938.7 0 0
33 155 46 26943 0 0
33 146 45 26947.2 0 0
32 152 45 26951.4 0 0
33 154 46 26955.6 0 0
32 150 46 26959.8 0 0
34 152 45 26964 0 0
34 154 46 26968.2 0 0
33 149 46 26972.6 0 0
32 152 46 26976.8 0 0
30 149 46 26981 0 0
31 152 46 26985.2 0 0
32 150 46 26989.5 0 0
31 149 46 26993.7 0 0
33 151 46 26997.9 0 0
32 160 46 27002.1 0 0
34 155 45 27006.4 0 0
34 154 45 27010.6 0 0
31 154 46 27014.8 0 0
31 149 46 27019 0 0
32 159 46 27023.2 0 0
33 154 45 27027.5 0 0
33 152 46 27031.7 0 0
32 154 46 27036 0 0
33 155 45 27040.2 0 0
32 149 46 27044.4 0 0
32 153 46 27048.6 0 0
33 151 46 27052.8 0 0
32 154 45 27057 0 0
31 153 46 27061.2 0 0
31 155 46 27065.5 0 0
34 146 46 27069.7 0 0
32 153 45 27073.9 0 0
30 162 46 27078.1 0 0
32 151 45 27082.3 0 0
34 154 46 27086.6 0 0
33 150 46 27090.8 0 0
34 152 46 27095 0 0
31 146 45 27099.3 0 0
33 151 46 27103.5 0 0
32 155 46 27107.7 0 0
33 158 46 27111.9 0 0
33 155 46 27116.1 0 0
32 156 46 27120.3 0 0
33 148 46 27124.5 0 0
30 150 46 27128.8 0 0
31 146 45 27133 0 0
34 158 46 27137.2 0 0
31 154 45 27141.4 0 0
32 153 46 27145.6 0 0
33 152 46 27149.8 0 0
33 154 46 27154 0 0
33 156 46 27158.2 0 0
31 157 46 27162.5 0 0
33 156 45 27166.7 0 0
33 154 45 27170.9 0 0
32 156 46 27175.1 0 0
32 156 46 27179.3 0 0
33 155 46 27183.5 0 0
31 158 46 27187.8 0 0
32 157 46 27192 0 0
33 150 46 27196.2 0 0
31 156 46 27200.4 0 0
31 156 46 27204.6 0 0
35 156 46 27211 0 0
30 155 46 27215.2 0 0
32 155 45 27219.4 0 0
32 157 45 27223.7 0 0
31 157 46 27227.9 0 0
34 157 46 27232.1 0 0
31 155 46 27236.3 0 0
32 162 46 27240.5 0 0
31 156 46 27244.7 0 0
34 157 46 27248.9 0 0
45 203 45 27253.2 0 0
30 154 46 27257.4 0 0
32 156 46 27261.6 0 0
32 151 46 27265.8 0 0
35 159 45 27270 0 0
33 153 46 27274.2 0 0
34 154 45 27278.4 0 0
32 158 46 27282.7 0 0
32 156 45 27286.9 0 0
33 154 46 27291.1 0 0
32 163 46 27295.3 0 0
31 160 46 27299.5 0 0
34 150 45 27303.7 0 0
33 158 46 27308 0 0
32 159 45 27312.2 0 0
37 164 46 27316.4 0 0
33 155 46 27320.6 0 0
31 161 46 27324.8 0 0
31 160 45 27329 0 0
32 153 46 27333.2 0 0
33 159 46 27337.4 0 0
32 160 46 27341.7 0 0
32 161 46 27345.9 0 0
32 158 46 27350.1 0 0
32 159 46 27354.3 0 0
29 160 46 27358.5 0 0
33 154 46 27362.8 0 0
32 157 45 27367 0 0
33 157 46 27374 0 0
31 156 46 27378.2 0 0
31 160 46 27382.4 0 0
32 156 46 27386.6 0 0
32 160 45 27390.8 0 0
34 153 45 27395 0 0
33 157 46 27399.2 0 0
32 163 46 27403.5 0 0
33 157 45 27407.7 0 0
34 155 46 27412.3 0 0
32 161 46 27416.5 0 0
32 156 46 27420.7 0 0
31 159 46 27424.9 0 0
31 159 46 27429.1 0 0
33 154 46 27433.3 0 0
33 156 46 27437.5 0 0
34 161 46 27441.8 0 0
33 159 46 27446 0 0
33 160 45 27453.1 0 0
33 157 46 27457.3 0 0
32 159 45 27461.5 0 0
32 155 45 27465.7 0 0
34 159 45 27470 0 0
35 158 45 27474.2 0 0
41 201 45 27478.5 0 0
33 153 46 27482.7 0 0
30 158 45 27486.9 0 0
31 164 45 27491.1 0 0
32 163 45 27495.3 0 0
32 164 45 27499.5 0 0
32 163 45 27504 0 0
34 163 45 27508.2 0 0
32 154 45 27512.4 0 0
30 156 46 27516.6 0 0
32 156 45 27520.8 0 0
33 158 46 27525.1 0 0
30 159 45 27529.3 0 0
30 159 45 27533.5 0 0
31 158 46 27539.2 0 0
34 159 45 27543.4 0 0
32 155 46 27547.6 0 0
42 153 46 27551.8 0 0
49 149 46 27556 0 0
58 139 46 27560.2 0 0
66 125 47 27564.5 0 0
75 120 47 27568.7 0 0
74 179 48 27572.9 0 0
102 109 48 27585.5 0 0
110 102 48 27589.7 0 0
119 105 48 27594 0 0
134 77 47 27602.4 0 0
141 72 47 27606.7 0 0
148 69 47 27610.8 0 0
154 62 47 27615 0 0
159 60 47 27619.3 0 0
167 55 47 27623.5 0 0
171 54 46 27627.8 0 0
176 53 46 27632 0 0
180 52 46 27636.2 0 0
187 52 46 27640.4 0 0
186 50 45 27644.6 0 0
187 51 46 27648.9 0 0
184 50 46 27653.1 0 0
186 52 46 27657.3 0 0
185 51 46 27661.6 0 0
184 53 45 27665.8 0 0
187 52 46 27670 0 0
185 50 46 27674.2 0 0
185 53 46 27678.5 0 0
185 52 45 27682.7 0 0
185 54 46 27686.9 0 0
184 51 46 27691.1 0 0
184 52 46 27695.4 0 0
185 53 46 27699.6 0 0
185 50 46 27703.8 0 0
185 53 46 27708 0 0
186 50 46 27712.2 0 0
187 54 45 27716.5 0 0
184 52 46 27720.7 0 0
184 53 46 27724.9 0 0
187 53 45 27729.2 0 0
186 50 46 27733.4 0 0
187 54 45 27737.6 0 0
186 52 45 27741.8 0 0
186 54 45 27746 0 0
185 55 46 27750.2 0 0
185 54 46 27754.5 0 0
185 51 46 27758.7 0 0
183 52 46 27762.9 0 0
185 55 46 27767.1 0 0
183 53 46 27771.3 0 0
185 50 46 27775.5 0 0
184 52 46 27779.7 0 0
183 52 46 27784 0 0
184 51 46 27788.2 0 0
184 53 46 27792.4 0 0
184 52 45 27796.6 0 0
184 51 46 27800.8 0 0
185 52 46 27805.1 0 0
184 51 46 27809.3 0 0
186 52 46 27813.5 0 0
183 53 46 27817.7 0 0
183 58 45 27822 0 0
183 52 46 27826.2 0 0
183 52 46 27830.3 0 0
184 53 46 27834.5 0 0
183 53 46 27838.8 0 0
182 51 45 27843 0 0
184 54 45 27847.2 0 0
184 52 46 27851.5 0 0
185 56 46 27855.7 0 0
181 52 46 27859.9 0 0
183 52 46 27864.1 0 0
184 53 46 27868.3 0 0
187 54 45 27872.5 0 0
192 54 46 27876.8 0 0
195 51 46 27881 0 0
192 50 45 27885.2 0 0
193 52 45 27889.4 0 0
193 52 45 27893.6 0 0
192 54 46 27897.8 0 0
191 55 46 27902 0 0
192 54 45 27906.3 0 0
193 57 45 27910.5 0 0
194 57 45 27914.7 0 0
192 56 45 27918.9 0 0
194 55 46 27923.1 0 0
195 51 45 27927.3 0 0
192 56 46 27931.6 0 0
192 54 46 27935.8 0 0
192 54 45 27940 0 0
192 56 45 27944.2 0 0
192 54 45 27948.5 0 0
193 57 46 27952.7 0 0
192 53 46 27957.2 0 0
192 54 46 27961.4 0 0
192 53 46 27965.6 0 0
192 53 45 27969.9 0 0
194 55 45 27974.1 0 0
192 54 46 27978.4 0 0
184 49 46 27982.6 0 0
174 46 46 27986.8 0 0
163 41 48 27991 0 0
148 34 48 27995.3 0 0
139 31 48 27999.5 0 0
126 27 49 28003.9 0 0
115 28 49 28008.1 0 0
94 24 49 28012.3 0 0
85 27 48 28016.6 0 0
79 25 48 28020.8 0 0
74 24 48 28025 0 0
74 28 48 28029.2 0 0
73 26 48 28033.4 0 0
76 26 48 28037.7 0 0
74 25 48 28041.9 0 0
74 24 48 28046.1 0 0
70 24 48 28050.3 0 0
75 26 48 28054.5 0 0
73 25 48 28058.7 0 0
73 25 48 28063 0 0
70 27 48 28067.2 0 0
71 25 48 28071.4 0 0
73 26 48 28075.6 0 0
74 26 48 28079.8 0 0
70 29 48 28084 0 0
74 32 48 28088.2 0 0
74 28 48 28092.5 0 0
72 26 48 28096.7 0 0
72 26 48 28100.9 0 0
73 28 48 28105.2 0 0
72 29 47 28109.4 0 0
71 27 48 28113.6 0 0
73 27 48 28117.8 0 0
74 29 48 28122 0 0
74 27 48 28126.2 0 0
74 30 47 28130.5 0 0
74 29 48 28134.7 0 0
70 29 48 28138.9 0 0
73 29 48 28143.1 0 0
70 32 48 28147.3 0 0
74 30 48 28151.5 0 0
72 32 48 28155.7 0 0
72 30 48 28160 0 0
73 32 48 28164.3 0 0
71 29 48 28168.5 0 0
75 30 47 28172.7 0 0
73 33 48 28176.9 0 0
73 32 48 28181.1 0 0
74 31 48 28185.4 0 0
76 30 48 28189.6 0 0
73 30 48 28193.8 0 0
76 31 48 28198 0 0
74 30 48 28202.2 0 0
73 29 48 28206.4 0 0
72 30 48 28210.6 0 0
76 27 48 28214.9 0 0
74 32 48 28219.2 0 0
73 32 48 28223.4 0 0
77 30 48 28227.6 0 0
75 31 48 28231.8 0 0
76 31 48 28236 0 0
75 30 48 28240.2 0 0
75 31 48 28244.4 0 0
76 30 48 28248.7 0 0
74 30 48 28252.9 0 0
75 30 48 28257.1 0 0
75 28 48 28261.3 0 0
76 31 48 28265.5 0 0
74 29 48 28269.7 0 0
74 28 48 28274 0 0
74 31 48 28278.2 0 0
75 31 48 28282.5 0 0
74 32 48 28286.7 0 0
75 29 48 28291 0 0
76 31 48 28295.2 0 0
74 30 48 28299.4 0 0
75 32 48 28303.6 0 0
76 29 48 28307.8 0 0
74 30 48 28312 0 0
75 30 48 28316.3 0 0
74 32 48 28320.5 0 0
74 31 48 28324.7 0 0
73 28 48 28328.9 0 0
76 30 48 28333.1 0 0
75 31 48 28337.3 0 0
74 30 48 28341.5 0 0
77 30 49 28345.8 0 0
73 31 48 28350 0 0
73 31 0 28354.2 0 0
73 31 48 28358.4 0 0
75 29 49 28362.6 0 0
75 31 48 28366.8 0 0
76 29 48 28371 0 0
75 29 48 28375.3 0 0
75 32 48 28379.5 0 0
73 29 48 28383.7 0 0
73 29 48 28387.9 0 0
74 31 49 28392.1 0 0
75 33 48 28396.3 0 0
75 32 48 28400.5 0 0
77 30 48 28404.8 0 0
74 34 48 28409 0 0
76 31 48 28413.2 0 0
76 32 48 28417.4 0 0
77 32 48 28421.6 0 0
78 30 48 28425.8 0 0
75 30 48 28430 0 0
74 34 48 28434.2 0 0
77 32 48 28438.5 0 0
75 32 48 28442.7 0 0
74 31 48 28447 0 0
73 30 48 28451.2 0 0
74 30 48 28455.3 0 0
74 32 48 28459.5 0 0
76 30 48 28463.8 0 0
77 30 48 28468 0 0
74 31 48 28472.2 0 0
74 29 48 28476.5 0 0
76 31 48 28480.7 0 0
75 30 48 28484.9 0 0
74 31 48 28489.1 0 0
75 30 48 28493.3 0 0
75 30 48 28497.5 0 0
74 28 48 28501.8 0 0
75 28 48 28506.2 0 0
75 29 48 28510.4 0 0
74 30 48 28514.6 0 0
75 31 48 28518.8 0 0
74 29 48 28523 0 0
76 31 48 28527.3 0 0
75 29 48 28531.5 0 0
73 30 48 28535.7 0 0
72 26 48 28540 0 0
73 28 48 28544.2 0 0
72 27 48 28548.4 0 0
71 30 48 28552.6 0 0
74 27 48 28556.8 0 0
71 27 48 28561 0 0
71 28 48 28565.2 0 0
72 28 48 28569.5 0 0
74 28 48 28573.7 0 0
73 26 48 28577.9 0 0
72 27 48 28582.1 0 0
71 26 48 28586.3 0 0
71 26 48 28590.5 0 0
72 27 48 28594.7 0 0
72 26 48 28599 0 0
72 26 0 28603.2 0 0
75 27 48 28607.4 0 0
71 25 48 28611.6 0 0
71 25 48 28615.8 0 0
73 29 48 28620 0 0
73 27 48 28624.2 0 0
73 27 48 28628.5 0 0
71 25 48 28632.9 0 0
72 24 48 28637.1 0 0
71 27 49 28641.3 0 0
73 26 49 28645.5 0 0
72 26 48 28649.7 0 0
72 27 48 28653.9 0 0
70 27 49 28658.2 0 0
73 26 48 28662.4 0 0
73 24 48 28666.6 0 0
71 27 48 28670.8 0 0
71 27 48 28675 0 0
73 27 48 28679.2 0 0
71 27 48 28683.5 0 0
70 27 48 28687.7 0 0
71 27 48 28691.9 0 0
74 27 48 28696.1 0 0
73 28 48 28700.3 0 0
70 27 48 28704.5 0 0
75 30 48 28708.7 0 0
73 25 49 28713 0 0
71 29 48 28717.2 0 0
72 29 48 28721.4 0 0
73 27 48 28725.7 0 0
72 29 48 28730.1 0 0
72 28 49 28734.3 0 0
71 30 48 28738.5 0 0
73 27 48 28742.7 0 0
73 29 48 28747 0 0
72 28 48 28751.2 0 0
71 26 48 28755.4 0 0
72 29 48 28759.6 0 0
73 28 48 28763.8 0 0
74 28 48 28768 0 0
71 28 48 28772.4 0 0
73 28 48 28776.6 0 0
72 30 49 28780.9 0 0
73 29 48 28785.4 0 0
75 29 48 28789.6 0 0
71 30 48 28793.8 0 0
72 29 48 28798 0 0
73 28 48 28802.2 0 0
72 28 49 28806.4 0 0
74 27 48 28810.6 0 0
70 27 49 28814.8 0 0
73 28 48 28819.1 0 0
74 28 48 28823.3 0 0
71 29 49 28827.5 0 0
72 29 48 28831.7 0 0
72 29 48 28835.9 0 0
71 30 48 28840.1 0 0
73 29 48 28844.3 0 0
74 27 48 28848.6 0 0
70 28 48 28852.8 0 0
74 29 48 28857 0 0
71 30 48 28861.2 0 0
73 30 48 28865.4 0 0
72 28 48 28869.6 0 0
75 28 48 28873.9 0 0
76 28 49 28878.1 0 0
71 27 49 28882.3 0 0
70 28 48 28886.5 0 0
72 28 48 28890.7 0 0
72 29 48 28895 0 0
70 27 49 28899.2 0 0
72 27 48 28903.4 0 0
75 28 48 28910.8 0 0
71 28 48 28917.5 0 0
73 29 49 28921.7 0 0
72 29 48 28925.9 0 0
74 28 48 28930.1 0 0
69 29 48 28934.3 0 0
74 28 49 28938.5 0 0
73 28 48 28943.2 0 0
71 27 48 28947.4 0 0
77 30 49 28951.6 0 0
74 29 48 28955.8 0 0
73 29 49 28960 0 0
72 31 48 28964.2 0 0
71 29 48 28968.5 0 0
74 27 49 28972.7 0 0
74 29 49 28977 0 0
74 30 49 28981.2 0 0
73 29 49 28985.4 0 0
72 29 49 28989.6 0 0
71 29 48 28993.8 0 0
72 29 49 28998.1 0 0
71 30 49 29002.3 0 0
72 30 49 29006.5 0 0
72 29 49 29010.8 0 0
72 29 49 29015 0 0
73 28 49 29019.2 0 0
73 32 49 29023.4 0 0
74 28 49 29027.6 0 0
73 30 49 29031.9 0 0
74 29 49 29036.2 0 0
74 30 49 29040.4 0 0
73 29 49 29044.6 0 0
72 27 49 29048.8 0 0
74 28 49 29053 0 0
72 29 49 29057.2 0 0
71 30 49 29064 0 0
75 28 49 29068.3 0 0
76 27 49 29072.5 0 0
76 27 0 29076.7 0 0
76 27 0 29080.9 0 0
74 35 49 29085.1 0 0
81 37 49 29089.3 0 0
88 49 49 29093.6 0 0
96 58 49 29097.9 0 0
101 71 49 29102.2 0 0
104 83 49 29106.4 0 0
107 87 49 29110.6 0 0
105 97 49 29114.8 0 0
106 96 48 29119 0 0
107 92 49 29123.3 0 0
108 94 48 29127.5 0 0
108 90 49 29131.7 0 0
109 96 48 29135.9 0 0
111 94 49 29140.1 0 0
107 93 48 29144.4 0 0
108 92 48 29148.7 0 0
108 96 49 29155.4 0 0
108 92 48 29159.7 0 0
109 93 49 29163.9 0 0
110 92 49 29168.1 0 0
107 93 49 29172.3 0 0
108 93 48 29176.5 0 0
109 91 49 29180.8 0 0
109 94 49 29185 0 0
111 91 49 29189.3 0 0
109 92 49 29193.5 0 0
108 95 49 29197.7 0 0
108 93 49 29201.9 0 0
107 94 49 29206.1 0 0
110 92 49 29210.3 0 0
109 95 49 29214.5 0 0
110 96 49 29218.8 0 0
108 97 49 29223 0 0
108 95 49 29227.2 0 0
110 94 49 29231.4 0 0
109 97 49 29235.6 0 0
110 96 49 29240.3 0 0
109 94 49 29244.6 0 0
111 94 49 29251.3 0 0
110 94 49 29255.6 0 0
110 95 48 29259.8 0 0
108 92 49 29264 0 0
110 94 49 29268.2 0 0
111 94 49 29272.4 0 0
110 89 49 29276.6 0 0
113 93 49 29280.8 0 0
109 93 49 29285.1 0 0
109 94 49 29289.4 0 0
111 95 49 29293.6 0 0
110 93 49 29297.8 0 0
108 92 49 29302 0 0
110 95 49 29306.2 0 0
110 93 50 29310.4 0 0
110 92 49 29314.7 0 0
110 97 49 29318.9 0 0
107 95 49 29323.1 0 0
109 94 49 29327.3 0 0
110 95 49 29331.5 0 0
110 95 49 29335.7 0 0
109 96 48 29340 0 0
111 92 49 29344.2 0 0
111 97 49 29351 0 0
108 98 49 29355.3 0 0
109 97 49 29359.5 0 0
109 95 49 29363.7 0 0
111 94 49 29367.9 0 0
109 94 49 29372.2 0 0
110 94 49 29376.4 0 0
109 96 49 29380.7 0 0
109 95 49 29385 0 0
110 97 49 29389.2 0 0
110 96 49 29393.3 0 0
110 99 49 29397.6 0 0
110 98 49 29401.8 0 0
112 99 49 29406 0 0
109 106 49 29410.2 0 0
111 114 48 29414.5 0 0
113 126 48 29418.7 0 0
114 135 48 29422.9 0 0
113 142 48 29427.1 0 0
111 148 48 29431.3 0 0
112 148 48 29435.5 0 0
115 152 48 29439.7 0 0
114 148 48 29444 0 0
115 145 48 29448.2 0 0
115 153 49 29452.4 0 0
114 152 49 29456.6 0 0
113 145 48 29460.8 0 0
114 148 48 29465 0 0
117 157 49 29469.2 0 0
115 151 48 29476.1 0 0
115 152 48 29480.4 0 0
114 158 48 29484.7 0 0
113 158 48 29488.9 0 0
114 153 49 29493.1 0 0
114 153 48 29497.3 0 0
114 152 48 29501.5 0 0
112 158 49 29505.8 0 0
113 162 48 29510 0 0
116 157 49 29514.2 0 0
113 157 48 29518.5 0 0
113 157 48 29522.7 0 0
113 159 48 29526.9 0 0
115 166 49 29531.1 0 0
113 148 48 29535.4 0 0
112 156 48 29539.6 0 0
114 158 49 29543.8 0 0
113 153 49 29548 0 0
112 154 48 29552.2 0 0
112 159 49 29556.4 0 0
111 161 49 29560.7 0 0
111 161 49 29564.9 0 0
115 151 49 29570.4 0 0
112 159 48 29574.6 0 0
112 164 48 29578.8 0 0
113 155 49 29583 0 0
112 151 49 29587.2 0 0
115 156 49 29591.4 0 0
114 157 49 29595.6 0 0
118 157 49 29599.9 0 0
113 151 49 29604.1 0 0
114 157 48 29608.3 0 0
112 161 49 29612.5 0 0
114 153 48 29616.7 0 0
115 153 49 29621 0 0
115 157 49 29625.2 0 0
112 160 48 29629.4 0 0
114 156 49 29633.6 0 0
113 154 48 29637.8 0 0
111 154 49 29642 0 0
114 160 49 29646.2 0 0
112 159 49 29650.5 0 0
114 153 48 29654.7 0 0
113 153 48 29658.9 0 0
112 152 48 29663.1 0 0
113 152 49 29667.3 0 0
114 155 49 29671.5 0 0
115 150 49 29675.8 0 0
114 153 48 29680 0 0
113 150 49 29684.2 0 0
114 153 49 29688.4 0 0
117 150 48 29692.7 0 0
119 153 49 29697 0 0
121 156 48 29701.3 0 0
119 151 48 29705.5 0 0
119 154 48 29709.7 0 0
117 162 48 29713.9 0 0
120 162 48 29718.1 0 0
121 165 48 29722.3 0 0
120 162 48 29726.5 0 0
118 157 48 29730.8 0 0
121 154 49 29735 0 0
118 157 48 29739.2 0 0
118 156 48 29743.4 0 0
117 149 48 29747.6 0 0
118 158 48 29751.8 0 0
119 162 48 29756 0 0
118 159 48 29760.2 0 0
117 164 48 29764.4 0 0
121 156 49 29768.6 0 0
119 152 48 29772.9 0 0
119 153 48 29777.1 0 0
120 154 48 29781.3 0 0
118 152 48 29785.5 0 0
120 155 49 29789.8 0 0
121 154 49 29794 0 0
119 149 48 29798.2 0 0
120 148 48 29802.4 0 0
118 158 48 29806.6 0 0
119 160 48 29813.5 0 0
118 159 48 29818.4 0 0
118 158 48 29822.6 0 0
119 155 48 29826.8 0 0
118 155 49 29831 0 0
118 153 48 29835.2 0 0
120 156 48 29839.4 0 0
119 156 49 29843.7 0 0
122 156 48 29847.9 0 0
118 155 48 29852.1 0 0
121 150 48 29856.3 0 0
120 153 48 29860.5 0 0
119 152 48 29864.7 0 0
118 151 48 29869 0 0
120 153 48 29873.2 0 0
120 153 48 29877.4 0 0
120 156 48 29882.9 0 0
118 154 48 29887.1 0 0
118 150 48 29891.3 0 0
118 151 48 29895.5 0 0
121 165 48 29899.7 0 0
118 150 48 29903.9 0 0
118 163 48 29908.2 0 0
120 156 48 29912.4 0 0
119 155 48 29916.8 0 0
120 161 48 29921 0 0
119 159 48 29925.3 0 0
121 158 48 29929.5 0 0
118 156 48 29933.7 0 0
117 156 48 29937.9 0 0
119 158 48 29942.2 0 0
120 161 48 29946.4 0 0
118 152 48 29950.6 0 0
121 149 48 29954.8 0 0
117 151 48 29959 0 0
118 153 48 29963.2 0 0
120 151 48 29967.5 0 0
119 151 48 29971.7 0 0
120 155 48 29975.9 0 0
119 153 48 29980.1 0 0
119 153 48 29984.3 0 0
117 158 48 29988.5 0 0
119 157 48 29992.8 0 0
121 157 49 29997 0 0
118 157 48 30001.2 0 0
120 155 48 30005.5 0 0
119 158 48 30009.7 0 0
121 158 48 30013.9 0 0
119 161 48 30018.1 0 0
117 158 48 30022.3 0 0
119 159 48 30026.5 0 0
117 155 48 30030.7 0 0
118 157 48 30035.3 0 0
120 160 48 30039.5 0 0
118 154 48 30043.8 0 0
118 156 48 30048 0 0
120 150 48 30052.2 0 0
116 163 48 30056.4 0 0
117 155 48 30063.3 0 0
118 161 48 30067.5 0 0
119 159 48 30071.7 0 0
119 157 48 30075.9 0 0
118 161 48 30080.2 0 0
120 158 48 30084.3 0 0
117 162 48 30088.6 0 0
119 158 48 30092.8 0 0
116 156 48 30097.1 0 0
118 160 48 30101.3 0 0
119 160 48 30105.5 0 0
118 158 48 30109.8 0 0
120 158 48 30114 0 0
119 156 48 30118.2 0 0
118 160 48 30122.5 0 0
118 155 48 30126.7 0 0
117 159 48 30130.9 0 0
118 155 48 30135.2 0 0
119 157 48 30139.3 0 0
120 151 48 30143.5 0 0
120 152 48 30147.8 0 0
120 161 47 30152 0 0
120 161 47 30158.9 0 0
119 157 48 30164.3 0 0
120 166 48 30168.5 0 0
119 162 48 30172.7 0 0
121 164 48 30176.9 0 0
117 154 48 30181.1 0 0
118 148 48 30185.4 0 0
118 148 48 30189.6 0 0
117 155 48 30195.5 0 0
121 157 48 30199.7 0 0
118 156 48 30203.9 0 0
118 152 48 30208.1 0 0
119 154 48 30212.3 0 0
116 158 48 30216.6 0 0
118 153 48 30220.8 0 0
118 151 48 30225 0 0
121 165 48 30229.2 0 0
118 157 48 30233.5 0 0
119 161 48 30237.7 0 0
118 157 48 30241.9 0 0
121 159 49 30246.1 0 0
117 159 48 30250.4 0 0
119 158 48 30256 0 0
119 160 48 30260.2 0 0
120 160 47 30264.4 0 0
121 162 48 30268.6 0 0
119 159 48 30272.8 0 0
118 158 48 30277 0 0
119 159 48 30283.8 0 0
120 159 48 30288 0 0
118 164 48 30292.3 0 0
119 159 48 30296.5 0 0
117 158 48 30300.8 0 0
117 161 48 30305 0 0
118 157 48 30309.2 0 0
118 157 48 30313.5 0 0
117 161 48 30317.7 0 0
119 159 47 30322 0 0
118 160 48 30326.2 0 0
117 162 48 30330.4 0 0
121 157 48 30334.6 0 0
117 161 48 30338.8 0 0
117 165 48 30343 0 0
117 162 48 30347.2 0 0
120 156 48 30351.4 0 0
120 156 48 30355.7 0 0
122 147 47 30359.9 0 0
129 134 48 30364.1 0 0
136 126 48 30368.3 0 0
139 112 48 30372.5 0 0
142 104 48 30376.8 0 0
153 94 48 30381 0 0
158 86 48 30387.9 0 0
159 78 48 30392.1 0 0
161 75 48 30396.4 0 0
161 68 48 30400.7 0 0
164 60 48 30404.9 0 0
165 55 48 30409.1 0 0
167 55 48 30413.3 0 0
166 58 48 30417.5 0 0
167 57 48 30421.7 0 0
163 59 48 30426 0 0
165 61 48 30430.2 0 0
164 61 48 30434.4 0 0
163 57 48 30438.7 0 0
166 60 48 30442.9 0 0
164 60 47 30447.1 0 0
164 60 48 30451.3 0 0
163 57 48 30455.5 0 0
162 60 48 30459.7 0 0
164 59 48 30464 0 0
166 60 48 30468.2 0 0
164 60 48 30472.4 0 0
166 59 48 30477.1 0 0
165 58 48 30481.3 0 0
166 60 48 30487.8 0 0
165 58 48 30492.1 0 0
164 58 48 30496.3 0 0
164 58 48 30500.6 0 0
164 58 48 30504.8 0 0
166 60 48 30509 0 0
166 61 48 30513.2 0 0
167 59 48 30517.4 0 0
165 61 48 30521.6 0 0
163 61 48 30525.9 0 0
166 60 48 30530.1 0 0
166 59 48 30534.3 0 0
165 61 47 30538.5 0 0
166 61 48 30542.7 0 0
165 60 48 30546.9 0 0
164 59 48 30551.1 0 0
165 58 48 30555.3 0 0
166 61 48 30559.5 0 0
166 60 48 30563.8 0 0
163 57 48 30568 0 0
165 57 48 30572.2 0 0
161 61 48 30576.5 0 0
161 61 48 30580.7 0 0
166 58 48 30586 0 0
165 55 48 30591.8 0 0
165 60 48 30596 0 0
165 59 48 30600.2 0 0
165 58 48 30604.5 0 0
165 61 48 30608.7 0 0
164 60 48 30612.9 0 0
165 60 48 30617.1 0 0
164 58 48 30621.3 0 0
166 58 48 30625.5 0 0
165 57 48 30629.8 0 0
166 57 48 30634 0 0
166 59 48 30638.2 0 0
166 61 47 30642.4 0 0
164 59 48 30646.6 0 0
166 60 48 30650.8 0 0
166 61 48 30655 0 0
173 57 48 30659.3 0 0
180 57 48 30663.5 0 0
186 59 47 30667.7 0 0
190 57 47 30671.9 0 0
196 60 47 30676.1 0 0
199 57 46 30680.3 0 0
209 59 46 30684.5 0 0
215 63 45 30688.8 0 0
214 56 45 30693.4 0 0
210 54 45 30697.6 0 0
211 54 45 30704.3 0 0
211 56 46 30708.6 0 0
211 52 45 30712.8 0 0
213 55 45 30717 0 0
210 58 45 30721.3 0 0
214 55 45 30725.5 0 0
214 57 45 30729.7 0 0
214 55 45 30733.9 0 0
213 55 45 30738.5 0 0
212 56 46 30742.7 0 0
212 56 45 30747 0 0
212 57 45 30751.2 0 0
211 57 45 30755.4 0 0
203 60 46 30759.6 0 0
193 58 46 30763.9 0 0
184 58 47 30768.1 0 0
157 50 49 30772.3 0 0
146 49 48 30779.3 0 0
136 47 49 30783.5 0 0
123 48 50 30787.7 0 0
114 50 50 30792 0 0
104 49 50 30796.2 0 0
94 49 49 30800.4 0 0
82 49 50 30804.6 0 0
73 51 49 30808.8 0 0
66 50 48 30813 0 0
59 52 48 30817.3 0 0
52 50 48 30821.5 0 0
45 48 48 30825.7 0 0
44 49 48 30829.9 0 0
37 48 48 30834.1 0 0
37 44 48 30838.3 0 0
36 48 48 30842.5 0 0
41 48 48 30846.8 0 0
40 46 48 30851 0 0
39 43 48 30855.2 0 0
38 47 47 30859.4 0 0
42 49 47 30863.6 0 0
38 49 47 30867.8 0 0
36 48 48 30872 0 0
36 48 48 30876.3 0 0
37 46 47 30882.9 0 0
41 45 48 30887.1 0 0
40 46 48 30891.3 0 0
40 48 48 30902.9 0 0
38 47 48 30907.1 0 0
39 46 48 30911.4 0 0
41 50 48 30915.6 0 0
41 50 48 30919.8 0 0
41 49 47 30924 0 0
42 49 48 30928.2 0 0
43 48 47 30932.4 0 0
40 48 47 30936.7 0 0
41 49 48 30940.9 0 0
43 51 47 30945.1 0 0
43 50 48 30949.3 0 0
37 49 48 30953.5 0 0
34 47 48 30957.7 0 0
27 44 48 30962 0 0
23 43 48 30966.2 0 0
17 47 47 30970.4 0 0
15 43 47 30974.7 0 0
13 49 47 30979.1 0 0
18 50 47 30983.3 0 0
17 45 48 30987.5 0 0
18 49 47 30991.7 0 0
19 47 47 30996 0 0
19 46 47 31000.2 0 0
19 44 47 31004.4 0 0
20 45 47 31008.7 0 0
17 46 47 31012.9 0 0
18 46 47 31017.1 0 0
18 50 47 31021.3 0 0
18 46 48 31025.5 0 0
19 48 47 31029.7 0 0
21 50 47 31034 0 0
19 47 47 31038.2 0 0
19 50 47 31042.4 0 0
20 49 47 31046.6 0 0
19 49 47 31050.8 0 0
19 47 47 31055 0 0
20 48 47 31059.2 0 0
21 51 47 31063.5 0 0
19 51 47 31067.7 0 0
17 47 47 31071.9 0 0
19 49 47 31076.1 0 0
16 47 47 31080.3 0 0
20 48 47 31084.5 0 0
17 48 47 31088.7 0 0
18 49 47 31093 0 0
21 48 47 31097.2 0 0
20 48 48 31101.4 0 0
18 46 48 31105.6 0 0
21 49 47 31109.8 0 0
20 50 47 31114 0 0
20 49 47 31118.2 0 0
18 50 48 31122.5 0 0
19 52 47 31126.7 0 0
19 50 47 31131 0 0
19 49 47 31135.2 0 0
20 48 47 31139.4 0 0
19 50 47 31143.6 0 0
19 49 47 31147.8 0 0
22 50 47 31152 0 0
19 51 47 31156.2 0 0
19 50 47 31160.4 0 0
19 51 47 31164.7 0 0
19 50 47 31168.9 0 0
17 50 47 31173.1 0 0
19 49 47 31177.3 0 0
19 49 47 31181.5 0 0
20 49 47 31185.7 0 0
21 50 47 31190 0 0
20 51 47 31194.2 0 0
21 51 47 31198.4 0 0
19 51 47 31202.6 0 0
19 50 47 31206.8 0 0
17 51 47 31211.5 0 0
17 49 47 31215.7 0 0
21 51 47 31220 0 0
19 50 47 31224.3 0 0
19 47 47 31228.5 0 0
18 49 47 31232.7 0 0
16 47 47 31237 0 0
19 48 46 31241.2 0 0
19 47 47 31245.4 0 0
21 50 47 31249.6 0 0
21 50 47 31253.9 0 0
21 50 47 31258.1 0 0
19 48 47 31262.3 0 0
22 49 47 31266.5 0 0
16 47 47 31270.7 0 0
18 47 47 31274.9 0 0
17 47 47 31279.1 0 0
18 49 47 31283.4 0 0
19 48 47 31287.6 0 0
19 47 47 31291.8 0 0
18 49 47 31296 0 0
19 52 47 31300.2 0 0
19 49 47 31304.4 0 0
21 51 47 31308.6 0 0
18 50 47 31312.9 0 0
18 51 47 31317.1 0 0
17 51 47 31321.3 0 0
20 49 47 31325.5 0 0
19 51 47 31329.7 0 0
20 48 47 31333.9 0 0
19 53 47 31338.1 0 0
18 50 47 31342.3 0 0
19 50 47 31346.6 0 0
17 51 48 31350.8 0 0
19 52 47 31355 0 0
21 51 47 31359.2 0 0
18 51 47 31366 0 0
21 50 47 31370.2 0 0
19 50 47 31374.5 0 0
17 51 47 31378.8 0 0
18 50 47 31383 0 0
17 51 47 31387.2 0 0
17 50 47 31391.4 0 0
18 50 47 31395.6 0 0
20 47 47 31399.8 0 0
16 51 47 31404 0 0
18 51 47 31408.2 0 0
18 48 47 31412.5 0 0
17 50 47 31416.8 0 0
18 50 47 31421 0 0
19 51 47 31425.2 0 0
18 49 47 31429.4 0 0
19 52 47 31433.6 0 0
20 52 47 31437.8 0 0
18 51 47 31442 0 0
18 51 47 31446.3 0 0
21 51 47 31450.5 0 0
21 52 47 31454.7 0 0
18 50 47 31458.9 0 0
21 52 47 31463.1 0 0
18 48 47 31467.3 0 0
21 48 46 31471.5 0 0
20 48 47 31475.8 0 0
22 53 47 31482.8 0 0
18 48 47 31487 0 0
19 48 47 31491.2 0 0
20 48 47 31495.5 0 0
18 50 47 31499.7 0 0
19 50 47 31503.9 0 0
20 46 47 31508.1 0 0
17 49 47 31512.3 0 0
20 49 47 31516.5 0 0
21 47 47 31520.8 0 0
18 50 47 31525 0 0
19 49 47 31529.2 0 0
17 48 47 31533.4 0 0
19 48 47 31537.7 0 0
20 51 48 31541.9 0 0
18 50 47 31546.1 0 0
21 51 47 31550.3 0 0
19 51 47 31554.5 0 0
18 49 47 31558.7 0 0
20 49 47 31563 0 0
22 48 47 31567.2 0 0
21 50 47 31571.5 0 0
17 49 47 31575.7 0 0
23 49 47 31582.5 0 0
19 50 47 31586.8 0 0
20 51 47 31591 0 0
20 51 47 31595.2 0 0
19 48 48 31599.5 0 0
21 50 47 31603.7 0 0
17 48 47 31607.9 0 0
20 49 47 31612.1 0 0
24 52 47 31616.3 0 0
18 50 47 31620.5 0 0
19 50 47 31624.8 0 0
20 49 48 31629 0 0
19 50 47 31633.2 0 0
23 49 47 31637.4 0 0
19 47 47 31641.6 0 0
20 47 47 31645.8 0 0
20 51 47 31650 0 0
19 51 47 31654.2 0 0
21 48 47 31658.5 0 0
19 47 47 31662.7 0 0
19 48 47 31666.9 0 0
22 47 47 31671.2 0 0
19 50 47 31675.4 0 0
22 50 48 31679.6 0 0
18 48 47 31683.8 0 0
19 48 47 31688.1 0 0
18 49 47 31694.9 0 0
20 48 48 31699.1 0 0
19 48 47 31703.4 0 0
17 48 47 31707.6 0 0
21 49 47 31711.8 0 0
18 47 48 31716 0 0
19 49 47 31720.2 0 0
22 51 47 31724.5 0 0
20 48 47 31728.7 0 0
20 51 47 31732.9 0 0
21 49 47 31737.1 0 0
21 49 47 31741.3 0 0
20 49 47 31745.5 0 0
20 51 47 31749.7 0 0
19 50 48 31754 0 0
21 49 48 31758.2 0 0
19 46 48 31762.4 0 0
20 48 47 31766.6 0 0
22 50 47 31770.8 0 0
19 48 47 31775 0 0
20 48 48 31779.2 0 0
20 49 47 31783.5 0 0
19 49 47 31787.7 0 0
21 49 47 31792 0 0
19 50 47 31796.2 0 0
20 50 47 31803 0 0
19 48 47 31807.3 0 0
18 51 48 31811.5 0 0
19 51 47 31815.8 0 0
21 51 47 31820 0 0
19 50 47 31824.2 0 0
21 49 47 31828.5 0 0
20 49 47 31832.6 0 0
23 49 47 31836.8 0 0
20 50 47 31841.1 0 0
22 49 47 31845.3 0 0
21 49 47 31849.6 0 0
19 49 47 31853.8 0 0
20 50 47 31858 0 0
21 50 47 31862.2 0 0
19 50 47 31866.4 0 0
22 52 47 31870.6 0 0
22 47 48 31874.8 0 0
18 51 47 31879.1 0 0
21 53 48 31883.3 0 0
19 54 47 31887.5 0 0
21 50 48 31891.7 0 0
21 53 48 31895.9 0 0
27 57 48 31900.1 0 0
37 63 49 31904.3 0 0
37 63 49 31908.5 0 0
58 64 49 31914.1 0 0
68 68 49 31918.3 0 0
80 68 50 31922.5 0 0
88 71 50 31926.8 0 0
98 76 49 31931 0 0
106 74 50 31935.2 0 0
122 80 49 31939.4 0 0
125 83 49 31943.6 0 0
133 80 49 31947.8 0 0
140 84 48 31952 0 0
149 94 48 31956.2 0 0
156 103 48 31960.5 0 0
160 112 48 31964.7 0 0
167 129 47 31968.9 0 0
178 138 46 31973.1 0 0
179 150 46 31977.3 0 0
187 149 46 31981.5 0 0
196 160 46 31985.7 0 0
196 155 46 31989.9 0 0
203 161 46 31994.2 0 0
201 159 46 31998.4 0 0
209 166 45 32002.6 0 0
210 165 46 32006.8 0 0
212 172 46 32011 0 0
215 158 46 32015.3 0 0
217 168 46 32019.5 0 0
215 158 46 32023.7 0 0
218 164 47 32028 0 0
220 166 46 32032.2 0 0
219 171 46 32036.4 0 0
219 166 46 32040.7 0 0
218 168 46 32044.9 0 0
221 160 47 32049.1 0 0
217 166 46 32053.3 0 0
217 169 47 32057.5 0 0
216 177 46 32061.7 0 0
221 177 46 32066 0 0
219 173 46 32070.2 0 0
216 177 46 32074.4 0 0
216 169 46 32078.6 0 0
216 168 46 32082.8 0 0
215 173 46 32087 0 0
219 164 46 32091.2 0 0
216 170 47 32095.5 0 0
219 170 46 32099.7 0 0
215 172 46 32104 0 0
219 175 47 32108.2 0 0
217 176 47 32112.4 0 0
215 174 46 32116.6 0 0
216 179 46 32120.8 0 0
215 177 46 32125 0 0
217 173 46 32129.2 0 0
216 176 46 32133.5 0 0
216 174 46 32137.7 0 0
215 180 46 32141.9 0 0
216 174 47 32146.1 0 0
217 185 46 32150.3 0 0
215 168 47 32154.5 0 0
213 177 47 32158.7 0 0
217 177 46 32163 0 0
210 174 47 32167.2 0 0
214 172 47 32171.4 0 0
215 177 47 32176.1 0 0
214 183 47 32180.3 0 0
213 180 48 32184.5 0 0
212 183 46 32188.8 0 0
214 183 47 32193 0 0
215 184 47 32197.2 0 0
214 186 47 32201.4 0 0
215 180 47 32205.6 0 0
215 174 47 32209.8 0 0
214 170 46 32214.1 0 0
216 171 47 32218.3 0 0
214 174 47 32222.8 0 0
219 178 46 32227 0 0
227 181 47 32231.2 0 0
232 186 46 32235.4 0 0
232 186 46 32239.6 0 0
229 179 46 32243.8 0 0
229 186 45 32248 0 0
233 185 46 32252.2 0 0
231 184 46 32256.5 0 0
231 187 46 32260.7 0 0
230 182 46 32264.9 0 0
233 192 46 32269.1 0 0
229 181 46 32273.3 0 0
230 182 46 32277.5 0 0
231 184 46 32281.8 0 0
231 187 46 32286 0 0
230 185 46 32290.2 0 0
226 175 46 32294.4 0 0
230 182 46 32298.6 0 0
230 175 46 32302.8 0 0
228 179 46 32307.1 0 0
232 185 46 32311.3 0 0
228 184 46 32315.5 0 0
232 184 46 32319.8 0 0
231 185 46 32324 0 0
230 192 45 32328.2 0 0
230 190 46 32332.4 0 0
232 188 46 32336.6 0 0
233 194 45 32340.8 0 0
230 190 46 32345 0 0
232 189 45 32349.3 0 0
230 177 45 32353.5 0 0
228 177 46 32357.7 0 0
229 172 45 32361.9 0 0
236 191 46 32366.1 0 0
232 187 46 32370.3 0 0
230 181 46 32374.5 0 0
230 185 46 32379 0 0
233 190 45 32383.2 0 0
230 184 45 32387.4 0 0
233 191 46 32391.6 0 0
230 191 46 32395.8 0 0
233 193 45 32400 0 0
230 182 46 32404.2 0 0
230 182 46 32408.5 0 0
227 181 46 32414.2 0 0
231 188 45 32418.4 0 0
231 194 45 32422.6 0 0
230 192 45 32426.8 0 0
229 183 46 32431 0 0
228 189 46 32435.2 0 0
234 190 46 32439.5 0 0
232 190 45 32443.7 0 0
230 188 46 32447.9 0 0
231 187 46 32452.1 0 0
229 184 45 32456.3 0 0
232 193 45 32460.5 0 0
229 185 46 32464.7 0 0
233 191 45 32469 0 0
230 190 45 32473.2 0 0
230 188 45 32477.4 0 0
231 187 46 32481.6 0 0
229 188 46 32485.8 0 0
230 183 45 32490.1 0 0
232 184 46 32494.3 0 0
231 199 46 32498.6 0 0
229 189 45 32502.8 0 0
231 185 45 32507 0 0
229 183 46 32511.2 0 0
229 189 45 32515.5 0 0
229 180 46 32519.7 0 0
228 185 45 32523.9 0 0
230 184 45 32528.1 0 0
230 181 45 32532.3 0 0
230 185 45 32536.6 0 0
228 186 46 32540.8 0 0
230 185 45 32545 0 0
231 183 45 32549.2 0 0
230 181 45 32553.4 0 0
231 187 45 32557.7 0 0
228 184 45 32561.9 0 0
228 177 46 32566.1 0 0
232 188 45 32570.3 0 0
232 182 45 32574.5 0 0
231 192 46 32578.7 0 0
227 184 45 32582.9 0 0
232 182 45 32587.1 0 0
231 190 45 32591.4 0 0
233 182 45 32595.6 0 0
235 182 45 32599.8 0 0
237 201 45 32604 0 0
236 186 44 32608.2 0 0
235 184 44 32612.4 0 0
240 193 45 32616.6 0 0
232 184 45 32620.9 0 0
234 178 45 32625.1 0 0
234 182 45 32629.3 0 0
233 184 45 32633.5 0 0
232 180 45 32637.7 0 0
236 180 44 32641.9 0 0
235 178 45 32646.1 0 0
234 182 44 32650.3 0 0
230 183 45 32654.6 0 0
233 183 45 32658.8 0 0
234 185 44 32663.1 0 0
235 182 45 32667.3 0 0
234 183 44 32671.5 0 0
235 176 45 32676.1 0 0
233 183 45 32680.3 0 0
234 180 44 32684.5 0 0
237 183 45 32688.8 0 0
233 178 45 32693 0 0
234 186 45 32697.2 0 0
235 185 45 32701.5 0 0
234 182 45 32705.7 0 0
234 178 45 32709.8 0 0
233 178 44 32714.1 0 0
235 179 45 32718.3 0 0
233 178 44 32722.5 0 0
234 178 45 32726.8 0 0
237 190 44 32731 0 0
235 186 44 32735.2 0 0
235 186 45 32739.4 0 0
235 186 44 32743.6 0 0
236 182 45 32747.8 0 0
234 179 44 32752.1 0 0
233 181 44 32756.3 0 0
237 185 45 32760.5 0 0
235 183 44 32764.7 0 0
237 184 44 32768.9 0 0
233 179 44 32773.3 0 0
236 178 44 32777.6 0 0
237 180 45 32781.8 0 0
236 187 45 32786.1 0 0
233 186 44 32790.3 0 0
235 184 44 32794.5 0 0
235 180 44 32798.7 0 0
233 180 44 32802.9 0 0
235 185 44 32807.1 0 0
234 184 45 32811.3 0 0
236 182 45 32815.6 0 0
236 184 44 32819.8 0 0
236 182 45 32824 0 0
233 177 45 32828.2 0 0
234 184 45 32832.4 0 0
235 178 44 32836.6 0 0
234 182 45 32840.8 0 0
234 174 44 32845.1 0 0
233 175 45 32849.3 0 0
234 182 44 32853.6 0 0
233 178 45 32857.8 0 0
237 178 44 32862 0 0
235 179 44 32866.2 0 0
233 177 44 32870.4 0 0
237 184 44 32874.6 0 0
232 177 44 32881.7 0 0
232 178 45 32885.9 0 0
232 176 44 32890.1 0 0
235 182 45 32894.3 0 0
234 184 45 32898.7 0 0
237 183 45 32912.6 0 0
233 180 44 32916.8 0 0
234 187 45 32923.2 0 0
235 186 44 32927.4 0 0
236 184 44 32931.6 0 0
236 186 45 32935.8 0 0
237 184 45 32940.1 0 0
235 184 44 32944.3 0 0
235 186 45 32948.5 0 0
234 178 45 32952.7 0 0
237 184 44 32956.9 0 0
234 186 44 32961.1 0 0
236 191 44 32965.3 0 0
235 189 44 32969.6 0 0
235 186 44 32973.8 0 0
234 186 45 32978.2 0 0
236 184 45 32982.5 0 0
239 195 45 32986.7 0 0
238 184 45 32990.9 0 0
233 183 44 32995.1 0 0
240 185 44 32999.3 0 0
233 180 44 33003.6 0 0
238 189 45 33007.8 0 0
231 183 45 33014.8 0 0
238 186 44 33019.1 0 0
233 178 44 33023.2 0 0
231 180 45 33027.5 0 0
231 186 45 33031.7 0 0
237 186 45 33035.9 0 0
235 181 44 33040.1 0 0
235 184 44 33044.4 0 0
235 186 45 33048.6 0 0
235 184 44 33052.8 0 0
235 184 44 33057 0 0
233 178 44 33061.2 0 0
236 186 44 33065.5 0 0
234 185 45 33069.7 0 0
238 190 44 33073.9 0 0
233 183 45 33078.1 0 0
239 191 44 33082.3 0 0
235 182 45 33086.5 0 0
237 194 45 33090.7 0 0
234 190 45 33094.9 0 0
237 193 45 33099.2 0 0
236 189 45 33103.4 0 0
240 199 45 33107.6 0 0
234 183 44 33111.8 0 0
235 186 44 33116 0 0
237 201 45 33123 0 0
238 194 45 33131.2 0 0
238 189 45 33139.7 0 0
235 188 45 33147.9 0 0
235 188 45 33156.4 0 0
235 193 45 33164.1 0 0
237 192 45 33168.4 0 0
236 193 45 33172.9 0 0
236 188 44 33177.1 0 0
234 192 44 33181.4 0 0
234 188 45 33185.6 0 0
234 191 45 33189.8 0 0
235 194 45 33194.1 0 0
236 193 45 33198.3 0 0
237 186 45 33202.5 0 0
234 189 45 33206.7 0 0
236 192 45 33210.9 0 0
237 192 45 33215.1 0 0
234 187 45 33219.3 0 0
236 193 45 33223.6 0 0
232 190 45 33227.8 0 0
235 190 45 33232 0 0
238 193 45 33236.2 0 0
232 194 45 33240.4 0 0
235 192 45 33244.7 0 0
233 194 44 33248.9 0 0
235 186 45 33253.1 0 0
234 188 45 33257.3 0 0
232 184 45 33261.5 0 0
234 187 45 33265.7 0 0
233 180 45 33269.9 0 0
231 144 45 33274.1 0 0
227 122 45 33281.1 0 0
228 109 45 33285.3 0 0
228 98 45 33289.5 0 0
223 90 44 33293.8 0 0
225 81 44 33298 0 0
224 74 44 33302.2 0 0
223 72 44 33306.5 0 0
218 69 44 33310.7 0 0
220 69 45 33314.9 0 0
219 73 44 33319.2 0 0
221 78 44 33323.4 0 0
218 71 44 33327.6 0 0
218 72 44 33331.8 0 0
219 76 45 33336.2 0 0
219 73 45 33340.4 0 0
215 72 45 33344.6 0 0
217 74 45 33348.9 0 0
219 76 45 33353.1 0 0
218 71 45 33357.3 0 0
219 73 45 33361.5 0 0
218 73 45 33365.7 0 0
220 72 46 33369.9 0 0
217 73 44 33374.1 0 0
219 74 44 33381 0 0
219 74 46 33385.2 0 0
218 74 45 33389.4 0 0
219 74 45 33393.7 0 0
217 77 44 33397.9 0 0
220 71 45 33402.1 0 0
217 74 45 33406.3 0 0
219 72 45 33410.5 0 0
214 75 45 33414.7 0 0
217 75 45 33419 0 0
218 72 45 33423.2 0 0
221 77 45 33427.4 0 0
217 72 45 33431.6 0 0
218 75 45 33435.8 0 0
219 75 45 33440 0 0
219 75 45 33444.2 0 0
216 74 45 33448.5 0 0
218 76 45 33452.7 0 0
218 73 45 33456.9 0 0
219 74 44 33461.2 0 0
217 73 45 33465.4 0 0
217 73 45 33469.6 0 0
216 76 45 33473.8 0 0
218 71 45 33478.5 0 0
218 76 45 33482.7 0 0
219 73 45 33489.3 0 0
215 74 45 33493.6 0 0
216 75 45 33497.8 0 0
219 73 45 33502.1 0 0
215 72 45 33506.3 0 0
220 74 45 33510.5 0 0
216 73 45 33514.7 0 0
217 75 45 33518.9 0 0
217 72 45 33523.1 0 0
217 75 45 33527.3 0 0
222 74 45 33531.6 0 0
218 75 45 33537 0 0
219 75 45 33541.2 0 0
218 72 45 33547.5 0 0
218 77 45 33551.8 0 0
219 76 45 33556 0 0
217 75 45 33560.2 0 0
216 75 45 33564.5 0 0
220 71 45 33568.7 0 0
219 66 45 33572.9 0 0
222 61 45 33577.1 0 0
224 58 45 33581.3 0 0
221 57 45 33585.5 0 0
223 56 45 33589.7 0 0
219 59 45 33594 0 0
226 69 45 33598.2 0 0
223 65 45 33602.4 0 0
222 57 45 33610.8 0 0
221 56 45 33615 0 0
225 58 45 33619.2 0 0
222 55 45 33623.5 0 0
221 53 45 33627.7 0 0
221 54 45 33631.9 0 0
221 54 45 33636.1 0 0
222 56 45 33640.3 0 0
221 52 45 33644.6 0 0
222 54 45 33648.8 0 0
219 51 45 33653 0 0
220 53 45 33660.1 0 0
225 55 45 33664.7 0 0
225 52 45 33668.9 0 0
224 55 45 33673.1 0 0
221 54 44 33677.3 0 0
220 54 44 33681.5 0 0
221 54 44 33685.7 0 0
223 52 45 33690 0 0
220 55 45 33694.2 0 0
220 51 45 33698.5 0 0
221 52 44 33702.7 0 0
224 53 44 33707.1 0 0
220 50 45 33711.3 0 0
221 53 44 33719.8 0 0
221 52 45 33727 0 0
221 52 45 33731.2 0 0
222 54 45 33735.4 0 0
222 52 45 33743.8 0 0
220 54 45 33748 0 0
220 52 44 33752.3 0 0
221 53 44 33756.5 0 0
224 52 45 33760.7 0 0
221 54 44 33764.9 0 0
223 53 45 33769.1 0 0
219 54 45 33773.3 0 0
224 54 44 33777.6 0 0
223 52 44 33781.8 0 0
220 52 45 33786 0 0
221 52 45 33790.2 0 0
221 52 45 33794.4 0 0
223 54 45 33798.7 0 0
220 51 45 33802.9 0 0
220 51 45 33807.1 0 0
224 51 45 33811.3 0 0
221 50 44 33818.3 0 0
220 53 45 33826.7 0 0
219 52 45 33835 0 0
223 51 45 33843.4 0 0
221 52 45 33851.5 0 0
221 52 45 33860 0 0
219 51 45 33867.3 0 0
220 52 44 33871.5 0 0
223 50 45 33876.7 0 0
220 54 45 33880.9 0 0
221 50 45 33885.1 0 0
221 51 45 33889.3 0 0
221 53 45 33893.5 0 0
221 50 45 33897.7 0 0
219 52 45 33901.9 0 0
222 50 45 33906.2 0 0
220 54 45 33910.4 0 0
219 50 45 33914.6 0 0
219 53 45 33923 0 0
221 52 45 33927.2 0 0
218 53 45 33931.4 0 0
221 51 45 33935.7 0 0
223 51 45 33939.9 0 0
219 52 45 33944.1 0 0
221 51 45 33948.3 0 0
222 52 45 33952.5 0 0
219 51 45 33956.7 0 0
222 51 45 33960.9 0 0
218 52 45 33965.2 0 0
220 51 45 33969.4 0 0
220 51 45 33974.6 0 0
221 53 45 33978.8 0 0
219 49 45 33984.8 0 0
220 51 45 33989.1 0 0
220 51 45 33993.3 0 0
222 51 45 33997.5 0 0
222 49 45 34001.8 0 0
221 52 45 34006 0 0
222 49 45 34010.2 0 0
220 52 45 34014.4 0 0
221 55 45 34018.7 0 0
222 54 45 34022.8 0 0
221 52 45 34027.1 0 0
221 53 45 34031.7 0 0
223 56 45 34035.9 0 0
222 51 45 34040.1 0 0
220 50 45 34044.3 0 0
221 53 45 34048.5 0 0
219 50 45 34052.7 0 0
219 50 0 34056.9 0 0
220 51 45 34061.2 0 0
220 51 45 34065.4 0 0
221 51 45 34070.4 0 0
220 52 45 34074.6 0 0
220 51 45 34078.8 0 0
221 51 44 34083 0 0
218 52 45 34087.2 0 0
222 53 45 34091.5 0 0
220 50 45 34095.7 0 0
220 52 45 34099.9 0 0
220 51 44 34104.3 0 0
220 51 45 34108.5 0 0
224 49 44 34112.7 0 0
219 52 44 34116.9 0 0
221 50 45 34121.2 0 0
219 51 45 34125.4 0 0
217 50 44 34129.6 0 0
222 51 44 34133.8 0 0
221 52 45 34138 0 0
220 52 45 34142.2 0 0
221 50 45 34146.4 0 0
223 50 45 34150.6 0 0
223 53 44 34154.8 0 0
220 51 45 34159.1 0 0
218 49 44 34163.3 0 0
223 54 44 34167.5 0 0
222 53 45 34171.7 0 0
220 51 44 34175.9 0 0
220 53 44 34180.1 0 0
220 55 45 34184.3 0 0
220 54 45 34188.6 0 0
220 54 45 34193.5 0 0
220 55 45 34197.8 0 0
222 54 44 34201.9 0 0
220 51 45 34206.2 0 0
222 54 44 34210.4 0 0
221 55 45 34214.6 0 0
221 53 45 34218.8 0 0
222 54 45 34223.1 0 0
219 53 45 34227.3 0 0
223 55 45 34231.5 0 0
219 52 45 34235.7 0 0
219 51 44 34239.9 0 0
220 51 45 34244.1 0 0
222 51 44 34248.3 0 0
221 51 45 34252.6 0 0
223 53 45 34256.8 0 0
221 55 45 34261 0 0
224 52 45 34265.2 0 0
222 55 45 34269.4 0 0
220 54 44 34273.6 0 0
220 52 45 34277.8 0 0
219 52 45 34282.1 0 0
218 54 45 34286.3 0 0
222 54 45 34290.5 0 0
222 54 0 34294.8 0 0
221 53 45 34299 0 0
222 53 45 34303.2 0 0
219 57 44 34307.4 0 0
224 56 44 34311.6 0 0
221 55 44 34315.8 0 0
221 58 45 34320 0 0
219 64 44 34324.2 0 0
213 75 45 34328.5 0 0
205 85 45 34332.7 0 0
202 95 45 34336.9 0 0
198 110 45 34341.1 0 0
196 119 45 34345.3 0 0
195 143 46 34349.6 0 0
195 156 46 34353.8 0 0
194 182 46 34358 0 0
195 206 46 34362.2 0 0
193 221 46 34366.4 0 0
194 230 47 34370.6 0 0
196 240 47 34374.8 0 0
194 231 47 34379.1 0 0
195 232 47 34383.3 0 0
195 229 47 34387.6 0 0
195 234 47 34391.8 0 0
196 233 47 34396 0 0
194 233 47 34400.2 0 0
197 239 47 34412.9 0 0
196 237 47 34429.7 0 0
192 237 47 34438.2 0 0
195 236 47 34442.4 0 0
192 234 47 34446.7 0 0
193 238 47 34450.9 0 0
193 240 47 34455.2 0 0
195 239 47 34459.4 0 0
191 232 47 34472.1 0 0
192 234 47 34484.7 0 0
191 236 47 34488.9 0 0
194 236 47 34497.4 0 0
194 233 47 34501.7 0 0
191 237 47 34505.9 0 0
193 238 47 34510.1 0 0
189 231 47 34514.3 0 0
193 237 47 34518.5 0 0
192 240 47 34522.8 0 0
189 228 47 34527 0 0
190 228 47 34531.2 0 0
195 232 47 34535.4 0 0
193 232 47 34543.8 0 0
194 229 47 34548 0 0
192 234 47 34552.2 0 0
193 239 47 34556.5 0 0
193 236 47 34560.7 0 0
193 235 47 34564.9 0 0
191 231 47 34569.1 0 0
190 226 47 34573.4 0 0
192 234 47 34581.8 0 0
193 235 47 34586.1 0 0
191 236 47 34590.3 0 0
192 235 47 34598.8 0 0
191 228 47 34607.2 0 0
196 240 47 34611.4 0 0
192 228 47 34615.6 0 0
191 229 47 34619.9 0 0
193 240 47 34624.1 0 0
190 222 48 34628.3 0 0
196 235 47 34632.5 0 0
194 229 47 34636.8 0 0
194 229 48 34641 0 0
187 230 47 34645.2 0 0
192 239 47 34649.4 0 0
193 237 47 34653.6 0 0
190 229 47 34662.1 0 0
196 228 47 34666.3 0 0
194 227 47 34670.5 0 0
193 235 47 34674.7 0 0
190 240 47 34678.9 0 0
189 228 47 34683.2 0 0
192 229 47 34687.4 0 0
193 230 47 34691.6 0 0
193 227 47 34695.8 0 0
189 227 46 34700 0 0
194 229 47 34704.2 0 0
192 227 47 34708.4 0 0
192 229 47 34712.7 0 0
191 228 47 34716.9 0 0
190 228 47 34721.1 0 0
191 229 47 34725.3 0 0
193 231 47 34729.6 0 0
193 233 47 34733.8 0 0
192 227 47 34738 0 0
190 224 47 34742.2 0 0
193 228 47 34746.4 0 0
190 225 47 34750.6 0 0
194 226 46 34754.9 0 0
194 229 47 34759.1 0 0
191 227 47 34763.3 0 0
190 223 47 34767.5 0 0
193 230 47 34771.7 0 0
193 226 47 34775.9 0 0
191 229 46 34780.1 0 0
189 226 46 34784.3 0 0
193 229 47 34788.6 0 0
191 227 47 34792.8 0 0
196 232 46 34797 0 0
193 224 47 34801.2 0 0
193 222 47 34805.4 0 0
192 224 47 34809.6 0 0
193 227 46 34813.8 0 0
192 229 47 34818.1 0 0
192 224 47 34822.3 0 0
189 223 47 34826.5 0 0
192 229 47 34830.7 0 0
192 225 46 34834.9 0 0
192 232 46 34839.1 0 0
197 229 46 34843.3 0 0
191 220 46 34847.9 0 0
191 224 46 34852.1 0 0
190 223 47 34858.7 0 0
191 224 46 34863 0 0
194 229 47 34867.2 0 0
191 227 46 34871.4 0 0
193 224 46 34875.6 0 0
192 227 46 34879.9 0 0
194 232 46 34884.1 0 0
189 222 47 34888.3 0 0
190 222 46 34892.5 0 0
191 222 46 34901.6 0 0
194 230 46 34905.8 0 0
190 225 46 34910.3 0 0
193 229 46 34916.9 0 0
192 231 47 34921.2 0 0
192 226 46 34925.4 0 0
192 230 46 34929.6 0 0
192 224 46 34933.8 0 0
194 224 46 34938.1 0 0
192 224 46 34942.3 0 0
189 221 46 34946.5 0 0
192 226 47 34950.7 0 0
189 216 46 34954.9 0 0
189 224 46 34959.1 0 0
192 219 47 34963.3 0 0
192 229 47 34967.6 0 0
192 226 46 34971.8 0 0
193 228 46 34976 0 0
194 221 46 34980.3 0 0
193 228 46 34984.6 0 0
192 225 46 34988.8 0 0
192 228 46 34993 0 0
193 229 46 34997.2 0 0
192 226 46 35001.4 0 0
192 231 46 35005.6 0 0
193 222 46 35009.8 0 0
192 222 46 35014.1 0 0
192 222 46 35018.2 0 0
190 234 46 35023.5 0 0
194 234 46 35027.7 0 0
194 228 46 35032 0 0
192 232 46 35036.2 0 0
193 233 46 35040.7 0 0
192 234 46 35044.9 0 0
190 223 46 35049.1 0 0
189 219 46 35053.3 0 0
190 223 46 35057.5 0 0
192 225 46 35061.7 0 0
194 227 46 35065.9 0 0
192 226 46 35070.2 0 0
192 233 46 35074.4 0 0
192 227 46 35078.6 0 0
192 229 46 35082.8 0 0
191 228 46 35087.1 0 0
194 230 46 35091.3 0 0
192 227 46 35095.5 0 0
191 234 46 35099.8 0 0
193 233 46 35104.1 0 0
193 228 46 35108.3 0 0
192 232 46 35112.5 0 0
193 228 46 35116.8 0 0
189 231 46 35121 0 0
193 232 46 35125.2 0 0
190 229 46 35129.5 0 0
194 233 46 35133.7 0 0
194 234 46 35137.9 0 0
192 232 46 35142.1 0 0
195 224 46 35146.3 0 0
194 226 46 35150.6 0 0
192 235 46 35154.8 0 0
194 225 45 35159 0 0
191 226 46 35163.2 0 0
195 227 46 35167.6 0 0
193 224 46 35171.8 0 0
192 228 46 35176.1 0 0
192 233 46 35180.3 0 0
193 222 46 35184.5 0 0
192 229 46 35188.8 0 0
193 233 46 35193 0 0
194 231 46 35197.2 0 0
195 234 46 35201.4 0 0
195 234 46 35205.6 0 0
191 236 46 35211 0 0
194 235 46 35215.3 0 0
193 237 46 35219.5 0 0
193 237 46 35223.8 0 0
194 235 46 35228.2 0 0
193 240 46 35232.4 0 0
193 233 46 35236.6 0 0
194 233 45 35240.8 0 0
193 234 46 35245 0 0
194 236 46 35249.2 0 0
192 235 45 35253.4 0 0
191 226 46 35257.6 0 0
190 227 46 35261.8 0 0
194 227 46 35266.1 0 0
191 231 46 35270.2 0 0
192 225 46 35274.5 0 0
193 227 46 35278.7 0 0
193 230 46 35282.9 0 0
191 222 46 35287.6 0 0
189 223 46 35292.4 0 0
194 229 46 35296.6 0 0
195 232 46 35300.9 0 0
191 227 46 35305.1 0 0
193 228 46 35309.3 0 0
192 223 46 35313.6 0 0
194 229 46 35317.8 0 0
192 225 46 35322 0 0
192 225 46 35326.2 0 0
191 225 46 35330.4 0 0
194 227 46 35334.6 0 0
192 224 46 35338.9 0 0
192 229 46 35343.1 0 0
192 225 46 35347.3 0 0
194 235 46 35351.6 0 0
189 224 46 35355.8 0 0
192 238 46 35360 0 0
192 223 46 35364.2 0 0
193 238 46 35368.4 0 0
196 240 46 35372.6 0 0
193 229 46 35376.8 0 0
194 232 46 35381.1 0 0
195 235 46 35385.3 0 0
194 238 46 35389.5 0 0
191 230 46 35393.7 0 0
195 237 46 35397.9 0 0
192 232 46 35402.1 0 0
194 236 46 35406.3 0 0
192 231 46 35410.6 0 0
191 233 46 35414.8 0 0
193 226 46 35419 0 0
190 229 46 35423.2 0 0
194 226 46 35427.4 0 0
195 230 45 35431.6 0 0
194 224 46 35435.8 0 0
188 220 46 35440.1 0 0
189 225 46 35444.3 0 0
192 225 45 35448.5 0 0
194 233 46 35452.7 0 0
191 235 46 35456.9 0 0
198 238 46 35461.1 0 0
194 237 46 35465.4 0 0
194 235 46 35469.6 0 0
195 235 46 35473.8 0 0
193 237 46 35478.1 0 0
192 238 46 35482.3 0 0
196 238 46 35486.5 0 0
192 238 46 35490.7 0 0
190 236 46 35495 0 0
195 237 45 35499.2 0 0
194 236 46 35503.4 0 0
193 236 46 35507.7 0 0
192 233 46 35511.9 0 0
193 233 46 35516.1 0 0
193 238 46 35520.3 0 0
196 232 46 35524.5 0 0
195 239 46 35528.7 0 0
196 235 45 35533 0 0
192 237 46 35537.2 0 0
191 233 46 35541.5 0 0
194 233 46 35545.7 0 0
195 236 45 35549.9 0 0
193 238 46 35554.1 0 0
195 236 46 35558.4 0 0
193 228 46 35562.6 0 0
191 236 46 35566.8 0 0
193 239 46 35571 0 0
191 230 46 35575.2 0 0
193 234 46 35579.4 0 0
190 229 46 35583.6 0 0
191 227 46 35587.9 0 0
195 233 46 35592.1 0 0
194 240 46 35596.3 0 0
192 226 46 35600.6 0 0
190 222 46 35605 0 0
193 230 46 35609.2 0 0
195 239 46 35613.6 0 0
195 239 46 35617.8 0 0
195 239 46 35622 0 0
195 235 46 35626.3 0 0
194 238 45 35630.6 0 0
193 234 45 35634.8 0 0
192 237 46 35639 0 0
193 237 46 35643.2 0 0
193 238 46 35647.4 0 0
193 237 46 35651.6 0 0
195 237 45 35655.8 0 0
192 235 46 35660.4 0 0
192 236 46 35664.6 0 0
196 236 46 35668.8 0 0
193 236 46 35673 0 0
192 235 46 35677.2 0 0
194 238 46 35681.4 0 0
194 235 46 35685.7 0 0
192 236 46 35689.9 0 0
194 237 46 35694.1 0 0
194 238 45 35698.5 0 0
193 239 46 35702.7 0 0
193 237 45 35707.1 0 0
196 240 46 35711.3 0 0
194 234 46 35715.5 0 0
193 235 46 35719.8 0 0
194 238 46 35725.1 0 0
195 233 46 35729.5 0 0
193 237 46 35733.7 0 0
198 239 46 35737.9 0 0
196 237 46 35742.1 0 0
193 235 46 35746.3 0 0
194 235 46 35750.5 0 0
194 231 46 35754.8 0 0
191 233 45 35759 0 0
196 239 46 35763.2 0 0
192 236 46 35767.4 0 0
194 236 46 35771.6 0 0
192 236 45 35775.8 0 0
191 237 46 35780 0 0
197 239 46 35784.2 0 0
195 235 46 35788.5 0 0
195 238 45 35792.7 0 0
193 228 45 35796.9 0 0
195 235 46 35801.1 0 0
193 232 46 35805.3 0 0
193 229 46 35809.5 0 0
192 235 46 35813.8 0 0
190 226 46 35818 0 0
191 234 45 35822.2 0 0
192 239 46 35830.7 0 0
193 235 46 35834.9 0 0
192 238 45 35839.1 0 0
194 237 46 35856 0 0
195 240 46 35860.2 0 0
192 226 46 35864.4 0 0
192 225 46 35868.6 0 0
194 235 45 35872.8 0 0
190 234 46 35877.1 0 0
192 234 46 35881.3 0 0
193 227 46 35889.8 0 0
193 233 45 35894 0 0
194 236 45 35898.2 0 0
191 230 46 35902.4 0 0
194 235 46 35906.7 0 0
191 234 45 35911.4 0 0
190 225 46 35915.6 0 0
193 232 46 35919.8 0 0
191 227 45 35924 0 0
194 235 45 35928.2 0 0
194 226 46 35932.4 0 0
191 233 45 35936.7 0 0
193 225 45 35940.9 0 0
191 227 46 35945.2 0 0
191 230 46 35949.5 0 0
191 227 45 35953.7 0 0
192 228 45 35957.9 0 0
194 237 45 35962.1 0 0
192 226 45 35966.3 0 0
194 235 46 35970.5 0 0
188 226 46 35974.8 0 0
195 237 45 35979 0 0
196 238 45 35983.2 0 0
193 239 46 35987.4 0 0
194 238 46 35991.7 0 0
193 238 45 35995.9 0 0
193 237 46 36000.1 0 0
195 238 45 36004.4 0 0
192 238 46 36008.6 0 0
192 235 45 36012.8 0 0
192 237 46 36017 0 0
192 236 46 36021.2 0 0
194 240 46 36033.9 0 0
192 232 46 36038.1 0 0
190 237 46 36042.4 0 0
194 237 46 36046.6 0 0
193 239 45 36051 0 0
192 237 45 36055.2 0 0
192 239 46 36059.4 0 0
192 234 46 36063.6 0 0
196 236 45 36067.9 0 0
195 240 45 36072.1 0 0
194 237 46 36076.3 0 0
192 232 46 36080.5 0 0
189 226 46 36084.7 0 0
193 224 46 36088.9 0 0
193 237 45 36097.4 0 0
196 238 45 36105.9 0 0
194 234 45 36110.1 0 0
192 237 45 36118.5 0 0
198 240 45 36126.9 0 0
193 237 45 36131.2 0 0
192 237 46 36135.4 0 0
192 236 45 36139.6 0 0
195 236 46 36143.8 0 0
194 239 45 36148 0 0
197 239 46 36152.2 0 0
194 240 45 36156.5 0 0
195 237 45 36160.7 0 0
194 239 45 36164.9 0 0
194 235 46 36169.1 0 0
194 239 46 36173.3 0 0
194 234 46 36177.5 0 0
193 236 45 36181.8 0 0
194 236 45 36186 0 0
194 231 45 36190.2 0 0
194 236 45 36194.4 0 0
193 235 46 36198.6 0 0
192 233 45 36202.8 0 0
194 230 46 36207.3 0 0
192 224 45 36211.5 0 0
194 231 45 36215.8 0 0
193 227 46 36220 0 0
195 238 45 36224.2 0 0
193 227 45 36228.5 0 0
193 230 45 36232.7 0 0
190 225 46 36236.9 0 0
196 235 46 36241.1 0 0
193 233 45 36245.4 0 0
193 228 45 36249.6 0 0
193 231 46 36253.8 0 0
196 235 46 36258 0 0
192 234 46 36262.2 0 0
194 238 46 36266.4 0 0
192 236 46 36274.8 0 0
194 237 46 36279.1 0 0
196 235 46 36287.5 0 0
193 231 46 36291.7 0 0
195 238 45 36295.9 0 0
194 232 45 36300.2 0 0
193 235 46 36304.3 0 0
193 232 46 36308.6 0 0
194 235 46 36312.8 0 0
195 238 46 36317.1 0 0
194 236 46 36321.3 0 0
198 238 46 36325.5 0 0
195 238 46 36329.7 0 0
193 230 46 36338.1 0 0
196 228 45 36342.3 0 0
195 229 45 36346.6 0 0
193 226 45 36350.8 0 0
196 239 46 36355 0 0
194 237 46 36363.4 0 0
195 238 46 36367.7 0 0
199 240 46 36382.2 0 0
197 238 46 36394.8 0 0
194 235 46 36399 0 0
195 239 46 36407.5 0 0
194 238 45 36411.7 0 0
193 238 45 36415.9 0 0
195 237 46 36420.1 0 0
194 232 46 36424.3 0 0
198 238 46 36432.7 0 0
194 239 46 36437 0 0
195 238 46 36441.2 0 0
196 240 46 36445.5 0 0
197 237 45 36449.7 0 0
194 233 46 36458.1 0 0
194 236 45 36466.5 0 0
194 240 46 36470.8 0 0
195 235 46 36479.3 0 0
196 240 45 36483.5 0 0
194 239 45 36487.7 0 0
196 235 45 36491.9 0 0
196 235 46 36496.1 0 0
194 238 45 36504.6 0 0
194 232 46 36508.8 0 0
193 233 45 36513 0 0
194 239 46 36517.2 0 0
195 237 45 36521.4 0 0
193 236 45 36529.9 0 0
197 238 45 36542.8 0 0
192 236 45 36547 0 0
196 240 45 36551.2 0 0
194 238 45 36559.7 0 0
195 240 45 36563.9 0 0
194 238 45 36568.1 0 0
196 238 45 36572.3 0 0
194 240 46 36576.6 0 0
195 237 46 36580.8 0 0
196 240 46 36585 0 0
194 234 46 36589.2 0 0
194 239 45 36593.4 0 0
196 235 46 36597.7 0 0
195 238 45 36602 0 0
196 238 45 36606.3 0 0
192 234 46 36610.5 0 0
194 233 45 36631.6 0 0
194 235 45 36635.8 0 0
196 239 46 36640 0 0
194 238 45 36648.4 0 0
195 239 45 36652.6 0 0
195 237 45 36661.1 0 0
196 240 45 36669.6 0 0
195 236 45 36673.8 0 0
193 234 46 36682.2 0 0
191 239 46 36694.9 0 0
194 233 46 36699.1 0 0
195 236 46 36728.7 0 0
192 240 45 36741.3 0 0
199 239 45 36745.6 0 0
183 220 45 36758.2 0 0
177 216 45 36762.4 0 0
170 204 46 36766.6 0 0
160 182 46 36770.9 0 0
158 202 45 36775.1 0 0
150 207 44 36779.3 0 0
124 216 42 36855.3 0 0
122 206 44 36859.5 0 0
122 181 45 36863.7 0 0
121 170 46 36867.9 0 0
121 154 46 36872.1 0 0
122 144 46 36876.4 0 0
121 129 47 36880.6 0 0
121 128 47 36884.8 0 0
121 120 47 36889 0 0
118 113 47 36893.2 0 0
120 112 47 36906.7 0 0
117 108 47 36912.9 0 0
118 109 47 36917.2 0 0
117 110 47 36921.4 0 0
120 110 47 36925.9 0 0
117 108 47 36930.1 0 0
116 116 47 36934.3 0 0
120 113 47 36938.5 0 0
115 115 47 36942.7 0 0
118 111 47 36946.9 0 0
118 111 46 36951.2 0 0
119 110 47 36955.4 0 0
117 112 47 36959.6 0 0
119 115 47 36963.8 0 0
119 114 47 36968 0 0
119 113 47 36972.2 0 0
117 111 47 36976.4 0 0
119 116 47 36980.7 0 0
120 114 47 36984.8 0 0
119 110 47 36989.1 0 0
117 113 47 36993.3 0 0
118 112 47 36997.5 0 0
121 115 46 37001.7 0 0
116 115 47 37006 0 0
119 117 47 37010.2 0 0
119 119 47 37014.4 0 0
118 117 47 37018.6 0 0
118 118 47 37022.8 0 0
121 116 47 37027 0 0
118 118 47 37031.3 0 0
120 116 47 37035.6 0 0
117 117 47 37039.8 0 0
119 116 47 37044 0 0
120 115 47 37048.2 0 0
120 113 47 37052.4 0 0
118 114 47 37056.6 0 0
118 118 47 37060.8 0 0
119 118 47 37065.1 0 0
118 116 47 37069.3 0 0
120 113 47 37073.5 0 0
122 114 46 37077.7 0 0
117 111 47 37082.1 0 0
119 113 47 37086.3 0 0
121 114 47 37090.5 0 0
116 118 47 37094.7 0 0
119 115 47 37099 0 0
119 114 47 37103.2 0 0
119 118 47 37107.4 0 0
121 115 47 37111.6 0 0
121 107 47 37115.8 0 0
123 105 47 37120.1 0 0
125 109 47 37124.3 0 0
121 106 47 37128.5 0 0
122 107 47 37132.7 0 0
124 104 47 37136.9 0 0
123 107 47 37141.1 0 0
121 105 47 37145.3 0 0
122 107 47 37149.6 0 0
124 106 47 37153.8 0 0
123 104 47 37158 0 0
119 103 47 37162.3 0 0
123 108 47 37166.5 0 0
124 105 47 37170.7 0 0
121 107 47 37174.9 0 0
123 107 47 37179.1 0 0
121 108 47 37183.3 0 0
124 104 47 37187.6 0 0
124 108 47 37191.8 0 0
124 105 47 37196 0 0
122 103 47 37200.2 0 0
123 107 47 37204.4 0 0
123 108 47 37208.6 0 0
123 107 47 37212.8 0 0
123 108 47 37217.1 0 0
126 109 47 37221.3 0 0
123 112 48 37225.5 0 0
122 106 47 37229.7 0 0
125 107 47 37233.9 0 0
120 109 47 37238.2 0 0
121 112 47 37242.5 0 0
123 108 47 37246.7 0 0
121 108 47 37250.9 0 0
123 105 47 37255.2 0 0
122 107 47 37259.4 0 0
122 106 47 37263.6 0 0
123 108 47 37267.8 0 0
121 108 47 37272 0 0
121 103 47 37276.2 0 0
120 108 47 37280.4 0 0
123 112 47 37284.7 0 0
120 112 47 37288.9 0 0
123 106 47 37293.1 0 0
121 108 47 37297.3 0 0
121 107 47 37301.5 0 0
121 109 47 37305.7 0 0
122 107 46 37309.9 0 0
122 107 47 37314.2 0 0
120 107 47 37318.4 0 0
122 108 47 37322.6 0 0
121 110 47 37326.8 0 0
121 106 47 37331 0 0
121 106 47 37335.2 0 0
123 109 47 37339.4 0 0
122 109 47 37343.7 0 0
126 109 47 37347.9 0 0
121 107 47 37352.1 0 0
124 107 47 37356.3 0 0
120 107 47 37360.6 0 0
123 107 47 37364.8 0 0
121 105 47 37369 0 0
121 106 47 37373.2 0 0
122 106 47 37377.4 0 0
123 107 47 37381.7 0 0
120 107 47 37385.9 0 0
120 106 47 37390.1 0 0
121 110 47 37394.3 0 0
122 111 47 37398.5 0 0
122 109 47 37402.7 0 0
122 111 47 37407 0 0
122 111 47 37411.2 0 0
121 108 47 37415.4 0 0
123 111 47 37419.6 0 0
120 108 47 37423.8 0 0
122 107 47 37428 0 0
118 107 47 37432.2 0 0
124 110 47 37436.4 0 0
119 106 47 37440.8 0 0
123 110 47 37445 0 0
122 103 47 37449.2 0 0
123 109 47 37453.4 0 0
118 111 47 37457.6 0 0
121 110 47 37461.8 0 0
120 111 47 37466 0 0
122 107 47 37470.3 0 0
122 107 47 37474.8 0 0
121 107 47 37479.5 0 0
121 110 47 37483.8 0 0
123 108 47 37487.9 0 0
121 106 47 37492.2 0 0
124 110 47 37496.4 0 0
122 110 47 37500.6 0 0
121 109 47 37504.8 0 0
121 108 47 37509.1 0 0
121 109 47 37513.3 0 0
122 109 47 37517.5 0 0
120 109 47 37521.7 0 0
121 103 47 37525.9 0 0
121 106 47 37530.1 0 0
122 105 47 37534.4 0 0
122 107 47 37538.6 0 0
120 110 47 37542.8 0 0
121 107 47 37547 0 0
123 110 47 37551.2 0 0
121 106 47 37555.4 0 0
122 109 47 37559.6 0 0
123 109 47 37563.9 0 0
123 108 47 37568.1 0 0
122 108 46 37572.3 0 0
121 107 47 37576.5 0 0
123 110 47 37580.8 0 0
123 109 47 37585 0 0
120 109 47 37589.2 0 0
122 108 47 37593.4 0 0
123 109 47 37597.8 0 0
122 108 47 37602 0 0
122 107 47 37606.2 0 0
121 109 47 37610.5 0 0
120 113 47 37614.7 0 0
122 119 47 37618.9 0 0
126 145 45 37623.1 0 0
126 195 45 37627.3 0 0
126 195 0 37631.5 0 0
126 195 0 37635.8 0 0
126 195 0 37640 0 0
126 195 0 37644.2 0 0
126 195 0 37648.4 0 0
126 195 0 37652.6 0 0
126 195 0 37656.8 0 0
126 195 0 37661.1 0 0
126 195 0 37665.3 0 0
126 195 0 37669.5 0 0
126 195 0 37673.7 0 0
126 195 0 37677.9 0 0
126 195 0 37682.1 0 0
126 195 0 37686.3 0 0
126 195 0 37690.6 0 0
126 195 0 37694.8 0 0
126 195 0 37699 0 0
126 195 0 37703.3 0 0
126 195 0 37707.5 0 0
126 195 0 37711.7 0 0
126 195 0 37715.9 0 0
126 195 0 37720.2 0 0
126 195 0 37724.4 0 0
126 195 0 37728.9 0 0
126 195 0 37733.1 0 0
126 195 0 37737.3 0 0
116 217 43 37741.5 0 0
117 198 44 37745.7 0 0
118 185 45 37749.9 0 0
115 174 46 37754.2 0 0
115 158 46 37758.4 0 0
116 150 46 37762.6 0 0
115 141 46 37766.8 0 0
117 130 46 37771 0 0
112 119 47 37775.2 0 0
115 113 47 37779.4 0 0
114 112 47 37783.7 0 0
114 107 47 37787.9 0 0
116 107 47 37792.1 0 0
116 104 47 37796.3 0 0
114 102 47 37800.5 0 0
115 100 47 37804.8 0 0
115 105 47 37809 0 0
116 105 47 37813.2 0 0
114 101 47 37817.4 0 0
116 100 47 37821.7 0 0
116 98 47 37825.8 0 0
114 99 47 37830.1 0 0
112 102 47 37834.3 0 0
115 109 48 37838.5 0 0
115 102 47 37842.7 0 0
112 100 47 37846.9 0 0
113 106 48 37851.1 0 0
113 103 47 37855.3 0 0
113 101 47 37859.6 0 0
114 102 47 37863.8 0 0
116 103 47 37868 0 0
117 101 47 37872.2 0 0
115 102 47 37876.4 0 0
116 102 47 37880.7 0 0
115 98 47 37884.9 0 0
114 109 48 37889.1 0 0
116 101 47 37893.3 0 0
115 102 47 37897.5 0 0
115 100 47 37901.7 0 0
116 98 47 37905.9 0 0
113 99 47 37910.4 0 0
114 100 47 37914.7 0 0
116 100 47 37918.9 0 0
115 107 48 37923.1 0 0
115 100 47 37927.3 0 0
112 101 47 37931.5 0 0
116 101 47 37935.7 0 0
116 103 47 37939.9 0 0
116 104 47 37944.2 0 0
114 104 47 37948.4 0 0
115 102 47 37952.6 0 0
114 98 47 37956.8 0 0
112 101 47 37961 0 0
114 103 47 37965.2 0 0
118 101 47 37969.5 0 0
121 101 47 37976.2 0 0
121 108 47 37980.4 0 0
121 107 47 37984.7 0 0
120 103 47 37988.9 0 0
121 103 47 37993.1 0 0
120 100 47 37997.3 0 0
122 101 47 38001.6 0 0
121 104 47 38005.8 0 0
123 105 47 38010 0 0
120 102 47 38014.2 0 0
121 102 47 38018.4 0 0
120 102 47 38022.6 0 0
120 101 47 38026.9 0 0
120 103 47 38031.1 0 0
120 97 47 38035.4 0 0
119 103 47 38039.6 0 0
120 102 47 38043.8 0 0
122 104 47 38048 0 0
122 103 47 38052.2 0 0
124 106 47 38056.4 0 0
122 101 47 38060.7 0 0
120 102 47 38064.9 0 0
123 105 47 38069.1 0 0
123 106 47 38073.3 0 0
121 103 47 38077.5 0 0
123 102 47 38081.7 0 0
121 106 47 38085.9 0 0
121 105 47 38092.8 0 0
121 106 47 38097.1 0 0
123 102 47 38101.3 0 0
122 105 47 38105.5 0 0
122 104 47 38109.7 0 0
122 102 47 38114 0 0
122 105 47 38118.2 0 0
122 105 47 38122.4 0 0
123 103 47 38126.7 0 0
125 108 47 38130.9 0 0
121 107 47 38135.1 0 0
123 107 47 38139.3 0 0
124 110 47 38143.5 0 0
121 105 47 38147.7 0 0
121 106 47 38152 0 0
121 105 47 38156.2 0 0
125 104 47 38160.4 0 0
122 105 47 38164.7 0 0
122 104 47 38168.9 0 0
121 104 47 38173.1 0 0
122 104 47 38177.3 0 0
122 109 47 38181.5 0 0
120 102 47 38185.7 0 0
121 104 47 38190.1 0 0
121 103 47 38194.3 0 0
120 104 47 38201.2 0 0
119 102 47 38205.4 0 0
122 103 47 38209.6 0 0
121 103 47 38213.9 0 0
121 103 47 38218.1 0 0
121 104 47 38222.3 0 0
122 102 47 38226.5 0 0
124 103 47 38230.9 0 0
120 104 47 38235.1 0 0
121 105 47 38239.3 0 0
124 103 47 38243.5 0 0
123 102 47 38247.7 0 0
123 101 47 38252 0 0
123 105 47 38256.2 0 0
120 105 47 38260.4 0 0
124 105 47 38264.6 0 0
123 105 47 38268.8 0 0
122 105 47 38273 0 0
124 105 47 38277.2 0 0
122 103 47 38281.5 0 0
121 103 47 38288.6 0 0
123 105 47 38292.8 0 0
122 101 47 38297 0 0
121 102 47 38301.2 0 0
119 103 47 38305.5 0 0
123 105 47 38309.7 0 0
120 110 47 38313.9 0 0
124 109 47 38318.1 0 0
121 103 47 38322.3 0 0
123 103 47 38326.6 0 0
121 105 47 38330.8 0 0
117 104 47 38334.9 0 0
119 106 47 38339.2 0 0
119 105 47 38343.4 0 0
119 107 47 38347.8 0 0
119 105 47 38352.1 0 0
117 105 47 38356.3 0 0
120 103 47 38360.5 0 0
118 104 47 38364.7 0 0
119 105 47 38368.9 0 0
118 104 47 38373.1 0 0
119 110 47 38380.1 0 0
120 107 47 38384.3 0 0
120 107 47 38388.5 0 0
120 103 47 38392.8 0 0
119 103 47 38397 0 0
118 106 47 38401.2 0 0
117 103 47 38405.4 0 0
118 105 47 38410.3 0 0
119 104 47 38414.5 0 0
121 108 47 38418.7 0 0
119 107 47 38422.9 0 0
118 105 47 38427.1 0 0
118 103 47 38431.3 0 0
117 104 47 38435.5 0 0
118 104 47 38442.5 0 0
120 106 47 38450.9 0 0
121 104 47 38459.2 0 0
119 107 47 38467.7 0 0
120 108 47 38475.9 0 0
120 108 47 38484.2 0 0
121 106 47 38492.3 0 0
117 106 47 38496.5 0 0
120 109 47 38500.9 0 0
119 106 47 38505.2 0 0
121 107 47 38509.4 0 0
124 106 47 38513.6 0 0
119 105 47 38517.8 0 0
120 107 46 38522 0 0
122 106 47 38526.2 0 0
119 109 47 38530.4 0 0
119 110 47 38534.7 0 0
119 110 47 38538.9 0 0
122 110 47 38543.1 0 0
121 110 47 38547.3 0 0
119 109 47 38551.6 0 0
116 110 47 38555.8 0 0
117 111 46 38560 0 0
121 110 47 38564.2 0 0
118 110 47 38568.5 0 0
123 101 47 38572.7 0 0
120 107 47 38576.9 0 0
121 107 47 38581.1 0 0
116 108 47 38585.3 0 0
121 104 47 38589.5 0 0
119 107 47 38593.7 0 0
120 106 47 38600.8 0 0
120 108 46 38605 0 0
119 108 47 38609.2 0 0
116 105 46 38613.4 0 0
119 102 47 38617.7 0 0
118 106 47 38621.9 0 0
121 103 46 38626.1 0 0
120 107 47 38630.3 0 0
118 105 47 38634.6 0 0
118 103 47 38638.8 0 0
118 105 47 38642.9 0 0
118 104 47 38647.2 0 0
119 106 47 38651.4 0 0
119 106 47 38655.6 0 0
119 103 47 38659.8 0 0
118 102 46 38664 0 0
120 107 46 38668.2 0 0
119 105 47 38672.4 0 0
120 106 47 38676.7 0 0
120 107 46 38680.9 0 0
118 106 47 38685.1 0 0
117 108 46 38689.3 0 0
120 107 46 38693.5 0 0
119 107 47 38700.7 0 0
121 107 46 38708.9 0 0
122 107 46 38717.4 0 0
119 107 46 38725.7 0 0
119 107 46 38733.9 0 0
120 103 47 38742.3 0 0
120 103 46 38746.6 0 0
121 106 46 38750.8 0 0
120 105 47 38755 0 0
117 104 47 38759.2 0 0
119 109 47 38763.4 0 0
120 108 47 38767.7 0 0
118 107 46 38771.9 0 0
120 107 46 38776.2 0 0
120 108 47 38780.4 0 0
119 103 46 38784.6 0 0
119 107 47 38788.8 0 0
118 110 46 38793 0 0
119 107 47 38797.2 0 0
118 108 46 38801.4 0 0
121 107 47 38805.6 0 0
121 108 46 38809.9 0 0
117 105 47 38814.1 0 0
119 108 47 38818.3 0 0
119 106 47 38822.5 0 0
120 105 46 38826.7 0 0
118 109 46 38830.9 0 0
120 107 46 38835.2 0 0
119 109 47 38839.4 0 0
118 103 46 38846.3 0 0
117 106 46 38850.6 0 0
121 103 46 38854.8 0 0
117 104 47 38859 0 0
118 105 47 38863.4 0 0
117 108 46 38867.6 0 0
119 110 47 38871.8 0 0
117 110 47 38876.1 0 0
119 107 47 38880.3 0 0
121 109 47 38884.5 0 0
119 107 47 38888.8 0 0
122 106 47 38893 0 0
119 104 46 38897.2 0 0
120 109 47 38905.8 0 0
121 108 47 38910 0 0
119 106 46 38914.3 0 0
120 110 46 38918.5 0 0
120 106 46 38922.7 0 0
118 107 46 38929.5 0 0
119 102 46 38933.8 0 0
118 104 46 38938 0 0
120 103 47 38942.3 0 0
119 112 47 38946.5 0 0
122 105 47 38950.7 0 0
120 105 46 38954.9 0 0
118 104 46 38959.1 0 0
121 105 47 38963.3 0 0
119 107 46 38967.5 0 0
119 104 46 38971.8 0 0
119 108 46 38976 0 0
118 101 47 38980.3 0 0
119 100 47 38984.5 0 0
120 98 47 38988.7 0 0
120 100 46 38992.9 0 0
119 100 46 38997.1 0 0
120 100 46 39001.4 0 0
122 98 47 39005.6 0 0
117 98 46 39009.8 0 0
120 100 47 39014.1 0 0
120 100 47 39018.2 0 0
119 101 46 39023.5 0 0
119 102 47 39027.7 0 0
119 101 46 39032 0 0
118 102 47 39036.2 0 0
118 103 46 39040.7 0 0
118 102 46 39044.9 0 0
121 100 47 39049.1 0 0
121 100 47 39053.3 0 0
119 100 46 39057.5 0 0
118 101 46 39061.7 0 0
121 98 47 39065.9 0 0
120 100 46 39070.2 0 0
118 102 46 39074.4 0 0
121 101 47 39078.6 0 0
118 103 46 39082.8 0 0
121 101 47 39087 0 0
119 100 47 39091.3 0 0
118 101 47 39095.5 0 0
121 102 47 39099.7 0 0
118 109 47 39103.9 0 0
120 104 46 39108.2 0 0
120 102 46 39112.4 0 0
121 103 47 39116.6 0 0
119 101 47 39120.8 0 0
118 102 47 39125 0 0
119 103 46 39129.2 0 0
123 102 46 39133.5 0 0
119 100 46 39137.7 0 0
121 102 47 39141.9 0 0
119 101 47 39146.1 0 0
118 100 46 39150.3 0 0
119 102 47 39154.5 0 0
120 102 46 39158.8 0 0
121 101 47 39163 0 0
120 99 47 39167.2 0 0
119 102 46 39171.4 0 0
121 103 46 39176.1 0 0
121 107 47 39180.3 0 0
119 103 47 39184.5 0 0
119 106 46 39188.7 0 0
122 108 46 39193 0 0
122 104 46 39197.2 0 0
123 107 46 39201.4 0 0
122 104 46 39205.6 0 0
120 105 46 39209.8 0 0
122 106 46 39214 0 0
122 106 46 39218.3 0 0
120 104 47 39222.7 0 0
119 105 47 39227 0 0
120 104 47 39231.2 0 0
122 104 47 39235.4 0 0
117 102 46 39239.6 0 0
119 104 47 39243.8 0 0
120 105 46 39248.1 0 0
119 106 46 39252.3 0 0
120 103 46 39256.5 0 0
121 103 47 39260.7 0 0
121 104 46 39264.9 0 0
120 101 46 39269.1 0 0
123 102 47 39273.3 0 0
119 104 46 39277.6 0 0
119 102 46 39281.8 0 0
123 103 46 39286.1 0 0
119 104 46 39290.3 0 0
121 105 46 39294.5 0 0
121 105 46 39298.7 0 0
120 101 46 39302.9 0 0
120 106 46 39307.1 0 0
122 101 46 39311.3 0 0
121 101 46 39315.6 0 0
120 101 46 39319.8 0 0
118 103 47 39324 0 0
120 104 47 39328.2 0 0
125 105 46 39332.4 0 0
121 109 46 39336.6 0 0
124 107 46 39340.8 0 0
121 110 46 39345.1 0 0
120 109 46 39349.3 0 0
123 109 47 39353.5 0 0
121 107 46 39357.7 0 0
123 106 46 39361.9 0 0
121 110 46 39366.1 0 0
122 109 46 39370.4 0 0
122 109 46 39374.6 0 0
122 110 47 39378.8 0 0
120 105 46 39383.1 0 0
121 105 47 39387.3 0 0
123 102 46 39391.5 0 0
120 102 46 39395.7 0 0
122 108 46 39399.9 0 0
121 105 46 39404.1 0 0
121 108 46 39408.3 0 0
123 104 46 39412.6 0 0
124 103 46 39416.8 0 0
118 103 46 39421 0 0
121 106 46 39425.2 0 0
121 103 47 39429.4 0 0
119 105 46 39433.6 0 0
120 108 46 39437.8 0 0
123 108 46 39442.1 0 0
122 103 46 39446.3 0 0
121 105 46 39450.5 0 0
119 106 46 39454.7 0 0
121 105 47 39458.9 0 0
123 107 46 39463.1 0 0
123 107 46 39467.4 0 0
121 106 47 39471.6 0 0
122 106 46 39475.8 0 0
121 108 46 39480 0 0
122 104 46 39484.2 0 0
119 105 46 39488.6 0 0
123 107 46 39492.8 0 0
123 107 46 39497 0 0
123 105 46 39501.2 0 0
120 108 46 39505.5 0 0
120 107 46 39509.7 0 0
122 107 46 39513.9 0 0
120 108 47 39518.1 0 0
120 106 46 39522.3 0 0
124 106 46 39526.5 0 0
118 106 46 39530.8 0 0
124 107 47 39535.2 0 0
123 110 47 39539.4 0 0
124 109 46 39543.6 0 0
122 105 46 39547.8 0 0
120 107 46 39552 0 0
123 107 46 39556.2 0 0
121 107 46 39560.4 0 0
120 105 46 39564.7 0 0
122 105 46 39568.9 0 0
122 109 46 39573.1 0 0
123 108 47 39577.3 0 0
119 106 46 39581.5 0 0
122 106 46 39585.7 0 0
123 105 47 39590 0 0
121 108 46 39594.2 0 0
121 105 47 39598.4 0 0
122 106 47 39602.6 0 0
122 110 46 39606.8 0 0
120 104 46 39611.1 0 0
122 109 46 39615.2 0 0
122 107 46 39619.5 0 0
123 109 47 39623.7 0 0
120 106 46 39627.9 0 0
121 106 47 39632.1 0 0
123 107 47 39636.3 0 0
123 108 46 39640.6 0 0
124 109 46 39644.8 0 0
122 102 47 39648.9 0 0
121 107 46 39653.2 0 0
118 106 46 39657.5 0 0
118 106 47 39661.7 0 0
118 106 47 39665.9 0 0
121 107 46 39670.1 0 0
120 109 47 39674.3 0 0
119 107 46 39678.6 0 0
119 109 46 39682.8 0 0
120 109 47 39687 0 0
120 106 47 39691.2 0 0
118 106 47 39695.5 0 0
120 107 47 39699.8 0 0
120 106 47 39704 0 0
119 110 47 39708.2 0 0
121 107 47 39712.4 0 0
121 108 47 39716.6 0 0
119 110 46 39720.9 0 0
120 110 47 39725.1 0 0
119 107 46 39729.3 0 0
119 108 47 39733.5 0 0
118 108 46 39737.7 0 0
120 104 46 39741.9 0 0
120 109 46 39746.1 0 0
119 109 47 39750.3 0 0
119 106 47 39754.6 0 0
119 108 47 39758.8 0 0
122 109 47 39763 0 0
119 107 46 39767.2 0 0
118 106 47 39771.4 0 0
121 109 47 39775.6 0 0
119 110 47 39779.8 0 0
121 109 47 39784.1 0 0
121 107 47 39788.3 0 0
118 106 46 39792.5 0 0
120 106 47 39796.7 0 0
121 106 47 39800.9 0 0
121 107 46 39805.2 0 0
119 107 46 39809.4 0 0
119 106 47 39813.6 0 0
120 110 47 39817.9 0 0
120 110 47 39824.6 0 0
117 105 47 39828.8 0 0
118 105 47 39833 0 0
119 108 47 39837.2 0 0
119 109 47 39841.4 0 0
119 105 47 39845.7 0 0
121 105 47 39849.9 0 0
121 108 47 39854.1 0 0
122 107 47 39858.3 0 0
122 110 47 39862.5 0 0
119 111 47 39866.7 0 0
116 110 47 39871 0 0
119 112 46 39875.2 0 0
120 131 46 39879.5 0 0
120 186 44 39883.7 0 0
120 186 0 39887.9 0 0
120 186 0 39892.1 0 0
120 186 0 39896.3 0 0
120 186 0 39900.5 0 0
120 186 0 39904.7 0 0
120 186 0 39909 0 0
120 186 0 39913.2 0 0
120 186 0 39917.4 0 0
120 186 0 39924.3 0 0
120 186 0 39928.5 0 0
120 186 0 39932.7 0 0
120 186 0 39937 0 0
120 186 0 39941.2 0 0
120 186 0 39945.4 0 0
120 186 0 39949.6 0 0
120 186 0 39953.8 0 0
120 186 0 39958 0 0
120 186 0 39962.3 0 0
120 186 0 39966.5 0 0
120 186 0 39970.7 0 0
120 186 0 39975 0 0
120 186 0 39979.3 0 0
120 186 0 39983.5 0 0
120 186 0 39987.7 0 0
120 186 0 39991.9 0 0
120 186 0 39996.1 0 0
120 186 0 40000.3 0 0
120 186 0 40004.6 0 0
120 186 0 40011.5 0 0
120 186 0 40015.9 0 0
127 202 42 40020.1 0 0
127 186 43 40024.4 0 0
127 171 45 40028.6 0 0
122 158 46 40032.9 0 0
125 148 46 40037.1 0 0
123 138 46 40041.4 0 0
126 131 46 40045.6 0 0
122 121 47 40049.8 0 0
122 111 47 40054 0 0
120 107 47 40058.2 0 0
120 104 47 40062.4 0 0
120 98 47 40066.7 0 0
119 96 47 40070.9 0 0
121 90 47 40075.1 0 0
122 91 48 40079.3 0 0
119 89 47 40083.5 0 0
122 87 47 40087.7 0 0
118 86 47 40091.9 0 0
122 86 47 40096.2 0 0
120 91 48 40100.4 0 0
120 88 47 40104.6 0 0
120 86 47 40108.8 0 0
120 85 47 40113.1 0 0
120 85 47 40117.2 0 0
119 87 47 40121.5 0 0
118 87 47 40125.7 0 0
122 87 47 40130.6 0 0
123 89 47 40137 0 0
123 88 47 40141.2 0 0
121 90 47 40145.4 0 0
121 86 47 40149.6 0 0
121 88 47 40153.9 0 0
119 87 47 40158.1 0 0
120 87 47 40162.3 0 0
122 87 47 40166.6 0 0
119 88 47 40170.8 0 0
122 86 47 40174.9 0 0
119 87 47 40179.2 0 0
121 86 47 40183.4 0 0
121 88 47 40187.6 0 0
121 85 47 40191.8 0 0
120 86 47 40196 0 0
121 86 47 40200.2 0 0
124 87 47 40204.4 0 0
119 88 47 40208.7 0 0
121 87 47 40212.9 0 0
118 89 48 40217.1 0 0
119 87 47 40221.3 0 0
120 88 47 40225.6 0 0
121 86 47 40229.8 0 0
120 90 48 40236.7 0 0
122 86 47 40240.9 0 0
125 88 47 40245.2 0 0
122 86 47 40249.4 0 0
119 90 47 40253.6 0 0
121 88 47 40257.8 0 0
120 87 47 40262 0 0
119 92 48 40266.2 0 0
121 87 47 40270.4 0 0
120 87 47 40274.6 0 0
123 90 48 40278.8 0 0
119 91 47 40283.1 0 0
123 90 47 40287.3 0 0
119 88 47 40291.6 0 0
118 92 47 40295.8 0 0
121 90 47 40300 0 0
120 90 47 40304.2 0 0
120 92 48 40308.5 0 0
120 90 47 40312.7 0 0
120 91 47 40318.9 0 0
120 90 47 40323.1 0 0
120 96 48 40328.3 0 0
120 90 47 40332.6 0 0
121 92 48 40336.9 0 0
121 89 47 40341.2 0 0
120 91 47 40345.5 0 0
117 92 47 40349.8 0 0
116 93 47 40354.2 0 0
116 98 47 40358.4 0 0
119 102 47 40362.7 0 0
118 99 47 40366.8 0 0
117 99 47 40371.1 0 0
119 101 47 40375.3 0 0
122 104 48 40379.6 0 0
119 98 47 40383.8 0 0
119 98 47 40388 0 0
119 98 47 40392.2 0 0
117 103 48 40398.7 0 0
116 101 47 40402.9 0 0
120 98 47 40407.2 0 0
115 100 47 40411.4 0 0
116 101 47 40415.6 0 0
120 100 47 40419.9 0 0
117 101 47 40424.1 0 0
118 98 47 40428.3 0 0
119 101 47 40432.5 0 0
121 102 47 40436.8 0 0
118 106 48 40441 0 0
120 100 47 40445.2 0 0
121 101 47 40449.4 0 0
119 100 47 40453.6 0 0
117 101 47 40457.8 0 0
118 100 47 40462 0 0
118 101 47 40466.2 0 0
118 101 47 40470.5 0 0
120 99 47 40474.7 0 0
118 99 47 40479.2 0 0
117 99 47 40483.5 0 0
119 101 47 40487.7 0 0
119 102 47 40491.9 0 0
119 102 47 40496.1 0 0
118 100 47 40500.3 0 0
120 99 47 40504.6 0 0
118 100 47 40508.8 0 0
119 107 48 40513 0 0
120 108 48 40517.2 0 0
119 108 48 40521.4 0 0
119 98 47 40525.7 0 0
119 99 47 40529.9 0 0
120 100 47 40534.1 0 0
118 100 47 40538.3 0 0
121 99 47 40542.6 0 0
119 106 48 40546.8 0 0
118 97 47 40551.2 0 0
119 101 47 40555.4 0 0
118 105 48 40559.6 0 0
118 106 48 40563.9 0 0
116 106 48 40568.1 0 0
119 106 48 40572.3 0 0
119 105 48 40576.5 0 0
122 105 47 40580.7 0 0
119 105 48 40584.9 0 0
122 103 47 40589.1 0 0
118 99 47 40593.4 0 0
120 106 48 40597.6 0 0
121 100 47 40601.8 0 0
121 103 47 40606 0 0
124 103 47 40610.2 0 0
123 108 48 40614.4 0 0
124 103 47 40618.6 0 0
122 105 47 40622.8 0 0
124 102 47 40627.1 0 0
122 104 47 40631.3 0 0
123 111 48 40635.5 0 0
124 99 47 40639.7 0 0
124 104 47 40643.9 0 0
121 102 47 40648.1 0 0
124 109 48 40652.4 0 0
121 105 47 40656.6 0 0
124 105 47 40660.8 0 0
121 105 47 40665 0 0
124 103 47 40669.2 0 0
126 106 47 40673.4 0 0
123 109 48 40677.6 0 0
124 104 47 40681.9 0 0
124 103 47 40686.1 0 0
124 104 47 40690.3 0 0
125 103 47 40694.5 0 0
123 102 47 40698.7 0 0
123 103 47 40703 0 0
122 105 47 40707.2 0 0
122 105 47 40711.4 0 0
122 106 47 40715.6 0 0
122 101 47 40719.8 0 0
121 103 47 40724.1 0 0
121 104 47 40728.3 0 0
123 101 47 40732.6 0 0
124 109 47 40736.8 0 0
124 103 47 40740.9 0 0
124 101 47 40745.2 0 0
123 105 47 40749.4 0 0
123 105 47 40753.6 0 0
124 102 47 40757.8 0 0
124 105 47 40762 0 0
123 103 47 40766.2 0 0
125 102 47 40770.4 0 0
122 105 47 40774.7 0 0
124 101 47 40778.9 0 0
122 106 47 40783.2 0 0
121 102 47 40787.4 0 0
124 108 47 40791.7 0 0
123 104 47 40795.9 0 0
124 107 47 40800.1 0 0
123 110 47 40804.3 0 0
124 108 47 40808.5 0 0
122 104 47 40812.8 0 0
124 104 47 40817 0 0
124 105 47 40821.2 0 0
123 102 47 40825.4 0 0
123 102 47 40829.6 0 0
123 104 47 40833.8 0 0
124 103 47 40838 0 0
121 103 47 40842.2 0 0
122 105 47 40846.5 0 0
121 102 47 40850.7 0 0
123 103 47 40855.1 0 0
123 104 47 40859.3 0 0
121 105 47 40863.6 0 0
124 103 47 40867.8 0 0
124 101 47 40872 0 0
123 103 47 40876.3 0 0
123 103 47 40880.5 0 0
122 105 47 40884.7 0 0
122 103 47 40888.9 0 0
121 103 47 40893.1 0 0
125 105 47 40906.7 0 0
123 102 47 40912.9 0 0
125 103 47 40917.2 0 0
123 107 48 40921.4 0 0
126 102 47 40925.6 0 0
124 106 47 40930.2 0 0
125 103 47 40934.4 0 0
124 103 47 40938.7 0 0
124 103 47 40942.9 0 0
123 102 47 40947.1 0 0
123 105 47 40951.3 0 0
123 105 47 40955.5 0 0
121 103 47 40959.7 0 0
127 109 47 40963.9 0 0
128 108 47 40968.2 0 0
122 110 47 40972.4 0 0
125 108 47 40976.6 0 0
122 108 47 40980.8 0 0
124 110 47 40985 0 0
124 108 47 40989.2 0 0
123 109 47 40993.4 0 0
124 108 47 40997.7 0 0
122 105 47 41001.9 0 0
122 106 47 41006.1 0 0
124 110 47 41010.3 0 0
124 110 47 41014.5 0 0
123 109 47 41018.7 0 0
124 105 47 41022.9 0 0
125 103 47 41027.1 0 0
122 105 47 41031.4 0 0
126 102 47 41035.6 0 0
126 105 47 41039.8 0 0
123 106 47 41044 0 0
122 105 47 41048.2 0 0
125 111 48 41052.4 0 0
121 109 47 41056.6 0 0
124 105 47 41060.9 0 0
123 104 47 41065.1 0 0
123 103 47 41069.4 0 0
122 105 47 41073.6 0 0
124 103 47 41077.8 0 0
122 102 47 41082 0 0
118 103 47 41086.2 0 0
118 104 47 41090.4 0 0
121 104 47 41094.7 0 0
121 107 47 41098.9 0 0
122 104 47 41103.1 0 0
121 107 47 41107.3 0 0
124 103 47 41111.5 0 0
122 103 47 41115.7 0 0
122 103 47 41119.9 0 0
120 105 47 41124.2 0 0
120 102 47 41128.4 0 0
119 105 47 41132.6 0 0
121 104 47 41136.8 0 0
120 105 47 41141 0 0
123 104 47 41145.2 0 0
119 108 48 41149.5 0 0
122 104 47 41153.7 0 0
122 109 47 41157.9 0 0
124 104 47 41162.1 0 0
119 107 47 41166.3 0 0
121 107 47 41170.6 0 0
121 107 47 41174.8 0 0
121 106 47 41179.8 0 0
122 109 47 41185.8 0 0
119 108 47 41190 0 0
120 107 47 41194.3 0 0
122 107 47 41198.5 0 0
121 110 47 41202.7 0 0
119 104 47 41207.2 0 0
121 108 47 41211.4 0 0
119 107 47 41215.6 0 0
121 104 47 41219.8 0 0
117 108 47 41224.1 0 0
121 109 47 41228.3 0 0
121 107 47 41232.5 0 0
119 107 47 41236.7 0 0
122 106 47 41240.9 0 0
122 107 47 41245.1 0 0
122 107 47 41249.3 0 0
120 103 47 41253.5 0 0
120 104 47 41257.7 0 0
118 106 47 41261.9 0 0
122 106 47 41266.1 0 0
120 106 47 41270.3 0 0
121 104 47 41274.6 0 0
121 107 47 41278.8 0 0
120 109 47 41285.7 0 0
121 108 47 41290.4 0 0
122 107 47 41294.7 0 0
121 106 47 41298.9 0 0
120 106 47 41303.1 0 0
124 107 47 41307.3 0 0
119 107 47 41311.5 0 0
120 104 47 41315.7 0 0
121 103 47 41319.9 0 0
119 109 47 41324.2 0 0
118 105 47 41328.3 0 0
124 108 47 41332.6 0 0
121 109 47 41336.8 0 0
122 105 47 41341 0 0
121 112 48 41345.2 0 0
120 109 47 41349.4 0 0
124 106 47 41356.6 0 0
125 107 47 41360.8 0 0
121 106 47 41365 0 0
122 106 47 41369.2 0 0
120 106 47 41373.4 0 0
122 102 47 41377.6 0 0
121 105 47 41381.8 0 0
122 101 47 41386.1 0 0
121 108 47 41390.2 0 0
123 106 47 41394.5 0 0
118 106 47 41398.7 0 0
121 104 47 41402.9 0 0
121 107 47 41407.2 0 0
122 106 47 41411.4 0 0
123 104 47 41415.6 0 0
120 108 47 41419.8 0 0
119 106 47 41424 0 0
122 107 47 41428.2 0 0
119 107 47 41432.4 0 0
121 105 47 41436.7 0 0
121 108 47 41440.9 0 0
121 107 47 41445.1 0 0
122 107 47 41449.3 0 0
123 106 47 41453.5 0 0
122 106 47 41457.7 0 0
120 108 47 41461.9 0 0
121 107 47 41466.1 0 0
122 107 47 41473 0 0
121 107 47 41477.5 0 0
119 106 47 41481.7 0 0
122 103 47 41485.9 0 0
121 106 47 41490.1 0 0
120 106 47 41494.3 0 0
121 109 47 41498.5 0 0
119 107 47 41502.7 0 0
122 107 47 41506.9 0 0
121 109 47 41511.2 0 0
121 107 47 41515.4 0 0
119 108 47 41519.7 0 0
119 107 47 41524 0 0
119 108 47 41528.2 0 0
125 105 47 41532.4 0 0
120 105 47 41536.6 0 0
120 107 46 41540.9 0 0
119 107 46 41545.1 0 0
124 106 47 41549.3 0 0
120 106 47 41553.5 0 0
122 107 47 41557.7 0 0
121 107 47 41564.6 0 0
121 107 47 41568.9 0 0
121 106 47 41573.1 0 0
120 107 47 41577.3 0 0
124 110 47 41581.5 0 0
123 107 47 41585.7 0 0
120 107 47 41589.9 0 0
119 108 46 41594.1 0 0
119 106 47 41598.4 0 0
125 107 47 41602.7 0 0
121 108 46 41606.9 0 0
119 109 47 41611.1 0 0
121 107 46 41615.3 0 0
120 106 47 41619.5 0 0
123 109 47 41623.7 0 0
120 108 47 41627.9 0 0
120 108 47 41632.2 0 0
119 106 47 41636.4 0 0
120 110 46 41640.6 0 0
120 110 47 41644.8 0 0
119 109 47 41649 0 0
123 109 46 41653.2 0 0
118 109 47 41657.5 0 0
121 105 47 41661.7 0 0
120 106 47 41666 0 0
121 103 46 41673 0 0
121 105 46 41677.2 0 0
118 104 46 41681.4 0 0
119 106 47 41685.6 0 0
121 105 46 41689.9 0 0
120 106 47 41694.1 0 0
121 100 46 41698.3 0 0
116 97 47 41702.5 0 0
118 97 47 41706.7 0 0
118 94 47 41710.9 0 0
118 94 47 41715.2 0 0
117 91 47 41719.4 0 0
115 92 47 41723.6 0 0
117 91 47 41727.9 0 0
116 92 47 41732.1 0 0
117 94 46 41736.3 0 0
117 93 47 41740.5 0 0
118 94 47 41744.7 0 0
122 91 47 41748.9 0 0
118 94 47 41753.2 0 0
118 93 46 41757.4 0 0
119 95 47 41761.6 0 0
115 92 47 41765.8 0 0
118 94 47 41770 0 0
116 95 47 41777.1 0 0
120 95 47 41781.4 0 0
117 91 47 41785.6 0 0
117 91 47 41789.9 0 0
119 97 47 41794.1 0 0
117 94 47 41798.4 0 0
118 95 47 41802.6 0 0
117 95 47 41806.8 0 0
120 94 47 41811 0 0
115 92 47 41815.2 0 0
119 91 47 41819.4 0 0
116 93 46 41823.7 0 0
118 92 47 41827.9 0 0
115 92 47 41832.1 0 0
117 96 47 41836.3 0 0
121 96 47 41840.5 0 0
119 94 47 41844.7 0 0
117 94 47 41848.9 0 0
118 97 47 41853.2 0 0
116 93 47 41857.4 0 0
117 94 47 41864.3 0 0
117 91 47 41872.8 0 0
116 94 47 41881.1 0 0
116 94 46 41889.5 0 0
119 92 47 41897.6 0 0
119 92 47 41906 0 0
120 94 47 41914.2 0 0
117 93 47 41918.4 0 0
118 92 47 41922.7 0 0
118 92 47 41927 0 0
118 94 47 41931.2 0 0
118 95 47 41935.4 0 0
116 97 47 41939.7 0 0
118 95 47 41943.9 0 0
118 98 47 41948.1 0 0
117 95 47 41952.3 0 0
120 97 46 41956.5 0 0
116 96 47 41960.7 0 0
116 97 47 41964.9 0 0
116 95 46 41969.2 0 0
120 96 47 41973.4 0 0
118 97 47 41977.6 0 0
118 96 46 41981.8 0 0
118 93 47 41986 0 0
118 96 47 41990.2 0 0
119 95 47 41994.4 0 0
118 93 47 41998.7 0 0
116 96 47 42002.9 0 0
116 96 46 42007.1 0 0
118 94 47 42011.3 0 0
119 93 47 42015.5 0 0
119 96 47 42019.7 0 0
