211 240 60 64209.8 0 0
212 230 61 64214 0 0
216 225 62 64218.2 0 0
214 221 63 64222.4 0 0
215 215 63 64226.6 0 0
216 197 64 64230.9 0 0
214 192 64 64235.1 0 0
214 186 64 64239.3 0 0
213 183 64 64243.5 0 0
216 179 65 64247.7 0 0
211 173 64 64251.9 0 0
215 173 64 64256.2 0 0
215 171 64 64260.4 0 0
214 165 64 64264.6 0 0
213 163 64 64268.8 0 0
213 157 64 64273 0 0
211 156 64 64277.3 0 0
214 155 65 64281.5 0 0
213 152 65 64285.8 0 0
213 152 65 64290 0 0
213 150 65 64297.1 0 0
212 150 65 64301.3 0 0
213 150 64 64305.5 0 0
211 149 64 64311.7 0 0
212 147 65 64316 0 0
212 148 65 64322.1 0 0
211 148 65 64326.3 0 0
213 145 65 64330.5 0 0
212 145 66 64334.7 0 0
213 144 65 64339 0 0
213 144 65 64343.2 0 0
212 146 65 64347.4 0 0
209 144 65 64351.6 0 0
212 144 65 64355.9 0 0
211 144 65 64360.1 0 0
210 147 65 64364.3 0 0
212 144 65 64368.5 0 0
213 143 65 64372.8 0 0
212 142 65 64377 0 0
210 143 65 64381.2 0 0
212 144 65 64385.4 0 0
211 139 65 64389.7 0 0
213 140 65 64393.9 0 0
210 138 65 64398.1 0 0
212 139 65 64402.3 0 0
210 138 65 64406.5 0 0
208 138 65 64410.7 0 0
211 139 65 64415 0 0
211 139 65 64419.2 0 0
210 137 65 64426.2 0 0
211 139 65 64430.4 0 0
210 138 65 64434.6 0 0
208 138 65 64439 0 0
210 139 65 64443.2 0 0
211 134 65 64447.4 0 0
214 133 65 64451.8 0 0
222 131 65 64456 0 0
229 131 65 64460.2 0 0
230 123 64 64464.4 0 0
235 120 64 64468.6 0 0
241 119 64 64472.8 0 0
239 109 63 64477 0 0
234 99 63 64481.2 0 0
232 95 63 64485.5 0 0
226 86 63 64489.7 0 0
228 80 63 64493.9 0 0
226 75 63 64498.1 0 0
226 75 63 64502.3 0 0
229 71 63 64510.1 0 0
230 75 63 64514.3 0 0
229 77 64 64518.5 0 0
230 72 63 64522.7 0 0
226 71 63 64527 0 0
226 71 0 64531.2 0 0
228 73 63 64535.4 0 0
228 74 64 64539.7 0 0
230 75 64 64543.9 0 0
230 75 0 64548.1 0 0
230 75 0 64552.3 0 0
231 76 64 64557 0 0
229 77 64 64561.2 0 0
233 81 64 64565.5 0 0
230 77 64 64569.7 0 0
228 74 63 64573.9 0 0
229 75 64 64578.1 0 0
227 72 63 64582.3 0 0
230 74 63 64586.5 0 0
227 77 64 64590.8 0 0
227 73 63 64595.1 0 0
230 73 63 64599.3 0 0
230 79 64 64603.5 0 0
230 75 63 64607.8 0 0
228 76 64 64612 0 0
231 77 64 64616.2 0 0
231 80 64 64620.4 0 0
228 81 64 64624.6 0 0
229 73 63 64628.9 0 0
227 72 63 64633.1 0 0
230 78 64 64637.3 0 0
231 79 64 64641.5 0 0
230 77 64 64645.7 0 0
226 71 63 64649.9 0 0
230 81 64 64654.2 0 0
229 75 64 64658.4 0 0
227 71 63 64662.6 0 0
227 77 64 64666.8 0 0
227 70 63 64671 0 0
227 70 63 64675.2 0 0
228 70 63 64679.4 0 0
230 70 64 64683.7 0 0
236 65 64 64687.9 0 0
237 54 63 64692.1 0 0
234 51 63 64696.3 0 0
237 49 63 64700.5 0 0
235 46 63 64704.7 0 0
233 47 63 64708.9 0 0
236 50 63 64713.1 0 0
232 47 63 64717.4 0 0
231 47 63 64721.6 0 0
233 48 63 64725.8 0 0
235 51 63 64730 0 0
233 47 62 64734.2 0 0
234 48 63 64738.5 0 0
232 46 63 64742.7 0 0
234 49 63 64746.9 0 0
233 48 63 64751.1 0 0
234 49 63 64755.3 0 0
234 49 62 64759.6 0 0
234 50 64 64763.8 0 0
233 50 63 64768 0 0
233 51 63 64772.2 0 0
232 49 63 64776.4 0 0
231 49 63 64780.6 0 0
232 50 63 64784.8 0 0
231 50 62 64789.1 0 0
235 50 63 64793.3 0 0
231 51 63 64797.5 0 0
233 51 63 64801.7 0 0
233 50 62 64805.9 0 0
230 50 63 64810.2 0 0
233 52 63 64814.5 0 0
231 49 63 64818.8 0 0
231 50 63 64823 0 0
232 49 63 64827.2 0 0
230 50 63 64831.4 0 0
233 53 63 64835.7 0 0
230 50 63 64839.9 0 0
232 53 63 64844.1 0 0
232 51 63 64848.4 0 0
230 52 62 64852.6 0 0
231 52 63 64856.8 0 0
231 50 63 64861.1 0 0
234 51 63 64865.3 0 0
233 53 63 64869.5 0 0
228 54 63 64873.7 0 0
224 63 63 64877.9 0 0
215 70 63 64883.9 0 0
205 81 64 64888.1 0 0
195 89 64 64892.3 0 0
186 99 65 64896.5 0 0
173 100 66 64900.7 0 0
163 113 67 64904.9 0 0
150 117 67 64909.2 0 0
139 123 67 64913.4 0 0
129 133 67 64917.6 0 0
121 140 67 64921.8 0 0
110 142 67 64926.1 0 0
100 148 67 64930.2 0 0
91 162 67 64934.5 0 0
80 163 67 64938.7 0 0
71 170 66 64942.9 0 0
66 169 66 64947.1 0 0
57 173 66 64951.3 0 0
48 177 66 64955.6 0 0
47 181 66 64959.8 0 0
46 180 66 64964 0 0
49 174 66 64968.2 0 0
51 176 66 64972.4 0 0
50 178 66 64976.7 0 0
50 178 66 64980.9 0 0
47 178 66 64985.1 0 0
46 181 66 64989.3 0 0
46 182 65 64993.5 0 0
44 183 65 64997.7 0 0
46 179 65 65001.9 0 0
42 180 65 65006.2 0 0
45 182 65 65012.9 0 0
44 181 65 65017.1 0 0
45 179 66 65021.3 0 0
47 183 65 65025.5 0 0
45 181 65 65029.8 0 0
49 180 65 65034.3 0 0
45 183 65 65038.6 0 0
47 182 66 65042.8 0 0
44 180 66 65047 0 0
44 179 65 65051.2 0 0
45 181 65 65055.4 0 0
45 182 66 65059.7 0 0
46 180 65 65063.9 0 0
45 178 65 65068.2 0 0
48 178 65 65072.4 0 0
45 179 65 65076.6 0 0
46 178 65 65080.8 0 0
47 181 65 65085 0 0
43 179 65 65089.2 0 0
43 179 65 65096.3 0 0
32 175 65 65103.9 0 0
31 168 65 65108.2 0 0
35 169 65 65113 0 0
36 170 66 65117.2 0 0
37 174 65 65121.4 0 0
38 172 65 65125.7 0 0
39 177 65 65129.9 0 0
36 173 65 65134.1 0 0
37 178 65 65138.3 0 0
36 176 65 65142.5 0 0
34 172 65 65146.7 0 0
35 174 65 65151 0 0
34 175 65 65155.2 0 0
35 174 65 65159.4 0 0
34 174 65 65163.7 0 0
33 175 65 65167.9 0 0
34 178 65 65172.1 0 0
33 173 65 65176.3 0 0
33 174 65 65180.5 0 0
34 178 65 65184.7 0 0
35 174 65 65189 0 0
34 177 65 65193.2 0 0
33 177 65 65197.4 0 0
35 173 65 65201.6 0 0
35 174 65 65205.8 0 0
35 173 65 65212.7 0 0
37 174 64 65216.9 0 0
33 173 65 65221.2 0 0
35 174 64 65225.5 0 0
37 176 65 65229.7 0 0
35 172 65 65233.9 0 0
37 176 64 65238.1 0 0
34 173 64 65242.3 0 0
35 173 65 65246.6 0 0
36 173 65 65250.8 0 0
35 172 64 65255.1 0 0
34 173 65 65259.3 0 0
37 173 64 65263.5 0 0
37 174 64 65267.7 0 0
35 174 64 65271.9 0 0
36 173 64 65276.2 0 0
37 173 64 65280.4 0 0
37 171 64 65284.6 0 0
37 174 64 65288.9 0 0
37 172 64 65293.1 0 0
35 174 64 65297.3 0 0
35 174 64 65301.5 0 0
36 172 64 65307 0 0
35 172 64 65311.2 0 0
34 172 64 65315.4 0 0
37 174 64 65319.7 0 0
37 172 64 65323.9 0 0
36 177 64 65328.1 0 0
46 171 65 65332.3 0 0
58 176 64 65336.5 0 0
67 182 64 65340.8 0 0
78 185 64 65345 0 0
84 194 64 65349.2 0 0
83 195 63 65353.5 0 0
81 198 63 65357.7 0 0
81 200 63 65361.9 0 0
75 200 63 65366.1 0 0
75 196 64 65370.3 0 0
79 195 63 65374.5 0 0
79 191 63 65378.8 0 0
81 193 63 65383 0 0
82 193 63 65387.2 0 0
83 196 63 65391.4 0 0
83 197 63 65395.7 0 0
84 196 63 65399.9 0 0
83 196 63 65404.1 0 0
80 200 63 65408.3 0 0
82 195 63 65412.6 0 0
79 195 63 65416.8 0 0
83 194 63 65421 0 0
81 195 63 65425.2 0 0
80 197 63 65429.4 0 0
80 193 63 65433.7 0 0
82 193 63 65437.9 0 0
80 195 63 65442.1 0 0
83 196 63 65446.3 0 0
82 196 62 65450.6 0 0
84 193 62 65454.8 0 0
80 196 62 65458.9 0 0
83 196 62 65463.2 0 0
81 196 62 65467.4 0 0
81 197 62 65471.6 0 0
82 195 62 65475.8 0 0
80 196 62 65480.1 0 0
83 196 62 65484.3 0 0
83 194 62 65488.5 0 0
80 198 62 65492.7 0 0
82 196 62 65496.9 0 0
81 196 62 65501.2 0 0
82 195 62 65505.5 0 0
84 197 62 65509.7 0 0
82 196 62 65513.9 0 0
79 196 62 65518.1 0 0
83 193 62 65522.3 0 0
81 194 62 65526.5 0 0
83 202 62 65530.8 0 0
81 194 62 65535 0 0
83 199 62 65539.2 0 0
81 193 62 65543.4 0 0
83 197 62 65547.6 0 0
84 198 62 65551.8 0 0
81 197 62 65556.1 0 0
82 198 61 65560.3 0 0
86 197 62 65564.5 0 0
83 197 62 65569.3 0 0
82 199 62 65573.5 0 0
82 200 62 65577.7 0 0
82 193 62 65581.9 0 0
82 201 62 65586.1 0 0
81 193 62 65590.4 0 0
83 198 62 65594.6 0 0
83 189 62 65598.8 0 0
90 189 62 65603.1 0 0
102 182 63 65607.3 0 0
115 177 63 65611.5 0 0
127 161 63 65615.7 0 0
130 158 63 65620 0 0
133 154 63 65624.2 0 0
133 150 63 65628.4 0 0
128 152 62 65632.7 0 0
129 152 63 65636.9 0 0
125 157 63 65641.1 0 0
125 158 63 65645.3 0 0
128 152 63 65649.5 0 0
130 153 63 65653.7 0 0
129 152 63 65657.9 0 0
131 152 63 65662.2 0 0
130 153 63 65666.4 0 0
130 152 63 65670.6 0 0
132 152 63 65674.8 0 0
132 152 63 65679.1 0 0
131 147 63 65683.3 0 0
131 156 63 65687.5 0 0
131 156 63 65691.7 0 0
132 156 63 65695.9 0 0
130 157 63 65700.2 0 0
131 157 63 65704.4 0 0
132 156 63 65708.6 0 0
131 155 63 65712.8 0 0
131 157 63 65717 0 0
131 150 63 65721.2 0 0
129 151 63 65725.4 0 0
130 151 63 65729.7 0 0
130 148 63 65733.9 0 0
131 152 63 65738.1 0 0
131 151 63 65742.3 0 0
130 152 63 65746.5 0 0
131 153 63 65750.7 0 0
129 151 63 65754.9 0 0
129 152 63 65759.2 0 0
130 152 63 65763.4 0 0
131 150 63 65767.6 0 0
132 150 63 65771.8 0 0
130 157 63 65776.1 0 0
132 150 63 65780.3 0 0
132 149 63 65784.5 0 0
131 157 63 65788.7 0 0
131 148 63 65792.9 0 0
129 156 63 65797.2 0 0
131 156 63 65801.4 0 0
131 155 63 65805.6 0 0
131 157 63 65809.8 0 0
133 156 63 65814 0 0
132 155 64 65818.2 0 0
130 156 63 65822.5 0 0
133 155 63 65826.7 0 0
132 150 63 65830.9 0 0
130 145 63 65835.1 0 0
130 137 63 65839.3 0 0
130 132 64 65843.6 0 0
126 122 64 65847.8 0 0
126 112 64 65852 0 0
126 112 64 65856.3 0 0
124 110 64 65860.5 0 0
124 114 64 65864.7 0 0
125 111 64 65868.9 0 0
125 112 63 65873.1 0 0
127 116 64 65877.3 0 0
126 117 64 65882 0 0
126 115 64 65886.2 0 0
127 117 64 65890.4 0 0
128 118 64 65894.6 0 0
125 113 64 65898.9 0 0
127 110 64 65903.3 0 0
126 118 64 65907.5 0 0
127 112 64 65911.7 0 0
127 115 64 65916.3 0 0
126 113 64 65920.6 0 0
127 113 64 65924.8 0 0
128 112 64 65928.9 0 0
126 115 64 65933.2 0 0
126 119 64 65937.4 0 0
127 116 64 65941.6 0 0
127 116 64 65945.8 0 0
124 116 64 65950.1 0 0
125 115 64 65954.3 0 0
125 117 64 65958.5 0 0
125 114 64 65962.7 0 0
127 115 64 65966.9 0 0
127 113 64 65971.1 0 0
125 117 64 65975.3 0 0
126 115 64 65979.6 0 0
128 118 64 65983.8 0 0
126 115 64 65988 0 0
129 114 64 65992.2 0 0
126 117 64 65996.4 0 0
127 118 64 66000.6 0 0
126 117 64 66004.9 0 0
126 116 64 66009.1 0 0
126 116 64 66013.3 0 0
126 118 64 66017.5 0 0
126 115 64 66021.7 0 0
126 115 65 66026 0 0
129 115 64 66030.2 0 0
127 112 64 66034.4 0 0
127 115 64 66038.6 0 0
125 115 64 66042.9 0 0
128 115 65 66047.1 0 0
126 113 64 66051.3 0 0
127 118 65 66055.5 0 0
126 117 64 66059.7 0 0
128 116 64 66063.9 0 0
128 116 65 66068.1 0 0
126 116 64 66072.3 0 0
126 115 64 66076.6 0 0
126 118 64 66080.8 0 0
126 115 64 66085 0 0
127 115 64 66089.2 0 0
127 114 64 66093.4 0 0
128 116 65 66097.7 0 0
129 113 64 66101.9 0 0
128 115 64 66106.1 0 0
128 112 64 66110.4 0 0
126 114 64 66114.6 0 0
127 114 64 66118.8 0 0
126 113 65 66123 0 0
127 117 64 66127.3 0 0
128 115 64 66131.6 0 0
128 111 64 66135.8 0 0
130 108 64 66140 0 0
131 104 64 66144.2 0 0
132 98 64 66148.4 0 0
131 99 65 66152.7 0 0
130 101 64 66156.9 0 0
131 100 64 66161.1 0 0
131 100 64 66165.3 0 0
130 102 64 66169.5 0 0
128 102 64 66173.7 0 0
130 102 64 66178.1 0 0
130 103 64 66182.3 0 0
131 103 64 66186.5 0 0
130 100 64 66190.8 0 0
129 103 65 66195.1 0 0
129 98 64 66199.3 0 0
129 103 64 66203.5 0 0
129 102 65 66207.7 0 0
132 103 65 66211.9 0 0
127 103 64 66216.1 0 0
130 101 64 66220.3 0 0
130 103 64 66224.6 0 0
130 103 64 66228.8 0 0
129 97 65 66233 0 0
130 103 64 66237.2 0 0
131 100 64 66241.4 0 0
131 101 64 66245.6 0 0
129 102 65 66249.8 0 0
129 101 65 66254.1 0 0
129 103 65 66258.3 0 0
128 102 65 66262.5 0 0
129 102 65 66266.7 0 0
130 102 64 66270.9 0 0
130 103 65 66275.1 0 0
130 104 64 66279.3 0 0
129 105 65 66283.5 0 0
129 103 65 66287.8 0 0
131 101 64 66292 0 0
129 104 64 66296.2 0 0
131 100 64 66300.4 0 0
131 103 65 66304.6 0 0
129 99 65 66319.4 0 0
128 88 65 66328.4 0 0
126 78 64 66336.6 0 0
128 77 65 66344.9 0 0
127 78 65 66353.1 0 0
127 78 65 66361.6 0 0
127 81 65 66369.5 0 0
125 81 65 66373.7 0 0
126 80 65 66378.3 0 0
127 77 65 66382.5 0 0
126 80 65 66386.7 0 0
125 78 65 66390.9 0 0
126 79 65 66395.2 0 0
125 80 65 66399.4 0 0
126 79 65 66403.6 0 0
124 79 65 66407.8 0 0
125 80 65 66412 0 0
126 80 65 66416.3 0 0
128 79 65 66420.5 0 0
125 79 65 66424.7 0 0
127 79 65 66428.9 0 0
127 78 65 66433.1 0 0
126 78 65 66437.3 0 0
127 77 65 66441.6 0 0
127 80 65 66445.8 0 0
124 79 65 66450 0 0
126 77 65 66454.2 0 0
125 80 65 66458.4 0 0
126 80 65 66462.6 0 0
127 79 65 66466.8 0 0
128 80 65 66471.1 0 0
127 79 66 66478 0 0
127 79 66 66486.4 0 0
128 78 65 66494.5 0 0
125 78 65 66498.7 0 0
129 79 65 66503.2 0 0
126 80 65 66507.4 0 0
126 79 65 66511.6 0 0
125 78 65 66515.8 0 0
125 81 65 66520 0 0
126 82 65 66524.2 0 0
127 80 65 66528.4 0 0
128 87 65 66532.7 0 0
128 93 65 66536.9 0 0
131 100 65 66541.1 0 0
127 109 64 66545.3 0 0
128 120 64 66549.5 0 0
128 126 64 66553.7 0 0
129 137 64 66558 0 0
131 147 64 66562.2 0 0
131 152 64 66566.4 0 0
132 154 64 66570.7 0 0
131 153 64 66574.9 0 0
130 154 65 66579.1 0 0
132 150 65 66583.3 0 0
129 149 65 66587.5 0 0
133 146 65 66592.1 0 0
132 150 64 66596.3 0 0
132 152 64 66603.1 0 0
129 154 64 66607.3 0 0
131 157 64 66611.6 0 0
132 153 64 66615.8 0 0
129 157 64 66620 0 0
132 153 65 66624.2 0 0
131 154 64 66628.5 0 0
133 154 64 66632.7 0 0
131 153 64 66636.9 0 0
130 154 65 66641.1 0 0
133 155 65 66645.3 0 0
130 152 64 66649.5 0 0
132 156 64 66653.7 0 0
129 153 64 66657.9 0 0
130 155 64 66662.1 0 0
129 155 64 66666.4 0 0
129 155 64 66670.7 0 0
134 153 64 66675 0 0
129 153 65 66679.3 0 0
131 158 64 66685.7 0 0
131 157 65 66689.9 0 0
130 155 64 66694.7 0 0
131 156 64 66698.9 0 0
132 156 65 66703.1 0 0
132 157 65 66707.3 0 0
129 155 64 66711.5 0 0
129 156 65 66715.8 0 0
130 158 64 66720 0 0
130 156 65 66724.3 0 0
132 159 65 66728.5 0 0
131 157 65 66732.7 0 0
131 157 65 66736.9 0 0
132 157 64 66741.1 0 0
132 156 64 66745.3 0 0
128 154 65 66749.5 0 0
132 158 65 66753.8 0 0
124 163 65 66758 0 0
114 163 65 66762.2 0 0
105 166 64 66766.4 0 0
96 174 64 66770.6 0 0
88 178 64 66774.8 0 0
84 175 63 66779.1 0 0
82 181 63 66783.3 0 0
89 184 64 66787.5 0 0
93 181 63 66794.6 0 0
91 182 64 66798.9 0 0
91 181 64 66803.1 0 0
90 179 64 66807.3 0 0
87 181 63 66811.5 0 0
88 183 63 66815.7 0 0
87 183 63 66819.9 0 0
86 184 64 66824.2 0 0
84 183 63 66828.4 0 0
86 182 63 66832.6 0 0
86 183 63 66836.8 0 0
86 175 63 66841 0 0
87 180 63 66845.2 0 0
85 178 63 66849.4 0 0
86 178 63 66853.7 0 0
89 181 63 66857.9 0 0
87 179 63 66862.1 0 0
86 180 63 66866.3 0 0
87 180 63 66870.6 0 0
85 182 63 66874.8 0 0
88 181 63 66879.1 0 0
86 182 63 66883.3 0 0
85 182 63 66887.5 0 0
85 182 63 66891.7 0 0
85 182 63 66895.9 0 0
87 183 63 66900.9 0 0
84 183 63 66905.2 0 0
84 184 63 66909.4 0 0
86 184 63 66913.6 0 0
83 183 63 66917.9 0 0
86 187 63 66922.1 0 0
85 183 63 66926.3 0 0
83 187 63 66930.5 0 0
87 188 63 66934.7 0 0
86 186 63 66938.9 0 0
86 187 63 66943.2 0 0
83 190 63 66947.4 0 0
86 187 63 66951.6 0 0
87 190 63 66955.8 0 0
85 181 63 66960 0 0
85 182 63 66964.2 0 0
86 180 63 66968.4 0 0
88 180 63 66972.7 0 0
84 184 63 66976.9 0 0
86 183 63 66981.2 0 0
84 182 63 66985.4 0 0
88 182 63 66989.6 0 0
87 184 63 66993.8 0 0
85 188 63 66998 0 0
86 185 63 67002.2 0 0
86 185 63 67006.7 0 0
84 184 63 67010.9 0 0
85 188 63 67015.1 0 0
85 185 63 67019.3 0 0
86 181 63 67023.5 0 0
86 183 63 67027.7 0 0
87 182 63 67031.9 0 0
87 181 63 67036.2 0 0
83 183 63 67040.4 0 0
85 180 63 67044.6 0 0
83 165 63 67048.8 0 0
84 158 63 67053 0 0
81 138 64 67057.2 0 0
83 132 64 67061.5 0 0
85 121 64 67065.7 0 0
84 107 65 67070 0 0
80 99 65 67074.2 0 0
84 93 65 67078.4 0 0
85 83 64 67082.6 0 0
83 75 65 67086.8 0 0
82 64 65 67091.1 0 0
82 55 65 67095.3 0 0
82 49 65 67099.5 0 0
81 46 65 67103.8 0 0
83 42 65 67108 0 0
81 40 65 67112.2 0 0
82 40 64 67116.4 0 0
82 41 64 67120.6 0 0
80 43 64 67124.8 0 0
81 40 64 67129.1 0 0
81 40 64 67133.3 0 0
80 40 65 67140.3 0 0
83 42 65 67144.5 0 0
82 41 64 67148.7 0 0
83 44 65 67153.1 0 0
81 40 65 67157.2 0 0
82 44 65 67161.5 0 0
81 44 65 67165.8 0 0
81 42 65 67170 0 0
82 41 65 67174.3 0 0
83 45 65 67178.5 0 0
82 43 65 67182.7 0 0
81 44 65 67186.9 0 0
81 41 65 67191.1 0 0
81 45 65 67195.4 0 0
81 44 64 67199.6 0 0
82 46 65 67203.8 0 0
83 46 65 67208 0 0
82 47 65 67212.2 0 0
82 47 64 67219.2 0 0
81 44 64 67227.8 0 0
80 45 64 67235.9 0 0
83 44 64 67244.2 0 0
83 44 64 67252.4 0 0
93 54 66 67260.1 0 0
112 75 65 67264.4 0 0
118 80 65 67269.2 0 0
123 87 65 67273.4 0 0
121 93 64 67277.6 0 0
119 94 64 67281.8 0 0
119 95 64 67286 0 0
117 92 65 67290.2 0 0
117 91 65 67294.5 0 0
117 93 65 67298.7 0 0
122 92 65 67303 0 0
122 94 65 67307.2 0 0
122 94 64 67311.4 0 0
121 94 64 67315.6 0 0
122 91 65 67319.9 0 0
122 94 64 67324.1 0 0
120 94 65 67328.3 0 0
121 95 65 67332.5 0 0
120 95 65 67336.7 0 0
120 93 64 67340.9 0 0
122 97 64 67345.2 0 0
120 96 65 67349.4 0 0
121 95 64 67353.6 0 0
122 95 64 67357.9 0 0
121 96 65 67362.1 0 0
122 92 64 67366.3 0 0
122 92 65 67373.1 0 0
124 96 64 67377.4 0 0
123 96 65 67381.6 0 0
121 94 65 67385.9 0 0
122 93 64 67390.1 0 0
123 96 64 67394.4 0 0
121 94 64 67398.6 0 0
122 96 64 67402.8 0 0
123 94 64 67407.1 0 0
122 95 64 67411.3 0 0
119 93 65 67415.5 0 0
105 93 65 67419.8 0 0
96 90 65 67424 0 0
87 91 65 67428.2 0 0
78 85 65 67432.5 0 0
69 85 65 67436.8 0 0
58 83 65 67441.2 0 0
42 75 64 67445.4 0 0
40 78 64 67452.2 0 0
38 72 63 67456.4 0 0
42 75 64 67460.6 0 0
46 71 63 67464.9 0 0
44 74 64 67469.1 0 0
44 74 64 67473.3 0 0
41 75 64 67477.6 0 0
39 73 64 67481.8 0 0
39 73 63 67486 0 0
38 71 63 67490.2 0 0
35 71 63 67494.4 0 0
35 73 63 67498.6 0 0
40 72 63 67502.8 0 0
38 72 63 67507.1 0 0
38 73 63 67511.3 0 0
40 73 63 67515.5 0 0
39 74 63 67519.7 0 0
35 76 63 67523.9 0 0
39 75 63 67528.1 0 0
38 74 63 67532.4 0 0
40 73 63 67536.6 0 0
38 73 63 67541.3 0 0
38 73 63 67545.6 0 0
37 80 64 67552.1 0 0
37 76 63 67556.4 0 0
39 75 63 67560.6 0 0
39 74 63 67564.9 0 0
39 74 63 67569.1 0 0
37 78 64 67573.3 0 0
39 71 63 67577.5 0 0
41 74 63 67581.7 0 0
38 72 63 67585.9 0 0
38 71 63 67590.1 0 0
38 81 64 67594.3 0 0
39 76 63 67598.6 0 0
39 74 63 67602.8 0 0
34 76 63 67607.1 0 0
42 72 63 67611.2 0 0
45 77 64 67615.5 0 0
56 74 65 67619.8 0 0
70 72 65 67623.9 0 0
85 67 66 67628.2 0 0
99 69 66 67632.4 0 0
116 64 67 67636.6 0 0
138 55 66 67640.8 0 0
153 54 65 67647.8 0 0
157 51 64 67656.3 0 0
152 48 64 67664.5 0 0
153 52 64 67673.3 0 0
154 52 64 67681 0 0
154 52 64 67689.5 0 0
158 56 64 67697.6 0 0
157 56 64 67701.8 0 0
158 57 64 67706.1 0 0
159 61 64 67710.3 0 0
158 62 64 67714.5 0 0
156 63 64 67718.7 0 0
160 63 64 67722.9 0 0
161 67 64 67727.2 0 0
161 69 64 67731.4 0 0
160 69 64 67735.6 0 0
160 71 64 67739.8 0 0
164 75 64 67744.1 0 0
163 75 64 67748.3 0 0
160 74 64 67752.5 0 0
160 77 64 67756.9 0 0
162 78 64 67761.1 0 0
163 80 64 67765.3 0 0
163 80 64 67769.5 0 0
165 79 64 67773.7 0 0
163 82 64 67777.9 0 0
164 84 64 67782.1 0 0
164 86 64 67786.3 0 0
163 87 64 67790.6 0 0
163 88 64 67794.8 0 0
163 89 65 67801.7 0 0
162 92 64 67805.9 0 0
163 89 65 67810.1 0 0
165 91 65 67814.4 0 0
165 90 65 67819.3 0 0
164 95 64 67823.5 0 0
164 95 64 67827.7 0 0
167 96 64 67831.9 0 0
164 96 64 67836.1 0 0
165 98 64 67840.4 0 0
169 98 65 67844.6 0 0
173 92 65 67848.8 0 0
180 91 65 67853.1 0 0
187 90 65 67857.3 0 0
194 91 65 67861.5 0 0
193 93 64 67868.3 0 0
192 96 64 67872.6 0 0
189 93 65 67876.8 0 0
191 104 63 67881.1 0 0
186 93 64 67885.3 0 0
190 95 64 67889.5 0 0
190 93 64 67893.7 0 0
191 93 64 67897.9 0 0
192 94 64 67902.4 0 0
193 94 64 67906.6 0 0
191 91 66 67910.9 0 0
192 94 64 67915.1 0 0
192 93 64 67919.3 0 0
191 92 64 67923.6 0 0
191 89 64 67927.8 0 0
190 90 65 67932.2 0 0
194 99 63 67936.4 0 0
192 91 64 67943.3 0 0
190 90 64 67947.5 0 0
199 98 63 67951.8 0 0
205 86 64 67955.9 0 0
223 98 63 67960.1 0 0
230 95 63 67964.4 0 0
243 96 62 67968.6 0 0
247 93 61 67972.8 0 0
251 84 60 67977.1 0 0
253 83 59 67981.3 0 0
248 82 59 67985.5 0 0
242 80 60 67989.7 0 0
240 80 60 67993.9 0 0
240 80 60 67998.1 0 0
240 78 60 68002.4 0 0
243 79 60 68006.7 0 0
246 80 60 68010.9 0 0
244 79 60 68015.1 0 0
245 79 60 68019.3 0 0
244 76 60 68023.5 0 0
244 76 60 68027.7 0 0
241 72 60 68031.9 0 0
242 73 60 68036.2 0 0
243 73 60 68040.6 0 0
241 72 60 68044.8 0 0
240 73 60 68051.6 0 0
241 72 60 68055.9 0 0
242 73 60 68060.1 0 0
242 71 60 68064.3 0 0
241 70 60 68068.6 0 0
241 70 59 68072.8 0 0
240 73 60 68077 0 0
242 72 60 68081.2 0 0
239 71 60 68085.4 0 0
240 71 60 68089.7 0 0
240 73 60 68093.9 0 0
240 70 59 68098.1 0 0
241 70 59 68102.3 0 0
242 74 60 68106.6 0 0
240 71 60 68110.8 0 0
242 72 60 68115 0 0
241 71 60 68119.2 0 0
240 71 59 68123.4 0 0
242 73 60 68127.6 0 0
240 71 60 68131.9 0 0
240 72 60 68136.1 0 0
239 72 60 68140.3 0 0
239 70 60 68144.5 0 0
239 73 60 68148.7 0 0
239 69 60 68153.1 0 0
239 71 60 68157.3 0 0
238 70 60 68164.2 0 0
241 70 60 68168.5 0 0
241 73 60 68172.9 0 0
241 72 60 68177.1 0 0
239 69 61 68181.3 0 0
239 73 60 68185.5 0 0
239 71 60 68189.7 0 0
240 71 60 68194.4 0 0
240 72 60 68198.6 0 0
240 72 60 68202.8 0 0
238 70 60 68207 0 0
240 72 60 68211.2 0 0
240 72 60 68215.4 0 0
240 74 60 68219.6 0 0
240 74 60 68223.8 0 0
240 73 60 68228.9 0 0
238 70 60 68233.1 0 0
237 78 60 68237.3 0 0
235 81 60 68241.5 0 0
225 81 61 68245.7 0 0
213 84 61 68249.9 0 0
205 94 62 68254.2 0 0
196 102 62 68258.4 0 0
183 103 62 68262.6 0 0
174 118 64 68266.9 0 0
166 122 64 68271.1 0 0
152 129 64 68275.3 0 0
142 139 64 68279.5 0 0
132 141 65 68283.7 0 0
123 149 64 68287.9 0 0
112 151 64 68292.2 0 0
104 154 64 68296.4 0 0
98 158 64 68300.6 0 0
94 159 64 68304.8 0 0
96 159 64 68319.6 0 0
96 158 64 68323.9 0 0
99 154 64 68328.1 0 0
95 157 63 68332.3 0 0
97 163 64 68336.5 0 0
97 162 63 68340.7 0 0
96 159 63 68344.9 0 0
94 158 63 68349.1 0 0
95 166 64 68353.4 0 0
93 160 63 68357.6 0 0
95 158 63 68361.8 0 0
94 165 63 68366 0 0
93 164 64 68370.2 0 0
96 160 64 68374.4 0 0
94 165 64 68378.7 0 0
96 166 64 68382.9 0 0
95 158 63 68387.1 0 0
97 163 64 68391.3 0 0
95 159 63 68395.6 0 0
96 160 64 68399.8 0 0
92 166 64 68404 0 0
93 165 64 68408.2 0 0
94 164 64 68412.5 0 0
94 159 64 68416.7 0 0
94 164 63 68421.1 0 0
97 164 63 68425.3 0 0
97 162 63 68429.5 0 0
95 161 64 68433.7 0 0
94 163 64 68438 0 0
95 165 64 68442.3 0 0
94 163 64 68446.5 0 0
91 166 64 68450.8 0 0
92 165 64 68455 0 0
92 166 63 68459.2 0 0
93 165 64 68463.4 0 0
95 166 63 68467.7 0 0
93 163 64 68471.9 0 0
94 162 64 68476.1 0 0
94 165 64 68480.4 0 0
95 164 64 68484.6 0 0
94 160 64 68488.8 0 0
95 163 64 68493 0 0
95 162 64 68497.2 0 0
94 162 64 68501.5 0 0
94 167 64 68505.7 0 0
95 168 63 68509.9 0 0
91 161 64 68514.1 0 0
96 164 64 68518.3 0 0
95 163 64 68522.5 0 0
98 166 64 68526.8 0 0
95 160 64 68531 0 0
94 164 64 68535.2 0 0
97 165 64 68539.5 0 0
94 165 64 68543.7 0 0
93 169 64 68547.9 0 0
91 183 64 68552.1 0 0
89 189 64 68556.3 0 0
85 189 63 68560.5 0 0
84 195 63 68564.7 0 0
88 188 63 68569 0 0
90 183 64 68573.2 0 0
91 185 64 68577.4 0 0
88 178 64 68581.6 0 0
90 183 64 68585.8 0 0
89 185 63 68590 0 0
86 184 64 68594.2 0 0
86 184 64 68598.4 0 0
88 186 64 68603.9 0 0
86 186 63 68608.2 0 0
87 189 63 68613.8 0 0
87 187 64 68618 0 0
87 185 64 68622.2 0 0
84 184 63 68626.5 0 0
87 182 63 68630.7 0 0
86 187 64 68634.9 0 0
86 191 63 68639.1 0 0
89 183 63 68643.3 0 0
89 192 64 68647.5 0 0
87 180 63 68651.7 0 0
87 184 64 68655.9 0 0
88 186 63 68660.2 0 0
84 187 63 68664.4 0 0
88 185 63 68668.7 0 0
87 185 63 68672.9 0 0
87 184 64 68677.1 0 0
86 185 63 68681.3 0 0
86 187 63 68685.5 0 0
87 185 63 68689.8 0 0
86 183 63 68694 0 0
84 184 63 68698.2 0 0
88 185 63 68702.4 0 0
85 186 63 68706.6 0 0
89 185 63 68710.9 0 0
85 186 64 68717.9 0 0
86 185 63 68722.2 0 0
87 187 63 68726.4 0 0
87 185 63 68730.6 0 0
86 187 64 68734.8 0 0
86 188 63 68739 0 0
85 188 63 68743.2 0 0
87 191 63 68747.5 0 0
85 185 63 68751.7 0 0
84 186 63 68756.5 0 0
86 186 63 68760.7 0 0
87 187 63 68764.9 0 0
87 186 63 68769.1 0 0
86 184 63 68773.3 0 0
85 187 63 68780.4 0 0
85 188 63 68784.6 0 0
86 184 63 68788.9 0 0
88 187 63 68793.1 0 0
87 188 63 68797.3 0 0
86 184 63 68801.5 0 0
87 185 63 68805.7 0 0
84 188 63 68809.9 0 0
84 188 63 68814.1 0 0
86 185 64 68818.9 0 0
86 188 63 68823.1 0 0
87 189 63 68827.3 0 0
89 189 63 68831.6 0 0
88 188 63 68835.7 0 0
87 189 63 68842.8 0 0
85 191 63 68847.1 0 0
85 187 63 68851.3 0 0
86 188 63 68855.5 0 0
88 185 63 68859.7 0 0
87 187 63 68863.9 0 0
89 183 63 68868.1 0 0
86 186 63 68872.4 0 0
87 188 63 68876.6 0 0
86 189 63 68880.9 0 0
89 186 63 68885.1 0 0
87 187 63 68889.3 0 0
86 187 63 68893.5 0 0
88 186 63 68897.7 0 0
87 189 63 68901.9 0 0
86 189 63 68906.1 0 0
90 189 63 68910.4 0 0
86 191 63 68914.6 0 0
86 188 63 68919 0 0
86 185 63 68923.3 0 0
86 187 63 68930 0 0
85 187 63 68934.3 0 0
87 186 63 68938.5 0 0
86 187 63 68942.8 0 0
86 187 63 68947 0 0
89 193 63 68951.2 0 0
86 187 63 68955.4 0 0
86 189 63 68959.6 0 0
79 196 64 68963.9 0 0
81 200 63 68968.1 0 0
81 200 63 68972.3 0 0
79 201 63 68976.6 0 0
80 198 63 68980.8 0 0
83 196 63 68985 0 0
83 190 63 68989.2 0 0
83 196 63 68993.4 0 0
86 197 63 68997.7 0 0
81 197 63 69001.9 0 0
82 197 63 69006.1 0 0
80 197 63 69010.3 0 0
80 199 63 69014.5 0 0
83 199 63 69018.7 0 0
82 198 63 69022.9 0 0
81 191 64 69027.1 0 0
83 196 63 69031.4 0 0
84 196 63 69035.6 0 0
85 199 63 69039.8 0 0
83 197 63 69046.7 0 0
83 196 63 69050.9 0 0
83 194 63 69055.1 0 0
85 192 63 69059.3 0 0
80 195 63 69063.6 0 0
80 195 63 69067.8 0 0
85 193 63 69072 0 0
80 187 63 69076.2 0 0
84 187 63 69080.4 0 0
80 193 63 69084.6 0 0
82 193 63 69089.2 0 0
81 193 63 69093.4 0 0
82 192 63 69097.7 0 0
84 193 63 69101.9 0 0
82 187 63 69106.2 0 0
81 185 63 69110.4 0 0
81 189 63 69114.6 0 0
80 188 63 69118.8 0 0
80 187 64 69125.8 0 0
82 183 63 69130 0 0
82 186 63 69134.3 0 0
83 184 63 69138.5 0 0
83 186 63 69142.7 0 0
82 191 64 69146.9 0 0
85 180 63 69151.1 0 0
81 179 63 69155.4 0 0
83 180 63 69159.8 0 0
82 179 63 69164.1 0 0
84 176 63 69168.3 0 0
83 178 63 69172.5 0 0
84 181 63 69176.8 0 0
83 179 63 69180.9 0 0
84 181 63 69185.2 0 0
81 184 63 69189.4 0 0
80 179 63 69193.6 0 0
82 179 63 69197.8 0 0
85 179 63 69202 0 0
82 180 63 69209 0 0
83 180 63 69213.2 0 0
84 174 63 69217.4 0 0
81 175 63 69221.6 0 0
81 175 63 69225.9 0 0
84 189 64 69230.2 0 0
83 181 63 69234.4 0 0
81 180 63 69238.6 0 0
82 182 63 69242.8 0 0
84 182 63 69247 0 0
82 182 63 69251.2 0 0
84 184 63 69255.4 0 0
83 175 63 69259.6 0 0
82 180 63 69263.9 0 0
83 182 63 69268.1 0 0
82 176 63 69272.3 0 0
84 181 63 69276.5 0 0
84 185 63 69280.7 0 0
81 183 63 69284.9 0 0
82 178 63 69289.2 0 0
84 184 63 69293.4 0 0
83 185 63 69297.6 0 0
81 186 63 69301.8 0 0
82 186 63 69306 0 0
82 184 63 69313.1 0 0
81 183 63 69321.6 0 0
84 184 63 69329.8 0 0
84 192 64 69338.1 0 0
84 192 64 69346.4 0 0
83 183 63 69353.9 0 0
82 189 64 69358.2 0 0
81 185 63 69363.1 0 0
81 185 63 69367.3 0 0
81 184 63 69371.5 0 0
80 191 64 69375.8 0 0
82 185 63 69380 0 0
84 184 63 69384.2 0 0
83 186 63 69388.4 0 0
81 186 63 69392.6 0 0
82 183 63 69396.9 0 0
82 184 63 69401.5 0 0
83 184 63 69405.7 0 0
81 191 64 69409.9 0 0
82 184 63 69414.2 0 0
80 186 63 69418.4 0 0
81 185 63 69422.7 0 0
81 185 63 69426.9 0 0
82 183 63 69432.2 0 0
82 182 63 69436.4 0 0
82 182 64 69440.7 0 0
82 187 64 69444.9 0 0
82 181 64 69449.1 0 0
84 175 63 69453.3 0 0
84 185 64 69457.5 0 0
82 176 63 69461.7 0 0
82 183 64 69466 0 0
82 177 63 69470.2 0 0
84 176 63 69474.5 0 0
84 176 63 69478.9 0 0
81 175 63 69483.1 0 0
83 176 63 69487.3 0 0
83 177 63 69491.6 0 0
83 179 63 69495.8 0 0
84 176 63 69500 0 0
84 175 63 69504.2 0 0
83 178 63 69508.4 0 0
81 183 64 69512.7 0 0
81 178 63 69516.9 0 0
84 178 63 69521.1 0 0
79 186 64 69525.3 0 0
81 183 64 69529.5 0 0
85 188 64 69533.7 0 0
81 188 64 69538 0 0
81 186 64 69542.2 0 0
85 185 64 69546.4 0 0
82 179 63 69550.6 0 0
82 180 63 69554.8 0 0
83 187 64 69559.1 0 0
82 190 64 69563.3 0 0
83 188 64 69567.5 0 0
81 186 64 69571.8 0 0
85 186 64 69576 0 0
82 190 64 69580.2 0 0
82 181 63 69584.4 0 0
83 180 63 69588.6 0 0
82 187 64 69592.9 0 0
81 181 64 69597.1 0 0
83 180 64 69601.3 0 0
81 184 64 69605.5 0 0
81 184 64 69609.8 0 0
82 182 64 69613.9 0 0
83 189 64 69618.2 0 0
82 187 64 69622.4 0 0
81 186 64 69626.7 0 0
84 180 63 69633.8 0 0
82 180 63 69638 0 0
81 185 64 69642.2 0 0
80 183 63 69646.4 0 0
82 189 64 69650.6 0 0
81 189 64 69654.9 0 0
83 187 64 69659.1 0 0
84 190 64 69663.4 0 0
81 187 64 69667.6 0 0
80 190 64 69671.8 0 0
81 180 63 69676 0 0
78 190 64 69680.3 0 0
81 189 64 69684.5 0 0
81 176 63 69688.7 0 0
84 183 64 69692.9 0 0
83 184 64 69697.2 0 0
82 184 64 69701.4 0 0
82 186 64 69705.6 0 0
82 191 64 69709.8 0 0
82 183 63 69714 0 0
82 190 64 69718.2 0 0
80 193 64 69722.4 0 0
82 192 64 69726.7 0 0
80 189 64 69730.9 0 0
80 188 64 69737.7 0 0
82 184 64 69741.9 0 0
81 186 64 69746.2 0 0
82 187 63 69750.4 0 0
83 187 63 69754.6 0 0
81 192 64 69758.9 0 0
85 193 64 69763.1 0 0
80 192 64 69767.3 0 0
83 190 64 69771.5 0 0
84 191 64 69775.7 0 0
80 189 64 69779.9 0 0
80 186 63 69784.1 0 0
84 192 64 69788.3 0 0
83 196 64 69792.6 0 0
78 196 64 69796.8 0 0
81 196 64 69801 0 0
83 197 64 69805.2 0 0
80 196 64 69809.4 0 0
80 194 64 69813.6 0 0
82 191 64 69817.8 0 0
83 193 64 69822.1 0 0
84 198 64 69826.3 0 0
82 192 63 69830.5 0 0
81 191 63 69834.7 0 0
80 195 64 69839 0 0
78 197 64 69843.2 0 0
82 196 64 69850.3 0 0
82 196 64 69858.6 0 0
82 198 64 69866.8 0 0
82 198 64 69875.3 0 0
81 195 64 69883.6 0 0
81 196 63 69891.8 0 0
81 195 64 69900 0 0
81 195 64 69908.5 0 0
99 186 65 69916.4 0 0
109 163 65 69920.7 0 0
117 158 65 69925 0 0
119 153 65 69929.2 0 0
120 146 65 69933.5 0 0
120 139 65 69937.7 0 0
120 137 64 69941.9 0 0
119 135 65 69946.2 0 0
119 132 65 69950.4 0 0
116 135 65 69954.6 0 0
119 135 65 69958.8 0 0
119 137 65 69963 0 0
119 138 65 69967.2 0 0
117 137 65 69971.4 0 0
120 137 65 69975.7 0 0
120 135 64 69979.9 0 0
120 137 64 69984.1 0 0
121 137 64 69988.3 0 0
121 136 64 69992.5 0 0
120 137 64 69996.7 0 0
120 136 65 70000.9 0 0
118 134 65 70005.2 0 0
122 133 65 70009.4 0 0
121 134 65 70013.6 0 0
122 140 65 70017.8 0 0
120 138 64 70022 0 0
121 134 65 70029.2 0 0
120 136 65 70033.4 0 0
121 134 65 70037.6 0 0
120 136 65 70041.9 0 0
119 136 64 70046.1 0 0
121 136 65 70050.3 0 0
123 137 65 70054.5 0 0
125 133 65 70058.7 0 0
128 124 65 70062.9 0 0
133 121 65 70067.2 0 0
136 114 65 70071.4 0 0
135 111 65 70075.6 0 0
133 114 65 70079.8 0 0
131 113 65 70084 0 0
128 113 65 70088.2 0 0
130 113 65 70092.5 0 0
129 115 65 70096.7 0 0
130 117 65 70100.9 0 0
130 115 65 70105.5 0 0
130 115 66 70109.7 0 0
131 113 65 70116.4 0 0
129 114 65 70120.6 0 0
129 112 65 70124.8 0 0
132 118 65 70129.1 0 0
133 117 65 70133.3 0 0
131 113 65 70137.6 0 0
131 115 65 70141.8 0 0
129 112 65 70145.9 0 0
131 112 65 70150.1 0 0
132 115 65 70154.4 0 0
130 115 65 70158.6 0 0
132 113 65 70162.9 0 0
130 117 65 70167.1 0 0
129 115 65 70171.4 0 0
130 113 65 70175.7 0 0
131 118 65 70179.9 0 0
129 120 65 70184.1 0 0
129 117 65 70188.3 0 0
130 113 65 70192.5 0 0
131 112 65 70196.8 0 0
134 112 65 70201 0 0
128 115 65 70205.2 0 0
132 115 65 70212.2 0 0
131 118 65 70216.4 0 0
130 115 65 70220.7 0 0
131 118 65 70224.9 0 0
132 124 65 70229.1 0 0
135 125 65 70233.3 0 0
138 133 65 70237.5 0 0
135 142 64 70241.7 0 0
137 149 65 70245.9 0 0
134 156 65 70250.2 0 0
133 156 65 70254.4 0 0
134 160 64 70258.7 0 0
131 157 64 70262.9 0 0
135 158 65 70267.1 0 0
135 151 65 70271.3 0 0
136 150 65 70275.5 0 0
132 150 65 70279.7 0 0
135 153 65 70283.9 0 0
135 151 65 70288.2 0 0
133 159 65 70292.4 0 0
133 157 65 70296.6 0 0
133 156 65 70300.8 0 0
135 158 65 70305 0 0
134 156 65 70319.5 0 0
135 152 65 70323.7 0 0
134 156 65 70328.9 0 0
135 157 64 70333.1 0 0
133 155 65 70337.3 0 0
132 159 65 70341.6 0 0
133 157 65 70345.8 0 0
132 158 65 70350 0 0
135 159 65 70354.3 0 0
134 157 65 70358.5 0 0
133 158 65 70362.7 0 0
134 158 65 70366.9 0 0
133 160 65 70371.1 0 0
134 157 65 70375.3 0 0
134 158 65 70379.5 0 0
132 158 65 70383.8 0 0
132 159 65 70388 0 0
134 157 65 70392.2 0 0
135 159 65 70396.4 0 0
134 157 65 70400.6 0 0
134 158 65 70404.8 0 0
135 157 65 70409.2 0 0
134 160 65 70413.4 0 0
134 158 65 70420.5 0 0
132 159 65 70424.8 0 0
134 157 65 70429 0 0
133 159 65 70433.2 0 0
132 159 65 70437.4 0 0
134 156 65 70441.6 0 0
132 152 65 70445.9 0 0
130 138 65 70450.2 0 0
131 123 66 70454.4 0 0
131 117 65 70458.6 0 0
129 106 66 70462.8 0 0
130 99 66 70467 0 0
129 94 65 70471.2 0 0
127 89 66 70475.4 0 0
127 86 65 70479.7 0 0
127 82 65 70483.9 0 0
125 80 65 70488.1 0 0
125 80 65 70492.3 0 0
126 87 65 70496.6 0 0
128 84 65 70503.7 0 0
126 85 65 70507.9 0 0
127 85 66 70512.2 0 0
124 80 65 70516.4 0 0
128 81 66 70520.6 0 0
126 80 66 70524.8 0 0
126 80 65 70529 0 0
124 79 66 70533.2 0 0
125 82 65 70537.4 0 0
128 80 65 70541.6 0 0
127 81 66 70545.9 0 0
123 78 65 70550.1 0 0
125 83 66 70554.3 0 0
124 80 65 70558.5 0 0
126 80 65 70562.7 0 0
127 82 66 70566.9 0 0
128 82 66 70571.1 0 0
127 81 66 70575.4 0 0
126 79 65 70579.6 0 0
126 81 66 70583.8 0 0
126 81 66 70588 0 0
126 78 66 70592.2 0 0
126 80 66 70596.4 0 0
126 81 65 70603.4 0 0
126 81 65 70611.9 0 0
127 81 66 70619.5 0 0
128 81 65 70623.8 0 0
127 84 65 70628.6 0 0
129 82 65 70632.8 0 0
127 83 65 70637 0 0
126 80 65 70641.2 0 0
127 80 65 70645.4 0 0
126 81 65 70649.6 0 0
125 82 65 70653.9 0 0
129 81 66 70658.2 0 0
128 83 66 70662.4 0 0
128 81 65 70666.7 0 0
137 78 66 70670.9 0 0
144 74 66 70675.1 0 0
153 73 66 70679.3 0 0
163 63 66 70683.6 0 0
171 57 65 70687.8 0 0
174 45 65 70692 0 0
182 49 64 70696.2 0 0
178 42 64 70700.5 0 0
175 41 64 70704.7 0 0
174 43 64 70708.9 0 0
172 46 64 70713.1 0 0
176 46 64 70720 0 0
177 43 64 70728.5 0 0
177 43 64 70736.7 0 0
177 44 64 70744.5 0 0
181 47 64 70748.8 0 0
177 44 63 70753.4 0 0
178 45 64 70757.7 0 0
178 44 63 70761.9 0 0
179 45 63 70766.1 0 0
178 46 64 70770.3 0 0
177 44 63 70774.5 0 0
178 46 63 70778.7 0 0
180 47 64 70782.9 0 0
178 47 64 70787.2 0 0
178 45 63 70791.4 0 0
178 44 63 70795.7 0 0
179 47 63 70799.9 0 0
178 44 63 70804.1 0 0
177 45 64 70808.3 0 0
177 44 63 70812.5 0 0
178 44 63 70816.7 0 0
176 45 63 70820.9 0 0
179 47 63 70825.2 0 0
178 46 63 70829.4 0 0
179 45 63 70833.6 0 0
178 47 63 70837.8 0 0
177 44 63 70842 0 0
177 45 63 70846.2 0 0
179 47 63 70853.3 0 0
179 45 63 70857.6 0 0
179 47 63 70861.8 0 0
180 46 64 70866 0 0
178 53 63 70870.2 0 0
174 57 64 70874.4 0 0
170 67 63 70878.6 0 0
164 79 63 70882.9 0 0
160 96 64 70887.1 0 0
153 97 63 70891.3 0 0
145 109 64 70895.5 0 0
142 116 64 70899.7 0 0
138 121 64 70903.9 0 0
133 131 64 70908.2 0 0
128 133 64 70912.4 0 0
127 138 64 70916.6 0 0
126 142 64 70921 0 0
130 141 65 70925.2 0 0
129 133 65 70929.4 0 0
128 132 64 70933.6 0 0
127 137 64 70940.8 0 0
126 136 64 70945 0 0
126 137 64 70949.2 0 0
126 138 64 70953.4 0 0
126 137 64 70957.6 0 0
125 140 64 70961.8 0 0
124 139 64 70966.1 0 0
126 140 64 70970.3 0 0
125 136 64 70974.5 0 0
127 144 64 70978.7 0 0
127 141 64 70983 0 0
124 143 64 70987.2 0 0
126 144 64 70991.4 0 0
125 141 64 70995.6 0 0
126 144 64 70999.8 0 0
127 141 64 71004.1 0 0
124 143 64 71008.3 0 0
126 145 64 71012.5 0 0
123 145 64 71016.7 0 0
125 143 64 71020.9 0 0
128 145 64 71025.1 0 0
129 142 64 71029.3 0 0
127 149 64 71033.5 0 0
128 149 64 71040.7 0 0
129 142 64 71044.9 0 0
125 144 64 71049.1 0 0
126 143 64 71053.3 0 0
126 141 64 71057.5 0 0
126 144 64 71061.7 0 0
127 144 64 71066 0 0
127 147 64 71070.2 0 0
128 143 64 71074.4 0 0
126 145 64 71078.6 0 0
126 149 64 71082.9 0 0
129 144 64 71087.1 0 0
126 148 64 71091.3 0 0
129 146 64 71095.6 0 0
126 149 64 71099.8 0 0
125 141 64 71104.1 0 0
125 142 64 71108.3 0 0
128 150 64 71112.5 0 0
131 149 64 71116.7 0 0
134 154 64 71120.9 0 0
137 155 64 71125.1 0 0
134 158 64 71129.3 0 0
129 154 64 71133.6 0 0
132 155 64 71140.6 0 0
129 149 64 71144.8 0 0
131 153 64 71149 0 0
132 151 64 71153.3 0 0
129 150 64 71157.6 0 0
132 150 64 71161.8 0 0
134 151 64 71166 0 0
131 153 64 71170.3 0 0
133 156 64 71174.5 0 0
133 153 64 71178.7 0 0
131 153 64 71182.9 0 0
134 151 64 71187.1 0 0
130 155 64 71191.4 0 0
132 156 64 71195.6 0 0
131 156 64 71199.8 0 0
129 155 64 71204 0 0
134 153 64 71208.2 0 0
132 154 64 71212.4 0 0
131 153 64 71216.6 0 0
132 156 64 71220.8 0 0
131 157 64 71225.1 0 0
134 153 64 71232.2 0 0
131 159 64 71236.4 0 0
134 157 63 71240.6 0 0
132 161 64 71244.9 0 0
130 156 64 71249.1 0 0
134 156 64 71253.3 0 0
132 156 64 71257.6 0 0
132 159 63 71261.8 0 0
131 152 64 71266 0 0
133 155 64 71270.2 0 0
131 151 63 71274.4 0 0
131 154 64 71278.6 0 0
132 163 63 71282.8 0 0
131 153 64 71287 0 0
131 155 64 71291.3 0 0
133 160 64 71295.5 0 0
133 151 64 71299.7 0 0
132 156 64 71303.9 0 0
131 157 64 71308.1 0 0
131 151 64 71312.3 0 0
134 159 64 71316.6 0 0
133 156 64 71320.8 0 0
131 159 64 71325.1 0 0
130 156 64 71336.1 0 0
130 158 63 71344.4 0 0
133 158 64 71352.9 0 0
133 155 64 71361.3 0 0
133 150 64 71369.3 0 0
133 150 64 71377.8 0 0
132 158 63 71385.2 0 0
132 156 64 71389.4 0 0
133 156 64 71394.3 0 0
134 152 64 71398.6 0 0
130 161 64 71403 0 0
131 156 63 71407.2 0 0
134 161 64 71411.4 0 0
132 157 63 71415.6 0 0
132 159 64 71419.9 0 0
132 156 64 71424.2 0 0
133 155 63 71428.4 0 0
132 157 64 71432.6 0 0
132 159 64 71436.8 0 0
129 160 64 71441.1 0 0
130 158 64 71445.3 0 0
132 159 64 71449.5 0 0
130 161 64 71453.7 0 0
132 159 64 71457.9 0 0
133 157 64 71462.1 0 0
131 156 64 71466.4 0 0
132 156 64 71470.6 0 0
133 160 64 71474.8 0 0
132 161 64 71479 0 0
131 157 64 71483.2 0 0
132 156 64 71487.4 0 0
132 161 64 71494.4 0 0
132 159 64 71498.7 0 0
131 155 64 71502.9 0 0
132 159 64 71507.1 0 0
134 158 64 71511.4 0 0
131 158 64 71515.6 0 0
132 160 64 71519.8 0 0
131 158 64 71524 0 0
132 163 64 71528.2 0 0
133 162 64 71532.5 0 0
132 160 64 71536.7 0 0
132 156 64 71541.3 0 0
135 153 64 71545.5 0 0
133 150 64 71549.7 0 0
138 148 64 71556.6 0 0
137 145 64 71560.9 0 0
136 151 64 71565.2 0 0
135 146 64 71569.4 0 0
134 147 65 71573.7 0 0
133 151 64 71577.9 0 0
135 155 65 71582.1 0 0
132 150 64 71586.3 0 0
136 154 64 71590.6 0 0
134 151 64 71594.8 0 0
133 147 64 71599.4 0 0
135 148 64 71604.1 0 0
134 149 64 71608.3 0 0
135 151 64 71615.1 0 0
136 152 65 71619.3 0 0
133 152 65 71623.6 0 0
132 148 65 71627.8 0 0
133 147 64 71632 0 0
134 149 64 71636.2 0 0
135 148 65 71640.4 0 0
135 148 64 71644.6 0 0
134 152 65 71648.8 0 0
130 149 64 71653 0 0
133 152 64 71657.4 0 0
133 150 65 71661.6 0 0
133 150 64 71665.8 0 0
135 151 64 71670.1 0 0
135 149 64 71674.3 0 0
134 152 64 71678.5 0 0
134 150 64 71682.8 0 0
133 149 65 71687 0 0
132 150 65 71691.2 0 0
134 154 64 71695.4 0 0
134 152 64 71699.6 0 0
135 152 65 71703.9 0 0
135 152 65 71708.1 0 0
133 153 65 71713.4 0 0
133 152 64 71717.6 0 0
133 153 65 71723.5 0 0
135 153 64 71727.7 0 0
134 149 65 71731.9 0 0
135 153 65 71736.1 0 0
135 150 65 71740.3 0 0
133 151 64 71744.5 0 0
134 146 64 71748.7 0 0
134 149 65 71753 0 0
134 153 65 71757.2 0 0
134 150 65 71761.4 0 0
134 151 64 71765.6 0 0
134 150 65 71769.8 0 0
134 151 65 71774 0 0
133 154 65 71778.4 0 0
131 148 65 71782.6 0 0
135 152 65 71786.9 0 0
135 151 65 71791.1 0 0
135 154 65 71795.3 0 0
134 154 65 71799.5 0 0
133 151 65 71803.7 0 0
134 151 65 71808 0 0
134 151 65 71812.2 0 0
134 147 65 71819.1 0 0
134 150 65 71823.4 0 0
134 149 65 71827.6 0 0
133 149 65 71831.8 0 0
134 155 65 71836 0 0
134 147 65 71840.2 0 0
135 151 65 71844.5 0 0
132 150 65 71848.7 0 0
133 151 65 71852.9 0 0
134 151 65 71857.1 0 0
133 150 65 71861.3 0 0
135 152 65 71865.5 0 0
134 149 64 71869.8 0 0
134 153 65 71874 0 0
132 151 65 71878.2 0 0
133 150 64 71882.4 0 0
134 150 65 71886.7 0 0
134 151 65 71890.9 0 0
134 151 65 71895.1 0 0
133 149 65 71899.3 0 0
136 151 64 71903.8 0 0
136 150 65 71908 0 0
132 147 64 71914.8 0 0
134 152 65 71919.1 0 0
132 151 65 71923.3 0 0
134 149 65 71927.5 0 0
134 150 65 71931.7 0 0
134 149 65 71935.9 0 0
133 150 65 71940.2 0 0
135 149 65 71944.4 0 0
132 150 65 71948.6 0 0
135 152 65 71952.8 0 0
134 153 65 71957 0 0
134 151 65 71961.2 0 0
135 149 65 71965.5 0 0
135 144 65 71969.7 0 0
134 135 65 71973.9 0 0
134 130 65 71978.1 0 0
135 122 65 71982.3 0 0
135 112 65 71986.6 0 0
131 106 65 71990.8 0 0
133 103 65 71994.9 0 0
128 103 65 71999.2 0 0
131 100 65 72003.4 0 0
132 96 65 72007.6 0 0
131 99 65 72011.9 0 0
133 102 65 72022.9 0 0
133 100 65 72031.4 0 0
131 95 65 72040.3 0 0
131 98 65 72048.1 0 0
132 99 65 72056.4 0 0
132 99 65 72064.7 0 0
132 100 65 72072.6 0 0
131 97 65 72076.9 0 0
132 98 65 72081.4 0 0
131 97 65 72085.6 0 0
133 98 65 72089.9 0 0
132 99 65 72094.2 0 0
130 98 65 72098.4 0 0
131 98 65 72102.6 0 0
131 97 65 72106.8 0 0
131 98 65 72111 0 0
130 99 65 72115.2 0 0
130 98 65 72119.4 0 0
129 97 66 72123.7 0 0
133 97 65 72127.9 0 0
132 98 65 72132.1 0 0
132 99 65 72136.4 0 0
132 99 65 72140.6 0 0
132 98 65 72144.8 0 0
132 100 65 72149 0 0
132 98 65 72153.2 0 0
131 97 65 72157.4 0 0
131 97 65 72161.6 0 0
131 100 65 72166.5 0 0
132 100 65 72170.7 0 0
131 101 66 72177 0 0
132 101 65 72181.3 0 0
134 100 65 72185.5 0 0
131 101 66 72189.7 0 0
133 101 65 72194.7 0 0
141 100 65 72198.9 0 0
150 109 65 72203.1 0 0
159 115 65 72207.3 0 0
167 123 65 72211.6 0 0
178 134 64 72215.8 0 0
195 149 63 72220.1 0 0
198 154 64 72227.2 0 0
204 165 63 72231.4 0 0
204 167 62 72235.6 0 0
206 175 62 72239.8 0 0
205 175 62 72244 0 0
199 173 63 72248.2 0 0
204 173 62 72252.5 0 0
204 168 63 72256.8 0 0
203 169 63 72261 0 0
207 168 63 72265.2 0 0
204 171 62 72269.4 0 0
207 174 62 72273.6 0 0
206 175 62 72277.8 0 0
206 175 62 72282 0 0
207 178 63 72286.2 0 0
208 175 63 72290.7 0 0
207 177 62 72294.9 0 0
207 175 63 72299.1 0 0
208 176 63 72303.3 0 0
204 173 62 72307.6 0 0
209 173 62 72311.9 0 0
207 174 63 72319 0 0
205 178 62 72323.3 0 0
206 175 63 72327.5 0 0
205 178 62 72331.7 0 0
205 176 62 72335.9 0 0
207 174 62 72340.3 0 0
207 174 62 72344.5 0 0
206 175 63 72349 0 0
207 176 62 72353.2 0 0
207 179 63 72357.5 0 0
208 178 62 72361.7 0 0
206 178 62 72368.6 0 0
210 179 62 72372.8 0 0
211 178 63 72377.1 0 0
209 178 62 72381.3 0 0
209 180 63 72385.5 0 0
209 178 63 72389.8 0 0
210 178 63 72394 0 0
210 180 63 72398.2 0 0
207 178 62 72402.4 0 0
206 176 63 72406.6 0 0
209 181 63 72410.9 0 0
209 180 63 72415.1 0 0
206 177 62 72419.4 0 0
208 178 63 72423.6 0 0
204 183 63 72427.8 0 0
202 188 63 72432 0 0
196 187 63 72436.2 0 0
199 187 63 72440.4 0 0
196 188 63 72444.7 0 0
201 187 63 72449 0 0
202 186 63 72453.2 0 0
202 186 63 72457.4 0 0
202 183 63 72463.3 0 0
203 185 63 72467.5 0 0
200 187 63 72471.7 0 0
200 186 63 72475.9 0 0
199 188 63 72480.2 0 0
200 185 63 72484.4 0 0
200 187 63 72488.6 0 0
199 185 63 72492.8 0 0
199 184 63 72497 0 0
199 187 63 72501.2 0 0
198 186 63 72505.4 0 0
198 183 63 72509.7 0 0
200 186 63 72513.9 0 0
197 185 63 72518.1 0 0
198 188 63 72522.3 0 0
198 186 63 72526.5 0 0
198 188 63 72530.8 0 0
201 187 63 72535 0 0
200 188 63 72539.2 0 0
198 186 63 72543.4 0 0
198 188 63 72547.7 0 0
200 185 63 72551.9 0 0
200 184 63 72556.1 0 0
196 185 63 72560.3 0 0
199 184 63 72564.5 0 0
198 187 63 72569.3 0 0
196 185 63 72573.5 0 0
197 184 63 72577.7 0 0
197 185 63 72581.9 0 0
195 188 63 72586.1 0 0
193 180 63 72590.3 0 0
185 174 63 72594.5 0 0
184 170 63 72598.8 0 0
176 168 63 72603 0 0
174 166 64 72607.2 0 0
166 162 64 72611.4 0 0
162 162 64 72615.6 0 0
158 159 64 72619.8 0 0
151 153 64 72624 0 0
148 156 64 72628.3 0 0
142 152 64 72632.5 0 0
140 148 65 72636.7 0 0
138 146 65 72640.9 0 0
140 145 65 72645.1 0 0
140 139 65 72649.4 0 0
144 146 65 72653.7 0 0
144 142 65 72658.2 0 0
140 145 65 72662.4 0 0
141 147 65 72666.7 0 0
139 145 64 72670.9 0 0
138 146 65 72675.1 0 0
138 146 65 72679.3 0 0
137 147 65 72683.6 0 0
139 146 65 72687.8 0 0
137 143 65 72692.1 0 0
138 142 65 72696.3 0 0
138 146 65 72700.5 0 0
135 146 65 72704.7 0 0
137 145 65 72708.9 0 0
137 144 65 72713.1 0 0
138 146 65 72717.3 0 0
138 143 65 72721.5 0 0
138 144 65 72725.8 0 0
136 142 65 72730 0 0
137 143 65 72734.3 0 0
137 148 65 72738.4 0 0
135 148 65 72742.7 0 0
136 145 65 72746.9 0 0
138 144 65 72751.1 0 0
138 146 65 72755.3 0 0
136 146 65 72759.5 0 0
136 145 65 72763.8 0 0
136 146 65 72768 0 0
135 144 65 72772.2 0 0
137 148 65 72776.4 0 0
137 144 65 72780.6 0 0
136 148 65 72784.8 0 0
135 144 65 72789.1 0 0
139 148 65 72793.3 0 0
136 148 65 72797.5 0 0
137 148 65 72801.7 0 0
136 147 65 72805.9 0 0
138 148 65 72810.1 0 0
136 148 65 72814.4 0 0
135 148 65 72818.6 0 0
135 148 65 72822.8 0 0
138 148 65 72827 0 0
137 147 65 72831.2 0 0
137 147 65 72835.4 0 0
136 148 65 72839.7 0 0
139 148 65 72843.9 0 0
136 149 65 72848.1 0 0
136 147 65 72852.3 0 0
138 147 65 72856.6 0 0
137 148 65 72860.8 0 0
138 145 65 72865 0 0
136 150 65 72869.2 0 0
135 147 65 72873.4 0 0
136 148 65 72877.6 0 0
135 139 65 72882 0 0
135 138 65 72886.2 0 0
132 125 65 72890.4 0 0
127 121 65 72894.6 0 0
125 121 65 72898.8 0 0
126 114 66 72903.4 0 0
127 115 66 72907.6 0 0
124 113 65 72911.9 0 0
125 110 66 72916.1 0 0
127 113 66 72920.4 0 0
126 113 65 72924.6 0 0
126 115 65 72928.8 0 0
124 115 65 72933 0 0
124 115 65 72937.2 0 0
128 113 65 72941.5 0 0
126 113 65 72945.8 0 0
127 113 65 72950 0 0
124 110 65 72954.2 0 0
124 113 65 72958.4 0 0
126 113 66 72962.6 0 0
127 112 65 72966.8 0 0
125 111 65 72971 0 0
126 112 65 72975.3 0 0
125 112 66 72979.5 0 0
125 114 65 72983.7 0 0
125 114 66 72987.9 0 0
124 115 66 72992.1 0 0
127 112 66 72996.3 0 0
126 111 65 73000.6 0 0
125 115 65 73004.8 0 0
128 113 65 73009.1 0 0
125 112 66 73013.3 0 0
122 114 66 73017.5 0 0
125 110 65 73021.7 0 0
123 112 65 73025.9 0 0
125 106 65 73030.1 0 0
119 100 66 73034.4 0 0
121 97 66 73038.6 0 0
121 91 66 73043 0 0
120 87 66 73047.2 0 0
119 79 66 73051.4 0 0
119 76 66 73055.6 0 0
119 71 66 73059.8 0 0
118 71 66 73064.1 0 0
118 65 66 73068.3 0 0
116 64 66 73072.6 0 0
115 66 66 73076.8 0 0
113 65 66 73081 0 0
114 68 66 73085.2 0 0
114 64 66 73089.4 0 0
117 69 66 73093.6 0 0
116 67 66 73097.8 0 0
118 63 66 73102.1 0 0
116 67 66 73106.3 0 0
116 62 66 73110.5 0 0
116 68 66 73114.7 0 0
114 68 66 73118.9 0 0
116 67 66 73123.1 0 0
116 68 66 73127.4 0 0
116 67 66 73131.7 0 0
115 68 66 73135.9 0 0
115 68 66 73140.1 0 0
116 68 66 73144.4 0 0
117 69 66 73148.6 0 0
117 68 66 73152.8 0 0
115 67 66 73157.1 0 0
118 69 66 73161.3 0 0
116 69 66 73165.5 0 0
114 69 66 73169.8 0 0
117 67 66 73174 0 0
115 69 66 73178.2 0 0
115 70 66 73182.4 0 0
116 66 66 73186.6 0 0
116 69 66 73190.9 0 0
115 68 66 73195.1 0 0
116 66 66 73199.3 0 0
116 68 66 73203.6 0 0
115 65 66 73207.7 0 0
116 72 66 73211.9 0 0
113 69 66 73216.2 0 0
112 66 66 73220.4 0 0
106 58 66 73224.6 0 0
101 52 67 73228.9 0 0
90 48 66 73233.1 0 0
87 42 66 73237.3 0 0
81 40 66 73241.5 0 0
80 33 66 73245.7 0 0
80 36 65 73249.9 0 0
77 32 66 73254.1 0 0
80 30 66 73258.4 0 0
80 32 66 73262.6 0 0
82 30 66 73266.8 0 0
81 33 66 73271 0 0
83 32 66 73275.2 0 0
82 32 66 73279.4 0 0
79 31 65 73283.6 0 0
80 31 65 73287.9 0 0
78 31 66 73292.1 0 0
79 31 66 73296.3 0 0
81 32 65 73300.5 0 0
80 34 65 73304.7 0 0
80 31 66 73309 0 0
79 33 66 73313.2 0 0
80 32 65 73317.4 0 0
80 35 65 73321.6 0 0
78 33 66 73325.9 0 0
80 33 65 73330.1 0 0
79 34 66 73334.3 0 0
79 34 66 73338.5 0 0
80 32 66 73342.8 0 0
79 32 66 73347 0 0
78 34 66 73351.2 0 0
82 34 66 73355.5 0 0
79 34 66 73359.7 0 0
81 30 65 73363.9 0 0
77 35 66 73368.1 0 0
81 37 65 73372.3 0 0
78 34 66 73376.6 0 0
81 34 66 73380.8 0 0
79 36 66 73385 0 0
80 35 66 73389.2 0 0
80 35 66 73393.4 0 0
77 34 65 73397.6 0 0
80 36 66 73401.8 0 0
81 33 66 73406.1 0 0
81 32 66 73410.3 0 0
80 33 66 73414.5 0 0
80 33 66 73418.8 0 0
80 35 66 73423 0 0
80 33 65 73427.2 0 0
78 34 65 73431.4 0 0
79 35 65 73435.6 0 0
80 34 65 73439.8 0 0
81 33 66 73446.8 0 0
82 36 65 73455 0 0
80 36 66 73463.3 0 0
80 36 66 73471.8 0 0
81 35 66 73478.9 0 0
81 39 66 73483.2 0 0
82 36 65 73488.5 0 0
82 34 65 73492.7 0 0
82 36 66 73496.9 0 0
81 36 66 73501.1 0 0
79 35 66 73505.3 0 0
82 35 66 73509.6 0 0
79 37 65 73513.8 0 0
82 35 66 73518 0 0
82 34 65 73522.2 0 0
80 37 65 73526.4 0 0
78 37 66 73530.6 0 0
82 34 66 73534.9 0 0
79 35 65 73539.1 0 0
81 36 65 73543.3 0 0
81 34 65 73547.5 0 0
81 38 66 73551.7 0 0
81 35 65 73555.9 0 0
81 35 66 73560.1 0 0
80 36 65 73564.3 0 0
80 36 65 73568.6 0 0
80 38 66 73572.8 0 0
84 33 65 73577 0 0
81 33 66 73581.2 0 0
82 32 66 73585.4 0 0
83 28 66 73589.6 0 0
84 27 65 73593.8 0 0
84 27 65 73598 0 0
84 28 65 73603.9 0 0
84 26 66 73608.2 0 0
83 29 65 73612.4 0 0
84 29 65 73616.6 0 0
85 29 65 73620.8 0 0
83 29 65 73625 0 0
81 28 65 73629.2 0 0
85 28 65 73633.5 0 0
84 32 65 73637.7 0 0
85 31 65 73641.9 0 0
84 29 66 73646.1 0 0
84 31 65 73650.3 0 0
84 29 65 73654.5 0 0
85 30 65 73658.8 0 0
83 31 65 73663 0 0
84 30 65 73667.3 0 0
84 28 66 73671.5 0 0
85 32 65 73675.7 0 0
83 30 65 73679.9 0 0
84 29 65 73684.1 0 0
86 31 65 73688.3 0 0
85 29 65 73692.6 0 0
84 33 65 73696.8 0 0
85 26 66 73701 0 0
86 28 65 73705.2 0 0
84 29 66 73709.4 0 0
84 29 65 73713.7 0 0
83 29 65 73717.9 0 0
81 29 65 73722.1 0 0
84 31 65 73726.3 0 0
83 27 65 73730.6 0 0
85 28 65 73734.8 0 0
82 29 65 73739 0 0
81 28 65 73743.2 0 0
85 26 65 73747.4 0 0
84 31 65 73751.6 0 0
83 29 65 73755.8 0 0
84 28 65 73760.1 0 0
83 28 65 73764.3 0 0
83 27 65 73768.5 0 0
84 27 65 73772.7 0 0
84 26 65 73776.9 0 0
84 27 65 73781.2 0 0
81 30 65 73785.4 0 0
85 27 65 73789.6 0 0
85 27 65 73793.8 0 0
85 28 65 73798 0 0
85 26 65 73802.2 0 0
84 28 65 73806.4 0 0
83 28 65 73810.7 0 0
82 29 65 73814.9 0 0
84 26 65 73819.4 0 0
84 28 65 73823.6 0 0
84 26 65 73827.8 0 0
84 25 65 73832 0 0
82 30 65 73836.2 0 0
84 29 65 73840.4 0 0
84 28 65 73844.7 0 0
83 27 65 73848.9 0 0
85 29 65 73853.2 0 0
83 30 65 73857.4 0 0
84 29 65 73861.6 0 0
86 28 65 73865.8 0 0
83 27 65 73870 0 0
82 26 65 73874.2 0 0
85 26 65 73878.5 0 0
84 27 65 73882.7 0 0
83 28 65 73886.9 0 0
83 27 65 73891.2 0 0
84 30 65 73895.4 0 0
84 32 65 73899.6 0 0
83 27 65 73903.8 0 0
83 30 65 73908.1 0 0
85 28 65 73912.4 0 0
86 30 65 73916.7 0 0
83 30 65 73920.9 0 0
84 30 65 73925.1 0 0
85 33 64 73929.3 0 0
87 37 65 73933.6 0 0
92 51 65 73937.8 0 0
101 62 65 73942 0 0
113 75 65 73946.3 0 0
118 87 65 73950.5 0 0
127 93 65 73954.7 0 0
136 99 65 73958.9 0 0
143 111 64 73963.1 0 0
148 120 64 73967.4 0 0
153 134 64 73971.6 0 0
160 133 63 73975.8 0 0
165 140 63 73980.1 0 0
172 149 63 73984.3 0 0
180 156 63 73988.5 0 0
186 162 63 73992.7 0 0
189 171 62 73996.9 0 0
188 181 62 74001.2 0 0
187 183 62 74005.6 0 0
186 185 62 74009.8 0 0
185 183 62 74014 0 0
186 183 62 74018.2 0 0
186 179 62 74022.4 0 0
189 181 62 74026.6 0 0
190 180 62 74030.8 0 0
190 182 62 74035 0 0
188 181 62 74039.3 0 0
188 184 62 74043.5 0 0
188 183 62 74047.7 0 0
188 185 62 74051.9 0 0
187 183 62 74056.1 0 0
188 185 62 74060.3 0 0
189 183 62 74064.6 0 0
189 180 62 74068.8 0 0
189 183 62 74073.1 0 0
189 185 63 74077.4 0 0
188 185 62 74081.7 0 0
187 183 62 74086 0 0
189 185 62 74090.2 0 0
187 182 62 74094.7 0 0
186 183 62 74098.9 0 0
191 181 62 74103.4 0 0
190 183 62 74107.7 0 0
190 186 62 74112 0 0
187 185 62 74116.2 0 0
188 181 62 74120.5 0 0
186 183 62 74124.7 0 0
191 183 62 74128.9 0 0
189 185 62 74133.1 0 0
190 180 62 74137.4 0 0
188 186 63 74141.6 0 0
189 185 62 74145.8 0 0
187 185 62 74150 0 0
189 185 62 74154.2 0 0
187 185 62 74158.4 0 0
192 186 62 74162.6 0 0
188 186 62 74166.9 0 0
190 186 62 74171.2 0 0
190 186 63 74175.4 0 0
191 187 62 74179.6 0 0
187 185 63 74183.8 0 0
189 185 62 74188 0 0
190 183 63 74192.3 0 0
190 186 63 74196.5 0 0
190 187 62 74200.7 0 0
195 185 63 74204.9 0 0
201 179 63 74209.1 0 0
204 181 62 74213.4 0 0
204 180 62 74217.6 0 0
207 183 62 74221.8 0 0
200 183 62 74226 0 0
198 183 62 74230.3 0 0
197 183 62 74234.5 0 0
199 182 62 74238.7 0 0
199 183 62 74242.9 0 0
199 182 62 74247.1 0 0
199 181 62 74251.3 0 0
201 180 62 74255.5 0 0
200 181 62 74259.8 0 0
201 181 62 74263.9 0 0
200 184 63 74268.2 0 0
201 185 62 74272.4 0 0
203 187 62 74276.6 0 0
202 185 62 74280.8 0 0
200 185 62 74285 0 0
200 185 62 74289.3 0 0
201 184 62 74293.5 0 0
201 183 62 74297.7 0 0
201 183 63 74301.9 0 0
202 184 63 74315.4 0 0
202 183 63 74319.6 0 0
200 184 62 74323.8 0 0
203 187 63 74328 0 0
199 184 63 74332.2 0 0
201 185 62 74336.4 0 0
201 184 63 74340.7 0 0
201 187 62 74344.9 0 0
203 185 62 74349.1 0 0
200 185 62 74353.3 0 0
199 185 62 74357.6 0 0
202 184 63 74361.8 0 0
201 184 62 74365.9 0 0
201 184 62 74370.2 0 0
200 186 63 74374.4 0 0
199 184 63 74378.6 0 0
201 185 63 74382.8 0 0
199 184 63 74387.1 0 0
202 183 63 74391.3 0 0
200 185 63 74395.5 0 0
198 186 62 74399.7 0 0
199 186 63 74403.9 0 0
202 187 63 74408.1 0 0
206 183 63 74412.3 0 0
216 181 63 74416.7 0 0
225 173 63 74420.9 0 0
233 173 63 74425.1 0 0
239 167 62 74429.3 0 0
241 166 62 74433.6 0 0
242 163 61 74437.9 0 0
240 166 61 74442.1 0 0
242 164 61 74446.3 0 0
233 164 61 74450.6 0 0
235 164 61 74454.8 0 0
235 167 61 74459 0 0
235 166 61 74463.2 0 0
238 163 61 74467.4 0 0
239 165 61 74471.6 0 0
238 164 61 74475.9 0 0
238 165 61 74480.1 0 0
238 164 61 74484.3 0 0
242 164 61 74488.5 0 0
238 166 61 74492.7 0 0
235 163 61 74496.9 0 0
237 165 61 74501.1 0 0
239 162 61 74505.4 0 0
239 163 61 74509.6 0 0
239 164 62 74513.8 0 0
236 166 61 74518 0 0
238 166 61 74522.2 0 0
238 165 61 74526.4 0 0
238 164 61 74533.2 0 0
238 166 61 74537.5 0 0
237 163 61 74541.7 0 0
237 166 61 74545.9 0 0
238 166 61 74550.1 0 0
238 162 61 74554.3 0 0
239 163 61 74558.5 0 0
238 161 61 74562.7 0 0
236 166 61 74567 0 0
241 166 61 74571.2 0 0
238 160 61 74575.4 0 0
236 158 61 74579.6 0 0
237 166 61 74583.8 0 0
237 163 61 74588 0 0
239 163 61 74592.2 0 0
238 164 61 74596.5 0 0
240 163 61 74600.7 0 0
236 163 61 74604.9 0 0
235 164 61 74609.1 0 0
238 163 62 74613.3 0 0
239 163 61 74617.5 0 0
240 165 61 74621.8 0 0
239 165 61 74626 0 0
240 164 62 74630.2 0 0
237 164 61 74634.4 0 0
237 159 61 74641.6 0 0
239 161 61 74645.8 0 0
238 163 61 74650 0 0
237 163 61 74654.2 0 0
239 163 61 74658.4 0 0
240 164 61 74662.6 0 0
237 161 62 74667 0 0
239 163 61 74671.2 0 0
239 166 61 74675.4 0 0
237 162 61 74679.6 0 0
239 164 62 74683.8 0 0
236 159 61 74688 0 0
242 157 61 74692.3 0 0
240 154 61 74696.5 0 0
241 146 61 74700.7 0 0
241 144 61 74704.9 0 0
240 141 61 74709.1 0 0
242 141 61 74713.4 0 0
241 141 61 74717.6 0 0
238 138 61 74721.8 0 0
237 137 61 74726 0 0
239 136 61 74730.2 0 0
237 140 61 74734.5 0 0
237 140 61 74738.7 0 0
240 140 61 74744.6 0 0
240 140 61 74748.8 0 0
240 139 61 74753 0 0
238 139 61 74757.2 0 0
241 139 61 74761.4 0 0
238 139 61 74765.6 0 0
239 139 61 74769.9 0 0
242 139 61 74774.1 0 0
240 138 61 74778.3 0 0
238 138 61 74782.5 0 0
237 137 61 74786.7 0 0
238 138 61 74791 0 0
240 138 61 74795.2 0 0
239 138 61 74799.4 0 0
238 137 61 74803.6 0 0
240 138 61 74807.8 0 0
239 138 61 74812.1 0 0
241 137 61 74816.3 0 0
238 137 60 74820.5 0 0
240 137 61 74824.8 0 0
240 136 61 74829 0 0
239 136 61 74833.2 0 0
239 135 61 74837.4 0 0
238 137 61 74841.6 0 0
238 137 61 74845.8 0 0
236 138 61 74850.1 0 0
236 135 61 74854.3 0 0
235 135 61 74858.5 0 0
233 137 61 74862.7 0 0
224 140 62 74866.9 0 0
213 139 63 74871.1 0 0
201 138 62 74875.3 0 0
188 133 63 74879.6 0 0
178 133 64 74883.8 0 0
165 130 65 74888 0 0
152 126 66 74892.2 0 0
139 122 66 74896.4 0 0
128 117 66 74900.6 0 0
117 110 66 74904.8 0 0
103 107 66 74909.1 0 0
96 102 66 74913.3 0 0
88 98 66 74917.6 0 0
72 92 66 74921.8 0 0
68 94 65 74926 0 0
62 93 65 74930.2 0 0
59 90 66 74934.4 0 0
57 88 65 74938.6 0 0
59 88 65 74942.9 0 0
56 86 65 74947.1 0 0
60 83 65 74951.3 0 0
59 86 65 74955.5 0 0
58 87 65 74959.7 0 0
57 85 65 74963.9 0 0
55 88 65 74968.1 0 0
54 90 65 74972.3 0 0
54 88 65 74976.5 0 0
54 89 65 74980.7 0 0
55 87 65 74984.9 0 0
52 90 65 74989.3 0 0
56 91 65 74993.5 0 0
55 91 65 74998.8 0 0
56 93 65 75003 0 0
54 89 65 75007.3 0 0
55 91 65 75011.5 0 0
56 90 65 75015.7 0 0
54 91 65 75019.9 0 0
55 91 65 75024.1 0 0
56 92 65 75028.4 0 0
53 91 65 75032.6 0 0
51 87 65 75036.8 0 0
47 85 65 75041 0 0
45 81 65 75045.2 0 0
43 76 65 75049.4 0 0
40 76 65 75053.7 0 0
37 73 65 75057.9 0 0
35 70 65 75062.1 0 0
34 72 65 75066.4 0 0
34 63 65 75070.6 0 0
36 61 65 75074.8 0 0
33 62 65 75079 0 0
34 64 65 75083.2 0 0
36 64 65 75087.4 0 0
34 62 65 75091.7 0 0
36 65 65 75095.9 0 0
34 64 65 75100.1 0 0
36 62 65 75104.3 0 0
36 63 65 75108.5 0 0
34 63 64 75112.8 0 0
31 66 64 75116.9 0 0
31 66 65 75121.2 0 0
32 71 65 75125.4 0 0
35 65 65 75129.6 0 0
33 63 65 75133.9 0 0
32 67 65 75138.1 0 0
33 64 65 75142.3 0 0
32 63 65 75146.5 0 0
30 67 65 75150.7 0 0
33 67 65 75154.9 0 0
29 66 65 75161.8 0 0
34 67 65 75166.1 0 0
33 65 65 75170.3 0 0
32 65 65 75174.5 0 0
31 66 65 75178.7 0 0
34 66 65 75183 0 0
33 64 65 75187.2 0 0
31 68 65 75191.5 0 0
33 66 65 75195.7 0 0
31 66 64 75199.9 0 0
31 67 65 75204.1 0 0
32 63 65 75208.3 0 0
31 68 65 75212.5 0 0
32 67 64 75216.8 0 0
33 66 65 75221 0 0
34 64 65 75225.2 0 0
31 66 64 75229.4 0 0
32 67 65 75233.8 0 0
31 65 64 75238 0 0
31 63 65 75242.2 0 0
26 65 65 75246.5 0 0
26 64 65 75250.7 0 0
26 64 65 75254.9 0 0
23 65 64 75260.2 0 0
23 61 64 75264.4 0 0
25 68 64 75268.6 0 0
25 65 64 75272.8 0 0
25 66 64 75277 0 0
26 63 64 75281.2 0 0
26 62 64 75285.5 0 0
27 64 64 75289.7 0 0
25 64 64 75293.9 0 0
26 66 64 75298.1 0 0
24 61 64 75302.3 0 0
25 62 64 75306.5 0 0
24 64 64 75310.8 0 0
26 64 64 75315 0 0
25 63 64 75319.3 0 0
25 62 64 75323.5 0 0
25 64 64 75327.7 0 0
23 65 64 75331.9 0 0
26 65 64 75336.1 0 0
23 66 64 75340.3 0 0
24 66 64 75344.5 0 0
26 64 64 75348.8 0 0
24 65 64 75353 0 0
25 64 64 75357.2 0 0
27 64 64 75361.4 0 0
26 66 64 75365.6 0 0
24 65 64 75369.8 0 0
25 66 64 75374 0 0
26 64 64 75378.3 0 0
23 67 64 75382.5 0 0
26 65 64 75386.7 0 0
27 64 64 75390.9 0 0
25 67 64 75395.2 0 0
25 66 64 75399.4 0 0
27 63 64 75403.6 0 0
25 65 64 75407.8 0 0
25 65 64 75412 0 0
26 70 64 75416.2 0 0
25 70 64 75420.4 0 0
29 76 64 75424.6 0 0
25 91 64 75428.9 0 0
32 103 64 75433.1 0 0
32 107 63 75437.3 0 0
32 120 63 75441.5 0 0
35 128 63 75445.7 0 0
32 147 63 75449.9 0 0
38 150 63 75454.2 0 0
34 168 64 75458.4 0 0
31 180 63 75462.6 0 0
29 180 63 75466.8 0 0
33 185 63 75471.1 0 0
36 180 63 75475.3 0 0
36 178 64 75479.5 0 0
35 176 63 75483.7 0 0
35 176 63 75488 0 0
33 178 63 75492.2 0 0
34 182 63 75496.4 0 0
35 183 63 75500.6 0 0
34 182 63 75504.9 0 0
33 186 63 75509.1 0 0
34 187 63 75513.3 0 0
35 184 63 75517.5 0 0
33 187 63 75521.7 0 0
34 181 63 75525.9 0 0
34 183 63 75530.1 0 0
33 187 63 75534.3 0 0
36 182 63 75538.6 0 0
36 185 63 75542.8 0 0
32 183 63 75547 0 0
36 182 63 75551.2 0 0
34 184 63 75555.4 0 0
33 183 63 75559.6 0 0
35 184 63 75563.8 0 0
31 184 63 75568.1 0 0
34 182 63 75572.3 0 0
33 185 63 75576.5 0 0
33 182 63 75580.7 0 0
34 185 63 75584.9 0 0
32 183 63 75589.1 0 0
38 181 63 75593.4 0 0
33 187 63 75597.6 0 0
34 183 63 75601.8 0 0
35 185 63 75606 0 0
34 189 63 75610.3 0 0
33 182 63 75614.5 0 0
33 185 63 75618.7 0 0
34 183 63 75622.9 0 0
35 182 63 75627.1 0 0
34 186 63 75631.8 0 0
33 187 64 75636 0 0
34 180 63 75640.2 0 0
35 171 63 75644.4 0 0
32 170 63 75648.6 0 0
32 165 63 75652.8 0 0
33 161 63 75657.1 0 0
35 163 63 75661.3 0 0
35 166 63 75665.5 0 0
31 175 63 75669.7 0 0
31 173 63 75673.9 0 0
33 174 63 75678.1 0 0
34 175 64 75682.4 0 0
32 172 63 75686.6 0 0
32 172 63 75690.8 0 0
34 171 63 75695.1 0 0
33 169 63 75699.3 0 0
32 170 63 75703.5 0 0
33 168 63 75707.7 0 0
32 165 63 75711.9 0 0
34 172 63 75716.1 0 0
32 170 63 75720.3 0 0
32 168 63 75724.6 0 0
32 169 63 75728.8 0 0
30 169 63 75733.3 0 0
34 168 63 75737.5 0 0
32 168 63 75741.7 0 0
32 172 63 75745.9 0 0
33 169 63 75750.2 0 0
34 167 63 75754.4 0 0
29 171 63 75758.7 0 0
31 166 63 75762.9 0 0
32 166 63 75767.1 0 0
32 165 63 75771.3 0 0
34 164 64 75775.5 0 0
30 166 63 75779.7 0 0
33 162 63 75783.9 0 0
32 166 64 75788.2 0 0
32 156 63 75792.4 0 0
31 150 64 75796.6 0 0
29 132 64 75800.8 0 0
27 122 64 75805 0 0
27 112 64 75809.2 0 0
27 101 63 75813.4 0 0
24 98 64 75817.7 0 0
26 91 64 75821.9 0 0
22 82 64 75826.1 0 0
27 77 64 75830.3 0 0
27 68 63 75834.5 0 0
28 70 63 75838.7 0 0
26 70 63 75842.9 0 0
24 69 64 75847.2 0 0
26 66 63 75851.4 0 0
26 69 63 75855.6 0 0
26 68 63 75859.8 0 0
26 68 63 75864 0 0
25 67 63 75868.2 0 0
23 71 64 75872.5 0 0
28 66 63 75876.7 0 0
27 65 63 75881.5 0 0
26 67 63 75885.7 0 0
27 69 64 75889.9 0 0
27 72 64 75894.1 0 0
25 71 64 75898.3 0 0
25 70 64 75902.6 0 0
25 72 64 75906.8 0 0
30 72 64 75911 0 0
26 71 64 75915.2 0 0
26 65 63 75919.4 0 0
26 67 63 75923.6 0 0
26 65 63 75927.9 0 0
28 67 63 75932.1 0 0
28 67 63 75936.3 0 0
24 73 64 75940.6 0 0
25 69 64 75944.8 0 0
29 68 63 75949 0 0
28 66 63 75953.2 0 0
25 72 64 75957.4 0 0
25 73 64 75961.6 0 0
28 66 63 75965.8 0 0
26 66 63 75970 0 0
28 66 63 75974.3 0 0
25 67 63 75978.5 0 0
24 73 64 75982.8 0 0
28 72 64 75987.1 0 0
26 69 64 75991.3 0 0
28 70 64 75995.5 0 0
26 66 63 75999.7 0 0
27 71 64 76004 0 0
25 67 63 76008.2 0 0
26 64 63 76012.4 0 0
27 66 64 76016.6 0 0
23 53 63 76020.8 0 0
21 50 63 76025 0 0
23 47 63 76029.2 0 0
22 46 63 76033.4 0 0
22 50 64 76037.7 0 0
23 48 63 76041.9 0 0
25 49 63 76046.1 0 0
22 51 63 76050.3 0 0
23 50 63 76054.5 0 0
23 50 64 76058.8 0 0
22 50 63 76063 0 0
22 51 63 76067.2 0 0
24 48 63 76071.4 0 0
21 50 63 76075.6 0 0
23 48 63 76079.8 0 0
22 52 63 76084.1 0 0
22 49 63 76088.2 0 0
22 50 63 76092.5 0 0
22 50 64 76096.7 0 0
21 50 63 76100.9 0 0
25 48 63 76105.2 0 0
23 49 63 76109.4 0 0
23 46 63 76113.6 0 0
23 51 63 76117.8 0 0
24 47 63 76122.1 0 0
24 48 63 76126.3 0 0
24 49 63 76130.6 0 0
23 47 63 76134.8 0 0
26 50 63 76139 0 0
22 46 63 76143.2 0 0
23 48 63 76147.4 0 0
22 47 63 76151.6 0 0
25 46 63 76155.9 0 0
24 49 63 76160.1 0 0
22 49 63 76164.3 0 0
22 50 63 76168.6 0 0
28 49 63 76172.9 0 0
21 49 63 76177.1 0 0
22 49 63 76181.3 0 0
25 53 63 76185.5 0 0
22 49 64 76189.8 0 0
24 53 64 76194.3 0 0
25 51 64 76198.6 0 0
24 49 63 76202.8 0 0
24 51 63 76206.9 0 0
23 49 64 76211.1 0 0
24 48 63 76215.4 0 0
22 52 63 76219.6 0 0
24 49 63 76223.9 0 0
24 51 63 76228.1 0 0
24 51 63 76232.3 0 0
25 48 63 76236.6 0 0
23 53 63 76240.8 0 0
24 50 63 76245 0 0
25 53 63 76249.2 0 0
35 55 64 76253.5 0 0
44 62 65 76257.7 0 0
57 73 64 76261.9 0 0
70 77 65 76266.1 0 0
95 97 65 76270.3 0 0
108 99 66 76274.5 0 0
118 103 65 76278.8 0 0
126 112 65 76283 0 0
147 124 65 76287.2 0 0
157 129 64 76294.2 0 0
167 133 64 76298.4 0 0
172 136 63 76302.6 0 0
182 145 63 76306.8 0 0
190 151 62 76319.4 0 0
210 174 61 76323.6 0 0
212 184 61 76327.8 0 0
215 186 61 76332 0 0
219 190 61 76336.2 0 0
218 193 60 76340.7 0 0
219 196 60 76344.9 0 0
219 189 61 76349.1 0 0
218 193 60 76353.4 0 0
218 189 60 76357.6 0 0
220 189 61 76361.8 0 0
219 187 61 76366 0 0
220 186 60 76370.2 0 0
218 186 61 76374.4 0 0
217 184 61 76378.6 0 0
219 185 61 76382.9 0 0
219 180 61 76387.1 0 0
219 180 61 76394.1 0 0
220 184 61 76401.1 0 0
218 179 61 76405.3 0 0
220 180 61 76410.6 0 0
216 179 61 76414.8 0 0
219 182 61 76419.1 0 0
218 179 61 76423.3 0 0
220 179 62 76427.5 0 0
217 182 61 76431.7 0 0
220 179 61 76436.1 0 0
219 179 62 76440.3 0 0
216 179 62 76444.5 0 0
217 180 62 76448.8 0 0
220 178 61 76453 0 0
217 178 61 76457.2 0 0
217 180 62 76461.4 0 0
218 180 61 76465.6 0 0
219 177 62 76469.8 0 0
220 178 62 76474 0 0
224 173 62 76478.2 0 0
233 172 62 76482.7 0 0
235 167 61 76487 0 0
241 168 61 76491.2 0 0
242 164 60 76495.4 0 0
240 162 60 76502.2 0 0
234 160 60 76506.5 0 0
238 162 60 76510.7 0 0
235 160 61 76514.9 0 0
236 162 61 76519.1 0 0
238 163 61 76523.3 0 0
240 162 61 76527.6 0 0
239 163 60 76531.8 0 0
240 161 60 76536 0 0
239 163 61 76540.2 0 0
238 160 61 76544.4 0 0
239 164 60 76548.6 0 0
238 160 61 76552.8 0 0
237 161 60 76557 0 0
241 160 61 76561.3 0 0
236 160 61 76565.5 0 0
238 160 61 76569.7 0 0
239 161 61 76573.9 0 0
238 160 61 76578.2 0 0
241 161 61 76582.4 0 0
237 159 61 76586.6 0 0
238 162 61 76590.8 0 0
239 161 61 76595 0 0
239 161 61 76599.3 0 0
239 161 61 76603.9 0 0
237 160 61 76608.1 0 0
239 163 61 76612.4 0 0
239 160 61 76616.6 0 0
239 162 61 76620.8 0 0
238 159 61 76625 0 0
238 160 61 76629.2 0 0
239 162 61 76633.4 0 0
235 160 61 76637.7 0 0
237 159 61 76641.9 0 0
238 161 61 76646.1 0 0
240 160 61 76650.3 0 0
239 162 61 76654.6 0 0
238 162 61 76658.8 0 0
237 161 61 76663 0 0
238 160 61 76667.2 0 0
237 161 61 76671.5 0 0
239 161 61 76675.7 0 0
236 163 61 76679.9 0 0
236 161 62 76684.1 0 0
237 161 61 76688.3 0 0
239 164 61 76692.5 0 0
238 166 61 76696.8 0 0
239 164 61 76701 0 0
239 164 61 76705.2 0 0
241 164 61 76709.4 0 0
239 165 61 76713.6 0 0
236 163 61 76717.8 0 0
240 164 61 76722 0 0
240 162 61 76726.2 0 0
236 166 61 76730.5 0 0
238 166 61 76734.9 0 0
238 159 61 76739.1 0 0
236 166 61 76743.3 0 0
241 162 61 76747.5 0 0
237 160 61 76751.7 0 0
239 164 61 76755.9 0 0
239 161 61 76760.2 0 0
237 161 61 76764.4 0 0
238 164 61 76768.6 0 0
237 161 61 76772.8 0 0
239 165 61 76777 0 0
239 165 61 76781.2 0 0
239 163 61 76785.5 0 0
237 164 61 76789.7 0 0
232 162 62 76793.9 0 0
225 164 62 76798.1 0 0
212 164 62 76802.3 0 0
204 166 63 76806.5 0 0
192 169 63 76810.7 0 0
182 174 63 76815 0 0
167 173 64 76819.2 0 0
151 175 64 76823.4 0 0
142 176 65 76827.6 0 0
127 183 64 76831.8 0 0
115 180 65 76836 0 0
104 183 65 76840.5 0 0
95 193 64 76844.7 0 0
85 190 64 76848.9 0 0
77 197 63 76853.2 0 0
67 200 63 76857.4 0 0
59 202 63 76861.6 0 0
57 207 63 76865.8 0 0
57 207 63 76870 0 0
57 201 64 76874.2 0 0
54 201 63 76878.5 0 0
59 199 63 76882.7 0 0
55 196 63 76886.9 0 0
53 194 64 76891.1 0 0
51 201 63 76895.4 0 0
50 198 63 76899.6 0 0
48 197 63 76903.9 0 0
50 198 63 76908.2 0 0
52 198 63 76912.4 0 0
49 201 63 76916.7 0 0
50 196 63 76920.9 0 0
51 198 64 76925.1 0 0
49 195 63 76929.3 0 0
50 199 63 76933.5 0 0
49 200 63 76937.8 0 0
51 199 63 76942 0 0
52 197 64 76946.2 0 0
52 199 63 76950.4 0 0
49 201 63 76954.6 0 0
50 200 63 76958.8 0 0
51 201 63 76963 0 0
49 196 64 76967.2 0 0
50 199 64 76971.4 0 0
51 201 63 76975.7 0 0
49 200 64 76979.9 0 0
48 200 64 76984.2 0 0
52 197 64 76988.4 0 0
46 199 64 76992.6 0 0
41 197 64 76996.8 0 0
34 204 64 77001 0 0
30 197 64 77005.2 0 0
30 190 64 77009.5 0 0
29 192 64 77013.7 0 0
30 192 64 77017.9 0 0
32 189 64 77022.1 0 0
38 186 64 77026.3 0 0
37 189 64 77030.6 0 0
34 191 64 77034.8 0 0
37 190 63 77039 0 0
34 193 64 77043.2 0 0
36 190 64 77047.4 0 0
35 190 63 77051.6 0 0
33 192 64 77055.8 0 0
34 189 64 77060.1 0 0
34 192 63 77064.4 0 0
33 190 64 77068.6 0 0
36 192 63 77072.9 0 0
34 191 63 77077.1 0 0
32 190 64 77081.3 0 0
36 190 64 77085.5 0 0
33 191 64 77089.7 0 0
33 189 64 77093.9 0 0
33 190 63 77098.1 0 0
33 191 63 77102.4 0 0
35 189 64 77106.6 0 0
33 191 64 77110.8 0 0
33 190 64 77115 0 0
38 188 64 77119.2 0 0
35 190 64 77123.4 0 0
33 194 63 77127.7 0 0
33 191 63 77131.9 0 0
34 183 64 77136.1 0 0
35 180 64 77140.3 0 0
36 170 63 77144.5 0 0
37 160 64 77148.7 0 0
36 165 64 77153 0 0
34 160 64 77157.2 0 0
34 165 64 77161.4 0 0
36 170 64 77165.7 0 0
37 167 64 77169.9 0 0
37 169 64 77174.1 0 0
34 169 64 77178.3 0 0
33 171 64 77182.5 0 0
33 170 64 77186.7 0 0
33 165 64 77191 0 0
35 170 63 77195.2 0 0
35 169 64 77199.4 0 0
34 166 63 77203.6 0 0
37 169 63 77207.8 0 0
34 168 63 77212 0 0
35 165 64 77216.2 0 0
34 167 63 77220.4 0 0
35 166 64 77224.7 0 0
36 168 64 77228.9 0 0
36 166 64 77233.2 0 0
36 167 64 77237.4 0 0
36 169 64 77241.6 0 0
33 170 64 77245.9 0 0
34 165 63 77250.1 0 0
37 163 63 77254.3 0 0
37 166 64 77258.5 0 0
37 168 64 77262.8 0 0
34 171 63 77266.9 0 0
35 170 63 77271.2 0 0
36 166 63 77275.4 0 0
36 171 63 77279.6 0 0
38 172 63 77283.8 0 0
36 170 63 77288 0 0
45 167 64 77292.2 0 0
53 171 64 77296.4 0 0
74 161 64 77300.7 0 0
88 163 64 77304.9 0 0
105 162 65 77309.1 0 0
121 162 66 77313.3 0 0
133 157 66 77317.5 0 0
147 153 65 77321.8 0 0
163 156 65 77326 0 0
169 164 64 77330.2 0 0
184 161 63 77334.4 0 0
198 164 63 77338.6 0 0
203 160 63 77342.8 0 0
211 170 62 77347 0 0
214 169 62 77351.2 0 0
218 168 61 77355.5 0 0
219 164 61 77359.7 0 0
222 166 61 77363.9 0 0
222 167 61 77368.1 0 0
221 165 61 77372.4 0 0
218 162 61 77376.6 0 0
220 165 61 77381.2 0 0
223 166 61 77385.4 0 0
223 164 61 77389.7 0 0
224 166 61 77393.9 0 0
227 166 61 77398.1 0 0
224 166 61 77402.3 0 0
225 167 61 77406.5 0 0
225 161 61 77410.8 0 0
224 170 61 77415 0 0
227 165 61 77419.2 0 0
226 167 62 77423.4 0 0
224 168 62 77427.6 0 0
223 170 61 77431.8 0 0
224 167 61 77436.1 0 0
228 168 61 77440.3 0 0
224 168 61 77444.5 0 0
224 167 61 77448.7 0 0
224 168 61 77452.9 0 0
227 168 61 77457.1 0 0
226 166 61 77461.3 0 0
225 170 61 77465.6 0 0
225 166 61 77469.8 0 0
226 166 61 77474 0 0
226 165 61 77478.2 0 0
226 167 61 77482.8 0 0
225 167 61 77487 0 0
233 168 61 77491.2 0 0
239 165 61 77495.4 0 0
243 164 61 77499.6 0 0
245 157 61 77503.9 0 0
247 156 60 77508.1 0 0
246 156 59 77512.4 0 0
243 158 59 77516.6 0 0
242 157 60 77520.8 0 0
240 159 60 77525 0 0
240 158 60 77529.2 0 0
241 158 60 77533.4 0 0
241 157 60 77537.7 0 0
242 158 60 77541.9 0 0
244 155 60 77546.1 0 0
243 156 60 77550.3 0 0
243 157 60 77554.5 0 0
244 156 60 77558.7 0 0
243 157 60 77562.9 0 0
242 156 61 77567.2 0 0
242 155 60 77571.4 0 0
241 154 60 77575.6 0 0
242 155 60 77579.8 0 0
244 159 60 77584 0 0
244 157 60 77588.2 0 0
245 160 60 77592.4 0 0
241 156 60 77596.7 0 0
242 156 60 77600.9 0 0
241 160 60 77605.1 0 0
243 154 60 77609.3 0 0
244 159 60 77613.5 0 0
244 161 60 77617.7 0 0
243 155 61 77622 0 0
242 158 60 77626.2 0 0
244 157 60 77630.4 0 0
244 154 60 77634.6 0 0
243 158 60 77638.8 0 0
242 160 60 77643 0 0
244 155 60 77647.2 0 0
241 159 60 77651.4 0 0
244 154 60 77655.7 0 0
242 159 60 77659.9 0 0
242 156 60 77664.1 0 0
242 158 60 77668.4 0 0
242 159 60 77672.6 0 0
245 158 60 77676.8 0 0
244 157 60 77681 0 0
243 159 60 77685.2 0 0
244 157 60 77689.4 0 0
243 157 60 77693.7 0 0
243 159 60 77697.9 0 0
244 157 60 77702.1 0 0
245 160 61 77706.3 0 0
245 156 60 77710.5 0 0
244 158 60 77714.7 0 0
244 156 60 77718.9 0 0
244 154 60 77723.1 0 0
245 157 60 77727.4 0 0
242 158 60 77731.9 0 0
243 156 60 77736.1 0 0
242 156 60 77740.3 0 0
243 157 60 77744.6 0 0
244 156 60 77748.8 0 0
244 158 61 77753.1 0 0
243 158 60 77757.3 0 0
243 156 61 77761.5 0 0
243 158 61 77765.7 0 0
243 156 60 77769.9 0 0
244 158 61 77774.1 0 0
242 155 61 77778.5 0 0
241 157 60 77782.7 0 0
242 155 61 77786.9 0 0
243 156 60 77791.2 0 0
241 154 61 77795.4 0 0
243 157 61 77799.6 0 0
244 154 61 77803.9 0 0
243 158 60 77808.1 0 0
243 157 60 77812.3 0 0
243 157 61 77816.5 0 0
243 158 61 77820.8 0 0
244 157 60 77825 0 0
241 156 61 77829.2 0 0
242 157 60 77833.4 0 0
242 158 61 77837.6 0 0
242 157 60 77841.8 0 0
244 156 61 77846 0 0
240 153 61 77850.2 0 0
243 161 60 77854.5 0 0
240 156 61 77858.7 0 0
245 160 61 77862.9 0 0
241 156 61 77867.1 0 0
242 157 61 77871.3 0 0
244 160 61 77875.5 0 0
243 158 61 77879.8 0 0
243 158 61 77884 0 0
244 157 61 77888.2 0 0
244 156 61 77892.4 0 0
242 155 61 77896.6 0 0
245 157 60 77900.9 0 0
241 156 61 77905.1 0 0
243 156 61 77909.3 0 0
241 158 61 77913.6 0 0
243 157 61 77917.8 0 0
242 158 61 77922.1 0 0
242 159 61 77926.3 0 0
243 157 61 77930.5 0 0
242 158 61 77934.7 0 0
242 156 61 77938.9 0 0
241 158 61 77943.1 0 0
245 156 61 77947.4 0 0
245 157 61 77951.6 0 0
243 157 61 77955.8 0 0
242 157 61 77960 0 0
242 156 61 77964.2 0 0
243 159 61 77968.4 0 0
243 161 61 77972.6 0 0
242 157 61 77976.8 0 0
242 161 61 77981.2 0 0
243 158 61 77985.4 0 0
243 158 61 77989.6 0 0
244 157 61 77993.8 0 0
244 156 61 77998 0 0
244 158 61 78002.2 0 0
244 154 61 78006.7 0 0
244 154 61 78010.9 0 0
243 154 61 78015.1 0 0
244 155 61 78019.4 0 0
243 155 61 78023.6 0 0
244 153 60 78027.8 0 0
245 155 61 78032 0 0
244 157 61 78036.3 0 0
244 155 61 78040.5 0 0
244 156 61 78044.7 0 0
245 158 61 78048.9 0 0
245 158 61 78053.4 0 0
243 155 61 78057.6 0 0
244 156 61 78061.8 0 0
245 154 61 78066.1 0 0
244 154 61 78070.3 0 0
243 154 61 78074.5 0 0
243 157 61 78078.7 0 0
246 156 61 78082.9 0 0
243 153 61 78087.1 0 0
245 154 61 78091.3 0 0
244 154 61 78095.5 0 0
245 156 61 78099.9 0 0
245 156 61 78104.1 0 0
245 156 61 78108.3 0 0
244 156 61 78112.5 0 0
245 153 61 78116.7 0 0
245 153 61 78120.9 0 0
245 156 61 78125.1 0 0
244 154 62 78129.4 0 0
240 154 61 78133.6 0 0
245 154 61 78137.8 0 0
243 152 61 78142 0 0
242 155 61 78146.2 0 0
244 151 61 78150.4 0 0
241 152 61 78154.8 0 0
245 153 61 78159 0 0
244 155 61 78163.2 0 0
246 157 61 78167.4 0 0
244 158 61 78171.6 0 0
245 158 61 78175.8 0 0
243 153 61 78180 0 0
244 158 61 78184.3 0 0
245 157 61 78188.5 0 0
244 154 61 78192.7 0 0
243 157 61 78196.9 0 0
245 159 61 78201.1 0 0
242 154 61 78205.3 0 0
243 158 61 78209.5 0 0
244 157 61 78213.8 0 0
243 154 61 78218 0 0
246 158 61 78222.2 0 0
243 158 61 78226.4 0 0
243 157 61 78230.7 0 0
245 159 61 78234.9 0 0
245 157 61 78239.1 0 0
243 159 61 78243.3 0 0
245 159 61 78247.6 0 0
245 158 61 78251.8 0 0
242 158 61 78256 0 0
242 157 61 78260.2 0 0
244 158 61 78264.4 0 0
245 159 61 78268.6 0 0
245 158 61 78272.8 0 0
242 153 61 78277 0 0
245 158 61 78281.2 0 0
245 152 61 78285.5 0 0
244 158 61 78290.3 0 0
246 158 61 78294.5 0 0
246 161 62 78298.7 0 0
246 158 61 78302.9 0 0
244 157 61 78307.1 0 0
243 158 61 78312 0 0
244 157 61 78316.4 0 0
246 157 61 78320.6 0 0
242 156 61 78324.8 0 0
244 157 61 78329 0 0
242 158 61 78333.2 0 0
244 155 61 78337.4 0 0
245 157 61 78341.6 0 0
245 160 61 78345.8 0 0
245 154 61 78350.1 0 0
244 158 61 78354.3 0 0
245 158 61 78358.5 0 0
244 158 61 78362.7 0 0
245 157 61 78366.9 0 0
243 156 61 78371.1 0 0
242 158 61 78375.3 0 0
243 156 61 78379.6 0 0
244 155 61 78383.8 0 0
246 157 61 78388 0 0
245 155 61 78392.2 0 0
244 156 61 78396.4 0 0
243 156 61 78400.6 0 0
239 156 61 78405.1 0 0
234 156 62 78409.3 0 0
227 156 62 78413.5 0 0
218 148 62 78417.7 0 0
208 153 62 78421.9 0 0
200 151 63 78426.1 0 0
189 155 63 78430.3 0 0
179 161 63 78434.6 0 0
165 166 64 78438.8 0 0
155 182 63 78443.9 0 0
148 196 62 78448.1 0 0
31 226 50 78511.5 0 0
31 189 56 78515.7 0 0
38 155 59 78519.9 0 0
30 133 61 78524.1 0 0
31 109 63 78528.3 0 0
30 88 63 78532.5 0 0
34 59 64 78536.8 0 0
35 49 64 78541 0 0
39 35 64 78545.2 0 0
37 27 64 78549.4 0 0
36 25 64 78553.6 0 0
38 23 65 78557.8 0 0
36 22 65 78562.1 0 0
37 23 65 78566.3 0 0
33 16 65 78570.5 0 0
33 21 65 78574.7 0 0
36 25 65 78578.9 0 0
36 27 65 78583.1 0 0
37 30 65 78587.4 0 0
37 29 65 78591.6 0 0
35 33 65 78595.8 0 0
38 29 65 78600 0 0
37 32 65 78604.3 0 0
36 30 66 78608.5 0 0
36 33 65 78612.7 0 0
37 35 65 78616.9 0 0
38 32 65 78621.1 0 0
35 34 65 78625.4 0 0
36 35 65 78629.6 0 0
36 32 65 78633.9 0 0
36 32 65 78638.1 0 0
34 33 65 78642.3 0 0
39 33 65 78646.5 0 0
36 34 65 78650.7 0 0
36 39 65 78655 0 0
36 30 65 78659.2 0 0
35 34 65 78663.4 0 0
36 38 64 78667.7 0 0
35 35 65 78671.9 0 0
35 37 65 78676.1 0 0
35 38 65 78680.3 0 0
33 36 65 78684.5 0 0
36 39 65 78688.7 0 0
37 37 65 78693 0 0
33 38 65 78697.2 0 0
37 39 65 78701.4 0 0
36 38 65 78705.6 0 0
35 38 65 78709.8 0 0
32 36 65 78714 0 0
30 45 64 78718.2 0 0
25 46 65 78722.4 0 0
22 48 64 78726.7 0 0
24 51 64 78731 0 0
25 50 64 78735.2 0 0
24 51 64 78739.4 0 0
26 47 64 78743.6 0 0
26 43 64 78747.9 0 0
25 48 64 78752.1 0 0
26 46 64 78756.4 0 0
25 49 64 78760.6 0 0
26 48 64 78764.8 0 0
26 44 64 78769 0 0
25 48 64 78773.2 0 0
26 47 64 78777.4 0 0
24 51 64 78781.6 0 0
24 46 64 78785.9 0 0
24 53 64 78790.1 0 0
23 51 64 78794.3 0 0
25 51 64 78798.5 0 0
27 46 64 78802.7 0 0
23 51 64 78806.9 0 0
26 52 64 78811.2 0 0
25 51 64 78815.4 0 0
24 52 64 78819.6 0 0
25 49 64 78823.9 0 0
22 55 64 78828.1 0 0
23 49 64 78832.2 0 0
23 53 64 78836.4 0 0
25 48 64 78840.9 0 0
25 51 64 78845.1 0 0
28 50 64 78849.3 0 0
23 53 64 78853.6 0 0
25 50 64 78857.8 0 0
26 50 64 78862 0 0
23 51 64 78866.2 0 0
25 53 64 78870.4 0 0
24 52 64 78874.6 0 0
24 52 64 78878.9 0 0
26 52 64 78883.1 0 0
27 51 64 78887.3 0 0
26 48 64 78891.6 0 0
25 50 64 78895.8 0 0
27 51 64 78900 0 0
25 50 63 78904.4 0 0
25 49 63 78908.6 0 0
25 53 64 78912.8 0 0
24 52 64 78917 0 0
23 49 64 78921.3 0 0
26 48 63 78925.5 0 0
25 49 63 78929.7 0 0
25 49 63 78933.9 0 0
27 51 64 78938.1 0 0
23 54 64 78942.4 0 0
24 53 64 78946.6 0 0
26 49 63 78950.8 0 0
23 51 64 78955 0 0
26 48 63 78959.2 0 0
24 51 64 78963.4 0 0
24 52 64 78967.6 0 0
26 49 64 78971.8 0 0
28 52 64 78976.1 0 0
27 52 63 78980.3 0 0
25 54 64 78984.6 0 0
26 55 64 78988.8 0 0
26 64 63 78993 0 0
27 66 63 78997.2 0 0
33 82 63 79001.5 0 0
39 113 63 79005.7 0 0
45 147 61 79009.9 0 0
51 193 58 79014.1 0 0
94 236 62 79293 0 0
94 233 62 79297.2 0 0
97 233 61 79301.4 0 0
97 232 62 79305.6 0 0
95 225 62 79309.8 0 0
98 230 62 79314 0 0
96 228 63 79318.2 0 0
95 223 62 79322.4 0 0
95 223 62 79326.7 0 0
96 222 63 79330.9 0 0
96 219 62 79335.1 0 0
96 215 62 79339.3 0 0
99 217 63 79343.5 0 0
95 221 63 79347.7 0 0
96 219 62 79352 0 0
98 215 63 79356.2 0 0
93 215 63 79360.4 0 0
88 215 62 79364.6 0 0
84 223 62 79368.8 0 0
80 225 62 79373 0 0
78 227 62 79377.2 0 0
79 231 62 79381.9 0 0
78 228 62 79386.1 0 0
81 223 63 79390.3 0 0
81 218 62 79394.5 0 0
84 219 62 79398.7 0 0
81 219 62 79402.9 0 0
83 218 62 79407.2 0 0
81 217 63 79411.4 0 0
81 217 63 79415.6 0 0
79 217 62 79419.8 0 0
82 216 63 79424.1 0 0
77 213 63 79428.2 0 0
84 214 62 79432.5 0 0
81 219 62 79436.7 0 0
82 220 62 79440.9 0 0
79 214 62 79445.2 0 0
81 211 62 79449.4 0 0
83 214 62 79453.6 0 0
81 214 62 79457.9 0 0
81 214 62 79462.1 0 0
84 214 62 79466.3 0 0
82 212 63 79470.6 0 0
79 214 63 79474.8 0 0
83 210 63 79479 0 0
81 211 63 79483.3 0 0
85 209 63 79487.5 0 0
78 211 62 79491.7 0 0
80 208 63 79495.9 0 0
80 210 63 79500.1 0 0
80 207 63 79504.4 0 0
83 206 63 79508.6 0 0
81 207 63 79512.8 0 0
79 204 63 79517 0 0
82 204 62 79521.2 0 0
82 204 63 79525.4 0 0
82 207 63 79529.6 0 0
82 205 63 79533.9 0 0
83 206 62 79538.1 0 0
83 203 63 79542.3 0 0
83 205 63 79546.6 0 0
79 198 63 79550.8 0 0
73 202 63 79555 0 0
63 195 63 79559.2 0 0
52 191 63 79563.4 0 0
46 194 63 79567.7 0 0
42 184 63 79571.9 0 0
34 185 63 79576.1 0 0
35 178 63 79580.3 0 0
38 172 63 79584.5 0 0
39 168 63 79588.7 0 0
41 167 63 79592.9 0 0
42 161 64 79597.2 0 0
41 165 64 79601.4 0 0
41 162 64 79605.6 0 0
39 161 63 79609.8 0 0
37 164 63 79614 0 0
34 162 63 79618.2 0 0
41 164 63 79622.4 0 0
34 157 63 79626.7 0 0
34 159 63 79630.9 0 0
36 161 63 79635.1 0 0
36 157 64 79639.3 0 0
35 159 63 79643.6 0 0
36 158 63 79647.8 0 0
35 165 63 79652 0 0
38 163 63 79656.2 0 0
38 163 63 79660.4 0 0
37 161 64 79664.7 0 0
38 162 63 79668.9 0 0
37 161 63 79673.1 0 0
36 163 63 79677.3 0 0
36 162 63 79681.5 0 0
36 164 63 79685.7 0 0
36 163 63 79690 0 0
38 162 63 79694.2 0 0
36 164 64 79698.4 0 0
36 164 64 79702.6 0 0
36 165 63 79706.8 0 0
36 160 63 79711 0 0
34 163 64 79715.3 0 0
37 162 64 79719.5 0 0
33 165 63 79723.7 0 0
38 163 64 79727.9 0 0
38 165 63 79732.2 0 0
37 163 63 79736.5 0 0
34 165 64 79740.7 0 0
37 163 64 79744.9 0 0
34 166 64 79749.1 0 0
38 164 64 79753.4 0 0
36 163 64 79757.6 0 0
36 162 64 79761.9 0 0
38 161 64 79766.1 0 0
34 161 63 79770.3 0 0
36 161 63 79774.5 0 0
34 163 64 79778.7 0 0
36 166 64 79782.9 0 0
37 157 64 79787.1 0 0
36 164 64 79791.4 0 0
37 160 64 79795.6 0 0
36 162 64 79799.8 0 0
34 161 64 79804 0 0
35 162 64 79808.2 0 0
36 163 64 79812.4 0 0
38 160 64 79816.7 0 0
37 165 64 79820.9 0 0
38 159 64 79825.1 0 0
34 164 64 79829.3 0 0
36 160 64 79833.5 0 0
33 162 64 79837.7 0 0
34 160 64 79841.9 0 0
36 162 64 79846.1 0 0
35 160 64 79850.4 0 0
37 160 64 79854.6 0 0
37 158 64 79858.8 0 0
35 161 65 79863 0 0
38 165 64 79867.2 0 0
36 164 64 79871.4 0 0
36 160 64 79875.6 0 0
34 164 64 79879.9 0 0
38 165 64 79884.1 0 0
36 166 64 79888.3 0 0
35 162 64 79892.6 0 0
37 162 64 79896.8 0 0
38 162 64 79901.1 0 0
35 166 64 79905.3 0 0
36 166 64 79909.5 0 0
36 158 64 79913.8 0 0
37 166 64 79918 0 0
36 163 64 79922.2 0 0
36 169 65 79926.4 0 0
37 161 64 79930.6 0 0
37 167 64 79934.8 0 0
36 161 64 79939 0 0
34 171 64 79943.3 0 0
36 161 64 79947.5 0 0
33 162 64 79951.7 0 0
38 164 64 79955.9 0 0
35 166 64 79960.1 0 0
37 161 64 79964.3 0 0
34 164 64 79968.6 0 0
35 167 64 79972.8 0 0
33 167 64 79977 0 0
35 169 64 79981.5 0 0
36 167 64 79985.7 0 0
35 162 65 79989.9 0 0
35 165 64 79994.1 0 0
37 161 64 79998.3 0 0
36 164 64 80002.6 0 0
35 159 64 80006.8 0 0
37 165 64 80011 0 0
34 161 64 80015.2 0 0
35 168 64 80019.4 0 0
35 166 64 80023.6 0 0
37 161 65 80027.9 0 0
35 161 64 80032.1 0 0
36 166 64 80036.3 0 0
35 163 64 80040.5 0 0
37 159 65 80044.8 0 0
35 164 64 80049 0 0
35 166 64 80053.2 0 0
35 164 64 80057.4 0 0
34 160 64 80061.6 0 0
35 162 64 80065.9 0 0
35 158 64 80070.1 0 0
36 162 64 80074.3 0 0
38 159 64 80078.6 0 0
33 163 64 80082.8 0 0
37 166 64 80087 0 0
34 165 64 80091.2 0 0
35 160 64 80095.4 0 0
35 164 64 80099.7 0 0
38 167 64 80103.9 0 0
36 163 64 80108.1 0 0
35 160 64 80112.3 0 0
33 162 64 80116.5 0 0
36 165 64 80120.7 0 0
34 166 64 80124.9 0 0
34 165 64 80129.2 0 0
33 164 64 80133.5 0 0
34 165 64 80137.7 0 0
36 163 64 80141.9 0 0
36 163 64 80146.1 0 0
36 163 64 80150.3 0 0
35 168 64 80157.1 0 0
38 165 64 80161.4 0 0
37 169 64 80165.6 0 0
37 170 64 80169.8 0 0
34 174 64 80174 0 0
34 183 64 80178.2 0 0
32 225 63 80182.4 0 0
37 232 64 80511.4 0 0
37 226 64 80519.9 0 0
36 230 64 80524.1 0 0
38 219 64 80528.3 0 0
38 222 64 80532.5 0 0
37 230 63 80536.8 0 0
38 216 64 80541 0 0
31 228 63 80545.2 0 0
31 215 64 80549.4 0 0
28 211 64 80553.6 0 0
29 212 64 80557.8 0 0
31 207 64 80562 0 0
34 210 64 80566.2 0 0
34 198 64 80570.5 0 0
35 202 64 80574.7 0 0
34 196 65 80578.9 0 0
34 193 64 80583.1 0 0
35 193 64 80587.3 0 0
32 194 64 80594.4 0 0
35 191 64 80598.6 0 0
33 194 65 80602.8 0 0
34 195 64 80607.1 0 0
37 189 64 80611.3 0 0
34 192 64 80615.5 0 0
34 193 64 80619.7 0 0
35 192 64 80623.9 0 0
33 192 64 80628.2 0 0
32 186 65 80632.4 0 0
36 191 65 80636.7 0 0
35 184 64 80640.9 0 0
33 184 65 80645.1 0 0
35 181 64 80649.3 0 0
32 183 64 80653.9 0 0
36 183 64 80658.1 0 0
32 184 65 80665.1 0 0
33 182 65 80669.3 0 0
34 184 65 80673.6 0 0
34 185 65 80677.8 0 0
33 185 65 80681.9 0 0
33 187 65 80686.2 0 0
34 188 65 80690.4 0 0
34 185 65 80694.6 0 0
32 183 64 80698.9 0 0
35 177 65 80703.1 0 0
37 180 64 80707.3 0 0
35 180 65 80711.5 0 0
38 181 65 80715.7 0 0
35 181 65 80719.9 0 0
36 183 65 80724.1 0 0
35 183 65 80728.3 0 0
32 183 65 80732.6 0 0
35 180 65 80736.8 0 0
34 182 65 80741 0 0
32 183 65 80745.2 0 0
34 182 65 80749.4 0 0
32 183 65 80753.7 0 0
37 179 65 80757.9 0 0
34 183 65 80765 0 0
36 179 65 80773.4 0 0
35 184 66 80781.7 0 0
35 181 65 80790 0 0
36 180 65 80798.4 0 0
35 176 65 80806.4 0 0
35 176 65 80814.9 0 0
37 176 65 80822.7 0 0
37 178 65 80826.9 0 0
32 181 66 80831.7 0 0
38 178 66 80835.9 0 0
38 180 65 80840.1 0 0
35 178 65 80844.3 0 0
36 178 65 80848.6 0 0
35 180 65 80853.2 0 0
36 179 65 80857.4 0 0
34 179 66 80861.6 0 0
33 177 65 80865.8 0 0
38 177 65 80870.1 0 0
35 177 65 80874.3 0 0
34 177 65 80878.6 0 0
37 175 65 80882.8 0 0
36 173 65 80887 0 0
33 177 65 80891.2 0 0
35 180 66 80898.1 0 0
38 177 65 80902.3 0 0
35 181 65 80906.7 0 0
36 177 65 80911 0 0
36 179 65 80915.2 0 0
34 176 66 80919.4 0 0
39 179 66 80923.6 0 0
33 173 66 80927.8 0 0
34 175 66 80932 0 0
36 174 66 80936.2 0 0
36 175 66 80940.5 0 0
37 173 66 80944.7 0 0
35 173 66 80949 0 0
36 175 66 80953.2 0 0
35 173 65 80957.4 0 0
35 171 66 80961.6 0 0
36 175 65 80965.8 0 0
35 171 66 80970.2 0 0
36 171 65 80974.4 0 0
32 173 66 80978.6 0 0
35 174 66 80985.8 0 0
36 176 66 80990 0 0
36 174 66 80994.2 0 0
36 173 66 80998.4 0 0
36 172 66 81002.6 0 0
39 173 65 81006.9 0 0
46 172 66 81011.1 0 0
51 167 66 81015.3 0 0
62 156 66 81019.5 0 0
75 155 66 81023.7 0 0
86 152 66 81027.9 0 0
94 150 67 81032.2 0 0
100 146 66 81036.4 0 0
107 144 67 81040.6 0 0
113 140 66 81044.8 0 0
118 137 67 81049 0 0
125 133 66 81053.2 0 0
123 127 66 81057.6 0 0
120 120 66 81061.8 0 0
122 119 66 81068.7 0 0
122 115 67 81077.2 0 0
126 112 67 81085.4 0 0
125 109 67 81093.9 0 0
125 109 67 81102.2 0 0
128 110 67 81110.4 0 0
127 110 67 81118.9 0 0
127 110 67 81127.1 0 0
127 111 67 81135.2 0 0
123 109 68 81139.4 0 0
125 111 67 81143.8 0 0
125 109 67 81148.1 0 0
126 111 67 81152.3 0 0
126 108 67 81156.5 0 0
125 106 67 81160.7 0 0
124 105 67 81165 0 0
127 105 67 81169.2 0 0
125 105 67 81173.4 0 0
124 105 67 81177.6 0 0
126 108 67 81181.8 0 0
126 106 67 81186 0 0
125 107 67 81190.3 0 0
126 104 67 81194.5 0 0
126 106 67 81198.7 0 0
126 104 67 81202.9 0 0
127 104 67 81207.1 0 0
126 106 67 81211.3 0 0
125 103 67 81215.5 0 0
127 108 67 81219.7 0 0
125 104 66 81223.9 0 0
127 104 67 81228.2 0 0
128 105 67 81232.4 0 0
126 106 67 81236.6 0 0
125 109 67 81240.9 0 0
129 108 67 81247.8 0 0
128 108 67 81252 0 0
127 109 67 81256.9 0 0
128 105 66 81261.1 0 0
126 104 67 81265.3 0 0
128 108 67 81269.5 0 0
126 112 66 81273.7 0 0
128 109 66 81278 0 0
128 108 67 81282.2 0 0
130 109 67 81286.4 0 0
137 107 67 81290.6 0 0
144 101 67 81294.9 0 0
155 99 67 81299.1 0 0
157 99 67 81306.2 0 0
160 95 66 81310.4 0 0
159 96 66 81314.6 0 0
160 96 66 81319.3 0 0
157 97 66 81323.5 0 0
157 100 66 81327.7 0 0
156 98 66 81331.9 0 0
158 98 66 81336.1 0 0
157 100 66 81340.4 0 0
157 100 66 81344.7 0 0
161 100 66 81348.9 0 0
159 98 66 81353.1 0 0
161 100 66 81357.3 0 0
159 100 66 81361.6 0 0
160 98 66 81368.4 0 0
161 100 66 81372.6 0 0
161 97 66 81376.9 0 0
161 96 66 81381.2 0 0
159 99 66 81385.4 0 0
159 99 66 81389.6 0 0
161 98 66 81393.8 0 0
159 100 66 81398 0 0
159 97 66 81402.4 0 0
160 99 66 81406.6 0 0
161 98 66 81410.9 0 0
162 99 65 81415.1 0 0
160 100 66 81419.3 0 0
162 100 66 81423.5 0 0
163 99 65 81427.7 0 0
161 98 66 81431.9 0 0
161 101 66 81436.1 0 0
161 99 65 81440.4 0 0
158 99 66 81444.6 0 0
162 102 66 81448.8 0 0
163 103 65 81453.1 0 0
163 103 65 81457.2 0 0
159 99 65 81463.5 0 0
163 99 66 81467.7 0 0
162 100 65 81471.9 0 0
161 98 66 81476.1 0 0
161 98 66 81480.5 0 0
157 102 65 81484.7 0 0
162 103 65 81488.9 0 0
168 97 65 81493.1 0 0
175 89 65 81497.3 0 0
184 83 65 81501.6 0 0
186 74 65 81505.9 0 0
184 67 65 81510.1 0 0
187 59 64 81514.3 0 0
177 37 70 81518.5 0 0
178 34 64 81522.7 0 0
172 22 67 81526.9 0 0
179 29 65 81531.1 0 0
174 19 65 81535.3 0 0
177 22 64 81539.6 0 0
177 21 64 81543.8 0 0
177 24 64 81548 0 0
180 24 64 81552.2 0 0
179 22 64 81556.4 0 0
179 21 64 81560.6 0 0
177 20 64 81564.8 0 0
178 23 65 81569.1 0 0
178 22 65 81573.3 0 0
176 20 64 81577.5 0 0
177 21 65 81581.7 0 0
175 19 64 81585.9 0 0
178 21 64 81590.1 0 0
177 20 64 81594.4 0 0
176 20 64 81598.6 0 0
176 25 64 81602.9 0 0
177 20 64 81607.1 0 0
178 24 65 81611.3 0 0
178 20 65 81615.5 0 0
176 22 65 81619.8 0 0
176 22 65 81623.9 0 0
175 22 65 81628.2 0 0
178 26 65 81632.4 0 0
178 21 65 81636.6 0 0
177 24 65 81640.8 0 0
177 25 65 81645.1 0 0
176 21 64 81649.2 0 0
176 25 64 81653.5 0 0
177 23 64 81657.7 0 0
176 25 65 81661.9 0 0
175 24 64 81666.4 0 0
176 22 65 81670.6 0 0
177 25 64 81674.8 0 0
175 29 65 81679 0 0
169 35 65 81683.3 0 0
164 43 65 81687.5 0 0
157 52 66 81691.7 0 0
150 65 65 81695.9 0 0
143 73 65 81700.2 0 0
139 79 65 81704.4 0 0
134 82 65 81708.6 0 0
138 88 65 81712.8 0 0
137 88 66 81717.2 0 0
142 83 66 81721.4 0 0
143 85 66 81725.6 0 0
143 84 66 81729.9 0 0
142 87 66 81734.2 0 0
139 86 66 81738.4 0 0
141 88 66 81742.6 0 0
139 83 66 81746.8 0 0
137 88 66 81751.1 0 0
136 87 65 81755.3 0 0
136 86 65 81759.5 0 0
138 87 66 81763.7 0 0
138 88 66 81767.9 0 0
137 89 66 81772.1 0 0
138 85 66 81776.3 0 0
137 87 66 81780.6 0 0
139 89 66 81784.8 0 0
138 88 65 81789.1 0 0
137 87 66 81793.3 0 0
136 85 66 81797.5 0 0
137 87 66 81801.7 0 0
136 88 66 81805.9 0 0
136 88 66 81810.1 0 0
137 88 66 81814.3 0 0
138 86 66 81818.6 0 0
139 89 66 81822.8 0 0
137 88 66 81827 0 0
139 87 66 81831.2 0 0
136 86 66 81835.4 0 0
135 88 66 81839.6 0 0
138 88 66 81843.9 0 0
136 87 66 81848.1 0 0
132 84 66 81852.3 0 0
127 82 66 81856.5 0 0
125 81 66 81860.7 0 0
126 84 67 81864.9 0 0
128 80 66 81869.1 0 0
129 83 66 81873.4 0 0
130 84 66 81877.6 0 0
131 80 66 81881.8 0 0
131 82 66 81886.1 0 0
130 83 65 81890.3 0 0
126 80 66 81894.5 0 0
129 81 66 81898.7 0 0
127 83 66 81902.9 0 0
126 81 65 81907.2 0 0
126 84 66 81911.4 0 0
127 82 66 81915.6 0 0
124 80 66 81919.8 0 0
127 80 66 81924 0 0
127 78 66 81928.2 0 0
129 81 66 81932.4 0 0
129 81 66 81936.6 0 0
128 79 66 81941.9 0 0
128 81 66 81946.2 0 0
127 83 66 81950.4 0 0
125 80 66 81954.6 0 0
129 82 66 81958.8 0 0
128 80 65 81963 0 0
129 77 66 81967.3 0 0
126 80 66 81971.6 0 0
127 82 65 81975.8 0 0
126 80 66 81980.1 0 0
127 79 66 81984.3 0 0
126 84 66 81988.5 0 0
127 80 66 81992.7 0 0
125 80 66 81996.9 0 0
128 81 66 82001.1 0 0
126 81 66 82005.3 0 0
127 82 66 82009.6 0 0
129 80 66 82013.8 0 0
127 80 66 82018 0 0
125 81 66 82022.2 0 0
125 80 66 82026.4 0 0
127 79 66 82030.6 0 0
125 78 66 82034.9 0 0
125 78 66 82039.1 0 0
125 80 66 82043.3 0 0
124 82 66 82047.6 0 0
126 79 65 82051.8 0 0
127 82 66 82055.9 0 0
127 80 65 82060.2 0 0
125 80 66 82064.4 0 0
127 80 66 82068.7 0 0
126 77 66 82072.9 0 0
127 81 66 82077.1 0 0
126 82 65 82081.3 0 0
126 82 65 82085.5 0 0
127 82 66 82089.7 0 0
124 80 65 82094 0 0
127 81 66 82098.2 0 0
127 83 65 82102.5 0 0
126 81 65 82106.7 0 0
126 82 66 82110.9 0 0
127 82 65 82115.1 0 0
129 80 65 82119.3 0 0
125 83 65 82123.5 0 0
128 84 65 82127.8 0 0
126 80 65 82132 0 0
127 82 66 82136.2 0 0
124 83 65 82140.4 0 0
127 82 65 82144.6 0 0
126 83 65 82148.8 0 0
126 84 66 82153.1 0 0
126 81 65 82157.3 0 0
127 82 65 82161.5 0 0
126 80 65 82166.6 0 0
127 83 65 82170.8 0 0
126 84 65 82175 0 0
121 85 65 82179.2 0 0
114 91 66 82183.4 0 0
106 94 66 82187.6 0 0
96 100 65 82191.9 0 0
85 107 66 82196.1 0 0
75 113 65 82200.3 0 0
64 121 65 82204.5 0 0
56 133 65 82208.7 0 0
48 146 64 82212.9 0 0
41 148 64 82217.2 0 0
36 156 63 82221.4 0 0
32 159 64 82225.6 0 0
27 167 64 82229.9 0 0
27 171 63 82234.1 0 0
27 170 64 82238.4 0 0
30 167 64 82242.6 0 0
31 166 63 82246.8 0 0
28 165 63 82251 0 0
31 161 63 82255.3 0 0
25 165 63 82259.5 0 0
23 166 62 82263.8 0 0
24 166 63 82268 0 0
25 164 62 82272.2 0 0
27 164 62 82276.4 0 0
23 172 63 82280.6 0 0
24 171 62 82284.8 0 0
24 174 63 82289.1 0 0
24 174 63 82293.3 0 0
24 171 63 82297.5 0 0
26 168 62 82301.7 0 0
25 170 62 82305.9 0 0
26 168 62 82319.5 0 0
27 171 63 82323.7 0 0
27 165 63 82327.9 0 0
25 166 62 82332.1 0 0
27 168 62 82336.3 0 0
25 166 63 82340.8 0 0
28 166 62 82345 0 0
28 172 62 82349.2 0 0
27 172 63 82353.4 0 0
25 176 63 82357.6 0 0
23 171 63 82361.9 0 0
25 173 62 82366.1 0 0
27 172 62 82370.3 0 0
23 176 63 82374.5 0 0
27 175 63 82378.7 0 0
28 175 63 82383 0 0
27 175 62 82387.2 0 0
24 174 63 82391.4 0 0
30 168 62 82395.6 0 0
31 165 62 82399.8 0 0
37 168 63 82404 0 0
37 160 63 82408.2 0 0
36 166 63 82412.5 0 0
35 161 63 82416.7 0 0
36 166 62 82420.9 0 0
33 166 63 82425.1 0 0
34 165 63 82429.3 0 0
33 168 62 82433.5 0 0
33 166 63 82437.8 0 0
34 164 63 82442.1 0 0
35 171 63 82446.3 0 0
32 162 63 82450.5 0 0
34 163 63 82454.7 0 0
34 165 63 82458.9 0 0
34 167 63 82463.1 0 0
34 165 63 82467.3 0 0
34 166 63 82471.6 0 0
36 167 63 82475.8 0 0
33 169 63 82480 0 0
34 168 63 82484.2 0 0
38 169 63 82488.4 0 0
36 171 63 82492.6 0 0
35 164 63 82496.9 0 0
33 168 63 82501.1 0 0
37 167 63 82505.3 0 0
34 160 63 82509.5 0 0
34 167 63 82513.8 0 0
33 163 63 82517.9 0 0
35 169 63 82522.2 0 0
36 165 63 82526.4 0 0
34 163 63 82530.6 0 0
33 168 63 82534.8 0 0
32 167 62 82539 0 0
35 170 63 82543.2 0 0
33 170 63 82547.4 0 0
33 164 63 82551.7 0 0
37 167 63 82555.9 0 0
36 163 63 82560.1 0 0
34 165 63 82564.3 0 0
35 164 63 82568.6 0 0
34 166 63 82572.9 0 0
35 165 63 82577.1 0 0
35 164 63 82581.3 0 0
34 170 63 82585.5 0 0
35 169 63 82589.7 0 0
33 170 63 82593.9 0 0
33 170 63 82598.1 0 0
34 168 63 82604 0 0
34 164 63 82608.2 0 0
34 167 63 82612.4 0 0
32 170 64 82616.6 0 0
36 167 63 82620.8 0 0
33 169 63 82625 0 0
31 167 63 82629.3 0 0
33 169 63 82633.5 0 0
34 168 63 82637.7 0 0
35 167 63 82641.9 0 0
33 169 63 82646.1 0 0
36 168 63 82650.3 0 0
34 169 63 82654.6 0 0
33 171 63 82658.8 0 0
35 172 62 82663 0 0
32 165 63 82667.2 0 0
32 173 63 82671.4 0 0
35 165 63 82675.7 0 0
33 163 63 82679.9 0 0
34 166 63 82684.1 0 0
35 162 63 82688.4 0 0
32 167 63 82692.6 0 0
31 165 63 82696.8 0 0
31 166 63 82701 0 0
31 167 63 82705.2 0 0
31 166 63 82709.4 0 0
35 166 63 82713.7 0 0
30 168 63 82717.9 0 0
32 165 63 82722.1 0 0
35 163 63 82726.3 0 0
32 166 63 82730.6 0 0
35 163 63 82734.8 0 0
34 167 63 82739 0 0
34 167 63 82743.2 0 0
33 164 63 82747.4 0 0
34 165 63 82751.7 0 0
31 165 63 82756.2 0 0
35 166 63 82760.4 0 0
33 165 63 82764.6 0 0
33 164 63 82768.8 0 0
35 167 63 82773 0 0
32 166 63 82777.3 0 0
35 166 63 82781.5 0 0
33 167 63 82785.7 0 0
33 166 63 82789.9 0 0
34 165 63 82794.1 0 0
35 164 63 82798.3 0 0
34 164 63 82802.5 0 0
34 165 63 82806.7 0 0
33 165 63 82810.9 0 0
35 165 63 82815.2 0 0
34 164 63 82819.4 0 0
33 163 63 82823.6 0 0
35 164 63 82827.8 0 0
32 166 63 82832 0 0
34 164 63 82836.2 0 0
33 165 63 82840.5 0 0
33 165 63 82844.7 0 0
34 163 63 82848.9 0 0
33 165 63 82853.2 0 0
33 162 63 82857.4 0 0
35 165 63 82861.6 0 0
34 166 63 82865.8 0 0
37 167 63 82870 0 0
33 165 63 82874.2 0 0
35 165 63 82878.4 0 0
35 165 63 82882.6 0 0
34 163 63 82886.9 0 0
34 161 63 82891.1 0 0
35 163 63 82895.3 0 0
35 167 63 82899.5 0 0
33 168 63 82903.8 0 0
33 167 63 82908 0 0
33 169 63 82912.2 0 0
31 170 63 82916.5 0 0
35 167 63 82920.7 0 0
32 166 63 82924.9 0 0
35 170 63 82929.2 0 0
33 169 63 82933.4 0 0
34 166 63 82937.6 0 0
34 166 0 82941.8 0 0
36 163 63 82946.1 0 0
31 166 63 82950.2 0 0
35 164 63 82954.5 0 0
36 164 63 82958.7 0 0
34 159 63 82962.9 0 0
35 163 63 82967.1 0 0
31 161 64 82971.3 0 0
33 162 63 82975.6 0 0
34 162 63 82979.8 0 0
34 162 0 82984.1 0 0
34 161 64 82988.3 0 0
31 161 63 82992.5 0 0
33 164 64 82996.7 0 0
32 165 64 83000.9 0 0
33 163 63 83005.1 0 0
35 161 64 83009.4 0 0
33 165 63 83013.6 0 0
35 166 64 83017.8 0 0
33 162 63 83022 0 0
34 164 64 83026.2 0 0
35 164 63 83030.4 0 0
34 162 64 83034.6 0 0
34 162 0 83038.8 0 0
35 160 64 83043.1 0 0
33 155 64 83047.3 0 0
34 158 64 83051.5 0 0
34 158 0 83056 0 0
32 162 65 83061 0 0
32 164 64 83065.2 0 0
33 165 64 83069.5 0 0
33 160 64 83073.7 0 0
32 170 64 83077.9 0 0
32 164 64 83082.1 0 0
32 163 64 83086.3 0 0
34 165 64 83090.5 0 0
30 165 64 83094.8 0 0
32 162 64 83099 0 0
30 166 64 83103.2 0 0
33 161 64 83107.4 0 0
33 161 0 83111.6 0 0
35 165 64 83115.8 0 0
32 157 64 83120 0 0
33 161 65 83124.2 0 0
33 161 0 83128.5 0 0
34 171 65 83132.7 0 0
33 163 64 83136.9 0 0
35 165 65 83141.1 0 0
32 166 64 83145.4 0 0
32 169 64 83149.6 0 0
34 160 64 83153.8 0 0
30 169 64 83158 0 0
32 165 64 83162.2 0 0
33 158 64 83166.6 0 0
33 158 0 83170.8 0 0
30 161 64 83175 0 0
34 167 65 83179.2 0 0
32 172 65 83183.4 0 0
34 172 65 83187.7 0 0
31 164 65 83191.9 0 0
31 164 0 83196.1 0 0
32 163 65 83200.3 0 0
32 163 0 83204.6 0 0
32 163 0 83208.8 0 0
32 175 65 83213 0 0
32 175 0 83217.2 0 0
32 171 65 83225.6 0 0
34 166 65 83229.9 0 0
33 165 64 83234.1 0 0
33 165 0 83238.3 0 0
32 166 65 83242.5 0 0
29 167 64 83246.7 0 0
32 167 65 83250.9 0 0
35 166 64 83255.1 0 0
32 166 64 83259.4 0 0
32 166 0 83263.6 0 0
30 168 64 83267.8 0 0
32 168 65 83272 0 0
32 168 0 83276.2 0 0
31 165 64 83280.4 0 0
34 168 64 83284.6 0 0
32 171 65 83288.8 0 0
35 165 64 83293 0 0
31 169 65 83297.3 0 0
33 165 64 83301.5 0 0
32 165 65 83306.1 0 0
35 167 65 83310.3 0 0
32 172 65 83314.6 0 0
32 172 0 83319.1 0 0
32 167 65 83323.3 0 0
32 168 65 83327.5 0 0
35 165 65 83331.7 0 0
33 166 65 83335.9 0 0
31 167 64 83340.1 0 0
31 170 65 83344.3 0 0
32 165 65 83348.6 0 0
32 165 0 83352.8 0 0
32 169 65 83357 0 0
34 169 65 83361.2 0 0
31 169 64 83365.5 0 0
31 166 64 83369.7 0 0
31 169 64 83373.9 0 0
33 164 64 83378.2 0 0
32 166 65 83382.4 0 0
32 166 0 83386.6 0 0
31 165 65 83390.8 0 0
31 172 65 83395 0 0
31 172 0 83399.2 0 0
32 166 65 83403.4 0 0
33 167 65 83407.7 0 0
30 167 64 83411.9 0 0
30 167 0 83416.1 0 0
32 170 64 83420.3 0 0
31 176 64 83424.5 0 0
34 188 64 83428.7 0 0
31 220 64 83432.9 0 0
32 239 64 83830.3 0 0
30 239 64 83834.5 0 0
31 233 64 83843 0 0
32 234 64 83847.2 0 0
31 234 64 83851.4 0 0
32 232 64 83855.6 0 0
34 228 64 83859.9 0 0
29 230 64 83864.1 0 0
34 227 64 83868.3 0 0
32 226 64 83872.5 0 0
34 226 64 83876.7 0 0
35 221 64 83881 0 0
35 221 64 83885.2 0 0
36 225 64 83889.4 0 0
34 222 64 83893.6 0 0
32 220 64 83897.8 0 0
32 220 64 83902 0 0
29 221 65 83906.2 0 0
24 224 64 83910.4 0 0
25 217 64 83914.6 0 0
26 216 64 83918.9 0 0
25 216 64 83923.1 0 0
24 213 64 83927.3 0 0
29 212 64 83931.5 0 0
30 214 64 83935.7 0 0
28 210 64 83939.9 0 0
30 212 65 83944.2 0 0
28 205 64 83948.4 0 0
30 208 64 83952.6 0 0
29 206 64 83956.8 0 0
27 211 64 83961 0 0
28 209 64 83965.2 0 0
24 208 64 83969.4 0 0
28 209 64 83973.6 0 0
31 206 64 83977.9 0 0
29 204 65 83982.1 0 0
30 206 64 83986.3 0 0
28 206 64 83990.6 0 0
28 206 64 83994.8 0 0
29 207 65 83999 0 0
26 203 64 84003.3 0 0
26 204 65 84007.5 0 0
27 207 65 84011.7 0 0
27 206 65 84015.9 0 0
28 205 65 84020.1 0 0
30 203 65 84024.3 0 0
29 205 65 84028.6 0 0
28 204 65 84032.8 0 0
30 204 64 84037 0 0
30 203 65 84041.2 0 0
31 203 64 84045.5 0 0
28 206 65 84049.8 0 0
