129 125 41 34052.2 0 0
131 124 41 34056.5 0 0
129 122 41 34060.7 0 0
129 124 41 34064.9 0 0
126 124 41 34069.1 0 0
130 118 42 34073.3 0 0
128 122 41 34077.5 0 0
130 125 41 34081.8 0 0
124 123 41 34086 0 0
126 120 41 34090.2 0 0
126 120 41 34094.4 0 0
127 121 41 34098.6 0 0
126 122 41 34102.8 0 0
125 123 41 34107 0 0
124 125 41 34111.2 0 0
130 121 41 34115.5 0 0
125 120 41 34119.7 0 0
127 118 42 34123.9 0 0
125 118 41 34128.1 0 0
127 120 41 34132.3 0 0
127 119 41 34136.5 0 0
128 122 41 34140.7 0 0
126 121 41 34145 0 0
125 123 42 34149.2 0 0
127 123 41 34153.4 0 0
126 123 41 34157.6 0 0
125 119 41 34161.8 0 0
127 122 41 34166 0 0
126 120 41 34170.2 0 0
126 121 41 34174.5 0 0
125 119 41 34178.7 0 0
124 122 41 34182.9 0 0
128 119 41 34187.1 0 0
125 121 41 34191.3 0 0
126 118 41 34195.5 0 0
128 118 41 34199.8 0 0
127 122 41 34204 0 0
124 119 41 34208.2 0 0
126 119 41 34212.4 0 0
124 120 41 34216.6 0 0
126 121 41 34220.8 0 0
127 119 42 34225.1 0 0
127 120 41 34229.3 0 0
126 122 42 34233.5 0 0
128 120 42 34237.7 0 0
124 119 42 34241.9 0 0
126 122 41 34246.2 0 0
124 121 41 34250.4 0 0
126 122 42 34254.6 0 0
128 125 41 34258.8 0 0
127 120 41 34263 0 0
126 121 41 34267.2 0 0
128 121 41 34271.5 0 0
128 123 41 34275.7 0 0
127 122 41 34279.9 0 0
127 119 41 34284.1 0 0
126 123 41 34288.3 0 0
126 123 40 34292.5 0 0
127 122 41 34296.7 0 0
125 120 41 34301 0 0
126 120 41 34305.2 0 0
123 124 41 34309.4 0 0
127 118 41 34313.7 0 0
124 119 41 34317.9 0 0
130 125 41 34322.1 0 0
125 125 41 34326.3 0 0
129 122 41 34330.5 0 0
126 122 41 34334.7 0 0
129 120 41 34338.9 0 0
128 121 41 34345.7 0 0
129 120 41 34349.9 0 0
125 118 41 34354.1 0 0
129 113 41 34358.3 0 0
123 106 40 34362.6 0 0
129 98 40 34366.8 0 0
125 87 40 34371 0 0
125 81 40 34375.2 0 0
129 83 41 34379.4 0 0
128 80 40 34383.6 0 0
130 85 39 34387.9 0 0
130 84 39 34392.1 0 0
132 84 39 34396.3 0 0
129 82 39 34400.5 0 0
129 82 0 34404.7 0 0
128 81 39 34408.9 0 0
130 81 39 34413.1 0 0
130 87 39 34417.3 0 0
133 82 39 34421.6 0 0
129 82 38 34425.8 0 0
129 85 39 34430 0 0
127 83 38 34434.2 0 0
127 83 0 34438.4 0 0
129 80 38 34442.7 0 0
131 79 38 34446.9 0 0
131 77 36 34451.1 0 0
129 82 36 34455.3 0 0
129 82 0 34459.5 0 0
130 79 0 34463.8 0 0
131 79 36 34470.8 0 0
131 79 0 34475 0 0
128 80 36 34479.2 0 0
130 76 35 34483.4 0 0
128 82 35 34487.7 0 0
129 81 34 34491.9 0 0
129 77 34 34496.1 0 0
128 77 34 34500.3 0 0
128 78 34 34504.5 0 0
130 75 33 34508.7 0 0
130 75 0 34512.9 0 0
126 78 33 34517.2 0 0
126 78 0 34521.4 0 0
127 87 32 34525.6 0 0
128 76 32 34530 0 0
131 75 32 34534.2 0 0
127 77 32 34538.4 0 0
132 79 31 34542.6 0 0
132 88 30 34546.8 0 0
132 88 30 34551.1 0 0
129 77 31 34557.6 0 0
130 82 29 34561.8 0 0
130 82 0 34566 0 0
132 82 29 34570.2 0 0
132 82 0 34574.4 0 0
132 82 0 34578.6 0 0
132 82 0 34582.9 0 0
132 82 0 34587.1 0 0
132 82 0 34591.3 0 0
132 82 0 34595.5 0 0
132 82 0 34599.7 0 0
132 82 0 34604 0 0
132 82 0 34608.2 0 0
132 82 0 34612.4 0 0
132 82 0 34616.6 0 0
132 82 0 34620.8 0 0
132 82 0 34625.1 0 0
132 82 0 34629.2 0 0
132 82 0 34633.4 0 0
132 82 0 34637.7 0 0
132 82 0 34641.9 0 0
132 82 0 34646.1 0 0
132 82 0 34650.3 0 0
132 82 0 34654.6 0 0
132 82 0 34658.8 0 0
132 82 0 34663 0 0
132 82 0 34667.2 0 0
132 82 0 34671.4 0 0
132 82 0 34675.7 0 0
132 82 0 34679.9 0 0
132 82 0 34684.1 0 0
132 82 0 34688.3 0 0
132 82 0 34692.5 0 0
132 82 0 34696.7 0 0
132 82 0 34701 0 0
132 82 0 34705.2 0 0
132 82 0 34709.4 0 0
132 82 0 34713.6 0 0
132 82 0 34717.8 0 0
132 82 0 34722.1 0 0
132 82 0 34726.2 0 0
132 82 0 34730.4 0 0
132 82 0 34734.7 0 0
132 82 0 34738.9 0 0
132 82 0 34743.1 0 0
132 82 0 34747.3 0 0
132 82 0 34751.6 0 0
132 82 0 34755.8 0 0
132 82 0 34760 0 0
132 82 0 34764.2 0 0
132 82 0 34768.4 0 0
123 107 31 35236.7 0 0
122 104 31 35240.9 0 0
120 101 32 35245.1 0 0
122 96 32 35249.3 0 0
119 98 32 35253.5 0 0
119 92 31 35257.7 0 0
118 92 32 35261.9 0 0
120 97 32 35266.1 0 0
119 98 32 35270.4 0 0
122 100 33 35274.6 0 0
122 95 33 35279 0 0
120 92 32 35283.2 0 0
120 92 0 35287.4 0 0
118 98 32 35291.6 0 0
120 95 33 35295.8 0 0
123 92 32 35300.1 0 0
123 92 0 35304.3 0 0
119 93 33 35308.5 0 0
119 99 33 35312.7 0 0
119 92 32 35316.9 0 0
119 92 0 35321.1 0 0
123 104 33 35325.3 0 0
119 91 32 35329.6 0 0
120 103 34 35333.8 0 0
127 120 33 35338 0 0
132 135 33 35342.2 0 0
132 135 0 35346.4 0 0
131 151 33 35350.6 0 0
133 156 33 35354.8 0 0
133 158 33 35359.1 0 0
126 145 32 35363.3 0 0
128 145 33 35367.5 0 0
130 151 32 35371.7 0 0
128 148 33 35375.9 0 0
128 146 32 35380.1 0 0
131 146 33 35384.3 0 0
131 138 34 35388.6 0 0
130 144 33 35392.8 0 0
134 149 32 35397 0 0
135 162 33 35401.2 0 0
134 151 33 35405.4 0 0
130 151 33 35409.6 0 0
134 151 33 35413.8 0 0
131 146 33 35418.1 0 0
132 146 32 35422.3 0 0
130 146 34 35426.5 0 0
133 149 33 35430.7 0 0
133 152 33 35434.9 0 0
135 146 34 35439.1 0 0
134 152 34 35443.3 0 0
135 153 32 35447.6 0 0
136 145 33 35451.8 0 0
135 156 34 35456 0 0
135 152 34 35460.2 0 0
132 153 33 35464.5 0 0
134 150 33 35468.7 0 0
136 156 33 35472.9 0 0
135 150 33 35477.1 0 0
136 154 33 35481.3 0 0
138 151 33 35485.5 0 0
136 158 33 35489.8 0 0
138 153 34 35494 0 0
131 151 34 35498.2 0 0
134 152 34 35502.4 0 0
132 148 34 35506.6 0 0
133 151 34 35510.8 0 0
133 145 34 35515 0 0
133 147 34 35519.2 0 0
131 154 33 35523.5 0 0
135 154 34 35527.7 0 0
135 162 33 35531.9 0 0
133 161 32 35536.1 0 0
134 165 33 35540.3 0 0
133 169 33 35544.6 0 0
132 163 32 35548.8 0 0
134 160 33 35553 0 0
136 163 33 35557.2 0 0
136 162 33 35561.4 0 0
141 171 33 35565.6 0 0
134 167 33 35569.9 0 0
136 161 34 35574.1 0 0
139 167 33 35578.3 0 0
135 166 33 35582.5 0 0
138 167 33 35586.8 0 0
137 172 35 35591 0 0
135 162 33 35595.2 0 0
134 172 33 35599.4 0 0
136 159 33 35603.6 0 0
135 170 33 35607.8 0 0
136 167 33 35612 0 0
133 160 34 35616.2 0 0
136 163 33 35620.4 0 0
134 161 34 35624.7 0 0
134 159 34 35628.9 0 0
136 165 33 35633.1 0 0
132 167 34 35637.3 0 0
134 168 33 35641.5 0 0
132 167 34 35645.7 0 0
133 165 34 35649.9 0 0
133 165 34 35654.2 0 0
135 161 34 35658.4 0 0
135 161 34 35665.1 0 0
133 154 35 35669.4 0 0
132 162 34 35673.6 0 0
133 165 35 35677.8 0 0
135 159 34 35682.1 0 0
132 160 34 35686.3 0 0
129 162 34 35690.5 0 0
132 160 35 35694.7 0 0
131 160 35 35698.9 0 0
132 164 34 35703.1 0 0
132 160 34 35707.4 0 0
132 160 35 35711.6 0 0
131 159 35 35715.8 0 0
129 163 35 35720 0 0
132 158 34 35724.2 0 0
128 154 36 35728.4 0 0
128 154 0 35732.6 0 0
131 156 35 35736.8 0 0
131 159 35 35741.1 0 0
131 161 36 35745.3 0 0
128 159 35 35749.5 0 0
127 160 35 35753.7 0 0
132 159 35 35757.9 0 0
131 159 35 35762.2 0 0
131 158 35 35766.4 0 0
130 158 36 35770.6 0 0
129 158 36 35774.8 0 0
131 158 35 35781.8 0 0
130 147 36 35790 0 0
130 130 37 35798.5 0 0
130 121 38 35807 0 0
130 121 38 35815.2 0 0
130 100 36 35823.1 0 0
129 101 36 35827.3 0 0
131 97 37 35831.9 0 0
131 97 0 35836.2 0 0
131 97 0 35840.5 0 0
132 101 36 35844.7 0 0
132 97 36 35848.9 0 0
134 102 36 35853.1 0 0
134 106 36 35857.3 0 0
136 107 36 35861.5 0 0
135 99 36 35865.7 0 0
132 104 37 35869.9 0 0
132 104 0 35874.2 0 0
133 105 36 35878.4 0 0
131 106 36 35882.6 0 0
132 99 36 35886.8 0 0
134 99 36 35891 0 0
134 102 36 35895.2 0 0
135 102 36 35899.5 0 0
133 98 37 35903.7 0 0
135 105 36 35907.9 0 0
132 104 36 35912.1 0 0
131 102 36 35916.3 0 0
134 101 36 35920.5 0 0
134 101 0 35924.7 0 0
132 99 35 35929 0 0
134 103 37 35936.1 0 0
130 106 36 35940.3 0 0
133 107 36 35944.5 0 0
132 105 35 35948.7 0 0
135 104 36 35952.9 0 0
130 104 36 35957.1 0 0
130 104 0 35961.4 0 0
134 105 36 35965.6 0 0
132 107 36 35969.8 0 0
131 108 35 35974 0 0
134 102 36 35978.2 0 0
133 105 36 35982.4 0 0
130 109 36 35986.7 0 0
131 106 37 35990.9 0 0
131 101 35 35995.1 0 0
131 110 36 35999.3 0 0
135 103 36 36003.5 0 0
135 103 0 36007.7 0 0
131 105 36 36012 0 0
133 104 35 36016.2 0 0
131 109 36 36020.5 0 0
131 103 36 36024.7 0 0
129 103 35 36029 0 0
131 103 36 36033.2 0 0
131 103 36 36040 0 0
131 103 35 36044.2 0 0
132 101 35 36048.5 0 0
131 109 35 36052.7 0 0
132 105 35 36056.9 0 0
130 107 35 36061.2 0 0
130 107 0 36065.4 0 0
129 107 34 36069.6 0 0
134 104 35 36073.8 0 0
132 102 35 36078 0 0
130 98 36 36082.3 0 0
132 102 34 36086.5 0 0
131 106 35 36090.7 0 0
130 106 35 36094.9 0 0
128 105 35 36099.2 0 0
120 109 35 36103.3 0 0
111 104 35 36107.6 0 0
104 96 35 36111.8 0 0
94 92 35 36116 0 0
82 90 34 36120.2 0 0
75 88 33 36124.5 0 0
70 86 33 36128.7 0 0
58 85 33 36132.9 0 0
52 77 32 36137.1 0 0
39 82 30 36141.3 0 0
39 82 0 36148.2 0 0
36 81 30 36152.4 0 0
36 87 31 36156.6 0 0
32 84 31 36160.9 0 0
37 80 30 36165.1 0 0
37 85 31 36169.3 0 0
36 82 30 36173.5 0 0
35 84 30 36177.7 0 0
35 84 31 36181.9 0 0
37 80 30 36186.1 0 0
37 80 0 36190.3 0 0
39 77 30 36194.6 0 0
36 83 30 36198.8 0 0
36 84 30 36203 0 0
35 85 30 36207.2 0 0
34 88 30 36211.5 0 0
34 83 30 36215.7 0 0
39 85 30 36219.9 0 0
35 83 29 36224.2 0 0
34 84 31 36228.4 0 0
38 79 31 36232.6 0 0
32 86 31 36236.8 0 0
36 74 31 36241.1 0 0
34 74 31 36245.3 0 0
34 77 31 36249.5 0 0
35 78 31 36253.7 0 0
32 77 31 36257.9 0 0
32 77 0 36265 0 0
29 71 31 36269.2 0 0
29 64 30 36273.5 0 0
32 69 30 36277.7 0 0
32 69 30 36281.9 0 0
32 69 30 36286.1 0 0
32 69 0 36290.3 0 0
32 69 0 36294.6 0 0
32 69 0 36298.8 0 0
32 69 0 36303 0 0
32 69 0 36307.2 0 0
32 69 0 36311.4 0 0
32 69 0 36315.6 0 0
32 69 0 36319.8 0 0
32 69 0 36324 0 0
32 69 0 36331.2 0 0
32 69 0 36338.8 0 0
32 69 0 36343 0 0
32 69 0 36347.9 0 0
32 69 0 36352.2 0 0
32 69 0 36356.4 0 0
32 69 0 36360.6 0 0
32 69 0 36364.8 0 0
32 69 0 36369.1 0 0
32 69 0 36373.3 0 0
32 69 0 36377.5 0 0
32 69 0 36381.7 0 0
32 69 0 36385.9 0 0
32 69 0 36390.1 0 0
32 69 0 36394.3 0 0
32 69 0 36398.6 0 0
32 69 0 36402.8 0 0
32 69 0 36407 0 0
32 69 0 36411.2 0 0
32 69 0 36415.4 0 0
32 69 0 36419.6 0 0
32 69 0 36423.8 0 0
32 69 0 36428.1 0 0
32 69 0 36432.3 0 0
32 69 0 36436.5 0 0
32 69 0 36440.7 0 0
32 69 0 36444.9 0 0
32 69 0 36449.1 0 0
32 69 0 36453.3 0 0
32 69 0 36457.6 0 0
32 69 0 36461.8 0 0
32 69 0 36466.1 0 0
32 69 0 36470.2 0 0
32 69 0 36474.4 0 0
32 69 0 36479.4 0 0
26 71 31 36551.1 0 0
27 81 31 36555.3 0 0
28 93 31 36559.5 0 0
33 105 31 36563.7 0 0
33 112 32 36567.9 0 0
33 130 32 36572.1 0 0
32 135 32 36576.4 0 0
31 135 32 36580.6 0 0
34 130 32 36584.8 0 0
35 131 33 36589.1 0 0
35 121 32 36593.3 0 0
33 134 33 36597.5 0 0
37 130 33 36601.7 0 0
36 129 32 36605.9 0 0
36 127 33 36610.1 0 0
37 125 32 36614.4 0 0
34 123 33 36618.6 0 0
36 124 32 36622.8 0 0
34 127 33 36627 0 0
36 125 32 36631.2 0 0
36 127 33 36635.4 0 0
35 136 33 36639.6 0 0
33 133 33 36643.8 0 0
37 126 33 36648.1 0 0
36 136 33 36652.3 0 0
33 136 33 36656.5 0 0
35 139 33 36660.7 0 0
36 131 33 36664.9 0 0
33 135 33 36669.1 0 0
39 129 33 36673.3 0 0
47 126 34 36677.5 0 0
60 118 34 36681.8 0 0
72 111 35 36686 0 0
85 103 35 36690.2 0 0
93 135 36 36694.4 0 0
93 135 0 36698.6 0 0
93 135 0 36702.8 0 0
93 135 0 36707.1 0 0
93 135 0 36711.3 0 0
93 135 0 36715.5 0 0
93 135 0 36719.7 0 0
93 135 0 36723.9 0 0
93 135 0 36728.1 0 0
93 135 0 36732.3 0 0
93 135 0 36736.6 0 0
93 135 0 36740.8 0 0
93 135 0 36745.1 0 0
93 135 0 36749.2 0 0
93 135 0 36753.5 0 0
93 135 0 36757.7 0 0
93 135 0 36761.9 0 0
93 135 0 36766.1 0 0
93 135 0 36770.3 0 0
189 92 35 36774.5 0 0
183 82 37 36778.8 0 0
190 70 39 36783 0 0
191 63 39 36787.2 0 0
192 52 41 36791.4 0 0
191 48 40 36795.6 0 0
192 50 40 36799.8 0 0
191 53 40 36804 0 0
190 50 40 36808.3 0 0
191 48 40 36812.5 0 0
192 49 40 36816.7 0 0
189 48 40 36820.9 0 0
190 47 40 36825.1 0 0
191 46 40 36829.3 0 0
194 46 40 36833.6 0 0
191 45 41 36837.8 0 0
194 46 40 36842 0 0
192 48 41 36846.2 0 0
193 48 40 36850.4 0 0
190 50 40 36854.6 0 0
192 49 40 36858.9 0 0
194 47 40 36863.1 0 0
194 49 40 36867.3 0 0
198 48 41 36871.5 0 0
194 48 40 36875.7 0 0
194 48 40 36879.9 0 0
193 46 40 36884.1 0 0
194 48 40 36888.4 0 0
194 47 40 36892.6 0 0
194 48 39 36896.8 0 0
195 49 40 36901 0 0
195 47 40 36905.3 0 0
196 51 40 36909.5 0 0
195 49 40 36913.7 0 0
194 51 40 36917.9 0 0
197 50 41 36922.1 0 0
192 51 40 36926.3 0 0
199 53 40 36930.5 0 0
197 47 40 36934.8 0 0
197 50 40 36939 0 0
196 51 40 36943.2 0 0
194 54 40 36947.4 0 0
195 49 40 36951.6 0 0
195 52 40 36955.8 0 0
195 53 40 36960.1 0 0
196 51 40 36964.3 0 0
201 51 40 36968.5 0 0
201 51 0 36972.7 0 0
201 51 0 36976.9 0 0
217 52 41 36981.2 0 0
217 52 0 36985.4 0 0
234 55 40 36989.6 0 0
234 55 0 36993.8 0 0
234 55 0 36998 0 0
238 57 40 37002.2 0 0
232 60 41 37006.4 0 0
234 60 40 37010.7 0 0
235 59 40 37014.9 0 0
234 61 40 37019.1 0 0
236 60 40 37023.4 0 0
237 59 39 37027.6 0 0
237 59 0 37031.8 0 0
236 58 40 37036 0 0
236 58 0 37040.2 0 0
237 57 39 37044.4 0 0
237 57 0 37048.6 0 0
239 59 39 37052.9 0 0
236 58 40 37057.1 0 0
237 63 39 37061.3 0 0
236 62 40 37065.5 0 0
236 62 39 37069.7 0 0
242 61 40 37073.9 0 0
240 62 39 37078.2 0 0
239 62 39 37082.4 0 0
239 62 0 37086.6 0 0
239 62 0 37090.8 0 0
239 61 39 37095 0 0
239 61 0 37099.2 0 0
238 61 39 37103.4 0 0
238 63 39 37107.7 0 0
238 63 0 37111.9 0 0
238 63 0 37116.1 0 0
240 58 39 37120.3 0 0
240 62 39 37124.5 0 0
240 61 39 37128.7 0 0
240 59 39 37132.9 0 0
239 60 39 37137.2 0 0
238 60 39 37141.4 0 0
239 61 39 37145.6 0 0
241 58 40 37149.8 0 0
240 62 39 37154.1 0 0
242 61 40 37158.2 0 0
241 62 39 37162.5 0 0
238 63 39 37166.7 0 0
237 62 39 37170.9 0 0
241 63 40 37175.1 0 0
237 64 39 37179.4 0 0
244 58 40 37183.6 0 0
242 63 39 37187.8 0 0
240 64 40 37192 0 0
240 64 0 37196.2 0 0
241 56 39 37200.4 0 0
240 59 39 37204.6 0 0
240 59 0 37208.9 0 0
245 60 39 37213.1 0 0
240 59 40 37217.3 0 0
241 64 39 37221.6 0 0
240 57 40 37225.8 0 0
241 62 39 37229.9 0 0
241 62 0 37234.2 0 0
238 59 40 37238.4 0 0
238 58 39 37242.7 0 0
241 62 39 37246.9 0 0
240 59 39 37251.1 0 0
240 59 39 37255.3 0 0
240 62 39 37259.5 0 0
246 60 40 37263.7 0 0
246 60 0 37267.9 0 0
243 61 40 37272.1 0 0
243 61 0 37276.4 0 0
244 59 39 37280.6 0 0
244 60 40 37284.8 0 0
239 62 39 37289 0 0
239 62 0 37293.2 0 0
243 60 39 37297.5 0 0
243 60 0 37301.7 0 0
243 60 0 37305.9 0 0
243 63 40 37310.2 0 0
243 63 0 37314.4 0 0
243 59 39 37318.6 0 0
239 54 39 37322.8 0 0
245 56 40 37327 0 0
239 60 39 37331.2 0 0
242 60 39 37335.4 0 0
242 60 0 37339.7 0 0
236 61 39 37343.8 0 0
236 61 0 37348.1 0 0
231 76 39 37352.3 0 0
225 98 39 37356.5 0 0
218 114 39 37360.7 0 0
213 127 40 37364.9 0 0
217 140 39 37369.1 0 0
212 154 40 37373.4 0 0
212 163 39 37377.6 0 0
205 165 39 37381.8 0 0
207 169 39 37386 0 0
208 173 39 37390.2 0 0
208 171 39 37394.4 0 0
211 171 39 37398.6 0 0
207 170 39 37402.9 0 0
209 168 39 37407.1 0 0
208 170 39 37411.3 0 0
208 179 40 37415.5 0 0
209 176 39 37419.8 0 0
211 174 39 37424 0 0
207 175 39 37428.2 0 0
212 176 39 37432.4 0 0
207 165 39 37436.7 0 0
211 179 38 37440.9 0 0
209 173 38 37445.1 0 0
209 173 0 37449.3 0 0
209 178 39 37453.6 0 0
209 177 39 37457.8 0 0
208 172 39 37462 0 0
207 175 38 37466.2 0 0
210 177 39 37470.4 0 0
209 172 38 37474.6 0 0
207 176 39 37478.8 0 0
207 176 0 37483 0 0
212 176 39 37487.3 0 0
208 173 39 37491.5 0 0
210 184 39 37495.7 0 0
209 174 39 37499.9 0 0
206 179 39 37504.1 0 0
208 178 39 37508.3 0 0
208 178 0 37512.6 0 0
210 177 39 37516.8 0 0
212 174 40 37521 0 0
206 173 38 37525.2 0 0
208 173 40 37529.4 0 0
211 179 39 37533.6 0 0
209 174 38 37537.8 0 0
210 178 39 37542 0 0
210 178 0 37546.2 0 0
205 174 39 37550.5 0 0
209 177 39 37554.7 0 0
210 177 39 37559 0 0
210 174 39 37563.2 0 0
209 168 39 37567.4 0 0
205 175 39 37571.6 0 0
205 175 0 37575.8 0 0
209 180 38 37580 0 0
211 186 39 37584.2 0 0
211 182 39 37588.4 0 0
213 177 38 37592.8 0 0
207 173 39 37597 0 0
210 176 39 37601.2 0 0
211 174 40 37605.4 0 0
211 176 39 37609.6 0 0
214 175 39 37613.9 0 0
210 172 38 37618.2 0 0
212 175 39 37622.4 0 0
211 177 39 37626.6 0 0
212 171 39 37630.8 0 0
211 172 39 37635 0 0
214 178 38 37639.2 0 0
212 173 39 37643.4 0 0
213 172 39 37647.6 0 0
213 172 39 37651.8 0 0
212 172 39 37656.1 0 0
216 180 39 37660.3 0 0
213 174 39 37664.5 0 0
214 177 0 37668.7 0 0
207 196 38 37672.9 0 0
207 196 38 37677.1 0 0
204 195 39 37682.6 0 0
204 195 0 37686.8 0 0
202 193 39 37691 0 0
204 191 39 37695.2 0 0
202 181 39 37699.4 0 0
200 182 39 37703.6 0 0
202 188 39 37707.8 0 0
207 196 38 37712.1 0 0
201 190 39 37716.3 0 0
205 201 39 37720.5 0 0
204 198 39 37724.7 0 0
205 194 39 37728.9 0 0
205 198 38 37733.1 0 0
205 198 38 37737.3 0 0
208 202 38 37741.5 0 0
202 195 39 37745.8 0 0
202 195 39 37750 0 0
206 197 38 37754.2 0 0
206 196 39 37758.4 0 0
206 198 39 37762.6 0 0
206 198 0 37766.8 0 0
204 193 38 37771 0 0
209 206 38 37775.2 0 0
205 192 39 37779.4 0 0
208 217 39 37783.7 0 0
209 204 38 37787.9 0 0
206 205 39 37792.1 0 0
207 203 39 37796.3 0 0
209 208 38 37800.5 0 0
210 202 39 37804.8 0 0
202 192 39 37809 0 0
202 192 0 37813.2 0 0
202 192 0 37817.4 0 0
206 212 39 37821.6 0 0
203 199 39 37825.9 0 0
207 207 39 37830.1 0 0
207 197 38 37834.3 0 0
204 199 39 37838.5 0 0
205 197 38 37842.7 0 0
204 193 39 37846.9 0 0
205 201 38 37851.1 0 0
206 198 38 37855.3 0 0
208 196 38 37859.5 0 0
205 193 38 37863.8 0 0
204 199 38 37868 0 0
205 205 38 37872.2 0 0
207 202 38 37876.4 0 0
208 208 38 37880.6 0 0
211 199 38 37884.8 0 0
219 203 38 37889.1 0 0
224 203 37 37893.3 0 0
229 192 38 37897.6 0 0
233 191 37 37901.8 0 0
243 192 39 37906 0 0
243 196 38 37910.2 0 0
240 194 38 37914.4 0 0
237 193 38 37918.6 0 0
240 193 38 37922.8 0 0
238 196 38 37927.1 0 0
240 199 38 37931.3 0 0
234 189 38 37935.5 0 0
241 190 38 37939.7 0 0
239 200 39 37943.9 0 0
237 200 38 37948.1 0 0
240 195 37 37952.3 0 0
240 193 38 37956.6 0 0
239 196 37 37960.8 0 0
237 193 39 37965 0 0
240 199 38 37969.2 0 0
239 190 39 37973.4 0 0
240 193 38 37977.6 0 0
237 193 38 37981.8 0 0
238 200 38 37986 0 0
239 191 38 37990.3 0 0
240 191 38 37994.5 0 0
236 194 38 37998.7 0 0
240 204 38 38002.9 0 0
242 200 38 38007.1 0 0
241 203 38 38011.3 0 0
240 200 38 38015.5 0 0
238 197 37 38019.8 0 0
239 189 38 38024 0 0
238 200 38 38028.2 0 0
240 200 38 38032.4 0 0
241 201 38 38036.6 0 0
240 200 38 38040.8 0 0
242 195 39 38045.1 0 0
242 199 37 38049.3 0 0
240 196 38 38053.5 0 0
240 189 38 38057.7 0 0
245 197 38 38061.9 0 0
242 194 38 38066.2 0 0
238 192 38 38070.4 0 0
242 197 37 38074.6 0 0
243 203 38 38078.8 0 0
244 199 38 38083 0 0
238 197 38 38087.3 0 0
240 196 39 38091.6 0 0
242 216 37 38095.9 0 0
241 195 37 38100.1 0 0
238 189 37 38104.3 0 0
244 196 38 38108.5 0 0
243 199 38 38112.7 0 0
239 196 38 38117 0 0
240 194 38 38121.2 0 0
243 199 38 38125.4 0 0
243 197 38 38129.6 0 0
243 196 38 38133.8 0 0
246 198 38 38138.1 0 0
242 196 38 38142.3 0 0
242 205 37 38146.5 0 0
239 194 38 38150.7 0 0
241 199 38 38154.9 0 0
240 196 37 38159.2 0 0
246 196 38 38163.3 0 0
244 201 37 38167.6 0 0
241 197 38 38171.8 0 0
240 195 37 38176 0 0
242 197 37 38180.2 0 0
242 198 37 38184.5 0 0
243 201 37 38188.7 0 0
244 215 37 38192.9 0 0
242 206 37 38197.1 0 0
243 194 37 38201.3 0 0
241 198 37 38205.5 0 0
245 195 37 38209.7 0 0
243 196 37 38214 0 0
240 198 37 38218.2 0 0
242 199 37 38222.4 0 0
240 199 37 38226.6 0 0
238 205 36 38233.3 0 0
246 203 37 38237.6 0 0
243 199 37 38241.9 0 0
244 201 37 38246.1 0 0
246 191 37 38250.3 0 0
242 196 36 38254.5 0 0
242 191 38 38258.7 0 0
243 194 36 38262.9 0 0
239 189 37 38267.1 0 0
246 199 36 38271.4 0 0
243 201 36 38275.6 0 0
246 201 36 38279.8 0 0
243 192 37 38284.1 0 0
245 190 37 38288.2 0 0
243 192 36 38292.5 0 0
236 194 36 38296.7 0 0
243 195 36 38300.9 0 0
238 192 36 38305.2 0 0
245 195 35 38309.4 0 0
242 193 36 38313.6 0 0
239 200 35 38317.8 0 0
234 205 35 38322 0 0
220 193 36 38326.2 0 0
208 180 36 38330.4 0 0
199 181 35 38334.7 0 0
186 186 34 38338.9 0 0
167 185 35 38343.1 0 0
167 185 0 38350 0 0
149 205 33 38354.2 0 0
152 209 33 38358.4 0 0
141 201 33 38362.6 0 0
148 203 32 38366.9 0 0
148 203 33 38371.1 0 0
151 191 33 38375.3 0 0
151 191 0 38379.5 0 0
150 206 34 38383.7 0 0
152 222 33 38387.9 0 0
148 212 34 38392.1 0 0
151 217 32 38396.3 0 0
152 203 32 38400.6 0 0
155 211 32 38404.8 0 0
147 240 32 38409 0 0
147 240 0 38413.2 0 0
146 202 32 38417.5 0 0
146 202 0 38421.7 0 0
146 202 0 38426 0 0
146 202 0 38430.2 0 0
146 202 0 38434.4 0 0
150 201 33 38438.7 0 0
150 218 32 38442.9 0 0
151 213 32 38447.1 0 0
146 206 32 38454.1 0 0
146 206 0 38458.3 0 0
149 213 33 38462.6 0 0
149 213 0 38466.8 0 0
152 212 32 38471 0 0
152 212 0 38475.2 0 0
146 221 32 38479.4 0 0
146 221 0 38483.6 0 0
153 208 33 38487.8 0 0
144 221 31 38492.1 0 0
144 221 0 38496.3 0 0
144 221 0 38500.5 0 0
147 207 33 38504.7 0 0
147 207 0 38508.9 0 0
149 219 33 38513.1 0 0
141 174 32 38517.3 0 0
140 166 33 38521.5 0 0
136 157 34 38525.8 0 0
131 141 35 38530 0 0
132 136 34 38534.2 0 0
128 128 35 38538.4 0 0
133 121 34 38542.6 0 0
135 128 35 38546.8 0 0
133 131 34 38551.1 0 0
132 130 34 38555.3 0 0
133 131 35 38559.5 0 0
133 131 0 38563.8 0 0
133 131 35 38567.9 0 0
134 124 35 38572.2 0 0
132 129 35 38579.2 0 0
131 125 34 38583.5 0 0
131 123 34 38587.7 0 0
135 131 35 38591.9 0 0
135 126 35 38596.1 0 0
132 128 34 38600.3 0 0
134 126 34 38604.5 0 0
132 131 35 38608.7 0 0
132 133 34 38613 0 0
134 127 34 38617.2 0 0
133 123 35 38621.4 0 0
133 123 0 38625.6 0 0
131 126 35 38629.8 0 0
132 129 34 38634 0 0
133 130 34 38638.2 0 0
133 128 35 38642.5 0 0
133 127 34 38646.8 0 0
131 123 34 38651 0 0
132 123 35 38655.2 0 0
130 124 34 38659.4 0 0
130 124 0 38663.6 0 0
135 124 35 38667.8 0 0
135 124 0 38672 0 0
135 124 0 38676.3 0 0
135 124 0 38682.6 0 0
135 124 0 38686.8 0 0
134 99 33 38691 0 0
127 102 34 38695.2 0 0
132 98 33 38699.4 0 0
134 101 34 38703.6 0 0
129 98 33 38707.9 0 0
130 102 33 38712.1 0 0
132 102 34 38716.3 0 0
130 96 32 38720.5 0 0
130 96 34 38724.7 0 0
130 96 0 38728.9 0 0
130 98 34 38733.1 0 0
130 98 0 38737.4 0 0
127 105 32 38741.6 0 0
127 105 0 38745.8 0 0
129 101 33 38750 0 0
129 101 0 38754.2 0 0
132 102 33 38758.4 0 0
129 100 33 38762.7 0 0
128 100 33 38766.9 0 0
128 100 0 38771.1 0 0
134 98 32 38775.4 0 0
130 104 32 38779.6 0 0
129 103 32 38783.8 0 0
133 99 33 38788 0 0
128 99 32 38792.2 0 0
128 99 0 38796.4 0 0
130 103 32 38800.6 0 0
130 103 0 38804.9 0 0
131 106 33 38809.1 0 0
133 97 32 38813.3 0 0
128 100 32 38817.5 0 0
130 102 31 38821.7 0 0
130 102 0 38825.9 0 0
130 101 32 38830.1 0 0
132 101 31 38834.3 0 0
132 101 32 38838.5 0 0
132 97 0 38842.8 0 0
135 95 33 38847 0 0
136 92 32 38853.9 0 0
143 92 30 38858.1 0 0
139 85 32 38862.4 0 0
140 90 32 38866.6 0 0
138 83 31 38870.8 0 0
139 87 32 38875.1 0 0
139 80 32 38879.2 0 0
138 87 32 38883.4 0 0
144 81 32 38887.7 0 0
140 86 31 38891.9 0 0
141 82 33 38896.1 0 0
140 79 32 38900.3 0 0
135 90 31 38904.5 0 0
139 84 31 38908.8 0 0
139 84 0 38912.9 0 0
139 87 31 38917.2 0 0
139 87 0 38921.4 0 0
140 79 31 38925.6 0 0
141 81 32 38929.8 0 0
141 81 0 38934.1 0 0
137 90 31 38938.3 0 0
142 77 31 38942.5 0 0
138 90 32 38946.7 0 0
139 79 32 38953.8 0 0
139 95 31 38962.3 0 0
143 79 0 38970.6 0 0
143 79 0 38979 0 0
143 79 0 38987.3 0 0
143 79 0 38995 0 0
137 75 33 38999.2 0 0
133 84 32 39004 0 0
122 82 30 39008.2 0 0
122 82 0 39012.4 0 0
122 82 0 39016.7 0 0
122 82 0 39020.9 0 0
122 82 0 39025.1 0 0
122 82 31 39029.3 0 0
122 82 0 39033.5 0 0
122 82 0 39037.7 0 0
122 82 0 39041.9 0 0
122 82 0 39046.1 0 0
122 82 0 39050.4 0 0
122 82 0 39054.6 0 0
122 82 0 39058.8 0 0
122 82 0 39063.1 0 0
122 82 0 39067.3 0 0
122 82 0 39071.5 0 0
122 82 0 39075.7 0 0
122 82 0 39079.9 0 0
122 82 0 39084.1 0 0
122 82 0 39088.3 0 0
122 82 0 39092.5 0 0
122 82 0 39099.7 0 0
122 82 0 39104.4 0 0
122 82 0 39108.6 0 0
122 82 0 39112.8 0 0
122 82 0 39117.1 0 0
122 82 0 39121.3 0 0
122 82 0 39125.5 0 0
122 82 0 39129.7 0 0
122 82 0 39133.9 0 0
122 82 0 39138.1 0 0
122 82 0 39142.3 0 0
122 82 0 39146.6 0 0
122 82 0 39150.8 0 0
122 82 0 39155 0 0
122 82 0 39159.2 0 0
122 82 0 39166.1 0 0
122 82 0 39170.4 0 0
122 82 0 39174.6 0 0
122 82 0 39178.8 0 0
122 82 0 39183 0 0
122 82 0 39187.2 0 0
122 82 0 39191.4 0 0
122 82 0 39195.7 0 0
122 82 0 39199.9 0 0
122 82 0 39204.1 0 0
122 82 0 39208.3 0 0
28 50 32 39507.9 0 0
28 53 32 39512.2 0 0
31 60 32 39516.4 0 0
51 99 32 39520.6 0 0
55 124 33 39524.8 0 0
60 132 33 39529 0 0
70 158 33 39533.2 0 0
74 169 33 39537.4 0 0
76 178 34 39541.7 0 0
79 177 34 39545.9 0 0
77 180 34 39550.1 0 0
78 175 34 39554.3 0 0
76 174 34 39558.6 0 0
76 172 35 39562.8 0 0
79 170 34 39567 0 0
78 178 35 39571.2 0 0
78 179 34 39575.4 0 0
80 173 33 39579.7 0 0
81 175 34 39583.9 0 0
75 173 35 39588.1 0 0
79 171 35 39592.4 0 0
78 173 34 39596.6 0 0
78 175 34 39600.8 0 0
80 175 33 39605 0 0
77 173 34 39609.3 0 0
76 172 34 39613.5 0 0
78 173 35 39617.7 0 0
81 175 35 39622 0 0
76 176 35 39626.2 0 0
80 167 34 39630.4 0 0
77 173 34 39634.6 0 0
79 173 35 39638.8 0 0
77 171 35 39643 0 0
78 172 34 39647.3 0 0
77 169 35 39651.5 0 0
80 170 34 39655.7 0 0
79 175 34 39659.9 0 0
79 171 35 39664.1 0 0
81 171 34 39668.3 0 0
79 170 35 39672.6 0 0
80 172 35 39676.8 0 0
78 169 34 39681 0 0
80 171 35 39685.2 0 0
77 174 35 39689.4 0 0
77 169 35 39693.6 0 0
80 174 36 39697.8 0 0
82 172 35 39702 0 0
78 168 35 39706.3 0 0
78 171 35 39710.5 0 0
78 175 35 39714.7 0 0
81 173 35 39718.9 0 0
80 173 35 39723.1 0 0
79 174 35 39727.3 0 0
78 175 35 39731.5 0 0
82 175 35 39735.8 0 0
80 173 35 39740 0 0
81 172 35 39744.2 0 0
79 169 35 39748.4 0 0
80 176 35 39752.6 0 0
79 172 35 39756.8 0 0
78 168 36 39761 0 0
79 172 35 39765.2 0 0
78 173 35 39769.5 0 0
81 173 35 39773.7 0 0
79 172 35 39777.9 0 0
82 173 35 39782.1 0 0
79 171 36 39786.3 0 0
85 173 35 39790.5 0 0
91 167 35 39794.8 0 0
103 171 36 39799 0 0
110 166 35 39803.2 0 0
121 165 36 39807.4 0 0
129 165 36 39811.6 0 0
136 165 36 39815.8 0 0
137 161 37 39820.1 0 0
135 170 36 39824.2 0 0
135 185 36 39828.5 0 0
132 192 34 39832.7 0 0
138 204 34 39836.9 0 0
145 194 35 39841.3 0 0
132 193 35 39845.5 0 0
135 178 36 39849.7 0 0
132 175 36 39853.9 0 0
132 170 36 39858.2 0 0
133 167 37 39862.4 0 0
131 159 36 39866.6 0 0
135 168 37 39870.8 0 0
131 164 37 39875.1 0 0
132 162 37 39879.3 0 0
130 158 37 39883.5 0 0
133 162 37 39887.7 0 0
135 162 36 39891.9 0 0
129 168 37 39896.2 0 0
132 166 37 39900.4 0 0
135 167 37 39904.6 0 0
131 166 36 39908.8 0 0
132 164 37 39913 0 0
134 164 36 39917.2 0 0
131 160 37 39921.4 0 0
130 165 37 39925.6 0 0
133 163 37 39929.9 0 0
130 160 36 39934.1 0 0
132 165 37 39938.3 0 0
131 160 37 39942.5 0 0
131 165 37 39946.7 0 0
130 165 36 39950.9 0 0
132 163 37 39955.1 0 0
130 158 37 39959.4 0 0
128 161 37 39963.6 0 0
131 158 37 39967.8 0 0
127 162 37 39972 0 0
130 181 36 39976.2 0 0
130 181 0 39980.4 0 0
130 181 0 39984.6 0 0
130 181 0 39988.9 0 0
130 181 0 39993.1 0 0
130 181 0 39997.3 0 0
130 181 0 40001.5 0 0
130 181 0 40005.7 0 0
130 181 0 40009.9 0 0
130 181 0 40014.2 0 0
130 181 0 40018.4 0 0
130 181 0 40022.6 0 0
130 181 0 40026.8 0 0
130 181 0 40031.1 0 0
130 181 0 40035.2 0 0
130 181 0 40039.4 0 0
130 181 0 40043.7 0 0
130 181 0 40047.9 0 0
130 181 0 40052.1 0 0
130 181 0 40056.3 0 0
130 181 0 40060.5 0 0
130 181 0 40064.8 0 0
130 181 0 40069 0 0
130 181 0 40073.2 0 0
130 181 0 40077.4 0 0
130 181 0 40081.6 0 0
130 181 0 40085.8 0 0
130 181 0 40090.1 0 0
130 181 0 40094.3 0 0
130 181 0 40098.5 0 0
130 181 0 40102.7 0 0
130 181 0 40106.9 0 0
130 181 0 40111.1 0 0
209 233 36 40123.7 0 0
202 225 38 40127.9 0 0
203 216 38 40132.1 0 0
203 211 37 40136.4 0 0
203 206 37 40140.6 0 0
203 207 38 40144.8 0 0
200 199 38 40149.1 0 0
199 196 38 40153.3 0 0
203 201 38 40157.5 0 0
202 196 38 40161.7 0 0
204 206 38 40165.9 0 0
203 205 38 40170.1 0 0
201 210 38 40174.3 0 0
202 205 38 40178.6 0 0
198 202 38 40182.8 0 0
197 203 38 40187 0 0
201 199 38 40191.2 0 0
200 200 38 40195.4 0 0
204 208 38 40199.7 0 0
204 206 37 40203.9 0 0
200 195 38 40208.1 0 0
201 203 37 40212.3 0 0
198 193 37 40219.3 0 0
200 198 38 40223.5 0 0
199 193 38 40227.7 0 0
202 201 38 40231.9 0 0
204 202 37 40236.2 0 0
201 203 38 40240.4 0 0
197 194 38 40244.6 0 0
199 205 38 40248.8 0 0
201 204 38 40253 0 0
201 200 38 40257.2 0 0
200 197 38 40261.4 0 0
201 191 38 40265.6 0 0
200 190 38 40269.9 0 0
199 193 38 40274.1 0 0
199 192 38 40278.3 0 0
198 184 38 40282.6 0 0
198 193 38 40286.8 0 0
198 195 38 40291 0 0
198 194 38 40295.2 0 0
202 198 38 40299.4 0 0
199 196 38 40303.7 0 0
201 188 39 40307.9 0 0
201 200 38 40312.1 0 0
199 188 38 40316.3 0 0
198 190 37 40320.5 0 0
200 191 37 40324.7 0 0
201 188 37 40328.9 0 0
197 189 38 40333.1 0 0
204 188 38 40337.3 0 0
210 191 38 40344.4 0 0
217 175 38 40348.7 0 0
224 172 38 40352.9 0 0
231 176 40 40357.1 0 0
236 162 39 40361.3 0 0
242 174 39 40365.5 0 0
242 167 38 40369.7 0 0
242 167 0 40374 0 0
234 150 38 40378.2 0 0
234 150 0 40382.4 0 0
234 150 0 40386.6 0 0
237 152 39 40390.8 0 0
237 152 0 40395 0 0
241 172 38 40399.3 0 0
236 157 38 40403.5 0 0
239 156 38 40407.7 0 0
239 156 0 40411.9 0 0
239 156 0 40416.1 0 0
239 156 0 40420.3 0 0
239 167 38 40424.6 0 0
241 172 38 40428.8 0 0
235 152 38 40433 0 0
235 152 38 40437.2 0 0
240 161 38 40448.1 0 0
241 162 38 40452.3 0 0
240 159 39 40456.8 0 0
241 163 39 40461.1 0 0
241 159 38 40465.3 0 0
244 171 38 40469.6 0 0
241 167 38 40473.8 0 0
240 163 39 40478 0 0
241 166 38 40482.9 0 0
245 174 39 40487.2 0 0
240 164 38 40491.4 0 0
241 168 38 40495.6 0 0
241 161 39 40499.8 0 0
241 168 39 40506.8 0 0
246 169 38 40511 0 0
241 170 38 40515.2 0 0
241 171 39 40519.5 0 0
240 166 39 40523.7 0 0
242 170 39 40527.9 0 0
239 165 38 40532.1 0 0
239 154 38 40536.3 0 0
239 154 0 40540.5 0 0
238 163 38 40544.8 0 0
236 157 38 40549 0 0
237 155 38 40553.2 0 0
235 153 38 40557.4 0 0
237 156 38 40561.6 0 0
235 155 38 40565.9 0 0
235 155 0 40570.1 0 0
237 157 38 40574.3 0 0
234 159 38 40578.6 0 0
238 163 38 40582.8 0 0
242 169 38 40587.1 0 0
238 162 38 40594.2 0 0
238 171 38 40598.4 0 0
238 171 0 40602.6 0 0
238 171 0 40606.8 0 0
241 175 38 40611 0 0
235 168 38 40615.3 0 0
239 178 38 40619.5 0 0
241 170 38 40623.7 0 0
241 170 0 40627.9 0 0
240 167 38 40632.1 0 0
240 161 37 40636.3 0 0
237 165 38 40640.5 0 0
237 165 0 40644.8 0 0
239 161 38 40649 0 0
236 160 38 40653.2 0 0
238 163 38 40657.4 0 0
240 169 38 40661.6 0 0
241 170 38 40665.8 0 0
243 171 38 40670 0 0
239 162 38 40674.2 0 0
237 163 38 40678.5 0 0
242 164 38 40682.8 0 0
241 165 39 40686.9 0 0
237 156 39 40691.2 0 0
237 156 0 40698.1 0 0
237 156 0 40706.6 0 0
238 163 0 40714.3 0 0
238 151 37 40718.5 0 0
239 161 37 40723.3 0 0
239 161 0 40727.5 0 0
239 159 37 40731.7 0 0
238 159 37 40735.9 0 0
243 165 38 40740.2 0 0
239 160 37 40744.4 0 0
239 161 37 40748.6 0 0
238 163 37 40752.8 0 0
244 176 38 40757 0 0
235 150 37 40761.2 0 0
235 150 0 40765.4 0 0
241 161 37 40769.7 0 0
237 162 37 40773.9 0 0
240 157 38 40778.1 0 0
240 157 0 40782.3 0 0
244 163 38 40786.5 0 0
241 169 38 40790.7 0 0
242 165 37 40794.9 0 0
242 166 38 40799.2 0 0
245 159 37 40803.4 0 0
243 161 38 40807.6 0 0
243 169 38 40811.8 0 0
236 161 37 40816 0 0
241 164 37 40822.9 0 0
242 161 37 40827.2 0 0
242 161 0 40831.5 0 0
242 161 0 40835.7 0 0
240 165 38 40839.9 0 0
241 165 37 40844.1 0 0
238 159 37 40848.3 0 0
242 158 37 40852.5 0 0
241 167 37 40856.8 0 0
240 160 37 40861 0 0
243 170 37 40865.2 0 0
241 161 37 40869.4 0 0
240 167 37 40873.6 0 0
247 170 37 40877.8 0 0
244 170 37 40882 0 0
244 167 37 40886.2 0 0
242 163 37 40890.5 0 0
244 174 37 40894.7 0 0
242 168 38 40898.9 0 0
241 163 38 40903.3 0 0
241 155 37 40907.5 0 0
241 155 37 40911.7 0 0
242 161 37 40916.9 0 0
245 167 0 40921.1 0 0
247 170 38 40927.1 0 0
244 165 37 40931.4 0 0
240 165 37 40935.6 0 0
239 157 37 40939.8 0 0
242 165 37 40944 0 0
242 168 37 40948.2 0 0
240 158 37 40952.4 0 0
240 158 0 40956.7 0 0
241 159 37 40961.8 0 0
234 150 0 40966 0 0
222 144 37 40973 0 0
219 137 36 40977.3 0 0
210 126 37 40981.5 0 0
210 126 0 40985.7 0 0
209 107 37 40989.9 0 0
208 104 37 40994.2 0 0
208 104 37 40998.4 0 0
204 101 37 41002.6 0 0
207 91 37 41006.8 0 0
203 92 37 41011 0 0
205 102 36 41015.2 0 0
205 102 37 41019.4 0 0
204 97 37 41023.7 0 0
208 94 37 41027.9 0 0
204 95 37 41032.1 0 0
206 93 37 41036.3 0 0
203 92 37 41040.5 0 0
206 97 38 41044.7 0 0
202 92 38 41048.9 0 0
202 92 38 41053.2 0 0
208 95 37 41057.5 0 0
201 101 37 41061.8 0 0
201 96 38 41066 0 0
204 100 37 41072.7 0 0
202 100 37 41077 0 0
207 97 37 41081.2 0 0
204 99 37 41085.4 0 0
204 99 0 41089.6 0 0
204 101 37 41093.8 0 0
203 103 37 41098.1 0 0
204 95 37 41102.2 0 0
205 99 37 41106.5 0 0
200 97 38 41110.7 0 0
204 96 37 41114.9 0 0
205 95 37 41119.1 0 0
201 101 37 41123.3 0 0
202 99 37 41127.6 0 0
206 101 37 41131.8 0 0
205 102 37 41136 0 0
202 96 38 41140.2 0 0
204 95 38 41144.5 0 0
202 94 38 41148.7 0 0
202 94 0 41152.9 0 0
204 97 37 41157.1 0 0
204 97 0 41161.3 0 0
203 102 37 41165.6 0 0
202 102 38 41169.8 0 0
201 98 38 41174 0 0
201 98 38 41178.2 0 0
201 101 37 41182.5 0 0
201 99 38 41186.7 0 0
202 101 37 41190.9 0 0
201 94 37 41195.1 0 0
203 93 38 41199.3 0 0
202 97 38 41203.6 0 0
202 96 38 41207.8 0 0
202 89 37 41212.1 0 0
202 96 38 41216.3 0 0
204 96 37 41220.5 0 0
202 93 37 41224.7 0 0
202 95 38 41228.9 0 0
201 93 37 41233.1 0 0
204 98 37 41237.3 0 0
201 94 38 41241.6 0 0
200 98 38 41245.8 0 0
204 90 38 41250 0 0
203 97 38 41254.2 0 0
204 96 38 41258.5 0 0
202 92 38 41262.7 0 0
202 92 0 41266.9 0 0
203 97 38 41271.2 0 0
204 92 38 41275.4 0 0
201 93 38 41279.6 0 0
201 98 38 41283.8 0 0
201 98 0 41288 0 0
186 106 39 41292.2 0 0
175 116 39 41296.4 0 0
167 119 39 41300.7 0 0
160 127 39 41305 0 0
154 127 38 41309.2 0 0
151 131 38 41313.4 0 0
149 130 37 41317.6 0 0
147 125 38 41321.8 0 0
151 133 38 41326 0 0
153 125 37 41330.2 0 0
152 131 37 41334.4 0 0
155 126 37 41338.7 0 0
151 130 38 41342.9 0 0
151 129 37 41347.1 0 0
153 131 38 41351.3 0 0
148 125 37 41355.5 0 0
152 125 38 41359.7 0 0
150 127 38 41363.9 0 0
152 129 37 41368.2 0 0
154 128 38 41372.4 0 0
151 131 38 41376.7 0 0
151 129 37 41380.9 0 0
149 130 37 41385.1 0 0
152 131 37 41389.3 0 0
153 132 37 41393.5 0 0
150 129 38 41397.8 0 0
150 130 37 41402 0 0
151 127 37 41406.2 0 0
149 126 37 41410.6 0 0
151 129 36 41414.8 0 0
154 129 37 41419.1 0 0
156 129 37 41423.3 0 0
150 131 37 41427.6 0 0
152 129 37 41431.8 0 0
149 127 37 41436 0 0
152 126 37 41440.2 0 0
152 130 38 41444.4 0 0
150 130 37 41448.6 0 0
155 128 38 41452.8 0 0
151 133 36 41457.1 0 0
151 129 37 41461.3 0 0
151 130 37 41465.5 0 0
152 129 37 41469.7 0 0
152 132 37 41473.9 0 0
152 129 37 41478.1 0 0
148 133 37 41482.3 0 0
148 136 37 41486.5 0 0
137 144 37 41490.8 0 0
135 150 38 41495 0 0
133 149 37 41499.2 0 0
131 156 36 41503.4 0 0
129 164 36 41507.6 0 0
133 161 37 41511.8 0 0
135 155 36 41516 0 0
131 155 37 41520.3 0 0
130 160 37 41524.5 0 0
131 159 36 41528.7 0 0
136 158 37 41532.9 0 0
136 160 35 41537.1 0 0
132 157 36 41541.3 0 0
134 158 36 41545.6 0 0
134 153 36 41549.8 0 0
131 160 37 41554 0 0
134 158 36 41558.2 0 0
133 157 36 41562.4 0 0
132 157 36 41566.6 0 0
132 158 36 41570.8 0 0
133 152 36 41575.1 0 0
132 154 36 41579.3 0 0
134 159 36 41583.5 0 0
133 157 36 41587.7 0 0
134 151 36 41591.9 0 0
133 156 36 41596.2 0 0
132 151 36 41600.4 0 0
134 159 36 41604.6 0 0
133 157 36 41608.8 0 0
131 154 37 41613 0 0
132 154 36 41617.2 0 0
133 152 36 41621.5 0 0
134 159 37 41625.7 0 0
132 155 37 41629.9 0 0
132 156 37 41634.1 0 0
134 154 37 41638.3 0 0
134 156 36 41642.5 0 0
133 153 37 41646.7 0 0
132 148 37 41650.9 0 0
129 139 37 41655.2 0 0
132 126 37 41659.5 0 0
133 122 37 41663.7 0 0
130 108 37 41667.9 0 0
130 108 0 41672.2 0 0
128 87 37 41676.4 0 0
131 95 37 41680.6 0 0
127 94 36 41684.9 0 0
130 101 37 41689.1 0 0
132 97 36 41693.3 0 0
132 97 0 41697.5 0 0
134 97 36 41701.7 0 0
134 98 37 41705.9 0 0
134 98 0 41710.1 0 0
130 98 37 41714.3 0 0
132 96 37 41718.6 0 0
134 99 37 41722.8 0 0
129 102 37 41727 0 0
129 96 37 41731.2 0 0
137 96 37 41735.4 0 0
134 98 37 41739.7 0 0
135 96 37 41743.9 0 0
129 99 37 41748.1 0 0
129 99 0 41752.3 0 0
135 94 37 41756.5 0 0
131 98 36 41760.7 0 0
135 96 37 41764.9 0 0
130 97 37 41769.1 0 0
132 98 37 41773.4 0 0
132 94 37 41777.6 0 0
132 95 37 41781.8 0 0
132 95 37 41786 0 0
128 93 37 41791.9 0 0
128 93 0 41796.1 0 0
133 93 37 41800.4 0 0
131 100 37 41804.6 0 0
136 96 37 41808.8 0 0
130 99 38 41813 0 0
130 99 0 41817.2 0 0
134 90 37 41821.4 0 0
132 98 37 41825.6 0 0
132 94 37 41829.8 0 0
129 95 37 41834.1 0 0
130 96 37 41838.3 0 0
134 96 37 41842.5 0 0
134 96 0 41846.7 0 0
132 93 37 41850.9 0 0
129 95 37 41855.1 0 0
132 96 37 41859.4 0 0
133 93 37 41863.6 0 0
131 96 37 41867.8 0 0
130 93 37 41872 0 0
131 95 37 41876.2 0 0
133 98 37 41880.4 0 0
132 95 37 41884.7 0 0
132 95 37 41888.9 0 0
134 93 37 41893.1 0 0
133 98 37 41897.3 0 0
131 94 37 41901.5 0 0
128 98 37 41905.8 0 0
122 100 37 41910.1 0 0
116 101 37 41914.3 0 0
116 101 0 41918.5 0 0
94 108 37 41922.8 0 0
86 115 37 41927 0 0
77 117 36 41931.2 0 0
65 135 35 41935.4 0 0
60 141 34 41939.6 0 0
52 154 34 41943.8 0 0
47 159 35 41948 0 0
42 165 35 41952.2 0 0
41 163 34 41956.5 0 0
43 154 35 41960.7 0 0
41 162 35 41964.9 0 0
42 160 35 41969.1 0 0
40 158 34 41973.3 0 0
44 167 34 41977.6 0 0
44 163 34 41981.8 0 0
41 164 34 41986 0 0
43 165 34 41990.2 0 0
41 165 34 41994.4 0 0
42 163 35 41998.6 0 0
39 161 34 42002.8 0 0
42 165 34 42007 0 0
43 165 33 42011.2 0 0
39 174 34 42015.4 0 0
44 160 34 42019.7 0 0
43 159 34 42023.9 0 0
42 161 34 42028.1 0 0
44 165 33 42032.3 0 0
44 163 34 42036.6 0 0
41 163 34 42040.8 0 0
41 164 34 42044.9 0 0
43 162 34 42049.2 0 0
45 163 33 42053.4 0 0
42 167 34 42057.6 0 0
41 165 34 42061.8 0 0
44 161 33 42066.1 0 0
43 168 33 42070.3 0 0
44 162 33 42074.5 0 0
45 164 33 42078.7 0 0
43 165 34 42082.9 0 0
43 164 33 42087.1 0 0
41 164 34 42091.4 0 0
40 166 34 42095.6 0 0
40 171 33 42099.8 0 0
43 173 34 42104 0 0
41 166 33 42108.2 0 0
43 161 33 42112.4 0 0
41 166 33 42116.7 0 0
40 163 34 42120.9 0 0
43 165 33 42125.1 0 0
41 165 33 42129.3 0 0
38 169 33 42133.5 0 0
43 163 33 42137.7 0 0
42 167 34 42141.9 0 0
41 169 33 42146.1 0 0
42 168 33 42150.3 0 0
42 163 33 42154.8 0 0
46 164 33 42159 0 0
41 163 34 42163.2 0 0
44 164 34 42167.4 0 0
40 165 33 42171.7 0 0
39 166 34 42175.9 0 0
39 167 34 42180.1 0 0
41 164 33 42184.3 0 0
40 158 33 42188.6 0 0
35 142 33 42192.8 0 0
30 146 32 42197 0 0
28 123 30 42201.2 0 0
22 117 31 42205.4 0 0
22 117 0 42209.6 0 0
22 117 0 42213.9 0 0
22 117 29 42218.1 0 0
22 117 30 42222.3 0 0
22 117 30 42226.5 0 0
22 117 30 42230.7 0 0
22 117 31 42234.9 0 0
22 117 31 42239.2 0 0
22 117 31 42243.4 0 0
22 117 31 42247.6 0 0
22 117 31 42251.8 0 0
22 117 32 42256 0 0
22 117 30 42260.2 0 0
22 117 32 42264.4 0 0
22 117 31 42268.6 0 0
22 117 31 42272.9 0 0
22 117 31 42277.1 0 0
22 117 31 42281.3 0 0
22 117 30 42285.5 0 0
22 117 30 42289.7 0 0
22 117 31 42293.9 0 0
22 117 31 42298.2 0 0
22 117 31 42302.4 0 0
22 117 31 42306.6 0 0
22 117 30 42310.8 0 0
22 117 30 42315 0 0
22 117 31 42319.2 0 0
22 117 31 42323.4 0 0
22 117 31 42327.7 0 0
22 117 31 42331.9 0 0
22 117 32 42336.1 0 0
22 117 31 42340.3 0 0
22 117 31 42344.6 0 0
22 117 31 42348.8 0 0
22 117 31 42352.9 0 0
22 117 31 42357.2 0 0
22 117 31 42361.4 0 0
22 117 32 42365.6 0 0
22 117 31 42369.8 0 0
22 117 31 42374.1 0 0
22 117 31 42378.2 0 0
22 117 31 42382.4 0 0
22 117 31 42386.7 0 0
22 117 32 42390.9 0 0
22 117 31 42395.1 0 0
22 117 0 42399.3 0 0
22 117 31 42403.8 0 0
22 66 31 42441.7 0 0
22 66 0 42445.9 0 0
44 100 33 42450.1 0 0
51 118 34 42454.3 0 0
61 133 34 42458.6 0 0
72 151 35 42462.8 0 0
83 159 35 42467 0 0
89 172 35 42471.2 0 0
99 179 34 42475.4 0 0
102 189 35 42479.6 0 0
106 197 35 42483.8 0 0
113 210 35 42488.1 0 0
111 215 36 42492.3 0 0
114 212 35 42496.5 0 0
110 202 36 42500.7 0 0
111 207 35 42504.9 0 0
112 208 35 42509.1 0 0
112 201 35 42513.4 0 0
112 204 35 42517.6 0 0
112 208 35 42521.8 0 0
112 208 35 42526 0 0
112 208 35 42530.2 0 0
113 209 36 42534.5 0 0
112 194 36 42538.7 0 0
111 213 35 42542.9 0 0
114 196 35 42547.1 0 0
116 205 35 42551.3 0 0
113 207 36 42555.5 0 0
108 207 35 42559.8 0 0
112 201 35 42564 0 0
112 209 35 42568.2 0 0
113 207 36 42572.4 0 0
109 205 35 42576.7 0 0
112 208 35 42580.9 0 0
112 202 36 42585.1 0 0
110 196 35 42589.3 0 0
111 201 35 42593.5 0 0
112 195 36 42597.7 0 0
111 206 35 42601.9 0 0
110 210 35 42606.1 0 0
110 209 36 42610.4 0 0
112 207 35 42614.6 0 0
114 207 35 42618.8 0 0
112 206 36 42623 0 0
109 203 36 42627.2 0 0
108 212 35 42631.4 0 0
112 188 36 42635.7 0 0
119 186 35 42639.9 0 0
124 179 36 42644.1 0 0
131 170 36 42648.4 0 0
132 178 36 42652.8 0 0
131 177 35 42657 0 0
130 181 36 42661.2 0 0
129 185 36 42665.4 0 0
128 181 36 42669.6 0 0
126 186 36 42673.8 0 0
129 182 36 42678.1 0 0
130 174 36 42682.3 0 0
129 169 35 42686.5 0 0
127 179 36 42690.7 0 0
129 178 36 42694.9 0 0
127 183 37 42699.1 0 0
130 180 36 42703.3 0 0
126 178 36 42707.5 0 0
129 179 36 42711.8 0 0
126 181 36 42716 0 0
126 181 0 42720.2 0 0
127 179 35 42724.4 0 0
125 179 35 42728.6 0 0
129 169 36 42732.8 0 0
128 179 36 42737 0 0
126 180 37 42741.2 0 0
129 180 37 42745.5 0 0
126 172 35 42749.7 0 0
125 178 35 42753.9 0 0
127 180 36 42758.1 0 0
124 178 36 42762.3 0 0
124 180 35 42766.5 0 0
130 176 36 42770.8 0 0
129 171 36 42775 0 0
127 185 36 42779.2 0 0
127 185 0 42783.4 0 0
129 180 36 42787.6 0 0
127 176 36 42791.8 0 0
130 184 35 42796 0 0
127 182 36 42800.3 0 0
128 184 36 42804.5 0 0
129 178 36 42808.7 0 0
129 181 36 42812.9 0 0
131 174 36 42817.1 0 0
127 179 36 42821.3 0 0
130 176 37 42825.5 0 0
126 180 36 42829.7 0 0
124 182 36 42834 0 0
127 182 37 42838.2 0 0
128 174 36 42842.4 0 0
127 175 37 42846.6 0 0
126 178 36 42850.8 0 0
126 179 36 42855 0 0
128 183 37 42859.2 0 0
126 178 36 42863.4 0 0
128 177 36 42867.7 0 0
127 182 36 42871.9 0 0
129 175 36 42876.1 0 0
129 177 36 42880.3 0 0
127 180 36 42884.5 0 0
130 173 36 42888.7 0 0
128 182 36 42892.9 0 0
128 179 37 42897.2 0 0
129 179 36 42901.4 0 0
128 188 36 42905.6 0 0
131 176 36 42910 0 0
131 176 35 42914.2 0 0
129 173 35 42918.4 0 0
130 168 35 42922.6 0 0
124 184 35 42926.8 0 0
130 177 36 42931.1 0 0
128 174 36 42935.3 0 0
130 172 36 42939.5 0 0
128 177 36 42943.7 0 0
129 170 36 42947.9 0 0
126 174 36 42952.1 0 0
129 172 36 42956.4 0 0
128 171 36 42960.6 0 0
129 172 35 42964.8 0 0
130 168 36 42969 0 0
129 176 35 42973.2 0 0
129 176 35 42977.4 0 0
127 175 35 42981.6 0 0
129 175 36 42985.8 0 0
129 169 36 42990.1 0 0
130 176 35 42994.3 0 0
129 172 35 42998.5 0 0
130 187 35 43002.7 0 0
129 183 36 43006.9 0 0
133 181 35 43011.1 0 0
133 177 36 43015.3 0 0
130 176 35 43019.6 0 0
127 175 35 43023.8 0 0
132 178 35 43028 0 0
130 178 34 43032.2 0 0
131 175 35 43036.4 0 0
129 179 35 43040.6 0 0
130 175 35 43044.8 0 0
132 173 34 43049 0 0
132 171 34 43053.2 0 0
131 174 35 43057.5 0 0
132 168 35 43061.7 0 0
131 176 34 43065.9 0 0
131 180 34 43070.1 0 0
132 168 34 43074.3 0 0
131 178 35 43078.5 0 0
128 179 35 43082.8 0 0
131 176 34 43087 0 0
131 174 35 43091.2 0 0
131 173 34 43095.4 0 0
128 182 34 43099.6 0 0
129 182 34 43103.8 0 0
131 184 33 43108 0 0
130 188 33 43112.3 0 0
133 178 35 43116.5 0 0
129 184 34 43120.8 0 0
132 176 34 43125 0 0
131 182 33 43129.2 0 0
133 182 32 43133.4 0 0
129 187 34 43137.6 0 0
130 183 32 43141.8 0 0
131 193 33 43146.1 0 0
132 189 32 43150.3 0 0
135 182 35 43154.6 0 0
131 178 32 43158.8 0 0
137 183 33 43163 0 0
130 189 33 43167.2 0 0
131 178 33 43171.4 0 0
134 179 33 43175.6 0 0
135 183 32 43179.9 0 0
132 187 32 43184.1 0 0
134 178 33 43188.3 0 0
128 195 33 43192.5 0 0
137 186 33 43196.7 0 0
130 190 33 43200.9 0 0
132 201 32 43205.1 0 0
130 181 34 43209.3 0 0
130 192 33 43213.6 0 0
136 185 32 43217.8 0 0
133 206 33 43222 0 0
137 198 32 43226.2 0 0
130 187 32 43230.4 0 0
135 205 32 43234.6 0 0
132 206 31 43238.9 0 0
126 197 32 43243.1 0 0
118 186 32 43247.3 0 0
118 190 32 43251.5 0 0
110 203 32 43255.8 0 0
110 203 0 43259.9 0 0
99 213 32 43264.2 0 0
97 212 31 43269.2 0 0
95 203 31 43273.5 0 0
97 202 33 43277.7 0 0
97 204 31 43281.9 0 0
96 198 31 43286.1 0 0
96 198 0 43290.3 0 0
92 203 30 43294.6 0 0
95 209 32 43298.8 0 0
95 209 0 43303 0 0
94 202 32 43307.2 0 0
94 202 0 43311.4 0 0
102 201 31 43315.6 0 0
100 216 31 43319.8 0 0
99 201 31 43324 0 0
99 201 0 43328.2 0 0
97 204 31 43332.5 0 0
94 213 30 43336.7 0 0
95 211 32 43340.9 0 0
95 202 32 43345.1 0 0
98 201 31 43349.3 0 0
96 227 30 43353.5 0 0
96 227 0 43357.7 0 0
99 200 30 43361.9 0 0
93 214 31 43366.2 0 0
98 196 31 43370.5 0 0
98 196 0 43374.7 0 0
94 201 31 43378.9 0 0
94 201 0 43383.1 0 0
93 214 31 43387.3 0 0
93 199 32 43391.5 0 0
86 191 32 43395.8 0 0
83 182 32 43400 0 0
76 177 32 43404.4 0 0
77 187 32 43408.6 0 0
76 190 31 43412.8 0 0
74 200 31 43417 0 0
73 182 31 43421.2 0 0
67 188 31 43425.5 0 0
66 176 31 43429.7 0 0
67 180 32 43433.9 0 0
71 180 31 43438.1 0 0
71 183 31 43442.3 0 0
66 188 31 43446.5 0 0
63 160 31 43450.7 0 0
66 156 30 43454.9 0 0
67 140 32 43459.2 0 0
67 140 30 43463.4 0 0
67 140 31 43467.6 0 0
67 140 31 43471.8 0 0
67 140 31 43476 0 0
67 140 30 43480.2 0 0
67 140 31 43484.4 0 0
67 140 30 43488.7 0 0
67 140 31 43492.9 0 0
67 140 31 43497.1 0 0
67 140 32 43501.3 0 0
67 140 32 43505.5 0 0
67 140 31 43509.7 0 0
67 140 33 43513.9 0 0
67 140 32 43518.2 0 0
54 128 33 43522.4 0 0
52 139 32 43526.6 0 0
53 133 32 43530.8 0 0
51 133 31 43535 0 0
51 137 32 43539.2 0 0
45 147 32 43543.4 0 0
53 139 32 43547.6 0 0
51 145 32 43551.9 0 0
52 144 32 43556.1 0 0
51 139 31 43560.3 0 0
51 138 32 43564.5 0 0
52 143 33 43568.8 0 0
50 142 32 43573 0 0
49 134 32 43577.2 0 0
47 140 32 43581.4 0 0
45 150 32 43585.6 0 0
47 142 32 43589.9 0 0
50 140 32 43594.1 0 0
50 138 32 43598.3 0 0
46 134 33 43602.5 0 0
47 140 32 43606.7 0 0
47 145 32 43610.9 0 0
52 138 32 43615.2 0 0
52 138 0 43619.4 0 0
52 138 0 43623.6 0 0
52 138 31 43627.8 0 0
52 138 30 43632 0 0
52 138 30 43636.2 0 0
52 138 30 43640.4 0 0
52 138 30 43644.7 0 0
52 138 32 43648.9 0 0
52 138 31 43653.1 0 0
52 138 32 43657.3 0 0
52 138 33 43661.5 0 0
52 138 32 43665.7 0 0
52 138 32 43669.9 0 0
52 138 32 43674.2 0 0
52 138 33 43678.4 0 0
52 138 32 43682.7 0 0
52 138 32 43686.9 0 0
52 138 32 43691.1 0 0
52 138 32 43695.3 0 0
52 138 32 43699.5 0 0
52 138 32 43703.7 0 0
52 138 32 43707.9 0 0
52 138 32 43712.2 0 0
52 138 32 43716.4 0 0
52 138 32 43720.6 0 0
52 138 32 43724.8 0 0
52 138 32 43729 0 0
52 138 32 43733.2 0 0
52 138 32 43737.4 0 0
52 138 32 43741.6 0 0
52 138 32 43745.8 0 0
52 138 32 43750.1 0 0
52 138 32 43754.3 0 0
52 138 32 43758.5 0 0
52 138 31 43762.7 0 0
52 138 31 43766.9 0 0
52 138 32 43771.2 0 0
52 138 32 43775.4 0 0
45 79 32 43779.6 0 0
45 79 0 43783.8 0 0
42 77 31 43788 0 0
42 83 32 43792.2 0 0
42 79 32 43796.4 0 0
43 80 32 43800.7 0 0
40 84 32 43804.9 0 0
43 82 32 43809.1 0 0
42 80 31 43813.3 0 0
39 86 32 43817.5 0 0
43 76 32 43821.7 0 0
42 82 32 43825.9 0 0
41 80 32 43830.1 0 0
43 76 32 43834.4 0 0
43 76 32 43838.6 0 0
43 81 32 43842.8 0 0
38 77 32 43847 0 0
39 77 32 43851.2 0 0
34 74 32 43855.4 0 0
34 76 32 43859.6 0 0
34 77 32 43863.9 0 0
34 75 31 43868.1 0 0
34 74 33 43872.3 0 0
32 75 32 43876.5 0 0
29 76 32 43880.7 0 0
33 70 32 43884.9 0 0
32 75 32 43889.2 0 0
31 71 31 43893.4 0 0
29 75 32 43897.6 0 0
30 75 32 43901.8 0 0
29 71 32 43906 0 0
29 71 32 43910.2 0 0
29 71 0 43914.4 0 0
26 75 32 43918.7 0 0
27 72 32 43922.9 0 0
29 72 32 43927.1 0 0
24 70 32 43931.3 0 0
29 74 32 43935.5 0 0
29 71 32 43939.7 0 0
30 66 32 43943.9 0 0
29 69 32 43948.1 0 0
30 68 32 43952.3 0 0
28 69 32 43956.6 0 0
29 69 32 43960.8 0 0
30 67 32 43965 0 0
29 67 32 43969.2 0 0
30 68 32 43973.4 0 0
30 68 32 43977.6 0 0
27 69 33 43981.8 0 0
30 67 32 43986.1 0 0
29 70 33 43990.3 0 0
29 70 32 43994.5 0 0
30 69 33 43998.8 0 0
29 68 33 44003 0 0
29 68 33 44007.2 0 0
28 67 33 44011.4 0 0
29 70 33 44015.6 0 0
27 69 32 44019.8 0 0
28 64 33 44024.1 0 0
27 69 32 44028.3 0 0
27 68 32 44032.5 0 0
29 70 32 44036.7 0 0
27 70 32 44040.9 0 0
27 67 32 44045.2 0 0
28 68 32 44049.4 0 0
30 67 32 44053.6 0 0
