110 119 51 34044.1 0 0
109 120 51 34048.3 0 0
110 117 51 34052.5 0 0
111 119 51 34056.7 0 0
111 121 51 34060.9 0 0
112 116 51 34065.1 0 0
112 121 51 34069.3 0 0
112 118 51 34073.5 0 0
113 119 51 34077.7 0 0
111 118 51 34082 0 0
111 118 51 34086.2 0 0
111 119 51 34090.4 0 0
110 120 51 34094.6 0 0
110 120 51 34098.8 0 0
112 119 51 34103 0 0
112 116 51 34107.2 0 0
107 119 51 34111.4 0 0
108 120 51 34115.6 0 0
112 118 51 34119.9 0 0
108 119 51 34124.1 0 0
110 118 51 34128.3 0 0
108 120 51 34132.5 0 0
104 129 51 34136.7 0 0
88 152 51 34140.9 0 0
54 185 50 34145.1 0 0
8 213 49 34149.3 0 0
17 200 49 34204.4 0 0
38 185 50 34208.6 0 0
52 168 51 34212.8 0 0
68 154 51 34217.1 0 0
79 140 51 34221.3 0 0
91 121 51 34225.5 0 0
91 115 51 34229.7 0 0
97 99 51 34233.9 0 0
101 90 51 34238.1 0 0
99 85 51 34242.3 0 0
103 85 51 34246.6 0 0
100 88 51 34250.8 0 0
102 85 51 34255 0 0
101 87 52 34259.2 0 0
99 85 52 34263.4 0 0
98 89 51 34267.6 0 0
101 84 52 34271.8 0 0
101 82 51 34276.1 0 0
101 85 51 34280.3 0 0
101 85 0 34284.5 0 0
99 87 51 34288.7 0 0
100 88 52 34292.9 0 0
101 87 52 34297.1 0 0
101 84 51 34301.3 0 0
98 85 52 34305.5 0 0
99 85 52 34309.8 0 0
100 85 52 34314 0 0
99 85 51 34318.2 0 0
100 85 52 34322.4 0 0
99 85 52 34326.6 0 0
100 86 51 34330.8 0 0
100 85 52 34335 0 0
102 89 52 34339.2 0 0
98 85 52 34343.5 0 0
100 87 52 34347.7 0 0
99 85 52 34351.9 0 0
100 86 52 34356.1 0 0
99 86 52 34360.3 0 0
103 87 52 34364.5 0 0
104 87 52 34368.7 0 0
100 85 51 34372.9 0 0
99 88 52 34377.2 0 0
99 88 52 34381.4 0 0
102 88 52 34385.6 0 0
101 85 52 34389.8 0 0
100 85 52 34394 0 0
101 87 52 34398.2 0 0
101 86 52 34403.1 0 0
99 87 52 34407.3 0 0
102 88 51 34411.5 0 0
101 87 52 34415.7 0 0
100 84 51 34419.9 0 0
100 86 51 34424.1 0 0
101 87 51 34428.3 0 0
100 87 51 34432.6 0 0
99 89 52 34436.8 0 0
99 85 51 34441 0 0
99 88 51 34445.2 0 0
102 89 51 34449.4 0 0
100 88 51 34453.6 0 0
104 85 51 34457.8 0 0
99 84 51 34462.1 0 0
101 84 51 34466.3 0 0
101 85 51 34470.5 0 0
100 82 51 34474.7 0 0
103 87 50 34478.9 0 0
99 85 50 34483.1 0 0
100 84 50 34487.3 0 0
99 81 50 34491.6 0 0
100 84 50 34495.8 0 0
105 80 50 34500 0 0
98 82 50 34504.2 0 0
102 79 50 34508.4 0 0
102 82 50 34512.6 0 0
99 82 49 34516.8 0 0
101 81 49 34521.1 0 0
98 88 49 34525.3 0 0
97 83 49 34530.4 0 0
101 79 49 34534.6 0 0
97 80 49 34538.8 0 0
98 79 49 34543 0 0
101 80 49 34547.2 0 0
99 81 49 34551.4 0 0
101 80 48 34555.7 0 0
103 81 48 34559.9 0 0
101 81 48 34564.1 0 0
101 79 48 34568.3 0 0
97 84 49 34572.5 0 0
100 81 48 34576.7 0 0
100 80 48 34580.9 0 0
95 79 48 34585.2 0 0
100 81 48 34589.4 0 0
101 79 48 34593.6 0 0
100 81 48 34597.8 0 0
101 78 48 34602 0 0
101 79 48 34606.3 0 0
102 82 47 34610.5 0 0
103 83 47 34617.3 0 0
100 79 48 34621.6 0 0
104 83 47 34625.8 0 0
99 81 47 34630 0 0
96 83 47 34634.2 0 0
104 89 47 34638.4 0 0
109 88 48 34642.7 0 0
111 96 47 34646.9 0 0
117 100 47 34651.1 0 0
119 109 47 34655.3 0 0
121 110 47 34659.6 0 0
123 115 47 34663.8 0 0
118 121 47 34668 0 0
121 120 47 34672.2 0 0
120 118 47 34676.4 0 0
120 119 46 34680.7 0 0
119 119 46 34684.9 0 0
127 115 47 34689.5 0 0
121 118 46 34693.7 0 0
118 121 46 34700.7 0 0
121 119 46 34704.9 0 0
127 116 46 34709.1 0 0
119 120 47 34713.4 0 0
122 116 46 34717.6 0 0
123 118 47 34721.8 0 0
122 119 46 34726 0 0
124 116 46 34730.2 0 0
122 119 47 34734.4 0 0
121 118 46 34738.7 0 0
120 117 46 34742.9 0 0
118 120 46 34747.1 0 0
123 117 46 34751.3 0 0
124 117 46 34755.5 0 0
122 118 46 34759.7 0 0
124 116 46 34763.9 0 0
119 120 46 34768.2 0 0
120 119 46 34772.4 0 0
121 119 46 34776.6 0 0
119 119 46 34780.8 0 0
122 119 46 34785 0 0
120 119 46 34789.2 0 0
120 120 46 34793.4 0 0
119 119 46 34797.6 0 0
120 120 46 34801.8 0 0
122 119 46 34806.1 0 0
119 119 46 34813.1 0 0
122 119 46 34817.3 0 0
120 119 46 34821.5 0 0
121 120 46 34825.7 0 0
122 119 46 34829.9 0 0
124 120 46 34834.2 0 0
120 121 46 34838.4 0 0
120 119 46 34842.6 0 0
121 119 46 34846.9 0 0
122 117 46 34851.1 0 0
118 122 46 34855.3 0 0
126 119 46 34859.5 0 0
119 119 46 34863.7 0 0
122 119 46 34867.9 0 0
120 119 46 34872.1 0 0
122 122 46 34876.3 0 0
123 117 46 34880.6 0 0
123 117 0 34884.8 0 0
119 127 46 34889 0 0
115 139 46 34893.2 0 0
111 147 46 34897.4 0 0
103 155 46 34901.7 0 0
83 173 46 34905.9 0 0
83 173 46 34917 0 0
79 176 47 34922.9 0 0
86 170 46 34927.1 0 0
85 173 46 34933.8 0 0
84 169 46 34938 0 0
81 174 46 34942.2 0 0
77 175 46 34946.5 0 0
78 179 46 34950.7 0 0
76 178 47 34954.9 0 0
79 175 46 34959.1 0 0
77 177 47 34963.3 0 0
81 175 47 34967.6 0 0
78 179 46 34971.8 0 0
79 177 47 34976 0 0
82 174 47 34980.2 0 0
81 175 47 34984.4 0 0
85 175 47 34988.6 0 0
85 174 47 34992.8 0 0
81 177 47 34997.1 0 0
79 176 47 35001.3 0 0
80 178 47 35005.5 0 0
82 177 47 35009.7 0 0
82 175 47 35013.9 0 0
80 175 47 35018.1 0 0
71 179 47 35022.3 0 0
77 178 47 35026.6 0 0
80 178 47 35030.8 0 0
86 173 47 35035 0 0
82 177 47 35042.1 0 0
80 177 47 35046.3 0 0
88 172 47 35050.6 0 0
79 178 47 35054.8 0 0
86 171 47 35059 0 0
79 177 47 35063.2 0 0
83 175 47 35067.4 0 0
85 175 47 35071.6 0 0
80 177 47 35075.9 0 0
84 171 47 35080.1 0 0
82 176 47 35084.3 0 0
79 176 47 35088.5 0 0
89 171 47 35092.8 0 0
75 180 47 35097 0 0
88 172 47 35101.2 0 0
84 173 47 35105.4 0 0
78 177 47 35109.6 0 0
86 173 47 35113.8 0 0
81 176 47 35118.1 0 0
82 175 47 35122.3 0 0
80 179 47 35126.5 0 0
82 176 47 35130.7 0 0
82 176 47 35134.9 0 0
83 176 47 35141.6 0 0
86 171 47 35145.8 0 0
80 175 47 35150.1 0 0
80 178 47 35154.3 0 0
87 171 47 35158.6 0 0
79 177 47 35162.8 0 0
78 174 47 35167 0 0
80 175 47 35171.2 0 0
74 179 47 35175.5 0 0
84 175 47 35179.7 0 0
77 179 47 35183.9 0 0
77 176 47 35188.1 0 0
78 179 47 35192.3 0 0
79 177 47 35196.6 0 0
79 176 47 35200.8 0 0
80 177 47 35205 0 0
84 172 47 35209.2 0 0
81 175 47 35213.4 0 0
93 167 47 35217.6 0 0
102 157 47 35221.8 0 0
106 157 47 35226 0 0
115 145 47 35230.2 0 0
117 139 47 35234.4 0 0
120 140 47 35238.7 0 0
113 141 47 35242.9 0 0
119 139 47 35247.1 0 0
114 142 47 35251.3 0 0
118 140 47 35255.5 0 0
116 142 47 35259.7 0 0
113 147 48 35263.9 0 0
111 149 48 35268.2 0 0
122 138 47 35272.4 0 0
119 140 47 35276.6 0 0
109 147 48 35280.8 0 0
118 140 48 35285 0 0
116 144 48 35289.2 0 0
114 143 48 35293.4 0 0
117 143 48 35297.6 0 0
118 136 47 35301.8 0 0
117 141 48 35306.1 0 0
118 137 47 35310.3 0 0
115 143 48 35314.5 0 0
115 144 48 35318.8 0 0
114 143 48 35323 0 0
116 143 48 35327.2 0 0
116 141 48 35331.4 0 0
112 143 48 35335.6 0 0
113 144 48 35339.8 0 0
116 142 48 35344 0 0
112 144 48 35348.2 0 0
116 140 48 35352.5 0 0
117 142 48 35356.7 0 0
113 146 48 35360.9 0 0
114 141 48 35365.1 0 0
117 141 48 35369.3 0 0
114 143 48 35373.6 0 0
116 140 48 35377.8 0 0
117 142 48 35382 0 0
119 139 48 35386.2 0 0
117 141 48 35390.4 0 0
120 138 48 35394.6 0 0
121 137 48 35398.8 0 0
113 141 48 35403.2 0 0
120 139 48 35407.4 0 0
116 139 48 35411.6 0 0
118 143 48 35415.8 0 0
119 138 48 35420 0 0
118 139 48 35424.2 0 0
119 136 48 35428.5 0 0
116 138 48 35432.7 0 0
119 143 48 35438 0 0
119 138 48 35442.3 0 0
118 139 48 35446.5 0 0
117 138 48 35450.7 0 0
119 137 48 35454.9 0 0
120 136 48 35459.1 0 0
119 138 48 35463.3 0 0
117 138 48 35467.6 0 0
115 140 48 35471.8 0 0
117 140 48 35476 0 0
120 137 48 35480.2 0 0
115 139 48 35484.4 0 0
118 140 48 35488.6 0 0
120 137 48 35492.8 0 0
120 137 48 35497.5 0 0
116 140 48 35501.7 0 0
118 139 48 35505.9 0 0
119 140 48 35510.1 0 0
118 137 48 35514.3 0 0
117 137 48 35518.6 0 0
119 139 48 35522.8 0 0
116 139 48 35527 0 0
117 139 48 35531.2 0 0
119 140 48 35535.4 0 0
118 138 48 35539.6 0 0
121 136 48 35543.9 0 0
119 139 48 35548.2 0 0
118 139 48 35552.4 0 0
118 140 49 35556.6 0 0
120 137 48 35560.9 0 0
117 136 48 35565.1 0 0
120 138 48 35569.3 0 0
117 137 48 35573.5 0 0
120 135 48 35577.7 0 0
120 135 48 35581.9 0 0
123 129 48 35586.1 0 0
131 128 48 35590.6 0 0
128 126 48 35594.8 0 0
128 122 48 35599 0 0
128 122 48 35603.2 0 0
128 123 49 35607.4 0 0
129 125 49 35611.6 0 0
127 125 48 35615.9 0 0
129 121 48 35620.1 0 0
127 124 48 35624.3 0 0
123 129 49 35628.6 0 0
128 122 48 35632.8 0 0
129 123 49 35636.9 0 0
124 126 49 35641.2 0 0
125 124 48 35645.4 0 0
125 123 48 35649.6 0 0
126 125 49 35653.8 0 0
128 122 48 35658.1 0 0
126 125 49 35662.3 0 0
133 121 48 35666.5 0 0
128 123 49 35670.8 0 0
126 126 49 35675 0 0
128 122 48 35679.2 0 0
127 121 49 35683.4 0 0
128 123 49 35687.6 0 0
126 123 48 35691.8 0 0
128 122 49 35696 0 0
128 122 49 35700.2 0 0
130 122 49 35704.4 0 0
126 124 48 35708.7 0 0
126 123 48 35713 0 0
127 123 48 35717.2 0 0
126 124 49 35721.4 0 0
125 124 49 35725.6 0 0
127 124 49 35729.8 0 0
130 124 48 35734.1 0 0
129 119 48 35738.3 0 0
127 121 48 35742.5 0 0
129 110 49 35746.7 0 0
119 107 49 35750.9 0 0
121 98 49 35755.1 0 0
113 91 49 35759.3 0 0
107 73 50 35763.5 0 0
101 63 49 35767.8 0 0
98 69 49 35772 0 0
98 66 49 35776.2 0 0
98 68 49 35780.4 0 0
99 67 49 35784.6 0 0
97 67 49 35788.8 0 0
99 67 50 35793 0 0
97 68 49 35797.2 0 0
95 67 49 35801.4 0 0
96 67 49 35805.7 0 0
98 67 49 35809.9 0 0
96 67 49 35814.2 0 0
93 68 49 35818.3 0 0
97 69 49 35822.6 0 0
96 67 49 35826.8 0 0
95 65 49 35831 0 0
99 67 49 35835.2 0 0
95 67 49 35839.4 0 0
97 68 49 35843.6 0 0
97 65 49 35847.9 0 0
96 69 49 35852.1 0 0
100 66 49 35856.3 0 0
96 64 49 35860.5 0 0
99 67 49 35864.7 0 0
93 66 49 35869 0 0
99 67 49 35873.2 0 0
93 67 49 35877.4 0 0
95 67 49 35881.6 0 0
99 66 49 35885.8 0 0
96 65 49 35890 0 0
97 62 50 35894.3 0 0
95 64 50 35898.5 0 0
94 65 49 35902.7 0 0
98 65 49 35906.9 0 0
96 64 50 35911.1 0 0
92 62 50 35915.3 0 0
94 65 50 35919.6 0 0
95 63 49 35923.8 0 0
96 63 50 35928 0 0
96 65 49 35932.2 0 0
93 59 49 35936.5 0 0
93 60 49 35940.7 0 0
96 67 49 35944.9 0 0
96 63 50 35949.1 0 0
96 65 50 35953.3 0 0
96 62 49 35957.5 0 0
97 62 50 35961.8 0 0
97 66 49 35966 0 0
93 63 50 35970.2 0 0
96 63 49 35974.5 0 0
91 65 49 35978.7 0 0
96 62 50 35982.9 0 0
98 65 50 35987.1 0 0
96 65 49 35991.3 0 0
95 64 49 35995.5 0 0
96 65 50 35999.8 0 0
96 63 50 36004 0 0
95 66 49 36008.2 0 0
95 66 49 36012.7 0 0
97 67 49 36016.9 0 0
94 61 49 36021.1 0 0
98 62 50 36025.4 0 0
93 66 49 36029.6 0 0
99 67 50 36033.8 0 0
99 67 49 36038 0 0
96 64 49 36042.2 0 0
102 66 49 36046.4 0 0
97 68 49 36050.6 0 0
96 66 50 36054.8 0 0
98 69 49 36059.1 0 0
95 65 49 36063.3 0 0
97 67 49 36067.5 0 0
97 65 50 36071.7 0 0
100 69 49 36075.9 0 0
96 65 49 36080.1 0 0
96 65 49 36084.3 0 0
100 66 49 36088.6 0 0
94 63 49 36092.8 0 0
99 65 49 36097 0 0
95 67 49 36101.2 0 0
96 63 49 36105.4 0 0
98 67 49 36109.6 0 0
95 67 49 36113.8 0 0
98 67 49 36118.1 0 0
98 67 0 36122.3 0 0
97 78 49 36126.5 0 0
106 86 49 36130.7 0 0
107 94 49 36134.9 0 0
107 104 49 36139.1 0 0
107 116 49 36143.3 0 0
103 133 49 36147.6 0 0
100 137 49 36151.8 0 0
99 143 49 36156 0 0
95 153 49 36160.2 0 0
85 163 49 36164.4 0 0
85 169 49 36168.6 0 0
73 183 49 36172.9 0 0
66 190 49 36177.1 0 0
60 196 49 36181.4 0 0
62 192 48 36185.6 0 0
71 186 49 36189.8 0 0
69 189 49 36194 0 0
72 186 48 36198.2 0 0
68 186 48 36202.4 0 0
73 187 49 36206.7 0 0
73 187 49 36210.9 0 0
71 187 48 36215.1 0 0
65 188 49 36219.3 0 0
70 187 49 36223.6 0 0
71 186 48 36227.8 0 0
69 189 49 36231.9 0 0
68 188 49 36236.2 0 0
69 188 48 36240.4 0 0
67 189 48 36244.6 0 0
60 194 48 36248.9 0 0
67 190 48 36253.1 0 0
72 187 48 36257.3 0 0
72 188 49 36261.5 0 0
73 185 49 36265.7 0 0
60 194 49 36269.9 0 0
69 190 48 36274.2 0 0
59 196 48 36278.5 0 0
57 195 49 36282.7 0 0
63 194 49 36286.9 0 0
67 189 48 36291.1 0 0
68 190 49 36295.3 0 0
71 188 48 36299.5 0 0
56 197 49 36303.7 0 0
62 194 49 36308 0 0
60 195 48 36312.2 0 0
55 199 49 36316.4 0 0
59 196 49 36320.6 0 0
56 197 49 36324.8 0 0
65 192 49 36329 0 0
61 196 49 36333.2 0 0
71 188 49 36337.5 0 0
71 188 48 36341.7 0 0
57 197 48 36345.9 0 0
70 188 49 36350.1 0 0
67 189 49 36354.3 0 0
55 198 49 36358.6 0 0
63 194 49 36362.8 0 0
60 196 49 36367 0 0
69 187 49 36371.2 0 0
67 191 49 36375.4 0 0
60 196 49 36379.7 0 0
58 198 49 36383.9 0 0
56 197 49 36388.1 0 0
69 187 49 36392.3 0 0
58 196 49 36396.5 0 0
56 197 49 36400.7 0 0
60 196 49 36405 0 0
70 188 49 36409.2 0 0
68 188 49 36413.4 0 0
66 189 49 36417.6 0 0
71 188 49 36421.8 0 0
72 186 49 36426 0 0
71 188 49 36430.2 0 0
69 186 49 36434.4 0 0
65 192 49 36438.7 0 0
64 192 49 36442.9 0 0
72 186 49 36447.1 0 0
70 189 49 36451.3 0 0
70 187 49 36455.5 0 0
59 195 49 36459.7 0 0
53 198 49 36463.9 0 0
60 194 49 36468.2 0 0
61 196 49 36472.4 0 0
61 196 49 36476.6 0 0
71 186 49 36480.8 0 0
59 196 49 36485 0 0
57 196 49 36489.2 0 0
62 194 49 36493.4 0 0
57 197 49 36497.7 0 0
65 192 49 36501.9 0 0
41 207 49 36506.1 0 0
6 224 49 36510.3 0 0
18 219 48 36619.9 0 0
49 202 49 36624.1 0 0
61 193 49 36628.4 0 0
76 183 49 36632.6 0 0
83 176 49 36636.8 0 0
89 172 49 36641 0 0
96 169 49 36645.4 0 0
97 160 49 36649.6 0 0
95 167 49 36653.8 0 0
94 166 49 36658 0 0
94 166 49 36662.3 0 0
95 167 49 36666.5 0 0
96 165 49 36670.7 0 0
96 166 49 36674.9 0 0
96 167 49 36679.1 0 0
93 167 49 36683.4 0 0
97 166 49 36687.6 0 0
98 163 49 36691.8 0 0
95 166 49 36696 0 0
92 166 49 36700.2 0 0
98 165 49 36704.5 0 0
98 165 49 36708.7 0 0
96 166 49 36712.9 0 0
100 163 49 36717.1 0 0
96 165 49 36721.3 0 0
98 165 49 36725.6 0 0
98 162 49 36729.8 0 0
97 166 49 36734 0 0
98 162 49 36738.2 0 0
95 166 49 36742.4 0 0
98 166 49 36746.6 0 0
98 163 49 36750.8 0 0
96 167 49 36755.1 0 0
98 164 49 36759.3 0 0
97 163 49 36763.5 0 0
96 167 49 36767.7 0 0
99 157 49 36771.9 0 0
99 165 49 36776.1 0 0
95 166 49 36780.4 0 0
98 162 49 36784.6 0 0
95 166 49 36788.8 0 0
98 164 49 36793 0 0
102 156 49 36797.2 0 0
101 159 49 36801.4 0 0
102 157 49 36805.6 0 0
98 161 49 36809.8 0 0
104 157 49 36814.1 0 0
98 158 49 36818.3 0 0
101 159 49 36822.5 0 0
101 157 49 36826.7 0 0
103 157 48 36830.9 0 0
105 156 49 36835.2 0 0
100 158 49 36839.4 0 0
104 156 49 36843.6 0 0
97 161 49 36847.8 0 0
102 159 48 36852 0 0
99 158 48 36856.2 0 0
102 158 49 36860.4 0 0
99 158 49 36864.6 0 0
100 159 48 36868.9 0 0
102 158 49 36873.1 0 0
104 159 49 36877.3 0 0
98 162 49 36881.5 0 0
98 162 48 36885.8 0 0
100 161 49 36889.9 0 0
97 161 48 36894.2 0 0
101 162 49 36898.4 0 0
98 163 49 36902.6 0 0
99 161 49 36906.8 0 0
102 160 49 36911.1 0 0
98 161 49 36915.3 0 0
96 165 49 36919.5 0 0
91 166 49 36923.7 0 0
94 165 49 36927.9 0 0
82 176 48 36932.2 0 0
84 177 49 36936.4 0 0
93 163 49 36940.7 0 0
95 166 49 36944.9 0 0
71 184 48 36949.1 0 0
85 174 49 36953.3 0 0
90 166 48 36957.5 0 0
80 177 48 36961.7 0 0
99 158 48 36966 0 0
95 165 49 36970.2 0 0
94 162 49 36974.4 0 0
97 161 48 36978.6 0 0
91 164 48 36982.8 0 0
102 157 49 36987 0 0
101 157 48 36991.2 0 0
103 157 49 36995.5 0 0
100 159 49 36999.7 0 0
99 160 48 37004.1 0 0
100 160 49 37008.3 0 0
103 156 49 37012.5 0 0
101 157 48 37016.7 0 0
100 157 49 37020.9 0 0
100 156 49 37025.2 0 0
98 159 49 37029.4 0 0
98 159 48 37033.7 0 0
101 156 49 37037.9 0 0
101 158 48 37042.1 0 0
103 157 49 37046.3 0 0
103 156 48 37050.5 0 0
102 156 49 37054.7 0 0
102 157 49 37058.9 0 0
93 166 49 37063.1 0 0
101 158 49 37067.4 0 0
101 156 49 37071.6 0 0
99 158 49 37075.8 0 0
102 157 49 37080 0 0
97 162 49 37084.2 0 0
97 162 0 37088.4 0 0
90 165 49 37092.6 0 0
75 181 48 37096.8 0 0
17 220 48 37101 0 0
11 222 48 37248.9 0 0
35 207 49 37253.2 0 0
60 191 49 37257.4 0 0
77 180 49 37261.6 0 0
87 171 49 37265.8 0 0
97 163 49 37270 0 0
109 150 49 37274.2 0 0
112 148 49 37278.5 0 0
114 142 50 37282.7 0 0
112 144 50 37286.9 0 0
116 138 50 37291.1 0 0
117 141 50 37295.3 0 0
116 140 49 37299.5 0 0
117 138 49 37303.7 0 0
117 138 49 37308 0 0
115 138 49 37312.2 0 0
117 136 50 37316.4 0 0
120 135 50 37320.6 0 0
118 139 49 37324.8 0 0
121 136 50 37329 0 0
116 137 49 37333.2 0 0
118 137 49 37337.5 0 0
119 135 50 37341.7 0 0
118 137 50 37345.9 0 0
118 138 50 37350.1 0 0
121 135 50 37354.3 0 0
117 137 49 37358.5 0 0
119 136 50 37362.7 0 0
119 135 50 37366.9 0 0
117 139 50 37371.2 0 0
120 136 49 37375.4 0 0
117 137 49 37379.6 0 0
119 135 49 37383.8 0 0
122 134 49 37388 0 0
120 135 50 37392.2 0 0
117 137 50 37396.4 0 0
121 137 50 37400.7 0 0
117 136 50 37404.9 0 0
119 135 50 37409.1 0 0
121 138 50 37413.3 0 0
122 134 50 37417.5 0 0
122 133 50 37421.7 0 0
123 132 50 37425.9 0 0
122 134 50 37430.1 0 0
121 136 50 37434.4 0 0
121 135 50 37438.6 0 0
121 135 50 37442.8 0 0
122 135 50 37447 0 0
121 135 50 37451.2 0 0
121 135 50 37455.4 0 0
122 134 50 37459.6 0 0
121 135 50 37463.9 0 0
121 135 50 37468.1 0 0
121 135 50 37472.3 0 0
122 133 50 37476.6 0 0
122 137 50 37480.8 0 0
122 135 50 37485 0 0
118 136 50 37489.2 0 0
122 135 50 37493.5 0 0
121 134 50 37497.7 0 0
118 135 50 37501.9 0 0
122 136 49 37506.2 0 0
121 135 50 37510.4 0 0
121 134 50 37514.6 0 0
122 134 50 37518.8 0 0
123 136 50 37523 0 0
124 135 50 37527.2 0 0
121 136 50 37531.5 0 0
122 136 50 37535.7 0 0
122 135 49 37539.9 0 0
122 135 50 37544.1 0 0
120 136 50 37548.3 0 0
121 134 50 37552.5 0 0
120 135 50 37556.8 0 0
120 136 50 37561 0 0
123 135 50 37565.2 0 0
119 133 50 37569.4 0 0
123 136 49 37573.6 0 0
118 136 50 37577.8 0 0
121 134 50 37582 0 0
118 138 50 37586.2 0 0
120 140 50 37590.4 0 0
113 147 49 37594.7 0 0
110 150 50 37598.9 0 0
113 145 50 37603.1 0 0
107 151 50 37607.3 0 0
115 146 49 37611.5 0 0
113 148 50 37615.7 0 0
115 145 50 37619.9 0 0
114 145 50 37624.2 0 0
113 145 49 37628.4 0 0
116 142 50 37632.6 0 0
116 142 50 37636.8 0 0
109 147 50 37641.6 0 0
115 141 49 37647.8 0 0
116 142 50 37652.1 0 0
117 141 50 37656.3 0 0
115 140 50 37660.5 0 0
121 138 50 37664.7 0 0
117 141 50 37668.9 0 0
117 141 50 37673.1 0 0
123 137 50 37677.3 0 0
119 140 50 37681.6 0 0
119 139 50 37685.8 0 0
114 141 50 37690 0 0
119 140 50 37694.2 0 0
118 138 50 37698.4 0 0
120 140 50 37702.6 0 0
118 138 50 37706.8 0 0
119 139 50 37711 0 0
120 138 50 37715.3 0 0
117 140 50 37719.5 0 0
116 142 50 37723.7 0 0
114 141 50 37727.9 0 0
115 140 50 37732.1 0 0
119 141 50 37736.3 0 0
117 141 50 37740.5 0 0
117 140 50 37744.7 0 0
117 143 50 37749 0 0
118 138 50 37753.2 0 0
116 135 50 37757.4 0 0
113 132 51 37761.6 0 0
118 118 50 37765.8 0 0
109 111 50 37772.7 0 0
115 105 51 37776.9 0 0
111 93 50 37781.2 0 0
113 86 50 37785.4 0 0
110 80 51 37789.6 0 0
107 80 51 37793.8 0 0
107 81 50 37798 0 0
108 78 51 37802.2 0 0
107 79 50 37806.5 0 0
108 78 51 37810.7 0 0
107 81 50 37814.9 0 0
106 79 51 37819.1 0 0
108 81 50 37823.3 0 0
110 81 51 37827.5 0 0
107 77 51 37831.7 0 0
109 79 51 37835.9 0 0
108 79 51 37840.2 0 0
106 81 50 37844.4 0 0
105 79 50 37848.6 0 0
106 76 51 37852.8 0 0
104 81 51 37857 0 0
104 79 51 37861.2 0 0
104 77 51 37865.4 0 0
109 78 51 37869.6 0 0
103 76 51 37873.9 0 0
106 75 51 37878.1 0 0
102 76 51 37882.3 0 0
104 74 51 37886.5 0 0
108 76 51 37890.7 0 0
104 74 51 37897.8 0 0
110 77 51 37902 0 0
108 76 51 37906.2 0 0
104 76 51 37910.4 0 0
106 76 51 37914.6 0 0
103 76 51 37918.9 0 0
107 75 51 37923.1 0 0
105 75 51 37927.3 0 0
103 79 51 37931.5 0 0
106 76 51 37935.7 0 0
107 79 51 37940.1 0 0
106 79 51 37944.3 0 0
108 80 51 37948.5 0 0
105 79 51 37952.7 0 0
110 79 51 37956.9 0 0
105 79 51 37961.2 0 0
113 79 51 37965.4 0 0
105 75 51 37969.6 0 0
107 81 51 37973.8 0 0
110 77 51 37978 0 0
108 76 51 37982.2 0 0
105 79 51 37986.4 0 0
108 79 51 37990.7 0 0
110 79 51 37997.5 0 0
108 78 51 38001.7 0 0
105 78 51 38005.9 0 0
108 84 51 38010.2 0 0
107 78 51 38014.4 0 0
105 79 51 38018.6 0 0
107 81 51 38022.8 0 0
106 78 51 38027.1 0 0
107 79 51 38031.3 0 0
109 79 51 38035.5 0 0
106 79 51 38039.7 0 0
104 80 51 38043.9 0 0
103 78 51 38048.1 0 0
107 79 51 38052.3 0 0
104 81 51 38056.6 0 0
106 81 51 38060.8 0 0
110 79 51 38065 0 0
108 77 51 38069.2 0 0
106 79 51 38073.4 0 0
106 78 51 38077.6 0 0
106 80 51 38081.9 0 0
109 79 51 38086.1 0 0
109 79 51 38090.3 0 0
105 80 51 38094.5 0 0
105 77 51 38098.7 0 0
105 80 51 38102.9 0 0
105 77 51 38109.9 0 0
105 77 51 38118.1 0 0
117 83 51 38126 0 0
124 100 51 38130.2 0 0
126 105 51 38135.1 0 0
128 107 51 38139.3 0 0
128 113 51 38143.5 0 0
131 118 50 38147.7 0 0
129 115 50 38151.9 0 0
128 118 50 38156.2 0 0
127 112 50 38160.4 0 0
132 112 50 38164.6 0 0
129 117 50 38168.8 0 0
132 116 50 38173 0 0
130 116 50 38177.2 0 0
132 117 50 38181.4 0 0
131 118 50 38185.7 0 0
131 117 50 38189.9 0 0
132 117 50 38194.1 0 0
130 117 50 38198.3 0 0
129 116 50 38202.5 0 0
127 116 50 38206.7 0 0
130 117 50 38210.9 0 0
127 130 50 38215.2 0 0
134 116 50 38219.4 0 0
128 117 50 38226.5 0 0
129 124 50 38234.7 0 0
129 124 50 38243 0 0
127 120 50 38251 0 0
132 116 50 38255.2 0 0
132 121 50 38259.7 0 0
130 117 50 38264 0 0
124 123 50 38268.2 0 0
136 115 50 38272.4 0 0
129 119 50 38276.7 0 0
129 121 50 38280.9 0 0
131 115 50 38285.1 0 0
129 119 50 38289.3 0 0
133 113 50 38293.5 0 0
135 115 50 38297.7 0 0
128 114 50 38301.9 0 0
132 116 50 38306.2 0 0
129 119 49 38310.4 0 0
130 113 50 38314.6 0 0
132 117 49 38318.8 0 0
131 114 49 38323 0 0
130 117 50 38327.2 0 0
130 114 49 38331.4 0 0
133 115 49 38335.6 0 0
129 121 49 38339.9 0 0
134 114 49 38344.1 0 0
126 120 50 38348.3 0 0
133 113 49 38352.5 0 0
131 117 49 38356.7 0 0
129 116 49 38363.9 0 0
127 117 49 38372.3 0 0
128 117 49 38380.6 0 0
128 122 49 38388.8 0 0
73 185 48 38397.3 0 0
12 223 49 38509.8 0 0
21 216 49 38514 0 0
31 212 49 38518.2 0 0
48 202 48 38522.4 0 0
51 200 49 38526.7 0 0
72 183 49 38530.9 0 0
78 179 49 38535.1 0 0
75 181 49 38539.3 0 0
77 178 49 38543.5 0 0
78 180 49 38547.7 0 0
81 178 48 38551.9 0 0
78 179 49 38556.2 0 0
81 177 49 38560.4 0 0
77 180 49 38564.6 0 0
78 180 49 38568.8 0 0
79 178 49 38573 0 0
73 184 48 38577.2 0 0
77 182 48 38581.5 0 0
74 181 48 38585.7 0 0
78 181 48 38590 0 0
68 187 48 38594.2 0 0
71 182 48 38601.3 0 0
73 184 48 38609.4 0 0
73 184 48 38617.8 0 0
70 184 48 38626 0 0
69 183 48 38630.2 0 0
71 185 48 38634.6 0 0
74 185 48 38638.8 0 0
70 184 48 38643 0 0
76 183 48 38647.2 0 0
76 183 48 38651.4 0 0
72 183 48 38655.7 0 0
72 185 48 38659.9 0 0
71 184 48 38664.1 0 0
70 183 48 38668.3 0 0
68 184 48 38672.5 0 0
70 183 48 38676.7 0 0
72 184 48 38680.9 0 0
74 185 48 38685.1 0 0
73 185 48 38689.3 0 0
72 185 48 38693.6 0 0
68 186 48 38697.8 0 0
70 184 48 38702 0 0
68 187 48 38706.2 0 0
70 185 48 38710.4 0 0
70 186 48 38714.6 0 0
78 181 48 38718.9 0 0
81 176 48 38723.1 0 0
85 171 48 38727.3 0 0
90 169 48 38731.5 0 0
100 161 48 38735.7 0 0
96 162 48 38742.7 0 0
92 164 48 38747 0 0
89 168 48 38751.2 0 0
88 169 48 38755.4 0 0
90 167 48 38759.7 0 0
94 165 48 38763.9 0 0
92 167 48 38768.1 0 0
90 167 48 38772.3 0 0
92 167 48 38776.5 0 0
87 169 48 38780.7 0 0
91 167 48 38784.9 0 0
91 169 48 38789.2 0 0
91 164 48 38793.4 0 0
91 167 48 38797.6 0 0
88 169 48 38801.8 0 0
94 166 48 38806 0 0
91 165 48 38810.3 0 0
91 165 48 38814.5 0 0
90 167 48 38818.7 0 0
87 169 48 38822.9 0 0
91 164 48 38827.1 0 0
94 166 48 38831.3 0 0
90 168 48 38835.5 0 0
90 168 48 38839.8 0 0
91 166 48 38844.8 0 0
91 166 48 38849 0 0
95 162 48 38853.2 0 0
92 167 48 38857.4 0 0
94 165 48 38861.7 0 0
93 168 48 38865.9 0 0
92 165 48 38870.1 0 0
94 166 48 38874.3 0 0
90 165 48 38878.5 0 0
91 166 48 38882.7 0 0
87 173 48 38886.9 0 0
91 165 48 38891.1 0 0
90 168 48 38895.4 0 0
90 166 48 38899.6 0 0
90 167 48 38903.8 0 0
86 169 48 38908.1 0 0
87 167 48 38912.2 0 0
95 163 48 38916.4 0 0
93 166 48 38920.7 0 0
94 165 48 38924.9 0 0
86 170 48 38929.1 0 0
93 166 48 38933.3 0 0
92 166 48 38937.5 0 0
94 163 48 38941.8 0 0
96 162 48 38946 0 0
90 167 48 38950.2 0 0
91 167 48 38954.4 0 0
93 163 48 38958.6 0 0
93 164 48 38962.8 0 0
87 168 48 38967.1 0 0
87 167 48 38971.3 0 0
91 166 48 38975.5 0 0
91 167 48 38979.7 0 0
87 169 48 38983.9 0 0
90 168 48 38988.1 0 0
85 172 48 38992.3 0 0
91 167 48 38996.6 0 0
86 170 48 39000.8 0 0
86 168 48 39005 0 0
89 167 48 39009.2 0 0
89 169 48 39013.4 0 0
86 170 48 39017.7 0 0
90 169 48 39021.9 0 0
80 173 48 39026.1 0 0
87 169 48 39030.3 0 0
93 163 48 39034.5 0 0
86 169 48 39038.7 0 0
83 171 48 39042.9 0 0
85 169 49 39047.1 0 0
89 165 49 39051.3 0 0
85 171 48 39055.6 0 0
87 169 49 39059.8 0 0
85 172 49 39064 0 0
84 170 49 39068.2 0 0
90 168 48 39072.4 0 0
87 164 49 39076.6 0 0
89 169 49 39080.8 0 0
90 165 49 39085.1 0 0
83 172 49 39089.3 0 0
87 169 48 39093.5 0 0
91 166 49 39097.7 0 0
88 169 49 39101.9 0 0
90 164 49 39106.1 0 0
86 169 49 39110.3 0 0
88 168 48 39114.5 0 0
87 166 48 39118.8 0 0
89 169 49 39125.6 0 0
91 165 49 39129.9 0 0
88 167 48 39134.1 0 0
89 168 48 39138.3 0 0
89 167 48 39142.5 0 0
88 168 49 39146.7 0 0
92 166 49 39151 0 0
92 168 49 39155.2 0 0
87 168 49 39159.4 0 0
88 165 48 39163.7 0 0
87 168 49 39167.9 0 0
88 165 49 39172.1 0 0
92 167 49 39176.3 0 0
88 168 49 39180.5 0 0
91 165 49 39184.7 0 0
90 166 49 39188.9 0 0
90 165 49 39193.2 0 0
92 166 49 39197.3 0 0
89 169 49 39201.6 0 0
91 165 49 39205.8 0 0
88 167 49 39210 0 0
92 166 49 39214.2 0 0
93 164 49 39218.5 0 0
90 165 49 39222.7 0 0
89 168 49 39226.9 0 0
89 167 49 39233.8 0 0
94 162 49 39238 0 0
93 165 49 39242.2 0 0
95 163 49 39246.6 0 0
92 166 49 39250.8 0 0
90 165 49 39255 0 0
92 162 49 39259.2 0 0
98 165 49 39263.4 0 0
90 166 49 39267.6 0 0
92 165 49 39271.8 0 0
94 166 49 39276 0 0
91 166 49 39280.2 0 0
93 166 49 39284.5 0 0
90 169 49 39288.7 0 0
89 165 49 39292.9 0 0
91 166 49 39297.1 0 0
91 164 49 39301.3 0 0
92 166 49 39305.5 0 0
91 168 49 39309.8 0 0
96 161 49 39314 0 0
92 166 49 39318.2 0 0
88 166 49 39322.4 0 0
89 167 49 39326.6 0 0
85 168 49 39330.8 0 0
91 166 49 39335.1 0 0
91 166 49 39339.3 0 0
86 169 49 39343.5 0 0
89 168 49 39350.6 0 0
92 166 49 39354.8 0 0
93 163 49 39359 0 0
97 160 49 39363.2 0 0
96 159 49 39367.4 0 0
92 162 49 39371.7 0 0
97 159 49 39375.9 0 0
94 162 49 39380.1 0 0
95 163 49 39384.3 0 0
97 159 49 39388.5 0 0
93 163 49 39392.8 0 0
94 163 49 39397 0 0
95 158 49 39401.3 0 0
96 161 49 39405.5 0 0
97 159 49 39409.7 0 0
95 161 49 39413.9 0 0
89 168 49 39418.1 0 0
96 159 49 39422.3 0 0
97 161 49 39426.5 0 0
94 161 49 39430.7 0 0
94 162 49 39436.1 0 0
93 164 49 39440.3 0 0
93 161 49 39446.3 0 0
94 164 49 39450.5 0 0
96 161 49 39454.7 0 0
93 163 49 39458.9 0 0
95 160 49 39463.2 0 0
96 161 49 39467.4 0 0
94 162 49 39471.6 0 0
98 161 49 39475.8 0 0
96 161 49 39480 0 0
99 158 49 39484.2 0 0
98 157 49 39488.5 0 0
103 158 49 39492.7 0 0
96 160 49 39496.9 0 0
93 163 50 39501.2 0 0
101 156 49 39505.4 0 0
96 162 49 39509.6 0 0
89 165 49 39513.8 0 0
98 158 49 39518 0 0
96 160 49 39522.2 0 0
100 158 49 39526.4 0 0
96 161 49 39530.6 0 0
96 162 49 39534.8 0 0
90 164 49 39539.1 0 0
98 159 49 39545.9 0 0
97 159 49 39551.1 0 0
89 169 50 39555.4 0 0
99 158 50 39559.7 0 0
96 160 49 39563.9 0 0
93 165 50 39568.1 0 0
99 157 49 39572.3 0 0
96 161 49 39576.5 0 0
91 166 50 39583.4 0 0
91 166 50 39591.9 0 0
87 166 50 39600.4 0 0
91 166 49 39608.6 0 0
91 166 50 39616.9 0 0
95 162 49 39625.4 0 0
95 162 49 39633.6 0 0
91 167 50 39641.7 0 0
95 160 50 39645.9 0 0
93 166 50 39650.5 0 0
97 159 50 39654.7 0 0
89 164 49 39658.9 0 0
96 159 50 39663.1 0 0
97 158 50 39667.3 0 0
95 161 50 39671.5 0 0
93 166 50 39675.8 0 0
98 160 50 39680 0 0
103 156 50 39684.2 0 0
94 165 50 39688.4 0 0
96 161 50 39692.6 0 0
99 158 50 39696.8 0 0
97 160 50 39701 0 0
95 162 50 39705.2 0 0
94 165 50 39709.4 0 0
101 155 50 39713.7 0 0
98 159 49 39717.9 0 0
95 164 50 39722.2 0 0
39 207 49 39726.4 0 0
21 217 50 39826.1 0 0
36 204 50 39830.3 0 0
56 195 50 39834.5 0 0
69 185 50 39838.8 0 0
79 176 50 39843 0 0
90 165 50 39850.1 0 0
96 160 50 39858.2 0 0
91 162 50 39866.6 0 0
91 161 51 39875.1 0 0
98 159 50 39883.3 0 0
101 157 50 39891.7 0 0
101 157 50 39900.1 0 0
94 162 51 39907.3 0 0
94 162 50 39911.5 0 0
99 159 50 39916.6 0 0
95 163 50 39920.8 0 0
98 158 50 39925 0 0
95 162 50 39929.2 0 0
96 162 50 39933.5 0 0
100 159 50 39937.7 0 0
90 166 51 39941.9 0 0
96 162 50 39946.1 0 0
98 162 50 39950.3 0 0
96 162 51 39954.6 0 0
93 162 51 39958.8 0 0
98 160 50 39963.1 0 0
95 161 51 39967.3 0 0
95 164 51 39971.5 0 0
99 158 51 39975.7 0 0
95 163 51 39979.9 0 0
96 162 50 39984.1 0 0
97 159 51 39988.3 0 0
97 162 51 39992.5 0 0
99 160 51 39996.8 0 0
100 159 50 40001.5 0 0
98 156 51 40005.7 0 0
94 162 50 40012.2 0 0
102 156 51 40016.5 0 0
96 158 51 40020.7 0 0
97 159 51 40025 0 0
98 155 51 40029.2 0 0
99 161 51 40033.4 0 0
99 159 51 40037.6 0 0
98 158 51 40041.8 0 0
100 158 51 40046 0 0
104 154 51 40050.2 0 0
97 158 51 40054.5 0 0
102 156 51 40058.7 0 0
104 152 51 40062.9 0 0
95 162 51 40067.1 0 0
100 154 51 40071.3 0 0
95 159 51 40075.5 0 0
98 159 51 40079.7 0 0
106 151 51 40083.9 0 0
97 159 51 40088.2 0 0
101 156 51 40092.4 0 0
103 153 50 40096.6 0 0
98 158 51 40100.8 0 0
96 158 51 40105 0 0
98 160 51 40109.2 0 0
101 154 51 40113.4 0 0
99 157 51 40117.7 0 0
98 159 51 40121.9 0 0
103 154 51 40126.2 0 0
95 160 51 40133.1 0 0
101 156 51 40137.3 0 0
98 158 51 40141.5 0 0
96 161 51 40145.7 0 0
103 154 51 40150 0 0
104 151 51 40154.2 0 0
97 157 51 40158.4 0 0
100 154 51 40162.6 0 0
95 158 51 40166.8 0 0
101 156 51 40171 0 0
104 152 51 40175.2 0 0
99 159 51 40179.5 0 0
94 163 51 40183.7 0 0
86 174 51 40187.9 0 0
79 179 51 40192.1 0 0
75 181 51 40196.3 0 0
74 184 51 40200.6 0 0
74 184 51 40204.8 0 0
80 182 51 40209 0 0
75 181 51 40213.2 0 0
85 175 51 40217.4 0 0
82 177 51 40221.7 0 0
77 179 51 40225.8 0 0
80 180 51 40230.1 0 0
80 179 51 40234.2 0 0
76 182 51 40238.5 0 0
72 184 51 40242.7 0 0
75 183 51 40247 0 0
73 185 51 40254 0 0
73 182 51 40258.2 0 0
78 180 51 40262.4 0 0
79 182 51 40266.6 0 0
82 179 51 40270.8 0 0
77 181 51 40275.1 0 0
83 176 51 40279.3 0 0
77 178 51 40283.5 0 0
75 181 51 40287.7 0 0
74 181 51 40291.9 0 0
78 179 51 40296.1 0 0
75 182 51 40300.3 0 0
84 176 51 40304.5 0 0
70 189 51 40308.8 0 0
76 183 51 40313 0 0
88 170 51 40317.2 0 0
78 180 51 40321.4 0 0
78 179 51 40325.6 0 0
75 181 51 40329.8 0 0
72 185 51 40334 0 0
78 180 51 40338.2 0 0
74 182 51 40342.5 0 0
74 184 51 40346.7 0 0
79 179 51 40350.9 0 0
79 179 51 40355.1 0 0
79 180 51 40360.5 0 0
79 179 51 40364.7 0 0
78 180 51 40368.9 0 0
76 180 51 40373.2 0 0
77 181 51 40377.4 0 0
72 184 51 40381.6 0 0
76 181 51 40385.8 0 0
78 178 51 40390 0 0
77 181 51 40394.2 0 0
76 181 51 40398.4 0 0
77 181 51 40402.7 0 0
83 178 51 40406.9 0 0
73 182 52 40411.1 0 0
74 181 51 40415.3 0 0
76 182 51 40419.5 0 0
75 181 51 40423.7 0 0
79 179 51 40427.9 0 0
81 179 51 40432.2 0 0
70 184 51 40437 0 0
75 181 51 40441.2 0 0
81 180 51 40445.4 0 0
76 182 51 40449.6 0 0
80 180 51 40453.8 0 0
72 183 51 40458.1 0 0
79 180 51 40462.3 0 0
73 182 51 40466.5 0 0
74 180 51 40470.8 0 0
79 179 51 40474.9 0 0
64 191 51 40479.2 0 0
74 180 51 40483.3 0 0
78 179 51 40487.6 0 0
73 182 51 40491.8 0 0
71 182 51 40496 0 0
72 182 51 40500.2 0 0
70 180 51 40504.5 0 0
73 178 51 40508.7 0 0
70 183 51 40512.9 0 0
74 179 51 40517.1 0 0
67 187 51 40521.4 0 0
75 178 51 40525.6 0 0
75 179 51 40529.8 0 0
71 181 51 40534.1 0 0
73 179 51 40538.2 0 0
64 189 51 40542.5 0 0
73 181 51 40546.7 0 0
74 178 51 40553.7 0 0
73 179 51 40558 0 0
69 183 51 40562.2 0 0
66 185 51 40566.4 0 0
73 182 51 40570.6 0 0
72 180 51 40574.8 0 0
72 181 51 40579 0 0
73 180 51 40583.2 0 0
71 181 51 40587.5 0 0
76 178 51 40591.7 0 0
75 178 51 40595.9 0 0
73 181 51 40600.1 0 0
70 182 51 40604.3 0 0
72 178 51 40608.5 0 0
69 181 51 40612.8 0 0
72 180 51 40617 0 0
73 180 51 40621.2 0 0
76 179 51 40625.4 0 0
75 178 51 40629.6 0 0
67 183 51 40633.8 0 0
66 184 51 40638 0 0
71 180 51 40642.3 0 0
64 184 51 40646.5 0 0
69 183 51 40655.2 0 0
73 178 51 40659.5 0 0
72 179 51 40666.1 0 0
62 186 51 40670.3 0 0
71 181 51 40674.5 0 0
73 182 51 40678.7 0 0
68 181 51 40682.9 0 0
72 182 51 40687.1 0 0
69 181 51 40691.4 0 0
71 181 51 40695.6 0 0
69 183 51 40699.8 0 0
72 181 51 40704 0 0
65 186 51 40708.2 0 0
73 180 51 40712.4 0 0
69 182 51 40716.7 0 0
68 184 51 40720.9 0 0
72 180 51 40725.1 0 0
76 178 51 40729.3 0 0
75 178 51 40733.5 0 0
91 165 51 40737.7 0 0
102 159 51 40741.9 0 0
96 160 51 40746.1 0 0
101 155 51 40750.3 0 0
106 152 51 40754.8 0 0
102 155 50 40759 0 0
101 154 51 40765.7 0 0
97 158 50 40770 0 0
101 157 51 40774.2 0 0
99 158 51 40778.5 0 0
100 158 51 40782.7 0 0
102 154 50 40786.9 0 0
99 158 50 40791.1 0 0
102 157 50 40795.3 0 0
100 156 51 40799.6 0 0
101 157 51 40803.8 0 0
101 156 51 40808 0 0
103 157 51 40812.2 0 0
100 157 51 40816.4 0 0
107 153 51 40820.6 0 0
98 159 51 40824.8 0 0
102 156 51 40829 0 0
100 158 50 40833.2 0 0
104 156 51 40837.5 0 0
98 163 51 40841.8 0 0
106 156 51 40846 0 0
96 162 50 40850.2 0 0
97 162 51 40854.4 0 0
98 160 50 40858.6 0 0
99 162 51 40862.8 0 0
98 159 51 40867 0 0
98 160 50 40871.2 0 0
99 159 50 40875.4 0 0
100 160 50 40882.4 0 0
102 158 50 40886.6 0 0
100 158 51 40890.8 0 0
97 162 51 40895 0 0
103 157 51 40899.2 0 0
96 162 51 40903.5 0 0
97 164 50 40907.7 0 0
103 157 50 40911.9 0 0
99 162 50 40916.1 0 0
102 159 50 40920.3 0 0
97 159 51 40924.5 0 0
103 161 50 40928.8 0 0
102 158 51 40933 0 0
95 164 50 40937.2 0 0
102 161 50 40941.4 0 0
99 159 51 40945.6 0 0
92 167 50 40949.8 0 0
94 166 50 40954 0 0
101 157 51 40958.2 0 0
96 164 51 40962.5 0 0
96 161 51 40966.7 0 0
102 159 50 40970.9 0 0
99 159 51 40975.2 0 0
99 159 51 40979.4 0 0
97 166 50 40985.4 0 0
102 156 51 40989.6 0 0
97 163 50 40993.9 0 0
97 162 51 40998.1 0 0
101 157 50 41002.3 0 0
94 165 50 41006.5 0 0
104 157 51 41010.7 0 0
91 169 51 41014.9 0 0
99 164 51 41019.1 0 0
98 161 51 41023.3 0 0
92 167 51 41027.6 0 0
96 167 51 41031.8 0 0
101 159 51 41036 0 0
92 167 51 41040.2 0 0
99 162 51 41044.4 0 0
97 162 51 41048.6 0 0
92 167 51 41052.8 0 0
103 157 51 41057.1 0 0
105 155 51 41061.3 0 0
97 164 51 41065.5 0 0
104 155 51 41069.7 0 0
96 165 51 41073.9 0 0
98 162 51 41078.2 0 0
103 154 51 41082.4 0 0
95 161 51 41086.6 0 0
107 153 51 41090.9 0 0
104 154 51 41095.1 0 0
96 164 51 41099.3 0 0
106 154 51 41103.5 0 0
101 163 51 41107.7 0 0
105 154 51 41111.9 0 0
105 155 51 41116.2 0 0
100 164 51 41120.4 0 0
109 153 51 41124.7 0 0
107 153 51 41128.9 0 0
98 163 51 41133.1 0 0
107 155 51 41137.3 0 0
110 151 51 41141.5 0 0
106 153 51 41145.7 0 0
104 155 51 41149.9 0 0
101 157 51 41154.2 0 0
103 155 51 41158.4 0 0
110 151 51 41162.6 0 0
101 156 51 41166.8 0 0
101 158 51 41171 0 0
103 155 51 41175.2 0 0
103 156 51 41179.4 0 0
102 158 51 41183.7 0 0
104 156 51 41187.9 0 0
103 154 51 41192.1 0 0
106 156 51 41196.3 0 0
101 156 51 41200.5 0 0
110 151 51 41204.7 0 0
102 157 51 41208.9 0 0
106 152 51 41213.2 0 0
104 155 51 41217.4 0 0
107 152 51 41221.6 0 0
107 152 51 41225.8 0 0
98 159 51 41230 0 0
106 152 51 41234.2 0 0
105 153 51 41238.4 0 0
105 156 51 41242.6 0 0
110 150 51 41247.1 0 0
105 157 51 41251.6 0 0
105 153 51 41255.8 0 0
104 152 52 41260 0 0
105 157 51 41264.2 0 0
107 151 51 41268.5 0 0
104 152 52 41272.7 0 0
105 152 51 41276.9 0 0
102 159 52 41281.1 0 0
107 153 51 41285.3 0 0
107 154 51 41289.5 0 0
107 150 51 41293.7 0 0
105 155 51 41297.9 0 0
104 153 51 41302.2 0 0
103 154 51 41306.4 0 0
106 152 51 41310.6 0 0
99 159 52 41314.8 0 0
79 179 51 41319.1 0 0
107 153 52 41323.2 0 0
100 158 51 41327.5 0 0
98 162 51 41331.7 0 0
106 152 52 41335.9 0 0
101 154 51 41340.1 0 0
101 155 52 41344.3 0 0
94 162 52 41348.5 0 0
93 164 52 41352.8 0 0
93 161 52 41357 0 0
88 166 52 41361.2 0 0
92 161 52 41365.4 0 0
89 163 52 41369.7 0 0
92 160 52 41373.9 0 0
90 163 52 41378.1 0 0
92 159 52 41382.3 0 0
95 158 52 41386.5 0 0
94 159 52 41390.7 0 0
91 161 52 41394.9 0 0
93 161 52 41399.2 0 0
85 164 52 41403.4 0 0
94 162 52 41407.6 0 0
91 160 52 41411.8 0 0
93 162 52 41416 0 0
92 166 52 41420.2 0 0
96 168 52 41424.4 0 0
97 170 52 41428.7 0 0
100 171 52 41432.9 0 0
106 175 52 41437.1 0 0
105 175 52 41441.3 0 0
72 205 52 41445.5 0 0
114 178 52 41449.7 0 0
172 166 52 41454 0 0
126 178 51 41458.2 0 0
108 193 51 41462.4 0 0
97 209 51 41466.7 0 0
87 217 50 41470.9 0 0
99 213 51 41475.1 0 0
88 221 50 41479.3 0 0
91 218 50 41483.5 0 0
93 217 50 41487.7 0 0
94 218 50 41491.9 0 0
93 217 50 41496.2 0 0
105 210 50 41500.4 0 0
107 208 50 41504.6 0 0
103 211 50 41508.8 0 0
108 207 50 41513 0 0
108 207 50 41517.2 0 0
112 207 50 41521.4 0 0
104 210 50 41525.7 0 0
105 211 50 41529.9 0 0
113 205 50 41534.1 0 0
112 206 50 41538.3 0 0
110 207 50 41542.5 0 0
95 215 50 41546.8 0 0
107 209 50 41551 0 0
100 213 50 41555.2 0 0
82 223 50 41559.4 0 0
85 221 49 41563.6 0 0
102 212 50 41567.9 0 0
108 209 50 41572.1 0 0
104 211 50 41576.3 0 0
103 211 50 41580.5 0 0
87 219 50 41584.7 0 0
87 220 50 41588.9 0 0
108 208 50 41593.2 0 0
92 218 50 41597.4 0 0
95 216 50 41601.6 0 0
104 210 50 41605.8 0 0
91 217 50 41610 0 0
94 217 49 41614.2 0 0
105 211 50 41618.4 0 0
91 217 50 41622.7 0 0
93 217 50 41626.9 0 0
91 217 50 41631.1 0 0
88 220 50 41635.3 0 0
87 220 50 41639.5 0 0
94 217 50 41643.7 0 0
89 218 50 41647.9 0 0
92 218 50 41652.1 0 0
97 217 50 41656.4 0 0
93 218 50 41660.6 0 0
95 217 50 41664.8 0 0
103 212 50 41669 0 0
102 212 50 41673.2 0 0
108 207 50 41677.4 0 0
101 207 50 41681.7 0 0
94 208 50 41685.9 0 0
71 221 51 41690.1 0 0
36 235 51 41694.3 0 0
44 209 51 41782.8 0 0
64 196 51 41787 0 0
80 187 51 41791.2 0 0
90 178 51 41795.4 0 0
111 157 52 41799.7 0 0
118 145 52 41806.5 0 0
124 144 52 41810.7 0 0
125 139 52 41814.9 0 0
123 140 52 41819.2 0 0
123 142 52 41823.4 0 0
123 145 52 41827.6 0 0
124 140 52 41831.8 0 0
127 140 52 41836 0 0
121 144 52 41840.2 0 0
125 137 52 41844.4 0 0
120 143 52 41848.7 0 0
122 142 52 41852.9 0 0
103 162 52 41857.1 0 0
122 143 52 41861.3 0 0
125 139 52 41865.5 0 0
119 144 52 41869.8 0 0
121 142 52 41874 0 0
119 143 52 41878.2 0 0
125 142 52 41882.4 0 0
125 139 52 41886.6 0 0
119 145 52 41890.8 0 0
123 141 51 41895 0 0
125 141 51 41899.3 0 0
123 143 52 41903.5 0 0
124 143 52 41907.7 0 0
126 140 52 41914.8 0 0
122 140 51 41919 0 0
123 142 51 41923.2 0 0
124 140 51 41927.5 0 0
121 143 52 41931.7 0 0
124 142 51 41935.9 0 0
122 144 51 41940.2 0 0
124 139 52 41944.4 0 0
120 145 51 41948.6 0 0
125 144 51 41952.8 0 0
122 146 51 41957 0 0
121 143 51 41961.2 0 0
122 144 51 41965.4 0 0
120 145 51 41969.7 0 0
125 143 51 41973.9 0 0
121 144 51 41978.1 0 0
123 140 51 41982.3 0 0
120 145 51 41986.5 0 0
120 144 51 41990.7 0 0
120 145 51 41994.9 0 0
123 140 51 41999.2 0 0
117 147 51 42003.4 0 0
122 144 51 42007.6 0 0
122 142 51 42011.8 0 0
123 143 51 42016 0 0
125 140 51 42020.2 0 0
122 143 51 42024.4 0 0
125 142 51 42031.2 0 0
123 141 51 42035.5 0 0
121 141 51 42039.7 0 0
121 145 51 42043.9 0 0
122 142 51 42048.2 0 0
121 141 51 42052.4 0 0
122 142 51 42056.6 0 0
119 143 51 42060.8 0 0
121 143 51 42065.1 0 0
124 141 50 42069.3 0 0
123 143 51 42073.5 0 0
122 145 50 42077.7 0 0
115 148 51 42081.9 0 0
123 144 51 42086.1 0 0
120 146 51 42090.3 0 0
119 149 51 42094.5 0 0
125 141 51 42098.7 0 0
115 150 51 42102.9 0 0
121 145 50 42107.1 0 0
112 155 51 42111.3 0 0
115 150 50 42115.6 0 0
119 148 51 42119.8 0 0
119 150 51 42124 0 0
117 145 50 42128.2 0 0
113 152 50 42132.4 0 0
114 152 50 42136.6 0 0
118 148 50 42140.8 0 0
123 145 50 42145.1 0 0
124 135 50 42149.3 0 0
122 135 50 42156.1 0 0
125 127 50 42160.4 0 0
126 127 50 42164.6 0 0
128 124 50 42168.8 0 0
127 123 51 42173 0 0
130 123 50 42177.2 0 0
130 123 50 42181.5 0 0
129 126 50 42185.7 0 0
125 124 50 42190 0 0
124 126 51 42194.2 0 0
129 125 50 42198.4 0 0
127 125 50 42202.6 0 0
129 124 50 42206.8 0 0
127 125 51 42211 0 0
127 127 50 42215.2 0 0
128 127 50 42219.4 0 0
126 127 50 42223.6 0 0
130 124 51 42227.8 0 0
130 124 51 42232 0 0
127 127 51 42236.2 0 0
130 124 50 42240.5 0 0
130 123 50 42244.7 0 0
128 127 50 42248.9 0 0
128 124 50 42253.1 0 0
128 124 50 42257.3 0 0
133 124 50 42261.5 0 0
131 123 50 42265.8 0 0
128 125 50 42270 0 0
128 123 50 42274.2 0 0
129 124 50 42278.4 0 0
129 123 50 42285.2 0 0
129 125 51 42289.4 0 0
134 124 51 42293.7 0 0
128 125 50 42298.1 0 0
128 123 50 42302.3 0 0
130 126 50 42306.5 0 0
129 125 51 42310.8 0 0
129 123 51 42315 0 0
127 124 51 42319.2 0 0
129 123 50 42323.4 0 0
132 125 51 42327.6 0 0
133 124 51 42331.8 0 0
128 123 50 42336 0 0
127 125 50 42340.2 0 0
132 121 51 42344.4 0 0
131 124 51 42348.7 0 0
128 122 51 42352.9 0 0
133 124 51 42357.1 0 0
131 125 50 42361.3 0 0
126 122 51 42365.5 0 0
126 122 51 42369.7 0 0
134 124 50 42376.1 0 0
128 124 51 42380.3 0 0
127 124 51 42384.5 0 0
135 123 50 42388.7 0 0
129 125 51 42392.9 0 0
128 123 51 42397.1 0 0
129 124 51 42401.3 0 0
130 124 51 42405.6 0 0
129 123 51 42409.8 0 0
128 124 51 42414 0 0
130 124 51 42418.2 0 0
129 125 51 42422.4 0 0
130 123 51 42426.6 0 0
134 123 51 42430.9 0 0
132 124 51 42435.1 0 0
129 124 51 42439.4 0 0
130 125 51 42443.6 0 0
129 124 51 42447.8 0 0
132 123 51 42452 0 0
128 124 51 42456.2 0 0
130 122 51 42460.4 0 0
125 126 51 42464.7 0 0
126 125 51 42468.9 0 0
130 123 51 42473.1 0 0
125 127 51 42477.3 0 0
133 125 51 42481.5 0 0
131 121 51 42485.7 0 0
130 124 51 42489.9 0 0
136 123 51 42494.2 0 0
128 124 51 42498.4 0 0
129 125 51 42502.6 0 0
128 123 51 42506.8 0 0
124 126 51 42511.1 0 0
130 125 51 42515.2 0 0
130 123 51 42519.5 0 0
128 125 51 42523.7 0 0
133 123 51 42527.9 0 0
127 122 51 42532.1 0 0
132 125 51 42536.3 0 0
128 124 51 42540.5 0 0
131 124 51 42544.7 0 0
128 124 51 42548.9 0 0
128 125 51 42555.9 0 0
127 126 51 42560.2 0 0
129 125 51 42564.4 0 0
130 124 51 42568.6 0 0
133 123 51 42572.8 0 0
127 123 51 42577 0 0
128 125 51 42581.2 0 0
135 124 51 42585.4 0 0
131 124 51 42589.7 0 0
141 128 51 42593.9 0 0
173 136 51 42598.1 0 0
185 149 51 42602.3 0 0
215 149 51 42606.5 0 0
226 152 51 42610.7 0 0
181 198 50 42636 0 0
129 196 49 42640.2 0 0
120 207 49 42644.5 0 0
114 211 48 42648.7 0 0
105 217 48 42652.9 0 0
107 216 48 42657.1 0 0
108 215 48 42661.3 0 0
106 216 48 42665.5 0 0
105 216 48 42669.7 0 0
109 214 48 42676.6 0 0
114 212 48 42680.8 0 0
105 216 48 42685.1 0 0
109 213 48 42689.3 0 0
103 216 48 42693.5 0 0
115 211 48 42697.7 0 0
117 210 48 42701.9 0 0
111 214 48 42706.1 0 0
115 213 48 42710.4 0 0
109 215 48 42714.6 0 0
110 213 48 42718.8 0 0
113 213 48 42723 0 0
107 215 48 42727.2 0 0
107 215 48 42731.4 0 0
107 216 48 42735.6 0 0
105 217 48 42739.9 0 0
109 216 48 42744.1 0 0
103 218 48 42748.3 0 0
106 215 48 42752.5 0 0
104 217 48 42756.8 0 0
103 218 48 42761 0 0
110 215 48 42765.2 0 0
107 215 48 42769.4 0 0
108 216 48 42773.6 0 0
108 216 48 42777.8 0 0
108 215 48 42782.3 0 0
109 215 48 42786.5 0 0
109 216 48 42790.7 0 0
108 216 48 42794.9 0 0
109 215 48 42799.1 0 0
110 215 48 42803.3 0 0
110 214 48 42807.6 0 0
108 215 48 42811.8 0 0
101 219 48 42816 0 0
112 213 48 42820.2 0 0
113 213 48 42824.4 0 0
107 216 48 42828.6 0 0
110 216 48 42832.9 0 0
104 217 48 42837.1 0 0
105 217 48 42841.4 0 0
108 217 48 42845.6 0 0
117 209 48 42849.8 0 0
114 212 48 42854 0 0
120 210 48 42858.2 0 0
113 211 48 42862.4 0 0
116 211 48 42866.6 0 0
106 216 48 42870.9 0 0
108 214 48 42875.1 0 0
121 208 48 42879.3 0 0
107 216 48 42883.5 0 0
111 214 48 42887.7 0 0
110 214 48 42891.9 0 0
104 216 48 42896.1 0 0
114 212 48 42900.4 0 0
118 210 48 42904.6 0 0
115 211 48 42908.8 0 0
111 213 48 42913.1 0 0
122 207 48 42917.2 0 0
124 206 48 42921.4 0 0
123 207 48 42925.7 0 0
117 208 48 42929.9 0 0
119 209 48 42934.1 0 0
121 208 49 42938.3 0 0
124 204 48 42942.5 0 0
121 208 48 42946.7 0 0
119 209 48 42950.9 0 0
171 206 48 42955.1 0 0
128 203 48 42959.3 0 0
118 209 48 42963.6 0 0
125 206 48 42967.8 0 0
121 208 49 42972.1 0 0
119 209 48 42976.3 0 0
121 208 49 42980.6 0 0
118 211 48 42984.8 0 0
123 209 48 42989 0 0
112 217 48 42993.2 0 0
105 218 48 42997.5 0 0
110 215 48 43001.7 0 0
110 216 48 43005.9 0 0
100 220 48 43010.1 0 0
113 213 48 43014.3 0 0
117 211 48 43018.6 0 0
122 208 48 43022.8 0 0
118 212 48 43027 0 0
115 213 48 43031.2 0 0
127 207 48 43035.4 0 0
120 211 48 43039.7 0 0
118 212 48 43043.8 0 0
124 209 48 43048.1 0 0
118 212 48 43052.3 0 0
128 206 48 43056.5 0 0
121 211 48 43060.8 0 0
116 213 48 43065 0 0
107 217 48 43069.2 0 0
123 208 48 43073.4 0 0
109 217 48 43077.6 0 0
113 213 48 43081.8 0 0
108 217 48 43086.1 0 0
117 213 48 43090.3 0 0
101 221 48 43094.5 0 0
126 208 48 43098.8 0 0
103 220 49 43102.9 0 0
123 209 48 43107.2 0 0
112 215 48 43111.4 0 0
101 221 48 43115.6 0 0
116 213 48 43119.8 0 0
105 219 49 43124.1 0 0
115 214 48 43128.3 0 0
119 211 48 43132.5 0 0
101 220 48 43136.7 0 0
112 216 48 43140.9 0 0
120 211 48 43145.1 0 0
101 222 48 43149.3 0 0
116 213 48 43153.6 0 0
119 211 49 43157.8 0 0
118 212 48 43162 0 0
106 220 49 43166.2 0 0
122 209 48 43170.4 0 0
121 210 49 43174.6 0 0
122 210 48 43178.8 0 0
116 212 48 43183.1 0 0
97 223 48 43187.3 0 0
105 220 48 43191.5 0 0
106 219 48 43195.7 0 0
106 217 49 43199.9 0 0
111 215 49 43204.1 0 0
119 210 49 43208.3 0 0
116 210 49 43212.6 0 0
121 204 49 43216.8 0 0
125 201 50 43221 0 0
117 201 50 43225.2 0 0
100 210 50 43229.4 0 0
67 226 50 43233.6 0 0
34 237 50 43237.9 0 0
32 211 51 43322.2 0 0
56 198 51 43326.4 0 0
73 185 51 43330.6 0 0
96 166 51 43334.8 0 0
104 159 52 43339.1 0 0
114 145 52 43343.3 0 0
122 140 52 43347.5 0 0
124 132 52 43351.7 0 0
126 127 52 43355.9 0 0
127 126 52 43360.1 0 0
126 122 52 43364.3 0 0
129 126 52 43368.6 0 0
125 123 52 43372.8 0 0
125 129 52 43377 0 0
123 127 52 43381.2 0 0
128 124 52 43385.4 0 0
127 126 52 43389.6 0 0
125 123 52 43393.9 0 0
114 145 52 43398.1 0 0
129 121 52 43402.3 0 0
128 124 52 43406.5 0 0
128 123 52 43410.7 0 0
129 123 52 43414.9 0 0
129 122 52 43419.1 0 0
131 117 52 43423.3 0 0
126 125 52 43427.6 0 0
126 125 52 43431.8 0 0
127 119 52 43436 0 0
122 159 52 43440.2 0 0
128 124 52 43444.4 0 0
129 124 52 43448.7 0 0
130 125 52 43452.9 0 0
130 122 52 43457.2 0 0
129 124 52 43461.4 0 0
125 127 52 43465.7 0 0
127 127 52 43469.9 0 0
130 125 52 43474.1 0 0
129 123 52 43478.3 0 0
133 121 52 43482.5 0 0
126 127 52 43486.7 0 0
125 126 52 43490.9 0 0
125 126 52 43495.2 0 0
128 125 52 43499.4 0 0
113 147 52 43503.7 0 0
124 128 52 43507.9 0 0
128 124 52 43512.1 0 0
123 128 52 43516.3 0 0
128 125 52 43520.5 0 0
114 146 52 43524.7 0 0
129 125 52 43528.9 0 0
127 124 52 43533.2 0 0
126 124 52 43537.3 0 0
127 126 52 43541.6 0 0
130 121 52 43545.8 0 0
124 128 52 43550 0 0
128 124 52 43554.2 0 0
126 128 52 43558.4 0 0
124 130 52 43562.7 0 0
124 125 52 43566.9 0 0
125 125 52 43571.1 0 0
123 130 52 43575.3 0 0
128 124 52 43579.5 0 0
127 125 51 43583.7 0 0
125 126 52 43587.9 0 0
125 124 52 43592.2 0 0
126 125 52 43596.4 0 0
126 130 52 43600.6 0 0
129 124 52 43604.8 0 0
123 130 52 43609 0 0
114 146 52 43613.2 0 0
126 126 52 43617.4 0 0
123 128 52 43621.6 0 0
110 147 52 43625.8 0 0
123 128 51 43630.1 0 0
128 123 52 43634.3 0 0
128 128 51 43638.5 0 0
126 128 52 43642.7 0 0
124 126 52 43646.9 0 0
124 128 52 43651.1 0 0
125 128 52 43655.4 0 0
126 125 52 43659.6 0 0
124 129 51 43663.8 0 0
129 124 52 43668 0 0
121 128 52 43672.2 0 0
119 131 52 43676.4 0 0
112 139 52 43680.6 0 0
105 146 52 43684.8 0 0
105 147 52 43689.1 0 0
92 170 52 43693.3 0 0
103 150 52 43697.5 0 0
105 148 52 43701.7 0 0
107 146 52 43705.9 0 0
112 143 52 43710.1 0 0
108 145 51 43714.4 0 0
108 144 51 43718.6 0 0
109 143 51 43722.8 0 0
106 145 52 43727 0 0
106 146 52 43733.8 0 0
106 148 52 43738.1 0 0
115 145 52 43742.3 0 0
107 149 51 43746.5 0 0
108 146 51 43750.7 0 0
84 171 51 43754.9 0 0
106 149 52 43759.1 0 0
104 149 51 43763.3 0 0
107 147 51 43767.6 0 0
103 149 51 43771.8 0 0
105 149 52 43776 0 0
106 150 52 43780.2 0 0
105 146 52 43784.5 0 0
108 150 51 43788.7 0 0
100 151 52 43792.9 0 0
103 150 52 43797.1 0 0
107 147 51 43801.3 0 0
104 148 52 43805.5 0 0
104 150 52 43809.7 0 0
103 150 52 43813.9 0 0
106 151 51 43818.2 0 0
106 148 52 43822.3 0 0
104 149 51 43826.6 0 0
81 175 52 43830.8 0 0
106 149 52 43835 0 0
109 147 52 43839.2 0 0
103 149 52 43843.5 0 0
106 147 52 43847.7 0 0
105 149 52 43854.4 0 0
102 148 51 43858.7 0 0
107 150 52 43862.9 0 0
103 150 52 43867.2 0 0
104 149 52 43871.4 0 0
102 149 52 43875.6 0 0
104 150 52 43879.8 0 0
106 147 52 43884 0 0
108 149 52 43888.2 0 0
105 149 52 43892.5 0 0
83 171 52 43896.7 0 0
107 148 52 43900.9 0 0
107 148 52 43905.2 0 0
105 149 52 43909.4 0 0
106 149 52 43913.6 0 0
103 151 52 43917.8 0 0
102 151 52 43922 0 0
104 149 51 43926.2 0 0
104 148 52 43930.4 0 0
105 149 52 43934.6 0 0
104 150 52 43938.9 0 0
106 149 52 43943.1 0 0
103 150 52 43947.3 0 0
105 146 52 43951.5 0 0
107 147 52 43955.7 0 0
105 150 52 43959.9 0 0
105 150 52 43964.2 0 0
107 146 52 43969.8 0 0
105 149 52 43974 0 0
105 152 52 43978.3 0 0
102 153 52 43982.5 0 0
108 152 52 43986.7 0 0
104 159 51 43990.9 0 0
104 154 51 43995.1 0 0
105 154 52 43999.4 0 0
107 154 51 44003.6 0 0
105 151 52 44007.8 0 0
104 153 52 44012 0 0
82 178 51 44016.2 0 0
107 152 52 44020.4 0 0
102 155 52 44024.7 0 0
102 154 51 44028.9 0 0
106 150 52 44033.1 0 0
106 152 51 44037.3 0 0
103 154 52 44041.6 0 0
106 151 52 44045.8 0 0
