109 108 44 1009.93 0 0
109 108 0 1014.13 0 0
109 108 44 1018.34 0 0
109 108 45 1022.56 0 0
109 108 44 1026.8 0 0
109 108 44 1031.02 0 0
109 108 44 1035.22 0 0
109 108 44 1039.43 0 0
109 108 44 1043.63 0 0
109 108 45 1057.38 0 0
109 108 44 1061.61 0 0
109 108 44 1067.51 0 0
109 108 0 1071.74 0 0
109 108 44 1075.95 0 0
109 108 44 1080.16 0 0
109 108 44 1084.39 0 0
109 108 45 1088.6 0 0
109 108 44 1092.83 0 0
109 108 44 1097.05 0 0
109 108 44 1101.25 0 0
109 108 44 1105.45 0 0
109 108 44 1109.65 0 0
109 108 45 1113.87 0 0
109 108 44 1118.09 0 0
109 108 45 1122.32 0 0
109 108 45 1126.53 0 0
109 108 45 1130.73 0 0
109 108 46 1134.93 0 0
109 108 45 1139.13 0 0
109 108 45 1143.35 0 0
109 108 45 1147.56 0 0
109 108 45 1151.78 0 0
109 108 45 1155.99 0 0
109 108 45 1160.22 0 0
109 108 45 1164.43 0 0
109 108 45 1168.64 0 0
109 108 45 1172.84 0 0
109 108 45 1177.06 0 0
128 107 46 1342.84 0 0
100 101 47 1347.05 0 0
100 101 47 1351.26 0 0
100 101 0 1355.46 0 0
93 77 47 1359.66 0 0
89 81 47 1363.87 0 0
89 81 47 1368.08 0 0
80 42 47 1372.31 0 0
83 41 48 1376.53 0 0
83 41 47 1380.73 0 0
83 41 48 1384.93 0 0
83 41 47 1389.13 0 0
83 41 48 1393.35 0 0
83 41 48 1397.85 0 0
83 41 47 1402.07 0 0
83 41 48 1408.96 0 0
83 41 0 1413.18 0 0
83 41 48 1417.38 0 0
83 41 60 1421.59 0 0
83 41 48 1425.8 0 0
83 41 52 1430.02 0 0
83 41 47 1434.25 0 0
83 41 47 1438.47 0 0
83 41 47 1442.69 0 0
83 41 48 1446.89 0 0
83 41 47 1451.11 0 0
83 41 46 1455.32 0 0
83 41 46 1459.54 0 0
83 41 46 1463.76 0 0
83 41 46 1467.97 0 0
83 41 45 1472.2 0 0
83 41 46 1476.4 0 0
83 41 45 1480.61 0 0
83 41 45 1484.81 0 0
83 41 45 1489.04 0 0
83 41 45 1493.25 0 0
83 41 45 1497.49 0 0
83 41 45 1501.71 0 0
83 41 44 1505.91 0 0
83 41 44 1512.8 0 0
83 41 45 1517.04 0 0
83 41 44 1521.32 0 0
83 41 44 1525.64 0 0
83 41 44 1529.88 0 0
83 41 44 1534.09 0 0
83 41 43 1538.29 0 0
83 41 44 1542.51 0 0
83 41 44 1546.71 0 0
83 41 44 1550.93 0 0
83 41 44 1555.14 0 0
83 41 42 1559.37 0 0
83 41 43 1563.59 0 0
83 41 42 1567.81 0 0
83 41 42 1572.01 0 0
83 41 42 1576.21 0 0
77 84 43 1597.3 0 0
77 84 43 1601.51 0 0
77 84 42 1605.71 0 0
76 22 42 1609.91 0 0
76 22 43 1614.14 0 0
76 22 42 1618.35 0 0
76 22 42 1622.58 0 0
76 22 42 1627.67 0 0
76 22 41 1631.87 0 0
76 22 43 1636.07 0 0
76 22 42 1640.27 0 0
76 22 41 1644.49 0 0
76 22 41 1648.69 0 0
79 23 41 1652.9 0 0
83 25 41 1657.13 0 0
83 25 41 1661.36 0 0
83 25 41 1665.57 0 0
83 25 41 1669.77 0 0
83 25 41 1673.97 0 0
83 25 41 1678.19 0 0
83 25 41 1682.41 0 0
83 25 40 1686.63 0 0
83 25 40 1690.84 0 0
83 25 39 1695.04 0 0
83 25 39 1699.25 0 0
83 25 39 1703.45 0 0
83 25 40 1707.66 0 0
83 25 39 1711.88 0 0
83 25 39 1716.12 0 0
83 25 39 1720.35 0 0
83 25 39 1724.55 0 0
83 25 40 1728.76 0 0
68 43 39 1732.97 0 0
67 37 40 1737.2 0 0
63 39 39 1741.41 0 0
58 34 37 1745.66 0 0
49 35 37 1749.87 0 0
44 43 37 1754.08 0 0
40 51 36 1758.28 0 0
33 45 37 1762.48 0 0
31 44 37 1766.69 0 0
35 37 37 1770.91 0 0
38 34 36 1775.15 0 0
37 32 37 1779.39 0 0
35 35 36 1783.6 0 0
36 34 38 1787.81 0 0
34 36 36 1792.02 0 0
35 28 37 1796.22 0 0
37 30 36 1800.44 0 0
34 36 36 1804.64 0 0
36 37 36 1808.87 0 0
37 36 36 1813.09 0 0
38 35 35 1817.3 0 0
34 38 35 1821.5 0 0
36 35 35 1825.7 0 0
33 38 35 1829.9 0 0
33 38 0 1834.12 0 0
37 33 35 1838.33 0 0
36 37 34 1842.55 0 0
36 36 36 1846.79 0 0
36 35 36 1850.99 0 0
36 33 34 1855.21 0 0
35 37 35 1859.41 0 0
34 42 35 1863.63 0 0
34 42 0 1867.85 0 0
34 38 35 1872.08 0 0
34 38 35 1876.3 0 0
34 38 33 1880.5 0 0
34 34 34 1884.7 0 0
38 36 34 1888.9 0 0
35 41 34 1893.1 0 0
36 38 34 1897.33 0 0
35 40 35 1901.55 0 0
35 38 33 1905.76 0 0
36 41 34 1909.98 0 0
33 37 33 1914.19 0 0
35 39 34 1918.41 0 0
35 40 32 1922.61 0 0
37 35 35 1926.82 0 0
36 39 34 1931.04 0 0
37 35 34 1935.26 0 0
36 36 33 1939.48 0 0
37 40 33 1943.68 0 0
36 38 33 1947.89 0 0
35 40 33 1952.09 0 0
35 41 33 1956.31 0 0
35 41 0 1960.53 0 0
37 39 33 1964.78 0 0
37 39 33 1968.99 0 0
35 48 32 1973.21 0 0
36 36 33 1977.41 0 0
34 45 33 1981.61 0 0
37 41 32 1985.81 0 0
34 42 33 1990.04 0 0
34 42 32 1994.25 0 0
35 43 31 1998.54 0 0
36 41 32 2002.84 0 0
36 41 0 2007.05 0 0
35 41 32 2011.26 0 0
35 41 32 2015.48 0 0
36 39 32 2019.7 0 0
36 36 31 2023.92 0 0
37 35 32 2028.17 0 0
35 38 34 2032.39 0 0
37 33 33 2036.61 0 0
37 38 33 2040.82 0 0
35 42 31 2045.02 0 0
36 34 31 2049.22 0 0
38 36 31 2053.45 0 0
36 40 32 2057.68 0 0
35 37 33 2061.91 0 0
36 38 32 2066.12 0 0
38 35 31 2070.33 0 0
38 32 31 2074.53 0 0
39 34 32 2078.73 0 0
34 38 32 2082.97 0 0
35 40 32 2087.2 0 0
37 40 32 2091.43 0 0
35 40 33 2095.65 0 0
37 41 33 2099.86 0 0
36 42 31 2104.06 0 0
36 39 33 2108.27 0 0
36 37 33 2112.51 0 0
36 44 33 2116.75 0 0
35 48 32 2120.99 0 0
39 42 31 2125.2 0 0
46 44 32 2129.41 0 0
53 38 32 2133.62 0 0
61 32 33 2137.82 0 0
69 33 34 2142.02 0 0
71 25 34 2146.25 0 0
71 25 33 2150.46 0 0
71 25 0 2154.67 0 0
69 50 33 2159.09 0 0
69 50 33 2163.29 0 0
71 40 33 2167.49 0 0
72 40 33 2171.69 0 0
72 40 33 2175.9 0 0
72 40 33 2180.12 0 0
73 40 32 2184.4 0 0
73 40 33 2188.62 0 0
73 40 33 2192.82 0 0
73 40 34 2197.03 0 0
73 40 34 2201.23 0 0
73 40 33 2205.43 0 0
73 40 34 2209.66 0 0
73 40 33 2213.89 0 0
73 40 33 2218.1 0 0
73 40 33 2222.32 0 0
73 40 33 2226.52 0 0
73 40 34 2230.72 0 0
73 40 33 2234.97 0 0
73 40 35 2239.19 0 0
73 40 33 2243.41 0 0
73 40 34 2247.64 0 0
73 40 34 2251.86 0 0
73 40 34 2256.07 0 0
73 40 34 2260.27 0 0
73 40 34 2264.47 0 0
73 40 34 2268.69 0 0
73 40 33 2272.89 0 0
73 40 33 2277.14 0 0
73 40 34 2281.36 0 0
73 40 34 2285.58 0 0
73 40 34 2289.79 0 0
73 40 35 2293.99 0 0
83 20 34 2298.19 0 0
83 20 35 2302.42 0 0
83 20 34 2306.63 0 0
84 17 34 2310.85 0 0
84 17 34 2315.07 0 0
83 20 35 2319.27 0 0
83 20 34 2323.48 0 0
83 20 35 2327.68 0 0
83 20 34 2331.91 0 0
83 20 36 2336.11 0 0
78 16 34 2340.41 0 0
78 16 35 2344.66 0 0
80 24 34 2348.87 0 0
83 21 34 2353.07 0 0
81 21 35 2357.27 0 0
81 21 34 2361.47 0 0
81 21 35 2365.69 0 0
85 25 35 2369.91 0 0
85 25 35 2374.13 0 0
85 25 35 2378.34 0 0
85 25 36 2382.55 0 0
85 25 35 2386.76 0 0
85 25 34 2390.97 0 0
85 25 35 2395.19 0 0
85 25 34 2399.4 0 0
85 25 36 2403.61 0 0
85 25 35 2407.84 0 0
85 25 35 2412.05 0 0
85 25 34 2416.25 0 0
85 25 35 2420.47 0 0
85 25 35 2424.69 0 0
85 25 35 2428.9 0 0
85 25 36 2433.13 0 0
85 25 37 2437.35 0 0
85 25 36 2441.57 0 0
85 25 36 2445.76 0 0
85 25 36 2449.96 0 0
85 25 36 2454.16 0 0
85 25 36 2458.38 0 0
85 25 36 2462.59 0 0
85 25 36 2466.81 0 0
85 25 35 2471.06 0 0
85 79 36 2475.27 0 0
87 80 37 2479.48 0 0
87 81 37 2483.68 0 0
83 83 35 2487.89 0 0
83 83 0 2492.11 0 0
83 83 0 2496.34 0 0
83 83 0 2500.56 0 0
83 83 0 2504.78 0 0
83 83 0 2508.98 0 0
83 83 0 2513.18 0 0
83 83 0 2517.38 0 0
83 83 0 2521.59 0 0
83 83 0 2525.81 0 0
83 83 0 2530.57 0 0
83 83 0 2534.78 0 0
83 83 0 2538.99 0 0
83 83 0 2543.19 0 0
83 83 0 2547.39 0 0
83 83 0 2551.61 0 0
83 83 0 2555.84 0 0
83 83 0 2560.07 0 0
83 83 0 2564.29 0 0
83 83 0 2568.51 0 0
83 83 0 2572.71 0 0
83 83 0 2576.91 0 0
83 83 0 2581.14 0 0
58 99 30 2585.36 0 0
71 87 33 2589.58 0 0
72 75 36 2593.8 0 0
73 68 38 2598.01 0 0
68 44 38 2602.21 0 0
68 41 40 2606.41 0 0
68 41 0 2610.61 0 0
51 14 55 2619.04 0 0
71 26 40 2623.25 0 0
67 32 39 2627.48 0 0
64 25 39 2631.68 0 0
69 27 40 2635.88 0 0
69 27 0 2640.08 0 0
70 28 39 2644.32 0 0
70 28 0 2648.57 0 0
70 28 0 2652.78 0 0
71 32 39 2657.03 0 0
69 29 39 2661.25 0 0
71 25 39 2665.46 0 0
70 31 40 2669.67 0 0
75 59 40 2673.87 0 0
72 23 41 2678.09 0 0
69 28 40 2682.3 0 0
71 34 39 2686.52 0 0
70 28 40 2690.72 0 0
73 26 40 2694.92 0 0
74 26 39 2699.14 0 0
71 28 40 2703.34 0 0
70 26 40 2707.56 0 0
70 26 0 2711.78 0 0
71 23 40 2716.01 0 0
68 28 40 2720.22 0 0
70 34 40 2724.43 0 0
70 34 0 2728.63 0 0
77 55 40 2732.83 0 0
77 55 0 2737.5 0 0
77 61 40 2741.71 0 0
77 61 40 2745.95 0 0
77 61 0 2750.17 0 0
77 61 40 2754.37 0 0
77 61 0 2758.57 0 0
77 61 38 2762.77 0 0
77 61 38 2766.97 0 0
77 61 37 2771.19 0 0
77 61 38 2775.41 0 0
77 61 38 2780.06 0 0
77 61 38 2784.31 0 0
77 61 0 2788.52 0 0
77 61 38 2792.73 0 0
77 61 38 2796.93 0 0
77 61 37 2801.15 0 0
77 61 38 2805.37 0 0
77 61 38 2809.61 0 0
77 61 38 2813.83 0 0
77 61 38 2818.03 0 0
77 61 38 2822.23 0 0
77 61 38 2826.43 0 0
77 61 37 2830.63 0 0
77 61 37 2834.9 0 0
77 61 36 2839.18 0 0
77 61 37 2843.45 0 0
77 61 37 2847.68 0 0
77 61 37 2851.88 0 0
77 61 37 2856.09 0 0
77 61 37 2860.29 0 0
77 61 37 2864.51 0 0
77 61 37 2868.72 0 0
77 61 37 2872.94 0 0
77 61 37 2877.16 0 0
77 61 37 2881.36 0 0
77 61 37 2885.56 0 0
77 61 37 2889.76 0 0
77 61 38 2893.98 0 0
77 61 38 2898.2 0 0
77 61 37 2902.43 0 0
77 61 39 2906.66 0 0
77 61 38 2910.9 0 0
77 61 38 2915.1 0 0
77 61 38 2919.3 0 0
77 61 39 2923.51 0 0
77 61 38 2927.72 0 0
77 61 38 2931.94 0 0
77 61 39 2936.3 0 0
77 61 39 2940.5 0 0
23 106 40 3338.86 0 0
30 73 41 3343.09 0 0
27 57 41 3347.3 0 0
33 55 41 3351.5 0 0
36 36 41 3355.71 0 0
37 29 41 3359.91 0 0
28 74 41 3364.12 0 0
28 47 41 3368.34 0 0
24 57 41 3372.56 0 0
24 66 41 3376.78 0 0
24 67 41 3380.98 0 0
24 67 0 3385.18 0 0
26 52 40 3389.38 0 0
23 69 40 3393.59 0 0
31 56 40 3397.79 0 0
26 53 40 3402.02 0 0
23 71 40 3406.25 0 0
25 63 40 3410.47 0 0
22 69 41 3414.68 0 0
33 47 41 3418.88 0 0
24 69 40 3423.08 0 0
24 66 41 3427.29 0 0
33 45 40 3431.5 0 0
23 70 41 3435.72 0 0
32 50 41 3439.93 0 0
22 65 41 3444.14 0 0
24 64 40 3448.35 0 0
22 64 41 3452.55 0 0
31 52 40 3456.76 0 0
24 67 40 3460.98 0 0
21 68 40 3465.21 0 0
20 70 40 3469.43 0 0
26 60 40 3473.66 0 0
31 46 40 3477.86 0 0
21 71 40 3482.1 0 0
29 51 40 3486.33 0 0
24 73 40 3490.61 0 0
29 65 40 3494.83 0 0
22 66 40 3499.05 0 0
23 64 40 3503.26 0 0
30 51 40 3507.46 0 0
32 48 40 3511.66 0 0
20 68 41 3515.86 0 0
21 62 40 3520.07 0 0
24 59 39 3524.32 0 0
28 52 40 3528.58 0 0
20 66 40 3532.79 0 0
30 51 40 3537.01 0 0
30 50 41 3541.21 0 0
21 67 40 3545.49 0 0
22 70 41 3549.7 0 0
22 63 39 3553.92 0 0
25 63 40 3558.14 0 0
25 62 40 3562.37 0 0
30 55 40 3566.57 0 0
23 63 39 3573.71 0 0
22 63 40 3577.91 0 0
23 61 40 3582.13 0 0
23 58 40 3586.34 0 0
32 51 39 3590.58 0 0
22 62 39 3594.8 0 0
22 68 40 3599.02 0 0
21 63 40 3603.22 0 0
19 61 40 3607.42 0 0
30 51 40 3611.62 0 0
27 53 39 3615.83 0 0
22 61 39 3620.07 0 0
22 66 40 3624.29 0 0
22 69 40 3628.51 0 0
23 65 40 3632.71 0 0
25 61 40 3636.93 0 0
24 62 39 3641.13 0 0
27 56 39 3645.39 0 0
29 58 40 3649.6 0 0
23 63 39 3653.81 0 0
23 64 40 3658.03 0 0
29 59 40 3662.24 0 0
28 56 40 3666.45 0 0
26 62 40 3670.65 0 0
28 54 39 3674.86 0 0
23 60 40 3679.07 0 0
29 51 39 3683.32 0 0
25 63 39 3690.15 0 0
24 60 39 3694.4 0 0
28 52 40 3698.61 0 0
28 54 40 3702.81 0 0
26 61 41 3707.03 0 0
28 53 39 3711.25 0 0
28 55 39 3715.49 0 0
28 50 40 3719.7 0 0
28 50 40 3723.91 0 0
23 62 41 3728.11 0 0
24 67 39 3732.31 0 0
29 60 39 3736.51 0 0
28 51 39 3740.73 0 0
26 51 39 3744.95 0 0
29 52 39 3749.19 0 0
27 51 39 3753.4 0 0
29 45 39 3757.6 0 0
34 58 40 3761.81 0 0
34 90 40 3766.01 0 0
13 94 38 3770.22 0 0
13 94 38 3774.43 0 0
13 94 39 3778.66 0 0
13 94 38 3782.89 0 0
13 94 39 3787.09 0 0
13 94 39 3791.3 0 0
13 94 38 3795.5 0 0
13 94 38 3802.52 0 0
13 94 37 3806.76 0 0
13 94 37 3811.1 0 0
13 94 38 3815.31 0 0
13 94 38 3819.51 0 0
13 94 38 3823.71 0 0
13 94 38 3827.91 0 0
13 94 38 3832.12 0 0
13 94 37 3836.33 0 0
13 94 39 3840.56 0 0
13 94 38 3844.79 0 0
13 94 38 3848.99 0 0
13 94 38 3853.19 0 0
13 94 38 3857.39 0 0
13 94 38 3861.59 0 0
13 94 38 3865.8 0 0
13 94 38 3870.02 0 0
13 94 38 3874.24 0 0
13 94 39 3878.46 0 0
13 94 39 3882.66 0 0
13 94 37 3886.86 0 0
13 94 37 3891.05 0 0
13 94 38 3898.18 0 0
13 94 38 3902.43 0 0
13 94 38 3906.67 0 0
13 94 38 3910.89 0 0
13 94 38 3915.09 0 0
13 94 39 3919.29 0 0
13 94 38 3923.49 0 0
13 94 38 3927.71 0 0
13 94 38 3931.92 0 0
13 94 38 3936.14 0 0
13 94 38 3940.37 0 0
13 94 38 3944.57 0 0
13 94 38 3948.78 0 0
13 94 38 3952.98 0 0
13 94 38 3957.2 0 0
13 94 38 3961.41 0 0
13 94 38 3965.65 0 0
13 94 38 3969.87 0 0
58 96 50 4143.27 0 0
58 96 47 4147.48 0 0
58 96 47 4152.16 0 0
58 96 49 4156.45 0 0
58 96 46 4160.68 0 0
58 96 47 4164.88 0 0
58 96 53 4169.08 0 0
58 96 49 4173.28 0 0
58 96 46 4177.49 0 0
72 63 50 4181.71 0 0
70 71 47 4186.47 0 0
70 71 48 4190.67 0 0
67 70 47 4194.87 0 0
72 61 49 4199.08 0 0
67 69 47 4203.3 0 0
69 62 53 4207.73 0 0
70 66 48 4211.94 0 0
71 72 45 4218.62 0 0
67 64 52 4222.9 0 0
65 65 54 4227.12 0 0
67 70 46 4231.35 0 0
68 67 48 4235.57 0 0
68 72 44 4239.8 0 0
66 68 46 4244.01 0 0
69 72 44 4248.22 0 0
67 67 44 4252.44 0 0
68 68 43 4256.65 0 0
68 69 44 4260.85 0 0
70 60 51 4265.05 0 0
68 70 44 4269.26 0 0
67 55 50 4273.48 0 0
67 66 43 4277.71 0 0
67 64 46 4281.93 0 0
66 73 44 4286.13 0 0
71 64 45 4290.34 0 0
66 68 47 4294.54 0 0
68 63 43 4298.73 0 0
69 62 44 4302.94 0 0
66 67 44 4307.15 0 0
68 63 44 4311.37 0 0
66 67 44 4315.64 0 0
66 67 44 4319.84 0 0
66 67 43 4324.05 0 0
66 67 43 4328.26 0 0
66 67 43 4332.46 0 0
66 67 44 4336.68 0 0
66 67 44 4340.91 0 0
132 96 43 4346.44 0 0
132 96 43 4350.64 0 0
132 96 42 4354.84 0 0
171 57 42 4359.04 0 0
178 68 41 4363.25 0 0
196 54 41 4367.46 0 0
203 49 40 4371.71 0 0
212 53 40 4375.93 0 0
212 53 38 4380.14 0 0
212 53 38 4384.35 0 0
212 53 38 4388.55 0 0
212 53 37 4392.75 0 0
212 53 36 4396.96 0 0
212 53 37 4401.17 0 0
212 53 36 4405.4 0 0
212 53 38 4409.61 0 0
212 53 36 4413.81 0 0
212 53 36 4418.01 0 0
212 53 36 4422.21 0 0
212 53 37 4426.46 0 0
212 53 38 4430.69 0 0
212 53 36 4434.93 0 0
212 53 37 4439.16 0 0
212 53 37 4443.37 0 0
212 53 37 4447.57 0 0
212 53 37 4452.09 0 0
212 53 36 4456.3 0 0
212 53 37 4460.56 0 0
212 53 36 4464.82 0 0
212 53 36 4469.03 0 0
212 53 36 4473.24 0 0
212 53 36 4477.44 0 0
212 53 36 4481.65 0 0
212 53 36 4485.84 0 0
212 53 36 4490.06 0 0
212 53 36 4494.27 0 0
212 53 36 4498.65 0 0
212 53 36 4502.86 0 0
212 53 37 4507.07 0 0
212 53 36 4511.28 0 0
212 53 36 4515.48 0 0
212 53 36 4519.7 0 0
212 53 37 4523.91 0 0
212 53 36 4528.13 0 0
212 53 36 4532.35 0 0
212 53 36 4536.57 0 0
212 53 37 4540.78 0 0
212 53 36 4547.53 0 0
212 53 37 4551.79 0 0
212 53 37 4556.02 0 0
212 53 37 4560.25 0 0
212 53 37 4564.48 0 0
212 53 37 4568.68 0 0
212 53 37 4572.89 0 0
198 47 40 4664.19 0 0
199 47 39 4672.63 0 0
200 47 39 4680.88 0 0
193 49 39 4689.13 0 0
193 49 39 4697.38 0 0
194 46 40 4705.8 0 0
196 49 40 4710.01 0 0
196 49 39 4714.21 0 0
196 48 39 4718.41 0 0
196 42 40 4722.67 0 0
193 48 39 4726.88 0 0
198 47 39 4731.1 0 0
193 47 40 4735.31 0 0
193 47 39 4739.53 0 0
200 40 40 4743.82 0 0
200 40 40 4748.05 0 0
199 44 39 4752.25 0 0
192 42 40 4756.46 0 0
194 42 40 4760.66 0 0
195 44 40 4764.86 0 0
196 44 39 4769.08 0 0
196 43 40 4773.29 0 0
195 45 39 4777.53 0 0
200 41 40 4781.74 0 0
196 41 40 4785.95 0 0
195 39 39 4790.15 0 0
197 39 40 4794.35 0 0
201 40 39 4798.59 0 0
197 45 40 4802.8 0 0
196 37 40 4807.01 0 0
198 41 40 4811.24 0 0
189 43 40 4815.45 0 0
199 39 40 4822.47 0 0
195 40 39 4826.68 0 0
202 35 40 4831.05 0 0
195 38 40 4835.26 0 0
200 34 40 4839.5 0 0
194 38 41 4843.72 0 0
194 41 39 4847.93 0 0
194 37 40 4852.14 0 0
198 41 39 4856.34 0 0
192 43 40 4860.56 0 0
196 41 39 4864.77 0 0
201 37 40 4868.98 0 0
199 38 40 4873.2 0 0
196 37 40 4877.42 0 0
194 40 40 4881.62 0 0
204 37 40 4885.83 0 0
198 39 40 4890.03 0 0
198 40 40 4894.29 0 0
199 54 40 4898.49 0 0
223 53 39 4902.71 0 0
223 53 38 4906.94 0 0
223 53 39 4911.15 0 0
223 53 38 4915.36 0 0
223 53 38 4922.16 0 0
223 53 38 4926.39 0 0
223 53 38 4930.64 0 0
223 53 39 4934.92 0 0
223 53 38 4939.12 0 0
223 53 39 4943.32 0 0
223 53 39 4947.53 0 0
223 53 38 4951.73 0 0
223 53 39 4955.94 0 0
223 53 38 4960.15 0 0
223 53 38 4964.35 0 0
223 53 38 4968.55 0 0
223 53 38 4972.76 0 0
223 53 39 4976.97 0 0
223 53 38 4981.21 0 0
223 53 39 4985.43 0 0
223 53 39 4989.65 0 0
223 53 39 4993.87 0 0
223 53 38 4998.09 0 0
223 53 38 5002.32 0 0
223 53 38 5006.52 0 0
223 53 39 5010.72 0 0
223 53 39 5014.92 0 0
223 53 39 5019.12 0 0
223 53 39 5023.35 0 0
223 53 39 5027.78 0 0
223 53 39 5032 0 0
223 53 39 5038.79 0 0
223 53 39 5043.03 0 0
223 53 0 5054.88 0 0
223 53 39 5059.13 0 0
223 53 38 5063.77 0 0
223 53 38 5068 0 0
223 53 38 5072.23 0 0
223 53 39 5076.44 0 0
223 53 40 5080.64 0 0
223 53 38 5084.86 0 0
223 53 39 5089.08 0 0
223 53 39 5093.31 0 0
223 53 40 5097.52 0 0
223 53 40 5101.73 0 0
205 41 40 5114.35 0 0
197 35 42 5118.6 0 0
197 35 0 5122.83 0 0
170 47 43 5127.04 0 0
161 48 43 5131.25 0 0
148 83 43 5135.45 0 0
148 83 42 5139.65 0 0
121 127 38 5144.18 0 0
121 127 0 5148.39 0 0
121 127 0 5154.98 0 0
121 127 0 5159.22 0 0
121 127 0 5163.47 0 0
121 127 0 5167.67 0 0
121 127 0 5171.88 0 0
121 127 0 5176.1 0 0
121 127 0 5180.32 0 0
121 127 0 5184.55 0 0
121 127 0 5188.76 0 0
121 127 0 5192.96 0 0
121 127 0 5197.16 0 0
121 127 0 5201.41 0 0
42 103 36 5205.62 0 0
44 91 40 5209.84 0 0
44 91 41 5214.05 0 0
44 91 43 5218.26 0 0
53 55 43 5222.53 0 0
50 53 45 5226.75 0 0
48 56 44 5230.95 0 0
50 53 43 5235.15 0 0
50 50 44 5239.36 0 0
48 55 44 5243.58 0 0
52 56 43 5247.86 0 0
45 56 43 5252.08 0 0
48 64 44 5256.29 0 0
46 65 44 5260.49 0 0
45 63 44 5264.71 0 0
52 56 44 5268.92 0 0
49 69 43 5273.13 0 0
54 71 43 5277.37 0 0
53 73 44 5281.6 0 0
52 73 44 5285.8 0 0
54 75 43 5290.01 0 0
54 75 43 5294.21 0 0
52 77 44 5299.53 0 0
50 71 44 5303.74 0 0
51 75 43 5307.96 0 0
53 76 44 5312.2 0 0
49 73 44 5316.42 0 0
51 75 44 5320.62 0 0
47 72 43 5324.82 0 0
50 72 43 5329.02 0 0
54 74 43 5333.24 0 0
41 66 44 5337.49 0 0
50 74 44 5341.72 0 0
49 71 43 5345.92 0 0
56 81 44 5350.12 0 0
52 76 44 5354.33 0 0
52 76 44 5358.53 0 0
50 71 44 5362.74 0 0
49 74 43 5366.97 0 0
51 76 43 5371.2 0 0
51 76 0 5375.41 0 0
50 78 44 5379.61 0 0
57 79 43 5383.81 0 0
48 75 43 5388.02 0 0
50 81 44 5392.22 0 0
47 79 44 5396.44 0 0
50 79 44 5400.65 0 0
47 81 43 5404.99 0 0
45 71 43 5409.34 0 0
42 76 43 5413.55 0 0
39 71 44 5417.75 0 0
56 26 44 5421.95 0 0
48 79 43 5426.16 0 0
56 31 43 5430.39 0 0
61 27 43 5434.62 0 0
50 23 44 5438.83 0 0
50 23 44 5443.04 0 0
50 23 44 5447.24 0 0
50 23 44 5451.44 0 0
50 23 44 5455.64 0 0
78 57 45 5459.85 0 0
74 53 45 5464.1 0 0
64 62 44 5468.31 0 0
73 25 44 5472.56 0 0
76 21 45 5476.77 0 0
71 26 44 5480.97 0 0
61 62 44 5485.17 0 0
63 59 44 5489.39 0 0
62 58 44 5493.6 0 0
57 61 44 5497.83 0 0
66 58 44 5502.04 0 0
61 56 44 5506.25 0 0
57 61 45 5510.45 0 0
61 60 44 5514.65 0 0
58 59 44 5518.88 0 0
71 25 44 5523.1 0 0
70 30 44 5527.31 0 0
76 20 44 5531.55 0 0
73 34 44 5538.31 0 0
71 32 44 5542.55 0 0
57 57 44 5546.78 0 0
71 29 44 5550.99 0 0
65 63 44 5555.2 0 0
63 63 45 5559.43 0 0
60 57 44 5563.65 0 0
63 61 43 5567.85 0 0
63 61 44 5572.05 0 0
67 57 44 5576.26 0 0
74 31 43 5580.46 0 0
57 60 44 5584.68 0 0
62 56 43 5588.9 0 0
59 64 44 5593.13 0 0
65 66 44 5597.34 0 0
70 45 44 5601.54 0 0
74 27 43 5605.74 0 0
64 60 44 5609.94 0 0
66 59 43 5614.17 0 0
77 28 44 5618.39 0 0
64 58 43 5622.62 0 0
68 59 44 5626.84 0 0
61 61 44 5631.05 0 0
70 48 44 5635.25 0 0
65 61 44 5639.46 0 0
69 51 44 5643.69 0 0
72 51 43 5647.9 0 0
66 50 44 5652.11 0 0
69 53 44 5659 0 0
72 44 43 5663.23 0 0
72 44 0 5667.46 0 0
72 36 44 5671.69 0 0
72 36 44 5675.9 0 0
73 48 44 5680.12 0 0
75 34 44 5684.34 0 0
75 34 44 5688.55 0 0
69 56 43 5692.77 0 0
67 50 44 5696.97 0 0
63 62 44 5701.17 0 0
87 79 44 5705.37 0 0
87 79 43 5709.61 0 0
74 55 43 5713.83 0 0
73 72 44 5718.05 0 0
90 84 44 5722.36 0 0
67 51 44 5726.58 0 0
71 75 44 5730.8 0 0
55 64 44 5735 0 0
75 75 43 5739.23 0 0
86 83 43 5743.44 0 0
86 83 43 5747.67 0 0
80 76 44 5752.67 0 0
86 82 44 5756.87 0 0
84 88 44 5761.07 0 0
81 92 44 5765.27 0 0
78 83 44 5769.48 0 0
75 73 44 5773.7 0 0
75 73 44 5777.92 0 0
75 73 44 5782.16 0 0
75 73 42 5786.38 0 0
75 73 42 5790.58 0 0
75 73 41 5794.78 0 0
75 73 42 5798.98 0 0
75 73 42 5803.19 0 0
75 73 40 5807.41 0 0
75 73 39 5811.63 0 0
75 73 40 5815.84 0 0
75 73 41 5820.04 0 0
75 73 40 5824.25 0 0
75 73 40 5828.46 0 0
75 73 40 5832.67 0 0
75 73 40 5836.88 0 0
75 73 41 5841.1 0 0
75 73 41 5845.31 0 0
80 224 40 5849.53 0 0
80 224 41 5853.75 0 0
80 224 41 5857.96 0 0
80 224 41 5862.16 0 0
80 224 40 5866.37 0 0
80 224 40 5870.61 0 0
80 224 40 5874.83 0 0
80 224 41 5879.04 0 0
80 224 41 5883.24 0 0
80 224 40 5887.44 0 0
83 224 40 5891.64 0 0
83 224 40 5895.86 0 0
83 224 40 5900.14 0 0
83 224 41 5904.36 0 0
83 224 40 5908.65 0 0
83 224 40 5912.86 0 0
83 224 40 5917.07 0 0
87 217 40 5921.27 0 0
87 217 40 5925.5 0 0
81 226 40 5929.73 0 0
81 226 40 5933.95 0 0
81 226 40 5938.18 0 0
81 226 40 5942.4 0 0
81 226 41 5946.6 0 0
79 225 40 5950.8 0 0
80 224 41 5955 0 0
80 224 40 5959.24 0 0
80 224 40 5963.48 0 0
80 224 40 5967.69 0 0
75 231 41 5971.93 0 0
77 230 40 5976.14 0 0
72 234 41 5980.36 0 0
72 234 39 5984.56 0 0
72 234 40 5988.82 0 0
73 235 40 5993.05 0 0
73 235 40 5997.43 0 0
78 225 40 6001.65 0 0
77 229 41 6005.85 0 0
81 232 40 6010.05 0 0
79 235 40 6017.05 0 0
74 235 39 6021.27 0 0
74 239 40 6025.48 0 0
73 240 40 6030.04 0 0
77 233 41 6034.25 0 0
74 234 40 6038.46 0 0
76 231 40 6042.74 0 0
76 230 40 6046.94 0 0
72 232 40 6051.15 0 0
77 235 39 6055.36 0 0
73 237 41 6059.6 0 0
80 230 39 6063.82 0 0
80 230 40 6068.02 0 0
80 230 39 6072.22 0 0
80 230 39 6076.42 0 0
79 229 40 6080.63 0 0
79 229 40 6084.85 0 0
79 229 40 6089.06 0 0
79 229 0 6096.23 0 0
79 229 0 6104.03 0 0
79 229 0 6112.07 0 0
79 229 0 6116.28 0 0
79 229 0 6120.55 0 0
79 229 0 6124.79 0 0
79 229 0 6129.22 0 0
79 229 0 6133.45 0 0
79 229 0 6137.65 0 0
79 229 0 6141.86 0 0
79 229 0 6146.08 0 0
79 229 0 6150.29 0 0
79 229 0 6154.52 0 0
79 229 0 6158.75 0 0
79 229 0 6162.95 0 0
79 229 0 6167.15 0 0
79 229 0 6171.35 0 0
79 229 0 6175.56 0 0
79 229 0 6179.77 0 0
79 229 0 6184.01 0 0
142 113 38 6188.24 0 0
141 108 42 6192.44 0 0
139 90 43 6196.66 0 0
139 82 44 6200.86 0 0
140 79 45 6205.07 0 0
141 76 44 6209.27 0 0
145 71 44 6213.48 0 0
146 70 45 6217.69 0 0
147 74 45 6221.94 0 0
148 70 45 6226.15 0 0
147 71 44 6230.36 0 0
149 68 44 6234.57 0 0
148 70 44 6238.78 0 0
151 73 45 6243.01 0 0
151 71 44 6247.24 0 0
152 73 44 6251.45 0 0
150 72 44 6255.67 0 0
149 70 44 6259.87 0 0
150 70 0 6264.07 0 0
150 68 44 6271.04 0 0
154 67 44 6275.29 0 0
150 67 44 6279.51 0 0
152 66 43 6283.72 0 0
150 63 43 6287.93 0 0
152 63 44 6292.13 0 0
152 67 44 6296.34 0 0
154 68 43 6300.55 0 0
152 66 44 6304.76 0 0
153 63 44 6309 0 0
153 66 44 6313.23 0 0
157 63 44 6317.44 0 0
154 88 44 6321.65 0 0
157 64 43 6325.85 0 0
156 88 44 6330.06 0 0
153 91 44 6334.27 0 0
159 93 43 6338.48 0 0
154 90 44 6342.81 0 0
155 90 44 6347.01 0 0
155 92 44 6351.22 0 0
149 48 43 6355.42 0 0
154 90 43 6359.62 0 0
154 91 44 6363.84 0 0
154 91 44 6370.97 0 0
154 91 44 6377.67 0 0
156 90 43 6381.89 0 0
151 51 43 6387.67 0 0
151 51 43 6391.9 0 0
151 51 44 6396.11 0 0
151 51 43 6400.32 0 0
171 54 43 6404.55 0 0
177 54 43 6408.78 0 0
182 44 42 6413.41 0 0
184 41 42 6417.65 0 0
185 44 42 6421.85 0 0
184 45 42 6426.07 0 0
183 45 42 6430.28 0 0
183 45 43 6434.51 0 0
182 52 42 6438.72 0 0
183 45 41 6442.93 0 0
182 47 42 6447.13 0 0
182 47 42 6451.33 0 0
184 48 42 6455.81 0 0
184 46 41 6460.05 0 0
184 48 41 6464.25 0 0
183 51 42 6468.46 0 0
183 50 42 6472.73 0 0
181 47 42 6476.94 0 0
182 46 41 6481.16 0 0
183 51 42 6485.37 0 0
183 46 41 6489.59 0 0
181 52 41 6493.8 0 0
183 50 40 6498.02 0 0
183 51 42 6502.22 0 0
181 49 41 6506.43 0 0
182 54 42 6510.64 0 0
181 51 41 6514.84 0 0
182 51 40 6519.06 0 0
183 49 41 6523.28 0 0
182 51 41 6527.51 0 0
184 53 41 6531.74 0 0
182 53 41 6535.95 0 0
182 52 41 6540.15 0 0
183 50 41 6544.35 0 0
182 54 41 6548.55 0 0
182 55 41 6552.79 0 0
182 54 41 6557.04 0 0
180 54 41 6561.36 0 0
184 53 42 6565.58 0 0
182 52 41 6569.78 0 0
183 52 41 6573.99 0 0
183 53 40 6578.19 0 0
183 53 0 6582.39 0 0
184 57 40 6586.61 0 0
181 50 40 6590.84 0 0
186 61 40 6595.06 0 0
184 57 40 6599.26 0 0
181 50 40 6603.47 0 0
182 55 41 6607.67 0 0
185 55 41 6611.88 0 0
182 53 41 6616.1 0 0
185 58 41 6620.32 0 0
184 57 40 6624.6 0 0
181 60 41 6628.82 0 0
182 57 41 6633.02 0 0
185 58 41 6637.22 0 0
185 61 41 6641.44 0 0
184 59 40 6645.7 0 0
182 58 41 6649.97 0 0
182 57 41 6654.2 0 0
183 56 40 6658.42 0 0
184 61 41 6662.63 0 0
181 56 40 6666.83 0 0
183 55 41 6671.04 0 0
180 51 42 6675.24 0 0
169 48 41 6679.46 0 0
158 50 42 6683.7 0 0
158 50 43 6687.92 0 0
158 50 43 6692.12 0 0
158 50 44 6696.32 0 0
158 50 44 6700.52 0 0
158 50 43 6704.72 0 0
158 50 42 6709.23 0 0
158 50 42 6713.44 0 0
158 50 44 6717.71 0 0
158 50 44 6721.99 0 0
158 50 43 6726.22 0 0
158 50 43 6730.43 0 0
158 50 43 6734.63 0 0
158 50 43 6738.84 0 0
158 50 43 6743.08 0 0
158 50 43 6747.32 0 0
158 50 44 6751.53 0 0
158 50 45 6755.73 0 0
158 50 44 6759.93 0 0
158 50 44 6764.16 0 0
158 50 44 6768.38 0 0
158 50 44 6772.6 0 0
158 50 0 6776.83 0 0
158 50 0 6781.05 0 0
158 50 44 6785.26 0 0
158 50 43 6789.46 0 0
158 50 42 6793.66 0 0
158 50 43 6797.87 0 0
158 50 43 6802.09 0 0
158 50 43 6806.3 0 0
158 50 0 6810.53 0 0
158 50 44 6814.73 0 0
158 50 43 6818.95 0 0
158 50 44 6823.16 0 0
158 50 44 6827.35 0 0
158 50 43 6831.59 0 0
158 50 43 6835.8 0 0
158 50 43 6840.04 0 0
158 50 44 6844.28 0 0
158 50 43 6848.48 0 0
158 50 43 6852.69 0 0
158 50 43 6856.89 0 0
158 50 43 6861.09 0 0
158 50 43 6865.3 0 0
158 50 43 6869.52 0 0
158 50 43 6873.78 0 0
158 50 43 6877.99 0 0
158 50 42 6882.19 0 0
172 85 43 7506.75 0 0
175 59 42 7510.95 0 0
184 51 43 7515.16 0 0
198 40 41 7519.38 0 0
202 43 41 7523.59 0 0
203 43 41 7527.84 0 0
203 43 40 7532.06 0 0
201 37 41 7536.29 0 0
196 45 41 7540.5 0 0
193 46 41 7544.7 0 0
195 43 41 7548.9 0 0
192 42 40 7553.11 0 0
196 46 41 7557.33 0 0
193 46 40 7561.56 0 0
196 47 41 7565.77 0 0
198 48 41 7569.98 0 0
198 48 0 7574.18 0 0
197 43 41 7578.38 0 0
198 46 41 7582.59 0 0
198 46 0 7586.82 0 0
194 45 41 7591.04 0 0
194 45 41 7595.26 0 0
195 43 41 7599.48 0 0
191 44 41 7603.68 0 0
194 41 42 7607.89 0 0
193 46 41 7612.12 0 0
194 43 41 7616.33 0 0
200 44 41 7620.57 0 0
196 46 41 7624.8 0 0
194 44 41 7629 0 0
195 44 40 7633.21 0 0
193 47 41 7637.41 0 0
195 41 41 7641.61 0 0
193 43 41 7645.87 0 0
194 45 41 7650.08 0 0
197 42 42 7654.32 0 0
198 44 40 7658.55 0 0
199 45 42 7662.75 0 0
194 44 42 7666.96 0 0
197 44 41 7671.17 0 0
194 40 41 7675.38 0 0
192 41 42 7682.15 0 0
197 44 42 7686.43 0 0
200 36 41 7690.69 0 0
200 36 0 7694.89 0 0
213 56 40 7699.1 0 0
230 56 40 7703.31 0 0
231 52 40 7707.54 0 0
231 52 40 7711.74 0 0
231 52 40 7715.94 0 0
231 52 0 7720.15 0 0
231 52 39 7724.46 0 0
231 52 40 7728.66 0 0
231 52 41 7732.89 0 0
231 52 39 7737.11 0 0
231 52 0 7741.33 0 0
231 52 40 7745.57 0 0
231 52 39 7749.79 0 0
231 52 40 7753.99 0 0
231 52 40 7758.19 0 0
231 52 40 7762.4 0 0
231 52 40 7766.61 0 0
231 52 41 7770.83 0 0
231 52 40 7775.04 0 0
231 52 40 7779.27 0 0
231 52 40 7783.48 0 0
231 52 40 7787.69 0 0
231 52 40 7794.53 0 0
231 52 40 7798.76 0 0
231 52 41 7802.98 0 0
231 52 40 7807.19 0 0
231 52 40 7811.43 0 0
231 52 40 7815.68 0 0
231 52 41 7819.88 0 0
231 52 41 7824.08 0 0
231 52 40 7828.29 0 0
231 52 40 7832.5 0 0
231 52 41 7836.71 0 0
231 52 40 7840.94 0 0
231 52 40 7845.15 0 0
231 52 41 7849.35 0 0
231 52 40 7853.55 0 0
231 52 40 7857.75 0 0
231 52 40 7861.95 0 0
231 52 40 7866.17 0 0
231 52 40 7870.4 0 0
231 52 40 7874.62 0 0
231 52 40 7878.83 0 0
231 52 40 7883.03 0 0
231 52 39 7887.23 0 0
231 52 40 7891.43 0 0
231 52 40 7896.19 0 0
231 52 40 7900.4 0 0
231 52 40 7906.93 0 0
247 59 39 7932.24 0 0
247 59 40 7936.48 0 0
247 59 0 7940.68 0 0
247 59 0 7944.89 0 0
247 59 0 7949.09 0 0
247 59 0 7953.29 0 0
247 59 0 7957.5 0 0
247 59 0 7961.7 0 0
247 59 0 7965.92 0 0
247 59 0 7970.14 0 0
247 59 0 7974.37 0 0
247 59 0 7978.57 0 0
247 59 0 7982.77 0 0
247 59 0 7986.97 0 0
247 59 0 7994.12 0 0
247 59 0 7998.34 0 0
247 59 0 8002.55 0 0
247 59 0 8006.75 0 0
247 59 0 8010.96 0 0
247 59 0 8015.16 0 0
247 59 0 8019.36 0 0
247 59 0 8023.57 0 0
247 59 0 8027.8 0 0
247 59 0 8032.01 0 0
247 59 0 8036.46 0 0
247 59 0 8040.67 0 0
247 59 0 8044.87 0 0
247 59 36 8049.07 0 0
247 59 0 8053.29 0 0
247 59 0 8057.5 0 0
247 59 0 8061.72 0 0
247 59 37 8065.93 0 0
247 59 0 8070.14 0 0
247 59 38 8074.34 0 0
247 59 38 8078.54 0 0
247 59 38 8082.75 0 0
247 59 38 8087.01 0 0
247 59 38 8091.25 0 0
247 59 37 8095.47 0 0
247 59 37 8099.67 0 0
247 59 38 8103.87 0 0
247 59 38 8108.08 0 0
247 59 38 8112.3 0 0
247 59 38 8116.5 0 0
247 59 0 8123.46 0 0
243 63 41 8341.48 0 0
251 66 40 8345.69 0 0
251 66 42 8349.9 0 0
252 62 36 8698.9 0 0
251 66 36 8703.1 0 0
234 67 37 9541.25 0 0
240 65 38 9545.45 0 0
241 70 37 9550.08 0 0
241 70 0 9554.29 0 0
245 71 37 9558.56 0 0
248 67 37 9562.78 0 0
248 67 0 9566.99 0 0
249 70 37 9571.19 0 0
253 64 36 9575.39 0 0
253 65 38 9579.59 0 0
257 68 37 9583.81 0 0
253 69 36 9588.02 0 0
255 68 37 9592.24 0 0
255 68 0 9596.47 0 0
253 71 37 9600.68 0 0
253 71 0 9604.88 0 0
253 71 0 9609.08 0 0
253 71 0 9613.29 0 0
253 72 38 9617.52 0 0
253 72 0 9621.75 0 0
253 72 0 9625.98 0 0
253 71 38 9630.19 0 0
255 68 38 9634.39 0 0
251 68 37 9638.59 0 0
254 68 38 9642.79 0 0
253 70 38 9647 0 0
254 66 37 9651.24 0 0
252 69 37 9655.47 0 0
254 66 37 9659.68 0 0
254 66 37 9663.89 0 0
254 71 38 9668.1 0 0
255 66 38 9672.3 0 0
252 68 37 9676.51 0 0
252 68 0 9680.72 0 0
253 68 37 9684.96 0 0
254 67 38 9689.19 0 0
254 64 37 9693.39 0 0
255 69 37 9697.59 0 0
256 67 36 9701.79 0 0
253 68 37 9706.01 0 0
254 67 37 9710.21 0 0
255 65 36 9714.43 0 0
256 65 37 9718.64 0 0
254 66 36 9722.87 0 0
257 64 38 9727.07 0 0
257 64 38 9731.27 0 0
257 64 0 9735.47 0 0
257 64 39 9739.69 0 0
228 58 39 9743.9 0 0
221 33 39 9748.12 0 0
206 38 39 9752.33 0 0
199 54 40 9756.53 0 0
199 54 0 9760.74 0 0
199 50 40 9764.94 0 0
200 53 40 9769.14 0 0
200 53 0 9773.36 0 0
200 53 0 9777.59 0 0
192 48 39 9781.8 0 0
188 49 39 9786.01 0 0
188 49 0 9790.22 0 0
197 54 39 9794.42 0 0
197 54 0 9798.62 0 0
193 50 39 9802.85 0 0
193 47 39 9807.06 0 0
189 45 40 9811.64 0 0
189 45 0 9815.84 0 0
189 45 0 9820.04 0 0
192 36 39 9824.25 0 0
196 42 40 9828.45 0 0
196 42 0 9832.67 0 0
196 42 0 9836.88 0 0
190 40 39 9841.11 0 0
193 38 39 9845.33 0 0
193 38 0 9849.53 0 0
197 42 39 9853.73 0 0
191 40 39 9857.95 0 0
191 40 0 9862.16 0 0
191 40 0 9866.36 0 0
191 37 39 9870.59 0 0
193 41 40 9874.81 0 0
193 41 0 9879.03 0 0
192 29 40 9883.24 0 0
190 29 41 9887.44 0 0
189 34 40 9891.64 0 0
191 29 40 9895.85 0 0
192 35 40 9900.07 0 0
194 36 40 9904.31 0 0
191 33 40 9908.54 0 0
190 33 40 9912.76 0 0
190 33 39 9916.96 0 0
193 35 40 9921.16 0 0
190 32 39 9925.37 0 0
193 32 39 9929.59 0 0
192 35 39 9933.83 0 0
188 23 42 9938.04 0 0
189 27 39 9942.25 0 0
189 31 40 9946.45 0 0
191 39 39 9950.64 0 0
190 49 39 9954.85 0 0
190 49 0 9959.06 0 0
190 49 0 9963.27 0 0
190 49 0 9967.63 0 0
190 49 0 9971.87 0 0
190 49 0 9976.08 0 0
190 49 0 9980.28 0 0
190 49 0 9984.48 0 0
190 49 0 9988.69 0 0
190 49 0 9992.9 0 0
190 49 0 9997.12 0 0
190 49 0 10001.3 0 0
190 49 0 10005.5 0 0
190 49 0 10009.8 0 0
190 49 0 10014 0 0
190 49 0 10018.2 0 0
190 49 0 10022.4 0 0
190 49 0 10027 0 0
190 49 0 10031.2 0 0
190 49 0 10035.4 0 0
190 49 0 10039.6 0 0
190 49 0 10043.8 0 0
190 49 0 10048 0 0
190 49 0 10052.2 0 0
190 49 0 10056.4 0 0
190 49 0 10061.1 0 0
190 49 0 10065.3 0 0
190 49 0 10069.5 0 0
190 49 0 10073.7 0 0
190 49 0 10077.9 0 0
190 49 0 10082.1 0 0
190 49 0 10086.3 0 0
190 49 0 10090.5 0 0
190 49 0 10094.8 0 0
190 49 0 10099 0 0
190 49 0 10103.2 0 0
190 49 0 10107.4 0 0
190 49 0 10111.6 0 0
190 49 0 10115.8 0 0
190 49 0 10120 0 0
190 49 0 10124.9 0 0
190 49 33 10129.1 0 0
190 49 0 10133.3 0 0
190 49 0 10137.5 0 0
190 49 0 10141.7 0 0
190 49 0 10145.9 0 0
190 49 0 10150.1 0 0
190 49 0 10154.3 0 0
130 177 40 10388.8 0 0
129 173 40 10405.6 0 0
126 177 41 10409.8 0 0
129 177 41 10418.2 0 0
125 175 41 10422.5 0 0
123 182 42 10426.7 0 0
128 177 40 10439.3 0 0
126 174 39 10487.1 0 0
128 179 40 10500.6 0 0
126 178 40 10513.2 0 0
126 178 0 10517.4 0 0
128 178 41 10521.6 0 0
128 177 41 10525.9 0 0
126 180 41 10534.3 0 0
128 178 40 10555.3 0 0
126 182 41 10559.5 0 0
129 179 40 10576.4 0 0
124 179 39 10580.6 0 0
122 179 40 10584.8 0 0
122 179 0 10589.4 0 0
128 175 40 10593.6 0 0
121 180 40 10600.5 0 0
121 180 0 10604.6 0 0
124 177 41 10608.9 0 0
118 180 40 10613.2 0 0
120 180 41 10617.4 0 0
120 180 41 10621.7 0 0
120 180 41 10625.9 0 0
179 63 42 10659.7 0 0
180 60 42 10663.9 0 0
179 68 42 10668.1 0 0
180 45 42 10672.3 0 0
181 50 41 10676.5 0 0
179 53 41 10680.7 0 0
178 58 41 10684.9 0 0
179 55 41 10689.1 0 0
180 55 42 10693.4 0 0
181 57 41 10697.5 0 0
179 54 41 10701.8 0 0
179 53 40 10706 0 0
180 54 40 10712.9 0 0
180 57 40 10717.1 0 0
179 54 40 10721.3 0 0
181 50 40 10725.5 0 0
181 52 39 10729.8 0 0
181 53 41 10734 0 0
179 56 40 10738.2 0 0
182 51 39 10742.4 0 0
181 52 40 10746.6 0 0
182 52 40 10750.8 0 0
181 57 40 10755 0 0
181 53 40 10759.2 0 0
178 54 40 10763.5 0 0
182 57 39 10767.6 0 0
182 54 41 10771.9 0 0
182 47 39 10776.1 0 0
182 54 39 10780.6 0 0
183 54 39 10784.8 0 0
182 58 39 10789 0 0
182 54 39 10793.2 0 0
179 54 38 10797.4 0 0
182 56 38 10804.3 0 0
181 55 39 10808.5 0 0
181 55 0 10812.7 0 0
180 57 37 10817 0 0
184 53 39 10821.1 0 0
181 55 38 10825.4 0 0
180 55 38 10829.5 0 0
181 58 39 10833.8 0 0
182 53 38 10838 0 0
182 53 0 10842.4 0 0
174 87 39 10846.6 0 0
174 87 39 10850.8 0 0
174 87 38 10855 0 0
174 87 39 10859.2 0 0
174 87 39 10863.4 0 0
174 87 0 10867.6 0 0
174 87 39 10871.9 0 0
174 87 0 10876.1 0 0
174 87 39 10880.3 0 0
174 87 38 10884.5 0 0
174 87 39 10888.7 0 0
174 87 0 10892.9 0 0
174 87 39 10899.9 0 0
174 87 39 10904.2 0 0
174 87 39 10908.4 0 0
174 87 39 10912.6 0 0
174 87 39 10916.8 0 0
174 87 38 10921 0 0
174 87 38 10925.2 0 0
174 87 0 10929.4 0 0
174 87 38 10933.7 0 0
174 87 38 10937.9 0 0
174 87 38 10942.1 0 0
174 87 39 10946.3 0 0
174 87 0 10950.5 0 0
174 87 38 10954.7 0 0
174 87 37 10958.9 0 0
174 87 38 10963.1 0 0
174 87 38 10967.4 0 0
174 87 38 10971.6 0 0
174 87 37 10975.8 0 0
174 87 39 10980 0 0
174 87 0 10984.2 0 0
174 87 38 10988.5 0 0
174 87 37 10992.7 0 0
174 87 38 10999.8 0 0
174 87 38 11008.3 0 0
174 87 37 11016.6 0 0
174 87 38 11024.8 0 0
174 87 38 11033.1 0 0
174 87 0 11041.5 0 0
210 32 38 11454.5 0 0
194 44 37 11458.7 0 0
191 55 37 11462.9 0 0
195 45 38 11467.1 0 0
194 46 38 11471.7 0 0
195 37 40 11476 0 0
194 37 39 11482.8 0 0
194 32 39 11487 0 0
194 36 38 11491.2 0 0
193 36 38 11495.5 0 0
194 35 38 11499.7 0 0
193 34 40 11503.9 0 0
193 36 38 11508.1 0 0
193 36 0 11512.3 0 0
196 37 38 11516.5 0 0
196 39 39 11520.7 0 0
196 37 39 11524.9 0 0
195 38 39 11529.5 0 0
193 38 39 11533.7 0 0
193 38 39 11537.9 0 0
193 38 0 11542.1 0 0
195 36 39 11546.3 0 0
193 36 40 11550.5 0 0
193 37 39 11554.8 0 0
194 35 39 11559 0 0
195 41 40 11563.2 0 0
192 35 39 11567.4 0 0
194 37 40 11571.6 0 0
194 37 40 11575.8 0 0
195 37 40 11580.8 0 0
195 37 0 11585 0 0
195 39 39 11589.3 0 0
193 37 41 11593.5 0 0
194 41 38 11597.7 0 0
197 38 39 11601.9 0 0
195 38 40 11606.1 0 0
194 36 40 11610.3 0 0
195 39 40 11614.5 0 0
193 37 40 11618.8 0 0
193 37 0 11623 0 0
194 40 39 11627.2 0 0
195 39 38 11631.4 0 0
194 32 40 11635.6 0 0
192 36 40 11639.9 0 0
193 34 40 11644.2 0 0
193 37 40 11648.4 0 0
196 41 40 11652.6 0 0
194 37 40 11656.9 0 0
193 39 40 11661.1 0 0
194 39 40 11665.3 0 0
193 36 40 11669.5 0 0
196 38 39 11673.7 0 0
195 37 40 11677.9 0 0
194 37 40 11682.1 0 0
194 42 40 11686.3 0 0
192 42 40 11690.5 0 0
193 40 40 11694.7 0 0
193 38 41 11698.9 0 0
193 37 39 11703.1 0 0
195 41 40 11707.4 0 0
195 41 0 11711.5 0 0
195 39 40 11715.8 0 0
194 38 41 11720 0 0
194 39 40 11724.2 0 0
194 40 40 11728.4 0 0
193 36 41 11732.6 0 0
193 40 40 11736.8 0 0
195 39 40 11741.1 0 0
197 39 40 11745.4 0 0
194 40 41 11749.6 0 0
194 37 41 11753.8 0 0
195 40 41 11758 0 0
196 39 40 11762.2 0 0
193 40 40 11766.4 0 0
195 37 40 11770.6 0 0
195 37 0 11774.8 0 0
195 32 40 11779.1 0 0
195 32 0 11783.3 0 0
183 51 41 11787.5 0 0
173 59 41 11791.7 0 0
163 88 42 11795.9 0 0
163 88 43 11800.1 0 0
163 88 43 11804.3 0 0
163 88 42 11808.5 0 0
163 88 42 11812.8 0 0
163 88 42 11817 0 0
163 88 42 11821.2 0 0
163 88 43 11825.4 0 0
163 88 42 11829.6 0 0
163 88 43 11834 0 0
163 88 42 11838.2 0 0
163 88 42 11845 0 0
163 88 42 11849.2 0 0
163 88 42 11853.4 0 0
163 88 42 11857.6 0 0
163 88 43 11861.8 0 0
163 88 44 11866 0 0
163 88 0 11870.3 0 0
163 88 42 11874.5 0 0
163 88 43 11878.7 0 0
163 88 42 11882.9 0 0
163 88 42 11887.1 0 0
163 88 43 11891.3 0 0
163 88 0 11895.5 0 0
163 88 42 11899.8 0 0
163 88 42 11904 0 0
163 88 42 11908.2 0 0
163 88 42 11912.4 0 0
163 88 42 11916.6 0 0
163 88 0 11920.9 0 0
163 88 43 11925.1 0 0
163 88 43 11929.4 0 0
163 88 42 11933.6 0 0
163 88 42 11937.8 0 0
163 88 42 11942 0 0
163 88 43 11949.1 0 0
163 88 42 11953.3 0 0
163 88 42 11957.6 0 0
163 88 43 11961.8 0 0
163 88 42 11966 0 0
163 88 43 11970.2 0 0
163 88 43 11974.4 0 0
163 88 43 11978.6 0 0
163 88 0 11982.9 0 0
163 88 43 11987.1 0 0
163 88 43 11991.3 0 0
107 168 43 12458.1 0 0
101 180 41 12462.3 0 0
95 187 41 12466.5 0 0
91 194 42 12470.7 0 0
90 202 41 12475 0 0
90 202 41 12479.1 0 0
90 202 42 12483.4 0 0
90 202 42 12487.6 0 0
90 202 42 12491.8 0 0
90 202 41 12496 0 0
90 202 42 12500.2 0 0
90 202 42 12504.4 0 0
90 202 42 12508.6 0 0
90 202 43 12512.9 0 0
90 202 42 12517 0 0
90 202 42 12521.3 0 0
90 202 42 12525.5 0 0
90 202 41 12529.7 0 0
90 202 41 12533.9 0 0
90 202 42 12538.1 0 0
90 202 42 12542.4 0 0
90 202 41 12546.6 0 0
90 202 41 12553.6 0 0
90 202 41 12557.8 0 0
90 202 41 12562.3 0 0
90 202 42 12566.5 0 0
90 202 41 12570.7 0 0
90 202 42 12574.9 0 0
90 202 41 12579.1 0 0
90 202 42 12583.4 0 0
90 200 42 12587.6 0 0
82 204 42 12591.8 0 0
88 201 42 12596 0 0
88 201 42 12600.2 0 0
88 201 42 12604.4 0 0
88 201 42 12608.6 0 0
88 201 42 12612.9 0 0
88 201 42 12617.1 0 0
88 201 42 12621.3 0 0
88 201 41 12625.5 0 0
88 201 42 12629.7 0 0
88 201 42 12633.9 0 0
88 201 42 12638.1 0 0
88 201 41 12642.3 0 0
88 201 42 12646.6 0 0
88 201 43 12650.8 0 0
88 201 42 12655.3 0 0
88 201 42 12659.5 0 0
88 201 42 12663.7 0 0
88 201 42 12667.9 0 0
88 201 42 12672.1 0 0
88 201 44 12676.3 0 0
88 201 43 12680.5 0 0
88 201 42 12684.8 0 0
88 201 41 12689 0 0
88 201 42 12693.2 0 0
88 201 43 12697.4 0 0
88 201 0 12701.6 0 0
88 201 0 12705.8 0 0
88 201 43 12710 0 0
88 201 44 12714.3 0 0
88 201 0 12718.5 0 0
88 201 44 12722.7 0 0
88 201 44 12726.9 0 0
88 201 44 12731.1 0 0
88 201 0 12735.3 0 0
88 201 44 12739.6 0 0
88 201 44 12743.8 0 0
88 201 44 12748 0 0
88 201 44 12752.2 0 0
88 201 43 12756.5 0 0
88 201 44 12760.6 0 0
88 201 43 12764.9 0 0
88 201 44 12770.1 0 0
88 201 43 12774.4 0 0
88 201 44 12778.8 0 0
88 201 45 12783 0 0
88 201 45 12787.2 0 0
88 201 45 12791.4 0 0
88 201 44 12795.6 0 0
184 43 42 12993.7 0 0
205 43 42 12997.9 0 0
207 46 42 13002.1 0 0
197 50 40 13006.3 0 0
197 50 0 13010.5 0 0
197 50 41 13014.7 0 0
193 52 42 13018.9 0 0
194 50 41 13023.1 0 0
200 45 41 13027.4 0 0
201 44 41 13031.6 0 0
200 46 41 13035.8 0 0
198 51 42 13040 0 0
202 44 41 13044.3 0 0
195 40 41 13057.6 0 0
194 42 42 13061.8 0 0
195 40 41 13066 0 0
201 40 41 13070.2 0 0
193 36 42 13074.4 0 0
195 38 42 13085.1 0 0
197 37 42 13089.4 0 0
202 36 42 13093.6 0 0
196 36 42 13097.8 0 0
204 38 41 13102 0 0
203 31 42 13106.2 0 0
198 30 41 13110.4 0 0
197 34 41 13114.6 0 0
201 28 41 13118.8 0 0
197 31 41 13123.4 0 0
202 32 41 13127.6 0 0
203 31 42 13131.8 0 0
204 29 41 13136 0 0
203 30 41 13140.2 0 0
199 25 41 13144.4 0 0
197 31 41 13148.6 0 0
199 26 41 13152.9 0 0
195 30 40 13157.1 0 0
205 30 41 13161.3 0 0
206 27 41 13165.5 0 0
202 29 41 13169.7 0 0
201 29 41 13173.9 0 0
200 27 41 13178.1 0 0
202 28 41 13182.3 0 0
203 26 41 13186.5 0 0
204 28 41 13190.7 0 0
203 29 41 13194.9 0 0
202 30 42 13199.1 0 0
204 28 41 13203.3 0 0
204 27 40 13207.5 0 0
204 27 41 13211.8 0 0
203 26 40 13216 0 0
201 23 41 13220.2 0 0
203 24 41 13224.4 0 0
204 22 41 13228.6 0 0
204 28 40 13232.8 0 0
199 28 41 13237 0 0
197 32 41 13241.2 0 0
199 29 40 13245.4 0 0
197 27 41 13249.6 0 0
203 30 40 13253.9 0 0
207 33 40 13258.1 0 0
200 29 40 13262.3 0 0
206 27 41 13266.5 0 0
208 27 41 13270.7 0 0
197 25 40 13274.9 0 0
198 25 40 13279.1 0 0
200 27 41 13283.3 0 0
200 27 40 13287.5 0 0
205 26 40 13291.7 0 0
205 28 40 13295.9 0 0
203 27 41 13300.1 0 0
205 25 40 13304.4 0 0
208 26 41 13308.6 0 0
206 30 40 13312.8 0 0
206 28 40 13317 0 0
189 57 40 13321.2 0 0
209 29 39 13325.4 0 0
204 28 41 13329.6 0 0
206 29 40 13333.8 0 0
210 29 40 13338 0 0
210 27 40 13342.2 0 0
195 58 40 13346.5 0 0
198 21 41 13350.7 0 0
196 57 41 13354.9 0 0
194 57 40 13359.1 0 0
191 59 39 13363.3 0 0
191 59 40 13367.5 0 0
192 59 40 13371.8 0 0
195 60 40 13376 0 0
191 62 40 13380.2 0 0
193 58 41 13384.4 0 0
196 62 40 13388.6 0 0
198 52 40 13392.8 0 0
198 50 39 13397 0 0
202 49 39 13401.2 0 0
214 54 40 13405.4 0 0
214 54 39 13409.6 0 0
214 54 38 13413.9 0 0
214 54 38 13418 0 0
214 54 38 13422.2 0 0
214 54 0 13426.5 0 0
214 54 38 13430.7 0 0
214 54 39 13434.9 0 0
214 54 38 13439.1 0 0
214 54 38 13443.3 0 0
214 54 37 13447.5 0 0
214 54 38 13451.7 0 0
214 54 38 13455.9 0 0
214 54 38 13460.1 0 0
214 54 38 13464.4 0 0
214 54 38 13468.6 0 0
214 54 37 13472.8 0 0
214 54 37 13477 0 0
214 54 37 13481.2 0 0
214 54 37 13485.4 0 0
214 54 37 13489.6 0 0
214 54 37 13493.8 0 0
214 54 37 13498.3 0 0
214 54 0 13502.5 0 0
214 54 38 13506.7 0 0
214 54 0 13510.9 0 0
214 54 37 13515.1 0 0
214 54 37 13519.3 0 0
214 54 37 13523.5 0 0
214 54 37 13527.8 0 0
214 54 37 13532 0 0
214 54 37 13536.3 0 0
214 54 38 13540.5 0 0
214 54 37 13544.7 0 0
214 54 38 13548.9 0 0
214 54 37 13553.1 0 0
214 54 37 13557.3 0 0
214 54 37 13561.6 0 0
214 54 37 13565.8 0 0
214 54 37 13570 0 0
214 54 36 13574.2 0 0
214 54 36 13578.4 0 0
214 54 0 13582.6 0 0
214 54 36 13586.8 0 0
214 54 37 13591.1 0 0
214 54 37 13595.3 0 0
221 57 37 13599.5 0 0
207 45 38 13603.7 0 0
194 42 39 13607.9 0 0
182 49 40 13612.1 0 0
169 46 40 13616.3 0 0
160 67 40 13620.5 0 0
160 67 40 13624.8 0 0
160 67 41 13629 0 0
160 67 41 13633.2 0 0
160 67 42 13637.4 0 0
160 67 41 13641.6 0 0
160 67 40 13645.8 0 0
160 67 40 13650 0 0
160 67 40 13654.2 0 0
160 67 40 13658.5 0 0
160 67 40 13662.7 0 0
160 67 40 13666.9 0 0
160 67 41 13671.1 0 0
160 67 40 13675.3 0 0
160 67 40 13679.5 0 0
160 67 41 13683.7 0 0
160 67 40 13687.9 0 0
160 67 40 13692.2 0 0
160 67 41 13696.4 0 0
160 67 41 13700.6 0 0
160 67 40 13704.8 0 0
160 67 41 13709 0 0
160 67 40 13713.2 0 0
160 67 40 13717.4 0 0
160 67 40 13721.7 0 0
160 67 40 13725.9 0 0
160 67 40 13730.1 0 0
160 67 41 13734.3 0 0
160 67 40 13738.6 0 0
160 67 40 13742.8 0 0
160 67 39 13747 0 0
160 67 40 13751.2 0 0
160 67 40 13755.5 0 0
160 67 40 13759.6 0 0
160 67 40 13763.9 0 0
160 67 40 13768.1 0 0
160 67 40 13772.3 0 0
160 67 40 13776.6 0 0
160 67 40 13780.8 0 0
160 67 40 13785 0 0
160 67 39 13789.2 0 0
160 67 40 13793.5 0 0
160 67 40 13797.7 0 0
160 67 40 13801.9 0 0
160 67 40 13806.1 0 0
160 67 40 13810.4 0 0
160 67 41 13814.6 0 0
160 67 40 13818.8 0 0
160 67 40 13823 0 0
71 41 42 14110.8 0 0
63 19 41 14115 0 0
63 19 41 14119.2 0 0
44 13 41 14123.9 0 0
32 57 41 14128.1 0 0
32 57 0 14134.7 0 0
41 66 41 14138.9 0 0
41 69 41 14143.1 0 0
43 67 41 14147.3 0 0
42 62 40 14151.5 0 0
39 64 41 14155.7 0 0
40 64 40 14159.9 0 0
38 66 41 14164.1 0 0
38 66 0 14168.4 0 0
38 67 41 14172.5 0 0
39 65 41 14176.8 0 0
43 66 41 14181 0 0
38 65 41 14185.2 0 0
38 63 41 14189.5 0 0
38 63 0 14193.7 0 0
37 65 40 14197.9 0 0
37 65 0 14202.1 0 0
40 64 41 14206.3 0 0
38 65 41 14210.5 0 0
38 65 0 14214.8 0 0
38 65 0 14219 0 0
37 68 41 14223.2 0 0
37 68 0 14227.4 0 0
38 64 40 14231.6 0 0
39 63 41 14235.8 0 0
40 64 40 14240 0 0
39 68 41 14246.9 0 0
39 64 41 14251.1 0 0
37 68 41 14255.3 0 0
38 68 41 14259.6 0 0
41 67 41 14263.8 0 0
40 67 40 14268 0 0
37 70 41 14272.2 0 0
38 66 40 14276.4 0 0
38 66 0 14280.6 0 0
39 68 41 14285 0 0
41 66 41 14289.2 0 0
38 63 41 14293.4 0 0
39 68 41 14297.6 0 0
41 64 40 14301.9 0 0
41 64 0 14306.1 0 0
40 66 41 14310.3 0 0
36 71 42 14314.5 0 0
41 69 42 14318.7 0 0
41 67 41 14322.9 0 0
39 68 41 14327.1 0 0
39 70 41 14331.3 0 0
38 71 41 14335.5 0 0
38 71 0 14339.8 0 0
37 73 41 14344 0 0
39 69 41 14348.2 0 0
39 69 41 14355.2 0 0
39 68 41 14362.1 0 0
37 74 41 14366.3 0 0
40 68 41 14372 0 0
39 72 41 14376.2 0 0
40 69 42 14380.4 0 0
40 73 41 14384.6 0 0
42 68 42 14388.8 0 0
40 71 41 14393 0 0
38 74 41 14397.2 0 0
42 69 41 14401.4 0 0
42 69 0 14405.6 0 0
40 72 42 14409.9 0 0
40 72 42 14414.1 0 0
40 69 43 14418.3 0 0
39 70 42 14422.5 0 0
40 71 42 14426.7 0 0
37 68 42 14430.9 0 0
37 67 40 14435.1 0 0
35 66 42 14439.3 0 0
36 66 40 14443.5 0 0
36 66 40 14447.7 0 0
35 67 40 14451.9 0 0
38 71 41 14456.1 0 0
38 70 40 14460.4 0 0
49 58 41 14464.6 0 0
49 58 40 14468.8 0 0
49 58 0 14473 0 0
49 58 0 14479.4 0 0
49 58 0 14483.6 0 0
49 58 0 14487.9 0 0
49 58 0 14492.2 0 0
49 58 0 14496.4 0 0
49 58 0 14500.6 0 0
49 58 0 14504.8 0 0
49 58 0 14509 0 0
49 58 0 14513.2 0 0
49 58 0 14517.4 0 0
49 58 0 14521.7 0 0
49 58 0 14525.9 0 0
49 58 0 14530.1 0 0
49 58 0 14534.3 0 0
49 58 0 14538.5 0 0
49 58 0 14542.8 0 0
49 58 0 14547 0 0
49 58 0 14551.2 0 0
49 58 0 14555.4 0 0
49 58 0 14559.6 0 0
49 58 0 14563.8 0 0
49 58 0 14568 0 0
49 58 0 14572.2 0 0
49 58 0 14576.5 0 0
49 58 0 14580.6 0 0
111 165 38 14584.9 0 0
110 162 39 14589.1 0 0
106 164 39 14593.3 0 0
106 164 41 14597.5 0 0
106 164 40 14601.8 0 0
106 164 41 14606 0 0
106 164 41 14610.2 0 0
106 164 0 14614.4 0 0
106 164 40 14618.6 0 0
116 144 40 14625.5 0 0
111 139 40 14629.7 0 0
110 151 40 14634 0 0
105 156 40 14638.2 0 0
111 141 41 14642.4 0 0
105 140 41 14646.7 0 0
100 147 40 14650.9 0 0
106 153 41 14655.1 0 0
104 156 40 14659.3 0 0
107 153 42 14663.5 0 0
106 154 41 14667.7 0 0
107 159 40 14671.9 0 0
101 159 40 14676.1 0 0
105 161 40 14680.4 0 0
105 157 41 14684.6 0 0
108 160 41 14688.8 0 0
101 169 40 14693 0 0
101 169 0 14697.2 0 0
101 169 41 14701.4 0 0
101 169 0 14705.6 0 0
106 157 40 14709.8 0 0
99 164 41 14714 0 0
102 160 41 14718.3 0 0
102 163 41 14722.5 0 0
102 163 40 14726.7 0 0
102 163 40 14730.9 0 0
102 163 40 14735.1 0 0
102 163 0 14739.3 0 0
102 163 39 14743.5 0 0
102 163 40 14750.6 0 0
102 163 40 14754.8 0 0
102 163 40 14759 0 0
102 163 40 14763.2 0 0
102 163 40 14767.4 0 0
102 163 41 14771.7 0 0
102 163 41 14775.9 0 0
102 163 41 14780.2 0 0
102 163 41 14784.4 0 0
102 163 41 14788.7 0 0
102 163 41 14792.9 0 0
102 163 41 14797.1 0 0
102 163 0 14801.3 0 0
102 163 42 14805.5 0 0
102 163 42 14809.7 0 0
102 163 43 14813.9 0 0
102 163 43 14818.1 0 0
102 163 42 14822.4 0 0
102 163 41 14826.5 0 0
101 165 42 14830.8 0 0
101 165 42 14835 0 0
104 164 41 14839.2 0 0
101 167 41 14843.4 0 0
101 167 41 14850.5 0 0
101 167 41 14854.7 0 0
101 167 41 14858.9 0 0
101 167 41 14863.1 0 0
101 167 42 14867.3 0 0
101 167 0 14871.6 0 0
101 167 42 14875.8 0 0
101 167 41 14880 0 0
101 167 42 14884.2 0 0
101 167 42 14888.4 0 0
123 155 42 14892.6 0 0
124 156 41 14896.8 0 0
124 156 0 14901 0 0
127 144 41 14922.1 0 0
129 141 41 14926.3 0 0
127 148 43 14930.5 0 0
128 149 42 14934.8 0 0
127 151 42 14939 0 0
127 151 42 14943.2 0 0
127 151 0 14947.4 0 0
127 151 0 14951.6 0 0
127 151 42 14955.8 0 0
127 151 43 14960 0 0
127 151 41 14964.3 0 0
127 151 42 14968.5 0 0
127 151 42 14972.7 0 0
127 151 42 14976.9 0 0
127 151 41 14981.1 0 0
127 151 42 14985.3 0 0
127 151 42 14989.5 0 0
127 151 42 14993.8 0 0
127 151 42 14998 0 0
127 151 42 15002.2 0 0
127 151 42 15006.4 0 0
127 151 43 15010.6 0 0
127 151 43 15014.8 0 0
127 151 42 15019 0 0
127 151 43 15023.2 0 0
127 151 43 15027.4 0 0
127 151 43 15031.6 0 0
127 151 43 15036 0 0
127 151 43 15040.2 0 0
127 151 43 15044.4 0 0
127 151 43 15048.6 0 0
127 151 43 15063.8 0 0
127 151 43 15068 0 0
127 151 45 15072.2 0 0
127 151 46 15076.4 0 0
127 151 45 15080.6 0 0
127 151 44 15089 0 0
127 151 44 15093.2 0 0
127 151 43 15097.5 0 0
127 151 43 15101.7 0 0
127 151 42 15105.9 0 0
127 151 42 15110.1 0 0
127 151 42 15114.3 0 0
127 151 42 15118.5 0 0
127 151 42 15123.2 0 0
127 151 42 15127.5 0 0
127 151 42 15131.7 0 0
127 151 42 15135.9 0 0
127 151 42 15140.1 0 0
26 54 41 15586.9 0 0
30 68 41 15591.1 0 0
32 68 42 15595.4 0 0
32 69 41 15599.6 0 0
31 68 41 15603.8 0 0
32 70 40 15608 0 0
32 70 41 15612.4 0 0
32 70 41 15616.6 0 0
32 72 41 15620.8 0 0
33 73 41 15625.1 0 0
34 73 41 15629.3 0 0
34 72 41 15633.5 0 0
35 73 41 15637.7 0 0
32 74 41 15641.9 0 0
36 69 40 15646.1 0 0
35 70 40 15650.4 0 0
36 70 40 15654.7 0 0
35 72 41 15658.9 0 0
32 73 41 15663.1 0 0
33 75 40 15667.3 0 0
34 72 41 15671.5 0 0
31 74 41 15675.7 0 0
36 70 41 15680 0 0
34 72 40 15684.2 0 0
33 70 40 15688.4 0 0
33 66 40 15692.6 0 0
36 70 39 15696.8 0 0
34 66 40 15701 0 0
35 66 40 15705.2 0 0
32 67 41 15709.4 0 0
36 69 40 15713.7 0 0
35 69 40 15717.9 0 0
33 70 40 15722.1 0 0
31 70 40 15728.9 0 0
34 69 40 15733.2 0 0
35 68 40 15737.4 0 0
35 68 0 15741.6 0 0
33 66 41 15745.9 0 0
33 69 40 15750.1 0 0
32 69 39 15754.3 0 0
32 68 40 15758.5 0 0
33 73 39 15762.7 0 0
36 63 40 15766.9 0 0
30 70 40 15771.1 0 0
32 67 40 15775.3 0 0
32 69 39 15779.5 0 0
34 65 40 15783.8 0 0
33 68 40 15788 0 0
32 67 41 15792.2 0 0
33 66 39 15796.4 0 0
33 66 0 15800.6 0 0
32 65 40 15804.8 0 0
33 66 40 15809 0 0
32 63 39 15813.3 0 0
33 66 40 15817.5 0 0
31 66 40 15821.7 0 0
33 66 40 15825.9 0 0
32 66 40 15830.1 0 0
33 61 41 15837.3 0 0
33 60 39 15841.5 0 0
25 44 39 15845.7 0 0
25 44 40 15849.9 0 0
25 44 40 15854.1 0 0
25 44 42 15858.4 0 0
25 44 42 15862.6 0 0
25 44 42 15866.8 0 0
25 44 43 15871 0 0
25 44 42 15875.2 0 0
25 44 42 15879.4 0 0
25 44 41 15883.6 0 0
25 44 41 15887.8 0 0
25 44 41 15892 0 0
25 44 42 15896.3 0 0
25 44 42 15900.5 0 0
25 44 42 15904.7 0 0
25 44 41 15908.9 0 0
25 44 42 15913.1 0 0
25 44 41 15917.3 0 0
25 44 41 15921.5 0 0
25 44 41 15928.7 0 0
25 44 42 15933 0 0
25 44 41 15937.2 0 0
25 44 42 15941.4 0 0
25 44 41 15945.6 0 0
25 44 41 15949.8 0 0
25 44 41 15954 0 0
25 44 42 15958.2 0 0
25 44 41 15962.5 0 0
25 44 41 15966.7 0 0
25 44 41 15970.9 0 0
25 44 41 15975.1 0 0
25 44 42 15979.3 0 0
25 44 40 15983.5 0 0
25 44 41 15987.7 0 0
25 44 41 15991.9 0 0
25 44 42 15996.2 0 0
25 44 41 16000.4 0 0
25 44 42 16004.6 0 0
25 44 41 16008.8 0 0
25 44 40 16013 0 0
25 44 41 16017.2 0 0
25 44 41 16021.8 0 0
25 44 41 16026 0 0
25 44 41 16032.8 0 0
25 44 40 16037 0 0
25 44 40 16041.2 0 0
25 44 42 16045.4 0 0
169 52 39 16121.3 0 0
176 44 38 16125.5 0 0
190 45 37 16129.7 0 0
198 41 37 16133.9 0 0
198 41 0 16138.1 0 0
207 44 35 16142.3 0 0
203 55 35 16146.5 0 0
203 52 36 16150.7 0 0
204 47 35 16155 0 0
203 44 35 16161.9 0 0
207 47 35 16166.1 0 0
205 46 35 16170.4 0 0
204 39 36 16174.6 0 0
204 39 0 16178.9 0 0
205 42 34 16183.1 0 0
205 42 0 16187.3 0 0
203 41 34 16191.5 0 0
203 42 34 16195.7 0 0
207 40 33 16199.9 0 0
207 40 0 16204.1 0 0
205 40 34 16208.3 0 0
205 37 34 16212.6 0 0
203 35 34 16216.8 0 0
206 39 34 16221 0 0
206 38 34 16225.2 0 0
207 36 35 16229.5 0 0
207 36 0 16233.6 0 0
207 40 35 16238 0 0
207 40 0 16242.2 0 0
207 43 34 16249.1 0 0
207 41 0 16257.6 0 0
204 44 0 16265.8 0 0
208 36 35 16274.3 0 0
206 39 34 16282.6 0 0
204 40 0 16290.8 0 0
208 42 35 16299.3 0 0
208 42 35 16307.8 0 0
206 40 0 16315.2 0 0
205 40 35 16319.5 0 0
206 38 35 16324.2 0 0
207 42 35 16328.5 0 0
205 35 35 16332.8 0 0
206 40 36 16337 0 0
205 45 35 16341.2 0 0
206 42 36 16345.4 0 0
206 42 0 16349.6 0 0
207 46 36 16353.8 0 0
206 43 36 16358 0 0
207 43 35 16362.2 0 0
206 41 36 16366.4 0 0
206 41 0 16370.7 0 0
206 41 0 16374.9 0 0
205 39 36 16379.1 0 0
206 44 35 16383.3 0 0
207 42 35 16387.5 0 0
204 45 36 16391.7 0 0
204 45 0 16395.9 0 0
207 37 34 16400.1 0 0
206 38 34 16404.3 0 0
206 38 0 16408.6 0 0
206 38 0 16412.8 0 0
205 39 35 16417 0 0
206 34 35 16421.2 0 0
206 34 0 16425.4 0 0
207 39 34 16429.6 0 0
207 39 34 16433.8 0 0
206 34 0 16440.2 0 0
211 29 35 16444.4 0 0
211 29 0 16448.6 0 0
211 29 0 16452.8 0 0
214 32 34 16457 0 0
214 32 0 16461.2 0 0
200 41 35 16465.5 0 0
200 41 0 16470 0 0
200 41 0 16474.2 0 0
200 41 0 16478.4 0 0
200 41 0 16482.6 0 0
200 41 0 16486.8 0 0
200 41 0 16491 0 0
200 41 0 16495.2 0 0
200 41 0 16499.4 0 0
200 41 0 16503.6 0 0
200 41 0 16507.8 0 0
200 41 0 16512 0 0
200 41 0 16516.2 0 0
200 41 0 16520.5 0 0
200 41 0 16524.7 0 0
200 41 0 16528.9 0 0
200 41 0 16534 0 0
200 41 0 16538.2 0 0
200 41 0 16542.5 0 0
200 41 0 16546.7 0 0
200 41 0 16550.9 0 0
200 41 0 16555.1 0 0
200 41 0 16559.3 0 0
200 41 0 16563.6 0 0
200 41 0 16567.8 0 0
200 41 0 16572 0 0
200 41 0 16576.2 0 0
200 41 0 16580.4 0 0
200 41 0 16584.7 0 0
200 41 0 16589.1 0 0
200 41 0 16593.3 0 0
200 41 0 16597.6 0 0
200 41 0 16601.8 0 0
129 138 38 16606 0 0
126 141 39 16610.2 0 0
127 140 38 16614.4 0 0
129 139 38 16618.6 0 0
129 139 0 16622.8 0 0
129 139 0 16627 0 0
124 141 38 16631.2 0 0
124 141 0 16635.5 0 0
127 138 37 16639.7 0 0
127 138 0 16643.9 0 0
124 139 39 16648.1 0 0
122 136 38 16652.3 0 0
124 139 38 16656.5 0 0
125 141 39 16660.8 0 0
122 147 38 16665 0 0
122 147 0 16669.2 0 0
122 147 39 16673.3 0 0
122 147 39 16677.6 0 0
122 147 37 16681.8 0 0
129 134 39 16690.3 0 0
126 140 39 16698.7 0 0
125 140 39 16702.9 0 0
123 143 39 16707.2 0 0
122 146 39 16711.4 0 0
123 146 38 16715.6 0 0
123 146 38 16719.8 0 0
123 145 39 16724.1 0 0
128 142 38 16728.3 0 0
119 145 39 16732.5 0 0
123 139 39 16736.7 0 0
124 139 39 16740.9 0 0
125 142 39 16745.1 0 0
125 141 39 16749.3 0 0
122 145 38 16753.5 0 0
123 141 39 16757.8 0 0
122 146 40 16762 0 0
121 148 39 16766.2 0 0
123 142 38 16770.4 0 0
123 145 41 16774.7 0 0
123 139 39 16778.9 0 0
119 147 38 16783.1 0 0
123 146 39 16787.3 0 0
116 151 39 16791.5 0 0
121 147 39 16795.8 0 0
120 144 39 16800 0 0
120 145 39 16804.2 0 0
120 145 39 16808.4 0 0
120 145 39 16812.7 0 0
120 145 39 16816.9 0 0
120 145 39 16821.1 0 0
120 145 39 16825.3 0 0
120 145 39 16829.5 0 0
113 152 39 16833.7 0 0
113 152 39 16837.9 0 0
113 152 39 16842.1 0 0
113 152 41 16846.3 0 0
113 152 40 16850.5 0 0
113 152 39 16854.7 0 0
113 152 0 16858.9 0 0
113 152 41 16863.2 0 0
113 152 40 16867.4 0 0
113 152 41 16871.6 0 0
113 152 41 16875.8 0 0
113 152 41 16880 0 0
113 152 41 16884.2 0 0
113 152 41 16888.4 0 0
113 152 41 16892.6 0 0
113 152 41 16896.8 0 0
113 152 41 16901.1 0 0
113 152 42 16905.8 0 0
113 152 42 16910 0 0
113 152 41 16914.2 0 0
113 152 41 16918.4 0 0
113 152 41 16922.6 0 0
113 152 0 16926.8 0 0
113 152 42 16931 0 0
113 152 41 16935.2 0 0
113 152 41 16939.5 0 0
113 152 41 16943.7 0 0
113 152 42 16947.9 0 0
113 152 41 16952.1 0 0
113 152 0 16956.3 0 0
113 152 0 16960.5 0 0
113 152 42 16964.8 0 0
113 152 41 16969 0 0
113 152 42 16973.2 0 0
113 152 42 16977.4 0 0
113 152 42 16981.6 0 0
113 152 42 16985.8 0 0
113 152 0 16990 0 0
113 152 42 16994.3 0 0
113 152 43 16998.7 0 0
113 152 0 17003 0 0
113 152 42 17007.2 0 0
113 152 0 17011.4 0 0
113 152 42 17015.6 0 0
113 152 42 17019.8 0 0
113 152 43 17024.3 0 0
113 152 43 17028.5 0 0
113 152 43 17032.7 0 0
113 152 43 17037 0 0
175 81 45 17366.6 0 0
181 39 45 17370.8 0 0
188 44 44 17375 0 0
192 37 44 17379.2 0 0
191 37 45 17383.5 0 0
191 39 44 17387.7 0 0
191 48 43 17391.9 0 0
191 48 0 17396.1 0 0
189 48 43 17400.3 0 0
189 48 43 17405 0 0
190 48 44 17409.2 0 0
189 50 43 17413.4 0 0
191 46 43 17417.6 0 0
190 49 43 17421.8 0 0
186 50 43 17426 0 0
186 50 0 17430.2 0 0
189 50 43 17434.5 0 0
188 49 43 17438.7 0 0
188 47 43 17442.9 0 0
188 48 43 17447.1 0 0
189 50 44 17451.3 0 0
188 44 44 17455.5 0 0
190 51 43 17459.7 0 0
188 47 44 17464.2 0 0
190 48 43 17468.5 0 0
190 49 43 17472.7 0 0
189 47 44 17476.9 0 0
191 49 43 17481.1 0 0
189 51 43 17485.3 0 0
188 50 43 17489.5 0 0
187 50 43 17493.8 0 0
187 51 43 17498 0 0
187 50 43 17502.2 0 0
186 46 43 17506.4 0 0
187 51 43 17510.6 0 0
188 47 43 17514.8 0 0
186 51 43 17519.1 0 0
190 51 43 17523.3 0 0
188 48 43 17527.5 0 0
191 51 42 17531.7 0 0
188 50 43 17536 0 0
191 49 42 17540.2 0 0
189 49 42 17544.4 0 0
188 52 43 17548.6 0 0
190 48 42 17552.8 0 0
187 49 43 17557 0 0
189 50 42 17561.2 0 0
191 51 44 17565.5 0 0
189 50 42 17569.7 0 0
191 49 43 17573.9 0 0
188 53 42 17578.1 0 0
189 51 43 17582.3 0 0
189 52 42 17586.5 0 0
188 46 42 17590.7 0 0
189 48 42 17595 0 0
189 50 42 17599.2 0 0
189 48 42 17603.4 0 0
189 48 42 17607.6 0 0
189 49 41 17611.8 0 0
189 53 42 17616 0 0
192 50 41 17620.2 0 0
189 50 42 17624.5 0 0
190 48 41 17628.7 0 0
188 46 41 17632.9 0 0
191 51 41 17637.1 0 0
188 48 42 17641.3 0 0
190 47 41 17645.5 0 0
189 48 42 17649.7 0 0
189 49 41 17653.9 0 0
189 51 41 17658.2 0 0
189 50 40 17662.4 0 0
188 47 42 17666.6 0 0
188 50 41 17670.8 0 0
189 49 41 17675 0 0
188 48 41 17679.2 0 0
188 47 41 17683.5 0 0
188 49 41 17687.7 0 0
185 45 40 17691.9 0 0
188 48 40 17696.1 0 0
188 49 40 17700.3 0 0
189 50 41 17704.6 0 0
187 44 41 17708.8 0 0
185 39 40 17713 0 0
193 41 41 17717.2 0 0
204 43 39 17721.5 0 0
215 47 39 17725.7 0 0
221 51 39 17729.9 0 0
234 48 39 17734.1 0 0
234 48 38 17738.3 0 0
234 48 38 17742.5 0 0
234 48 38 17746.7 0 0
234 48 37 17751 0 0
234 48 37 17755.2 0 0
234 48 37 17759.4 0 0
234 48 38 17763.6 0 0
234 48 37 17767.8 0 0
234 48 0 17772.2 0 0
234 48 38 17776.5 0 0
234 48 36 17780.7 0 0
234 48 37 17784.9 0 0
234 48 36 17789.1 0 0
234 48 36 17793.3 0 0
234 48 37 17797.5 0 0
234 48 36 17801.7 0 0
234 48 37 17805.9 0 0
234 48 37 17810.2 0 0
234 48 36 17814.4 0 0
234 48 37 17818.6 0 0
234 48 0 17822.8 0 0
234 48 0 17827 0 0
234 48 36 17831.2 0 0
234 48 0 17835.5 0 0
234 48 36 17839.7 0 0
234 48 37 17843.9 0 0
234 48 0 17848.2 0 0
234 48 35 17852.3 0 0
234 48 35 17856.5 0 0
234 48 36 17860.8 0 0
234 48 35 17865 0 0
234 48 36 17869.2 0 0
234 48 36 17873.9 0 0
234 48 35 17878.2 0 0
234 48 35 17882.4 0 0
234 48 36 17886.6 0 0
234 48 35 17890.8 0 0
234 48 35 17895 0 0
234 48 35 17899.2 0 0
234 48 34 17903.5 0 0
234 48 0 17907.7 0 0
234 48 35 17911.9 0 0
234 48 35 17916.1 0 0
234 48 0 17920.3 0 0
234 48 0 17924.5 0 0
234 48 35 17928.7 0 0
234 48 0 17933.2 0 0
106 200 41 18955 0 0
106 200 39 18959.3 0 0
106 199 39 18963.5 0 0
112 192 39 18967.7 0 0
105 201 39 18972 0 0
104 201 38 18976.2 0 0
108 199 39 18980.4 0 0
105 203 39 18984.6 0 0
106 198 39 18988.8 0 0
103 199 39 18993 0 0
109 195 39 18997.3 0 0
106 200 39 19001.5 0 0
104 197 39 19005.7 0 0
104 197 40 19009.9 0 0
104 197 39 19014.1 0 0
104 197 40 19018.3 0 0
105 198 39 19022.5 0 0
105 198 39 19026.7 0 0
105 198 40 19031 0 0
109 197 39 19035.2 0 0
103 199 39 19039.4 0 0
108 193 40 19043.6 0 0
106 197 39 19047.8 0 0
105 197 38 19062 0 0
104 197 39 19066.2 0 0
100 201 39 19071.5 0 0
105 199 40 19075.8 0 0
107 192 38 19080 0 0
105 196 39 19089 0 0
104 195 38 19093.2 0 0
111 192 39 19097.5 0 0
103 197 38 19101.7 0 0
106 195 37 19105.9 0 0
106 195 38 19110.1 0 0
104 198 38 19114.3 0 0
102 200 38 19118.5 0 0
98 202 38 19122.7 0 0
97 205 40 19126.9 0 0
99 199 40 19134 0 0
105 195 39 19142.4 0 0
102 195 39 19150.7 0 0
102 195 40 19158.9 0 0
102 195 40 19167.4 0 0
79 237 40 19174.6 0 0
87 222 40 19178.8 0 0
78 238 40 19183.9 0 0
78 238 41 19188.2 0 0
78 238 40 19192.4 0 0
78 238 40 19196.6 0 0
78 238 40 19200.8 0 0
83 225 40 19205 0 0
83 233 40 19209.2 0 0
90 217 40 19213.4 0 0
90 217 39 19217.6 0 0
87 223 40 19221.8 0 0
87 223 40 19226 0 0
87 223 41 19230.2 0 0
87 220 40 19234.4 0 0
84 222 39 19238.6 0 0
87 219 39 19242.8 0 0
83 226 39 19247.1 0 0
83 226 40 19251.3 0 0
80 232 41 19255.5 0 0
83 215 40 19259.7 0 0
85 219 40 19263.9 0 0
81 221 40 19268.1 0 0
82 224 40 19272.3 0 0
79 230 40 19276.5 0 0
75 240 40 19280.7 0 0
92 210 39 19332 0 0
90 212 38 19336.3 0 0
90 218 39 19340.5 0 0
90 214 39 19344.7 0 0
92 218 39 19348.9 0 0
86 219 39 19353.1 0 0
86 219 0 19357.3 0 0
86 219 40 19361.5 0 0
86 219 39 19365.7 0 0
86 219 39 19370 0 0
86 219 39 19374.2 0 0
86 219 39 19378.4 0 0
86 219 39 19382.6 0 0
86 219 39 19386.8 0 0
86 219 39 19391 0 0
86 219 39 19395.2 0 0
78 232 40 19399.4 0 0
78 232 40 19403.6 0 0
85 220 40 19407.8 0 0
86 227 39 19412 0 0
86 227 38 19416.2 0 0
86 227 36 19420.4 0 0
86 227 37 19424.7 0 0
111 190 39 19428.9 0 0
119 182 39 19433.1 0 0
119 182 0 19437.3 0 0
130 161 39 19445.7 0 0
127 168 39 19458.3 0 0
127 167 40 19466.8 0 0
103 114 50 20865.7 0 0
94 104 49 20870.2 0 0
94 104 48 20874.4 0 0
94 104 49 20878.6 0 0
94 104 49 20882.8 0 0
94 104 48 20887 0 0
94 104 50 20891.2 0 0
94 104 48 20895.4 0 0
74 131 49 20899.6 0 0
74 131 50 20903.8 0 0
76 123 49 20908 0 0
76 123 49 20912.2 0 0
76 119 49 20916.5 0 0
73 120 49 20920.7 0 0
76 131 47 20925 0 0
76 120 49 20929.2 0 0
74 119 51 20933.4 0 0
74 129 47 20937.6 0 0
74 129 50 20941.9 0 0
74 129 48 20946.1 0 0
74 129 48 20950.3 0 0
77 117 49 20954.5 0 0
75 118 48 20961.6 0 0
76 118 48 20965.8 0 0
74 116 51 20970.1 0 0
74 116 47 20974.3 0 0
76 113 53 20978.5 0 0
76 113 48 20982.7 0 0
76 112 49 20986.9 0 0
70 119 47 20991.1 0 0
74 113 50 20995.3 0 0
75 114 48 20999.6 0 0
77 113 49 21003.8 0 0
72 114 48 21008 0 0
70 107 48 21012.2 0 0
