138 123 40 23039.5 0 0
141 120 41 23043.7 0 0
137 123 40 23047.9 0 0
138 124 40 23052.2 0 0
138 120 40 23056.4 0 0
138 123 40 23060.6 0 0
140 122 40 23064.8 0 0
137 121 41 23069 0 0
141 122 40 23073.2 0 0
140 124 40 23077.5 0 0
139 122 40 23081.7 0 0
141 122 40 23085.9 0 0
136 124 40 23090.2 0 0
139 122 40 23094.4 0 0
140 120 40 23098.6 0 0
138 123 40 23102.8 0 0
140 122 40 23107 0 0
139 121 40 23111.2 0 0
139 125 40 23115.5 0 0
138 121 40 23119.7 0 0
139 124 40 23123.9 0 0
139 126 40 23128.1 0 0
139 120 40 23132.3 0 0
137 121 40 23136.5 0 0
137 121 40 23140.8 0 0
139 122 41 23151.3 0 0
140 122 41 23155.5 0 0
139 122 40 23160.3 0 0
139 121 40 23164.6 0 0
139 125 40 23168.8 0 0
138 121 41 23173 0 0
143 126 40 23177.3 0 0
139 124 41 23181.5 0 0
136 123 41 23185.7 0 0
141 121 40 23189.9 0 0
140 119 41 23194.1 0 0
138 121 40 23198.4 0 0
139 125 39 23202.6 0 0
140 123 40 23206.8 0 0
138 120 40 23211 0 0
134 120 40 23215.3 0 0
136 122 40 23219.5 0 0
139 120 40 23223.7 0 0
138 120 40 23227.9 0 0
136 123 40 23232.1 0 0
141 118 39 23236.3 0 0
136 123 40 23240.6 0 0
140 121 40 23244.8 0 0
137 120 40 23249 0 0
136 125 40 23253.2 0 0
137 120 39 23257.4 0 0
139 123 39 23264.3 0 0
140 126 40 23268.5 0 0
140 126 39 23272.8 0 0
144 112 39 23277 0 0
145 105 40 23281.2 0 0
149 95 40 23285.4 0 0
149 88 40 23289.6 0 0
154 76 40 23293.8 0 0
158 68 40 23298 0 0
158 68 0 23302.2 0 0
160 66 40 23306.5 0 0
160 60 40 23310.7 0 0
160 60 0 23314.9 0 0
156 60 40 23319.1 0 0
156 60 0 23323.3 0 0
156 60 0 23327.5 0 0
160 69 40 23331.8 0 0
163 65 40 23336 0 0
157 70 40 23340.3 0 0
157 70 0 23344.5 0 0
159 67 40 23348.7 0 0
162 70 39 23352.9 0 0
163 67 40 23357.2 0 0
167 62 39 23361.4 0 0
167 68 39 23365.6 0 0
160 64 39 23369.9 0 0
163 66 40 23374.1 0 0
163 66 0 23380.9 0 0
161 68 39 23385.1 0 0
161 69 39 23389.3 0 0
163 66 39 23393.5 0 0
163 63 38 23397.8 0 0
158 60 38 23402 0 0
163 65 38 23406.2 0 0
169 57 37 23410.4 0 0
169 57 0 23414.6 0 0
169 57 37 23418.8 0 0
169 57 37 23423 0 0
169 57 0 23427.3 0 0
169 57 37 23431.5 0 0
197 49 36 23435.7 0 0
197 49 36 23439.9 0 0
197 49 36 23444.1 0 0
197 49 35 23448.3 0 0
197 49 35 23452.5 0 0
197 49 35 23456.8 0 0
197 49 35 23461 0 0
197 49 35 23465.2 0 0
197 49 35 23469.4 0 0
197 49 35 23473.6 0 0
197 49 0 23479.3 0 0
197 49 34 23483.6 0 0
197 49 33 23489 0 0
197 49 33 23493.3 0 0
197 49 0 23497.5 0 0
197 49 0 23501.7 0 0
197 49 32 23506 0 0
197 49 0 23510.2 0 0
197 49 0 23514.4 0 0
197 49 31 23518.6 0 0
197 49 0 23522.8 0 0
197 49 0 23527 0 0
197 49 0 23531.3 0 0
197 49 29 23535.5 0 0
197 49 0 23539.7 0 0
197 49 0 23543.9 0 0
197 49 31 23548.1 0 0
197 49 30 23552.4 0 0
197 49 29 23556.6 0 0
197 49 0 23560.8 0 0
197 49 0 23565 0 0
197 49 0 23569.2 0 0
197 49 0 23573.4 0 0
197 49 24 23577.7 0 0
197 49 23 23581.9 0 0
197 49 0 23586.1 0 0
197 49 28 23593.4 0 0
197 49 0 23601.6 0 0
197 49 0 23609.9 0 0
197 49 0 23618 0 0
197 49 0 23625.9 0 0
259 228 29 23915.1 0 0
260 220 28 23930.6 0 0
260 239 28 23938.8 0 0
258 224 29 23963.8 0 0
259 221 28 23968 0 0
259 221 0 23972.3 0 0
259 226 28 23976.5 0 0
259 226 0 23980.7 0 0
255 216 29 23984.9 0 0
253 212 29 23989.1 0 0
253 212 0 23993.4 0 0
259 231 30 23997.6 0 0
258 225 29 24001.8 0 0
258 225 0 24006 0 0
258 216 29 24010.2 0 0
258 216 0 24014.4 0 0
254 209 30 24018.6 0 0
257 217 30 24022.9 0 0
259 211 29 24027.1 0 0
259 211 0 24031.3 0 0
257 215 31 24035.8 0 0
255 213 29 24040 0 0
260 219 29 24044.3 0 0
257 215 30 24052.7 0 0
256 211 30 24057 0 0
256 203 31 24063.9 0 0
259 216 31 24068.1 0 0
251 207 31 24072.3 0 0
250 214 30 24076.5 0 0
257 214 30 24080.7 0 0
255 208 30 24085 0 0
255 224 31 24089.2 0 0
254 217 31 24093.4 0 0
258 215 31 24097.6 0 0
253 201 31 24101.8 0 0
257 217 31 24106 0 0
257 222 32 24110.2 0 0
257 225 31 24114.5 0 0
253 209 31 24118.7 0 0
253 208 33 24122.9 0 0
254 206 32 24127.1 0 0
250 201 31 24131.3 0 0
252 201 31 24135.5 0 0
255 216 31 24139.7 0 0
252 200 32 24144 0 0
255 206 34 24148.2 0 0
254 197 32 24152.4 0 0
254 197 32 24159.4 0 0
252 198 33 24166.8 0 0
257 207 32 24171 0 0
250 199 33 24176.1 0 0
251 206 33 24180.4 0 0
252 200 33 24184.6 0 0
253 198 33 24188.8 0 0
247 194 34 24193 0 0
249 195 32 24197.2 0 0
253 205 34 24201.4 0 0
248 198 33 24205.6 0 0
250 196 34 24209.9 0 0
251 189 33 24214.1 0 0
250 190 34 24218.3 0 0
249 194 35 24222.5 0 0
249 190 33 24226.7 0 0
250 195 34 24230.9 0 0
250 198 33 24235.1 0 0
254 204 35 24239.4 0 0
247 195 33 24243.6 0 0
246 183 34 24247.8 0 0
247 174 34 24252 0 0
248 169 34 24256.2 0 0
242 139 35 24260.4 0 0
246 123 34 24264.6 0 0
241 107 34 24268.8 0 0
245 96 33 24273.1 0 0
244 88 34 24277.3 0 0
239 83 34 24281.5 0 0
233 65 35 24285.8 0 0
233 65 35 24290 0 0
233 65 35 24296.9 0 0
233 65 35 24301.2 0 0
233 65 35 24305.4 0 0
233 65 34 24309.6 0 0
233 65 35 24313.8 0 0
233 65 35 24318 0 0
233 65 35 24322.2 0 0
233 65 0 24326.4 0 0
233 65 35 24330.7 0 0
233 65 0 24334.9 0 0
233 65 34 24339.1 0 0
233 65 34 24343.3 0 0
233 65 35 24347.5 0 0
233 65 0 24351.7 0 0
233 65 36 24355.9 0 0
236 84 35 24360.1 0 0
236 84 35 24364.4 0 0
236 84 36 24368.6 0 0
236 84 36 24372.8 0 0
236 84 0 24377 0 0
236 84 36 24381.2 0 0
236 84 36 24385.4 0 0
236 84 35 24389.6 0 0
236 84 0 24393.8 0 0
236 84 35 24400.6 0 0
236 84 0 24404.9 0 0
236 84 0 24409.1 0 0
236 84 36 24413.3 0 0
236 84 35 24417.5 0 0
236 84 0 24421.8 0 0
236 84 36 24426 0 0
236 84 0 24430.2 0 0
240 64 36 24434.5 0 0
240 64 35 24438.7 0 0
240 64 0 24442.9 0 0
239 53 36 24447.1 0 0
241 55 36 24451.3 0 0
241 55 0 24455.5 0 0
238 61 36 24459.7 0 0
238 61 0 24463.9 0 0
236 60 37 24468.1 0 0
239 57 36 24472.3 0 0
238 64 37 24476.5 0 0
236 60 36 24480.8 0 0
236 55 37 24485 0 0
238 59 36 24489.2 0 0
232 58 36 24493.4 0 0
240 60 37 24497.7 0 0
240 60 37 24501.8 0 0
240 63 37 24506.1 0 0
240 63 0 24510.3 0 0
240 63 0 24514.5 0 0
238 63 37 24518.7 0 0
242 62 37 24522.9 0 0
241 59 0 24527.2 0 0
239 65 37 24534 0 0
236 64 36 24538.2 0 0
236 64 0 24542.4 0 0
236 64 0 24546.6 0 0
237 64 37 24550.9 0 0
240 63 37 24555.1 0 0
235 65 37 24559.3 0 0
233 59 38 24563.5 0 0
237 61 37 24567.7 0 0
236 64 38 24571.9 0 0
235 64 37 24576.2 0 0
235 64 0 24580.4 0 0
235 67 38 24584.9 0 0
236 63 37 24589.1 0 0
236 68 37 24593.3 0 0
236 65 37 24597.5 0 0
236 65 0 24601.8 0 0
238 67 38 24606 0 0
238 58 38 24610.2 0 0
234 61 38 24614.5 0 0
235 60 38 24618.7 0 0
238 65 37 24622.9 0 0
236 64 38 24627.1 0 0
239 68 37 24633.9 0 0
241 64 38 24638.2 0 0
237 60 38 24642.4 0 0
238 61 38 24646.6 0 0
235 64 38 24650.8 0 0
231 67 37 24655 0 0
224 67 37 24659.2 0 0
207 67 38 24663.5 0 0
196 83 38 24667.8 0 0
185 89 38 24672 0 0
176 87 38 24676.2 0 0
168 90 37 24680.4 0 0
168 90 0 24684.6 0 0
148 100 36 24688.8 0 0
134 113 35 24693.1 0 0
127 102 36 24697.3 0 0
120 107 35 24701.5 0 0
117 116 35 24705.7 0 0
118 114 35 24709.9 0 0
120 117 36 24714.1 0 0
120 117 0 24718.3 0 0
121 104 35 24722.5 0 0
120 111 0 24726.8 0 0
120 115 35 24733.6 0 0
124 110 35 24738 0 0
120 111 35 24742.2 0 0
118 115 36 24746.5 0 0
122 111 35 24750.7 0 0
122 110 35 24754.9 0 0
122 112 36 24759.1 0 0
118 116 34 24763.3 0 0
121 114 35 24767.5 0 0
118 123 36 24771.8 0 0
119 118 35 24776 0 0
121 115 36 24780.7 0 0
119 116 36 24784.9 0 0
120 117 36 24789.1 0 0
119 116 36 24793.3 0 0
120 116 36 24797.5 0 0
118 117 35 24801.7 0 0
119 121 0 24805.9 0 0
119 116 36 24813 0 0
121 116 35 24817.2 0 0
122 118 36 24821.3 0 0
120 112 35 24825.6 0 0
122 121 37 24829.8 0 0
122 121 0 24834 0 0
122 115 36 24838.2 0 0
122 115 0 24842.4 0 0
122 115 36 24846.7 0 0
119 117 37 24850.8 0 0
120 111 37 24855.1 0 0
120 112 36 24859.3 0 0
119 116 36 24863.5 0 0
118 115 37 24867.7 0 0
120 119 36 24872 0 0
122 118 36 24876.2 0 0
119 117 37 24880.4 0 0
120 122 36 24884.6 0 0
119 116 36 24888.8 0 0
120 116 36 24893 0 0
121 127 36 24897.2 0 0
117 123 36 24901.5 0 0
121 117 37 24905.7 0 0
122 120 36 24909.9 0 0
121 113 36 24914.1 0 0
122 117 36 24918.3 0 0
118 124 36 24925.3 0 0
112 140 36 24929.6 0 0
106 151 34 24933.8 0 0
97 189 33 24938 0 0
94 182 34 24942.2 0 0
94 182 0 24946.4 0 0
83 200 35 24950.6 0 0
85 206 34 24954.8 0 0
90 204 34 24959.1 0 0
91 204 35 24963.3 0 0
89 204 34 24967.5 0 0
87 210 34 24971.7 0 0
87 216 34 24975.9 0 0
89 205 34 24980.2 0 0
89 207 34 24984.4 0 0
88 195 34 24988.7 0 0
90 202 35 24992.9 0 0
85 216 34 24997.1 0 0
85 216 34 25004.3 0 0
86 213 34 25010.6 0 0
86 216 33 25014.8 0 0
91 217 35 25020.8 0 0
91 197 34 25025 0 0
91 209 34 25029.4 0 0
91 209 0 25033.6 0 0
87 211 36 25037.8 0 0
88 220 34 25042 0 0
90 215 34 25046.2 0 0
88 214 34 25050.5 0 0
90 215 35 25054.7 0 0
83 230 35 25058.9 0 0
88 210 34 25063.1 0 0
87 212 35 25067.3 0 0
87 210 35 25071.5 0 0
88 215 36 25075.8 0 0
86 208 35 25080 0 0
86 208 0 25084.2 0 0
86 219 35 25088.4 0 0
87 208 34 25092.6 0 0
87 215 35 25096.8 0 0
84 222 34 25101 0 0
82 213 35 25105.2 0 0
86 212 35 25109.5 0 0
82 226 35 25113.8 0 0
84 211 35 25118 0 0
89 221 35 25122.2 0 0
85 217 36 25126.4 0 0
85 202 35 25133.4 0 0
85 202 0 25137.6 0 0
86 206 35 25141.8 0 0
83 211 36 25146 0 0
88 212 35 25150.3 0 0
85 206 35 25154.5 0 0
83 213 35 25158.7 0 0
84 212 35 25163 0 0
83 211 35 25167.2 0 0
82 211 36 25171.4 0 0
88 207 36 25175.6 0 0
90 210 36 25179.8 0 0
83 210 36 25184.1 0 0
84 218 36 25188.3 0 0
84 213 35 25192.5 0 0
88 213 35 25196.7 0 0
83 208 35 25200.9 0 0
87 209 35 25205.2 0 0
85 208 36 25209.4 0 0
86 210 37 25213.6 0 0
87 210 36 25217.8 0 0
84 207 35 25222 0 0
86 209 36 25226.2 0 0
87 210 35 25233.1 0 0
79 212 36 25237.3 0 0
86 214 35 25241.5 0 0
84 213 36 25245.9 0 0
84 216 35 25250.1 0 0
85 210 35 25254.3 0 0
83 216 35 25258.5 0 0
82 211 36 25262.8 0 0
86 215 36 25267 0 0
82 213 35 25271.2 0 0
83 209 36 25275.4 0 0
83 204 36 25279.6 0 0
86 211 36 25283.8 0 0
81 211 35 25288.1 0 0
83 216 36 25292.3 0 0
84 210 35 25296.5 0 0
83 213 35 25300.7 0 0
86 205 35 25304.9 0 0
81 213 35 25309.2 0 0
84 219 35 25313.4 0 0
86 215 35 25317.6 0 0
81 210 35 25321.8 0 0
81 213 35 25326 0 0
81 219 35 25330.2 0 0
84 211 35 25337.2 0 0
84 201 35 25341.4 0 0
84 209 34 25345.6 0 0
80 215 35 25349.8 0 0
85 211 35 25354 0 0
84 207 35 25358.2 0 0
81 218 35 25362.5 0 0
81 222 35 25366.7 0 0
84 213 35 25370.9 0 0
83 209 35 25375.1 0 0
85 209 35 25379.3 0 0
81 216 35 25383.5 0 0
82 209 36 25387.8 0 0
84 211 35 25392 0 0
78 216 35 25396.2 0 0
81 218 36 25400.4 0 0
87 208 35 25404.6 0 0
81 215 35 25408.8 0 0
83 215 35 25413 0 0
81 213 35 25417.2 0 0
82 215 36 25421.5 0 0
83 212 35 25425.7 0 0
84 206 36 25429.9 0 0
83 203 35 25434.2 0 0
85 211 35 25438.4 0 0
83 220 35 25442.6 0 0
81 226 36 25446.8 0 0
87 222 35 25453.8 0 0
83 208 36 25458.1 0 0
82 217 36 25462.3 0 0
83 216 35 25466.5 0 0
82 217 35 25470.8 0 0
81 219 35 25475 0 0
77 215 35 25479.2 0 0
86 216 35 25483.4 0 0
82 221 35 25487.6 0 0
81 224 36 25491.8 0 0
82 212 35 25496 0 0
83 214 34 25500.2 0 0
82 217 34 25504.4 0 0
85 217 34 25508.7 0 0
82 216 35 25512.9 0 0
87 210 35 25517.1 0 0
84 212 34 25521.3 0 0
84 218 34 25525.5 0 0
81 218 34 25529.7 0 0
83 216 35 25534 0 0
81 216 34 25538.2 0 0
81 213 34 25542.4 0 0
86 218 34 25546.6 0 0
83 214 34 25553.7 0 0
84 218 35 25558 0 0
82 220 34 25562.2 0 0
83 213 35 25566.4 0 0
84 210 34 25570.6 0 0
86 217 34 25574.8 0 0
83 220 34 25579 0 0
84 209 35 25583.3 0 0
82 224 35 25587.5 0 0
85 209 34 25591.7 0 0
82 214 34 25595.9 0 0
84 214 34 25600.2 0 0
83 211 34 25604.4 0 0
80 218 35 25608.6 0 0
84 213 35 25612.8 0 0
82 215 35 25617.1 0 0
82 214 34 25621.3 0 0
85 213 34 25625.5 0 0
84 218 34 25629.7 0 0
85 210 34 25633.9 0 0
83 208 34 25638.1 0 0
88 204 35 25642.3 0 0
88 204 35 25646.5 0 0
79 215 34 25651.3 0 0
83 211 35 25655.5 0 0
83 216 34 25659.7 0 0
83 222 34 25663.9 0 0
86 217 34 25668.1 0 0
84 202 34 25672.3 0 0
86 213 34 25676.6 0 0
79 214 34 25680.8 0 0
82 206 34 25685 0 0
84 206 34 25689.2 0 0
82 213 34 25693.4 0 0
82 207 35 25697.7 0 0
86 213 33 25701.9 0 0
80 213 34 25706.1 0 0
83 214 34 25710.3 0 0
81 221 34 25714.6 0 0
84 211 34 25718.8 0 0
81 215 35 25723 0 0
84 215 34 25727.2 0 0
83 217 34 25731.4 0 0
86 215 34 25735.6 0 0
82 211 35 25739.9 0 0
81 221 34 25744.1 0 0
84 214 34 25748.3 0 0
81 212 35 25752.5 0 0
81 219 34 25756.7 0 0
84 210 34 25760.9 0 0
81 211 34 25765.2 0 0
85 212 34 25769.4 0 0
84 213 34 25773.6 0 0
84 222 35 25777.8 0 0
81 215 34 25782 0 0
81 206 35 25786.3 0 0
85 194 33 25790.5 0 0
95 194 33 25794.7 0 0
104 187 33 25798.9 0 0
111 172 33 25803.8 0 0
116 160 34 25808 0 0
120 148 36 25812.2 0 0
123 136 36 25816.4 0 0
125 136 36 25820.6 0 0
128 131 36 25824.8 0 0
128 131 36 25829 0 0
128 134 36 25833.3 0 0
126 132 37 25837.5 0 0
130 133 36 25841.7 0 0
126 138 36 25845.9 0 0
127 137 36 25850.1 0 0
126 139 36 25854.3 0 0
129 133 36 25858.5 0 0
128 132 37 25862.8 0 0
129 132 36 25867 0 0
128 131 36 25871.2 0 0
128 137 36 25875.4 0 0
127 133 36 25879.6 0 0
126 135 36 25883.8 0 0
130 134 36 25888 0 0
128 134 36 25892.3 0 0
127 134 37 25896.5 0 0
128 133 36 25900.7 0 0
129 134 36 25904.9 0 0
125 134 36 25909.1 0 0
127 138 36 25913.3 0 0
129 135 36 25917.5 0 0
131 133 36 25921.8 0 0
125 138 37 25926 0 0
128 136 36 25930.2 0 0
127 139 36 25934.5 0 0
128 136 36 25938.7 0 0
129 140 36 25942.9 0 0
126 136 36 25947.1 0 0
127 137 36 25951.3 0 0
129 135 37 25955.5 0 0
129 137 36 25959.8 0 0
128 135 36 25964 0 0
128 141 37 25968.2 0 0
128 138 37 25972.4 0 0
129 141 36 25976.6 0 0
126 136 36 25980.8 0 0
127 140 36 25985 0 0
129 135 37 25989.2 0 0
127 140 36 25993.5 0 0
129 139 36 25997.7 0 0
127 136 36 26001.9 0 0
130 139 36 26006.1 0 0
127 141 37 26010.3 0 0
129 136 36 26014.5 0 0
128 137 36 26018.8 0 0
129 135 37 26023 0 0
130 133 37 26027.2 0 0
132 128 36 26031.4 0 0
127 118 35 26035.6 0 0
127 110 35 26039.8 0 0
127 96 35 26044 0 0
126 87 35 26048.3 0 0
126 87 0 26052.5 0 0
129 92 35 26056.7 0 0
132 93 35 26060.9 0 0
127 99 35 26065.1 0 0
128 97 35 26069.3 0 0
128 96 35 26073.5 0 0
128 94 36 26077.8 0 0
130 95 35 26082 0 0
128 95 35 26086.2 0 0
128 99 35 26090.5 0 0
129 94 36 26094.7 0 0
129 90 36 26098.9 0 0
128 96 35 26103.1 0 0
129 95 35 26107.3 0 0
127 91 35 26111.5 0 0
126 96 35 26115.7 0 0
127 95 35 26119.9 0 0
129 93 34 26124.2 0 0
129 95 35 26128.4 0 0
129 89 35 26132.6 0 0
128 98 35 26136.8 0 0
127 97 35 26141 0 0
128 96 35 26145.2 0 0
129 86 35 26149.4 0 0
127 94 35 26153.7 0 0
128 92 35 26157.9 0 0
129 94 35 26162.1 0 0
127 90 35 26166.3 0 0
128 96 35 26170.7 0 0
129 100 35 26175 0 0
127 90 35 26179.2 0 0
129 88 35 26183.4 0 0
129 88 35 26187.7 0 0
124 91 35 26191.9 0 0
124 87 35 26196.1 0 0
121 90 34 26200.3 0 0
118 72 32 26204.5 0 0
118 72 0 26208.8 0 0
118 72 0 26213 0 0
118 72 0 26217.2 0 0
118 72 0 26221.4 0 0
118 72 0 26225.6 0 0
118 72 0 26229.8 0 0
118 72 0 26234 0 0
118 72 0 26238.2 0 0
118 72 0 26242.5 0 0
118 72 0 26246.7 0 0
118 72 0 26250.9 0 0
118 72 0 26255.1 0 0
118 72 0 26259.3 0 0
118 72 0 26263.5 0 0
118 72 0 26267.7 0 0
118 72 0 26272 0 0
118 72 0 26276.2 0 0
118 72 0 26280.4 0 0
118 72 0 26284.8 0 0
118 72 0 26289 0 0
118 72 0 26293.2 0 0
118 72 0 26297.4 0 0
118 72 0 26301.6 0 0
118 72 0 26305.8 0 0
118 72 0 26310 0 0
118 72 0 26314.3 0 0
118 72 0 26318.5 0 0
118 72 0 26322.7 0 0
118 72 0 26326.9 0 0
118 72 0 26331.1 0 0
118 72 0 26335.3 0 0
118 72 0 26339.6 0 0
118 72 0 26343.8 0 0
118 72 0 26348 0 0
118 72 0 26352.2 0 0
118 72 0 26356.4 0 0
118 72 0 26360.6 0 0
118 72 0 26364.9 0 0
118 72 0 26369.1 0 0
118 72 0 26373.3 0 0
118 72 0 26377.5 0 0
118 72 0 26381.8 0 0
118 72 0 26386 0 0
118 72 0 26390.2 0 0
118 72 0 26394.4 0 0
118 72 0 26398.7 0 0
118 72 0 26402.9 0 0
104 75 32 26711.4 0 0
104 75 0 26715.6 0 0
117 103 35 26719.8 0 0
125 119 36 26724 0 0
131 135 36 26728.2 0 0
136 148 35 26732.4 0 0
140 166 36 26736.6 0 0
141 178 35 26740.9 0 0
138 183 36 26745.1 0 0
141 181 34 26749.3 0 0
139 181 34 26753.5 0 0
141 180 34 26757.7 0 0
138 173 35 26761.9 0 0
143 179 35 26766.1 0 0
141 183 34 26770.4 0 0
139 181 34 26774.6 0 0
137 183 35 26778.9 0 0
141 176 34 26783.2 0 0
136 183 35 26787.4 0 0
140 176 35 26791.6 0 0
140 185 35 26795.8 0 0
140 177 35 26800 0 0
138 168 35 26804.2 0 0
142 178 35 26808.5 0 0
138 176 35 26812.7 0 0
140 173 35 26816.9 0 0
141 176 35 26821.1 0 0
142 178 35 26825.3 0 0
140 175 35 26829.5 0 0
141 174 35 26833.8 0 0
140 180 35 26838 0 0
141 175 35 26842.2 0 0
142 175 35 26846.4 0 0
144 177 36 26850.6 0 0
141 178 35 26854.8 0 0
141 172 35 26859 0 0
140 174 36 26863.3 0 0
142 175 35 26867.5 0 0
142 171 36 26871.7 0 0
138 170 36 26875.9 0 0
138 167 36 26880.1 0 0
138 171 36 26884.3 0 0
138 171 36 26888.5 0 0
137 165 36 26892.8 0 0
137 170 36 26897 0 0
142 169 36 26901.2 0 0
141 169 35 26905.4 0 0
139 171 36 26909.6 0 0
139 175 36 26913.8 0 0
139 171 36 26918 0 0
140 173 36 26922.3 0 0
138 177 36 26926.5 0 0
139 176 36 26930.7 0 0
142 169 36 26934.9 0 0
140 177 36 26939.1 0 0
138 176 36 26943.3 0 0
138 175 37 26947.6 0 0
144 173 36 26951.8 0 0
144 175 37 26956 0 0
148 178 37 26960.2 0 0
141 175 37 26964.4 0 0
144 173 36 26968.7 0 0
143 179 37 26972.8 0 0
145 171 37 26977.1 0 0
139 171 36 26981.3 0 0
141 174 37 26985.5 0 0
151 176 37 26989.7 0 0
160 187 37 26994 0 0
170 189 38 26998.2 0 0
179 196 38 27002.4 0 0
184 185 38 27006.6 0 0
187 181 39 27010.8 0 0
195 180 39 27015 0 0
187 181 39 27019.3 0 0
184 180 39 27023.5 0 0
181 179 39 27027.8 0 0
186 184 39 27032 0 0
186 180 39 27036.2 0 0
189 177 38 27040.4 0 0
185 181 39 27044.6 0 0
188 186 39 27048.8 0 0
186 177 38 27053 0 0
187 183 39 27057.3 0 0
187 181 39 27061.5 0 0
185 177 39 27065.7 0 0
185 178 39 27069.9 0 0
186 175 40 27074.1 0 0
185 170 39 27078.3 0 0
184 179 39 27082.6 0 0
185 179 38 27086.8 0 0
184 179 39 27091 0 0
185 179 39 27095.2 0 0
183 184 39 27099.4 0 0
186 182 39 27103.6 0 0
186 179 39 27107.8 0 0
184 177 39 27112.1 0 0
189 180 39 27116.3 0 0
187 170 40 27120.5 0 0
188 181 39 27124.7 0 0
188 181 0 27128.9 0 0
188 181 39 27133.1 0 0
190 185 39 27137.3 0 0
187 182 39 27141.6 0 0
190 188 40 27145.8 0 0
189 177 39 27150 0 0
188 176 38 27154.2 0 0
191 203 37 27158.4 0 0
191 203 0 27162.6 0 0
191 203 0 27167.1 0 0
191 203 0 27171.3 0 0
191 203 0 27175.6 0 0
191 203 0 27179.8 0 0
191 203 0 27184 0 0
191 203 0 27188.2 0 0
191 203 0 27192.4 0 0
191 203 0 27196.6 0 0
191 203 0 27200.9 0 0
191 203 0 27205.1 0 0
191 203 0 27209.3 0 0
191 203 0 27213.5 0 0
191 203 0 27217.8 0 0
191 203 0 27222 0 0
191 203 0 27226.2 0 0
191 203 0 27230.4 0 0
191 203 0 27234.6 0 0
191 203 0 27238.8 0 0
191 203 0 27243 0 0
191 203 0 27247.3 0 0
191 203 0 27251.5 0 0
210 236 36 27264.1 0 0
212 222 37 27268.3 0 0
206 200 38 27272.5 0 0
201 189 38 27276.7 0 0
203 188 38 27281 0 0
198 171 39 27285.2 0 0
202 169 39 27289.4 0 0
199 166 39 27293.6 0 0
200 163 39 27297.8 0 0
201 162 39 27302.1 0 0
197 158 39 27306.3 0 0
201 163 38 27310.5 0 0
199 164 39 27314.7 0 0
199 166 38 27318.9 0 0
198 161 38 27323.1 0 0
199 162 38 27327.3 0 0
198 160 38 27331.6 0 0
199 171 39 27335.8 0 0
199 169 39 27340 0 0
199 159 39 27344.2 0 0
198 165 39 27348.4 0 0
201 169 39 27352.6 0 0
203 168 39 27356.9 0 0
201 156 38 27361.1 0 0
196 163 38 27365.3 0 0
202 162 38 27369.5 0 0
198 164 38 27373.7 0 0
200 155 38 27377.9 0 0
200 167 38 27382.1 0 0
203 167 38 27386.3 0 0
197 156 39 27390.6 0 0
198 165 38 27394.8 0 0
200 164 39 27399 0 0
199 161 39 27403.2 0 0
199 161 38 27407.5 0 0
202 165 38 27411.7 0 0
200 171 38 27415.9 0 0
201 169 39 27420.1 0 0
199 156 38 27424.3 0 0
199 156 0 27428.5 0 0
199 164 38 27432.8 0 0
199 162 38 27437 0 0
201 167 38 27441.2 0 0
198 158 38 27445.3 0 0
198 163 38 27449.6 0 0
199 166 38 27453.8 0 0
199 167 39 27458 0 0
202 167 39 27462.2 0 0
200 174 39 27466.5 0 0
202 172 38 27470.8 0 0
197 169 37 27475 0 0
200 187 38 27479.2 0 0
195 187 38 27483.4 0 0
195 187 0 27487.6 0 0
196 189 38 27491.8 0 0
195 192 39 27496.1 0 0
198 190 38 27500.3 0 0
199 197 38 27504.5 0 0
200 189 38 27508.7 0 0
198 185 38 27512.9 0 0
198 185 0 27517.1 0 0
198 192 38 27521.3 0 0
198 186 38 27525.5 0 0
195 182 38 27529.8 0 0
198 191 38 27534 0 0
197 190 39 27538.2 0 0
197 190 0 27542.4 0 0
197 190 0 27546.6 0 0
194 180 38 27550.9 0 0
196 184 39 27555.1 0 0
196 187 39 27559.3 0 0
198 189 38 27563.5 0 0
198 185 38 27567.7 0 0
199 189 38 27571.9 0 0
197 188 38 27576.2 0 0
196 180 38 27580.4 0 0
195 183 38 27584.7 0 0
193 190 39 27588.9 0 0
197 190 38 27593.1 0 0
196 180 39 27597.3 0 0
195 188 39 27601.5 0 0
198 184 39 27605.7 0 0
198 188 38 27609.9 0 0
195 186 38 27614.2 0 0
198 189 38 27618.4 0 0
194 193 39 27622.6 0 0
195 187 38 27626.8 0 0
195 187 0 27631 0 0
199 188 38 27635.2 0 0
199 187 39 27639.5 0 0
199 187 39 27643.7 0 0
196 184 39 27647.9 0 0
197 190 39 27652.2 0 0
196 182 39 27656.4 0 0
196 182 0 27660.6 0 0
195 186 39 27664.8 0 0
194 181 38 27669 0 0
196 182 38 27673.2 0 0
193 180 38 27677.4 0 0
193 180 0 27681.7 0 0
195 179 40 27685.9 0 0
196 183 39 27690.1 0 0
196 184 38 27694.3 0 0
193 179 39 27698.5 0 0
196 182 39 27702.7 0 0
196 174 40 27707 0 0
198 191 39 27711.2 0 0
200 188 39 27715.4 0 0
198 181 39 27719.6 0 0
197 184 39 27723.8 0 0
201 187 39 27728 0 0
201 193 39 27732.3 0 0
200 180 39 27736.5 0 0
197 187 40 27740.7 0 0
195 174 39 27744.9 0 0
195 174 0 27749.1 0 0
194 180 39 27753.3 0 0
196 178 39 27757.5 0 0
197 181 40 27761.8 0 0
194 179 40 27766 0 0
198 182 39 27770.2 0 0
197 180 39 27774.4 0 0
194 174 39 27778.7 0 0
201 179 39 27782.8 0 0
196 185 40 27787.1 0 0
197 185 39 27791.3 0 0
196 179 40 27795.5 0 0
195 179 40 27799.7 0 0
195 175 40 27803.9 0 0
200 187 39 27808.1 0 0
200 181 39 27812.3 0 0
203 186 39 27816.5 0 0
198 181 40 27820.8 0 0
201 188 40 27825 0 0
195 181 39 27829.2 0 0
199 180 39 27833.4 0 0
198 179 40 27837.6 0 0
204 191 40 27841.8 0 0
200 183 40 27846 0 0
204 188 40 27850.2 0 0
201 186 40 27854.5 0 0
201 184 40 27858.7 0 0
202 188 39 27862.9 0 0
200 185 40 27867.1 0 0
199 187 40 27871.3 0 0
203 186 39 27875.6 0 0
200 179 40 27879.8 0 0
197 182 39 27884 0 0
200 183 39 27888.2 0 0
200 183 0 27892.4 0 0
197 184 40 27896.6 0 0
200 189 39 27900.8 0 0
197 185 39 27905.1 0 0
197 174 39 27909.3 0 0
199 183 40 27913.5 0 0
199 181 40 27917.7 0 0
196 185 40 27921.9 0 0
199 178 39 27926.1 0 0
197 184 40 27930.3 0 0
198 187 40 27934.6 0 0
198 190 40 27938.8 0 0
199 186 39 27943 0 0
200 191 40 27947.2 0 0
199 183 40 27951.4 0 0
199 180 39 27955.6 0 0
198 191 41 27960 0 0
199 187 40 27964.2 0 0
203 190 40 27968.4 0 0
203 190 39 27972.6 0 0
203 190 0 27976.8 0 0
216 188 39 27981 0 0
216 188 0 27985.2 0 0
233 195 40 27989.4 0 0
237 197 40 27993.7 0 0
240 191 41 27997.9 0 0
238 201 40 28002.1 0 0
234 195 40 28006.3 0 0
236 191 40 28010.5 0 0
234 191 41 28014.7 0 0
238 194 40 28019 0 0
236 191 40 28023.2 0 0
235 191 41 28027.4 0 0
236 196 40 28031.6 0 0
236 194 41 28035.8 0 0
238 194 40 28040 0 0
237 194 40 28044.2 0 0
237 195 41 28048.5 0 0
237 195 0 28052.7 0 0
236 195 40 28056.9 0 0
237 191 40 28061.1 0 0
237 195 41 28065.3 0 0
237 193 41 28069.5 0 0
236 194 40 28073.8 0 0
237 198 40 28078 0 0
236 192 40 28082.3 0 0
236 193 40 28086.5 0 0
239 198 40 28090.7 0 0
239 195 41 28094.9 0 0
238 185 40 28099.1 0 0
237 193 39 28103.3 0 0
238 194 41 28107.5 0 0
238 199 40 28111.8 0 0
237 194 40 28116 0 0
235 191 40 28120.2 0 0
239 198 39 28124.4 0 0
236 193 40 28128.6 0 0
233 195 40 28132.8 0 0
237 206 40 28137 0 0
237 201 40 28141.2 0 0
238 205 39 28145.5 0 0
238 195 40 28149.7 0 0
238 208 41 28153.9 0 0
239 203 41 28158.2 0 0
239 202 40 28162.3 0 0
240 208 39 28166.5 0 0
236 197 40 28170.8 0 0
241 206 40 28175 0 0
234 200 40 28179.2 0 0
233 198 39 28183.4 0 0
238 201 40 28187.6 0 0
240 195 40 28191.8 0 0
236 194 40 28196 0 0
242 199 40 28200.3 0 0
239 195 40 28204.5 0 0
235 196 40 28208.7 0 0
237 194 40 28212.9 0 0
237 194 0 28217.2 0 0
235 206 39 28221.4 0 0
239 202 40 28225.6 0 0
238 195 40 28229.8 0 0
242 190 40 28234 0 0
244 199 40 28238.2 0 0
247 203 39 28242.5 0 0
241 193 41 28246.7 0 0
241 195 39 28250.9 0 0
241 193 41 28255.1 0 0
247 199 39 28259.3 0 0
243 199 39 28263.5 0 0
243 193 41 28267.7 0 0
244 197 39 28271.9 0 0
242 198 40 28276.1 0 0
244 195 39 28280.3 0 0
245 206 40 28284.6 0 0
245 199 40 28288.8 0 0
241 208 39 28293 0 0
242 194 40 28297.2 0 0
242 198 40 28301.5 0 0
242 189 40 28305.7 0 0
244 190 40 28309.9 0 0
244 194 40 28314.1 0 0
244 204 39 28318.3 0 0
245 203 40 28322.5 0 0
245 198 40 28326.8 0 0
243 196 39 28331 0 0
240 187 40 28335.2 0 0
234 176 40 28339.4 0 0
225 160 39 28343.6 0 0
218 147 39 28347.8 0 0
214 140 39 28352.1 0 0
204 125 38 28356.3 0 0
206 115 39 28360.5 0 0
201 112 38 28364.7 0 0
201 112 0 28368.9 0 0
197 75 39 28373.1 0 0
197 75 0 28377.3 0 0
197 75 38 28381.5 0 0
188 63 39 28385.8 0 0
189 60 39 28390 0 0
190 68 39 28394.2 0 0
188 68 39 28398.4 0 0
187 68 39 28402.6 0 0
190 69 39 28406.8 0 0
188 71 39 28411 0 0
190 68 38 28415.2 0 0
191 61 39 28419.5 0 0
193 62 39 28423.7 0 0
195 61 39 28427.9 0 0
193 65 39 28432.1 0 0
191 63 39 28436.3 0 0
189 63 39 28440.5 0 0
192 62 38 28444.8 0 0
195 56 38 28449 0 0
194 62 39 28453.2 0 0
192 60 38 28457.5 0 0
189 62 38 28461.7 0 0
189 62 0 28465.9 0 0
195 62 39 28470.1 0 0
191 58 39 28474.3 0 0
191 61 38 28478.5 0 0
193 61 39 28482.7 0 0
195 62 38 28487 0 0
196 55 38 28491.2 0 0
197 59 38 28495.4 0 0
192 57 38 28499.6 0 0
196 61 39 28503.8 0 0
195 64 38 28508 0 0
190 57 38 28512.2 0 0
193 56 38 28516.4 0 0
193 56 38 28520.7 0 0
192 63 38 28524.9 0 0
192 63 0 28529.1 0 0
191 63 38 28533.3 0 0
189 60 38 28537.5 0 0
194 60 39 28541.7 0 0
194 60 0 28545.9 0 0
194 60 38 28550.2 0 0
194 60 38 28554.4 0 0
194 60 0 28558.6 0 0
194 60 38 28562.8 0 0
194 60 39 28567 0 0
192 47 38 28571.3 0 0
194 43 37 28575.5 0 0
196 45 38 28579.7 0 0
196 45 0 28583.9 0 0
195 52 39 28588.2 0 0
192 50 38 28592.4 0 0
192 51 39 28596.6 0 0
189 47 38 28600.8 0 0
191 47 38 28605 0 0
195 46 38 28609.2 0 0
198 46 38 28613.5 0 0
198 46 0 28617.7 0 0
194 45 38 28622.8 0 0
193 51 38 28627 0 0
190 44 38 28631.2 0 0
190 44 0 28635.4 0 0
191 44 37 28639.7 0 0
190 49 38 28643.9 0 0
192 48 38 28648.1 0 0
194 49 38 28652.3 0 0
192 46 38 28656.5 0 0
192 45 38 28660.7 0 0
189 52 38 28664.9 0 0
189 51 38 28669.2 0 0
189 50 38 28673.4 0 0
197 50 38 28677.6 0 0
192 51 37 28681.8 0 0
186 46 38 28686.1 0 0
191 50 38 28690.3 0 0
191 50 0 28694.5 0 0
191 47 38 28698.7 0 0
191 47 0 28702.9 0 0
191 47 0 28707.2 0 0
193 49 37 28711.4 0 0
193 49 0 28715.6 0 0
191 48 37 28719.8 0 0
196 51 37 28724 0 0
191 48 38 28728.2 0 0
192 53 37 28732.4 0 0
196 45 37 28736.6 0 0
190 44 37 28740.9 0 0
190 44 0 28745.1 0 0
192 53 37 28749.3 0 0
190 50 37 28753.5 0 0
191 50 37 28757.7 0 0
191 50 0 28761.9 0 0
193 45 37 28766.1 0 0
191 43 38 28770.4 0 0
190 43 38 28774.6 0 0
195 51 37 28778.8 0 0
195 43 37 28783 0 0
192 50 38 28787.2 0 0
192 50 0 28791.4 0 0
192 48 37 28795.7 0 0
193 45 37 28799.9 0 0
193 45 0 28804.1 0 0
191 47 37 28808.3 0 0
190 48 38 28812.5 0 0
190 51 37 28816.8 0 0
191 46 38 28821 0 0
192 48 37 28825.2 0 0
192 48 37 28829.4 0 0
192 44 38 28833.6 0 0
190 44 37 28837.8 0 0
189 49 37 28842 0 0
194 48 37 28846.2 0 0
192 46 38 28850.4 0 0
194 48 37 28854.6 0 0
190 48 37 28858.9 0 0
189 50 38 28863.1 0 0
191 52 38 28867.3 0 0
188 47 37 28871.6 0 0
192 48 38 28875.8 0 0
195 49 38 28880 0 0
195 43 38 28884.2 0 0
190 48 37 28888.4 0 0
192 48 38 28892.6 0 0
192 47 38 28896.9 0 0
195 49 38 28901.1 0 0
192 45 37 28905.3 0 0
195 50 37 28909.5 0 0
191 48 37 28913.7 0 0
192 50 36 28918 0 0
197 46 37 28922.2 0 0
191 48 38 28926.4 0 0
192 47 37 28930.6 0 0
194 45 37 28934.8 0 0
193 45 37 28939 0 0
192 49 37 28943.2 0 0
190 43 37 28947.5 0 0
196 47 37 28951.7 0 0
192 49 37 28955.9 0 0
191 47 36 28960.1 0 0
190 46 36 28964.3 0 0
192 47 37 28968.6 0 0
192 47 0 28972.8 0 0
192 45 38 28977 0 0
192 45 0 28981.2 0 0
190 49 37 28985.4 0 0
196 46 37 28989.7 0 0
197 45 36 28993.9 0 0
191 41 36 28998.1 0 0
195 44 36 29002.3 0 0
195 44 0 29006.6 0 0
193 48 37 29010.8 0 0
193 48 0 29015 0 0
192 46 36 29019.3 0 0
194 41 37 29023.5 0 0
192 43 36 29027.7 0 0
192 43 0 29031.9 0 0
195 46 37 29036.1 0 0
194 47 36 29040.3 0 0
192 44 36 29044.5 0 0
196 49 36 29048.7 0 0
194 47 36 29053 0 0
194 47 36 29057.2 0 0
194 47 0 29061.4 0 0
194 47 0 29065.6 0 0
200 57 36 29069.8 0 0
202 70 36 29074 0 0
207 82 35 29078.2 0 0
210 102 37 29082.5 0 0
222 124 36 29086.7 0 0
221 133 36 29091 0 0
235 167 34 29095.2 0 0
241 169 35 29099.3 0 0
237 166 35 29103.5 0 0
236 173 36 29107.8 0 0
233 178 35 29112 0 0
232 170 35 29116.2 0 0
232 170 0 29120.5 0 0
234 172 35 29124.7 0 0
233 169 35 29128.9 0 0
234 170 35 29133.1 0 0
229 158 36 29137.3 0 0
229 158 0 29141.5 0 0
232 171 36 29145.7 0 0
232 171 0 29150 0 0
230 166 35 29154.2 0 0
233 167 36 29158.4 0 0
233 180 35 29162.6 0 0
233 165 35 29166.8 0 0
234 164 35 29171 0 0
232 170 36 29175.2 0 0
232 164 36 29179.5 0 0
232 161 35 29183.7 0 0
234 165 36 29187.9 0 0
232 166 36 29192.1 0 0
232 170 37 29196.3 0 0
231 170 35 29200.6 0 0
231 176 36 29204.8 0 0
235 172 36 29209 0 0
235 170 36 29213.2 0 0
234 169 36 29217.4 0 0
232 170 36 29221.7 0 0
234 173 36 29225.8 0 0
234 171 37 29230.1 0 0
232 171 37 29234.3 0 0
231 164 36 29238.5 0 0
232 167 37 29242.8 0 0
231 166 36 29247 0 0
231 166 0 29251.2 0 0
232 164 36 29255.4 0 0
229 168 36 29259.6 0 0
232 175 36 29263.8 0 0
232 175 0 29268 0 0
236 176 37 29272.2 0 0
236 176 0 29276.5 0 0
230 172 36 29280.7 0 0
230 166 37 29284.8 0 0
232 171 37 29289 0 0
233 174 37 29293.3 0 0
235 171 37 29297.5 0 0
235 171 37 29301.7 0 0
230 173 37 29307.5 0 0
234 167 37 29311.7 0 0
233 168 37 29315.9 0 0
233 168 0 29320.1 0 0
233 167 37 29324.3 0 0
233 167 0 29328.5 0 0
234 167 36 29332.8 0 0
235 165 38 29337 0 0
236 170 38 29341.2 0 0
232 169 38 29345.4 0 0
238 167 38 29349.6 0 0
233 172 38 29353.8 0 0
236 171 39 29358.1 0 0
232 160 38 29362.3 0 0
231 177 38 29366.5 0 0
234 168 38 29370.7 0 0
234 168 0 29374.9 0 0
232 168 39 29379.1 0 0
236 166 39 29383.3 0 0
238 164 39 29387.5 0 0
235 166 39 29391.8 0 0
233 166 38 29396 0 0
234 164 38 29400.2 0 0
235 171 39 29404.4 0 0
233 162 39 29408.6 0 0
237 167 38 29412.9 0 0
233 165 38 29417.1 0 0
233 160 38 29421.3 0 0
235 173 39 29425.5 0 0
236 170 39 29429.8 0 0
231 166 38 29434 0 0
236 173 38 29438.2 0 0
235 165 38 29442.4 0 0
234 165 39 29446.6 0 0
232 170 39 29450.8 0 0
232 170 0 29455 0 0
235 167 39 29459.2 0 0
232 163 38 29463.4 0 0
234 159 40 29467.7 0 0
235 169 38 29471.9 0 0
235 169 0 29476.1 0 0
235 166 39 29480.3 0 0
232 167 39 29484.5 0 0
238 166 39 29488.7 0 0
233 166 38 29493 0 0
237 173 39 29497.2 0 0
237 178 39 29501.4 0 0
237 178 0 29505.6 0 0
239 166 39 29509.8 0 0
234 168 39 29514 0 0
238 172 39 29518.2 0 0
237 174 39 29525 0 0
235 174 39 29529.3 0 0
238 177 39 29533.5 0 0
235 169 38 29537.8 0 0
237 178 38 29542 0 0
236 166 40 29546.2 0 0
236 166 39 29550.5 0 0
234 161 39 29554.7 0 0
230 164 39 29558.9 0 0
234 165 39 29563.2 0 0
231 169 39 29567.4 0 0
234 166 38 29571.6 0 0
236 175 38 29575.8 0 0
235 184 39 29580 0 0
233 170 38 29584.2 0 0
235 168 38 29588.4 0 0
236 167 38 29592.6 0 0
237 169 38 29596.8 0 0
236 190 37 29601.1 0 0
247 224 0 29605.3 0 0
247 224 0 29612 0 0
247 224 0 29616.2 0 0
247 224 0 29620.5 0 0
247 224 0 29624.7 0 0
247 224 0 29628.9 0 0
247 224 0 29633.1 0 0
247 224 0 29637.3 0 0
247 224 0 29641.5 0 0
247 224 0 29645.7 0 0
247 224 0 29650 0 0
247 224 0 29654.2 0 0
247 224 0 29658.4 0 0
247 224 0 29662.6 0 0
247 224 0 29666.8 0 0
247 224 0 29671 0 0
253 230 38 29679.5 0 0
250 228 38 29683.7 0 0
244 217 38 29687.9 0 0
242 203 38 29692.1 0 0
240 192 39 29696.3 0 0
240 192 0 29700.5 0 0
243 175 39 29704.8 0 0
243 181 40 29709 0 0
239 183 40 29713.2 0 0
240 181 39 29717.4 0 0
241 180 39 29721.6 0 0
241 179 39 29725.8 0 0
239 182 39 29730 0 0
239 166 40 29734.2 0 0
238 174 39 29738.5 0 0
241 175 40 29742.7 0 0
237 178 40 29746.9 0 0
244 175 39 29751.1 0 0
244 182 40 29755.3 0 0
241 181 39 29759.5 0 0
239 183 39 29763.7 0 0
240 182 40 29768 0 0
241 183 40 29772.2 0 0
243 185 39 29776.4 0 0
243 179 39 29780.6 0 0
242 181 39 29787.7 0 0
242 181 0 29791.9 0 0
241 182 40 29796.1 0 0
245 192 39 29800.3 0 0
241 186 39 29804.6 0 0
240 174 40 29808.8 0 0
241 179 40 29813 0 0
241 183 39 29817.2 0 0
242 188 40 29821.4 0 0
244 188 39 29825.6 0 0
239 175 40 29829.8 0 0
232 174 39 29834.1 0 0
222 169 40 29838.3 0 0
210 167 40 29842.5 0 0
199 166 40 29846.7 0 0
192 164 39 29850.9 0 0
186 167 39 29855.1 0 0
170 161 39 29859.3 0 0
168 161 37 29863.6 0 0
158 160 37 29867.8 0 0
156 162 38 29872 0 0
154 163 37 29876.2 0 0
158 172 37 29883.1 0 0
155 164 38 29891.6 0 0
154 162 38 29899.8 0 0
155 163 37 29908.3 0 0
157 168 38 29916.6 0 0
157 168 38 29925.1 0 0
154 166 0 29932.5 0 0
154 164 39 29936.8 0 0
151 166 38 29941.5 0 0
155 163 38 29945.8 0 0
154 162 38 29950 0 0
155 163 39 29954.2 0 0
155 163 0 29958.4 0 0
150 158 38 29962.6 0 0
154 164 38 29966.8 0 0
153 160 38 29971.1 0 0
155 162 37 29975.3 0 0
151 163 37 29979.5 0 0
154 165 38 29983.7 0 0
153 163 38 29987.9 0 0
154 168 38 29992.2 0 0
153 159 37 29996.4 0 0
153 165 38 30000.6 0 0
153 164 39 30004.8 0 0
155 169 39 30009 0 0
154 165 38 30013.2 0 0
154 158 38 30017.4 0 0
154 163 38 30021.6 0 0
154 170 38 30025.8 0 0
153 160 39 30030 0 0
151 156 39 30034.3 0 0
155 161 38 30038.5 0 0
151 165 38 30042.7 0 0
154 160 39 30046.9 0 0
154 160 39 30051.1 0 0
153 161 38 30057.5 0 0
155 162 38 30061.7 0 0
153 168 38 30065.9 0 0
153 168 0 30070.2 0 0
144 152 39 30074.4 0 0
141 143 39 30078.6 0 0
140 143 39 30082.8 0 0
137 140 40 30087 0 0
144 134 39 30091.3 0 0
141 133 39 30095.5 0 0
136 128 39 30099.7 0 0
139 133 39 30103.9 0 0
139 133 0 30108.1 0 0
139 134 39 30112.3 0 0
138 134 39 30116.5 0 0
142 131 38 30120.8 0 0
138 134 39 30125 0 0
140 136 39 30129.2 0 0
138 136 39 30133.4 0 0
141 130 39 30137.6 0 0
140 131 39 30141.8 0 0
140 130 39 30146 0 0
139 132 38 30150.2 0 0
137 134 39 30154.5 0 0
136 138 39 30158.7 0 0
138 132 39 30162.9 0 0
140 139 38 30167.1 0 0
138 129 39 30171.3 0 0
136 135 38 30175.5 0 0
140 135 39 30179.8 0 0
140 133 39 30184 0 0
139 134 39 30188.2 0 0
137 133 39 30192.4 0 0
137 136 39 30196.6 0 0
139 137 39 30200.8 0 0
139 137 39 30205 0 0
142 133 39 30209.2 0 0
140 134 38 30213.4 0 0
141 135 39 30217.7 0 0
140 134 39 30221.9 0 0
139 133 39 30226 0 0
140 134 38 30230.3 0 0
140 138 38 30237 0 0
138 138 39 30241.3 0 0
142 132 38 30245.5 0 0
142 136 39 30249.8 0 0
141 137 39 30254 0 0
142 136 39 30258.2 0 0
139 140 39 30262.4 0 0
143 133 39 30266.6 0 0
140 132 39 30270.8 0 0
142 136 39 30275.1 0 0
138 137 38 30279.3 0 0
139 136 38 30283.5 0 0
140 137 38 30287.7 0 0
143 133 38 30292 0 0
142 131 38 30296.2 0 0
142 133 39 30300.4 0 0
142 133 0 30304.6 0 0
139 138 38 30308.8 0 0
139 134 38 30313 0 0
143 133 38 30317.3 0 0
141 134 39 30321.5 0 0
140 140 39 30325.7 0 0
141 130 38 30329.9 0 0
144 138 38 30336.9 0 0
142 135 39 30341.2 0 0
139 130 38 30345.4 0 0
141 142 38 30349.6 0 0
143 133 38 30353.8 0 0
142 136 38 30358 0 0
141 132 39 30362.2 0 0
140 132 38 30366.5 0 0
144 132 38 30370.7 0 0
139 133 38 30374.9 0 0
140 136 38 30379.1 0 0
139 132 38 30383.3 0 0
141 134 38 30387.5 0 0
139 132 39 30391.7 0 0
144 134 38 30396 0 0
142 132 39 30400.2 0 0
143 133 38 30404.4 0 0
143 133 39 30408.6 0 0
129 135 39 30412.8 0 0
123 133 39 30417 0 0
110 141 39 30421.2 0 0
105 150 37 30425.5 0 0
87 164 36 30429.7 0 0
77 167 36 30436.6 0 0
67 167 36 30440.8 0 0
54 181 36 30445.1 0 0
55 177 35 30449.3 0 0
57 175 36 30453.5 0 0
59 176 35 30457.8 0 0
58 174 36 30462 0 0
55 173 36 30466.2 0 0
55 175 36 30470.4 0 0
55 173 35 30474.6 0 0
60 169 36 30478.8 0 0
54 175 36 30483 0 0
55 170 36 30487.2 0 0
58 175 36 30491.5 0 0
59 176 36 30495.7 0 0
55 176 35 30499.9 0 0
56 172 36 30504.1 0 0
60 172 37 30508.3 0 0
61 174 35 30512.5 0 0
57 174 36 30516.7 0 0
58 172 35 30520.9 0 0
53 172 36 30525.1 0 0
57 170 36 30529.4 0 0
59 175 36 30533.6 0 0
58 170 36 30537.8 0 0
58 175 36 30542 0 0
58 177 36 30546.2 0 0
57 171 35 30550.5 0 0
57 178 36 30557.2 0 0
54 175 35 30561.5 0 0
57 171 36 30565.7 0 0
56 178 36 30570 0 0
54 175 35 30574.2 0 0
57 175 36 30578.4 0 0
57 177 36 30582.6 0 0
56 170 36 30586.9 0 0
56 174 36 30591.1 0 0
58 172 36 30595.3 0 0
62 170 35 30599.5 0 0
57 169 36 30603.7 0 0
61 173 35 30607.9 0 0
56 174 35 30612.1 0 0
62 168 36 30616.3 0 0
56 177 36 30620.5 0 0
60 175 35 30624.8 0 0
58 176 36 30629 0 0
56 171 36 30633.2 0 0
58 168 36 30637.4 0 0
56 169 36 30641.6 0 0
46 180 36 30645.8 0 0
41 173 36 30650 0 0
39 170 36 30654.2 0 0
37 175 36 30658.5 0 0
34 175 37 30662.7 0 0
40 175 37 30666.9 0 0
39 171 36 30671.1 0 0
41 172 37 30675.3 0 0
39 170 36 30682.1 0 0
41 165 37 30686.4 0 0
43 170 36 30690.6 0 0
40 173 36 30694.8 0 0
39 167 36 30699.1 0 0
38 169 36 30703.3 0 0
38 176 37 30707.5 0 0
40 171 36 30711.8 0 0
40 170 36 30716 0 0
40 166 36 30720.2 0 0
38 168 37 30724.4 0 0
43 169 36 30728.6 0 0
41 172 37 30732.8 0 0
40 174 37 30737 0 0
39 174 36 30741.3 0 0
41 174 36 30745.5 0 0
42 176 36 30749.7 0 0
41 168 36 30753.9 0 0
39 169 36 30758.1 0 0
39 171 36 30762.3 0 0
40 170 36 30766.5 0 0
40 169 36 30770.7 0 0
40 175 36 30775 0 0
43 179 36 30779.2 0 0
53 182 36 30783.4 0 0
53 182 36 30787.6 0 0
70 195 37 30791.9 0 0
80 209 37 30796.1 0 0
80 205 38 30803 0 0
81 216 38 30807.2 0 0
76 210 38 30811.4 0 0
80 211 37 30815.6 0 0
80 213 37 30819.8 0 0
77 210 38 30824.1 0 0
80 214 37 30828.3 0 0
76 211 38 30832.6 0 0
78 212 37 30836.8 0 0
80 212 38 30841 0 0
78 210 37 30845.2 0 0
78 208 37 30849.5 0 0
79 217 37 30853.7 0 0
76 213 37 30857.9 0 0
79 214 37 30862.1 0 0
75 209 38 30866.3 0 0
75 212 37 30870.5 0 0
76 211 37 30874.7 0 0
77 216 38 30878.9 0 0
80 199 37 30883.1 0 0
79 213 37 30887.3 0 0
76 206 38 30891.6 0 0
77 212 37 30895.8 0 0
79 208 37 30900 0 0
78 208 38 30904.2 0 0
77 212 37 30911.4 0 0
79 215 38 30915.6 0 0
80 210 37 30919.8 0 0
77 215 38 30924 0 0
78 213 38 30928.3 0 0
79 214 37 30932.6 0 0
79 214 37 30936.8 0 0
77 210 37 30941 0 0
78 207 38 30945.2 0 0
79 211 37 30949.4 0 0
75 212 38 30953.6 0 0
77 211 37 30957.8 0 0
75 203 37 30962.1 0 0
77 213 37 30966.3 0 0
77 209 37 30970.5 0 0
77 211 37 30974.7 0 0
79 207 37 30980.6 0 0
79 208 37 30984.8 0 0
82 213 38 30990.3 0 0
78 212 37 30994.6 0 0
80 211 38 30998.8 0 0
77 210 37 31003 0 0
77 208 38 31007.2 0 0
82 210 37 31011.4 0 0
76 206 38 31015.6 0 0
80 212 37 31019.9 0 0
82 209 38 31024.1 0 0
81 208 37 31028.3 0 0
79 204 38 31032.5 0 0
80 208 38 31036.7 0 0
82 209 37 31041 0 0
78 209 38 31045.2 0 0
80 215 37 31049.4 0 0
82 212 38 31053.6 0 0
79 214 37 31057.8 0 0
80 211 38 31062.1 0 0
79 207 38 31066.3 0 0
78 214 37 31070.5 0 0
82 207 38 31074.7 0 0
76 212 37 31078.9 0 0
81 212 38 31083.1 0 0
78 206 37 31087.3 0 0
80 209 38 31091.5 0 0
82 214 38 31098.7 0 0
82 215 37 31102.9 0 0
78 214 37 31107.1 0 0
81 212 37 31111.3 0 0
81 212 37 31115.5 0 0
82 214 37 31119.7 0 0
80 208 37 31124 0 0
84 213 37 31128.2 0 0
83 215 37 31132.4 0 0
80 218 38 31136.6 0 0
81 202 37 31140.8 0 0
83 206 37 31145 0 0
76 214 37 31149.3 0 0
73 194 37 31153.5 0 0
65 201 38 31157.7 0 0
57 198 37 31161.9 0 0
53 192 37 31166.1 0 0
46 185 36 31170.3 0 0
44 178 37 31174.5 0 0
40 172 35 31178.8 0 0
41 176 36 31183 0 0
43 173 36 31187.2 0 0
43 173 36 31191.4 0 0
42 176 36 31198.3 0 0
41 178 36 31202.5 0 0
45 182 36 31206.8 0 0
45 174 36 31211 0 0
46 178 36 31215.3 0 0
43 179 36 31219.5 0 0
43 182 36 31223.7 0 0
44 180 36 31227.9 0 0
44 179 35 31232.2 0 0
40 179 35 31236.4 0 0
39 175 36 31240.7 0 0
42 181 35 31244.9 0 0
42 183 36 31249.1 0 0
43 179 36 31253.3 0 0
43 182 36 31257.5 0 0
43 185 36 31261.7 0 0
43 188 35 31265.9 0 0
43 183 36 31270.1 0 0
45 175 36 31274.4 0 0
44 180 36 31278.9 0 0
47 175 35 31283.2 0 0
43 181 35 31290.1 0 0
42 175 35 31294.3 0 0
44 177 35 31298.5 0 0
45 178 35 31302.8 0 0
43 174 36 31307 0 0
44 177 36 31311.2 0 0
45 172 36 31315.4 0 0
46 178 36 31319.6 0 0
43 181 36 31323.8 0 0
44 176 36 31328.1 0 0
40 166 35 31332.3 0 0
35 159 34 31336.5 0 0
34 143 34 31340.8 0 0
33 135 34 31345 0 0
34 119 34 31349.2 0 0
29 107 33 31353.4 0 0
19 78 33 31357.6 0 0
17 72 33 31361.8 0 0
17 72 0 31366 0 0
18 69 33 31370.3 0 0
18 69 0 31374.5 0 0
18 69 0 31378.7 0 0
18 69 0 31382.9 0 0
18 69 0 31387.1 0 0
19 66 33 31391.3 0 0
19 66 33 31395.6 0 0
16 70 32 31401.3 0 0
16 70 0 31405.5 0 0
16 70 0 31409.7 0 0
17 66 33 31413.9 0 0
17 69 33 31418.1 0 0
16 69 33 31422.3 0 0
16 69 0 31426.6 0 0
17 71 33 31430.8 0 0
14 70 33 31435 0 0
14 70 0 31439.2 0 0
17 70 33 31443.4 0 0
16 69 33 31447.6 0 0
15 68 34 31451.9 0 0
14 69 34 31456.1 0 0
15 69 33 31460.3 0 0
15 69 0 31464.6 0 0
17 71 32 31468.8 0 0
15 69 32 31473 0 0
17 65 33 31477.2 0 0
19 66 33 31481.4 0 0
18 65 34 31485.6 0 0
18 67 33 31489.9 0 0
15 72 33 31494.1 0 0
18 70 33 31498.3 0 0
16 71 33 31502.5 0 0
17 69 32 31506.8 0 0
17 71 33 31511 0 0
17 71 0 31515.2 0 0
17 72 33 31519.4 0 0
17 72 0 31523.7 0 0
17 71 32 31527.9 0 0
17 67 33 31532.1 0 0
16 72 34 31536.3 0 0
20 73 33 31540.5 0 0
20 72 33 31544.7 0 0
21 67 33 31548.9 0 0
21 67 33 31553.2 0 0
21 67 32 31557.4 0 0
21 67 32 31561.6 0 0
21 67 32 31565.8 0 0
21 67 31 31570 0 0
21 67 32 31574.2 0 0
21 67 31 31578.5 0 0
21 67 32 31582.7 0 0
21 67 31 31586.9 0 0
21 67 32 31591.1 0 0
21 67 31 31595.3 0 0
21 67 32 31599.5 0 0
21 67 31 31603.7 0 0
21 67 30 31607.9 0 0
21 67 31 31612.1 0 0
21 67 30 31616.4 0 0
21 67 31 31620.6 0 0
21 67 0 31624.8 0 0
21 67 32 31629 0 0
21 67 31 31633.2 0 0
21 67 31 31637.4 0 0
21 67 32 31641.6 0 0
21 67 31 31645.8 0 0
21 67 32 31650 0 0
21 67 32 31654.3 0 0
21 67 31 31658.5 0 0
21 67 32 31662.7 0 0
21 67 32 31666.9 0 0
21 67 32 31671.1 0 0
21 67 32 31675.3 0 0
21 67 31 31679.6 0 0
21 67 31 31683.8 0 0
21 67 31 31688 0 0
21 67 32 31692.2 0 0
21 67 32 31696.4 0 0
21 67 31 31700.6 0 0
21 67 31 31704.8 0 0
21 67 31 31709 0 0
21 67 32 31713.3 0 0
21 67 31 31717.5 0 0
21 67 31 31721.7 0 0
21 67 31 31725.9 0 0
21 67 31 31730.1 0 0
21 67 32 31734.3 0 0
21 67 0 31738.5 0 0
21 67 32 31742.8 0 0
21 67 32 31747 0 0
7 44 31 31755.4 0 0
9 42 32 31759.6 0 0
12 38 32 31763.8 0 0
12 38 0 31768 0 0
12 38 32 31772.2 0 0
12 38 31 31776.5 0 0
12 38 31 31780.7 0 0
12 38 32 31784.9 0 0
12 38 32 31789.1 0 0
12 38 31 31793.3 0 0
12 38 0 31797.5 0 0
12 38 0 31801.7 0 0
12 38 0 31805.9 0 0
12 38 0 31810.1 0 0
12 38 0 31814.3 0 0
12 38 0 31818.5 0 0
12 38 0 31822.8 0 0
12 38 0 31827 0 0
12 38 0 31831.2 0 0
12 38 0 31835.5 0 0
12 38 0 31839.7 0 0
12 38 0 31843.9 0 0
12 38 0 31848.1 0 0
12 38 0 31852.3 0 0
12 38 0 31856.5 0 0
12 38 0 31860.8 0 0
12 38 0 31865 0 0
12 38 0 31869.2 0 0
12 38 0 31873.4 0 0
12 38 0 31877.6 0 0
12 38 0 31881.8 0 0
12 38 0 31886 0 0
12 38 0 31890.2 0 0
12 38 0 31894.5 0 0
12 38 0 31898.7 0 0
14 40 32 31902.9 0 0
20 30 34 31907.1 0 0
18 30 33 31911.3 0 0
16 33 34 31915.5 0 0
20 31 33 31919.7 0 0
18 32 34 31923.9 0 0
18 31 33 31928.2 0 0
18 32 33 31932.4 0 0
19 28 33 31936.6 0 0
16 32 32 31940.8 0 0
16 34 33 31945 0 0
15 32 33 31949.2 0 0
18 34 33 31953.4 0 0
18 31 33 31960.3 0 0
19 32 33 31964.6 0 0
16 38 32 31968.8 0 0
17 35 33 31973 0 0
19 30 32 31977.2 0 0
17 34 33 31981.4 0 0
18 33 34 31985.6 0 0
17 35 33 31989.8 0 0
19 38 34 31994.1 0 0
21 51 34 31998.3 0 0
23 53 36 32002.5 0 0
43 88 36 32006.7 0 0
49 107 36 32010.9 0 0
50 127 35 32015.1 0 0
63 137 36 32019.3 0 0
62 155 36 32023.5 0 0
70 166 38 32027.9 0 0
72 179 37 32032.1 0 0
77 198 37 32036.3 0 0
77 212 37 32040.5 0 0
78 215 37 32044.8 0 0
82 213 37 32049 0 0
78 217 36 32053.2 0 0
79 216 37 32057.4 0 0
81 218 37 32061.6 0 0
78 213 37 32068.5 0 0
77 216 37 32072.7 0 0
78 213 38 32077 0 0
81 212 37 32081.2 0 0
81 211 37 32085.4 0 0
80 212 37 32089.6 0 0
79 207 36 32093.8 0 0
78 208 37 32098 0 0
79 209 38 32102.2 0 0
78 208 36 32106.5 0 0
81 209 37 32110.7 0 0
79 215 37 32114.9 0 0
82 207 37 32119.1 0 0
79 203 37 32123.3 0 0
78 212 36 32127.5 0 0
79 213 36 32131.7 0 0
80 214 38 32135.9 0 0
84 207 37 32140.1 0 0
81 215 37 32144.4 0 0
80 203 37 32148.6 0 0
78 210 36 32152.8 0 0
80 212 37 32157 0 0
80 212 37 32161.2 0 0
81 204 37 32165.4 0 0
82 200 37 32169.7 0 0
78 206 37 32173.9 0 0
78 213 37 32178.1 0 0
82 212 37 32182.3 0 0
77 214 37 32186.5 0 0
82 215 37 32190.7 0 0
80 204 37 32197.6 0 0
81 215 37 32201.8 0 0
79 211 37 32206.1 0 0
82 213 36 32210.3 0 0
84 206 38 32214.5 0 0
83 211 37 32218.8 0 0
81 212 37 32223 0 0
83 205 37 32227.2 0 0
80 210 37 32231.4 0 0
82 211 37 32235.6 0 0
80 210 38 32239.8 0 0
80 208 37 32244 0 0
81 203 37 32248.3 0 0
81 214 37 32252.5 0 0
81 214 37 32256.7 0 0
83 211 38 32260.9 0 0
81 209 37 32265.1 0 0
83 215 37 32269.3 0 0
82 213 38 32273.5 0 0
84 209 38 32277.8 0 0
82 215 38 32282 0 0
83 209 38 32286.2 0 0
79 213 37 32290.4 0 0
80 217 37 32294.6 0 0
79 207 37 32298.8 0 0
78 213 37 32305.7 0 0
83 208 37 32310 0 0
83 214 37 32314.2 0 0
83 207 38 32318.4 0 0
83 206 37 32322.6 0 0
83 208 38 32326.8 0 0
82 211 37 32331.1 0 0
83 214 38 32335.3 0 0
86 218 38 32339.5 0 0
81 217 37 32343.8 0 0
85 214 38 32348 0 0
84 216 37 32352.2 0 0
84 214 37 32356.4 0 0
84 213 37 32360.6 0 0
86 211 37 32364.8 0 0
82 217 37 32369.1 0 0
88 211 38 32373.3 0 0
88 216 38 32377.5 0 0
87 213 38 32381.7 0 0
84 223 37 32385.9 0 0
85 214 38 32390.1 0 0
83 208 38 32394.3 0 0
87 213 38 32398.6 0 0
86 217 38 32402.8 0 0
83 213 38 32407 0 0
83 213 38 32411.2 0 0
85 214 38 32416.9 0 0
84 212 37 32422.4 0 0
86 217 37 32426.7 0 0
85 221 38 32430.9 0 0
84 221 38 32435.1 0 0
86 220 38 32439.3 0 0
86 213 38 32443.5 0 0
84 218 38 32447.7 0 0
81 219 38 32452 0 0
84 217 38 32456.2 0 0
88 217 38 32460.4 0 0
84 221 37 32464.6 0 0
84 215 38 32468.9 0 0
86 218 38 32473.1 0 0
85 219 38 32477.3 0 0
85 215 38 32481.5 0 0
84 222 39 32485.7 0 0
87 220 38 32489.9 0 0
82 225 38 32494.1 0 0
84 220 38 32498.3 0 0
85 214 37 32502.5 0 0
84 219 37 32506.8 0 0
84 219 37 32511 0 0
83 217 38 32515.2 0 0
84 219 38 32519.4 0 0
83 211 38 32523.6 0 0
82 213 38 32530.7 0 0
84 214 38 32535 0 0
83 215 37 32539.2 0 0
86 217 38 32543.3 0 0
83 214 38 32547.6 0 0
83 219 38 32551.8 0 0
83 221 38 32556 0 0
86 218 38 32560.2 0 0
84 222 37 32564.5 0 0
86 220 38 32568.7 0 0
83 223 37 32572.9 0 0
82 223 37 32577.1 0 0
86 220 38 32581.3 0 0
84 207 38 32585.6 0 0
86 220 38 32589.8 0 0
87 222 38 32594 0 0
86 223 38 32598.2 0 0
86 213 38 32602.4 0 0
85 218 38 32606.6 0 0
85 215 38 32610.8 0 0
83 215 38 32615.1 0 0
84 217 38 32619.3 0 0
81 217 38 32623.5 0 0
83 219 38 32627.7 0 0
85 222 38 32634.7 0 0
85 222 38 32643.1 0 0
86 224 37 32651.3 0 0
83 220 38 32655.5 0 0
82 219 38 32659.8 0 0
81 223 38 32664.1 0 0
88 222 37 32668.3 0 0
84 224 38 32672.5 0 0
84 216 38 32676.7 0 0
85 223 38 32680.9 0 0
83 217 38 32685.1 0 0
83 214 38 32689.3 0 0
85 217 38 32693.5 0 0
87 213 37 32697.8 0 0
83 215 37 32702 0 0
85 214 38 32706.2 0 0
87 208 38 32710.4 0 0
84 214 38 32714.7 0 0
86 210 38 32718.9 0 0
86 224 38 32723.1 0 0
84 220 37 32727.3 0 0
83 216 38 32731.5 0 0
86 221 38 32735.7 0 0
85 217 38 32740 0 0
87 211 37 32744.2 0 0
83 217 37 32748.4 0 0
84 214 38 32752.6 0 0
83 220 38 32756.8 0 0
85 214 37 32761 0 0
88 213 38 32765.2 0 0
83 214 37 32769.5 0 0
85 213 38 32776.3 0 0
83 211 37 32780.5 0 0
85 213 38 32784.7 0 0
84 214 37 32788.9 0 0
83 218 38 32793.2 0 0
86 219 37 32797.4 0 0
85 213 37 32801.6 0 0
85 213 37 32805.9 0 0
83 214 38 32810.1 0 0
86 216 37 32814.3 0 0
86 219 37 32818.5 0 0
83 214 38 32822.7 0 0
84 216 37 32827 0 0
88 213 38 32831.2 0 0
85 218 37 32835.4 0 0
84 214 37 32839.6 0 0
85 216 37 32843.8 0 0
87 215 37 32848.2 0 0
85 222 38 32852.4 0 0
85 218 37 32856.6 0 0
84 220 37 32860.8 0 0
84 220 37 32865.1 0 0
80 216 37 32870 0 0
72 210 38 32874.3 0 0
66 207 37 32878.5 0 0
56 197 37 32882.7 0 0
47 190 37 32886.9 0 0
41 187 37 32891.1 0 0
37 188 38 32895.4 0 0
38 182 38 32899.6 0 0
40 190 37 32903.8 0 0
35 183 38 32908.1 0 0
40 184 37 32912.2 0 0
39 186 38 32916.4 0 0
37 189 37 32920.7 0 0
38 188 38 32924.9 0 0
40 185 37 32929.1 0 0
38 183 38 32933.4 0 0
39 188 38 32937.6 0 0
38 188 37 32941.8 0 0
37 187 38 32946 0 0
41 187 37 32950.2 0 0
37 189 37 32954.4 0 0
37 185 38 32958.6 0 0
39 183 38 32962.8 0 0
37 187 38 32967.1 0 0
38 184 38 32971.3 0 0
38 186 38 32975.5 0 0
36 189 37 32979.7 0 0
39 188 38 32983.9 0 0
38 196 38 32988.1 0 0
35 189 38 32992.4 0 0
40 187 37 32996.6 0 0
37 185 37 33000.9 0 0
35 190 37 33005.1 0 0
38 182 37 33009.3 0 0
42 187 38 33013.5 0 0
42 186 36 33017.8 0 0
39 187 36 33022 0 0
41 179 37 33026.3 0 0
39 178 37 33030.5 0 0
42 170 37 33034.7 0 0
39 173 37 33038.9 0 0
40 172 36 33043.1 0 0
