127 120 53 12026.2 0 0
130 118 53 12030.5 0 0
128 119 53 12034.7 0 0
128 119 53 12038.9 0 0
126 120 53 12043.1 0 0
127 119 53 12047.3 0 0
129 120 53 12051.6 0 0
128 118 53 12055.8 0 0
128 120 53 12060 0 0
128 118 53 12064.2 0 0
128 120 53 12068.5 0 0
129 119 53 12072.6 0 0
130 119 53 12076.9 0 0
129 119 53 12081.1 0 0
128 119 53 12085.3 0 0
129 119 53 12089.5 0 0
128 117 53 12093.7 0 0
129 119 53 12098 0 0
128 119 53 12102.2 0 0
128 120 53 12106.4 0 0
126 120 53 12110.6 0 0
128 119 53 12114.8 0 0
126 120 53 12119 0 0
127 122 53 12123.3 0 0
125 125 53 12127.5 0 0
127 124 53 12131.7 0 0
129 125 53 12135.9 0 0
127 129 53 12140.1 0 0
129 156 53 12144.3 0 0
129 186 52 12148.5 0 0
126 212 50 12152.8 0 0
126 212 0 12157.4 0 0
126 212 0 12161.6 0 0
126 212 0 12165.8 0 0
126 212 0 12170 0 0
126 212 0 12174.2 0 0
126 212 0 12178.4 0 0
126 212 0 12182.7 0 0
126 212 0 12186.9 0 0
126 212 0 12191.4 0 0
126 212 0 12195.6 0 0
126 212 0 12199.9 0 0
126 212 0 12204 0 0
126 212 0 12208.3 0 0
126 212 0 12212.5 0 0
126 212 0 12216.7 0 0
126 212 0 12221 0 0
126 212 0 12225.2 0 0
126 212 0 12229.4 0 0
126 212 0 12233.6 0 0
124 232 49 12237.8 0 0
124 207 51 12242.1 0 0
124 189 52 12246.3 0 0
125 177 53 12250.6 0 0
125 165 53 12254.8 0 0
127 154 53 12259.1 0 0
126 144 53 12263.3 0 0
125 135 53 12267.5 0 0
125 129 53 12271.7 0 0
128 122 53 12276 0 0
126 120 54 12280.2 0 0
126 118 54 12284.5 0 0
126 121 53 12288.7 0 0
127 117 54 12292.9 0 0
125 118 54 12297.1 0 0
127 117 54 12301.4 0 0
127 118 54 12308.3 0 0
126 116 54 12312.6 0 0
127 117 54 12316.8 0 0
127 116 54 12321 0 0
128 113 53 12325.2 0 0
128 116 54 12329.4 0 0
128 114 54 12333.6 0 0
126 115 54 12337.8 0 0
125 116 54 12342.1 0 0
128 116 54 12346.3 0 0
126 116 54 12350.5 0 0
128 113 54 12354.7 0 0
127 117 53 12358.9 0 0
128 116 53 12363.1 0 0
128 116 53 12367.4 0 0
126 119 53 12371.6 0 0
127 115 53 12376.4 0 0
127 115 52 12380.6 0 0
126 115 53 12387.2 0 0
128 116 52 12391.4 0 0
127 115 52 12395.6 0 0
129 119 52 12399.9 0 0
126 119 52 12404.1 0 0
129 119 52 12408.4 0 0
126 119 52 12412.6 0 0
128 118 52 12416.8 0 0
127 119 51 12421 0 0
126 121 51 12425.2 0 0
127 119 51 12429.4 0 0
128 120 51 12433.6 0 0
129 120 50 12437.8 0 0
126 120 50 12442.1 0 0
127 120 50 12446.3 0 0
129 121 50 12450.5 0 0
127 122 50 12454.7 0 0
126 122 49 12459 0 0
127 122 49 12463.2 0 0
127 122 49 12467.4 0 0
126 122 49 12471.7 0 0
127 122 49 12475.9 0 0
127 122 49 12480.1 0 0
127 122 49 12484.3 0 0
127 122 49 12488.8 0 0
126 122 48 12493.1 0 0
129 124 48 12497.3 0 0
127 122 48 12501.6 0 0
128 121 48 12506.3 0 0
129 123 48 12510.5 0 0
128 122 48 12514.8 0 0
126 124 48 12519 0 0
129 123 48 12523.2 0 0
126 122 47 12527.4 0 0
127 123 48 12532.2 0 0
127 120 47 12536.5 0 0
126 121 47 12540.7 0 0
125 121 47 12544.9 0 0
128 122 47 12549.1 0 0
126 121 47 12553.3 0 0
127 120 47 12557.6 0 0
128 120 47 12561.8 0 0
126 120 47 12566 0 0
127 122 46 12570.2 0 0
128 119 47 12574.5 0 0
127 120 46 12578.6 0 0
127 122 46 12582.9 0 0
127 123 46 12587.1 0 0
129 123 46 12591.4 0 0
126 123 46 12595.6 0 0
127 123 46 12599.8 0 0
128 122 46 12604 0 0
129 121 46 12608.2 0 0
124 121 46 12612.4 0 0
119 119 46 12616.7 0 0
111 112 47 12620.9 0 0
103 109 47 12625.1 0 0
97 106 47 12629.4 0 0
87 101 47 12633.5 0 0
80 91 46 12637.8 0 0
71 88 46 12642 0 0
65 84 45 12646.2 0 0
58 76 45 12650.4 0 0
53 68 44 12654.6 0 0
47 67 44 12658.9 0 0
41 63 44 12663.1 0 0
35 61 44 12667.3 0 0
34 56 43 12671.5 0 0
33 55 44 12675.7 0 0
33 57 44 12679.9 0 0
37 55 44 12684.1 0 0
35 59 44 12688.3 0 0
35 57 44 12692.6 0 0
33 58 44 12696.8 0 0
36 55 44 12701 0 0
35 56 44 12705.2 0 0
35 56 44 12709.4 0 0
35 54 44 12716.2 0 0
34 56 44 12720.4 0 0
36 56 44 12724.6 0 0
33 55 44 12728.9 0 0
38 55 44 12733.1 0 0
34 57 44 12737.3 0 0
36 56 44 12741.5 0 0
34 55 44 12745.8 0 0
32 57 44 12750 0 0
33 57 44 12754.2 0 0
34 55 44 12758.5 0 0
35 56 43 12762.7 0 0
34 57 44 12766.9 0 0
34 54 44 12771.1 0 0
35 55 44 12775.3 0 0
33 55 44 12779.5 0 0
34 57 45 12783.8 0 0
34 56 44 12788 0 0
35 55 44 12792.2 0 0
33 57 44 12796.4 0 0
34 56 44 12800.6 0 0
34 57 44 12804.8 0 0
35 55 44 12809 0 0
35 56 44 12813.3 0 0
34 56 45 12820.3 0 0
33 54 44 12824.5 0 0
27 44 44 12828.7 0 0
28 38 44 12833 0 0
27 37 44 12837.2 0 0
29 36 44 12841.4 0 0
31 37 44 12845.6 0 0
29 36 44 12849.9 0 0
31 36 44 12854.1 0 0
30 37 44 12858.3 0 0
30 36 45 12862.5 0 0
30 36 44 12866.8 0 0
29 36 45 12871 0 0
29 38 44 12875.2 0 0
28 36 44 12879.4 0 0
30 37 44 12883.6 0 0
30 37 44 12887.9 0 0
30 35 45 12892 0 0
31 35 44 12896.3 0 0
29 37 44 12900.5 0 0
30 34 45 12904.9 0 0
29 38 45 12909.1 0 0
30 35 45 12916.2 0 0
31 37 44 12924.4 0 0
31 34 45 12932.7 0 0
32 36 44 12941.2 0 0
32 36 44 12949.4 0 0
30 36 45 12957.5 0 0
31 42 45 12961.8 0 0
31 35 45 12966.1 0 0
30 34 45 12970.4 0 0
31 36 44 12974.6 0 0
31 34 45 12978.8 0 0
30 35 45 12983 0 0
30 35 45 12987.2 0 0
31 36 45 12991.4 0 0
29 38 44 12995.6 0 0
31 34 45 12999.9 0 0
30 36 44 13004.1 0 0
30 37 45 13008.3 0 0
30 35 45 13012.5 0 0
31 35 45 13016.8 0 0
30 35 45 13021 0 0
29 37 45 13025.2 0 0
28 39 45 13029.5 0 0
29 36 44 13033.8 0 0
29 36 45 13038 0 0
31 37 44 13042.2 0 0
31 37 45 13046.4 0 0
30 37 45 13050.6 0 0
28 38 44 13054.8 0 0
31 37 44 13059 0 0
30 36 45 13065.8 0 0
30 36 44 13070 0 0
31 35 44 13074.3 0 0
31 36 45 13078.5 0 0
30 35 45 13082.7 0 0
31 37 44 13086.9 0 0
31 35 45 13091.1 0 0
30 34 45 13095.4 0 0
33 35 44 13099.6 0 0
30 34 44 13103.8 0 0
30 35 45 13108 0 0
30 35 45 13112.2 0 0
32 35 44 13116.4 0 0
31 36 44 13120.7 0 0
30 37 45 13125 0 0
30 36 44 13129.2 0 0
31 36 44 13133.4 0 0
32 35 45 13137.7 0 0
31 34 45 13141.9 0 0
29 38 45 13146.1 0 0
31 33 45 13150.3 0 0
31 33 45 13154.5 0 0
30 36 45 13160.7 0 0
28 38 44 13164.9 0 0
31 35 45 13170 0 0
31 36 45 13174.2 0 0
30 35 45 13178.6 0 0
30 35 45 13182.8 0 0
30 37 45 13187 0 0
31 36 45 13191.3 0 0
31 36 45 13195.5 0 0
31 36 45 13199.7 0 0
31 36 45 13203.9 0 0
29 37 45 13208.1 0 0
30 37 45 13212.3 0 0
29 37 45 13216.6 0 0
28 40 45 13220.8 0 0
27 38 45 13225 0 0
30 38 45 13229.2 0 0
30 38 45 13233.4 0 0
30 36 45 13237.6 0 0
29 39 46 13241.9 0 0
30 38 45 13246.1 0 0
28 38 45 13250.3 0 0
31 39 45 13254.6 0 0
29 40 46 13265.8 0 0
28 39 45 13274.1 0 0
30 38 45 13282.4 0 0
30 38 45 13290.6 0 0
30 38 46 13299.1 0 0
32 37 46 13307.3 0 0
31 38 46 13315.6 0 0
30 38 46 13324 0 0
29 39 46 13332.3 0 0
29 39 46 13340.5 0 0
29 39 46 13348.2 0 0
29 38 46 13352.4 0 0
30 39 46 13357.5 0 0
30 38 46 13361.7 0 0
30 39 46 13365.9 0 0
29 39 47 13370.1 0 0
29 38 46 13374.4 0 0
29 40 46 13378.6 0 0
30 38 46 13382.8 0 0
30 39 46 13387 0 0
30 41 47 13391.2 0 0
30 41 47 13395.4 0 0
37 55 47 13399.7 0 0
48 65 48 13403.9 0 0
56 78 48 13408.1 0 0
59 95 48 13412.4 0 0
61 106 48 13416.6 0 0
64 121 48 13420.8 0 0
66 130 48 13425 0 0
67 136 48 13429.2 0 0
68 144 48 13433.4 0 0
67 146 48 13440.4 0 0
69 142 49 13444.6 0 0
69 143 49 13448.9 0 0
67 145 48 13453 0 0
67 145 49 13457.3 0 0
69 145 49 13461.5 0 0
69 147 49 13465.7 0 0
69 148 49 13469.9 0 0
67 147 49 13474.1 0 0
66 148 49 13478.4 0 0
69 143 49 13482.6 0 0
69 146 49 13486.8 0 0
69 147 49 13491 0 0
69 143 49 13495.2 0 0
68 146 49 13499.4 0 0
68 146 49 13503.6 0 0
69 148 49 13507.9 0 0
68 147 49 13512.1 0 0
68 144 49 13516.3 0 0
68 145 49 13520.5 0 0
70 150 49 13524.8 0 0
67 149 49 13529.1 0 0
70 149 49 13533.3 0 0
70 149 49 13540.3 0 0
71 149 49 13544.6 0 0
69 150 49 13548.8 0 0
70 149 49 13553 0 0
69 151 49 13557.3 0 0
69 148 49 13561.7 0 0
69 148 49 13565.9 0 0
69 151 50 13570.1 0 0
71 160 50 13574.3 0 0
75 171 50 13578.5 0 0
84 185 49 13582.7 0 0
81 197 49 13587 0 0
80 201 49 13591.2 0 0
81 210 49 13595.4 0 0
80 211 49 13599.6 0 0
78 212 50 13603.8 0 0
80 201 50 13608 0 0
79 203 50 13612.2 0 0
78 202 50 13616.5 0 0
83 203 50 13620.7 0 0
83 203 50 13624.9 0 0
80 203 50 13629.4 0 0
80 203 50 13633.6 0 0
80 206 50 13637.9 0 0
83 204 50 13642 0 0
80 205 50 13646.3 0 0
79 205 50 13650.5 0 0
82 202 50 13654.7 0 0
79 209 50 13658.9 0 0
82 207 50 13663.1 0 0
80 207 50 13667.4 0 0
83 207 50 13671.6 0 0
81 209 50 13675.8 0 0
81 206 50 13680 0 0
80 209 50 13684.2 0 0
79 209 50 13688.4 0 0
80 208 50 13692.7 0 0
80 207 50 13696.9 0 0
80 208 50 13701.1 0 0
80 210 50 13705.3 0 0
80 209 50 13709.5 0 0
80 204 50 13713.7 0 0
81 204 50 13718 0 0
80 205 50 13722.2 0 0
82 209 50 13726.4 0 0
80 204 50 13730.6 0 0
82 206 51 13734.8 0 0
79 206 51 13739 0 0
82 205 50 13743.2 0 0
82 206 51 13747.5 0 0
80 206 51 13751.7 0 0
85 204 50 13756 0 0
79 206 51 13760.2 0 0
79 203 51 13764.4 0 0
82 203 51 13768.6 0 0
83 204 51 13772.8 0 0
79 206 50 13777 0 0
81 206 51 13781.3 0 0
81 206 51 13785.5 0 0
80 205 51 13789.7 0 0
79 207 51 13793.9 0 0
83 207 51 13798.1 0 0
79 207 51 13802.3 0 0
79 206 51 13806.5 0 0
83 207 51 13810.8 0 0
82 204 50 13815 0 0
80 206 51 13819.2 0 0
82 207 51 13823.4 0 0
80 207 51 13827.6 0 0
81 209 51 13831.8 0 0
81 209 51 13836.1 0 0
82 209 51 13840.3 0 0
81 212 51 13844.6 0 0
83 207 51 13848.8 0 0
82 204 51 13853 0 0
81 206 51 13857.2 0 0
81 205 51 13861.4 0 0
82 205 51 13865.6 0 0
79 208 50 13869.8 0 0
81 212 51 13874.1 0 0
80 213 51 13878.3 0 0
83 205 51 13882.5 0 0
80 206 51 13886.7 0 0
82 206 51 13890.9 0 0
83 206 51 13895.1 0 0
80 206 51 13899.4 0 0
80 207 51 13903.6 0 0
82 207 51 13907.8 0 0
80 206 50 13912 0 0
79 209 51 13916.2 0 0
80 205 50 13920.5 0 0
82 207 51 13924.6 0 0
81 205 51 13928.9 0 0
79 206 51 13933.1 0 0
79 208 50 13937.4 0 0
81 206 51 13941.6 0 0
81 209 50 13945.8 0 0
80 204 51 13950 0 0
80 206 50 13954.2 0 0
80 205 50 13958.5 0 0
79 210 50 13962.7 0 0
83 208 51 13967 0 0
81 207 50 13971.2 0 0
84 207 50 13975.4 0 0
81 207 50 13979.6 0 0
82 211 50 13983.8 0 0
82 209 50 13988 0 0
81 206 50 13992.2 0 0
82 207 50 13996.4 0 0
81 208 50 14000.6 0 0
80 208 50 14005 0 0
83 207 50 14009.2 0 0
80 209 50 14013.4 0 0
80 204 50 14017.6 0 0
78 208 50 14021.8 0 0
82 207 50 14026 0 0
81 208 50 14030.2 0 0
83 204 50 14034.5 0 0
80 209 50 14038.7 0 0
81 205 50 14042.9 0 0
79 206 50 14047.1 0 0
82 205 50 14051.4 0 0
82 208 49 14055.6 0 0
80 204 50 14059.8 0 0
81 206 50 14064 0 0
83 205 50 14068.2 0 0
79 207 50 14072.5 0 0
81 204 50 14076.7 0 0
82 203 50 14080.9 0 0
81 207 50 14085.1 0 0
81 206 50 14089.3 0 0
80 205 50 14093.5 0 0
83 204 50 14097.8 0 0
81 203 50 14102 0 0
82 205 50 14106.2 0 0
82 202 50 14110.4 0 0
82 205 49 14114.6 0 0
83 203 50 14118.8 0 0
87 206 50 14123 0 0
92 212 51 14127.3 0 0
101 209 51 14131.6 0 0
110 206 51 14135.8 0 0
113 205 50 14140 0 0
118 205 50 14144.2 0 0
119 207 50 14148.4 0 0
121 207 50 14152.6 0 0
121 204 50 14156.9 0 0
119 204 50 14161.2 0 0
117 206 50 14165.4 0 0
118 206 50 14169.6 0 0
119 207 50 14173.8 0 0
119 205 50 14178 0 0
119 206 50 14182.2 0 0
118 206 50 14186.4 0 0
119 207 50 14190.6 0 0
120 206 50 14194.9 0 0
121 203 50 14199.1 0 0
120 205 50 14203.3 0 0
119 204 50 14207.8 0 0
119 205 50 14212 0 0
120 204 50 14216.2 0 0
121 207 50 14220.4 0 0
118 207 50 14224.6 0 0
120 205 50 14228.9 0 0
116 208 50 14233.1 0 0
118 206 50 14237.3 0 0
120 206 50 14241.5 0 0
118 208 50 14245.7 0 0
119 209 50 14249.9 0 0
120 208 50 14254.2 0 0
119 208 50 14258.4 0 0
120 209 50 14262.6 0 0
121 207 50 14266.8 0 0
120 208 51 14271 0 0
119 208 50 14275.2 0 0
120 209 51 14279.5 0 0
119 208 51 14283.7 0 0
119 206 50 14287.9 0 0
122 204 50 14292.1 0 0
120 210 50 14296.3 0 0
119 204 50 14300.5 0 0
120 207 51 14304.8 0 0
119 208 51 14309 0 0
120 209 50 14313.5 0 0
120 208 50 14317.7 0 0
120 209 51 14321.9 0 0
119 210 51 14326.1 0 0
120 202 51 14330.4 0 0
117 203 51 14334.6 0 0
120 202 51 14338.8 0 0
122 202 50 14343 0 0
125 204 51 14347.3 0 0
131 208 52 14351.5 0 0
143 207 52 14355.7 0 0
152 205 52 14359.9 0 0
162 204 52 14364.1 0 0
170 203 52 14368.3 0 0
175 199 51 14372.6 0 0
179 194 51 14376.8 0 0
179 190 51 14381 0 0
175 188 51 14385.2 0 0
173 189 51 14389.4 0 0
173 192 51 14393.6 0 0
173 191 51 14397.8 0 0
174 192 51 14402.1 0 0
174 193 51 14406.3 0 0
176 193 51 14410.5 0 0
176 193 51 14414.7 0 0
175 192 51 14419 0 0
174 192 51 14423.1 0 0
176 192 51 14427.5 0 0
175 193 51 14431.7 0 0
175 191 51 14435.9 0 0
176 190 51 14440.1 0 0
176 194 51 14444.3 0 0
175 194 51 14448.5 0 0
176 198 51 14452.7 0 0
176 195 51 14456.9 0 0
177 194 51 14461.2 0 0
176 194 51 14465.4 0 0
177 193 51 14470.1 0 0
174 195 51 14474.3 0 0
176 196 51 14478.5 0 0
173 193 51 14482.7 0 0
175 199 51 14486.9 0 0
176 192 51 14491.1 0 0
176 190 51 14498.1 0 0
169 183 52 14502.3 0 0
162 174 52 14506.8 0 0
156 157 52 14511 0 0
152 149 52 14515.2 0 0
149 140 52 14519.4 0 0
144 129 52 14523.6 0 0
145 123 52 14527.8 0 0
142 113 52 14532.5 0 0
141 97 52 14536.7 0 0
141 97 52 14543.6 0 0
137 84 52 14551.3 0 0
137 92 52 14555.5 0 0
136 91 52 14560.3 0 0
137 95 52 14564.5 0 0
135 91 52 14568.8 0 0
136 91 52 14573 0 0
135 88 52 14577.2 0 0
134 88 52 14581.4 0 0
133 89 52 14585.6 0 0
134 89 52 14589.8 0 0
136 88 52 14594.6 0 0
134 86 52 14598.8 0 0
136 88 52 14603 0 0
134 88 52 14607.2 0 0
133 89 52 14611.4 0 0
134 85 52 14615.6 0 0
135 88 52 14619.8 0 0
135 88 52 14624.1 0 0
135 89 52 14628.3 0 0
133 87 52 14635.2 0 0
135 88 52 14643.7 0 0
136 88 52 14652.2 0 0
135 89 52 14660.2 0 0
135 89 52 14668.5 0 0
135 87 52 14676.3 0 0
134 87 52 14680.5 0 0
136 90 52 14685.2 0 0
135 87 52 14689.4 0 0
134 88 52 14693.7 0 0
134 86 52 14697.9 0 0
135 87 51 14702.1 0 0
135 88 51 14706.3 0 0
134 90 51 14710.5 0 0
134 92 51 14714.7 0 0
134 90 51 14719 0 0
133 90 51 14723.2 0 0
135 90 51 14727.5 0 0
131 89 51 14731.7 0 0
136 91 51 14735.9 0 0
136 89 51 14740.1 0 0
132 88 51 14744.4 0 0
134 87 51 14748.6 0 0
134 88 51 14752.8 0 0
134 89 51 14757.1 0 0
131 81 51 14761.3 0 0
129 75 51 14765.5 0 0
130 67 51 14769.7 0 0
132 69 51 14776.9 0 0
130 73 51 14781.1 0 0
129 72 50 14785.3 0 0
132 71 50 14789.5 0 0
130 73 51 14793.7 0 0
133 73 51 14797.9 0 0
130 72 50 14802.1 0 0
131 72 50 14806.4 0 0
132 70 50 14810.5 0 0
130 74 51 14814.8 0 0
131 71 50 14819 0 0
131 74 50 14823.2 0 0
132 72 50 14827.4 0 0
130 72 50 14831.6 0 0
132 72 51 14835.9 0 0
129 71 50 14840.1 0 0
130 71 50 14844.3 0 0
133 71 50 14848.5 0 0
130 72 50 14852.7 0 0
131 72 50 14856.9 0 0
131 73 50 14861.1 0 0
130 69 50 14865.4 0 0
131 72 50 14869.7 0 0
131 72 50 14874 0 0
131 72 50 14879.4 0 0
131 71 50 14883.7 0 0
131 71 50 14887.9 0 0
131 72 50 14892.1 0 0
130 71 50 14896.4 0 0
128 69 50 14900.6 0 0
130 73 50 14904.9 0 0
131 71 50 14909.1 0 0
129 72 50 14913.3 0 0
131 74 50 14917.5 0 0
131 76 49 14921.7 0 0
132 76 50 14925.9 0 0
131 76 50 14930.2 0 0
132 73 50 14934.4 0 0
130 70 50 14938.6 0 0
130 71 50 14942.8 0 0
129 72 50 14947 0 0
133 71 50 14951.2 0 0
131 70 50 14955.5 0 0
131 72 50 14959.7 0 0
133 71 50 14964 0 0
132 73 50 14968.2 0 0
131 71 50 14972.4 0 0
130 73 50 14976.7 0 0
131 72 50 14980.9 0 0
131 71 50 14985.1 0 0
131 73 50 14989.3 0 0
130 72 50 14993.6 0 0
129 74 50 14997.8 0 0
129 73 50 15002 0 0
131 74 50 15006.3 0 0
130 74 50 15010.5 0 0
129 74 50 15014.7 0 0
132 76 50 15018.9 0 0
130 71 50 15023.1 0 0
131 73 50 15027.3 0 0
131 76 50 15031.6 0 0
129 73 50 15035.8 0 0
130 69 50 15040.1 0 0
131 71 51 15044.3 0 0
131 70 50 15048.5 0 0
130 71 50 15052.7 0 0
130 73 50 15056.9 0 0
130 70 50 15061.1 0 0
131 71 51 15065.3 0 0
131 72 51 15069.5 0 0
131 71 50 15073.7 0 0
133 71 51 15078.9 0 0
132 71 51 15083.1 0 0
130 71 50 15087.4 0 0
129 71 51 15091.6 0 0
131 74 51 15095.8 0 0
129 72 50 15100.1 0 0
132 73 50 15104.3 0 0
130 73 51 15108.5 0 0
131 72 50 15112.7 0 0
130 70 50 15116.9 0 0
131 70 51 15121.2 0 0
133 72 50 15125.4 0 0
132 71 51 15129.6 0 0
134 72 51 15133.8 0 0
130 72 51 15138 0 0
131 70 51 15142.2 0 0
130 73 51 15146.5 0 0
132 71 51 15150.7 0 0
130 71 51 15154.9 0 0
132 74 51 15159.2 0 0
132 72 51 15163.4 0 0
131 72 51 15167.6 0 0
132 73 51 15171.8 0 0
129 73 51 15176 0 0
130 71 51 15180.2 0 0
132 72 51 15184.4 0 0
129 72 52 15188.6 0 0
131 72 51 15192.9 0 0
130 75 52 15197.1 0 0
129 74 51 15201.3 0 0
133 77 51 15205.5 0 0
138 89 52 15209.7 0 0
149 102 51 15214 0 0
156 119 51 15218.2 0 0
160 131 51 15222.4 0 0
164 138 51 15226.6 0 0
167 154 51 15230.9 0 0
172 163 50 15235.1 0 0
175 180 50 15239.3 0 0
181 190 50 15243.6 0 0
183 203 50 15247.9 0 0
186 217 50 15252.1 0 0
185 221 50 15256.4 0 0
184 225 50 15260.6 0 0
185 216 50 15264.8 0 0
185 217 50 15269 0 0
186 216 50 15273.2 0 0
187 216 50 15277.5 0 0
186 219 50 15281.7 0 0
184 220 50 15286 0 0
184 216 50 15290.2 0 0
184 219 50 15294.4 0 0
185 222 51 15298.6 0 0
184 222 50 15302.8 0 0
184 221 51 15309.8 0 0
183 219 51 15314 0 0
185 221 51 15318.2 0 0
181 216 51 15322.5 0 0
184 219 50 15326.7 0 0
185 218 50 15330.9 0 0
183 218 50 15335.1 0 0
185 216 51 15339.4 0 0
184 220 50 15343.6 0 0
185 216 51 15347.8 0 0
184 214 50 15352 0 0
188 217 51 15356.2 0 0
184 217 51 15360.5 0 0
186 215 51 15364.7 0 0
184 217 51 15368.9 0 0
183 217 51 15373.2 0 0
186 217 51 15377.4 0 0
183 218 51 15381.6 0 0
184 214 51 15385.8 0 0
186 215 51 15390 0 0
181 215 51 15394.2 0 0
186 217 51 15398.4 0 0
184 214 51 15402.6 0 0
184 216 51 15409.7 0 0
184 215 51 15413.9 0 0
187 218 51 15418.1 0 0
182 216 51 15422.3 0 0
184 214 51 15426.6 0 0
182 218 51 15430.8 0 0
183 213 51 15435.1 0 0
182 199 51 15440 0 0
182 196 51 15444.2 0 0
182 196 51 15451.2 0 0
181 206 51 15457.6 0 0
183 200 51 15461.8 0 0
182 205 51 15467.9 0 0
183 202 51 15472.2 0 0
182 203 51 15476.4 0 0
182 204 51 15480.6 0 0
181 203 51 15484.8 0 0
182 202 51 15489 0 0
181 201 51 15493.3 0 0
182 202 51 15497.5 0 0
182 202 51 15501.7 0 0
183 201 51 15506 0 0
182 203 51 15510.2 0 0
184 204 51 15514.4 0 0
183 202 51 15518.6 0 0
184 206 51 15522.8 0 0
183 208 51 15527.1 0 0
183 206 51 15531.4 0 0
182 209 51 15535.6 0 0
182 203 51 15539.8 0 0
183 206 51 15544 0 0
182 204 51 15548.2 0 0
183 206 51 15552.5 0 0
183 206 51 15559.5 0 0
183 204 51 15563.7 0 0
181 206 51 15568 0 0
182 207 51 15572.2 0 0
181 204 51 15576.4 0 0
183 203 51 15580.6 0 0
182 204 51 15584.9 0 0
182 205 51 15589.1 0 0
182 207 51 15593.3 0 0
184 205 51 15597.6 0 0
182 205 50 15601.8 0 0
183 203 51 15606 0 0
180 205 51 15610.2 0 0
180 202 50 15614.4 0 0
182 205 50 15618.6 0 0
183 209 50 15622.9 0 0
182 203 50 15627.1 0 0
184 202 50 15631.3 0 0
182 201 50 15635.5 0 0
180 203 50 15639.7 0 0
180 203 50 15643.9 0 0
183 203 50 15648.1 0 0
180 201 50 15652.3 0 0
182 205 50 15656.5 0 0
183 199 50 15663.5 0 0
181 202 50 15667.7 0 0
183 205 50 15671.9 0 0
183 203 49 15676.1 0 0
181 200 49 15680.3 0 0
181 204 50 15684.5 0 0
181 200 49 15688.8 0 0
180 200 49 15693 0 0
182 201 50 15697.2 0 0
181 205 49 15701.4 0 0
181 199 50 15705.6 0 0
182 199 49 15709.8 0 0
182 203 49 15714 0 0
181 200 50 15718.3 0 0
183 201 49 15722.5 0 0
182 204 49 15726.7 0 0
182 199 50 15730.9 0 0
181 201 49 15735.1 0 0
184 200 49 15739.4 0 0
181 200 49 15743.6 0 0
181 201 49 15747.9 0 0
183 201 49 15752.1 0 0
181 201 49 15756.4 0 0
183 204 49 15760.6 0 0
183 204 49 15764.8 0 0
181 203 49 15770.1 0 0
181 204 49 15774.3 0 0
182 205 49 15778.5 0 0
184 205 50 15782.8 0 0
183 205 49 15787 0 0
182 205 49 15791.2 0 0
182 204 50 15795.4 0 0
184 205 49 15799.6 0 0
181 203 49 15803.9 0 0
182 199 49 15808.1 0 0
183 200 49 15812.3 0 0
180 205 49 15816.5 0 0
183 200 49 15820.7 0 0
186 209 49 15824.9 0 0
187 207 49 15829.1 0 0
187 203 49 15833.4 0 0
187 203 49 15837.6 0 0
184 212 49 15841.8 0 0
188 214 49 15846.1 0 0
185 208 49 15850.3 0 0
185 210 49 15854.5 0 0
185 210 49 15858.7 0 0
186 208 49 15862.9 0 0
183 207 49 15867.1 0 0
186 204 49 15871.4 0 0
185 208 49 15875.7 0 0
186 205 49 15879.9 0 0
186 206 49 15884.1 0 0
187 206 49 15888.3 0 0
186 206 49 15892.5 0 0
189 207 49 15896.8 0 0
186 208 49 15901 0 0
187 206 49 15905.2 0 0
184 207 49 15909.5 0 0
186 205 49 15913.7 0 0
185 208 49 15917.9 0 0
187 208 49 15922.1 0 0
187 206 49 15926.3 0 0
186 205 49 15930.5 0 0
186 207 50 15934.7 0 0
187 206 49 15939 0 0
187 206 49 15943.2 0 0
184 206 50 15947.4 0 0
188 205 50 15951.6 0 0
187 208 49 15955.8 0 0
188 205 50 15960 0 0
185 209 50 15964.2 0 0
187 212 49 15968.5 0 0
184 210 50 15972.7 0 0
185 209 50 15976.9 0 0
187 212 50 15981.1 0 0
188 208 50 15985.3 0 0
186 209 50 15989.5 0 0
184 208 49 15993.8 0 0
186 212 50 15998 0 0
185 208 50 16002.2 0 0
185 207 50 16006.5 0 0
188 208 49 16010.7 0 0
184 209 50 16014.9 0 0
186 208 50 16019.1 0 0
187 206 50 16023.3 0 0
186 211 50 16027.5 0 0
185 210 50 16031.8 0 0
186 207 50 16036 0 0
185 208 50 16040.2 0 0
185 206 50 16044.4 0 0
186 210 50 16048.6 0 0
186 211 50 16052.8 0 0
186 207 50 16057 0 0
183 210 50 16061.2 0 0
184 207 50 16065.5 0 0
185 210 50 16069.7 0 0
183 211 50 16073.9 0 0
187 210 50 16078.7 0 0
183 212 50 16082.9 0 0
186 210 50 16087.1 0 0
187 211 50 16091.4 0 0
183 209 50 16095.6 0 0
186 208 50 16099.8 0 0
184 209 50 16104 0 0
187 209 50 16108.2 0 0
184 209 50 16112.4 0 0
183 211 50 16116.6 0 0
186 210 50 16120.9 0 0
186 211 50 16125.1 0 0
184 210 51 16129.3 0 0
188 209 51 16133.5 0 0
184 211 50 16137.8 0 0
186 212 51 16142 0 0
186 208 50 16146.2 0 0
184 213 50 16150.4 0 0
186 210 51 16154.6 0 0
187 209 50 16158.8 0 0
185 211 51 16163 0 0
185 212 50 16167.2 0 0
186 212 51 16171.5 0 0
186 214 50 16175.6 0 0
185 212 51 16179.9 0 0
185 210 51 16184.1 0 0
183 207 51 16188.3 0 0
181 205 50 16192.5 0 0
182 204 51 16196.7 0 0
183 211 51 16201 0 0
183 210 51 16205.1 0 0
184 212 51 16209.4 0 0
185 214 51 16213.6 0 0
182 212 51 16217.8 0 0
184 212 51 16222 0 0
183 207 51 16226.3 0 0
187 214 51 16230.5 0 0
184 210 51 16234.7 0 0
184 210 51 16239 0 0
181 210 51 16243.2 0 0
186 211 51 16247.5 0 0
185 210 50 16251.7 0 0
186 212 51 16256.3 0 0
184 204 50 16260.5 0 0
183 206 51 16264.7 0 0
185 207 51 16268.9 0 0
184 206 51 16273.1 0 0
184 203 51 16277.3 0 0
185 206 50 16281.6 0 0
184 207 51 16285.8 0 0
184 207 51 16290 0 0
184 209 50 16294.2 0 0
184 206 51 16298.4 0 0
183 205 51 16302.6 0 0
184 206 51 16306.8 0 0
181 204 51 16311 0 0
184 205 51 16315.2 0 0
184 205 51 16319.5 0 0
183 206 51 16323.7 0 0
184 205 51 16327.9 0 0
183 203 51 16332.1 0 0
182 206 51 16336.4 0 0
181 211 51 16340.7 0 0
184 210 51 16344.9 0 0
184 212 50 16349.1 0 0
182 207 50 16353.3 0 0
187 203 51 16357.5 0 0
194 200 51 16361.7 0 0
197 181 51 16366 0 0
202 169 51 16370.2 0 0
204 160 50 16374.4 0 0
209 151 50 16378.6 0 0
211 145 50 16382.9 0 0
215 136 51 16387.1 0 0
218 127 50 16391.3 0 0
222 119 50 16395.5 0 0
226 112 50 16399.7 0 0
230 105 49 16404 0 0
231 94 49 16408.2 0 0
232 87 49 16412.4 0 0
235 84 49 16416.6 0 0
234 78 50 16420.8 0 0
233 79 49 16425 0 0
232 79 50 16429.2 0 0
232 81 50 16433.5 0 0
233 80 50 16437.7 0 0
233 82 49 16442 0 0
232 81 49 16446.2 0 0
231 82 49 16450.4 0 0
232 80 50 16454.6 0 0
231 81 50 16458.8 0 0
229 80 50 16463.1 0 0
232 80 50 16467.3 0 0
231 79 50 16471.5 0 0
230 80 50 16475.7 0 0
232 79 50 16480 0 0
233 80 50 16484.2 0 0
232 79 50 16488.3 0 0
232 80 50 16492.7 0 0
232 81 49 16496.9 0 0
231 81 50 16501.1 0 0
232 79 50 16505.7 0 0
231 80 50 16509.9 0 0
231 80 50 16514.1 0 0
232 80 50 16520.1 0 0
231 79 50 16524.3 0 0
231 81 50 16529.6 0 0
233 80 50 16533.8 0 0
230 80 50 16538.1 0 0
231 80 50 16542.3 0 0
232 80 50 16546.5 0 0
231 80 50 16550.7 0 0
232 79 50 16554.9 0 0
232 80 50 16559.1 0 0
232 81 50 16563.3 0 0
231 75 50 16567.5 0 0
233 74 50 16571.7 0 0
239 60 50 16576 0 0
240 57 50 16580.2 0 0
237 57 50 16584.4 0 0
237 56 50 16588.6 0 0
235 60 50 16592.9 0 0
238 59 50 16597.1 0 0
237 60 50 16601.3 0 0
236 60 50 16605.5 0 0
236 57 50 16609.8 0 0
238 61 50 16614 0 0
236 58 50 16618.3 0 0
238 56 50 16622.5 0 0
238 59 50 16629.5 0 0
239 59 50 16633.7 0 0
239 59 50 16637.9 0 0
239 59 50 16642.1 0 0
238 58 50 16646.4 0 0
237 60 50 16650.6 0 0
238 57 50 16654.8 0 0
236 58 50 16659.1 0 0
237 59 50 16663.3 0 0
236 58 50 16667.5 0 0
239 60 50 16671.7 0 0
238 59 50 16675.9 0 0
237 60 50 16680.1 0 0
237 60 50 16684.3 0 0
239 60 49 16688.6 0 0
235 60 50 16692.8 0 0
238 60 49 16697 0 0
236 60 50 16701.2 0 0
237 59 50 16705.4 0 0
237 61 49 16709.6 0 0
237 59 49 16713.8 0 0
238 60 50 16718.1 0 0
236 60 50 16722.3 0 0
238 61 50 16729.4 0 0
236 61 50 16733.6 0 0
238 62 50 16737.8 0 0
238 59 49 16742.1 0 0
236 61 50 16746.3 0 0
238 62 50 16750.5 0 0
237 60 49 16754.8 0 0
238 62 50 16759 0 0
238 61 49 16763.2 0 0
237 60 49 16767.4 0 0
236 61 50 16771.6 0 0
238 63 49 16775.8 0 0
238 61 49 16780.1 0 0
236 61 49 16784.3 0 0
236 62 49 16788.5 0 0
237 59 49 16792.7 0 0
237 63 50 16796.9 0 0
237 59 49 16801.1 0 0
238 59 49 16805.3 0 0
235 61 49 16809.6 0 0
236 60 49 16813.8 0 0
236 59 49 16818 0 0
238 62 49 16822.2 0 0
238 62 49 16826.4 0 0
238 61 49 16832.6 0 0
236 62 50 16836.8 0 0
237 62 49 16841.1 0 0
236 63 49 16845.3 0 0
236 61 49 16849.5 0 0
238 63 49 16853.7 0 0
236 62 49 16857.9 0 0
238 61 50 16862.1 0 0
236 61 49 16866.3 0 0
237 61 49 16870.6 0 0
236 61 49 16874.8 0 0
238 61 49 16879 0 0
237 60 50 16883.3 0 0
237 59 49 16887.5 0 0
237 59 49 16891.7 0 0
237 59 49 16895.9 0 0
238 60 49 16900.2 0 0
235 61 49 16904.4 0 0
236 61 50 16908.6 0 0
238 61 49 16912.8 0 0
236 62 49 16917 0 0
238 63 49 16921.2 0 0
235 62 49 16925.5 0 0
238 62 49 16929.7 0 0
238 62 50 16933.9 0 0
237 60 49 16938.7 0 0
237 62 49 16942.9 0 0
237 60 49 16947.1 0 0
236 62 49 16951.3 0 0
236 59 49 16955.5 0 0
237 61 49 16959.7 0 0
237 60 49 16964 0 0
238 60 49 16968.2 0 0
236 60 50 16972.4 0 0
236 61 49 16976.6 0 0
239 61 49 16980.8 0 0
239 61 50 16985 0 0
237 59 49 16989.2 0 0
236 60 50 16993.5 0 0
237 58 49 16997.7 0 0
238 59 49 17001.9 0 0
237 60 50 17006.1 0 0
236 58 50 17010.3 0 0
237 59 49 17014.5 0 0
238 60 49 17018.8 0 0
236 61 49 17023 0 0
236 60 50 17027.2 0 0
238 63 50 17031.4 0 0
238 60 50 17035.6 0 0
237 60 50 17039.9 0 0
237 60 49 17044.1 0 0
238 61 50 17048.3 0 0
237 61 50 17052.5 0 0
238 60 50 17056.7 0 0
236 61 50 17060.9 0 0
238 61 50 17065.1 0 0
238 60 50 17069.3 0 0
236 58 50 17073.6 0 0
238 62 50 17077.8 0 0
237 61 50 17082 0 0
239 63 50 17086.3 0 0
237 60 50 17090.5 0 0
237 60 50 17094.9 0 0
238 63 50 17099.1 0 0
239 61 50 17103.3 0 0
236 61 50 17107.5 0 0
238 63 50 17111.8 0 0
236 62 50 17116 0 0
237 60 51 17120.2 0 0
238 63 50 17124.4 0 0
237 60 50 17128.7 0 0
237 62 50 17132.9 0 0
238 59 50 17137.1 0 0
236 59 50 17141.3 0 0
238 61 50 17145.5 0 0
236 62 50 17149.7 0 0
238 60 51 17154 0 0
238 62 51 17158.2 0 0
239 63 50 17162.5 0 0
237 61 51 17166.7 0 0
235 59 50 17170.9 0 0
238 62 50 17175.1 0 0
237 61 51 17179.3 0 0
238 62 51 17183.5 0 0
236 62 50 17187.7 0 0
237 60 51 17192 0 0
238 61 51 17196.2 0 0
237 60 51 17200.4 0 0
238 61 50 17204.6 0 0
236 61 50 17208.8 0 0
238 61 51 17213 0 0
237 61 50 17217.3 0 0
237 62 51 17221.5 0 0
235 60 50 17225.7 0 0
237 61 50 17229.9 0 0
238 60 51 17234.1 0 0
237 61 51 17238.3 0 0
236 61 51 17242.6 0 0
235 59 51 17246.8 0 0
237 61 50 17251 0 0
236 62 51 17255.2 0 0
237 61 51 17259.4 0 0
236 61 51 17263.6 0 0
238 62 51 17267.8 0 0
238 62 51 17272.1 0 0
236 62 51 17276.3 0 0
238 62 51 17280.5 0 0
237 61 51 17284.8 0 0
236 62 51 17289 0 0
237 62 51 17293.2 0 0
237 61 51 17297.4 0 0
238 62 51 17301.6 0 0
237 62 51 17305.8 0 0
239 61 51 17310 0 0
238 62 51 17314.2 0 0
237 62 51 17318.5 0 0
238 62 51 17322.7 0 0
238 63 51 17327.1 0 0
237 62 51 17331.3 0 0
237 64 51 17335.5 0 0
236 62 51 17339.7 0 0
237 62 51 17344.6 0 0
238 63 51 17348.8 0 0
237 62 51 17353 0 0
237 63 51 17357.2 0 0
237 63 51 17361.4 0 0
237 61 51 17365.6 0 0
239 62 51 17369.8 0 0
236 60 51 17374.1 0 0
237 64 51 17378.3 0 0
239 63 52 17382.5 0 0
237 60 52 17386.7 0 0
239 61 51 17390.9 0 0
237 65 51 17395.2 0 0
236 62 51 17399.4 0 0
239 63 51 17403.6 0 0
238 61 52 17407.8 0 0
238 61 51 17412 0 0
237 61 51 17416.3 0 0
238 60 51 17420.5 0 0
238 61 51 17424.7 0 0
237 61 51 17429 0 0
239 60 51 17433.2 0 0
240 62 51 17437.4 0 0
239 62 51 17441.6 0 0
238 62 51 17445.8 0 0
239 61 51 17450 0 0
237 61 51 17454.2 0 0
237 61 51 17458.5 0 0
238 61 51 17462.7 0 0
238 66 51 17466.9 0 0
238 64 51 17471.1 0 0
238 63 52 17475.4 0 0
238 63 51 17479.6 0 0
237 62 52 17483.8 0 0
237 60 51 17488 0 0
236 61 52 17492.3 0 0
237 62 51 17496.5 0 0
238 61 51 17500.8 0 0
237 61 52 17505 0 0
237 61 52 17509.2 0 0
236 61 51 17513.4 0 0
238 59 51 17517.6 0 0
238 61 51 17521.8 0 0
237 60 51 17526 0 0
236 61 51 17530.3 0 0
240 62 51 17534.5 0 0
237 63 51 17538.7 0 0
238 62 52 17542.9 0 0
240 62 51 17547.1 0 0
238 63 52 17551.6 0 0
238 66 52 17555.8 0 0
237 65 51 17560 0 0
240 60 51 17564.3 0 0
237 61 51 17568.5 0 0
237 60 51 17572.8 0 0
239 62 51 17577.2 0 0
237 61 51 17581.4 0 0
238 61 51 17585.6 0 0
237 65 52 17589.8 0 0
238 63 52 17594.6 0 0
237 64 51 17598.8 0 0
231 78 51 17603 0 0
229 72 52 17607.2 0 0
229 74 51 17611.4 0 0
228 74 52 17615.6 0 0
232 77 52 17619.8 0 0
231 77 51 17624.1 0 0
231 75 51 17628.3 0 0
232 76 51 17632.5 0 0
232 73 51 17636.7 0 0
232 74 51 17640.9 0 0
231 73 52 17645.2 0 0
231 75 52 17649.4 0 0
231 73 51 17653.6 0 0
232 73 51 17657.8 0 0
231 76 52 17662 0 0
229 75 52 17666.2 0 0
228 74 51 17670.5 0 0
232 77 52 17674.7 0 0
230 76 51 17678.9 0 0
231 75 51 17683.1 0 0
229 77 51 17687.3 0 0
234 75 51 17691.5 0 0
227 73 51 17695.7 0 0
232 75 52 17699.9 0 0
230 75 52 17704.1 0 0
232 76 52 17708.3 0 0
231 72 51 17712.6 0 0
234 77 51 17716.8 0 0
232 72 52 17721.1 0 0
232 73 51 17725.3 0 0
229 74 52 17729.5 0 0
230 73 51 17733.7 0 0
231 77 52 17737.9 0 0
232 76 52 17742.6 0 0
232 72 52 17746.8 0 0
230 75 51 17751 0 0
229 75 51 17755.3 0 0
231 76 52 17759.5 0 0
230 74 52 17763.7 0 0
232 77 52 17767.9 0 0
229 74 52 17772.1 0 0
231 76 52 17776.3 0 0
234 75 51 17780.5 0 0
232 74 52 17784.8 0 0
232 73 51 17789 0 0
230 73 51 17793.2 0 0
228 73 52 17797.4 0 0
231 74 52 17801.6 0 0
231 77 52 17805.8 0 0
231 75 52 17810 0 0
230 75 51 17814.2 0 0
230 75 51 17818.5 0 0
230 73 51 17822.9 0 0
232 73 52 17827.2 0 0
231 75 51 17831.5 0 0
232 74 52 17835.7 0 0
232 74 51 17839.9 0 0
230 73 51 17844.5 0 0
230 74 52 17848.7 0 0
231 75 52 17853 0 0
231 73 52 17857.1 0 0
232 73 52 17861.3 0 0
230 74 52 17865.6 0 0
231 72 52 17869.8 0 0
229 74 52 17874 0 0
231 72 51 17878.3 0 0
235 78 52 17882.5 0 0
246 140 21 18389.1 0 0
246 140 0 18393.3 0 0
246 140 0 18397.5 0 0
246 140 0 18401.7 0 0
246 140 0 18405.9 0 0
246 140 0 18410.2 0 0
246 140 0 18414.4 0 0
246 140 0 18418.6 0 0
246 140 0 18422.8 0 0
246 140 0 18427 0 0
246 140 0 18431.2 0 0
246 140 0 18435.5 0 0
246 140 0 18439.7 0 0
180 157 52 18473.4 0 0
174 187 49 18477.6 0 0
172 222 46 18481.8 0 0
172 222 0 18486 0 0
172 222 0 18490.3 0 0
172 222 0 18494.5 0 0
172 222 0 18498.7 0 0
172 222 0 18502.9 0 0
172 222 0 18507.2 0 0
172 222 0 18511.4 0 0
172 222 0 18515.6 0 0
172 222 0 18519.8 0 0
172 222 0 18524 0 0
172 222 0 18528.2 0 0
172 222 0 18532.4 0 0
172 222 0 18536.7 0 0
172 222 0 18540.9 0 0
172 222 0 18545.1 0 0
172 222 0 18549.3 0 0
172 222 0 18553.5 0 0
172 222 0 18557.7 0 0
172 222 0 18561.9 0 0
172 222 0 18566.1 0 0
172 222 0 18570.7 0 0
131 220 51 18587.5 0 0
133 208 51 18591.8 0 0
132 217 52 18596 0 0
134 202 52 18600.2 0 0
137 168 52 18604.4 0 0
129 152 52 18764.5 0 0
117 226 49 18777.2 0 0
117 226 0 18781.5 0 0
54 233 50 18785.7 0 0
74 220 53 18794.1 0 0
75 201 52 18802.5 0 0
48 237 52 18806.7 0 0
84 178 52 18823.8 0 0
72 226 52 18828 0 0
125 134 52 18832.2 0 0
123 146 52 18849.1 0 0
124 134 52 18853.3 0 0
121 148 52 18857.5 0 0
123 142 52 18861.7 0 0
120 150 52 18865.9 0 0
125 130 53 18870.1 0 0
122 138 52 18874.4 0 0
124 143 52 18882.8 0 0
125 137 52 18887 0 0
124 142 52 18891.2 0 0
120 145 52 18895.4 0 0
125 141 52 18899.6 0 0
123 135 52 18903.9 0 0
121 140 52 18908.1 0 0
123 142 52 18912.3 0 0
120 146 52 18916.5 0 0
126 125 52 18920.7 0 0
122 145 52 18924.9 0 0
125 146 52 18929.1 0 0
121 135 52 18933.3 0 0
121 144 52 18938.1 0 0
121 138 52 18942.3 0 0
123 135 53 18946.5 0 0
123 143 52 18950.7 0 0
127 132 52 18954.9 0 0
121 145 52 18959.1 0 0
129 123 52 18963.3 0 0
119 150 52 18967.5 0 0
120 143 52 18971.8 0 0
124 140 52 18976 0 0
127 123 52 18980.2 0 0
126 144 52 18984.4 0 0
121 138 52 18988.6 0 0
129 124 52 18992.8 0 0
128 134 53 18997 0 0
132 117 52 19001.2 0 0
130 117 52 19005.5 0 0
127 140 52 19009.7 0 0
128 122 52 19013.9 0 0
128 130 52 19018.1 0 0
129 121 52 19022.3 0 0
130 117 52 19026.5 0 0
129 123 52 19030.7 0 0
127 135 52 19035 0 0
127 132 52 19039.2 0 0
128 135 52 19043.4 0 0
129 130 52 19047.5 0 0
127 136 52 19051.8 0 0
128 122 52 19056 0 0
128 136 52 19060.2 0 0
131 138 52 19064.4 0 0
128 135 52 19068.7 0 0
128 139 52 19072.9 0 0
130 122 52 19077.1 0 0
125 139 51 19081.3 0 0
128 135 52 19085.5 0 0
128 133 52 19089.8 0 0
128 121 52 19094 0 0
129 120 52 19098.3 0 0
119 145 52 19102.5 0 0
128 124 52 19106.7 0 0
127 138 52 19110.9 0 0
128 123 51 19115.1 0 0
127 139 52 19119.3 0 0
128 140 51 19123.6 0 0
127 132 52 19127.8 0 0
128 133 52 19132 0 0
130 132 52 19136.2 0 0
128 139 52 19140.4 0 0
127 122 52 19144.6 0 0
130 122 52 19148.9 0 0
129 122 52 19153.2 0 0
126 123 52 19157.5 0 0
130 134 52 19161.7 0 0
127 134 52 19165.9 0 0
129 139 52 19170.1 0 0
128 122 52 19174.3 0 0
130 123 52 19178.5 0 0
126 140 52 19182.7 0 0
130 138 52 19186.9 0 0
128 140 52 19191.2 0 0
127 137 52 19195.4 0 0
128 133 52 19199.6 0 0
127 137 52 19203.8 0 0
128 125 52 19208 0 0
128 124 52 19212.2 0 0
128 135 52 19216.5 0 0
130 125 52 19220.7 0 0
130 123 52 19225 0 0
131 136 52 19229.2 0 0
128 124 52 19233.4 0 0
128 135 52 19237.6 0 0
126 138 52 19241.8 0 0
129 122 52 19246 0 0
127 132 52 19250.3 0 0
128 120 52 19254.5 0 0
132 147 52 19258.8 0 0
129 135 52 19263 0 0
128 140 52 19267.2 0 0
129 147 52 19271.4 0 0
128 141 52 19275.6 0 0
129 121 52 19279.8 0 0
125 134 52 19284 0 0
129 122 52 19288.2 0 0
129 133 52 19292.5 0 0
128 134 52 19296.7 0 0
129 131 53 19300.9 0 0
129 120 52 19305.1 0 0
129 122 52 19309.3 0 0
129 134 52 19313.5 0 0
129 123 52 19317.8 0 0
128 122 52 19322 0 0
127 136 52 19326.2 0 0
129 121 52 19330.4 0 0
127 139 52 19334.6 0 0
130 120 52 19338.9 0 0
127 133 52 19343.1 0 0
127 121 52 19347.3 0 0
130 120 52 19351.5 0 0
127 141 52 19355.7 0 0
129 130 52 19359.9 0 0
128 134 52 19364.2 0 0
128 143 52 19368.4 0 0
129 123 52 19372.6 0 0
128 136 52 19376.8 0 0
128 124 52 19381.1 0 0
122 129 52 19385.3 0 0
123 143 52 19389.5 0 0
127 120 52 19393.7 0 0
128 123 52 19397.9 0 0
125 142 52 19402.1 0 0
125 134 52 19406.4 0 0
126 138 52 19410.6 0 0
124 139 52 19414.8 0 0
126 132 52 19419 0 0
129 139 52 19423.2 0 0
127 117 52 19427.4 0 0
122 140 52 19431.7 0 0
129 123 52 19435.9 0 0
126 135 52 19440.1 0 0
129 122 52 19444.3 0 0
123 131 52 19448.5 0 0
128 121 52 19452.7 0 0
126 135 52 19456.9 0 0
127 122 52 19461.2 0 0
124 141 52 19465.4 0 0
129 124 52 19469.6 0 0
127 125 52 19473.8 0 0
128 138 51 19478 0 0
129 122 51 19482.2 0 0
126 137 52 19486.4 0 0
128 132 51 19490.6 0 0
114 141 52 19494.8 0 0
129 132 52 19499.1 0 0
126 132 51 19503.3 0 0
126 133 51 19507.5 0 0
125 132 52 19511.7 0 0
126 137 52 19515.9 0 0
126 125 52 19520.2 0 0
126 133 52 19524.4 0 0
126 142 51 19528.7 0 0
128 121 52 19532.9 0 0
124 133 52 19537.1 0 0
128 122 52 19541.3 0 0
129 123 51 19545.5 0 0
124 137 52 19549.8 0 0
127 120 52 19554 0 0
126 123 52 19558.2 0 0
124 121 52 19562.5 0 0
122 131 52 19566.7 0 0
123 125 52 19571 0 0
123 123 52 19575.2 0 0
121 134 52 19579.4 0 0
123 137 52 19583.6 0 0
125 122 52 19587.9 0 0
120 137 52 19592.1 0 0
123 124 52 19596.3 0 0
122 135 52 19600.5 0 0
121 138 52 19604.7 0 0
122 135 51 19608.9 0 0
123 121 52 19613.1 0 0
124 122 52 19617.4 0 0
124 125 52 19621.6 0 0
121 140 52 19626.5 0 0
125 152 52 19630.7 0 0
125 121 52 19635 0 0
125 132 52 19639.2 0 0
117 143 52 19643.3 0 0
122 133 52 19647.6 0 0
126 123 51 19651.8 0 0
121 139 52 19656 0 0
123 129 52 19660.2 0 0
122 141 52 19664.5 0 0
122 128 51 19668.7 0 0
123 134 52 19672.8 0 0
119 140 52 19677.1 0 0
119 130 52 19681.3 0 0
125 120 52 19685.6 0 0
118 134 52 19689.8 0 0
124 130 53 19694 0 0
124 122 52 19698.2 0 0
126 122 52 19702.4 0 0
126 121 51 19706.6 0 0
122 136 52 19710.8 0 0
122 121 52 19715.1 0 0
125 136 52 19719.3 0 0
125 122 52 19723.5 0 0
124 131 52 19727.8 0 0
125 123 52 19732 0 0
124 139 52 19736.2 0 0
124 127 52 19740.4 0 0
128 121 52 19744.6 0 0
130 138 52 19748.9 0 0
131 122 52 19753.2 0 0
124 141 52 19757.4 0 0
123 132 52 19761.6 0 0
126 138 52 19765.8 0 0
126 122 52 19770 0 0
128 119 52 19774.3 0 0
126 122 52 19778.5 0 0
127 122 52 19782.8 0 0
126 142 52 19787 0 0
127 132 52 19791.2 0 0
128 130 52 19795.4 0 0
127 123 52 19799.5 0 0
127 136 52 19803.8 0 0
127 128 52 19808 0 0
126 122 52 19812.2 0 0
125 135 52 19816.5 0 0
126 122 52 19820.8 0 0
124 135 52 19825 0 0
127 122 52 19829.2 0 0
129 121 52 19833.4 0 0
128 128 52 19837.6 0 0
124 141 52 19841.8 0 0
126 121 52 19846.1 0 0
127 137 52 19850.3 0 0
123 144 52 19854.5 0 0
127 138 52 19858.7 0 0
123 139 52 19862.9 0 0
127 123 52 19867.1 0 0
126 134 52 19871.3 0 0
126 137 52 19875.7 0 0
124 143 52 19879.9 0 0
127 119 52 19884.1 0 0
126 139 52 19888.4 0 0
126 123 52 19892.6 0 0
127 117 53 19896.8 0 0
126 140 52 19901 0 0
127 122 52 19905.3 0 0
122 133 52 19909.5 0 0
127 140 52 19913.7 0 0
126 119 52 19918 0 0
123 144 52 19922.3 0 0
127 124 52 19926.6 0 0
128 122 52 19930.8 0 0
127 133 52 19935 0 0
127 120 52 19939.3 0 0
127 121 52 19943.5 0 0
123 137 52 19947.7 0 0
126 121 52 19951.9 0 0
127 121 52 19956.1 0 0
125 121 52 19960.4 0 0
122 139 52 19964.6 0 0
128 120 52 19968.8 0 0
122 140 52 19973 0 0
126 122 52 19977.2 0 0
125 139 52 19981.5 0 0
126 138 52 19985.7 0 0
128 121 52 19989.9 0 0
124 136 52 19994.1 0 0
127 131 52 19998.3 0 0
136 151 52 20002.6 0 0
127 119 53 20006.8 0 0
128 130 52 20011 0 0
128 120 52 20015.2 0 0
125 140 52 20019.4 0 0
126 121 52 20023.6 0 0
128 119 52 20027.9 0 0
119 149 52 20032.2 0 0
126 124 52 20036.5 0 0
124 138 52 20040.7 0 0
123 136 52 20044.8 0 0
127 124 53 20049 0 0
128 130 52 20053.3 0 0
124 147 52 20057.5 0 0
125 176 51 20061.7 0 0
126 214 50 20065.9 0 0
122 226 48 20137.7 0 0
124 211 49 20141.9 0 0
123 196 51 20146.1 0 0
126 181 51 20150.3 0 0
126 168 51 20154.6 0 0
124 157 52 20158.8 0 0
127 149 52 20163 0 0
126 162 52 20167.2 0 0
127 159 52 20171.4 0 0
126 147 52 20175.6 0 0
129 134 53 20179.8 0 0
128 140 52 20184.1 0 0
126 140 53 20189 0 0
127 135 52 20193.2 0 0
126 139 53 20197.4 0 0
126 120 53 20201.6 0 0
128 114 52 20205.8 0 0
125 139 53 20210 0 0
129 139 53 20214.3 0 0
127 146 53 20218.5 0 0
125 145 53 20222.7 0 0
128 129 53 20226.9 0 0
127 131 53 20231.1 0 0
123 138 53 20235.3 0 0
127 144 53 20239.6 0 0
128 119 53 20243.8 0 0
124 140 53 20248.2 0 0
127 130 53 20252.6 0 0
125 143 52 20256.8 0 0
125 140 52 20261 0 0
126 134 53 20265.2 0 0
127 139 53 20269.4 0 0
126 131 53 20273.7 0 0
124 141 53 20277.9 0 0
126 131 53 20282.7 0 0
124 139 53 20286.9 0 0
127 121 53 20291.1 0 0
123 142 53 20295.3 0 0
124 141 53 20299.5 0 0
126 135 53 20303.7 0 0
125 136 53 20308 0 0
125 135 53 20312.2 0 0
128 119 53 20316.4 0 0
127 131 53 20320.9 0 0
123 138 53 20325.1 0 0
124 130 53 20329.4 0 0
125 144 53 20333.6 0 0
128 120 53 20337.8 0 0
127 121 53 20342.3 0 0
126 133 53 20346.5 0 0
126 130 53 20350.7 0 0
124 133 53 20354.9 0 0
129 119 53 20359.1 0 0
124 119 53 20363.3 0 0
126 136 53 20367.6 0 0
128 120 53 20371.8 0 0
128 126 53 20376.6 0 0
126 136 53 20380.8 0 0
127 120 53 20385 0 0
125 130 53 20389.2 0 0
124 137 53 20393.4 0 0
126 145 53 20397.7 0 0
123 138 53 20401.9 0 0
128 131 53 20406.1 0 0
121 141 53 20410.3 0 0
129 118 53 20418.7 0 0
126 121 53 20423 0 0
124 137 53 20429.9 0 0
125 135 53 20434.2 0 0
125 132 53 20438.4 0 0
130 119 53 20442.6 0 0
128 121 53 20446.8 0 0
126 119 53 20451 0 0
126 130 52 20455.3 0 0
127 137 53 20459.5 0 0
128 126 53 20463.7 0 0
124 132 53 20468 0 0
118 141 53 20472.2 0 0
128 116 53 20476.4 0 0
125 129 53 20480.6 0 0
127 128 53 20484.8 0 0
128 134 52 20489 0 0
127 128 53 20493.3 0 0
129 122 53 20497.5 0 0
128 120 53 20501.7 0 0
126 140 53 20506 0 0
125 139 53 20510.2 0 0
127 122 53 20514.4 0 0
129 119 53 20518.6 0 0
127 131 53 20522.8 0 0
129 120 53 20527 0 0
128 132 53 20533.9 0 0
127 137 53 20538.1 0 0
130 116 53 20542.3 0 0
128 122 53 20546.5 0 0
126 133 53 20550.7 0 0
126 128 53 20555 0 0
128 117 53 20559.3 0 0
127 121 53 20563.6 0 0
130 126 53 20568 0 0
124 141 53 20572.2 0 0
129 119 53 20576.4 0 0
129 118 53 20580.6 0 0
118 133 53 20584.8 0 0
127 118 53 20589.1 0 0
126 128 53 20593.3 0 0
130 129 53 20597.5 0 0
128 113 53 20601.7 0 0
127 129 53 20606 0 0
129 117 53 20610.2 0 0
128 120 53 20617.3 0 0
130 135 53 20621.5 0 0
126 128 54 20625.8 0 0
126 137 53 20630.1 0 0
126 114 53 20634.3 0 0
128 131 53 20638.5 0 0
124 129 53 20642.7 0 0
128 118 53 20657.9 0 0
127 129 53 20662.1 0 0
128 130 53 20667.2 0 0
128 135 53 20671.4 0 0
122 135 54 20675.6 0 0
124 131 53 20679.8 0 0
125 135 53 20684.1 0 0
128 118 53 20688.3 0 0
127 144 53 20692.5 0 0
122 135 53 20696.7 0 0
126 127 53 20700.9 0 0
129 129 53 20705.1 0 0
126 120 54 20709.3 0 0
130 114 53 20713.5 0 0
129 104 53 20717.8 0 0
100 236 53 20726.2 0 0
224 192 54 20730.4 0 0
217 169 53 20734.6 0 0
59 229 54 20739 0 0
171 207 54 20743.2 0 0
133 154 54 20747.4 0 0
57 230 54 20751.6 0 0
52 216 53 20755.8 0 0
102 166 54 20762.6 0 0
228 200 53 20766.9 0 0
65 230 54 20771.1 0 0
217 191 54 20775.3 0 0
230 184 54 20779.6 0 0
82 193 54 20783.8 0 0
48 226 54 20792.2 0 0
97 145 54 20796.4 0 0
88 156 54 20800.6 0 0
127 73 54 20804.8 0 0
64 217 54 20809 0 0
129 81 54 20813.2 0 0
68 197 54 20817.5 0 0
79 163 54 20821.7 0 0
133 123 54 20825.9 0 0
132 133 54 20830.1 0 0
127 84 54 20834.3 0 0
128 78 54 20838.5 0 0
127 130 54 20842.8 0 0
126 82 54 20847 0 0
127 82 54 20851.2 0 0
103 156 54 20855.4 0 0
128 77 54 20859.6 0 0
128 83 54 20863.9 0 0
127 83 54 20868.1 0 0
127 83 54 20872.3 0 0
127 83 54 20879.5 0 0
128 82 54 20883.7 0 0
127 82 54 20887.8 0 0
100 165 54 20892.1 0 0
128 83 53 20896.3 0 0
126 84 53 20900.5 0 0
127 82 54 20904.7 0 0
128 79 54 20908.9 0 0
127 80 54 20913.2 0 0
127 78 54 20917.3 0 0
123 128 53 20921.5 0 0
126 84 54 20925.8 0 0
128 81 54 20930 0 0
127 85 54 20934.2 0 0
126 82 54 20938.4 0 0
128 83 53 20942.6 0 0
128 83 54 20946.8 0 0
128 82 54 20951 0 0
129 84 54 20955.2 0 0
127 86 53 20959.5 0 0
108 135 54 20963.7 0 0
126 87 54 20967.9 0 0
127 89 54 20972.1 0 0
126 93 54 20976.3 0 0
130 104 54 20980.5 0 0
126 113 53 20984.7 0 0
126 124 53 20989 0 0
125 129 53 20993.2 0 0
126 122 52 20997.4 0 0
124 128 53 21004.4 0 0
124 126 53 21008.6 0 0
126 125 53 21012.8 0 0
124 125 53 21017 0 0
126 128 53 21021.2 0 0
126 129 52 21025.4 0 0
126 127 52 21029.7 0 0
124 129 52 21033.9 0 0
126 127 52 21038.1 0 0
124 126 52 21042.3 0 0
126 129 52 21046.5 0 0
127 126 52 21050.7 0 0
125 128 52 21055.2 0 0
126 129 52 21059.4 0 0
126 129 52 21063.6 0 0
128 129 52 21067.9 0 0
126 128 52 21072.1 0 0
125 129 51 21076.3 0 0
126 129 52 21080.5 0 0
127 129 51 21084.7 0 0
125 130 52 21091.6 0 0
126 131 51 21095.8 0 0
124 127 51 21100 0 0
126 130 51 21104.2 0 0
125 129 51 21108.5 0 0
125 130 51 21112.6 0 0
125 130 51 21116.9 0 0
126 131 52 21121.1 0 0
127 131 51 21125.3 0 0
124 131 51 21129.5 0 0
127 130 51 21133.8 0 0
125 131 51 21138 0 0
126 131 51 21142.2 0 0
127 131 51 21146.4 0 0
125 130 51 21150.6 0 0
126 130 51 21154.9 0 0
125 129 51 21159.1 0 0
126 125 50 21163.3 0 0
126 122 50 21167.5 0 0
128 119 50 21171.7 0 0
127 121 50 21175.9 0 0
126 122 51 21180.2 0 0
124 122 50 21184.4 0 0
125 123 50 21188.7 0 0
126 121 50 21192.9 0 0
125 121 50 21197.1 0 0
125 121 50 21201.3 0 0
125 124 50 21207.6 0 0
127 124 50 21211.8 0 0
126 122 50 21216 0 0
125 122 50 21220.3 0 0
125 125 50 21224.5 0 0
126 126 50 21228.7 0 0
125 122 50 21232.9 0 0
125 127 50 21237.1 0 0
127 123 50 21241.3 0 0
126 123 50 21245.5 0 0
127 124 50 21249.8 0 0
126 123 50 21254 0 0
126 123 50 21258.2 0 0
126 124 50 21262.4 0 0
125 123 50 21266.6 0 0
126 122 50 21270.8 0 0
127 123 50 21275.1 0 0
126 122 50 21279.3 0 0
127 123 50 21283.5 0 0
126 123 50 21287.8 0 0
128 124 50 21292 0 0
124 124 50 21296.2 0 0
126 122 50 21300.4 0 0
126 126 50 21304.7 0 0
124 125 50 21308.8 0 0
126 125 50 21313.1 0 0
126 125 50 21317.3 0 0
124 124 50 21321.5 0 0
128 126 50 21325.7 0 0
126 126 50 21329.9 0 0
126 124 50 21334.2 0 0
126 125 50 21338.4 0 0
127 124 50 21342.6 0 0
124 123 50 21346.9 0 0
125 126 50 21351.1 0 0
126 123 50 21355.3 0 0
127 126 50 21359.5 0 0
124 124 50 21363.7 0 0
126 125 50 21367.9 0 0
125 124 50 21372.1 0 0
125 125 50 21376.4 0 0
125 126 50 21380.6 0 0
124 124 50 21384.8 0 0
125 125 50 21389 0 0
125 123 50 21393.2 0 0
125 124 50 21397.4 0 0
126 124 50 21401.6 0 0
126 122 50 21405.8 0 0
126 121 50 21410.1 0 0
126 121 50 21414.3 0 0
125 123 50 21418.5 0 0
125 122 50 21422.7 0 0
127 122 51 21426.9 0 0
127 122 51 21431.2 0 0
126 123 51 21435.4 0 0
125 121 51 21439.7 0 0
127 122 50 21443.9 0 0
126 122 51 21448.1 0 0
126 124 50 21452.3 0 0
123 126 51 21456.5 0 0
125 124 50 21460.7 0 0
126 128 50 21464.9 0 0
125 128 51 21469.2 0 0
126 127 50 21473.4 0 0
129 127 51 21477.6 0 0
129 136 50 21481.8 0 0
127 157 50 21486 0 0
126 187 49 21490.2 0 0
125 224 47 21494.4 0 0
125 224 0 21498.6 0 0
125 224 0 21502.9 0 0
125 224 0 21507.1 0 0
125 224 0 21511.3 0 0
125 224 0 21515.5 0 0
125 224 0 21519.8 0 0
125 224 0 21524 0 0
125 224 0 21528.2 0 0
125 224 0 21532.5 0 0
125 224 0 21536.7 0 0
125 224 0 21540.9 0 0
125 224 0 21545.1 0 0
125 224 0 21549.3 0 0
125 224 0 21554 0 0
125 224 0 21558.3 0 0
125 224 0 21562.5 0 0
121 224 47 21566.8 0 0
123 208 49 21571 0 0
124 193 50 21575.2 0 0
122 179 51 21579.4 0 0
124 166 51 21583.7 0 0
124 156 51 21587.9 0 0
125 147 51 21592.1 0 0
125 140 52 21596.3 0 0
128 135 52 21600.5 0 0
129 129 52 21604.8 0 0
129 125 52 21609 0 0
127 123 52 21613.2 0 0
127 123 52 21617.4 0 0
128 123 52 21621.6 0 0
125 125 52 21625.8 0 0
127 124 52 21630 0 0
126 124 52 21634.2 0 0
127 121 51 21638.5 0 0
128 119 52 21642.7 0 0
126 122 52 21646.9 0 0
129 121 52 21651.2 0 0
127 123 52 21655.5 0 0
126 121 52 21659.7 0 0
127 122 51 21663.9 0 0
125 120 52 21668.1 0 0
127 122 52 21672.3 0 0
125 121 52 21676.6 0 0
128 120 52 21680.8 0 0
127 123 52 21685 0 0
127 121 52 21689.2 0 0
125 120 53 21693.4 0 0
127 120 52 21697.6 0 0
126 123 52 21701.8 0 0
126 120 52 21706 0 0
126 122 52 21710.3 0 0
126 123 52 21714.5 0 0
126 122 52 21718.7 0 0
126 122 52 21723 0 0
127 120 52 21727.2 0 0
126 123 52 21731.4 0 0
126 122 52 21735.6 0 0
127 122 52 21739.8 0 0
125 122 52 21744.1 0 0
126 122 52 21748.3 0 0
126 123 52 21752.5 0 0
127 122 52 21756.7 0 0
126 124 52 21760.9 0 0
126 122 52 21765.1 0 0
125 122 52 21769.3 0 0
125 124 52 21773.5 0 0
125 122 52 21777.8 0 0
126 123 52 21782.1 0 0
125 122 53 21786.3 0 0
126 122 52 21790.5 0 0
125 124 52 21794.7 0 0
128 123 52 21798.9 0 0
126 122 52 21803.1 0 0
127 123 53 21807.3 0 0
127 119 52 21811.5 0 0
127 122 52 21815.8 0 0
127 119 52 21820 0 0
126 118 52 21824.3 0 0
126 119 52 21828.5 0 0
125 122 52 21832.8 0 0
126 120 52 21837 0 0
127 120 52 21841.3 0 0
127 122 52 21845.5 0 0
125 121 52 21849.7 0 0
127 120 52 21853.9 0 0
127 121 52 21858.1 0 0
127 119 52 21862.3 0 0
127 120 52 21866.5 0 0
128 121 52 21870.8 0 0
125 120 53 21875 0 0
127 120 52 21879.2 0 0
126 119 52 21883.4 0 0
127 119 52 21887.6 0 0
126 119 52 21891.8 0 0
128 118 52 21896 0 0
126 121 52 21900.2 0 0
126 120 52 21904.5 0 0
128 119 53 21908.7 0 0
127 119 53 21912.9 0 0
127 118 52 21917.1 0 0
128 119 52 21921.3 0 0
124 120 52 21925.5 0 0
127 121 53 21929.7 0 0
128 120 53 21934 0 0
126 120 52 21938.8 0 0
125 119 53 21943 0 0
126 120 53 21949.4 0 0
128 118 53 21953.6 0 0
126 120 53 21957.8 0 0
125 119 53 21962 0 0
126 121 52 21966.3 0 0
127 120 52 21970.5 0 0
127 121 52 21974.7 0 0
126 121 53 21978.9 0 0
126 140 53 21983.2 0 0
128 120 53 21987.4 0 0
127 119 53 21991.6 0 0
128 121 53 21995.9 0 0
126 121 53 22000.2 0 0
126 120 53 22004.5 0 0
127 120 53 22008.8 0 0
127 120 53 22013 0 0
127 119 53 22020.1 0 0
127 117 53 22024.4 0 0
126 120 53 22028.6 0 0
