64044.9,125,118
64049.2,124,122
64053.4,124,117
64057.6,124,121
64061.8,123,119
64066,124,120
64070.2,122,119
64074.4,124,118
64078.6,124,119
64082.8,124,119
64087.1,125,120
64091.3,121,120
64095.7,124,118
64099.9,125,119
64104.1,123,117
64108.3,124,119
64112.5,124,118
64116.7,125,118
64120.9,123,120
64125.2,123,120
64129.4,123,121
64133.6,123,119
64137.8,120,131
64142,120,131
64146.3,120,131
64150.5,120,131
64154.8,120,131
64159,120,131
64163.3,120,131
64167.5,120,131
64171.7,120,131
64175.9,120,131
64180.1,120,131
64184.3,120,131
64188.6,120,131
64192.8,120,131
64197,120,131
64201.2,120,131
64205.4,120,131
64209.6,120,131
64213.8,120,131
64218.3,120,131
64222.5,120,131
64226.7,120,131
64230.9,120,131
64235.1,120,131
64239.3,120,131
64243.5,120,131
64247.8,120,131
64252,120,131
64256.2,120,131
64260.4,120,131
64264.6,118,140
64268.8,119,133
64273.1,116,127
64277.3,121,124
64281.5,121,121
64285.7,121,124
64289.9,120,124
64294.1,120,123
64298.3,121,125
64302.5,119,124
64306.8,119,124
64311,121,126
64315.2,120,124
64319.4,123,125
64323.6,118,125
64327.8,120,127
64332.1,121,126
64336.3,120,123
64340.5,121,123
64344.7,120,125
64348.9,119,124
64353.1,121,123
64357.3,121,126
64361.5,122,125
64365.7,121,125
64369.9,120,123
64374.8,119,125
64379.1,119,124
64383.2,119,123
64387.4,122,124
64391.7,121,125
64395.9,122,123
64400.1,120,123
64404.3,118,125
64408.5,121,123
64412.7,121,122
64416.9,123,124
64421.1,121,123
64425.4,121,123
64429.6,121,124
64433.8,122,124
64438,122,122
64442.2,123,121
64446.4,121,123
64450.7,123,122
64454.8,122,121
64459.1,122,126
64463.3,121,122
64467.5,118,116
64471.8,112,107
64476,107,95
64480.2,99,89
64484.4,99,78
64488.6,94,75
64492.8,90,66
64497.1,88,61
64501.3,90,61
64505.5,90,60
64509.7,91,63
64513.9,88,61
64518.1,88,61
64522.3,89,60
64526.5,88,59
64530.8,89,62
64535,91,65
64539.2,89,63
64543.4,88,61
64547.6,88,59
64551.8,87,63
64556,88,61
64560.2,87,59
64564.4,89,60
64568.7,88,60
64572.9,87,62
64577.1,88,59
64581.3,86,61
64585.5,87,59
64589.7,87,60
64594,87,60
64598.2,87,61
64602.4,88,61
64606.6,88,61
64610.8,87,60
64615,87,62
64619.2,89,61
64623.4,85,61
64627.7,87,61
64631.9,86,62
64636.1,88,58
64640.3,86,59
64644.5,87,61
64648.8,86,59
64653,88,61
64657.2,87,57
64661.4,87,61
64665.6,85,60
64669.8,86,59
64674,87,59
64678.3,86,60
64682.5,87,59
64686.7,87,60
64690.9,85,62
64695.1,86,61
64699.3,88,59
64703.5,86,63
64707.7,87,61
64712,87,59
64716.2,86,59
64720.4,86,60
64724.6,89,59
64728.8,87,59
64733,88,61
64737.2,94,65
64741.5,96,73
64745.7,107,78
64749.9,113,78
64754.2,122,83
64758.4,126,84
64762.6,133,88
64766.8,127,91
64771,125,89
64775.2,125,89
64779.4,125,90
64783.6,127,92
64787.8,126,89
64792,124,90
64796.2,124,90
64800.4,126,91
64804.7,125,90
64808.9,125,90
64813.1,127,90
64817.3,126,93
64821.5,126,92
64825.7,126,89
64829.9,126,89
64834.2,127,91
64838.4,127,91
64842.6,125,90
64846.8,124,90
64851.1,126,89
64855.2,126,90
64859.4,125,90
64863.7,126,88
64867.9,127,91
64872.1,126,93
64876.3,125,90
64880.6,124,89
64884.8,126,90
64888.9,127,88
64893.2,128,92
64897.4,126,93
64901.6,125,90
64905.9,126,92
64910.2,127,91
64914.4,125,91
64918.6,126,89
64922.8,128,90
64927,124,90
64931.2,126,90
64935.5,126,90
64939.7,123,91
64943.9,127,89
64948.1,128,89
64952.3,125,90
64956.5,125,93
64960.7,126,88
64965,127,89
64969.2,126,91
64973.4,125,89
64977.6,126,91
64981.8,127,91
64986,124,89
64990.3,127,89
64994.5,126,87
64999.4,126,90
65003.7,126,89
65007.9,127,87
65012.1,127,90
65016.3,125,89
65020.6,126,89
65024.8,126,93
65029,126,90
65033.2,126,89
65037.4,127,89
65041.7,127,92
65045.9,123,92
65050.1,126,90
65062,128,90
65066.2,126,91
65070.4,127,91
65074.6,125,93
65078.8,127,90
65083.1,126,90
65087.3,126,89
65091.5,127,89
65095.7,126,90
65099.9,125,95
65104.1,125,107
65108.3,127,117
65112.6,129,131
65116.8,129,137
65121,129,137
65125.2,129,137
65129.4,124,159
65133.7,124,159
65137.8,124,165
65142.1,124,165
65146.3,126,155
65150.5,126,155
65154.8,126,155
65159,126,155
65163.2,126,155
65167.4,125,155
65171.6,129,153
65175.8,129,153
65180.1,129,153
65184.3,129,153
65188.5,129,153
65192.7,129,153
65196.9,129,149
65201.1,130,146
65205.3,128,151
65209.5,128,153
65213.7,124,152
65218,124,152
65222.2,124,152
65226.4,128,151
65230.6,129,151
65234.8,129,151
65239,126,151
65243.2,126,152
65247.4,128,151
65251.7,130,148
65255.9,129,152
65260.1,129,151
65264.3,129,151
65268.5,125,153
65272.7,127,150
65276.9,127,151
65281.2,128,150
65285.4,125,153
65289.6,127,151
65293.8,128,155
65298,129,151
65302.2,130,152
65306.5,128,151
65310.7,127,150
65314.9,128,154
65319.1,129,153
65323.3,127,151
65327.5,127,148
65331.8,126,154
65336,128,152
65340.2,127,151
65344.4,127,151
65348.7,125,154
65352.9,126,152
65357.1,125,146
65361.3,124,137
65365.5,124,124
65369.7,125,113
65374.2,123,108
65378.4,123,97
65382.6,125,91
65386.8,125,89
65391,124,91
65395.2,124,93
65399.5,125,94
65403.7,125,95
65407.9,121,93
65412.2,122,95
65416.4,125,96
65420.6,122,93
65424.8,123,93
65429,121,95
65433.2,121,94
65437.5,122,94
65441.7,125,92
65445.9,122,94
65450.1,121,93
65454.3,123,94
65458.5,121,94
65462.7,122,92
65466.9,121,94
65471.2,124,93
65475.4,124,95
65479.6,122,93
65483.8,122,91
65488,123,93
65492.2,120,91
65496.5,124,93
65500.7,122,93
65504.9,123,90
65511.6,122,91
65515.9,120,94
65520.1,124,92
65524.4,123,91
65528.6,124,92
65532.8,124,92
65537,122,93
65541.2,123,90
65545.4,124,90
65549.6,123,91
65553.9,122,96
65558.1,123,93
65562.3,122,89
65566.5,124,92
65570.7,124,92
65574.9,122,94
65579.1,121,92
65583.4,123,91
65587.6,122,93
65591.8,122,92
65596.1,121,92
65600.3,121,95
65604.5,122,93
65611.3,123,93
65615.6,124,95
65619.8,123,94
65624.4,121,95
65628.6,121,98
65632.8,123,96
65637,122,99
65641.2,124,95
65645.8,122,99
65649.9,122,99
65654.2,120,100
65658.4,123,99
65662.6,122,107
65666.8,127,130
65678,126,148
65682.3,126,148
65686.5,126,148
65690.7,126,148
65694.9,126,148
65699.1,126,148
65703.3,126,148
65707.6,126,148
65711.8,126,148
65716,126,148
65720.2,126,148
65724.4,126,148
65728.6,126,148
65732.8,126,148
65737,126,148
65741.2,126,148
65745.5,119,181
65749.7,119,181
65753.9,122,177
65758.1,122,177
65762.3,122,177
65766.5,125,173
65770.7,125,173
65774.9,120,180
65779.2,120,180
65783.4,120,180
65787.6,120,180
65791.8,120,180
65796,120,180
65803.1,120,180
65807.3,120,180
65811.9,120,180
65816.1,120,180
65820.3,122,176
65824.5,122,176
65828.7,122,176
65833,122,176
65837.2,122,176
65841.4,122,176
65845.6,122,176
65849.9,122,176
65854.1,122,176
65858.3,122,176
65862.5,122,176
65866.7,122,176
65873.8,122,176
65878,122,176
65882.2,122,176
65886.4,122,176
65890.6,122,176
65895.1,122,176
65899.3,122,176
65903.6,122,176
65907.8,122,176
65912,122,176
65916.2,122,176
65920.4,122,176
65924.6,122,176
65945.7,172,69
65949.9,172,57
65954.1,178,54
65958.3,179,36
65962.5,178,32
65966.8,176,25
65971,175,35
65975.2,174,36
65979.4,177,33
65983.6,175,34
65987.8,175,35
65994.6,175,34
65998.9,175,33
66003.2,175,35
66007.4,176,35
66011.6,174,35
66015.8,175,35
66020,173,32
66024.2,177,34
66028.4,175,34
66032.6,174,35
66036.9,175,36
66041.1,176,35
66045.3,177,34
66049.5,177,36
66053.7,174,38
66057.9,176,37
66062.1,176,37
66066.3,176,36
66070.5,176,37
66074.7,176,36
66078.9,177,36
66083.2,177,37
66087.4,175,35
66091.6,176,35
66095.8,177,36
66100,176,37
66104.2,177,36
66111.3,177,39
66115.5,178,37
66119.7,178,38
66124.1,180,37
66128.3,178,38
66132.5,177,39
66136.7,178,40
66140.9,176,39
66145.1,178,35
66149.4,178,35
66153.6,179,37
66157.8,177,37
66162,177,37
66166.2,180,36
66170.4,178,40
66174.6,177,38
66178.9,177,37
66183.1,177,39
66187.3,178,39
66194.4,176,38
66198.7,176,38
66202.9,178,35
66207.1,179,35
66211.3,177,38
66215.5,177,38
66219.8,177,37
66224,180,36
66228.2,180,39
66232.4,180,39
66236.6,178,37
66240.8,180,36
66245,179,37
66249.3,180,34
66253.5,176,43
66257.7,178,41
66261.9,178,41
66266.1,179,46
66270.3,179,46
66274.6,178,37
66278.8,179,40
66283,180,37
66287.2,180,37
66291.4,180,37
66295.6,179,35
66299.8,177,38
66304,177,39
66308.2,180,37
66315.1,177,38
66319.3,178,37
66323.6,179,38
66327.8,178,35
66332.1,179,39
66336.3,179,36
66340.5,178,39
66344.7,179,40
66348.9,179,44
66353.1,181,35
66357.3,177,42
66361.5,179,35
66365.7,180,37
66369.9,180,38
66374.2,180,37
66378.4,180,37
66382.6,179,37
66386.8,179,39
66391,179,39
66395.2,180,34
66399.4,181,42
66403.7,181,42
66407.9,180,41
66412.1,178,34
66416.3,179,38
66420.5,179,38
66424.9,180,37
66429.1,180,38
66435.9,180,38
66440.2,181,40
66444.4,181,40
66448.6,181,40
66452.8,181,40
66457,180,47
66461.2,180,47
66465.4,179,41
66469.7,179,41
66473.9,180,42
66478.1,179,43
66482.3,179,43
66486.5,179,43
66490.7,179,43
66494.9,193,85
66499.1,193,83
66503.3,194,90
66507.5,194,90
66511.7,194,90
66515.9,194,90
66520.1,194,90
66539.9,192,107
66548.3,192,107
66556.6,191,119
66564.8,191,119
66573.1,191,119
66581.1,191,120
66585.4,191,120
66589.8,191,120
66594,193,115
66598.2,193,115
66602.4,188,118
66606.6,188,118
66610.8,188,118
66615.1,189,112
66619.3,189,112
66623.8,189,112
66628.1,186,111
66632.4,186,111
66636.6,186,111
66640.8,186,111
66645,186,111
66649.2,189,111
66657.6,191,111
66664.7,191,111
66673.2,189,120
66681.4,189,120
66689.7,191,119
66698,191,119
66706.1,191,119
66710.3,189,116
66714.7,189,116
66719,189,116
66723.2,188,113
66727.4,188,113
66731.6,188,113
66735.8,191,115
66740,190,116
66744.2,194,118
66748.9,190,118
66757.3,188,117
66761.5,188,117
66765.7,188,117
66769.9,188,117
66774.1,188,117
66778.4,188,117
67003.4,185,109
67007.6,181,102
67011.8,181,102
67018.6,182,92
67022.9,180,84
67027.1,180,84
67031.4,180,84
67035.6,180,84
67039.8,180,84
67044,180,84
67052.8,180,84
67057,180,84
67061.2,180,84
67065.4,180,84
67069.7,189,36
67073.9,189,36
67078.1,180,42
67082.2,182,38
67086.5,182,38
67090.7,182,38
67094.9,183,43
67099.1,181,36
67103.3,182,36
67107.5,182,36
67111.7,182,41
67115.9,186,38
67120.2,186,38
67124.4,183,44
67128.6,182,42
67132.8,183,35
67137,184,36
67141.2,183,34
67145.5,184,41
67149.7,184,41
67153.9,182,37
67158.1,181,35
67162.4,184,35
67166.6,180,39
67171,180,39
67175.3,180,39
67179.5,182,35
67183.7,182,38
67187.9,184,36
67192.2,184,36
67196.4,183,37
67200.6,183,38
67204.8,181,38
67209,182,42
67213.2,181,37
67217.4,184,38
67221.7,182,36
67225.9,182,36
67230.1,180,39
67234.3,180,41
67238.5,180,41
67242.7,181,40
67246.9,180,40
67251.2,183,34
67255.4,181,38
67259.6,184,38
67263.8,183,41
67268,180,39
67272.2,181,38
67276.4,182,41
67281,182,41
67285.2,180,42
67289.4,180,37
67293.6,182,39
67297.8,184,44
67302,184,44
67306.2,181,40
67310.5,180,40
67314.7,183,41
67318.9,181,35
67323.1,185,39
67327.3,183,41
67331.5,181,40
67335.8,181,40
67340,181,42
67344.2,182,38
67348.4,181,33
67352.6,181,33
67356.8,181,38
67361,181,38
67365.2,182,43
67369.4,180,36
67373.7,182,39
67377.9,178,38
67382.1,186,31
67386.3,182,39
67390.5,182,39
67394.7,182,39
67398.9,180,37
67403.2,180,35
67407.4,183,37
67411.6,182,42
67415.8,180,37
67420,180,37
67424.2,180,37
67428.5,178,28
67432.7,182,40
67437.3,182,40
67441.5,184,45
67445.7,184,45
67449.9,182,40
67454.1,182,40
67458.4,181,42
67462.6,179,36
67466.8,189,39
67471,189,39
67475.2,189,39
67479.4,189,39
67483.6,189,39
67487.8,226,60
67492,226,60
67496.2,226,60
67500.4,254,90
67504.7,254,90
67508.9,254,90
67513.1,254,90
67517.3,254,90
67521.5,254,90
67525.8,254,90
67530,254,90
67534.3,254,90
67538.5,254,90
67542.7,254,90
67546.9,254,90
67551.1,254,90
67555.4,254,90
67559.6,249,98
67563.8,249,98
67568,249,98
67572.2,249,98
67576.4,249,98
67580.6,249,98
67584.8,249,98
67589.1,249,98
67593.3,249,98
67597.5,249,98
67601.7,249,98
67605.9,249,98
67610.1,249,98
67614.3,249,98
67618.5,249,98
67622.8,249,98
67627,249,98
67631.2,249,98
67635.4,249,98
67639.6,249,98
67643.8,249,98
67648,249,98
67652.2,249,98
67656.4,249,98
67660.7,249,98
67664.9,249,98
67669.1,249,98
67673.3,249,98
67677.6,251,94
67681.8,251,94
67686.2,251,94
67690.4,251,94
67697.2,250,102
67701.4,250,102
67705.7,250,102
67709.9,250,102
67714.1,250,102
67718.3,250,102
67722.5,250,102
67726.7,250,102
67730.9,250,102
67735.1,250,102
68079.5,242,51
68083.7,242,50
68087.9,245,53
68092.1,245,55
68096.3,241,55
68100.6,241,55
68104.8,248,49
68109,244,50
68113.2,243,53
68117.4,243,51
68121.6,243,50
68125.8,243,52
68130.1,244,50
68134.3,244,50
68138.5,244,50
68142.7,242,63
68146.9,244,52
68151.1,244,52
68155.4,246,52
68159.6,248,53
68163.8,246,52
68168,241,54
68172.2,244,54
68176.4,242,50
68180.7,244,52
68184.9,246,49
68189.1,243,52
68193.3,243,52
68197.5,244,52
68201.7,242,50
68205.9,242,50
68210.2,244,50
68214.4,242,53
68218.6,246,53
68222.8,242,53
68227,245,53
68231.2,245,53
68235.4,248,54
68239.7,248,54
68243.9,245,54
68248.1,245,54
68253,244,61
68257.2,244,61
68261.4,244,61
68265.6,245,48
68269.8,245,48
68274.1,245,48
68278.3,245,48
68282.5,245,48
68286.7,244,61
68290.9,244,61
68295.1,244,51
68299.3,244,54
68303.5,244,54
68307.7,242,51
68312.5,242,51
68316.7,246,57
68320.9,245,53
68325.1,250,77
68329.3,245,75
68333.5,245,75
68337.7,245,75
68342,245,75
68346.2,245,75
68350.4,245,75
68354.6,250,63
68358.8,250,63
68363,250,63
68367.2,250,63
68371.4,250,63
68375.7,250,63
68379.9,250,63
68384.1,250,63
68388.3,250,63
68392.5,250,63
68396.7,250,63
68400.9,250,63
68405.2,250,63
68409.5,247,60
68413.7,247,60
68417.9,247,60
68422.1,247,60
68426.3,246,58
68430.5,247,62
68434.7,247,62
68439,247,62
68443.2,247,62
68447.4,247,62
68451.6,247,62
68455.8,247,69
68460,247,69
68464.2,247,69
68468.4,247,69
68472.7,249,59
68476.9,249,59
68481.1,249,59
68485.3,249,59
68489.5,250,68
68493.7,243,52
68497.9,243,52
68503,245,57
68507.2,245,55
68511.4,245,54
68515.6,242,54
68519.8,249,53
68524,248,64
68549.3,246,55
68553.5,244,51
68557.8,248,59
68562,242,50
68570.4,244,57
68574.6,245,55
68591.5,250,77
68595.7,250,77
68599.9,250,77
68604.1,249,63
68608.3,249,63
68612.5,249,63
68616.7,249,63
68620.9,249,63
68625.2,250,89
68629.4,250,89
68633.6,250,89
68637.8,250,89
68642.1,249,85
68646.3,249,85
68650.5,249,85
68654.7,250,103
68658.9,250,103
68663.2,244,64
68667.4,244,64
68671.6,244,64
68675.8,244,64
68680,243,59
68684.3,246,52
68696.9,243,63
68701.1,243,58
68705.3,243,58
68717.9,244,59
68730.6,246,55
68734.8,244,63
68739,245,53
68751.6,243,55
68760.1,242,58
68768.5,244,61
68776.9,249,78
68781.2,249,78
68785.4,249,78
68789.6,249,78
68793.8,249,78
68798,249,78
68802.2,249,78
68806.4,249,78
68810.6,249,78
68886.4,249,83
68890.7,249,83
68894.9,249,83
68899.3,249,83
68903.5,247,63
68907.8,244,62
68912,244,62
68916.2,244,62
68920.4,247,60
68924.6,247,60
68928.8,247,60
68933.1,247,60
68937.3,247,60
68941.5,247,60
68945.7,247,60
68949.9,247,60
68954.1,247,60
68958.3,247,60
68962.5,247,60
68966.8,247,60
68971,246,67
68975.2,246,67
68979.4,246,67
68983.6,246,67
68987.8,246,67
68992.1,246,67
68996.3,246,67
69000.5,246,67
69004.7,246,67
69009,246,67
69013.2,246,67
69017.4,245,59
69021.6,245,59
69025.8,244,54
69030.1,244,54
69034.3,244,54
69038.6,244,54
69042.8,246,55
69053.1,246,55
69059.8,246,55
69064,244,60
69068.2,243,56
69072.4,243,56
69076.6,247,59
69080.8,245,58
69085,245,58
69089.2,247,62
69093.5,247,62
69097.7,248,65
69101.9,248,65
69106.1,248,62
69110.3,248,62
69114.5,244,57
69118.7,244,57
69122.9,244,57
69127.2,244,57
69131.4,247,64
69135.6,247,64
69139.8,249,61
69144,245,60
69148.2,245,62
69152.4,245,62
69156.6,245,62
69160.9,247,48
69165.1,245,59
69169.3,245,59
69173.5,246,56
69177.7,246,56
69181.9,247,58
69186.1,247,58
69190.4,245,60
69194.6,245,60
69198.8,245,60
69203,245,55
69207.2,243,54
69211.4,245,54
69215.6,245,54
69219.8,245,54
69224,245,54
69228.2,246,57
69232.5,246,61
69236.7,246,61
69240.9,246,61
69245.1,244,56
69249.4,246,62
69253.6,248,60
69257.8,248,60
69262,248,60
69266.2,248,60
69270.4,245,51
69274.6,249,51
69278.9,244,53
69283.1,251,51
69287.3,246,52
69291.5,244,51
69295.7,244,51
69299.9,247,52
69304.1,244,53
69308.4,244,53
69312.6,245,50
69316.8,246,50
69321,244,47
69325.2,245,52
69329.4,248,54
69333.7,248,54
69337.9,242,53
69342.2,245,53
69346.4,245,53
69350.6,244,51
69354.8,245,52
69359,248,58
69363.2,246,55
69367.4,246,55
69371.7,242,52
69375.9,245,49
69380.1,244,51
69384.3,245,53
69388.5,246,50
69392.7,246,50
69397.2,246,51
69401.4,246,51
69405.6,248,50
69409.8,248,50
69414.1,248,50
69418.3,248,50
69422.5,248,50
69426.7,248,54
69430.9,248,54
69435.1,248,54
69439.4,248,54
69443.6,248,54
69447.8,245,55
69452,245,55
69456.2,245,55
69460.4,245,55
69464.6,245,55
69468.8,245,55
69473.1,245,50
69477.3,249,54
69481.4,249,54
69485.7,249,54
69489.9,249,54
69494.1,250,52
69498.3,248,53
69502.6,248,54
69506.8,248,54
69511,248,54
69515.2,248,54
69519.5,248,54
69523.7,249,59
69527.9,249,52
69532.2,248,53
69536.4,248,53
69540.6,251,60
69544.8,246,51
69549,250,50
69553.2,250,50
69557.4,247,52
69561.6,247,53
69565.8,246,52
69570.1,246,52
69574.2,246,52
69578.4,246,52
69582.7,246,50
69586.9,246,50
69591.1,246,50
69595.4,246,51
69599.6,246,51
69603.8,247,49
69608,247,49
69612.2,248,50
69616.4,251,48
69620.6,246,51
69625.4,247,52
69629.6,249,67
69633.8,248,49
69638.1,248,49
69642.2,248,49
69646.4,248,53
69650.7,246,62
69654.9,245,51
69659.1,245,52
69663.3,247,52
69667.5,246,49
69674.5,246,49
69678.7,247,53
69682.9,246,52
69687.2,246,52
69691.4,245,57
69695.6,248,50
69699.8,247,49
69704,247,49
69708.2,246,52
69712.4,248,54
69716.7,247,59
69720.9,247,52
69725.1,247,52
69729.3,247,52
69733.5,249,52
69737.7,247,59
69741.9,247,53
69746.2,249,53
69750.4,246,51
69754.6,246,54
69758.8,248,49
69763,245,53
69767.2,245,53
69771.5,250,57
69775.7,248,54
69779.9,245,55
69784.1,248,53
69788.3,247,52
69792.5,248,52
69799.4,244,52
69803.6,246,51
69807.9,248,50
69812.2,249,51
69816.4,244,53
69820.6,245,57
69824.9,246,49
69829.1,245,53
69833.3,248,56
69837.5,246,58
69841.7,247,55
69846,247,51
69850.2,246,51
69854.4,245,53
69858.6,246,51
69862.8,247,56
69867,248,49
69871.3,245,52
69875.5,247,49
69879.7,244,54
69883.9,244,54
69888.1,244,54
69893.6,243,52
69897.9,243,52
69902.1,247,53
69906.3,243,53
69910.5,247,51
69914.7,244,52
69918.9,246,53
69923.1,245,52
69927.3,244,52
69931.6,247,53
69935.8,246,53
69940,246,52
69944.2,246,52
69948.4,245,48
69952.6,245,50
69956.8,247,51
69961,245,49
69965.3,247,52
69969.5,247,52
69973.7,246,52
69977.9,246,53
69982.1,247,53
69986.3,243,53
69990.5,246,50
69994.7,242,57
69999,246,56
70003.2,245,52
70007.4,247,54
70011.6,244,53
70015.8,246,52
70020,245,54
70024.2,245,54
70028.4,245,50
70032.6,244,52
70036.9,244,53
70041.1,244,53
70045.3,247,58
70049.5,244,52
70053.7,245,54
70057.9,246,53
70062.1,242,48
70066.3,243,55
70070.5,243,52
70074.7,246,53
70078.9,246,53
70083.2,242,57
70087.4,246,54
70091.6,245,51
70095.8,245,53
70100,245,52
70104.2,247,53
70108.4,246,52
70112.7,247,51
70116.9,244,56
70121.1,246,54
70125.3,244,54
70129.5,245,52
70133.7,251,57
70137.9,251,63
70142.1,259,76
70146.3,259,76
70150.6,259,76
70154.8,259,76
70159,259,76
70163.2,259,76
70167.4,259,76
70171.6,259,76
70175.8,259,76
70180.1,259,76
70184.3,259,76
70188.5,259,76
70192.7,259,76
70196.9,259,76
70201.1,259,76
70205.3,259,76
70209.5,259,76
70213.8,259,76
70218.4,259,76
70222.6,259,76
70226.8,240,64
70231,240,64
70235.2,240,64
70239.4,240,64
70243.6,240,64
70247.8,240,64
70252,240,64
70256.2,240,64
70260.5,240,64
70264.7,240,64
70268.9,240,64
70273.1,240,64
70277.3,240,64
70327.8,246,116
70332,246,116
70336.3,246,116
70340.5,246,116
70344.7,245,113
70348.9,245,113
70353.1,250,111
70357.3,250,111
70365.8,246,117
70370,243,111
70374.2,245,108
70378.5,245,108
70382.7,245,108
70386.9,245,108
70391.1,247,113
70395.4,246,114
70399.6,246,114
70403.8,246,114
70408.1,243,112
70412.3,243,112
70416.5,243,112
70420.7,243,112
70424.9,243,112
70437.6,245,113
70843.2,51,119
70847.4,52,107
70851.6,52,102
70855.8,52,93
70860,51,95
70864.3,51,94
70868.5,51,94
70872.7,50,91
70876.9,52,90
70881.1,53,88
70885.3,51,88
70889.6,53,88
70893.8,50,87
70898.1,51,86
70902.3,50,87
70906.5,52,86
70910.8,51,86
70915,53,84
70919.2,52,89
70923.4,49,86
70927.6,52,86
70931.8,51,87
70936,52,85
70940.2,53,87
70944.4,49,86
70948.6,53,89
70952.9,51,88
70957.1,53,87
70961.3,52,86
70965.5,52,84
70969.7,52,84
70973.9,50,86
70978.1,50,86
70982.3,53,85
70986.5,52,86
70990.8,55,88
70995,52,87
70999.2,51,84
71003.4,52,84
71007.6,52,86
71011.8,51,85
71016,54,87
71020.2,53,87
71024.5,52,86
71028.7,52,86
71032.9,52,86
71037.1,50,83
71041.3,44,84
71045.5,41,72
71053.1,38,64
71057.3,32,60
71061.8,33,65
71066,34,66
71070.2,33,67
71074.4,35,67
71078.6,35,68
71082.8,35,64
71087,33,67
71091.3,35,64
71095.5,36,66
71099.7,34,64
71103.9,34,68
71108.1,35,63
71112.3,34,68
71116.6,33,65
71120.8,34,62
71125,34,68
71129.2,33,65
71133.4,34,63
71137.6,35,67
71141.8,34,65
71146.2,37,69
71150.4,32,70
71154.7,35,67
71158.9,35,70
71163.1,35,67
71167.3,36,67
71171.5,32,70
71175.7,36,68
71179.9,35,70
71184.2,34,68
71188.4,37,66
71192.6,34,68
71196.8,35,66
71201,33,69
71205.2,34,67
71209.4,34,70
71213.6,35,65
71217.9,36,68
71222.1,34,68
71226.3,36,66
71230.5,36,69
71234.7,34,68
71239,34,67
71243.2,34,67
71247.4,36,67
71251.6,34,71
71255.9,34,68
71260.1,34,70
71264.3,35,71
71268.5,33,67
71272.7,35,65
71277,32,67
71281.2,33,69
71285.4,36,70
71289.6,33,69
71293.8,34,72
71298,32,71
71302.2,37,67
71306.5,34,68
71310.7,36,69
71314.9,35,68
71319.1,34,70
71323.3,32,73
71327.5,35,70
71331.8,34,69
71336,34,70
71340.2,34,71
71344.4,34,70
71348.6,35,68
71352.8,35,69
71357,35,67
71361.2,35,68
71365.4,33,69
71369.7,34,69
71373.9,34,70
71378.1,36,70
71382.3,34,70
71386.5,35,73
71390.7,36,80
71394.9,36,81
71399.1,36,81
71403.4,37,92
71407.6,39,97
71411.8,38,110
71416,38,120
71420.2,36,141
71424.4,30,152
71428.6,29,176
71432.9,28,187
71437.1,31,196
71441.3,29,197
71445.5,34,190
71449.7,33,186
71453.9,31,187
71458.1,32,184
71462.4,31,188
71466.6,33,183
71470.8,34,185
71475.2,32,194
71479.4,32,186
71483.6,32,185
71487.8,32,186
71492.1,31,187
71496.3,31,183
71500.5,28,187
71504.7,29,184
71508.9,32,186
71513.1,32,190
71517.3,32,189
71521.5,30,186
71525.8,33,187
71530,31,190
71534.2,30,192
71538.4,31,189
71542.6,32,185
71546.8,31,180
71551,33,192
71555.3,32,193
71559.5,29,189
71563.7,30,189
71567.9,32,187
71572.1,33,190
71576.3,30,192
71580.5,30,192
71584.8,31,190
71589,31,192
71593.2,33,193
71597.4,28,189
71601.6,30,191
71605.8,32,186
71610,30,190
71614.2,31,187
71618.5,31,187
71622.7,28,183
71626.9,31,193
71631.1,31,187
71635.3,31,190
71639.8,32,192
71644,31,190
71648.3,31,186
71652.5,27,189
71656.8,32,184
71661,31,187
71665.2,29,189
71669.4,29,187
71673.6,30,189
71677.8,29,188
71682,29,188
71686.2,31,188
71690.4,28,188
71694.6,31,189
71698.9,25,191
71703.1,30,193
71707.3,28,187
71711.5,31,193
71715.8,31,188
71720,30,186
71724.4,31,191
71728.6,30,184
71732.8,31,187
71737,33,181
71741.2,34,162
71745.4,36,134
71749.6,37,126
71753.9,37,111
71758.1,38,104
71762.2,35,98
71766.4,28,96
71770.7,31,87
71774.9,31,87
71779.1,31,87
71783.3,38,63
71787.6,35,68
71791.8,36,68
71795.9,36,72
71800.2,34,75
71804.5,36,74
71808.7,35,74
71812.9,36,76
71817.2,34,73
71821.4,35,76
71825.6,38,73
71829.8,34,73
71834,37,69
71838.2,36,72
71842.4,35,76
71846.6,34,75
71850.8,37,71
71855,34,76
71859.2,33,73
71863.4,35,69
71867.6,35,76
71871.9,34,75
71876.1,36,71
71880.3,35,76
71884.6,37,77
71888.8,36,76
71892.9,35,78
71897.2,33,82
71901.4,34,77
71905.6,35,79
71909.9,36,72
71914.1,36,75
71918.3,34,77
71922.5,33,76
71926.8,36,77
71931,36,75
71935.2,35,75
71939.4,35,74
71943.6,35,76
71947.8,37,76
71952.1,36,81
71956.3,34,81
71960.5,34,81
71964.8,35,80
71969,32,78
71973.3,36,81
71977.5,34,80
71981.7,35,80
71985.9,33,75
71990.1,34,78
71994.4,36,76
71998.6,34,79
72002.8,35,75
72007,36,77
72011.2,44,79
72015.4,56,76
72019.6,66,72
72023.8,76,66
72028.1,77,61
72032.3,80,60
72036.5,86,63
72040.7,86,61
72044.9,85,58
72049.1,83,56
72053.4,85,57
72057.6,84,59
72061.8,84,57
72066,87,61
72070.2,83,57
72074.4,82,63
72078.6,84,58
72082.8,84,59
72087.1,81,61
72091.3,84,57
72095.5,84,60
72099.7,81,62
72103.9,83,59
72108.1,84,61
72112.3,84,60
72116.6,82,60
72120.8,81,60
72125,83,61
72129.2,81,61
72133.4,81,66
72137.6,81,64
72141.8,83,63
72146.1,80,64
72150.3,83,60
72154.5,79,62
72158.7,81,64
72162.9,82,62
72167.1,80,65
72171.3,81,62
72175.6,81,64
72179.8,79,64
72184,82,63
72188.3,83,61
72192.5,81,66
72196.7,80,65
72200.9,82,64
72205.1,83,65
72209.3,82,64
72213.6,79,65
72217.8,81,65
72222,81,59
72226.2,80,66
72230.5,82,66
72234.7,80,65
72238.9,81,65
72243.2,82,64
72247.4,82,63
72251.6,79,60
72255.8,80,61
72260,79,64
72264.2,83,62
72268.4,81,64
72272.6,82,62
72276.9,81,63
72281.1,81,61
72285.3,81,62
72289.5,83,61
72293.7,82,59
72297.9,84,64
72302.1,83,63
72306.4,85,62
72310.6,82,65
72314.8,85,64
72319,83,69
72323.2,87,69
72327.4,82,86
72331.6,82,86
72335.8,82,86
72340.1,107,89
72344.4,107,89
72348.6,107,89
72352.8,107,89
72357,107,89
72361.2,107,89
72365.4,107,89
72369.6,107,89
72373.8,107,89
72378.1,107,89
72382.3,107,89
72386.4,107,89
72390.7,107,89
72394.9,107,89
72399.1,107,89
72403.4,110,108
72407.6,110,108
72411.8,110,108
72416.1,110,108
72420.3,110,108
72424.4,110,108
72428.7,110,108
72432.9,110,108
72437.1,110,108
72441.3,110,108
72445.5,112,103
72449.7,112,103
72453.9,111,104
72458.2,110,113
72462.4,110,113
72466.6,110,113
72470.8,110,113
72475.1,110,113
72479.3,112,98
72483.5,115,99
72487.7,115,99
72491.9,113,106
72496.2,113,106
72500.4,113,106
72504.6,109,95
72508.8,106,95
72513,106,95
72517.2,106,95
72521.4,74,87
72525.6,67,94
72529.9,60,90
72534.1,51,93
72538.3,44,92
72542.5,37,91
72546.7,34,88
72550.9,30,92
72555.1,30,92
72559.4,36,88
72563.6,34,88
72567.8,36,90
72572,33,88
72576.2,30,91
72580.4,33,86
72584.6,33,88
72588.8,35,87
72593.1,34,87
72597.3,34,89
72601.5,33,87
72605.7,31,88
72609.9,34,86
72614.1,33,91
72618.3,32,88
72622.6,30,89
72626.8,33,89
72631,30,87
72635.2,32,88
72639.4,31,87
72643.6,31,87
72647.9,33,88
72652.1,31,91
72656.4,32,89
72663.3,31,91
72667.5,33,91
72671.7,36,90
72675.9,31,89
72680.2,32,88
72684.4,31,91
72688.6,34,90
72692.9,31,88
72697.1,34,87
72701.2,30,90
72705.4,31,88
72709.7,33,89
72714.2,32,89
72718.4,31,80
72722.7,31,75
72726.9,32,63
72731.1,34,53
72735.3,31,57
72742.4,31,57
72750.7,29,55
72758.9,30,58
72767.4,34,60
72775.7,32,55
72784.1,31,57
72792.4,31,57
72799.9,33,56
72804.1,32,57
72809.1,32,55
72813.3,31,57
72817.6,32,56
72821.8,31,59
72826,32,56
72830.2,31,54
72834.4,32,55
72838.6,32,56
72842.8,32,57
72847,30,55
72851.2,31,61
72855.4,31,53
72859.6,32,59
72863.8,30,63
72868.1,30,56
72872.3,31,59
72876.5,31,58
72880.7,31,56
72884.9,32,60
72889.1,32,59
72893.3,31,58
72897.6,31,58
72901.8,32,52
72906,33,54
72910.2,34,53
72914.4,33,57
72921.2,33,57
72925.5,33,57
72929.7,33,57
72934,31,59
72938.2,30,55
72942.4,31,57
72946.6,30,62
72950.8,33,60
72955,33,56
72959.5,32,59
72963.7,32,63
72967.9,32,59
72972.1,34,56
72976.4,32,58
72980.6,32,60
72984.8,31,56
72989,33,59
72993.2,33,58
72997.4,31,56
73001.6,33,59
73005.9,32,59
73010.1,32,57
73014.2,32,57
73018.6,32,58
73022.9,33,58
73027.1,33,55
73031.3,31,59
73035.6,31,59
73039.8,32,56
73043.9,32,59
73048.1,32,60
73057.7,32,59
73062.3,30,56
73066.5,34,56
73070.7,32,59
73074.9,33,62
73079.1,32,59
73083.3,30,58
73087.6,26,56
73091.8,26,54
73096,24,55
73100.2,25,54
73104.4,25,55
73108.6,23,60
73113.1,27,57
73117.3,26,54
73121.6,25,55
73125.8,28,55
73130,27,53
73134.2,26,54
73138.4,24,55
73142.6,27,53
73146.8,26,56
73151,28,56
73155.3,27,53
73159.5,27,58
73163.7,27,58
73167.9,27,55
73172.1,24,61
73176.3,27,55
73180.5,26,54
73184.8,26,53
73189,28,54
73193.2,26,55
73197.4,26,56
73201.6,28,54
73205.8,24,59
73210.1,27,56
73214.3,28,54
73218.5,26,59
73222.7,28,59
73227,27,55
73231.2,28,54
73235.4,27,56
73239.6,29,56
73243.8,27,58
73248.1,27,55
73252.2,27,55
73256.4,27,52
73260.7,27,52
73264.9,27,56
73269.1,29,52
73273.3,25,58
73277.6,30,54
73281.8,27,54
73286,27,54
73290.2,26,57
73294.4,25,54
73298.6,28,53
73302.8,28,56
73307,27,52
73311.2,27,58
73315.4,27,57
73319.6,27,58
73323.9,27,57
73328.1,27,56
73332.3,25,54
73336.5,25,55
73340.7,27,57
73344.9,27,54
73349.2,27,56
73353.4,27,54
73357.6,28,56
73361.8,27,56
73366,28,56
73370.2,28,53
73374.4,28,56
73378.6,30,53
73382.8,29,56
73387,27,58
73391.2,26,59
73395.4,27,57
73399.7,26,59
73403.9,28,54
73408.7,27,59
73412.9,27,54
73417.1,28,55
73421.3,27,57
73425.5,28,52
73429.8,27,53
73434,28,52
73438.2,26,52
73442.4,26,54
73446.7,27,55
73450.9,28,56
73455.1,28,52
73459.4,27,53
73463.7,26,53
73467.9,27,55
73472.1,26,58
73476.4,26,52
73480.6,26,49
73484.8,25,55
73489,27,55
73493.2,27,53
73497.4,25,53
73501.6,27,56
73505.8,29,52
73510,27,51
73514.2,24,55
73518.4,23,56
73522.6,26,54
73526.9,26,56
73531.1,25,50
73535.3,26,51
73539.5,26,53
73543.7,26,53
73547.9,29,53
73552.2,27,51
73556.4,28,54
73560.6,24,53
73564.8,27,55
73569,25,54
73573.2,27,52
73577.4,26,54
73581.7,25,52
73585.9,27,53
73590.1,24,53
73594.3,27,56
73598.5,29,53
73602.7,25,53
73606.9,26,49
73611.1,27,53
73615.4,26,56
73619.6,25,51
73624.2,27,51
73628.4,27,54
73632.6,24,56
73636.8,27,53
73641,25,50
73645.2,27,55
73649.4,26,52
73653.7,24,53
73657.9,26,52
73662.1,26,51
73666.3,26,51
73670.5,27,53
73674.7,25,50
73678.9,26,51
73683.2,25,49
73687.4,26,53
73691.6,26,51
73695.8,25,53
73700,25,54
73704.2,25,51
73708.4,25,53
73712.6,29,53
73716.9,27,52
73721.3,27,54
73725.5,26,51
73729.8,27,50
73733.9,26,51
73738.1,27,52
73742.4,26,52
73746.6,25,49
73750.8,27,50
73755,26,52
73759.2,28,49
73763.4,27,50
73767.6,28,51
73771.8,27,55
73776,27,57
73780.3,26,61
73784.5,27,62
73788.7,26,63
73792.9,25,79
73797.1,25,79
73801.3,25,79
73805.5,25,79
73809.8,25,79
73814,25,79
73818.2,25,79
73822.4,25,79
73826.6,25,79
73830.8,25,79
73835,25,79
73839.2,25,79
73843.4,25,79
73847.7,25,79
73851.9,25,79
73856.1,25,79
73860.3,25,79
73864.5,25,79
73868.7,25,79
73872.9,25,79
73877.1,25,79
73881.3,25,79
73885.6,25,79
73889.8,25,79
73894,25,79
73898.2,25,79
73902.4,25,79
73906.7,25,74
73910.9,26,71
73915.1,29,61
73919.3,28,55
73923.5,30,52
73927.7,30,49
73931.9,29,49
73936.1,29,49
73940.4,30,49
73944.6,30,50
73948.8,31,48
73953,29,51
73957.2,30,49
73961.4,31,47
73965.6,29,48
73969.8,29,48
73974,30,47
73978.2,29,44
73982.4,29,44
73986.6,31,48
73990.9,29,48
73995.1,29,48
73999.3,31,48
74003.5,30,49
74007.7,30,49
74011.9,31,49
74016.1,30,47
74020.4,27,50
74024.6,28,48
74028.9,29,48
74033.1,30,50
74037.3,28,48
74041.5,29,44
74045.7,28,46
74050.1,31,45
74054.4,30,48
74058.6,30,48
74062.8,28,50
74067,28,50
74071.2,28,50
74075.4,27,49
74079.6,30,50
74083.8,29,48
74088.1,28,49
74092.3,29,47
74096.5,29,47
74100.7,29,47
74104.9,29,47
74109.1,28,46
74113.4,28,46
74120.3,26,50
74124.5,26,50
74128.8,29,50
74132.9,28,49
74137.2,27,51
74141.4,28,50
74145.6,29,48
74149.8,28,46
74154,29,48
74158.2,28,49
74162.4,28,48
74166.6,30,46
74170.8,28,48
74175.1,29,47
74179.3,28,49
74183.5,28,45
74187.8,30,47
74192,31,46
74196.2,32,48
74200.4,28,49
74204.6,27,45
74208.8,29,49
74213,27,48
74217.2,27,49
74221.9,26,47
74226.1,24,68
74232.9,30,48
74237.1,30,48
74241.3,28,46
74245.5,28,46
74249.8,29,49
74253.9,29,47
74258.2,29,48
74262.4,29,46
74266.6,31,47
74270.8,29,49
74275,26,49
74279.2,29,47
74283.4,29,48
74287.6,30,50
74291.8,28,53
74296,26,51
74300.3,27,47
74304.5,25,45
74308.7,29,49
74312.9,27,52
74320.1,28,47
74328.3,28,51
74336.6,27,46
74345.1,29,50
74353.3,29,48
74361.6,28,45
74370.1,28,45
74378.1,29,46
74382.3,25,45
74386.6,28,50
74390.8,28,46
74395.1,26,46
74399.4,27,47
74403.6,27,47
74408,27,48
74412.2,27,45
74416.4,28,48
74420.6,27,47
74424.8,27,50
74429.1,30,48
74433.3,29,44
74437.9,28,45
74442.1,29,48
74449,29,48
74453.2,32,47
74457.4,30,49
74461.6,30,49
74465.8,29,50
74470,27,47
74474.3,27,47
74478.5,27,47
74482.7,27,47
74486.9,30,51
74491.1,31,50
74495.3,29,49
74499.6,29,50
74503.8,27,52
74508,28,50
74512.2,30,49
74516.4,27,47
74520.6,29,48
74524.8,27,47
74529,29,50
74533.3,29,47
74537.5,28,49
74541.7,27,50
74545.9,28,50
74550.1,28,49
74554.4,30,47
74558.6,28,50
74562.8,29,47
74567,29,48
74571.2,27,51
74578.1,29,49
74582.3,28,48
74586.6,28,49
74590.8,30,49
74595.1,28,50
74599.3,28,50
74603.5,29,49
74607.7,29,48
74611.9,28,49
74616.1,28,50
74620.3,28,50
74624.5,27,50
74628.7,29,49
74632.9,28,44
74637.1,30,49
74641.3,30,48
74645.6,31,49
74649.9,31,50
74654.1,29,47
74658.3,30,50
74662.5,30,49
74666.7,29,49
74670.9,29,49
74675.2,31,50
74679.4,30,51
74683.6,30,51
74690.5,28,51
74694.8,29,49
74699,30,51
74703.2,28,52
74707.4,31,46
74711.6,29,49
74715.8,29,49
74720,28,52
74724.2,28,52
74728.4,29,50
74732.7,28,46
74736.9,28,52
74741.1,30,53
74745.3,28,48
74749.5,29,49
74753.8,29,50
74757.9,27,49
74762.1,29,47
74766.4,32,48
74770.6,30,49
74774.8,30,49
74779,30,47
74783.2,28,49
74787.4,30,50
74791.6,28,51
74795.8,28,50
74800.1,31,50
74804.3,29,50
74808.6,29,50
74812.8,29,50
74817,29,51
74821.2,29,48
74825.4,30,50
74829.6,28,49
74833.8,30,49
74838,29,51
74842.2,29,51
74846.4,28,49
74850.7,30,48
74854.9,30,52
74859.1,30,49
74863.3,30,50
74867.5,29,50
74871.7,31,52
74875.9,31,49
74880.1,30,51
74884.4,30,46
74888.6,31,51
74892.8,31,51
74897,29,50
74901.2,32,48
74905.4,29,49
74909.7,31,50
74913.9,32,47
74918.1,29,49
74922.3,30,52
74926.5,29,50
74930.7,31,52
74934.9,30,50
74939.2,29,47
74943.4,30,50
74947.6,31,51
74951.8,30,53
74956,31,50
74960.2,31,50
74964.4,32,50
74968.6,31,50
74972.9,32,51
74977.1,31,50
74981.3,31,50
74985.5,31,51
74989.7,29,48
74993.9,28,50
74998.2,31,48
75002.4,30,53
75006.6,29,49
75010.8,29,49
75015,30,51
75019.2,33,52
75023.4,30,53
75027.7,29,62
75031.9,28,78
75036.2,27,91
75040.4,25,107
75044.6,26,118
75048.8,28,143
75062.2,32,160
75066.4,33,176
75070.6,31,202
75074.8,33,201
75079,32,199
75083.2,35,197
75087.4,33,195
75091.7,30,198
75095.9,33,197
75100.1,29,193
75104.3,33,196
75108.5,33,199
75112.7,31,198
75116.9,31,195
75121.2,30,197
75125.4,31,197
75129.6,30,195
75133.8,32,194
75138,32,196
75142.2,29,196
75146.4,33,195
75150.6,28,192
75154.9,30,186
75159.1,33,178
75163.3,35,171
75167.5,37,164
75171.7,35,175
75175.9,33,179
75180.1,33,176
75184.3,31,177
75188.6,35,175
75192.8,33,174
75197,35,174
75201.2,34,170
75205.4,34,174
75209.7,34,175
75214,34,176
75218.2,32,174
75222.6,34,172
75226.8,33,173
75231.1,34,170
75235.2,35,175
75239.5,33,174
75243.7,34,172
75247.9,34,171
75252.1,34,173
75256.3,34,177
75260.5,34,175
75264.7,32,177
75268.9,36,176
75273.2,34,178
75277.4,36,177
75281.6,35,174
75285.9,33,176
75290.1,35,180
75294.3,35,178
75298.5,35,177
75302.7,36,173
75306.9,33,173
75311.1,33,171
75315.4,37,175
75319.6,35,174
75323.8,34,174
75328,33,173
75332.3,33,175
75336.5,33,174
75340.7,35,179
75344.9,33,175
75349.1,35,176
75353.3,34,179
75357.5,33,173
75361.7,35,178
75366,35,179
75370.2,34,173
75374.4,36,179
75378.6,36,176
75382.8,33,175
75387,34,177
75391.2,34,176
75395.4,34,173
75402.3,35,173
75407.1,36,176
75411.3,34,179
75415.5,34,176
75419.7,35,176
75423.9,36,175
75428.1,34,173
75432.3,35,175
75436.6,34,178
75440.8,36,174
75445,33,175
75449.2,34,175
75453.4,33,178
75458.1,35,180
75462.3,35,178
75468.9,34,178
75473.2,34,172
75477.4,34,176
75481.6,33,176
75485.8,36,171
75490,33,174
75494.2,35,174
75498.5,32,176
75502.7,33,168
75506.9,35,177
75511.1,33,171
75515.3,33,172
75519.6,38,172
75523.8,36,173
75528,36,173
75532.3,33,169
75536.5,32,174
75540.7,35,170
75544.9,37,174
75549.1,36,173
75553.3,37,177
75557.5,34,175
75561.7,36,174
75568.9,36,172
75577.3,36,172
75585.6,33,172
75593.8,37,178
75602.3,35,173
75610.6,34,172
75618.8,34,172
75627.1,36,173
75635.5,36,173
75643.7,34,177
75647.9,34,175
75652.2,34,179
75656.5,34,176
75660.7,36,175
75664.9,37,175
75669.1,34,175
75673.3,33,171
75677.5,38,176
75681.7,34,171
75685.9,35,173
75690.2,34,174
75694.4,33,170
75698.6,33,175
75702.8,36,169
75707,37,172
75711.2,34,174
75715.4,35,171
75719.6,35,171
75723.8,33,174
75728,34,173
75732.2,35,173
75736.4,35,178
75740.6,35,174
75744.9,36,172
75749.1,35,169
75753.3,35,179
75760.4,34,173
75764.6,36,179
75768.9,36,170
75773.1,35,174
75777.3,35,177
75781.5,33,173
75785.7,36,175
75789.9,36,173
75794.1,33,174
75798.3,34,177
75802.6,36,173
75806.8,35,176
75811,34,174
75815.2,35,173
75819.4,37,174
75823.6,34,176
75827.8,34,172
75832,35,176
75836.3,33,177
75840.5,34,178
75844.7,36,166
75848.9,34,175
75853.1,34,177
75857.3,36,178
75861.5,34,179
75865.8,33,177
75870,32,172
75876.8,35,170
75881.1,33,176
75885.3,34,173
75889.6,34,173
75893.8,34,172
75898.1,36,174
75902.3,36,176
75906.6,35,173
75910.9,34,173
75915.1,34,173
75919.3,37,172
75923.4,32,171
75927.7,33,177
75931.9,36,175
75936.7,35,171
75940.9,34,175
75947.7,34,172
75951.9,36,169
75956.2,34,170
75960.4,36,172
75964.6,35,174
75968.8,37,171
75973.3,33,177
75977.5,33,175
75981.7,34,170
75985.9,34,170
75990.1,34,172
75994.3,34,177
75998.5,35,174
76002.8,34,173
76007,35,172
76011.2,38,164
76015.4,48,144
76019.6,54,127
76023.8,67,106
76030.9,68,97
76035.1,77,91
76039.3,76,85
76043.5,79,77
76047.7,84,70
76051.9,82,64
76056.1,82,57
76060.4,81,58
76064.6,83,58
76068.8,82,55
76073,78,34
76077.2,79,32
76081.4,77,31
76085.6,76,31
76089.8,78,31
76094,81,57
76098.2,78,30
76102.4,76,34
76106.7,77,38
76110.9,78,34
76115.1,79,32
76119.3,83,58
76123.5,74,35
76127.7,75,32
76131.9,75,32
76136.1,78,56
76140.4,81,57
76144.6,77,33
76148.8,77,36
76153,77,36
76159.3,76,33
76163.5,79,57
76167.7,80,56
76171.9,81,55
76176.1,76,35
76180.3,78,32
76184.6,76,37
76188.8,77,33
76193,78,57
76197.2,76,33
76201.4,78,33
76205.6,76,36
76209.8,81,55
76214,79,54
76218.2,77,32
76222.5,77,35
76226.7,76,36
76230.9,77,33
76235.1,81,55
76239.3,80,56
76243.5,81,55
76247.7,78,54
76251.9,82,55
76256.1,81,56
76260.3,82,56
76264.6,79,53
76268.8,81,55
76273,78,54
76277.2,80,56
76281.4,80,53
76285.6,74,35
76289.9,77,30
76294.1,76,32
76298.3,76,34
76302.5,75,33
76306.7,75,34
76310.9,77,34
76315.1,79,53
76319.3,78,54
76323.6,79,56
76327.7,77,32
76331.9,75,37
76336.2,77,33
76340.4,74,34
76344.6,74,31
76348.8,76,54
76353,80,54
76357.2,79,56
76361.4,82,54
76365.6,79,58
76369.9,82,58
76374.1,81,57
76378.3,80,59
76382.5,76,37
76386.7,77,37
76390.9,80,54
76395.2,79,53
76399.4,78,53
76403.6,79,55
76407.8,76,35
76412,75,35
76416.2,79,55
76420.4,82,52
76424.6,79,54
76428.8,80,57
76433.1,76,36
76437.3,76,37
76441.5,76,39
76445.7,83,55
76449.9,80,54
76454.1,81,54
76458.3,81,55
76462.6,80,55
76466.8,76,33
76471,76,39
76475.2,77,31
76479.4,81,52
76483.6,81,56
76487.9,81,55
76492.1,78,30
76496.3,77,35
76500.5,75,29
76504.7,74,28
76508.9,74,26
76513.1,76,29
76517.3,77,27
76521.6,77,28
76525.8,76,27
76530.4,76,29
76534.6,76,30
76538.9,77,29
76543.1,75,33
76547.3,76,33
76551.5,75,28
76555.7,77,29
76559.9,75,27
76564.1,75,28
76568.4,74,26
76572.6,75,27
76576.8,74,30
76581,76,31
76585.2,74,27
76589.4,76,28
76593.6,75,28
76597.8,73,26
76602.1,74,30
76606.2,74,30
76610.4,75,28
76614.7,75,30
76618.9,76,29
76623.1,74,29
76627.3,75,29
76631.5,75,28
76635.7,75,32
76640,76,33
76644.2,74,33
76648.4,75,30
76652.6,75,32
76656.8,76,33
76661.1,76,30
76665.2,75,34
76669.5,75,28
76673.7,75,31
76677.9,75,29
76682.1,74,32
76686.6,75,33
76690.8,74,29
76695,74,30
76699.2,76,30
76703.4,73,28
76707.6,77,26
76712,75,26
76716.7,74,26
76720.9,76,28
76725.3,75,29
76729.5,76,28
76733.7,75,29
76737.9,74,29
76742.1,76,30
76746.4,76,30
76750.6,75,29
76754.8,74,30
76759,73,32
76763.2,76,30
76767.4,77,31
76771.6,77,28
76775.9,74,34
76780.4,73,30
76784.6,75,29
76788.8,75,27
76793,75,30
76797.2,77,31
76801.4,74,30
76805.6,75,29
76809.8,76,31
76814.1,75,28
76818.3,76,33
76822.5,74,27
76826.7,76,29
76830.9,74,28
76835.1,73,30
76839.3,75,32
76843.5,77,31
76847.7,76,33
76851.9,75,31
76856.1,75,27
76860.3,75,30
76864.6,75,31
76868.8,75,32
76873,75,31
76877.2,76,30
76881.4,73,30
76885.6,74,33
76889.8,74,32
76894,74,31
76900.8,75,30
76905.1,75,30
76909.3,76,29
76913.5,76,28
76917.7,75,28
76921.9,74,31
76926.1,76,28
76930.4,75,31
76934.6,76,33
76938.8,73,33
76943,75,31
76947.2,74,31
76951.4,75,33
76955.6,75,28
76959.8,74,31
76964,76,30
76968.2,78,30
76972.6,73,29
76976.8,74,28
76981,75,31
76985.2,75,32
76989.4,75,27
76993.6,74,32
76997.9,75,28
77002.1,75,31
77006.3,75,27
77013.2,76,29
77017.4,74,30
77021.7,76,29
77025.9,76,28
77030.2,75,29
77034.4,76,29
77038.6,76,29
77042.8,76,28
77058.4,74,31
77062.6,75,31
77067.4,75,31
77071.6,74,31
77075.9,75,27
77080.1,74,31
77084.3,75,30
77088.5,74,31
77092.9,76,28
77097.1,73,29
77101.3,74,31
77105.5,75,30
77109.7,74,29
77113.9,74,27
77118.2,75,28
77122.4,75,31
77126.6,75,30
77130.8,74,30
77135,73,31
77139.2,75,32
77143.4,75,32
77147.7,76,31
77151.9,76,29
77159,76,31
77167.5,76,31
77174.9,76,31
77179.1,75,29
77184,75,29
77188.2,75,32
77192.4,76,27
77196.6,76,30
77200.8,75,31
77205,77,30
77209.3,74,31
77213.6,74,30
77217.8,76,29
77222,75,29
77226.2,75,30
77230.4,75,30
77234.6,75,29
77238.8,76,28
77243,77,30
77247.2,76,29
77251.5,77,29
77255.7,75,29
77259.9,76,30
77264.1,74,32
77268.3,74,30
77272.5,74,30
77276.7,74,32
77281,75,35
77285.2,74,37
77292.1,74,37
77299.9,80,71
77304.1,78,93
77308.9,81,104
77313.1,81,113
77317.3,77,127
77321.5,78,140
77325.7,77,161
77329.9,78,169
77334.1,74,184
77338.4,77,186
77343,76,187
77347.2,75,186
77351.4,79,182
77355.6,77,183
77359.8,76,188
77364,80,182
77368.2,79,185
77372.5,80,183
77376.7,78,185
77380.9,79,183
77385.1,76,183
77392.3,76,187
77396.5,78,184
77400.7,77,187
77404.9,79,188
77409.1,76,183
77413.3,78,185
77417.5,78,185
77421.7,78,189
77425.9,77,189
77430.2,77,187
77434.4,74,188
77438.6,77,185
77442.8,79,186
77447,78,187
77451.2,75,185
77455.4,78,186
77459.6,79,185
77463.9,74,185
77468.1,76,190
77472.4,77,188
77476.6,76,183
77480.8,76,183
77487.4,77,183
77491.6,77,185
77496.2,79,184
77500.4,76,186
77504.6,78,189
77508.8,79,187
77513.1,77,186
77517.2,78,185
77521.5,75,190
77525.7,76,183
77529.9,77,189
77534.1,75,186
77538.4,78,187
77542.6,79,187
77546.8,77,187
77551,77,188
77555.2,77,187
77559.4,74,192
77563.6,77,185
77567.8,76,190
77572,75,189
77576.2,75,189
77580.4,78,189
77584.7,75,193
77588.9,77,184
77593.1,80,190
77597.3,75,191
77601.5,74,197
77605.7,74,197
77612.4,73,205
77616.6,74,210
77620.9,73,211
77625.1,72,212
77629.4,73,208
77633.6,73,208
77637.8,76,204
77642,75,209
77646.2,76,208
77650.4,75,210
77654.7,76,208
77658.9,72,213
77663.1,73,207
77667.3,76,209
77671.5,72,211
77675.7,71,213
77679.9,70,209
77684.2,74,209
77688.4,77,206
77692.6,72,206
77696.8,74,207
77701,75,212
77705.2,75,208
77709.4,73,213
77713.7,75,208
77717.9,72,211
77722.2,78,211
77726.4,73,208
77730.6,73,207
77734.8,71,214
77739,71,211
77743.2,73,210
77747.5,73,210
77753.1,69,218
77757.3,73,217
77761.5,72,217
77765.7,72,219
77769.9,66,220
77774.1,68,221
77778.3,71,216
77782.6,69,227
77786.8,67,226
77791,70,220
77795.2,66,220
77799.4,72,215
77803.6,69,224
77807.8,69,216
77812.1,69,216
77816.3,68,220
77820.5,61,234
77824.7,67,221
77828.9,71,230
77833.1,69,242
77837.3,74,209
77841.5,73,209
77845.8,75,217
77849.9,75,211
77854.2,71,219
77858.4,74,215
77862.6,73,213
77866.9,70,219
77871.1,72,211
77875.3,73,221
77879.6,73,212
77883.8,69,217
77887.9,71,219
77892.1,68,212
77896.4,73,217
77900.6,67,223
77904.8,71,218
77909.1,74,213
77913.3,66,221
77917.5,71,231
77921.7,69,219
77925.9,68,223
77930.2,65,218
77934.4,68,223
77938.7,70,222
77942.9,70,224
77947.1,67,222
77951.3,71,215
77955.5,66,232
77959.9,66,218
77964.1,68,220
77968.3,69,214
77972.6,66,221
77976.8,68,217
77981,71,216
77985.2,70,221
77989.4,66,227
77993.6,64,220
77997.8,64,220
78002.1,68,231
78006.3,70,218
78010.5,73,220
78014.7,70,227
78018.9,73,210
78023.1,74,208
78027.4,74,214
78031.6,77,214
78035.8,71,213
78040,73,210
78044.2,73,212
78048.4,71,213
78052.6,76,209
78056.9,76,209
78061.1,75,212
78065.3,73,214
78069.5,76,210
78073.7,74,212
78077.9,74,214
78082.1,73,207
78086.3,74,213
78090.6,71,216
78094.8,73,209
78099,73,214
78103.2,74,209
78107.4,76,216
78111.6,81,182
78115.8,94,172
78120.1,104,152
78124.3,110,138
78128.5,113,129
78132.7,119,116
78136.9,118,109
78141.1,123,102
78145.4,120,96
78149.6,120,90
78153.8,120,93
78158.1,121,88
78162.3,119,87
78166.5,121,91
78170.7,119,89
78174.9,120,91
78179.1,120,90
78183.3,119,91
78187.6,118,90
78191.8,121,92
78196,120,90
78200.2,119,91
78204.4,122,89
78208.6,118,85
78212.9,120,89
78217.1,121,88
78221.4,121,87
78225.6,121,90
78229.8,122,86
78234,119,89
78238.2,121,88
78242.4,120,89
78246.7,121,91
78250.9,122,87
78255.1,121,90
78259.3,123,87
78263.5,121,87
78267.7,122,90
78271.9,119,88
78276.1,119,90
78280.4,121,89
78284.6,122,90
78288.8,121,88
78295.4,120,88
78299.6,122,87
78303.9,119,87
78308.1,120,88
78312.3,119,91
78316.5,119,87
78320.7,120,87
78324.9,121,88
78329.1,122,89
78333.3,119,86
78337.6,121,86
78341.8,121,86
78346,119,89
78350.2,119,90
78354.4,122,88
78358.6,121,90
78362.9,118,88
78367.1,121,88
78371.3,118,91
78375.6,120,90
78379.8,119,89
78384,120,89
78388.2,120,89
78393.7,121,89
78397.9,121,89
78402.1,119,87
78406.3,120,88
78410.6,120,87
78414.8,122,88
78419,119,90
78423.2,120,91
78427.4,120,86
78431.6,118,92
78435.8,120,88
78440,120,88
78444.2,119,89
78448.4,118,87
78452.7,118,91
78456.9,121,90
78461.2,122,91
78465.4,120,91
78469.6,120,93
78473.8,121,94
78478.1,118,91
78482.3,120,86
78486.4,119,87
78490.7,122,89
78494.9,119,89
78499.5,122,92
78503.7,119,90
78507.9,120,93
78512.1,121,90
78516.3,119,89
78520.5,123,89
78524.8,120,90
78529,121,91
78533.2,122,90
78537.4,119,90
78541.6,121,94
78545.8,122,91
78550.1,120,88
78554.4,120,91
78558.6,122,91
78562.8,119,91
78567,123,92
78571.2,122,89
78575.4,122,92
78579.6,121,95
78583.8,122,92
78588.1,121,93
78592.3,121,91
78596.5,119,91
78600.7,120,93
78604.9,121,94
78609.1,122,90
78613.3,121,91
78617.6,120,93
78621.8,121,93
78626,122,90
78630.2,120,93
78634.4,119,92
78638.6,122,94
78642.8,121,92
78647.1,122,90
78651.4,119,91
78655.6,121,91
78659.8,120,93
78664.1,120,93
78668.2,121,94
78672.4,122,91
78676.7,119,95
78680.9,122,89
78685.1,121,96
78689.4,123,96
78693.6,120,92
78697.8,122,92
78702,122,92
78706.2,121,93
78710.4,123,91
78714.8,121,94
78719.1,119,92
78723.3,122,92
78727.5,120,89
78731.7,119,90
78735.9,121,92
78740.2,121,92
78744.4,120,92
78748.6,121,92
78752.8,120,90
78757,120,92
78761.2,122,91
78765.4,119,89
78769.6,118,93
78773.8,121,92
78778.1,119,89
78782.3,121,91
78786.5,120,90
78790.7,121,91
78794.9,123,94
78799.1,118,93
78803.4,120,92
78807.6,122,95
78811.8,120,94
78816.1,119,90
78820.2,121,93
78824.4,121,90
78828.6,120,94
78832.9,122,92
78837.1,120,93
78841.3,120,90
78845.5,117,89
78849.7,118,91
78853.9,121,99
78858.1,126,110
78862.3,127,119
78870.8,127,138
78875,127,142
78879.2,121,161
78883.4,123,157
78887.6,123,157
78891.8,127,151
78896.1,127,154
78900.4,124,152
78904.6,126,157
78908.8,126,157
78913,123,157
78919.8,129,152
78924,128,153
78928.3,128,153
78932.5,126,158
78936.7,127,152
78940.9,126,158
78945.1,126,158
78949.3,124,156
78953.5,124,155
78958.1,126,149
78962.3,128,149
78966.5,127,152
78970.8,129,151
78975,127,151
78979.2,129,155
78983.5,126,152
78987.7,128,151
78991.9,125,151
78996.1,125,151
79000.4,128,151
79007.4,125,152
79011.6,130,152
79015.8,126,152
79020.1,128,152
79024.3,129,151
79028.6,127,154
79032.8,129,151
79037.1,129,149
79045.5,126,152
79049.7,128,149
79053.9,129,150
79058.1,126,151
79062.3,130,150
79066.6,127,151
79070.8,126,152
79074.9,127,152
79079.1,129,149
79083.4,128,149
79087.6,125,150
79091.8,126,154
79096,128,150
79103.1,128,150
79107.3,129,149
79111.5,128,151
79115.7,130,151
79119.9,127,149
79124.1,128,152
79128.3,127,152
79132.6,127,150
79136.8,129,151
79141,125,153
79145.2,127,154
79149.4,123,159
79153.7,120,155
79157.9,118,161
79162.1,118,161
79166.3,118,161
79170.5,118,161
79174.7,118,161
79178.9,118,161
79183.1,118,161
79190,118,161
79194.3,118,161
79198.5,118,161
79202.7,118,161
79207.1,118,161
79211.3,118,161
79215.5,118,161
79219.7,118,161
79223.9,118,161
79228.1,118,161
79232.3,118,161
79236.6,118,161
79240.8,118,161
79245,118,161
79249.7,158,57
79253.9,160,45
79258.1,161,37
79262.3,163,32
79266.5,164,32
79270.7,163,33
79275,162,33
79279.2,162,31
79283.4,165,36
79287.6,164,32
79291.8,166,33
79296,166,35
79302.9,165,36
79307.1,164,35
79311.5,165,40
79315.7,165,35
79319.9,166,36
79324.1,165,35
79328.3,168,35
79332.5,166,40
79336.7,167,39
79340.9,164,37
79345.2,165,40
79349.4,164,38
79353.6,164,43
79357.8,161,44
79362,161,44
79366.2,161,44
79370.4,162,41
79374.7,163,44
79378.9,164,39
79383.1,166,36
79387.3,171,35
79391.5,176,34
79395.7,178,85
79399.9,178,35
79404.1,178,35
79409.4,177,41
79413.6,175,45
79417.8,177,46
79422,176,47
79426.2,175,43
79430.4,175,43
79434.7,175,40
79438.9,178,44
79443.1,179,45
79447.3,178,42
79451.5,177,44
79455.7,179,45
79460,178,42
79464.2,178,46
79468.4,175,41
79472.6,178,46
79476.8,178,44
79481.1,177,41
79485.2,179,44
79489.4,176,45
79493.7,176,49
79497.9,177,46
79502.1,178,50
79506.3,177,48
79510.5,178,47
79514.7,179,48
79519.1,177,44
79523.3,176,49
79527.6,175,49
79531.8,177,48
79536,177,47
79540.2,174,47
79544.4,177,44
79548.6,178,44
79552.8,178,49
79557.1,178,47
79561.3,177,44
79565.5,178,47
79569.7,178,44
79573.9,176,45
79578.1,178,44
79582.3,175,47
79586.5,177,46
79590.7,178,44
79595,178,44
79599.2,179,46
79603.4,177,47
79607.6,177,52
79611.8,178,46
79616,177,44
79620.2,178,47
79624.5,177,43
79628.7,178,45
79632.9,177,48
79637.1,179,48
79641.3,177,46
79645.9,179,47
79650.1,177,48
79654.4,179,47
79658.6,176,48
79662.8,178,47
79667.1,178,46
79671.2,176,46
79675.5,177,49
79679.7,178,46
79683.9,178,46
79688.2,176,48
79692.4,179,48
79696.6,178,46
79700.8,176,50
79705,177,48
79709.2,178,44
79713.4,178,44
79717.8,177,47
79722,176,45
79726.2,177,48
79730.4,179,50
79734.6,179,47
79738.8,175,51
79743,176,49
79747.3,177,47
79751.5,178,47
79755.7,178,51
79759.9,177,47
79764.1,177,50
79768.3,177,49
79772.6,179,46
79776.9,177,45
79781.1,177,48
79785.4,177,48
79789.7,177,46
79793.9,177,47
79798.1,176,44
79802.3,176,48
79806.5,178,49
79810.8,177,50
79815,178,48
79819.2,178,51
79823.4,176,45
79827.6,177,48
79831.8,177,49
79836,176,52
79840.3,178,48
79844.5,176,44
79848.7,178,47
79852.9,178,50
79857.1,175,50
79861.3,177,46
79865.5,178,47
79869.8,177,51
79874.6,177,51
79878.8,178,49
79883,178,49
79887.2,177,49
79891.4,177,45
79895.6,179,48
79899.8,178,51
79904.1,177,50
79908.3,179,49
79912.5,179,49
79916.7,176,48
79920.9,180,48
79925.2,177,46
79929.4,181,39
79933.6,183,22
79937.8,182,24
79942.1,187,26
79946.3,188,23
79950.4,185,12
79954.7,185,14
79958.9,182,23
79963.1,184,28
79967.3,186,30
79972,185,31
79976.2,188,30
79980.4,188,28
79984.6,187,27
79988.8,186,27
79993,187,29
79997.2,186,27
80001.5,186,27
80005.7,187,31
80009.9,186,25
80014.1,184,33
80018.3,185,31
80022.6,185,35
80026.9,186,27
80031.1,186,28
80035.4,185,31
80039.7,185,31
80043.9,187,29
80048.1,187,29
80052.3,184,25
80056.5,186,29
80060.8,186,28
80065,185,29
80069.2,186,26
80073.4,187,30
80077.6,186,30
80081.8,185,29
80086,188,32
80090.3,187,29
80094.5,187,30
80098.7,184,33
80102.9,186,28
80107.1,187,28
80111.3,185,31
80115.5,183,31
80119.7,185,25
80124,184,27
80128.2,187,31
80132.4,186,28
80136.6,186,30
80140.8,184,31
80145,186,31
80149.2,185,32
80153.4,185,30
80157.7,185,32
80161.9,183,29
80166.1,185,30
80170.3,188,28
80174.5,183,30
80178.7,188,27
80182.9,185,28
80187.1,188,27
80191.4,187,30
80195.6,184,30
80199.8,185,25
80203.9,186,30
80208.2,185,31
80212.4,183,30
80216.6,185,28
80220.8,184,27
80225.1,186,29
80229.3,186,27
80233.5,186,28
80237.7,187,24
80242,186,26
80246.2,186,28
80250.4,185,27
80254.6,186,26
80258.8,187,26
80263,187,26
80267.2,189,30
80271.8,186,26
80275.9,188,30
80280.2,186,32
80284.4,185,28
80288.6,186,29
80292.8,185,27
80297,186,29
80301.2,188,29
80305.5,186,31
80309.7,184,31
80314,185,31
80318.2,184,28
80322.4,185,28
80326.6,185,30
80330.8,185,28
80335,185,33
80339.2,186,30
80343.4,186,31
80347.7,186,29
80351.9,187,27
80356.1,187,29
80360.3,187,27
80364.5,186,29
80368.7,187,26
80372.9,187,28
80377.1,183,28
80381.3,187,26
80385.6,187,25
80389.8,185,29
80394,187,25
80398.2,185,31
80402.5,186,28
80406.7,185,29
80410.9,184,31
80415.1,185,27
80419.3,187,28
80423.5,185,23
80427.7,185,30
80431.9,187,30
80436.2,187,23
80440.4,187,28
80444.6,187,26
80448.8,185,26
80453,185,27
80457.3,187,27
80461.6,186,28
80465.8,188,28
80470,185,25
80474.2,186,29
80481.2,185,25
80485.4,186,27
80489.6,187,27
80493.8,186,26
80498,186,26
80502.2,187,31
80506.4,187,25
80510.6,185,31
80514.8,187,29
80519.1,184,31
80523.4,187,26
80527.6,185,30
80531.8,184,30
80536.1,186,30
80540.3,184,28
80544.5,186,28
80548.7,185,28
80552.9,189,26
80557.2,183,27
80561.4,183,30
80565.6,186,27
80569.8,187,26
80574.1,186,26
80580.8,186,23
80585.1,186,29
80589.3,187,25
80593.6,187,25
80597.8,184,25
80602,186,23
80606.2,188,27
80610.4,187,28
80614.6,188,24
80618.8,187,26
80623.1,187,26
80627.3,187,27
80631.5,186,27
80635.7,186,28
80639.9,187,26
80644.1,187,26
80648.4,186,27
80652.6,187,27
80656.8,188,29
80661,185,26
80665.2,190,25
80669.4,188,25
80673.6,186,28
80677.9,187,27
80682.1,186,27
80686.3,186,23
80690.5,186,27
80694.7,188,24
80698.9,188,29
80705.7,187,28
80710,185,29
80714.2,187,29
80718.5,189,30
80722.7,186,27
80726.9,188,27
80731.1,186,31
80735.3,186,27
80739.6,186,27
80743.8,187,27
80748,187,27
80752.2,187,26
80756.4,185,27
80760.6,185,25
80764.8,187,27
80769.1,187,26
80773.7,186,28
80777.9,187,27
80782.1,188,25
80786.5,186,32
80790.7,186,30
80797.6,186,27
80801.8,186,28
80806,185,27
80810.2,187,24
80814.4,188,27
80818.6,184,30
80822.8,185,26
80827,188,29
80831.3,184,27
80835.5,186,28
80839.7,185,26
80844,187,27
80848.2,186,25
80852.4,186,28
80856.6,186,30
80860.8,185,24
80865,186,29
80869.2,186,27
80873.4,188,29
80877.7,184,27
80881.9,185,24
80886.1,176,77
80890.3,183,52
80894.5,186,65
80898.7,188,82
80902.9,188,82
80909.3,197,107
80913.5,196,112
81575.4,245,55
81579.6,245,55
81583.8,245,55
81588,245,55
81592.3,245,55
81596.5,245,55
81600.7,245,55
81604.9,245,55
81609.1,245,55
81613.3,245,55
81617.6,245,55
81621.8,245,55
81626,245,55
81630.2,245,55
81634.4,245,55
81638.6,245,55
81642.8,245,55
81647.1,245,55
81651.3,245,55
81655.5,251,55
81659.7,251,55
81663.9,251,55
81668.1,251,55
81672.3,251,55
81676.5,251,55
81680.7,251,55
81685,243,44
81689.2,243,46
81693.4,245,49
81697.6,245,53
81701.8,246,48
81706,246,48
81710.3,246,48
81714.5,246,48
81718.8,247,50
81723,244,46
81727.2,244,46
81731.4,242,48
81735.6,240,48
81739.8,243,47
81744,243,47
81748.3,245,47
81752.5,246,45
81756.7,246,45
81760.9,243,47
81765.1,244,52
81769.3,241,46
81773.6,241,46
81777.8,241,46
81782,245,42
81786.3,245,42
81790.5,244,47
81794.7,245,47
81798.9,244,49
81803.1,242,48
81807.3,242,41
81812.1,244,49
81816.2,245,46
81820.4,245,49
81824.7,245,49
81828.9,245,49
81833.1,245,49
81837.3,248,45
81841.5,244,46
81845.8,244,46
81850,240,45
81854.2,245,43
81858.5,247,48
81862.7,247,48
81866.9,247,48
81871.1,247,48
81875.4,247,48
81879.7,247,48
81883.9,247,48
81888.1,247,48
81892.3,249,69
81896.5,249,69
81900.7,249,69
81904.9,253,71
81909.2,253,71
81913.4,253,71
81917.6,249,49
81921.8,249,49
81926,249,49
81930.2,249,49
81934.4,249,49
81938.6,249,49
81942.9,249,49
81947.1,249,49
81951.3,249,49
81955.4,249,49
81959.7,245,42
81963.9,247,47
81968.1,243,43
81972.4,243,43
81976.6,245,51
81980.8,246,53
81985,246,53
81989.2,246,50
81993.4,245,46
81997.7,244,47
82001.9,247,58
82006.1,253,60
82012.9,253,60
82017.1,253,60
82021.4,253,60
82025.7,253,60
82029.9,253,60
82034.2,253,60
82038.4,253,60
82042.6,253,60
82046.8,253,60
82051,253,60
82055.2,253,60
82059.5,253,60
82063.7,253,60
82067.9,253,60
82072.1,253,60
82076.3,253,60
82080.5,253,60
82084.7,253,60
82091.9,253,60
82096.1,253,60
82100.3,253,60
82104.5,253,60
82108.7,253,60
82112.9,253,60
82117.2,253,60
82121.4,253,60
82125.6,253,60
82129.8,253,60
82134,253,60
82138.2,253,60
82142.4,253,60
82146.6,253,60
82150.9,253,60
82155.1,253,60
82159.3,253,60
82163.5,253,60
82167.7,253,60
82171.9,253,60
83808.2,185,105
83812.4,169,103
83819.4,161,97
83823.6,155,97
83827.9,146,91
83832.1,139,89
83836.4,132,85
83840.6,127,83
83844.8,127,83
83849,113,78
83853.2,107,76
83857.4,106,78
83861.6,102,77
83865.8,104,76
83870.1,105,76
83874.3,105,76
83878.5,107,79
83882.7,106,78
83886.9,106,79
83891.1,105,80
83895.3,106,80
83899.5,104,81
83903.8,106,78
83908,104,78
83912.2,104,82
83916.4,103,83
83920.6,103,79
83924.8,106,82
83931.8,107,81
83940,104,82
83948.5,104,82
83956.2,106,82
83960.4,102,79
83965.2,103,79
83969.7,103,82
83973.9,105,81
83978.1,104,81
83982.3,103,82
83986.5,105,81
83990.7,104,81
83994.9,103,83
83999.2,103,82
84003.4,103,81
84007.6,102,80
84011.8,102,80
84016,104,81
84020.2,102,82
84024.4,103,84
84028.6,105,82
84032.8,104,83
84037.1,104,78
84041.3,103,82
84045.5,103,80
