131 148 46 22029.9 0 0
133 147 46 22034.1 0 0
132 149 46 22038.3 0 0
134 145 46 22042.6 0 0
133 148 46 22046.8 0 0
135 151 46 22051 0 0
135 144 47 22055.2 0 0
132 148 46 22059.4 0 0
134 149 46 22063.6 0 0
130 144 46 22067.8 0 0
134 144 46 22072 0 0
131 143 46 22076.3 0 0
133 144 46 22080.5 0 0
134 143 46 22084.7 0 0
130 145 46 22089 0 0
132 144 47 22093.2 0 0
132 146 46 22097.4 0 0
131 144 46 22101.6 0 0
132 148 46 22105.8 0 0
133 150 47 22110.1 0 0
130 144 46 22114.3 0 0
134 149 47 22118.5 0 0
131 144 46 22122.7 0 0
134 147 46 22126.9 0 0
130 147 47 22131.1 0 0
133 145 46 22135.3 0 0
132 144 46 22139.5 0 0
132 149 46 22143.8 0 0
131 146 46 22148 0 0
132 145 46 22152.2 0 0
131 143 46 22156.4 0 0
130 146 45 22160.6 0 0
131 147 46 22164.9 0 0
130 146 46 22169.1 0 0
132 145 45 22173.3 0 0
132 144 46 22177.5 0 0
132 142 45 22181.7 0 0
131 146 45 22185.9 0 0
129 146 45 22190.1 0 0
133 143 46 22194.3 0 0
133 149 45 22198.5 0 0
130 147 45 22202.8 0 0
130 147 45 22207 0 0
129 148 45 22211.3 0 0
133 149 45 22215.5 0 0
132 143 45 22219.7 0 0
129 145 45 22224 0 0
131 144 44 22228.2 0 0
131 151 44 22232.4 0 0
129 145 44 22236.6 0 0
134 145 44 22240.8 0 0
131 147 44 22245 0 0
131 148 44 22249.2 0 0
130 145 45 22253.4 0 0
132 150 44 22257.6 0 0
130 149 44 22261.8 0 0
132 146 44 22266 0 0
134 145 44 22270.3 0 0
131 147 44 22274.5 0 0
132 144 44 22278.7 0 0
130 145 43 22282.9 0 0
132 150 43 22287.1 0 0
133 145 43 22291.3 0 0
130 145 43 22295.5 0 0
130 145 43 22299.8 0 0
130 142 44 22304 0 0
134 149 43 22308.2 0 0
129 148 44 22312.4 0 0
131 147 44 22316.6 0 0
131 148 43 22320.8 0 0
132 147 43 22325 0 0
129 148 43 22329.3 0 0
132 147 43 22333.5 0 0
132 140 43 22337.7 0 0
129 146 43 22341.9 0 0
131 148 43 22346.1 0 0
132 148 43 22350.4 0 0
130 147 44 22354.6 0 0
133 147 43 22358.8 0 0
134 144 43 22363 0 0
131 147 43 22367.2 0 0
133 150 43 22371.4 0 0
131 143 43 22375.6 0 0
132 145 44 22379.8 0 0
128 147 43 22384.1 0 0
131 148 43 22388.3 0 0
132 144 43 22392.5 0 0
130 147 44 22396.7 0 0
129 145 44 22400.9 0 0
132 147 43 22405.7 0 0
131 146 43 22410 0 0
132 144 43 22414.2 0 0
132 147 44 22418.5 0 0
133 146 43 22422.7 0 0
132 148 44 22426.9 0 0
132 143 43 22431.1 0 0
131 147 43 22435.3 0 0
131 151 44 22439.5 0 0
133 150 43 22443.7 0 0
132 149 43 22448 0 0
132 144 44 22452.2 0 0
133 149 43 22456.4 0 0
130 143 44 22460.6 0 0
134 148 43 22464.8 0 0
132 145 44 22469 0 0
130 147 44 22475.9 0 0
136 146 44 22480.2 0 0
130 144 44 22484.4 0 0
125 147 44 22488.7 0 0
126 148 44 22492.9 0 0
123 144 44 22497.1 0 0
123 144 44 22501.3 0 0
126 145 44 22505.5 0 0
126 139 44 22509.8 0 0
127 137 44 22514 0 0
129 139 44 22518.2 0 0
128 139 44 22522.4 0 0
128 137 44 22526.6 0 0
125 137 45 22530.8 0 0
126 139 44 22535.1 0 0
125 139 45 22539.3 0 0
125 144 44 22543.6 0 0
127 137 44 22547.8 0 0
124 142 45 22552 0 0
125 138 44 22556.2 0 0
124 137 44 22560.4 0 0
125 139 44 22564.6 0 0
128 136 45 22568.8 0 0
125 137 44 22573 0 0
125 134 44 22580.1 0 0
122 138 45 22584.3 0 0
126 137 45 22588.5 0 0
125 139 45 22592.7 0 0
122 140 44 22596.9 0 0
127 140 45 22601.2 0 0
127 132 45 22605.3 0 0
124 135 45 22609.6 0 0
124 134 44 22613.8 0 0
126 139 45 22618 0 0
123 136 44 22622.3 0 0
126 140 44 22626.5 0 0
125 138 45 22630.7 0 0
123 134 44 22635 0 0
123 138 45 22639.2 0 0
122 135 45 22643.4 0 0
124 135 45 22647.6 0 0
126 140 45 22651.8 0 0
126 137 45 22656 0 0
125 138 45 22660.3 0 0
122 140 45 22664.5 0 0
123 138 45 22668.7 0 0
126 139 45 22672.9 0 0
126 139 45 22677.1 0 0
125 137 45 22684 0 0
126 136 45 22688.2 0 0
123 138 45 22692.5 0 0
123 135 46 22696.7 0 0
125 136 46 22700.9 0 0
125 134 45 22705.2 0 0
123 139 45 22709.4 0 0
126 137 45 22713.6 0 0
126 140 45 22717.8 0 0
124 139 45 22722 0 0
126 137 45 22726.2 0 0
124 141 45 22730.5 0 0
124 136 45 22734.7 0 0
123 137 45 22738.9 0 0
124 139 46 22743.1 0 0
123 136 45 22747.3 0 0
127 140 45 22751.5 0 0
124 137 45 22755.7 0 0
127 140 45 22759.9 0 0
123 136 46 22764.2 0 0
125 142 45 22768.4 0 0
125 139 45 22772.6 0 0
125 140 46 22776.8 0 0
125 144 46 22781 0 0
127 138 45 22785.2 0 0
125 140 45 22789.5 0 0
125 138 46 22793.7 0 0
123 139 45 22797.9 0 0
125 139 45 22802.1 0 0
125 142 45 22806.3 0 0
125 140 45 22810.5 0 0
125 140 46 22814.7 0 0
125 137 46 22819 0 0
126 138 45 22823.2 0 0
127 142 45 22827.4 0 0
126 143 46 22831.6 0 0
123 137 45 22835.8 0 0
124 141 45 22840 0 0
126 141 45 22844.2 0 0
124 140 45 22848.5 0 0
122 140 46 22854 0 0
127 144 46 22858.2 0 0
125 145 45 22862.5 0 0
123 140 46 22866.7 0 0
123 137 46 22870.9 0 0
126 143 46 22875.1 0 0
123 141 46 22879.3 0 0
122 134 46 22883.5 0 0
130 134 45 22887.8 0 0
130 132 45 22892 0 0
132 126 46 22896.2 0 0
134 126 45 22900.4 0 0
132 127 45 22904.6 0 0
130 128 46 22908.8 0 0
130 130 45 22913 0 0
129 129 46 22917.2 0 0
129 130 46 22921.5 0 0
130 130 46 22925.7 0 0
131 134 46 22930 0 0
129 128 45 22934.2 0 0
129 129 46 22938.4 0 0
131 131 45 22942.6 0 0
130 129 46 22946.8 0 0
133 129 45 22951.1 0 0
130 132 46 22955.3 0 0
131 128 46 22959.5 0 0
129 132 46 22963.7 0 0
129 128 46 22968 0 0
131 130 46 22972.2 0 0
130 129 45 22976.4 0 0
130 131 46 22980.6 0 0
131 128 46 22984.8 0 0
132 129 46 22989 0 0
130 126 46 22993.2 0 0
131 125 46 22997.5 0 0
131 131 45 23001.7 0 0
129 131 46 23006 0 0
129 130 46 23010.2 0 0
129 127 46 23014.4 0 0
129 130 46 23018.6 0 0
129 127 46 23022.8 0 0
130 131 45 23027 0 0
129 129 46 23031.2 0 0
