104 159 53 23033.1 0 0
116 141 53 23037.3 0 0
117 139 53 23041.6 0 0
117 139 0 23045.8 0 0
115 142 53 23050 0 0
115 138 53 23054.2 0 0
117 141 53 23058.4 0 0
116 140 53 23062.7 0 0
114 144 53 23066.8 0 0
113 144 53 23071 0 0
122 139 53 23075.3 0 0
107 156 53 23079.5 0 0
118 142 53 23083.7 0 0
120 139 53 23090.5 0 0
113 146 53 23094.8 0 0
119 137 53 23099 0 0
96 171 52 23103.2 0 0
115 145 53 23107.4 0 0
117 139 53 23115.8 0 0
99 161 53 23120.1 0 0
120 138 52 23124.3 0 0
116 142 53 23128.5 0 0
122 130 53 23132.7 0 0
118 140 52 23136.9 0 0
117 140 52 23141.1 0 0
115 140 52 23145.3 0 0
117 138 52 23149.5 0 0
117 140 53 23155.3 0 0
112 143 52 23159.5 0 0
96 167 52 23165.6 0 0
116 142 52 23169.8 0 0
118 138 52 23174.1 0 0
117 142 53 23178.3 0 0
117 140 53 23182.5 0 0
118 139 52 23186.7 0 0
115 141 53 23190.9 0 0
117 138 52 23195.1 0 0
118 140 52 23199.3 0 0
114 143 52 23203.5 0 0
117 141 52 23207.8 0 0
114 142 52 23212 0 0
115 144 52 23216.2 0 0
115 140 52 23220.5 0 0
117 140 52 23224.7 0 0
118 141 52 23228.9 0 0
114 144 52 23233.1 0 0
120 142 52 23237.3 0 0
117 140 52 23241.5 0 0
116 143 52 23245.7 0 0
114 143 52 23249.9 0 0
111 143 52 23254.2 0 0
111 145 52 23258.4 0 0
113 145 52 23262.6 0 0
111 145 52 23266.8 0 0
118 139 52 23271 0 0
115 142 52 23277.8 0 0
111 145 52 23282 0 0
116 142 52 23286.3 0 0
112 145 52 23290.5 0 0
115 146 52 23294.7 0 0
115 141 52 23299 0 0
115 145 52 23303.2 0 0
120 137 52 23307.4 0 0
123 131 52 23311.6 0 0
127 124 52 23315.8 0 0
131 117 52 23320 0 0
128 117 52 23324.2 0 0
130 115 52 23328.4 0 0
132 109 52 23332.6 0 0
135 107 52 23336.9 0 0
133 103 52 23341.1 0 0
136 106 52 23345.3 0 0
134 107 52 23349.5 0 0
134 108 52 23353.7 0 0
132 109 52 23357.9 0 0
131 109 52 23362.2 0 0
133 110 52 23366.4 0 0
127 110 52 23370.6 0 0
131 111 52 23374.8 0 0
133 108 52 23379.3 0 0
130 110 52 23386.2 0 0
133 107 52 23390.4 0 0
134 110 52 23394.6 0 0
136 108 52 23398.8 0 0
133 111 52 23403.5 0 0
132 113 52 23407.8 0 0
132 110 52 23412 0 0
157 138 52 23416.2 0 0
133 110 52 23420.4 0 0
133 111 52 23424.6 0 0
131 111 51 23428.8 0 0
133 108 52 23433 0 0
132 110 52 23437.2 0 0
131 113 51 23444.4 0 0
130 112 51 23452.8 0 0
131 113 51 23461.1 0 0
131 114 51 23469.4 0 0
131 114 51 23477.6 0 0
131 110 51 23485.3 0 0
130 116 51 23489.5 0 0
130 116 51 23494.4 0 0
129 119 50 23498.6 0 0
129 117 51 23502.8 0 0
129 114 50 23507 0 0
133 115 50 23511.2 0 0
136 113 50 23515.5 0 0
132 112 50 23519.7 0 0
131 117 50 23523.9 0 0
132 114 50 23528.1 0 0
133 113 50 23532.4 0 0
134 117 49 23536.6 0 0
129 114 50 23540.8 0 0
132 113 49 23545 0 0
133 117 49 23549.2 0 0
134 113 49 23553.4 0 0
132 114 49 23557.6 0 0
131 114 49 23561.8 0 0
130 114 49 23566.1 0 0
128 114 49 23570.3 0 0
132 115 49 23574.5 0 0
131 115 49 23578.7 0 0
131 115 49 23582.9 0 0
133 112 49 23587.1 0 0
133 113 48 23594.2 0 0
131 114 48 23598.5 0 0
128 112 48 23602.7 0 0
129 117 48 23606.9 0 0
129 120 48 23611.1 0 0
129 119 48 23615.3 0 0
132 116 48 23619.5 0 0
129 117 48 23623.8 0 0
131 118 48 23628 0 0
130 117 48 23632.2 0 0
131 115 48 23636.4 0 0
132 117 48 23640.6 0 0
132 113 47 23644.8 0 0
132 114 48 23649 0 0
130 117 48 23653.5 0 0
131 114 48 23657.7 0 0
132 117 48 23661.9 0 0
130 117 48 23666.1 0 0
134 113 47 23670.3 0 0
132 116 47 23674.6 0 0
133 117 47 23678.8 0 0
131 114 47 23685.7 0 0
132 111 47 23689.9 0 0
126 108 47 23694.1 0 0
123 101 48 23698.4 0 0
119 95 48 23702.6 0 0
111 88 48 23706.8 0 0
106 84 48 23711 0 0
104 80 48 23715.2 0 0
102 85 47 23719.4 0 0
96 80 47 23723.7 0 0
92 81 47 23727.8 0 0
86 86 47 23732 0 0
88 84 47 23736.2 0 0
92 79 47 23740.5 0 0
88 81 47 23744.7 0 0
90 82 47 23748.9 0 0
94 78 47 23753.2 0 0
91 79 47 23757.3 0 0
94 77 47 23761.5 0 0
89 78 47 23765.8 0 0
90 81 47 23770 0 0
90 78 47 23774.2 0 0
87 75 47 23778.4 0 0
86 77 47 23782.7 0 0
86 77 47 23786.8 0 0
91 75 47 23791 0 0
90 79 47 23795.3 0 0
89 78 47 23799.5 0 0
90 80 47 23803.7 0 0
90 80 47 23807.9 0 0
92 76 47 23813.4 0 0
91 80 46 23817.7 0 0
90 78 47 23821.9 0 0
88 78 47 23826 0 0
88 79 47 23830.3 0 0
91 74 47 23834.5 0 0
86 78 47 23838.7 0 0
87 77 46 23843 0 0
90 79 47 23847.2 0 0
91 77 47 23851.4 0 0
90 78 47 23855.6 0 0
90 78 0 23859.8 0 0
91 73 47 23864 0 0
89 76 47 23868.2 0 0
92 75 47 23872.5 0 0
91 77 47 23876.7 0 0
86 77 47 23880.9 0 0
88 75 47 23885.1 0 0
90 78 47 23889.3 0 0
92 76 47 23893.5 0 0
87 78 47 23897.7 0 0
90 78 47 23901.9 0 0
89 80 47 23906.1 0 0
90 78 47 23910.4 0 0
87 81 47 23914.6 0 0
88 77 47 23918.9 0 0
88 79 47 23923.1 0 0
91 80 47 23927.3 0 0
91 80 47 23931.5 0 0
90 78 47 23935.8 0 0
89 81 47 23940 0 0
88 80 47 23944.2 0 0
89 78 47 23948.4 0 0
92 83 47 23952.6 0 0
89 81 47 23956.9 0 0
88 87 47 23961.1 0 0
98 84 47 23965.3 0 0
100 88 47 23969.5 0 0
101 101 47 23973.7 0 0
103 102 47 23977.9 0 0
106 108 47 23982.1 0 0
103 126 47 23986.4 0 0
78 163 46 23990.6 0 0
17 209 46 23994.8 0 0
14 218 47 24079.1 0 0
40 205 47 24083.3 0 0
54 195 47 24087.5 0 0
65 188 47 24091.7 0 0
74 181 47 24096 0 0
73 178 47 24100.2 0 0
76 175 47 24104.3 0 0
74 178 47 24108.5 0 0
75 177 48 24112.8 0 0
75 179 48 24117 0 0
68 182 47 24121.2 0 0
62 186 48 24125.5 0 0
65 184 48 24129.7 0 0
68 183 48 24133.9 0 0
68 185 48 24138.1 0 0
76 178 48 24142.3 0 0
75 178 47 24146.5 0 0
71 178 47 24150.8 0 0
77 177 48 24155 0 0
74 178 48 24159.2 0 0
70 183 48 24163.4 0 0
74 178 48 24167.6 0 0
73 177 48 24171.8 0 0
74 178 48 24176 0 0
79 175 48 24180.3 0 0
72 180 48 24184.5 0 0
74 180 48 24188.7 0 0
77 175 48 24192.9 0 0
73 178 48 24197.1 0 0
69 181 48 24201.3 0 0
68 183 48 24205.5 0 0
75 178 48 24209.8 0 0
75 177 48 24214 0 0
69 182 48 24218.2 0 0
74 179 48 24222.5 0 0
75 178 48 24226.7 0 0
72 180 48 24230.9 0 0
72 180 48 24235.1 0 0
69 181 48 24239.3 0 0
80 175 48 24243.5 0 0
76 177 48 24247.7 0 0
75 177 48 24252 0 0
74 177 48 24256.2 0 0
69 180 48 24260.4 0 0
77 174 48 24264.6 0 0
77 175 49 24268.8 0 0
76 176 48 24273 0 0
75 177 48 24277.3 0 0
80 172 49 24281.5 0 0
77 174 48 24285.7 0 0
75 177 49 24289.9 0 0
80 173 48 24294.1 0 0
77 174 49 24298.3 0 0
78 174 49 24302.5 0 0
81 170 48 24306.8 0 0
80 173 49 24311 0 0
82 169 49 24315.3 0 0
80 171 49 24319.5 0 0
83 169 49 24323.7 0 0
84 170 48 24327.9 0 0
81 171 49 24332.1 0 0
82 171 49 24336.3 0 0
81 170 49 24341 0 0
73 177 48 24345.2 0 0
80 169 49 24349.4 0 0
77 176 49 24353.6 0 0
74 179 49 24357.8 0 0
70 181 49 24362 0 0
66 182 49 24366.2 0 0
68 183 49 24370.5 0 0
57 195 49 24374.7 0 0
52 198 49 24378.9 0 0
32 211 49 24383.1 0 0
42 206 49 24387.3 0 0
37 208 49 24391.6 0 0
39 208 49 24395.8 0 0
45 204 49 24400.1 0 0
47 204 49 24404.3 0 0
46 204 49 24408.5 0 0
43 204 49 24412.7 0 0
48 202 49 24416.9 0 0
35 210 49 24421.1 0 0
31 212 50 24425.4 0 0
36 209 49 24429.6 0 0
34 211 49 24433.8 0 0
47 203 49 24438 0 0
29 211 49 24442.2 0 0
44 206 50 24446.5 0 0
35 210 49 24450.7 0 0
36 209 49 24454.8 0 0
37 209 49 24459.1 0 0
40 209 49 24463.3 0 0
34 210 49 24468.2 0 0
45 203 49 24472.4 0 0
40 208 49 24476.6 0 0
36 210 49 24480.8 0 0
52 200 50 24485 0 0
37 209 49 24489.3 0 0
40 208 50 24493.5 0 0
38 209 50 24497.7 0 0
41 207 50 24502 0 0
38 210 49 24506.2 0 0
42 206 50 24510.3 0 0
42 207 49 24514.5 0 0
39 209 50 24518.8 0 0
35 209 50 24523 0 0
38 209 50 24527.2 0 0
36 208 50 24531.4 0 0
38 207 50 24535.6 0 0
39 208 50 24539.8 0 0
49 200 50 24544.1 0 0
37 208 50 24548.3 0 0
34 210 50 24552.5 0 0
41 208 50 24556.8 0 0
35 209 50 24561 0 0
46 202 50 24565.2 0 0
48 200 50 24569.4 0 0
46 204 50 24573.6 0 0
38 208 50 24577.8 0 0
50 200 50 24582.1 0 0
48 203 50 24586.3 0 0
35 210 50 24590.5 0 0
44 203 50 24594.8 0 0
47 201 50 24599 0 0
42 205 50 24603.2 0 0
47 202 50 24607.4 0 0
38 206 50 24611.6 0 0
41 204 50 24615.8 0 0
38 208 50 24620 0 0
45 203 50 24624.3 0 0
42 204 50 24628.5 0 0
36 208 50 24632.7 0 0
41 204 50 24637 0 0
37 208 51 24641.2 0 0
41 206 51 24645.4 0 0
38 207 50 24649.6 0 0
41 206 51 24653.8 0 0
42 206 50 24658 0 0
42 205 50 24662.3 0 0
38 206 50 24666.5 0 0
36 208 50 24670.7 0 0
41 205 50 24674.9 0 0
38 204 51 24679.1 0 0
44 202 50 24683.3 0 0
50 197 51 24687.6 0 0
64 187 51 24691.8 0 0
74 179 50 24696 0 0
85 173 50 24700.2 0 0
83 170 50 24704.4 0 0
92 164 50 24708.6 0 0
95 160 51 24712.9 0 0
102 155 50 24717.1 0 0
101 155 50 24721.3 0 0
95 158 50 24725.5 0 0
94 158 50 24729.7 0 0
97 160 51 24733.9 0 0
93 162 50 24738.1 0 0
96 159 51 24742.4 0 0
99 157 50 24746.6 0 0
95 158 50 24750.8 0 0
98 158 51 24755 0 0
99 158 51 24759.2 0 0
100 159 51 24763.4 0 0
98 160 51 24767.6 0 0
99 158 51 24771.8 0 0
95 162 51 24776.4 0 0
100 160 51 24780.6 0 0
95 158 51 24784.8 0 0
96 159 51 24789 0 0
97 159 51 24793.2 0 0
91 161 51 24797.5 0 0
95 160 51 24801.7 0 0
95 159 51 24805.9 0 0
97 159 51 24810.1 0 0
98 158 51 24814.3 0 0
93 161 51 24818.5 0 0
100 158 51 24822.7 0 0
97 160 51 24826.9 0 0
94 160 51 24831.2 0 0
98 158 51 24835.4 0 0
96 159 51 24839.6 0 0
97 159 51 24843.8 0 0
97 159 51 24848 0 0
97 158 51 24852.2 0 0
96 161 51 24856.4 0 0
95 160 51 24860.7 0 0
100 156 51 24864.9 0 0
94 162 51 24869.2 0 0
96 161 51 24873.4 0 0
99 159 51 24877.7 0 0
96 159 51 24881.9 0 0
89 168 51 24886.1 0 0
73 182 51 24890.3 0 0
59 193 51 24894.5 0 0
33 211 51 24898.7 0 0
33 211 51 24903 0 0
30 210 51 24907.2 0 0
29 213 51 24911.5 0 0
28 212 51 24915.7 0 0
35 210 51 24919.9 0 0
34 212 51 24924.1 0 0
35 210 51 24928.3 0 0
35 208 51 24932.6 0 0
36 208 51 24936.8 0 0
38 208 51 24941 0 0
39 209 51 24945.2 0 0
38 208 51 24949.4 0 0
33 209 51 24953.6 0 0
32 211 51 24957.8 0 0
33 211 51 24962.1 0 0
33 211 51 24966.3 0 0
32 212 51 24970.5 0 0
34 212 51 24974.8 0 0
32 211 51 24979 0 0
38 207 51 24983.2 0 0
32 213 51 24987.4 0 0
38 208 51 24991.6 0 0
39 207 51 24995.8 0 0
40 206 51 25000 0 0
32 211 51 25004.2 0 0
32 211 51 25008.5 0 0
38 210 51 25012.6 0 0
36 210 51 25016.8 0 0
38 208 51 25021.1 0 0
36 209 51 25025.7 0 0
33 211 51 25029.9 0 0
39 207 51 25034.1 0 0
30 212 51 25038.3 0 0
34 208 51 25042.5 0 0
31 211 51 25046.7 0 0
36 208 51 25050.9 0 0
34 209 51 25055.2 0 0
32 211 51 25059.4 0 0
37 208 51 25063.6 0 0
34 210 51 25067.8 0 0
32 208 51 25072 0 0
36 209 51 25076.2 0 0
27 215 51 25080.5 0 0
34 210 51 25084.7 0 0
43 206 51 25088.9 0 0
39 208 51 25093.1 0 0
44 203 51 25097.3 0 0
40 207 51 25101.5 0 0
43 203 51 25105.8 0 0
24 217 51 25110 0 0
34 210 51 25114.2 0 0
38 207 51 25118.4 0 0
44 206 51 25122.6 0 0
69 190 51 25126.9 0 0
74 183 51 25131.1 0 0
86 177 51 25135.3 0 0
92 169 51 25139.5 0 0
97 162 51 25143.7 0 0
102 157 51 25147.9 0 0
107 149 51 25152.2 0 0
117 138 51 25156.4 0 0
121 129 51 25160.6 0 0
120 127 51 25164.8 0 0
122 129 51 25169 0 0
123 128 51 25173.2 0 0
117 128 51 25177.4 0 0
122 127 51 25181.7 0 0
121 127 51 25185.9 0 0
117 125 51 25192.7 0 0
123 126 51 25196.9 0 0
122 125 51 25201.1 0 0
121 127 51 25205.3 0 0
121 127 51 25209.5 0 0
117 125 51 25213.8 0 0
123 127 51 25218 0 0
124 125 51 25222.2 0 0
120 132 51 25226.4 0 0
121 127 51 25230.6 0 0
120 127 51 25234.8 0 0
126 124 51 25239 0 0
120 127 51 25243.4 0 0
123 124 51 25247.7 0 0
122 124 51 25251.9 0 0
124 126 51 25256.1 0 0
121 125 51 25260.3 0 0
123 126 51 25264.5 0 0
126 122 51 25268.7 0 0
124 128 51 25272.9 0 0
121 125 51 25277.2 0 0
121 128 51 25281.4 0 0
124 125 51 25285.6 0 0
124 126 51 25289.8 0 0
121 129 51 25296.8 0 0
118 130 51 25301 0 0
119 129 51 25305.2 0 0
122 125 51 25309.5 0 0
121 130 51 25313.7 0 0
119 124 51 25317.9 0 0
123 125 51 25322.1 0 0
121 128 51 25326.3 0 0
121 128 51 25330.5 0 0
121 128 51 25334.7 0 0
123 128 51 25339 0 0
112 149 51 25343.2 0 0
119 129 51 25347.4 0 0
124 125 51 25351.6 0 0
124 130 51 25355.8 0 0
119 132 51 25360 0 0
116 130 51 25364.3 0 0
119 130 51 25368.5 0 0
122 127 51 25372.7 0 0
117 131 51 25376.9 0 0
119 129 51 25381.1 0 0
119 131 51 25385.3 0 0
120 130 51 25389.5 0 0
122 130 51 25396.7 0 0
119 130 51 25405.2 0 0
111 142 51 25413.4 0 0
98 161 51 25421.7 0 0
85 176 51 25430.2 0 0
57 196 51 25438.5 0 0
57 196 51 25446.7 0 0
46 201 51 25454.2 0 0
35 208 51 25458.5 0 0
46 201 51 25463.4 0 0
49 202 51 25467.6 0 0
54 198 51 25471.8 0 0
41 204 51 25476 0 0
42 205 51 25480.2 0 0
38 208 51 25484.4 0 0
37 208 51 25488.7 0 0
32 213 51 25492.9 0 0
44 202 51 25497.1 0 0
48 201 51 25501.3 0 0
47 201 50 25505.5 0 0
32 210 51 25509.7 0 0
32 210 50 25513.9 0 0
35 211 51 25518.2 0 0
49 200 51 25522.4 0 0
43 203 50 25526.6 0 0
46 201 51 25530.8 0 0
33 209 51 25535 0 0
35 210 51 25539.2 0 0
35 209 51 25543.4 0 0
34 209 51 25547.6 0 0
38 207 51 25551.9 0 0
41 206 51 25556.1 0 0
35 210 51 25560.3 0 0
37 208 51 25564.5 0 0
40 207 50 25568.8 0 0
36 209 51 25573 0 0
34 208 51 25577.2 0 0
34 209 51 25584 0 0
41 206 51 25588.3 0 0
38 209 51 25592.5 0 0
38 207 51 25596.7 0 0
40 208 51 25600.9 0 0
35 210 51 25605.1 0 0
38 206 51 25609.3 0 0
31 210 51 25613.5 0 0
34 208 50 25617.7 0 0
39 206 51 25622.3 0 0
36 208 51 25626.5 0 0
42 206 51 25630.8 0 0
41 207 51 25635 0 0
36 208 51 25639.2 0 0
41 204 51 25643.4 0 0
32 210 51 25647.6 0 0
38 208 51 25651.8 0 0
41 205 51 25656.1 0 0
34 209 51 25660.3 0 0
34 210 51 25664.5 0 0
33 210 51 25671.4 0 0
41 207 51 25675.7 0 0
36 210 51 25679.9 0 0
37 207 51 25684.1 0 0
41 206 51 25688.3 0 0
36 209 51 25692.5 0 0
45 204 51 25696.7 0 0
34 210 51 25701 0 0
41 206 51 25705.2 0 0
38 207 51 25709.4 0 0
35 210 51 25713.6 0 0
44 204 51 25717.8 0 0
47 201 51 25722 0 0
55 198 51 25726.3 0 0
60 188 51 25730.5 0 0
61 184 51 25734.7 0 0
75 172 51 25738.9 0 0
84 167 51 25743.1 0 0
91 151 51 25747.3 0 0
96 148 51 25751.5 0 0
95 149 51 25755.8 0 0
100 143 51 25760 0 0
95 149 51 25764.2 0 0
98 143 51 25768.4 0 0
96 150 51 25772.6 0 0
94 148 51 25776.8 0 0
92 150 51 25781.1 0 0
96 148 51 25788.1 0 0
97 148 51 25792.3 0 0
101 139 51 25796.5 0 0
106 133 51 25800.7 0 0
108 125 51 25804.9 0 0
112 117 51 25809.2 0 0
112 115 51 25813.4 0 0
116 117 51 25817.6 0 0
113 116 51 25821.8 0 0
114 112 51 25826 0 0
111 119 51 25830.2 0 0
114 115 51 25834.4 0 0
112 118 51 25838.7 0 0
112 116 51 25842.9 0 0
113 114 51 25847.1 0 0
113 115 51 25851.3 0 0
108 116 51 25855.5 0 0
113 112 51 25859.7 0 0
113 116 51 25863.9 0 0
112 113 51 25868.2 0 0
114 113 51 25872.4 0 0
115 117 51 25876.6 0 0
113 113 52 25880.9 0 0
113 113 52 25885.1 0 0
112 113 51 25891.6 0 0
114 113 51 25895.8 0 0
114 114 51 25900 0 0
111 116 51 25904.2 0 0
111 118 51 25908.5 0 0
105 115 52 25912.7 0 0
106 111 52 25916.9 0 0
99 107 52 25921.1 0 0
92 107 52 25925.3 0 0
87 106 52 25929.5 0 0
79 102 52 25933.8 0 0
74 100 52 25938 0 0
67 102 52 25942.2 0 0
59 102 52 25946.4 0 0
53 105 52 25950.6 0 0
49 100 51 25954.8 0 0
47 107 51 25959 0 0
53 103 51 25963.3 0 0
55 100 51 25967.5 0 0
57 98 51 25971.7 0 0
56 100 52 25975.9 0 0
53 101 51 25980.1 0 0
53 101 51 25984.3 0 0
53 100 51 25988.5 0 0
54 100 51 25992.8 0 0
53 102 51 25997 0 0
52 102 51 26001.2 0 0
56 101 51 26005.5 0 0
49 99 51 26009.7 0 0
55 98 51 26013.9 0 0
49 99 51 26018.1 0 0
53 97 51 26022.3 0 0
53 101 51 26026.5 0 0
54 99 51 26030.7 0 0
55 101 51 26035 0 0
54 100 51 26039.2 0 0
48 103 51 26043.4 0 0
50 96 51 26047.6 0 0
55 96 51 26051.8 0 0
51 100 51 26058.6 0 0
51 100 0 26062.8 0 0
52 97 51 26067 0 0
54 100 51 26071.2 0 0
51 101 51 26075.4 0 0
53 100 51 26079.6 0 0
49 101 51 26083.8 0 0
51 99 51 26088.1 0 0
53 97 51 26092.3 0 0
52 101 51 26096.5 0 0
48 100 51 26100.8 0 0
48 100 51 26105 0 0
53 99 51 26109.2 0 0
50 101 51 26113.4 0 0
51 101 51 26117.6 0 0
53 95 51 26122 0 0
52 102 51 26126.2 0 0
50 99 51 26130.4 0 0
51 99 51 26134.6 0 0
52 100 51 26138.8 0 0
54 98 51 26143.1 0 0
47 102 51 26147.3 0 0
47 102 51 26151.5 0 0
48 102 51 26157.2 0 0
51 101 51 26161.4 0 0
48 101 51 26166.9 0 0
52 99 51 26171.2 0 0
52 99 51 26175.4 0 0
48 101 51 26179.6 0 0
50 101 51 26183.8 0 0
56 101 52 26188 0 0
61 96 52 26192.2 0 0
73 98 52 26196.5 0 0
78 94 52 26200.7 0 0
82 96 52 26204.9 0 0
84 95 51 26209.1 0 0
80 98 52 26213.3 0 0
82 99 52 26217.6 0 0
80 100 52 26221.8 0 0
76 100 51 26226 0 0
80 100 52 26230.2 0 0
75 104 52 26234.4 0 0
81 94 52 26238.6 0 0
81 100 51 26242.8 0 0
81 99 51 26247.1 0 0
78 96 51 26251.3 0 0
81 99 51 26255.5 0 0
81 95 52 26259.8 0 0
82 96 52 26264 0 0
81 97 51 26270.8 0 0
80 96 51 26275.1 0 0
83 98 51 26279.4 0 0
76 100 51 26283.6 0 0
80 101 52 26287.8 0 0
81 95 52 26292 0 0
82 99 51 26296.2 0 0
85 105 52 26300.4 0 0
96 105 52 26304.6 0 0
100 102 53 26308.9 0 0
106 110 52 26313.1 0 0
110 112 52 26317.3 0 0
117 111 52 26321.5 0 0
122 116 51 26325.7 0 0
120 117 51 26329.9 0 0
116 116 51 26334.1 0 0
118 116 51 26338.3 0 0
118 113 51 26342.6 0 0
118 114 51 26346.8 0 0
121 114 52 26351 0 0
119 114 51 26355.2 0 0
120 111 51 26359.4 0 0
117 113 51 26363.6 0 0
119 116 51 26367.8 0 0
118 114 51 26372 0 0
117 116 51 26376.2 0 0
120 115 51 26380.5 0 0
123 115 51 26384.7 0 0
119 115 51 26391.5 0 0
119 117 51 26395.7 0 0
121 116 51 26400 0 0
119 116 51 26404.2 0 0
120 115 51 26408.5 0 0
118 117 51 26412.7 0 0
118 120 51 26416.9 0 0
121 114 51 26421.1 0 0
119 118 51 26425.3 0 0
121 114 51 26429.5 0 0
121 116 51 26433.8 0 0
121 115 51 26438 0 0
117 116 51 26442.2 0 0
118 116 51 26446.4 0 0
119 116 51 26450.6 0 0
117 115 51 26454.8 0 0
122 117 51 26459 0 0
122 115 51 26463.3 0 0
122 114 51 26467.5 0 0
122 116 51 26471.7 0 0
123 114 51 26475.9 0 0
122 118 51 26480.1 0 0
119 115 51 26484.3 0 0
123 115 51 26488.5 0 0
123 114 51 26492.8 0 0
119 116 51 26499.9 0 0
122 115 51 26504.1 0 0
122 114 51 26508.3 0 0
122 115 51 26512.5 0 0
118 118 51 26516.7 0 0
123 115 51 26520.9 0 0
123 117 51 26525.2 0 0
122 115 51 26529.4 0 0
120 114 51 26533.6 0 0
119 117 51 26537.8 0 0
120 116 51 26542 0 0
120 115 51 26546.2 0 0
123 115 51 26550.4 0 0
121 115 51 26554.6 0 0
119 116 51 26558.8 0 0
122 113 51 26563 0 0
119 108 51 26567.3 0 0
117 109 51 26571.5 0 0
114 100 52 26575.7 0 0
115 96 52 26579.9 0 0
108 85 52 26584.1 0 0
106 77 52 26588.3 0 0
100 68 51 26592.5 0 0
97 65 51 26596.8 0 0
95 70 51 26601 0 0
98 70 51 26605.2 0 0
104 75 51 26609.3 0 0
101 76 51 26613.6 0 0
101 76 51 26620.5 0 0
98 72 51 26626.2 0 0
99 72 52 26630.4 0 0
98 69 51 26637.2 0 0
98 71 51 26641.5 0 0
102 66 51 26645.7 0 0
97 67 51 26650 0 0
100 69 52 26654.2 0 0
95 66 52 26658.4 0 0
97 68 51 26662.6 0 0
98 67 51 26666.8 0 0
96 65 52 26671 0 0
100 69 51 26675.3 0 0
101 67 51 26679.5 0 0
95 69 51 26683.7 0 0
99 69 51 26687.9 0 0
95 64 51 26692.1 0 0
94 64 51 26696.3 0 0
99 68 51 26700.5 0 0
98 64 51 26704.7 0 0
97 67 51 26709 0 0
99 70 51 26713.2 0 0
98 68 51 26717.4 0 0
95 67 51 26721.6 0 0
98 70 51 26725.8 0 0
98 67 51 26730 0 0
98 66 51 26734.3 0 0
95 65 51 26738.5 0 0
95 70 51 26745.4 0 0
95 70 0 26749.6 0 0
98 66 51 26753.8 0 0
99 70 51 26758 0 0
100 69 51 26762.2 0 0
97 67 51 26766.5 0 0
98 69 51 26770.7 0 0
97 69 51 26774.9 0 0
101 70 51 26779.1 0 0
103 68 51 26783.3 0 0
101 69 51 26787.5 0 0
94 69 51 26791.8 0 0
97 65 51 26796 0 0
99 71 51 26800.2 0 0
100 69 51 26804.4 0 0
98 69 51 26808.6 0 0
100 71 51 26812.8 0 0
99 64 51 26817 0 0
96 69 51 26821.2 0 0
98 69 51 26825.4 0 0
96 66 51 26829.7 0 0
97 71 51 26833.9 0 0
98 63 51 26838.1 0 0
98 66 51 26842.3 0 0
95 67 51 26846.5 0 0
93 65 51 26850.7 0 0
100 66 51 26854.9 0 0
99 64 51 26859.1 0 0
101 69 51 26863.4 0 0
97 66 51 26870.3 0 0
100 69 51 26874.5 0 0
99 66 51 26878.8 0 0
99 69 51 26883 0 0
99 66 51 26887.2 0 0
100 64 51 26891.4 0 0
98 69 51 26895.6 0 0
97 67 51 26899.8 0 0
97 69 51 26904.1 0 0
99 66 51 26908.3 0 0
94 65 51 26912.5 0 0
99 67 51 26916.7 0 0
96 67 51 26920.9 0 0
98 68 51 26925.1 0 0
97 66 51 26929.3 0 0
96 65 51 26933.5 0 0
100 66 51 26937.8 0 0
95 67 51 26942 0 0
95 63 51 26946.2 0 0
98 67 51 26950.5 0 0
92 65 51 26954.7 0 0
96 66 51 26958.9 0 0
98 67 51 26963.1 0 0
96 67 51 26967.3 0 0
98 66 51 26971.6 0 0
96 65 51 26975.8 0 0
97 69 51 26982.9 0 0
99 66 51 26987.1 0 0
95 69 51 26991.3 0 0
96 67 51 26995.5 0 0
98 68 51 26999.7 0 0
99 66 51 27004 0 0
97 66 51 27008.2 0 0
96 63 51 27012.4 0 0
94 66 51 27016.6 0 0
93 65 51 27020.8 0 0
92 64 51 27025.1 0 0
92 62 51 27029.3 0 0
92 63 51 27033.5 0 0
93 63 51 27037.7 0 0
95 66 51 27041.9 0 0
91 63 51 27046.1 0 0
95 65 51 27050.3 0 0
93 66 51 27054.5 0 0
94 63 51 27058.8 0 0
97 66 51 27063 0 0
92 63 51 27067.2 0 0
94 64 51 27071.4 0 0
92 64 51 27075.6 0 0
95 65 51 27079.8 0 0
95 65 51 27086.8 0 0
95 63 51 27094.7 0 0
93 66 51 27098.9 0 0
91 64 51 27103.5 0 0
95 64 51 27107.7 0 0
92 63 51 27112 0 0
96 63 51 27116.2 0 0
92 65 51 27120.4 0 0
90 64 51 27124.6 0 0
93 66 51 27128.8 0 0
93 64 51 27133 0 0
92 63 51 27137.2 0 0
95 69 51 27141.4 0 0
94 66 51 27145.7 0 0
94 66 51 27149.9 0 0
95 72 51 27154.2 0 0
93 63 51 27158.4 0 0
95 63 51 27162.6 0 0
94 67 51 27166.8 0 0
96 66 51 27171 0 0
94 68 51 27175.2 0 0
91 68 51 27179.4 0 0
97 67 51 27183.6 0 0
94 70 51 27187.8 0 0
96 67 51 27192.5 0 0
95 68 51 27196.7 0 0
92 66 51 27203.4 0 0
98 68 51 27207.7 0 0
95 68 51 27211.9 0 0
95 64 51 27216.1 0 0
96 67 51 27220.3 0 0
95 66 51 27224.5 0 0
98 68 51 27228.7 0 0
100 67 51 27233 0 0
94 66 51 27237.2 0 0
94 67 51 27241.4 0 0
93 64 51 27245.6 0 0
93 68 51 27249.8 0 0
97 67 51 27254 0 0
89 61 51 27258.2 0 0
97 67 51 27262.5 0 0
91 64 51 27266.7 0 0
90 63 51 27270.9 0 0
92 67 51 27275.1 0 0
94 62 51 27279.3 0 0
94 68 51 27283.5 0 0
92 67 51 27287.7 0 0
93 63 51 27291.9 0 0
94 68 51 27296.2 0 0
93 65 51 27300.4 0 0
92 63 51 27304.6 0 0
92 63 51 27308.8 0 0
95 61 51 27313.4 0 0
92 67 51 27317.7 0 0
92 63 51 27321.9 0 0
93 63 51 27326.1 0 0
92 63 51 27330.3 0 0
94 66 51 27334.5 0 0
95 67 51 27338.8 0 0
94 63 51 27343 0 0
95 69 51 27347.2 0 0
94 65 52 27351.4 0 0
94 68 51 27355.6 0 0
96 68 51 27359.8 0 0
97 63 51 27364 0 0
95 66 51 27368.3 0 0
97 67 51 27372.5 0 0
92 66 51 27376.7 0 0
94 67 51 27380.9 0 0
90 62 51 27385.1 0 0
97 66 51 27389.3 0 0
95 64 51 27393.5 0 0
90 67 51 27397.8 0 0
96 69 51 27402 0 0
93 60 51 27406.2 0 0
95 67 51 27410.4 0 0
93 63 51 27414.6 0 0
89 60 51 27418.8 0 0
96 65 51 27423 0 0
92 61 51 27427.2 0 0
96 67 51 27431.5 0 0
92 61 51 27435.7 0 0
92 66 51 27446.2 0 0
94 66 52 27450.4 0 0
93 63 51 27454.6 0 0
93 63 51 27458.8 0 0
97 65 51 27463 0 0
92 63 51 27467.2 0 0
94 63 51 27471.5 0 0
96 63 52 27475.7 0 0
91 67 52 27479.9 0 0
94 65 52 27484.1 0 0
94 63 51 27488.3 0 0
96 64 51 27492.5 0 0
94 63 51 27497.2 0 0
93 61 51 27501.4 0 0
93 65 52 27505.6 0 0
93 61 51 27509.8 0 0
94 63 51 27514 0 0
93 63 51 27518.2 0 0
91 63 51 27522.5 0 0
92 64 51 27526.7 0 0
94 62 51 27530.9 0 0
94 63 51 27535.2 0 0
94 65 51 27539.4 0 0
95 58 51 27543.5 0 0
93 65 52 27547.8 0 0
94 60 51 27552 0 0
92 60 51 27556.2 0 0
94 63 52 27560.4 0 0
93 59 51 27564.7 0 0
97 65 52 27568.9 0 0
94 60 51 27573.1 0 0
92 62 51 27577.3 0 0
92 63 51 27581.5 0 0
92 57 51 27585.7 0 0
90 61 51 27590.4 0 0
95 61 51 27594.6 0 0
91 60 51 27598.8 0 0
91 60 52 27603 0 0
94 60 52 27607.3 0 0
94 60 51 27611.5 0 0
95 61 51 27615.7 0 0
93 59 51 27620 0 0
93 59 51 27624.2 0 0
95 61 51 27628.4 0 0
93 61 51 27632.6 0 0
93 59 51 27636.8 0 0
96 59 52 27641 0 0
92 60 52 27645.2 0 0
91 60 52 27649.5 0 0
92 60 52 27653.7 0 0
95 60 51 27657.9 0 0
90 59 52 27662.1 0 0
94 60 52 27666.3 0 0
95 59 51 27670.5 0 0
93 61 51 27674.7 0 0
93 59 51 27679 0 0
94 61 51 27683.2 0 0
92 59 51 27687.4 0 0
88 58 51 27691.8 0 0
93 60 52 27696.1 0 0
93 61 51 27700.3 0 0
93 65 51 27704.5 0 0
93 59 51 27708.7 0 0
93 65 52 27712.9 0 0
91 58 51 27717.2 0 0
95 56 51 27721.4 0 0
94 61 51 27725.6 0 0
92 59 51 27729.8 0 0
94 59 51 27734 0 0
91 59 51 27738.2 0 0
93 60 52 27742.4 0 0
93 61 51 27746.7 0 0
91 60 51 27750.9 0 0
94 60 51 27755.1 0 0
90 59 51 27759.3 0 0
95 61 51 27763.5 0 0
94 59 51 27767.8 0 0
92 59 51 27772 0 0
90 57 51 27776.2 0 0
90 59 52 27780.4 0 0
93 59 52 27784.6 0 0
93 60 51 27788.8 0 0
95 65 51 27793 0 0
90 58 51 27797.2 0 0
94 60 51 27801.5 0 0
92 59 51 27805.7 0 0
95 58 51 27809.9 0 0
92 61 51 27814.1 0 0
94 61 51 27818.3 0 0
92 61 51 27822.5 0 0
89 60 51 27826.7 0 0
92 60 51 27831 0 0
95 60 51 27835.2 0 0
96 59 51 27839.4 0 0
95 60 51 27843.6 0 0
95 65 51 27847.9 0 0
90 58 51 27852.1 0 0
95 65 51 27856.3 0 0
92 58 51 27860.5 0 0
96 60 51 27864.7 0 0
93 60 51 27868.9 0 0
91 62 51 27873.2 0 0
92 62 51 27877.4 0 0
95 60 51 27881.6 0 0
91 61 51 27885.8 0 0
93 60 51 27890 0 0
92 58 51 27894.2 0 0
96 58 51 27898.4 0 0
94 58 51 27902.6 0 0
93 61 51 27906.8 0 0
92 59 51 27911 0 0
93 62 51 27915.2 0 0
93 60 51 27919.5 0 0
91 61 51 27923.7 0 0
92 63 52 27928 0 0
95 60 51 27932.2 0 0
92 63 52 27936.4 0 0
98 62 51 27940.8 0 0
95 60 52 27945.1 0 0
93 61 51 27949.3 0 0
93 63 52 27953.5 0 0
91 60 51 27957.7 0 0
92 63 51 27961.9 0 0
94 63 51 27966.1 0 0
89 60 51 27970.4 0 0
92 66 52 27974.6 0 0
94 63 51 27978.8 0 0
92 62 52 27983 0 0
91 64 52 27987.2 0 0
92 59 51 27991.4 0 0
93 63 51 27995.6 0 0
93 61 51 27999.8 0 0
93 65 51 28004.1 0 0
89 62 52 28008.3 0 0
91 61 52 28012.5 0 0
90 64 52 28016.7 0 0
94 60 51 28020.9 0 0
90 66 51 28025.2 0 0
97 64 51 28029.4 0 0
95 64 51 28033.6 0 0
95 65 52 28037.8 0 0
94 63 51 28042 0 0
95 63 51 28046.2 0 0
95 65 52 28050.4 0 0
92 63 51 28054.6 0 0
95 63 51 28058.9 0 0
93 65 52 28063.1 0 0
93 65 0 28067.3 0 0
97 65 51 28071.5 0 0
94 66 52 28075.7 0 0
96 69 52 28079.9 0 0
96 69 0 28084.1 0 0
94 70 51 28088.4 0 0
96 67 51 28092.6 0 0
98 67 52 28096.8 0 0
95 68 52 28101 0 0
94 67 52 28105.2 0 0
96 66 52 28109.4 0 0
95 71 52 28113.6 0 0
99 67 52 28117.8 0 0
96 66 52 28122.2 0 0
97 68 52 28126.4 0 0
95 68 52 28130.6 0 0
100 71 52 28134.8 0 0
96 64 52 28139 0 0
96 68 51 28143.3 0 0
98 69 52 28147.5 0 0
94 68 52 28151.7 0 0
86 64 52 28155.9 0 0
90 69 52 28160.2 0 0
95 69 52 28164.4 0 0
94 71 52 28168.6 0 0
94 68 52 28172.8 0 0
94 68 52 28177.1 0 0
90 66 52 28181.3 0 0
97 66 52 28185.5 0 0
89 66 52 28189.8 0 0
94 70 52 28194 0 0
94 68 52 28198.2 0 0
93 71 52 28202.4 0 0
96 68 52 28206.7 0 0
92 73 52 28210.9 0 0
96 68 52 28215.1 0 0
95 69 52 28219.3 0 0
90 72 52 28223.6 0 0
92 69 52 28227.8 0 0
94 69 52 28232 0 0
97 72 52 28236.2 0 0
94 70 52 28240.4 0 0
92 71 52 28244.7 0 0
94 69 52 28248.9 0 0
94 71 52 28253.1 0 0
99 70 52 28257.3 0 0
91 69 52 28261.5 0 0
93 72 52 28265.7 0 0
95 69 52 28269.9 0 0
94 72 52 28274.2 0 0
97 69 52 28278.4 0 0
99 71 52 28282.6 0 0
92 71 52 28286.8 0 0
92 71 0 28291 0 0
96 72 52 28295.2 0 0
97 71 52 28299.4 0 0
99 72 52 28303.7 0 0
92 68 52 28307.9 0 0
96 70 52 28312.1 0 0
97 75 52 28316.3 0 0
96 71 53 28320.5 0 0
94 72 52 28324.8 0 0
98 71 52 28329 0 0
95 71 52 28333.2 0 0
95 73 52 28337.4 0 0
97 69 52 28341.7 0 0
92 72 52 28345.9 0 0
95 71 52 28350.1 0 0
95 71 52 28354.3 0 0
96 71 53 28358.5 0 0
97 70 52 28362.7 0 0
96 71 52 28366.9 0 0
95 72 52 28371.1 0 0
98 70 52 28375.3 0 0
95 72 52 28379.5 0 0
91 71 52 28383.8 0 0
94 73 52 28388 0 0
96 73 53 28392.2 0 0
96 74 52 28396.4 0 0
92 73 52 28400.6 0 0
97 70 52 28404.9 0 0
93 72 53 28409.1 0 0
93 69 52 28413.3 0 0
100 77 52 28417.5 0 0
101 69 52 28421.7 0 0
103 77 52 28425.9 0 0
97 72 52 28430.1 0 0
95 68 52 28434.7 0 0
96 73 52 28438.9 0 0
95 67 53 28443.1 0 0
101 69 52 28447.3 0 0
100 71 52 28451.5 0 0
96 67 52 28455.7 0 0
96 71 53 28459.9 0 0
95 68 52 28464.2 0 0
97 69 52 28468.4 0 0
97 73 53 28472.6 0 0
97 69 53 28476.8 0 0
99 72 52 28481 0 0
96 71 52 28485.2 0 0
97 72 52 28489.4 0 0
101 73 52 28493.7 0 0
98 72 52 28497.9 0 0
97 73 52 28502.1 0 0
98 73 52 28506.4 0 0
99 68 52 28510.6 0 0
99 73 52 28514.8 0 0
97 72 52 28519.2 0 0
100 74 52 28523.4 0 0
97 75 53 28527.6 0 0
99 72 52 28531.8 0 0
96 71 53 28536 0 0
96 72 52 28540.2 0 0
98 74 52 28544.5 0 0
95 76 52 28548.7 0 0
98 71 52 28552.9 0 0
96 71 53 28557.1 0 0
99 72 52 28561.3 0 0
97 69 52 28565.6 0 0
94 74 52 28569.8 0 0
94 68 52 28574 0 0
100 69 53 28578.2 0 0
94 66 52 28582.4 0 0
95 67 52 28586.7 0 0
96 70 52 28590.9 0 0
97 69 53 28595.1 0 0
93 64 52 28599.3 0 0
99 67 53 28603.5 0 0
95 67 52 28607.7 0 0
98 67 52 28614.8 0 0
94 66 52 28619 0 0
97 69 53 28623.2 0 0
96 72 52 28627.7 0 0
93 66 52 28631.9 0 0
99 69 52 28636.1 0 0
100 70 52 28640.3 0 0
99 75 52 28644.5 0 0
97 74 52 28648.7 0 0
97 71 52 28653.4 0 0
93 73 52 28657.6 0 0
96 78 52 28664.5 0 0
97 94 52 28668.7 0 0
90 110 52 28672.9 0 0
85 125 52 28677.2 0 0
69 141 51 28681.4 0 0
62 153 51 28685.6 0 0
42 175 50 28689.9 0 0
24 184 50 28694.1 0 0
18 193 49 28698.3 0 0
16 193 49 28702.5 0 0
32 186 49 28706.7 0 0
37 183 49 28711 0 0
50 171 50 28715.4 0 0
57 166 50 28719.6 0 0
70 144 51 28723.8 0 0
71 142 51 28728 0 0
83 133 51 28732.2 0 0
86 124 52 28736.4 0 0
91 107 52 28740.6 0 0
94 98 51 28744.9 0 0
97 82 52 28749.1 0 0
96 78 52 28756.1 0 0
96 74 52 28760.4 0 0
98 70 52 28764.6 0 0
96 74 52 28768.8 0 0
97 71 52 28773 0 0
93 72 52 28777.2 0 0
94 73 52 28781.4 0 0
97 70 52 28785.7 0 0
95 74 52 28789.9 0 0
94 69 52 28794 0 0
96 75 52 28798.3 0 0
95 71 52 28802.5 0 0
94 72 52 28806.7 0 0
94 74 52 28810.9 0 0
95 70 52 28815.2 0 0
96 70 52 28819.4 0 0
101 74 52 28823.6 0 0
98 71 52 28827.8 0 0
96 72 52 28832 0 0
95 70 52 28836.2 0 0
96 74 52 28840.4 0 0
95 72 52 28844.7 0 0
95 71 52 28848.8 0 0
95 72 52 28853 0 0
95 74 52 28857.2 0 0
97 71 52 28861.5 0 0
94 70 52 28865.7 0 0
94 70 52 28869.9 0 0
96 73 52 28875.9 0 0
97 68 52 28880.2 0 0
96 72 52 28884.3 0 0
95 70 52 28888.6 0 0
97 69 52 28892.8 0 0
95 75 52 28897 0 0
99 69 52 28901.2 0 0
98 69 52 28905.5 0 0
94 74 52 28909.7 0 0
94 71 52 28913.9 0 0
96 72 52 28918.1 0 0
96 70 52 28922.3 0 0
97 72 52 28926.5 0 0
95 71 52 28930.7 0 0
97 72 52 28935 0 0
92 71 52 28939.2 0 0
96 70 52 28943.5 0 0
95 70 52 28947.7 0 0
97 70 52 28951.9 0 0
94 70 52 28956.1 0 0
99 72 52 28960.3 0 0
95 70 52 28964.6 0 0
95 68 52 28968.8 0 0
93 70 52 28973 0 0
95 70 52 28977.2 0 0
94 71 52 28981.4 0 0
96 70 52 28985.6 0 0
99 70 52 28989.8 0 0
98 73 52 28994.1 0 0
95 72 53 28998.3 0 0
97 70 52 29002.5 0 0
96 72 52 29006.7 0 0
97 70 52 29010.9 0 0
99 73 52 29015.1 0 0
95 70 52 29019.3 0 0
98 69 52 29023.5 0 0
94 72 52 29027.8 0 0
97 70 52 29032 0 0
101 74 52 29036.2 0 0
97 70 52 29040.4 0 0
99 72 52 29044.6 0 0
95 70 53 29048.8 0 0
94 71 52 29053.1 0 0
94 72 52 29057.3 0 0
96 72 52 29061.5 0 0
96 69 52 29065.8 0 0
98 68 52 29070 0 0
101 73 52 29074.2 0 0
98 68 52 29078.4 0 0
99 69 52 29082.6 0 0
94 70 52 29086.8 0 0
97 70 52 29091.1 0 0
95 69 52 29095.3 0 0
94 72 52 29099.5 0 0
97 71 52 29103.7 0 0
94 70 52 29107.9 0 0
95 70 52 29112.1 0 0
95 68 52 29116.3 0 0
99 73 53 29120.5 0 0
98 69 52 29124.7 0 0
94 70 52 29129 0 0
99 72 52 29133.2 0 0
98 71 52 29137.4 0 0
98 72 52 29141.6 0 0
95 72 52 29145.8 0 0
98 73 52 29150 0 0
95 71 52 29154.3 0 0
100 73 52 29158.5 0 0
100 74 52 29162.7 0 0
96 75 52 29166.9 0 0
95 74 52 29171.1 0 0
96 73 52 29175.3 0 0
95 72 52 29179.6 0 0
101 74 52 29183.8 0 0
98 73 52 29188 0 0
99 74 52 29192.2 0 0
99 74 52 29196.4 0 0
99 74 52 29200.6 0 0
97 72 52 29204.8 0 0
96 74 52 29209 0 0
97 74 52 29213.3 0 0
94 71 52 29217.5 0 0
96 74 52 29221.7 0 0
98 73 52 29225.9 0 0
100 72 52 29230.1 0 0
99 75 52 29234.3 0 0
100 78 52 29238.5 0 0
111 89 53 29242.7 0 0
109 92 53 29247 0 0
110 100 52 29251.2 0 0
109 103 52 29255.4 0 0
114 105 52 29259.6 0 0
112 113 52 29263.8 0 0
113 112 52 29268 0 0
107 119 52 29272.2 0 0
111 121 52 29276.5 0 0
108 121 52 29280.7 0 0
109 122 52 29284.9 0 0
105 127 52 29289.1 0 0
107 129 52 29293.3 0 0
106 129 52 29297.5 0 0
105 135 52 29301.7 0 0
102 143 52 29305.9 0 0
98 158 52 29310.2 0 0
93 163 52 29314.4 0 0
86 169 52 29318.6 0 0
87 171 52 29322.8 0 0
49 198 52 29327 0 0
55 196 52 29331.2 0 0
55 193 52 29335.5 0 0
83 169 52 29339.7 0 0
85 168 52 29343.9 0 0
85 168 52 29348.1 0 0
83 170 52 29352.3 0 0
81 174 52 29356.5 0 0
89 166 52 29360.7 0 0
73 180 52 29364.9 0 0
80 176 52 29369.2 0 0
77 178 52 29373.4 0 0
70 182 52 29377.6 0 0
86 171 52 29381.8 0 0
84 171 52 29386 0 0
85 170 52 29390.2 0 0
73 180 52 29394.4 0 0
80 177 52 29398.6 0 0
74 180 52 29402.9 0 0
82 173 52 29407.1 0 0
75 180 52 29411.3 0 0
75 178 52 29415.5 0 0
79 177 52 29419.7 0 0
75 180 52 29423.9 0 0
79 177 52 29428.1 0 0
76 179 52 29432.4 0 0
75 179 52 29436.6 0 0
85 172 52 29440.8 0 0
75 181 52 29445 0 0
75 179 52 29449.2 0 0
80 174 52 29453.4 0 0
78 178 52 29457.7 0 0
85 172 52 29461.9 0 0
77 177 52 29466.1 0 0
77 176 52 29470.3 0 0
76 178 52 29474.5 0 0
82 172 52 29478.8 0 0
81 174 52 29483 0 0
83 172 52 29487.2 0 0
74 181 52 29491.4 0 0
80 178 52 29495.7 0 0
66 185 52 29499.9 0 0
66 189 52 29504.1 0 0
43 202 52 29508.3 0 0
41 204 52 29512.5 0 0
42 204 52 29516.7 0 0
54 198 52 29520.9 0 0
45 202 52 29525.2 0 0
51 199 52 29529.4 0 0
48 203 52 29533.6 0 0
52 198 52 29537.8 0 0
50 200 52 29542 0 0
51 197 52 29546.2 0 0
56 197 52 29550.4 0 0
43 202 52 29554.7 0 0
45 202 52 29559.4 0 0
44 201 52 29563.6 0 0
52 200 52 29567.8 0 0
44 201 52 29572.1 0 0
45 202 52 29576.3 0 0
46 202 52 29580.5 0 0
56 196 52 29584.8 0 0
46 201 52 29589 0 0
51 200 51 29593.2 0 0
50 199 51 29597.4 0 0
43 203 52 29601.6 0 0
56 196 52 29605.8 0 0
48 200 51 29610 0 0
49 199 52 29614.2 0 0
48 200 52 29618.5 0 0
44 203 51 29622.7 0 0
46 201 52 29626.9 0 0
46 201 51 29631.1 0 0
47 201 51 29635.3 0 0
52 198 51 29639.5 0 0
49 200 52 29643.8 0 0
46 201 51 29648 0 0
47 200 51 29652.2 0 0
49 199 52 29656.4 0 0
49 200 51 29660.6 0 0
45 202 51 29664.8 0 0
44 203 51 29669 0 0
45 202 51 29673.2 0 0
40 204 51 29677.5 0 0
41 206 51 29681.7 0 0
35 207 51 29685.9 0 0
39 205 51 29690.1 0 0
43 204 51 29694.3 0 0
45 203 51 29698.5 0 0
46 201 51 29702.7 0 0
47 201 51 29707 0 0
39 205 51 29711.2 0 0
41 204 51 29715.4 0 0
44 202 51 29719.6 0 0
48 200 51 29723.8 0 0
41 204 50 29728 0 0
38 205 51 29732.2 0 0
42 202 51 29736.5 0 0
48 199 50 29740.7 0 0
44 202 50 29744.9 0 0
40 204 50 29749.1 0 0
42 205 50 29753.3 0 0
41 205 50 29757.5 0 0
44 203 50 29761.7 0 0
44 202 50 29766 0 0
43 203 50 29770.2 0 0
44 201 50 29774.4 0 0
42 202 50 29778.6 0 0
38 204 50 29782.8 0 0
42 204 50 29787 0 0
40 204 50 29791.2 0 0
48 199 50 29795.4 0 0
40 203 50 29799.7 0 0
39 204 50 29803.9 0 0
43 204 50 29808.1 0 0
39 204 50 29812.3 0 0
39 206 50 29816.5 0 0
41 203 50 29820.7 0 0
34 207 50 29824.9 0 0
35 207 50 29829.2 0 0
42 203 50 29833.4 0 0
43 203 50 29837.7 0 0
47 202 50 29841.9 0 0
40 205 50 29846.1 0 0
35 206 50 29850.3 0 0
44 203 50 29854.5 0 0
40 204 50 29858.7 0 0
42 205 50 29863 0 0
39 204 50 29867.2 0 0
40 206 50 29871.4 0 0
42 205 50 29875.6 0 0
38 206 50 29879.8 0 0
37 206 50 29884 0 0
35 207 50 29888.2 0 0
37 205 50 29892.4 0 0
35 206 50 29896.6 0 0
40 205 49 29900.9 0 0
39 205 50 29905.1 0 0
40 203 50 29909.3 0 0
35 206 50 29913.5 0 0
38 206 50 29917.7 0 0
38 206 50 29921.9 0 0
48 199 50 29926.1 0 0
42 205 50 29930.3 0 0
63 190 49 29934.7 0 0
67 187 49 29938.9 0 0
90 167 49 29943.1 0 0
98 160 49 29947.3 0 0
104 153 49 29951.5 0 0
109 145 49 29955.7 0 0
115 135 49 29959.9 0 0
116 127 50 29964.2 0 0
120 118 49 29968.4 0 0
122 109 49 29972.6 0 0
120 104 49 29976.8 0 0
120 93 50 29981 0 0
117 94 50 29985.2 0 0
118 95 50 29989.5 0 0
118 97 50 29993.7 0 0
119 88 50 29997.9 0 0
117 90 49 30002.2 0 0
114 88 50 30006.3 0 0
118 90 49 30010.5 0 0
120 88 49 30014.8 0 0
120 87 50 30019 0 0
115 89 50 30023.2 0 0
120 88 49 30027.4 0 0
117 89 49 30031.6 0 0
119 88 49 30035.8 0 0
121 87 49 30040 0 0
118 86 50 30044.2 0 0
116 84 50 30048.5 0 0
116 85 49 30052.7 0 0
119 85 49 30056.9 0 0
114 86 49 30061.1 0 0
119 86 49 30065.3 0 0
114 87 49 30069.6 0 0
116 85 50 30073.8 0 0
117 88 49 30078 0 0
112 84 49 30082.2 0 0
106 72 50 30086.4 0 0
105 72 50 30090.7 0 0
104 79 49 30094.9 0 0
97 74 50 30099.1 0 0
103 72 50 30103.3 0 0
100 74 49 30107.5 0 0
105 81 50 30111.7 0 0
103 78 49 30115.9 0 0
105 81 49 30120.1 0 0
105 73 49 30124.4 0 0
101 77 49 30128.6 0 0
101 76 50 30132.8 0 0
101 78 49 30137 0 0
103 78 49 30141.2 0 0
106 75 50 30145.5 0 0
103 79 50 30149.7 0 0
103 77 49 30154 0 0
105 76 49 30158.2 0 0
103 79 49 30162.4 0 0
105 77 50 30166.6 0 0
100 78 49 30170.8 0 0
102 80 49 30175 0 0
103 79 49 30179.2 0 0
103 75 49 30183.5 0 0
104 74 49 30187.7 0 0
101 74 49 30191.9 0 0
102 79 49 30196.1 0 0
101 76 49 30200.3 0 0
106 77 49 30204.5 0 0
103 77 49 30208.8 0 0
102 73 49 30213 0 0
103 73 49 30217.3 0 0
103 73 49 30221.5 0 0
100 75 49 30225.7 0 0
101 75 49 30229.9 0 0
104 77 49 30234.1 0 0
104 77 49 30238.3 0 0
98 73 49 30242.5 0 0
98 69 49 30246.8 0 0
92 69 49 30251 0 0
95 71 49 30255.2 0 0
95 69 49 30259.5 0 0
93 71 49 30263.7 0 0
97 70 49 30267.9 0 0
96 67 49 30272.1 0 0
97 69 49 30276.3 0 0
98 68 49 30280.5 0 0
92 69 49 30284.7 0 0
95 69 49 30288.9 0 0
97 67 49 30293.1 0 0
95 68 49 30297.3 0 0
96 67 49 30301.6 0 0
92 70 49 30305.8 0 0
97 67 49 30310 0 0
95 67 49 30314.3 0 0
94 65 49 30318.5 0 0
96 70 49 30322.7 0 0
94 68 49 30326.9 0 0
97 67 49 30331.1 0 0
92 70 49 30335.3 0 0
94 67 49 30339.5 0 0
96 69 49 30343.8 0 0
96 69 0 30348 0 0
98 67 49 30352.2 0 0
95 70 49 30356.4 0 0
94 66 49 30360.6 0 0
95 65 49 30364.8 0 0
94 65 49 30369 0 0
94 66 48 30373.3 0 0
92 68 49 30377.5 0 0
96 67 49 30381.7 0 0
92 67 49 30385.9 0 0
92 68 49 30390.1 0 0
94 64 49 30394.5 0 0
93 68 49 30398.7 0 0
94 65 49 30402.9 0 0
96 69 49 30407.2 0 0
92 65 49 30411.4 0 0
95 68 49 30415.6 0 0
97 69 49 30419.8 0 0
91 66 48 30424 0 0
94 66 49 30428.2 0 0
92 64 49 30432.4 0 0
92 67 49 30436.6 0 0
95 66 49 30440.8 0 0
93 68 48 30445.1 0 0
97 66 49 30449.3 0 0
94 67 49 30453.5 0 0
92 61 49 30457.7 0 0
95 65 48 30461.9 0 0
96 65 49 30466.2 0 0
92 65 48 30470.4 0 0
94 67 48 30474.6 0 0
90 66 48 30478.8 0 0
91 62 49 30483 0 0
96 66 48 30487.2 0 0
92 65 48 30491.4 0 0
94 68 48 30495.7 0 0
91 65 48 30499.9 0 0
93 65 49 30504.1 0 0
97 65 49 30508.3 0 0
97 66 48 30512.5 0 0
93 62 48 30516.7 0 0
95 66 49 30521 0 0
94 68 48 30525.2 0 0
91 62 49 30529.5 0 0
93 65 49 30533.7 0 0
93 62 49 30537.9 0 0
93 65 49 30542.1 0 0
92 66 48 30546.3 0 0
94 65 48 30550.5 0 0
98 66 49 30554.8 0 0
91 68 48 30559 0 0
95 66 48 30563.2 0 0
95 65 48 30567.4 0 0
96 69 48 30571.6 0 0
97 67 48 30575.8 0 0
95 66 48 30580 0 0
95 65 48 30584.2 0 0
97 67 48 30588.5 0 0
92 69 48 30592.7 0 0
96 66 48 30596.9 0 0
94 65 49 30601.1 0 0
94 66 48 30605.3 0 0
97 65 48 30609.5 0 0
94 65 48 30613.8 0 0
94 65 48 30618 0 0
96 70 48 30622.2 0 0
94 70 48 30626.4 0 0
93 67 48 30630.6 0 0
94 65 48 30634.8 0 0
95 68 48 30639 0 0
95 66 48 30643.2 0 0
96 65 48 30647.5 0 0
97 72 48 30651.7 0 0
97 67 48 30655.9 0 0
93 69 48 30660.2 0 0
94 68 48 30664.4 0 0
91 69 48 30668.6 0 0
95 71 48 30672.8 0 0
94 68 48 30677 0 0
95 69 48 30681.2 0 0
96 66 48 30685.5 0 0
97 69 48 30689.7 0 0
99 71 48 30693.9 0 0
95 72 48 30698.1 0 0
93 71 48 30702.3 0 0
99 70 48 30706.5 0 0
93 68 48 30710.8 0 0
97 71 48 30715 0 0
95 68 48 30719.2 0 0
94 73 48 30723.4 0 0
98 73 48 30727.6 0 0
95 68 48 30731.8 0 0
93 73 48 30736.1 0 0
96 68 48 30740.3 0 0
94 72 48 30744.5 0 0
91 71 48 30748.8 0 0
96 68 48 30753 0 0
95 72 48 30757.2 0 0
96 74 48 30761.4 0 0
97 69 49 30765.6 0 0
93 73 48 30769.9 0 0
97 71 48 30774.1 0 0
95 71 48 30778.3 0 0
97 75 48 30782.5 0 0
96 68 48 30786.7 0 0
100 71 48 30790.9 0 0
94 72 48 30795.1 0 0
96 70 48 30799.4 0 0
94 72 48 30803.6 0 0
91 72 48 30807.8 0 0
92 70 48 30812 0 0
95 73 48 30816.3 0 0
97 70 48 30820.5 0 0
96 71 48 30824.7 0 0
98 73 48 30828.9 0 0
97 68 48 30833.1 0 0
97 73 48 30837.6 0 0
95 70 48 30841.8 0 0
95 70 48 30846 0 0
98 73 49 30850.2 0 0
93 72 48 30854.4 0 0
92 72 48 30858.6 0 0
97 72 48 30862.8 0 0
100 68 48 30867.1 0 0
94 72 48 30871.3 0 0
96 72 48 30875.5 0 0
95 70 49 30879.7 0 0
95 73 48 30883.9 0 0
96 72 48 30888.1 0 0
93 73 48 30892.3 0 0
94 71 48 30896.6 0 0
95 70 48 30900.8 0 0
92 73 48 30905 0 0
95 67 48 30909.2 0 0
95 71 48 30913.4 0 0
92 71 49 30917.6 0 0
96 71 48 30921.8 0 0
91 71 48 30926.1 0 0
95 70 48 30930.3 0 0
97 71 49 30934.5 0 0
94 68 49 30938.7 0 0
94 69 48 30942.9 0 0
94 68 49 30947.1 0 0
96 67 49 30951.3 0 0
92 70 49 30955.5 0 0
94 68 49 30959.7 0 0
96 70 49 30964 0 0
95 66 49 30968.2 0 0
96 68 48 30972.4 0 0
94 70 48 30976.6 0 0
95 66 49 30980.8 0 0
96 68 49 30985 0 0
94 69 49 30989.2 0 0
93 68 49 30993.5 0 0
97 71 49 30997.7 0 0
96 70 49 31001.9 0 0
97 70 48 31006.1 0 0
97 75 49 31010.3 0 0
94 68 49 31014.5 0 0
93 69 49 31018.7 0 0
97 74 49 31022.9 0 0
96 66 49 31027.2 0 0
97 71 49 31031.4 0 0
99 70 48 31035.6 0 0
93 75 49 31039.8 0 0
94 69 49 31044 0 0
97 75 49 31048.2 0 0
93 70 49 31052.4 0 0
95 70 49 31056.7 0 0
96 73 49 31060.9 0 0
95 72 49 31065.1 0 0
92 72 49 31069.3 0 0
93 72 49 31073.5 0 0
95 74 49 31077.7 0 0
91 64 49 31081.9 0 0
94 67 49 31086.1 0 0
92 68 49 31090.4 0 0
97 69 49 31094.6 0 0
97 69 49 31098.8 0 0
93 70 49 31103 0 0
95 68 49 31107.2 0 0
95 68 49 31111.4 0 0
98 68 49 31115.6 0 0
92 67 49 31119.8 0 0
95 69 49 31124 0 0
96 65 49 31128.2 0 0
95 68 49 31132.5 0 0
92 69 49 31136.7 0 0
97 66 49 31140.9 0 0
92 69 49 31145.1 0 0
93 70 49 31149.3 0 0
94 69 49 31153.5 0 0
96 70 50 31157.8 0 0
94 72 49 31162 0 0
97 69 49 31166.2 0 0
93 69 50 31170.4 0 0
93 71 49 31174.6 0 0
96 72 49 31178.8 0 0
93 75 50 31183.1 0 0
103 82 50 31187.3 0 0
108 97 50 31191.7 0 0
107 108 50 31195.9 0 0
105 117 50 31200.1 0 0
106 128 50 31204.3 0 0
102 134 50 31208.5 0 0
102 140 50 31212.8 0 0
100 150 49 31217 0 0
86 164 49 31221.2 0 0
67 181 49 31225.4 0 0
60 192 49 31229.6 0 0
57 192 49 31233.8 0 0
46 201 50 31238 0 0
38 208 49 31242.3 0 0
29 214 49 31246.5 0 0
35 209 49 31250.7 0 0
36 207 49 31254.9 0 0
45 202 50 31259.1 0 0
49 202 49 31263.3 0 0
37 207 50 31267.5 0 0
50 198 50 31271.7 0 0
32 211 49 31276 0 0
38 208 50 31280.2 0 0
32 211 50 31284.4 0 0
36 210 49 31288.6 0 0
46 202 50 31295.6 0 0
32 210 50 31299.8 0 0
33 210 50 31304 0 0
45 202 50 31308.2 0 0
33 209 50 31312.5 0 0
35 207 50 31316.7 0 0
37 208 50 31320.9 0 0
47 202 50 31325.1 0 0
36 208 50 31329.3 0 0
36 210 49 31333.5 0 0
38 207 50 31337.7 0 0
44 203 50 31342 0 0
41 207 50 31346.2 0 0
37 208 50 31350.4 0 0
42 205 50 31354.6 0 0
35 209 50 31358.8 0 0
32 210 50 31363 0 0
39 206 50 31367.2 0 0
38 208 50 31371.4 0 0
51 201 50 31375.7 0 0
37 208 50 31379.9 0 0
34 209 50 31384.1 0 0
37 209 50 31388.3 0 0
37 207 50 31392.5 0 0
50 202 50 31396.7 0 0
50 202 50 31400.9 0 0
46 202 50 31407.2 0 0
45 202 50 31411.4 0 0
45 202 50 31415.6 0 0
49 200 50 31419.8 0 0
48 202 50 31424.1 0 0
31 212 50 31428.3 0 0
51 200 50 31432.5 0 0
42 204 50 31436.7 0 0
44 202 50 31441.3 0 0
44 203 50 31445.5 0 0
45 202 50 31449.7 0 0
50 200 50 31454 0 0
45 203 50 31458.2 0 0
52 198 50 31462.5 0 0
44 204 50 31466.7 0 0
45 203 50 31470.9 0 0
53 197 50 31475.1 0 0
45 203 50 31479.3 0 0
46 201 50 31483.5 0 0
46 202 50 31487.8 0 0
47 201 50 31492 0 0
48 202 50 31496.2 0 0
43 205 50 31500.4 0 0
50 201 50 31504.6 0 0
47 202 50 31508.8 0 0
46 201 50 31513 0 0
50 201 50 31517.2 0 0
46 202 50 31521.4 0 0
46 203 50 31525.7 0 0
44 203 50 31529.9 0 0
45 202 50 31534.1 0 0
47 202 50 31538.3 0 0
48 202 50 31542.5 0 0
44 201 50 31546.7 0 0
48 201 50 31550.9 0 0
45 201 50 31555.2 0 0
44 203 50 31559.4 0 0
48 200 50 31563.6 0 0
41 208 50 31567.8 0 0
43 204 50 31572 0 0
52 199 50 31576.2 0 0
42 204 50 31580.4 0 0
52 198 50 31584.7 0 0
49 199 50 31588.9 0 0
48 201 50 31593.1 0 0
51 200 50 31597.3 0 0
53 198 50 31601.5 0 0
52 200 50 31605.7 0 0
42 204 50 31609.9 0 0
49 198 50 31614.1 0 0
68 185 50 31618.4 0 0
67 187 50 31622.6 0 0
77 180 50 31626.8 0 0
78 177 50 31631 0 0
92 164 50 31635.2 0 0
99 158 50 31639.4 0 0
94 160 50 31643.6 0 0
89 162 49 31647.8 0 0
90 163 50 31652.1 0 0
87 166 50 31656.3 0 0
91 161 50 31660.5 0 0
90 162 49 31664.7 0 0
90 162 49 31668.9 0 0
94 162 50 31673.1 0 0
96 160 49 31677.3 0 0
91 160 49 31681.6 0 0
95 159 49 31685.8 0 0
90 162 49 31690 0 0
89 163 49 31694.2 0 0
97 159 49 31698.4 0 0
93 162 49 31702.6 0 0
96 160 49 31706.9 0 0
91 162 49 31711.1 0 0
91 161 49 31715.7 0 0
97 158 49 31719.9 0 0
91 163 49 31724.1 0 0
91 159 49 31728.3 0 0
92 160 49 31732.5 0 0
94 161 49 31736.7 0 0
95 160 49 31741 0 0
91 166 49 31745.2 0 0
89 166 49 31749.4 0 0
89 166 49 31753.6 0 0
89 166 49 31757.8 0 0
88 166 49 31762 0 0
89 166 49 31766.2 0 0
87 167 49 31770.5 0 0
89 166 49 31774.7 0 0
87 168 49 31778.9 0 0
91 166 49 31783.1 0 0
91 165 49 31787.3 0 0
87 168 49 31791.5 0 0
90 166 49 31795.7 0 0
85 168 49 31800 0 0
89 168 49 31804.2 0 0
91 159 49 31808.4 0 0
95 154 49 31812.6 0 0
100 150 49 31816.8 0 0
107 140 49 31821 0 0
109 135 49 31825.2 0 0
106 129 49 31829.5 0 0
108 125 49 31833.7 0 0
109 109 50 31837.9 0 0
108 101 50 31842.1 0 0
105 89 50 31846.3 0 0
101 79 49 31850.5 0 0
101 79 49 31854.7 0 0
100 74 49 31858.9 0 0
99 74 49 31863.2 0 0
101 79 50 31867.4 0 0
98 75 49 31871.6 0 0
102 79 50 31875.8 0 0
97 75 49 31880 0 0
99 75 50 31884.2 0 0
99 75 49 31888.4 0 0
99 72 49 31892.6 0 0
97 72 49 31896.8 0 0
93 72 49 31901.1 0 0
104 79 50 31905.3 0 0
96 72 50 31909.5 0 0
97 77 49 31913.7 0 0
99 76 50 31917.9 0 0
99 78 49 31922.1 0 0
96 77 50 31926.3 0 0
102 73 49 31930.5 0 0
99 74 49 31934.8 0 0
97 74 49 31939 0 0
96 77 49 31943.2 0 0
102 78 50 31947.4 0 0
96 73 50 31951.6 0 0
98 74 49 31955.8 0 0
95 78 49 31960 0 0
101 74 49 31964.3 0 0
98 75 49 31968.5 0 0
98 76 49 31972.7 0 0
102 72 49 31976.9 0 0
102 76 49 31981.1 0 0
97 76 50 31985.4 0 0
105 75 50 31989.6 0 0
99 75 50 31993.8 0 0
96 74 49 31998 0 0
101 76 50 32002.3 0 0
99 74 49 32006.5 0 0
97 75 50 32010.7 0 0
102 75 50 32014.9 0 0
95 74 49 32019.1 0 0
100 76 49 32023.3 0 0
97 72 50 32027.6 0 0
99 74 50 32031.8 0 0
98 77 50 32036 0 0
100 73 49 32040.2 0 0
98 75 50 32044.4 0 0
99 74 50 32048.6 0 0
99 69 50 32052.8 0 0
98 74 50 32057 0 0
97 74 50 32061.3 0 0
96 72 50 32065.5 0 0
98 74 50 32069.7 0 0
98 69 50 32073.9 0 0
98 73 50 32078.1 0 0
98 74 50 32082.3 0 0
98 71 50 32086.5 0 0
102 73 50 32090.8 0 0
97 69 50 32095 0 0
100 74 50 32099.2 0 0
99 76 50 32103.4 0 0
97 69 50 32107.6 0 0
97 74 50 32111.8 0 0
103 74 50 32116.1 0 0
97 75 50 32120.3 0 0
102 75 50 32124.5 0 0
98 73 50 32128.7 0 0
98 75 50 32132.9 0 0
100 73 50 32137.1 0 0
100 73 0 32141.4 0 0
98 74 50 32145.6 0 0
95 71 50 32149.8 0 0
93 69 50 32154 0 0
94 63 50 32158.2 0 0
94 71 50 32162.5 0 0
93 71 50 32166.7 0 0
97 70 50 32170.9 0 0
97 70 50 32175.1 0 0
96 71 50 32179.3 0 0
99 71 50 32183.5 0 0
92 69 50 32187.7 0 0
96 73 50 32191.9 0 0
99 73 50 32196.1 0 0
93 70 50 32200.3 0 0
96 69 50 32204.5 0 0
96 69 0 32208.8 0 0
99 71 50 32213 0 0
96 72 50 32217.2 0 0
98 71 50 32221.4 0 0
99 72 50 32225.6 0 0
101 71 50 32229.8 0 0
97 72 50 32234 0 0
94 72 50 32238.2 0 0
98 71 50 32242.5 0 0
96 71 50 32246.7 0 0
96 71 0 32250.9 0 0
94 73 50 32255.1 0 0
97 70 50 32259.3 0 0
94 67 50 32263.5 0 0
95 72 50 32267.7 0 0
94 65 50 32272 0 0
98 73 50 32276.2 0 0
96 67 50 32280.4 0 0
96 67 50 32284.6 0 0
100 73 50 32288.8 0 0
96 67 50 32293 0 0
96 72 50 32297.2 0 0
97 70 50 32301.5 0 0
93 70 50 32305.7 0 0
98 72 50 32309.9 0 0
96 67 50 32314.1 0 0
99 70 50 32318.3 0 0
95 67 50 32322.5 0 0
92 67 50 32326.7 0 0
93 71 50 32331 0 0
94 67 50 32335.2 0 0
96 68 50 32339.4 0 0
95 69 50 32343.6 0 0
93 65 50 32347.8 0 0
96 67 50 32352 0 0
93 66 50 32356.2 0 0
94 64 50 32360.5 0 0
93 64 50 32364.7 0 0
92 64 50 32368.9 0 0
95 65 50 32373.1 0 0
91 66 50 32377.4 0 0
96 65 50 32381.6 0 0
92 66 50 32385.8 0 0
94 64 50 32390 0 0
94 67 50 32394.2 0 0
94 65 50 32398.4 0 0
94 64 50 32402.6 0 0
94 67 50 32406.8 0 0
96 65 51 32411 0 0
95 68 50 32415.3 0 0
94 66 50 32419.5 0 0
95 65 51 32423.7 0 0
97 71 50 32427.9 0 0
97 68 50 32432.2 0 0
100 77 50 32436.4 0 0
98 91 50 32440.6 0 0
92 114 50 32444.8 0 0
73 141 49 32449 0 0
43 170 48 32453.2 0 0
14 194 47 32457.5 0 0
14 194 0 32461.7 0 0
14 194 0 32465.9 0 0
14 194 0 32470.1 0 0
14 194 0 32474.3 0 0
14 194 0 32478.5 0 0
14 194 0 32482.7 0 0
9 196 45 32486.9 0 0
28 183 46 32491.1 0 0
28 183 0 32495.4 0 0
62 155 48 32499.6 0 0
73 143 49 32503.8 0 0
82 130 49 32508 0 0
89 120 50 32512.2 0 0
93 105 50 32516.4 0 0
97 96 50 32520.6 0 0
97 88 51 32524.9 0 0
100 71 50 32529.1 0 0
97 71 51 32533.3 0 0
93 61 51 32537.5 0 0
96 58 51 32541.7 0 0
91 63 51 32545.9 0 0
94 59 51 32550.1 0 0
93 63 51 32554.3 0 0
92 60 51 32558.6 0 0
96 58 51 32562.8 0 0
90 62 51 32567 0 0
93 57 51 32571.2 0 0
95 60 51 32575.4 0 0
93 58 51 32579.6 0 0
93 55 51 32583.8 0 0
93 59 51 32588.1 0 0
95 60 51 32592.3 0 0
95 57 51 32596.5 0 0
92 60 51 32600.7 0 0
92 56 51 32604.9 0 0
96 56 51 32609.1 0 0
92 60 51 32613.4 0 0
93 55 51 32617.6 0 0
97 57 51 32622.1 0 0
92 56 51 32626.3 0 0
93 54 51 32630.5 0 0
94 59 51 32634.7 0 0
92 59 51 32638.9 0 0
95 58 51 32643.2 0 0
92 58 51 32647.4 0 0
94 57 51 32651.6 0 0
95 60 51 32655.8 0 0
92 58 51 32660 0 0
93 57 51 32664.2 0 0
94 59 51 32668.5 0 0
91 59 51 32672.7 0 0
96 61 51 32676.9 0 0
93 57 51 32681.1 0 0
96 59 51 32685.3 0 0
90 56 51 32689.6 0 0
95 59 51 32693.8 0 0
93 59 51 32698 0 0
92 57 51 32702.2 0 0
95 60 51 32706.4 0 0
93 60 51 32710.6 0 0
91 59 51 32714.8 0 0
93 59 51 32719 0 0
92 57 51 32723.2 0 0
93 58 51 32727.5 0 0
94 61 51 32731.7 0 0
94 57 51 32736 0 0
96 61 51 32740.2 0 0
90 58 51 32744.4 0 0
94 59 51 32748.6 0 0
92 61 51 32752.8 0 0
96 59 51 32757 0 0
93 63 51 32761.2 0 0
92 59 51 32765.4 0 0
94 59 51 32769.7 0 0
92 63 51 32773.9 0 0
95 60 51 32778.1 0 0
94 61 51 32782.3 0 0
94 59 51 32786.5 0 0
95 62 51 32790.7 0 0
93 61 51 32794.9 0 0
93 61 0 32799.2 0 0
95 61 51 32803.4 0 0
93 63 51 32807.6 0 0
93 59 51 32811.8 0 0
95 61 51 32816 0 0
93 60 51 32820.2 0 0
94 61 51 32824.4 0 0
95 62 51 32828.6 0 0
91 60 51 32832.8 0 0
98 60 51 32837.1 0 0
95 59 51 32841.3 0 0
97 62 51 32845.5 0 0
95 60 51 32849.7 0 0
91 58 51 32853.9 0 0
95 61 51 32858.2 0 0
94 59 51 32862.4 0 0
94 61 51 32866.6 0 0
95 59 51 32870.8 0 0
97 59 51 32875.1 0 0
92 63 51 32879.3 0 0
95 59 51 32883.5 0 0
94 62 51 32887.7 0 0
93 59 51 32891.9 0 0
93 58 51 32896.1 0 0
93 58 0 32900.6 0 0
93 59 51 32904.9 0 0
97 61 51 32909.1 0 0
92 61 51 32913.3 0 0
94 57 51 32917.5 0 0
96 61 51 32921.7 0 0
94 59 51 32925.9 0 0
94 59 0 32930.1 0 0
95 61 51 32934.4 0 0
94 58 51 32938.7 0 0
96 62 51 32942.9 0 0
92 59 51 32947.1 0 0
94 59 51 32951.3 0 0
95 60 51 32955.5 0 0
93 59 51 32959.7 0 0
96 62 51 32964 0 0
92 60 51 32968.2 0 0
93 59 51 32972.4 0 0
92 60 51 32976.6 0 0
93 59 51 32980.8 0 0
93 61 51 32985 0 0
93 59 51 32989.2 0 0
95 60 51 32993.5 0 0
93 60 51 32997.7 0 0
93 60 0 33001.9 0 0
95 60 51 33006.1 0 0
96 60 51 33010.3 0 0
95 58 51 33014.5 0 0
95 62 51 33018.7 0 0
93 59 51 33022.9 0 0
95 58 51 33027.2 0 0
93 60 51 33031.4 0 0
93 59 51 33035.6 0 0
