128 130 41 1009.62 0 0
128 130 41 1013.83 0 0
129 128 41 1018.05 0 0
127 129 40 1022.31 0 0
125 128 40 1026.52 0 0
129 131 40 1030.72 0 0
129 128 41 1034.93 0 0
125 130 40 1039.13 0 0
126 128 40 1043.35 0 0
127 129 41 1047.56 0 0
126 124 40 1051.8 0 0
125 128 40 1056.02 0 0
125 130 41 1060.26 0 0
127 129 40 1064.46 0 0
129 129 40 1068.66 0 0
127 131 40 1072.86 0 0
128 129 40 1077.08 0 0
128 128 40 1081.31 0 0
129 130 40 1085.55 0 0
129 132 40 1089.77 0 0
127 127 40 1093.97 0 0
128 129 40 1098.18 0 0
130 125 40 1102.39 0 0
129 126 40 1106.61 0 0
127 124 40 1110.82 0 0
127 124 0 1115.04 0 0
127 124 40 1119.25 0 0
127 125 40 1123.5 0 0
128 127 39 1127.7 0 0
126 127 39 1131.92 0 0
126 127 0 1136.13 0 0
129 127 40 1140.35 0 0
127 127 40 1144.6 0 0
127 130 39 1148.83 0 0
125 129 40 1153.05 0 0
127 125 40 1157.25 0 0
127 126 40 1161.46 0 0
128 126 40 1165.66 0 0
130 128 40 1169.87 0 0
127 124 40 1174.09 0 0
127 126 40 1178.33 0 0
125 130 40 1182.54 0 0
126 131 40 1189.28 0 0
130 128 40 1193.51 0 0
126 131 40 1197.75 0 0
129 128 40 1201.97 0 0
129 129 40 1206.2 0 0
129 130 40 1210.42 0 0
128 130 40 1214.64 0 0
128 125 40 1218.85 0 0
129 126 40 1223.05 0 0
129 123 39 1227.25 0 0
126 127 40 1231.47 0 0
131 125 40 1235.68 0 0
128 126 40 1239.93 0 0
132 126 40 1244.14 0 0
129 125 40 1248.35 0 0
130 124 40 1252.55 0 0
129 132 39 1256.75 0 0
131 126 39 1260.95 0 0
128 125 40 1265.17 0 0
128 125 40 1269.42 0 0
129 124 39 1273.64 0 0
129 129 40 1277.85 0 0
129 126 40 1282.06 0 0
131 126 39 1286.26 0 0
128 116 39 1290.46 0 0
127 117 39 1294.68 0 0
128 108 39 1298.9 0 0
126 109 39 1305.69 0 0
127 106 39 1309.92 0 0
128 102 39 1314.15 0 0
130 105 38 1318.4 0 0
128 109 39 1322.63 0 0
127 105 39 1326.9 0 0
128 109 39 1331.12 0 0
128 106 39 1335.35 0 0
127 108 38 1339.56 0 0
131 106 38 1343.76 0 0
127 106 38 1347.97 0 0
129 107 38 1352.19 0 0
128 104 38 1356.49 0 0
129 107 37 1360.78 0 0
129 105 38 1365.19 0 0
126 105 37 1369.39 0 0
126 105 37 1373.6 0 0
124 101 36 1377.81 0 0
123 96 37 1382.02 0 0
127 97 37 1386.23 0 0
126 89 36 1393.31 0 0
122 88 36 1397.57 0 0
125 86 36 1401.8 0 0
126 86 35 1406.01 0 0
125 88 35 1410.21 0 0
124 88 36 1414.41 0 0
126 86 35 1418.63 0 0
124 89 35 1422.85 0 0
124 89 35 1427.09 0 0
128 83 34 1431.3 0 0
127 84 34 1435.51 0 0
125 90 34 1439.72 0 0
123 87 34 1443.92 0 0
124 84 33 1448.12 0 0
121 89 34 1452.33 0 0
125 86 33 1456.71 0 0
125 90 33 1460.93 0 0
128 86 33 1465.15 0 0
127 86 31 1469.36 0 0
127 86 0 1476.49 0 0
124 83 32 1480.7 0 0
126 85 32 1484.91 0 0
123 90 32 1489.16 0 0
124 97 31 1493.38 0 0
124 92 32 1497.6 0 0
121 81 31 1501.81 0 0
123 86 31 1506.02 0 0
127 87 31 1510.22 0 0
119 92 30 1514.44 0 0
119 92 0 1518.67 0 0
119 92 0 1522.89 0 0
119 92 0 1527.1 0 0
119 92 0 1531.31 0 0
119 92 0 1535.51 0 0
119 92 0 1539.71 0 0
119 92 0 1543.92 0 0
119 92 0 1548.14 0 0
119 92 0 1552.39 0 0
119 92 0 1556.6 0 0
119 92 0 1560.81 0 0
119 92 0 1565.01 0 0
119 92 0 1571.92 0 0
119 92 0 1576.14 0 0
119 92 0 1580.36 0 0
119 92 0 1584.59 0 0
119 92 0 1588.8 0 0
119 92 0 1593.01 0 0
119 92 0 1597.23 0 0
119 92 0 1601.43 0 0
119 92 0 1605.68 0 0
119 92 0 1609.9 0 0
119 92 0 1614.13 0 0
119 92 0 1618.34 0 0
119 92 0 1622.55 0 0
119 92 0 1626.75 0 0
119 92 0 1630.96 0 0
119 92 0 1635.16 0 0
119 92 0 1639.38 0 0
119 92 0 1643.62 0 0
119 92 0 1647.85 0 0
119 92 0 1652.07 0 0
119 92 0 1656.28 0 0
119 92 0 1660.48 0 0
119 92 0 1664.68 0 0
119 92 0 1668.89 0 0
119 92 0 1673.12 0 0
119 92 0 1677.35 0 0
119 92 0 1681.56 0 0
119 92 0 1685.78 0 0
119 92 0 1692.8 0 0
119 92 0 1697.03 0 0
119 92 0 1701.24 0 0
119 92 0 1705.46 0 0
119 92 0 1709.69 0 0
119 92 0 1713.9 0 0
136 150 27 1910.4 0 0
136 150 0 1914.6 0 0
136 203 0 2259.02 0 0
140 198 0 2267.46 0 0
140 198 0 2275.71 0 0
140 198 0 2283.95 0 0
137 186 30 2291.84 0 0
138 193 29 2296.08 0 0
138 193 0 2300.69 0 0
139 188 30 2304.91 0 0
135 196 30 2309.13 0 0
140 189 30 2313.33 0 0
140 189 0 2317.53 0 0
140 189 0 2321.73 0 0
136 193 29 2325.96 0 0
142 195 30 2330.17 0 0
141 178 31 2334.4 0 0
134 204 30 2338.63 0 0
134 170 32 2342.84 0 0
132 181 32 2347.06 0 0
135 182 32 2351.26 0 0
137 190 32 2355.47 0 0
136 178 31 2359.68 0 0
136 178 0 2363.92 0 0
136 188 32 2368.18 0 0
133 173 32 2372.41 0 0
133 173 0 2376.61 0 0
134 180 32 2380.82 0 0
137 182 32 2385.02 0 0
130 177 32 2389.27 0 0
130 164 33 2393.48 0 0
131 156 33 2397.71 0 0
123 153 35 2401.93 0 0
124 152 34 2406.14 0 0
121 141 34 2410.35 0 0
120 138 34 2414.56 0 0
126 128 34 2418.78 0 0
125 135 34 2422.99 0 0
124 139 34 2430.01 0 0
125 151 34 2434.23 0 0
125 141 34 2438.44 0 0
123 140 34 2442.64 0 0
124 142 34 2446.85 0 0
123 141 34 2451.08 0 0
122 142 34 2455.3 0 0
125 139 35 2459.61 0 0
125 146 34 2463.82 0 0
126 140 34 2468.05 0 0
123 144 34 2472.25 0 0
124 139 34 2476.45 0 0
125 148 35 2480.66 0 0
122 139 35 2484.87 0 0
127 147 35 2489.1 0 0
123 143 34 2493.32 0 0
125 143 35 2497.53 0 0
123 143 35 2501.75 0 0
123 142 35 2505.96 0 0
122 146 34 2510.16 0 0
122 141 35 2514.39 0 0
125 143 35 2518.61 0 0
126 147 34 2522.83 0 0
125 150 34 2529.7 0 0
126 141 35 2533.92 0 0
124 143 34 2538.13 0 0
131 174 34 2542.33 0 0
131 174 0 2546.55 0 0
131 174 0 2550.81 0 0
131 174 0 2555.04 0 0
131 174 0 2559.25 0 0
131 174 0 2563.47 0 0
131 174 0 2567.67 0 0
131 174 0 2571.87 0 0
131 174 0 2576.09 0 0
131 174 0 2580.31 0 0
131 174 0 2587.45 0 0
131 174 0 2591.66 0 0
131 174 0 2595.86 0 0
131 174 0 2600.07 0 0
131 174 0 2604.4 0 0
131 174 0 2608.61 0 0
131 174 0 2612.86 0 0
131 174 0 2617.08 0 0
131 174 0 2621.29 0 0
131 174 0 2625.5 0 0
131 174 0 2629.71 0 0
131 174 0 2633.91 0 0
131 174 0 2638.13 0 0
131 174 0 2642.35 0 0
131 174 0 2646.58 0 0
131 174 0 2650.78 0 0
131 174 0 2655.01 0 0
131 174 0 2659.21 0 0
131 174 0 2663.41 0 0
131 174 0 2667.63 0 0
131 174 0 2671.85 0 0
131 174 0 2676.1 0 0
131 174 0 2680.34 0 0
131 174 0 2684.55 0 0
131 174 0 2688.75 0 0
131 174 0 2692.95 0 0
131 174 0 2697.15 0 0
102 44 32 2701.37 0 0
102 44 0 2705.59 0 0
98 73 34 2709.81 0 0
100 54 34 2714.02 0 0
96 61 33 2718.25 0 0
97 62 33 2722.46 0 0
96 63 33 2726.66 0 0
101 61 34 2730.87 0 0
98 54 33 2735.08 0 0
98 54 0 2742.21 0 0
97 59 35 2746.44 0 0
98 65 34 2750.64 0 0
97 61 34 2754.84 0 0
98 59 34 2759.04 0 0
99 54 35 2763.27 0 0
96 62 34 2767.48 0 0
95 62 35 2771.72 0 0
98 57 35 2775.93 0 0
95 55 35 2780.16 0 0
96 58 36 2784.37 0 0
98 59 35 2788.58 0 0
97 59 34 2792.78 0 0
94 66 35 2796.99 0 0
97 69 35 2801.22 0 0
94 71 34 2805.44 0 0
94 71 0 2809.65 0 0
83 91 30 2813.85 0 0
83 91 0 2818.06 0 0
73 82 28 2822.28 0 0
69 92 30 2826.49 0 0
69 92 0 2833.63 0 0
69 92 0 2837.85 0 0
69 92 0 2842.06 0 0
69 92 0 2846.27 0 0
69 92 0 2850.48 0 0
69 92 0 2854.68 0 0
90 78 30 2858.9 0 0
90 78 0 2863.14 0 0
90 78 0 2867.38 0 0
90 78 0 2871.59 0 0
90 78 0 2875.8 0 0
90 78 0 2880.01 0 0
90 78 0 2884.21 0 0
90 78 0 2888.42 0 0
81 53 34 2892.64 0 0
82 55 33 2896.92 0 0
79 66 33 2901.13 0 0
79 66 0 2905.34 0 0
79 67 33 2909.54 0 0
79 67 0 2913.74 0 0
81 53 33 2917.95 0 0
80 53 34 2922.18 0 0
81 64 33 2926.41 0 0
75 56 33 2930.64 0 0
72 63 0 2934.85 0 0
72 63 0 2941.77 0 0
81 54 34 2948.02 0 0
79 50 34 2952.23 0 0
79 50 0 2958.73 0 0
79 50 0 2962.95 0 0
79 50 0 2967.16 0 0
84 51 34 2971.38 0 0
83 44 34 2975.58 0 0
82 47 35 2979.8 0 0
82 47 0 2984.02 0 0
82 47 0 2988.28 0 0
82 47 0 2992.49 0 0
82 47 0 2996.71 0 0
82 47 0 3000.93 0 0
82 47 0 3005.14 0 0
82 47 0 3009.34 0 0
82 47 0 3013.56 0 0
82 47 0 3017.78 0 0
82 47 0 3022.01 0 0
82 47 0 3026.27 0 0
82 47 0 3030.48 0 0
82 47 0 3034.68 0 0
81 55 33 3038.89 0 0
81 55 0 3045.92 0 0
81 55 0 3050.17 0 0
77 51 34 3054.39 0 0
77 51 0 3058.63 0 0
77 51 0 3062.83 0 0
77 51 0 3067.03 0 0
77 51 0 3071.23 0 0
84 46 34 3075.45 0 0
82 40 35 3079.67 0 0
82 40 0 3083.89 0 0
79 52 35 3088.11 0 0
81 41 35 3092.32 0 0
84 40 35 3096.53 0 0
84 40 0 3100.74 0 0
84 43 35 3104.95 0 0
82 42 35 3109.17 0 0
82 42 0 3113.43 0 0
82 46 36 3117.65 0 0
82 46 0 3121.87 0 0
82 42 35 3126.07 0 0
81 44 35 3130.28 0 0
81 44 0 3134.48 0 0
83 43 35 3138.71 0 0
81 43 36 3142.92 0 0
85 43 35 3147.23 0 0
80 46 35 3154.3 0 0
80 48 35 3158.51 0 0
83 36 34 3162.71 0 0
84 40 34 3166.92 0 0
84 40 0 3171.13 0 0
84 40 0 3175.39 0 0
83 47 33 3179.63 0 0
83 47 0 3183.84 0 0
82 43 34 3188.04 0 0
84 38 34 3192.24 0 0
83 45 34 3196.44 0 0
80 39 33 3200.66 0 0
79 47 33 3204.88 0 0
79 47 0 3209.1 0 0
79 47 0 3213.3 0 0
76 22 34 3217.52 0 0
76 22 0 3221.72 0 0
76 22 0 3225.93 0 0
80 17 34 3230.13 0 0
74 25 34 3234.35 0 0
74 25 0 3238.6 0 0
73 27 35 3242.85 0 0
73 27 0 3249.95 0 0
73 21 34 3254.15 0 0
73 21 0 3258.35 0 0
71 24 35 3262.59 0 0
72 21 36 3266.8 0 0
70 24 34 3271.04 0 0
70 24 0 3275.26 0 0
70 23 36 3279.48 0 0
71 27 35 3283.69 0 0
72 21 35 3287.9 0 0
72 28 34 3292.11 0 0
72 27 35 3296.33 0 0
72 23 35 3300.58 0 0
71 20 36 3304.8 0 0
71 21 35 3309.02 0 0
69 26 35 3313.23 0 0
70 24 35 3317.43 0 0
70 24 0 3321.64 0 0
73 23 35 3325.86 0 0
74 24 35 3330.07 0 0
69 26 35 3334.3 0 0
73 25 35 3338.5 0 0
73 20 35 3342.71 0 0
71 24 35 3346.92 0 0
70 34 34 3351.12 0 0
70 34 0 3355.34 0 0
70 25 35 3359.55 0 0
68 27 35 3366.36 0 0
72 24 35 3370.68 0 0
72 24 0 3374.88 0 0
76 28 34 3379.1 0 0
73 25 34 3383.3 0 0
72 32 34 3387.51 0 0
72 25 34 3391.73 0 0
71 26 34 3395.97 0 0
71 26 0 3400.18 0 0
75 15 33 3404.4 0 0
72 29 34 3408.6 0 0
72 29 0 3412.8 0 0
72 29 0 3417.02 0 0
68 21 34 3421.23 0 0
74 21 33 3425.48 0 0
71 23 33 3429.7 0 0
71 23 0 3433.91 0 0
69 27 34 3438.11 0 0
69 23 36 3442.33 0 0
70 19 35 3446.53 0 0
71 20 34 3450.75 0 0
71 23 35 3454.96 0 0
71 23 0 3459.18 0 0
71 22 35 3463.39 0 0
70 28 34 3467.61 0 0
71 22 34 3471.81 0 0
71 20 34 3476.01 0 0
70 23 34 3480.21 0 0
71 19 36 3484.42 0 0
71 19 36 3488.67 0 0
71 19 35 3494.92 0 0
70 20 35 3499.7 0 0
69 26 35 3503.95 0 0
69 24 34 3508.18 0 0
69 22 34 3512.4 0 0
73 22 35 3516.61 0 0
73 20 34 3520.84 0 0
71 24 35 3525.05 0 0
72 23 34 3529.28 0 0
72 23 0 3533.49 0 0
72 26 32 3537.69 0 0
72 26 0 3541.94 0 0
72 26 0 3546.17 0 0
72 35 32 3550.46 0 0
68 48 31 3554.69 0 0
68 48 0 3558.92 0 0
68 48 0 3563.14 0 0
68 48 0 3567.35 0 0
68 48 0 3571.55 0 0
68 48 0 3575.78 0 0
68 48 0 3579.99 0 0
68 48 0 3584.22 0 0
68 48 0 3588.67 0 0
68 48 0 3592.89 0 0
68 48 0 3597.12 0 0
68 48 0 3601.32 0 0
68 48 0 3605.54 0 0
68 48 0 3609.75 0 0
68 48 0 3613.98 0 0
68 48 0 3618.2 0 0
68 48 0 3622.41 0 0
73 27 33 3626.61 0 0
73 27 0 3630.82 0 0
73 27 0 3635.02 0 0
75 23 32 3639.24 0 0
75 23 0 3643.46 0 0
69 26 33 3647.69 0 0
67 28 32 3651.91 0 0
67 28 0 3656.12 0 0
67 28 0 3660.32 0 0
67 28 0 3664.52 0 0
67 28 0 3668.74 0 0
67 28 0 3672.95 0 0
67 28 0 3677.2 0 0
76 15 33 3681.4 0 0
76 15 0 3685.63 0 0
76 15 0 3689.84 0 0
76 15 0 3694.05 0 0
76 15 0 3698.25 0 0
76 15 0 3702.48 0 0
76 15 0 3706.73 0 0
76 15 0 3710.95 0 0
76 15 0 3715.17 0 0
76 15 0 3719.37 0 0
65 17 25 3723.58 0 0
65 17 0 3727.79 0 0
65 17 0 3732.01 0 0
57 59 26 3736.22 0 0
57 59 0 3740.45 0 0
64 81 23 3744.66 0 0
64 81 0 3748.87 0 0
64 81 0 3753.07 0 0
54 85 28 3757.28 0 0
54 85 0 3761.48 0 0
54 85 0 3765.69 0 0
54 85 0 3769.93 0 0
48 32 22 3774.17 0 0
67 44 28 3778.38 0 0
67 44 0 3782.58 0 0
78 40 24 3786.78 0 0
78 40 0 3790.99 0 0
78 40 0 3795.2 0 0
61 88 28 3799.44 0 0
61 88 0 3803.66 0 0
61 88 0 3807.88 0 0
61 88 0 3812.09 0 0
61 88 0 3816.29 0 0
61 88 0 3820.51 0 0
61 88 0 3824.73 0 0
61 88 0 3828.97 0 0
61 88 0 3833.2 0 0
61 88 0 3837.41 0 0
61 88 0 3841.63 0 0
61 88 0 3845.83 0 0
61 88 0 3850.04 0 0
73 27 32 3854.24 0 0
73 27 0 3858.47 0 0
73 27 0 3862.72 0 0
73 27 0 3866.96 0 0
67 45 31 3871.17 0 0
67 45 0 3875.39 0 0
67 45 0 3879.6 0 0
67 45 0 3883.8 0 0
67 45 0 3888.01 0 0
65 58 29 3909.08 0 0
65 58 0 3913.28 0 0
65 58 0 3917.49 0 0
65 74 24 3921.7 0 0
65 74 0 3925.94 0 0
65 74 0 3930.16 0 0
66 55 28 3934.37 0 0
80 9 28 3938.58 0 0
80 23 28 3942.77 0 0
80 23 0 3946.97 0 0
80 23 0 3951.18 0 0
71 54 26 3955.39 0 0
71 54 0 3959.72 0 0
69 63 24 3963.94 0 0
69 63 0 3968.15 0 0
69 63 0 3972.35 0 0
69 63 0 3976.55 0 0
69 63 0 3980.81 0 0
69 63 0 3985.02 0 0
69 63 0 3989.25 0 0
69 63 0 3993.46 0 0
69 63 0 3997.74 0 0
69 63 0 4001.96 0 0
69 63 0 4006.17 0 0
69 63 0 4010.37 0 0
69 63 0 4014.59 0 0
69 63 0 4018.82 0 0
69 63 0 4023.05 0 0
69 63 0 4027.26 0 0
69 63 0 4031.48 0 0
69 63 0 4035.68 0 0
69 63 0 4039.89 0 0
69 63 0 4044.1 0 0
69 63 0 4048.31 0 0
76 63 33 4052.54 0 0
68 76 34 4056.75 0 0
65 87 35 4060.96 0 0
65 94 35 4065.16 0 0
61 105 34 4069.36 0 0
63 105 34 4073.58 0 0
60 105 34 4077.8 0 0
64 97 34 4082.05 0 0
65 95 35 4086.27 0 0
63 96 35 4090.48 0 0
64 101 35 4094.68 0 0
67 100 34 4098.92 0 0
64 101 34 4103.15 0 0
67 98 35 4107.39 0 0
64 102 35 4111.63 0 0
66 101 35 4115.86 0 0
64 97 34 4120.07 0 0
63 99 34 4124.28 0 0
64 99 35 4128.48 0 0
67 102 35 4132.68 0 0
67 97 36 4136.89 0 0
65 104 36 4141.1 0 0
65 104 0 4145.34 0 0
64 100 35 4149.57 0 0
63 99 35 4153.79 0 0
64 99 35 4158.01 0 0
67 103 35 4162.21 0 0
66 104 35 4166.41 0 0
67 105 34 4170.62 0 0
62 100 35 4174.85 0 0
66 107 35 4179.08 0 0
64 98 35 4183.29 0 0
64 101 35 4187.49 0 0
65 104 35 4191.69 0 0
65 101 35 4195.9 0 0
67 99 35 4200.11 0 0
64 101 35 4204.32 0 0
64 103 35 4208.63 0 0
62 103 35 4212.84 0 0
66 101 35 4217.07 0 0
62 102 36 4221.27 0 0
66 105 35 4225.47 0 0
66 102 35 4229.68 0 0
63 102 36 4233.89 0 0
66 98 35 4238.13 0 0
65 102 36 4242.36 0 0
66 103 35 4246.57 0 0
65 101 36 4250.77 0 0
64 100 36 4254.98 0 0
63 107 36 4259.18 0 0
60 111 35 4263.4 0 0
54 119 35 4267.62 0 0
44 134 35 4271.85 0 0
36 150 35 4276.05 0 0
35 158 34 4280.27 0 0
34 164 35 4284.48 0 0
33 164 34 4288.68 0 0
35 165 35 4292.9 0 0
38 169 35 4297.11 0 0
40 166 35 4301.36 0 0
36 166 34 4305.58 0 0
33 163 35 4309.8 0 0
31 163 35 4314.01 0 0
35 162 35 4318.21 0 0
29 166 35 4322.44 0 0
28 163 35 4326.68 0 0
31 163 35 4330.89 0 0
29 164 35 4335.14 0 0
30 163 36 4339.36 0 0
30 163 35 4343.56 0 0
32 158 35 4347.78 0 0
30 160 35 4351.99 0 0
28 160 35 4356.21 0 0
27 162 35 4360.42 0 0
30 162 35 4364.65 0 0
34 162 36 4368.87 0 0
30 161 35 4373.09 0 0
32 160 36 4377.29 0 0
31 162 35 4381.49 0 0
29 164 35 4385.69 0 0
28 165 36 4389.9 0 0
31 159 35 4394.14 0 0
30 162 35 4398.37 0 0
29 163 35 4402.6 0 0
32 162 36 4406.8 0 0
31 163 35 4411.01 0 0
30 159 36 4415.21 0 0
31 160 36 4419.44 0 0
29 160 35 4423.65 0 0
30 160 35 4427.89 0 0
32 163 36 4432.1 0 0
33 163 36 4436.31 0 0
32 161 36 4440.51 0 0
33 160 35 4444.76 0 0
30 162 36 4448.96 0 0
32 163 35 4453.17 0 0
32 157 35 4457.41 0 0
31 163 36 4461.63 0 0
32 162 36 4465.86 0 0
33 159 35 4470.06 0 0
33 161 36 4474.28 0 0
34 157 36 4478.48 0 0
34 159 35 4482.71 0 0
33 161 36 4486.92 0 0
33 159 36 4491.14 0 0
33 161 36 4495.36 0 0
33 160 36 4499.58 0 0
30 163 36 4503.79 0 0
34 162 35 4507.99 0 0
36 162 36 4512.21 0 0
33 162 36 4516.42 0 0
32 161 36 4520.67 0 0
33 159 35 4524.88 0 0
33 159 36 4529.11 0 0
33 159 36 4533.32 0 0
36 159 35 4537.52 0 0
29 165 36 4541.72 0 0
35 161 35 4545.94 0 0
34 163 35 4550.19 0 0
29 166 35 4554.41 0 0
31 165 36 4558.63 0 0
35 158 36 4562.83 0 0
34 164 36 4567.03 0 0
38 174 36 4571.24 0 0
48 178 36 4575.45 0 0
55 191 36 4579.67 0 0
63 189 36 4583.9 0 0
70 203 37 4588.13 0 0
76 205 37 4592.43 0 0
73 211 37 4596.64 0 0
75 209 37 4600.84 0 0
70 198 38 4605.06 0 0
71 201 36 4609.28 0 0
73 201 37 4613.54 0 0
73 194 37 4617.76 0 0
70 199 37 4621.98 0 0
75 194 36 4626.2 0 0
75 195 37 4630.43 0 0
72 200 36 4634.63 0 0
75 200 36 4638.85 0 0
74 197 37 4643.06 0 0
74 198 37 4647.29 0 0
72 192 36 4651.5 0 0
74 197 37 4655.71 0 0
74 199 37 4659.93 0 0
72 196 37 4664.13 0 0
73 195 37 4668.34 0 0
76 203 36 4672.55 0 0
73 210 36 4676.78 0 0
77 202 37 4681 0 0
74 210 36 4685.23 0 0
74 202 36 4689.43 0 0
73 198 36 4693.63 0 0
75 210 37 4697.83 0 0
75 207 36 4702.05 0 0
76 203 37 4706.28 0 0
74 207 37 4710.51 0 0
71 211 36 4714.72 0 0
73 212 37 4718.93 0 0
75 212 37 4723.13 0 0
74 200 37 4727.35 0 0
77 198 37 4731.58 0 0
78 204 37 4735.81 0 0
76 203 37 4740.06 0 0
75 203 37 4744.27 0 0
77 200 36 4748.48 0 0
76 202 36 4752.69 0 0
78 210 36 4756.9 0 0
79 198 37 4761.1 0 0
75 203 37 4765.32 0 0
73 199 37 4769.56 0 0
78 201 36 4773.79 0 0
77 201 37 4778 0 0
79 205 37 4782.21 0 0
75 196 36 4786.41 0 0
77 189 37 4790.61 0 0
77 189 0 4794.83 0 0
86 198 37 4799.04 0 0
82 195 38 4803.27 0 0
82 191 37 4807.5 0 0
81 202 37 4811.71 0 0
79 206 37 4815.91 0 0
82 193 37 4820.11 0 0
81 197 37 4824.31 0 0
79 195 37 4828.52 0 0
82 194 37 4832.76 0 0
84 197 38 4836.96 0 0
80 208 37 4841.55 0 0
82 208 37 4845.76 0 0
83 205 37 4852.37 0 0
82 208 36 4856.62 0 0
79 211 37 4860.83 0 0
79 212 36 4865.06 0 0
79 214 37 4869.28 0 0
78 211 36 4873.49 0 0
81 203 37 4877.7 0 0
82 204 37 4881.9 0 0
82 204 37 4886.1 0 0
84 201 37 4890.33 0 0
84 205 37 4894.57 0 0
84 200 36 4898.79 0 0
81 212 37 4903.02 0 0
78 206 36 4907.23 0 0
84 203 36 4911.43 0 0
84 209 37 4915.63 0 0
81 208 36 4919.84 0 0
84 202 37 4924.05 0 0
81 210 37 4928.41 0 0
83 209 37 4932.64 0 0
83 202 37 4936.84 0 0
80 209 37 4941.04 0 0
81 197 37 4945.26 0 0
82 207 36 4949.47 0 0
83 206 36 4956.55 0 0
82 209 37 4961.67 0 0
80 212 36 4965.89 0 0
82 201 36 4970.13 0 0
81 210 36 4974.34 0 0
81 213 36 4978.55 0 0
81 204 36 4982.78 0 0
85 206 36 4987.01 0 0
80 205 36 4994.05 0 0
84 207 36 4998.27 0 0
83 206 36 5002.48 0 0
84 205 36 5006.69 0 0
82 200 37 5010.89 0 0
81 213 36 5015.11 0 0
81 215 36 5019.36 0 0
85 205 36 5023.58 0 0
85 212 36 5027.82 0 0
84 208 36 5032.02 0 0
84 212 36 5036.23 0 0
83 197 37 5040.43 0 0
84 199 36 5044.65 0 0
82 205 36 5048.86 0 0
83 206 36 5053.08 0 0
81 204 36 5057.29 0 0
84 205 36 5061.5 0 0
81 208 36 5065.71 0 0
82 209 35 5069.91 0 0
82 198 36 5074.11 0 0
83 203 35 5078.32 0 0
82 209 35 5082.58 0 0
82 199 35 5086.8 0 0
82 212 36 5093.89 0 0
83 207 36 5098.11 0 0
80 202 36 5102.31 0 0
81 205 35 5106.53 0 0
84 206 35 5110.74 0 0
86 215 35 5114.98 0 0
83 216 35 5119.2 0 0
84 204 36 5123.41 0 0
81 203 35 5127.61 0 0
85 204 35 5131.81 0 0
86 206 35 5136.03 0 0
84 209 35 5140.24 0 0
84 210 35 5144.48 0 0
82 209 36 5148.7 0 0
83 209 36 5152.92 0 0
85 204 35 5157.12 0 0
84 203 35 5161.32 0 0
84 208 36 5165.52 0 0
84 213 36 5169.74 0 0
85 203 35 5173.97 0 0
80 213 35 5178.21 0 0
82 210 35 5182.45 0 0
83 207 36 5186.66 0 0
80 209 35 5193.8 0 0
86 205 35 5198.06 0 0
83 204 35 5202.28 0 0
85 203 35 5206.51 0 0
83 210 34 5210.74 0 0
83 205 35 5214.95 0 0
84 207 35 5219.16 0 0
83 202 35 5223.36 0 0
83 211 34 5227.56 0 0
85 204 35 5231.79 0 0
83 210 35 5236 0 0
84 205 35 5240.23 0 0
83 208 34 5244.44 0 0
82 208 35 5248.65 0 0
84 212 35 5252.86 0 0
83 205 35 5257.06 0 0
82 206 35 5261.26 0 0
80 216 35 5265.48 0 0
83 214 34 5269.72 0 0
88 208 35 5273.94 0 0
85 211 34 5278.19 0 0
84 210 35 5282.39 0 0
86 205 34 5289.45 0 0
82 213 35 5293.68 0 0
82 217 35 5297.92 0 0
86 205 35 5302.17 0 0
85 214 35 5306.37 0 0
85 212 35 5310.58 0 0
82 201 34 5314.78 0 0
82 220 35 5319.16 0 0
84 209 35 5323.38 0 0
85 204 35 5327.59 0 0
82 205 34 5331.83 0 0
83 208 35 5336.06 0 0
81 211 35 5340.27 0 0
85 204 34 5344.47 0 0
84 201 35 5348.68 0 0
84 202 35 5352.88 0 0
82 205 34 5357.1 0 0
82 201 35 5361.33 0 0
85 213 35 5365.55 0 0
82 213 35 5369.76 0 0
81 216 34 5373.99 0 0
83 207 34 5378.19 0 0
85 212 34 5385.1 0 0
85 215 35 5389.34 0 0
79 215 34 5393.59 0 0
82 213 35 5397.85 0 0
82 213 35 5402.06 0 0
82 212 35 5406.27 0 0
85 201 34 5410.47 0 0
89 189 34 5414.68 0 0
97 185 33 5418.89 0 0
105 174 34 5423.11 0 0
108 166 34 5427.34 0 0
117 166 35 5431.54 0 0
117 166 37 5435.76 0 0
119 137 37 5439.98 0 0
124 130 37 5444.19 0 0
121 119 36 5448.39 0 0
123 114 38 5452.61 0 0
124 104 37 5456.85 0 0
125 99 36 5461.07 0 0
123 97 36 5465.29 0 0
125 91 36 5469.5 0 0
123 91 36 5473.7 0 0
126 79 36 5477.9 0 0
126 79 0 5482.11 0 0
121 76 36 5486.32 0 0
121 84 36 5493.48 0 0
120 76 36 5501.75 0 0
122 78 35 5509.98 0 0
122 78 35 5518.47 0 0
122 80 36 5526.33 0 0
119 75 36 5530.56 0 0
120 77 36 5535.19 0 0
122 77 36 5539.39 0 0
122 79 36 5543.6 0 0
121 79 37 5547.82 0 0
120 79 36 5552.06 0 0
120 76 36 5556.27 0 0
121 79 36 5560.48 0 0
118 73 37 5564.69 0 0
122 74 36 5568.89 0 0
123 76 36 5573.09 0 0
122 75 36 5577.3 0 0
124 75 36 5581.56 0 0
122 78 36 5585.78 0 0
123 72 36 5589.99 0 0
123 72 0 5594.2 0 0
120 78 36 5598.41 0 0
118 74 36 5602.61 0 0
124 72 36 5606.85 0 0
119 76 36 5611.06 0 0
121 74 36 5615.28 0 0
121 74 0 5619.49 0 0
120 76 36 5623.7 0 0
121 76 37 5627.9 0 0
122 80 36 5632.1 0 0
124 79 36 5636.34 0 0
122 76 36 5640.57 0 0
122 76 37 5647.58 0 0
121 77 37 5651.82 0 0
124 77 36 5656.03 0 0
122 75 37 5660.23 0 0
122 71 36 5664.43 0 0
121 76 36 5668.64 0 0
123 79 36 5672.86 0 0
122 79 36 5677.09 0 0
122 74 37 5681.32 0 0
122 74 36 5685.54 0 0
123 76 36 5689.74 0 0
122 81 36 5693.98 0 0
119 72 36 5698.19 0 0
123 74 37 5702.41 0 0
125 77 36 5706.67 0 0
122 78 36 5710.89 0 0
124 73 36 5715.41 0 0
126 75 36 5719.62 0 0
124 74 36 5726.51 0 0
122 81 37 5730.74 0 0
125 73 36 5734.98 0 0
122 77 36 5739.22 0 0
123 74 36 5743.44 0 0
125 80 36 5747.66 0 0
123 75 36 5751.86 0 0
123 76 36 5756.06 0 0
123 75 36 5760.26 0 0
126 73 37 5764.48 0 0
123 70 36 5768.73 0 0
122 72 37 5772.95 0 0
123 80 36 5777.24 0 0
121 78 35 5781.46 0 0
122 75 35 5785.67 0 0
125 72 36 5789.87 0 0
124 74 36 5794.08 0 0
124 77 36 5798.29 0 0
123 74 36 5802.52 0 0
122 76 36 5806.73 0 0
123 76 36 5810.94 0 0
121 73 36 5815.14 0 0
122 75 36 5819.34 0 0
121 74 35 5823.55 0 0
123 71 35 5827.81 0 0
123 75 36 5834.9 0 0
124 73 36 5839.12 0 0
127 69 35 5843.32 0 0
131 70 36 5847.54 0 0
129 67 36 5851.74 0 0
129 71 35 5855.96 0 0
128 66 36 5860.17 0 0
130 72 36 5864.4 0 0
130 72 36 5868.61 0 0
131 73 35 5872.83 0 0
131 69 35 5877.03 0 0
127 70 36 5881.24 0 0
129 68 35 5885.44 0 0
129 71 36 5889.67 0 0
127 73 36 5893.91 0 0
129 68 35 5898.14 0 0
126 71 34 5902.36 0 0
127 69 35 5906.57 0 0
128 71 35 5910.78 0 0
128 70 34 5914.98 0 0
126 73 35 5919.19 0 0
129 79 34 5923.42 0 0
129 67 35 5927.7 0 0
127 76 35 5931.91 0 0
129 69 35 5938.8 0 0
128 73 35 5943.02 0 0
129 72 35 5947.28 0 0
129 70 35 5951.49 0 0
126 73 35 5955.71 0 0
134 71 35 5959.94 0 0
130 75 35 5964.17 0 0
129 74 34 5968.38 0 0
131 71 35 5972.59 0 0
126 71 35 5976.8 0 0
128 71 35 5981.01 0 0
128 70 35 5985.22 0 0
126 69 35 5989.45 0 0
124 67 35 5993.68 0 0
126 71 33 5997.9 0 0
129 67 35 6002.12 0 0
128 67 35 6006.32 0 0
128 73 35 6010.57 0 0
128 70 34 6014.79 0 0
129 72 34 6019.03 0 0
125 74 35 6023.3 0 0
131 71 35 6027.78 0 0
130 72 35 6031.99 0 0
127 70 34 6038.7 0 0
129 68 34 6042.95 0 0
129 69 34 6047.19 0 0
126 71 34 6051.43 0 0
128 68 34 6055.67 0 0
130 72 34 6059.88 0 0
127 73 34 6064.08 0 0
128 70 35 6068.28 0 0
129 68 34 6072.49 0 0
129 70 35 6076.71 0 0
130 74 34 6080.94 0 0
128 70 34 6085.16 0 0
125 71 35 6089.37 0 0
128 69 34 6093.59 0 0
128 70 33 6097.79 0 0
130 72 33 6101.99 0 0
128 68 33 6106.22 0 0
129 68 34 6110.44 0 0
129 74 33 6114.69 0 0
129 64 34 6118.91 0 0
129 69 34 6123.13 0 0
128 72 34 6127.33 0 0
126 69 34 6131.53 0 0
125 73 34 6135.73 0 0
129 69 34 6139.95 0 0
129 69 34 6144.21 0 0
131 65 33 6151.23 0 0
130 70 34 6155.44 0 0
127 66 34 6159.64 0 0
127 69 33 6163.84 0 0
128 71 34 6168.05 0 0
128 73 33 6172.27 0 0
130 72 33 6176.5 0 0
126 65 33 6180.71 0 0
129 71 33 6184.93 0 0
132 74 33 6189.14 0 0
126 67 33 6193.34 0 0
131 67 33 6197.55 0 0
127 71 33 6201.79 0 0
130 68 33 6206.01 0 0
129 70 33 6210.29 0 0
128 71 33 6214.5 0 0
128 67 33 6218.72 0 0
128 65 33 6222.92 0 0
128 65 34 6227.12 0 0
127 69 34 6231.34 0 0
128 63 34 6235.56 0 0
126 65 33 6239.79 0 0
129 72 33 6244 0 0
130 68 33 6248.22 0 0
129 69 33 6252.42 0 0
127 73 33 6256.62 0 0
128 65 34 6260.84 0 0
129 70 33 6265.05 0 0
129 68 34 6269.3 0 0
126 71 34 6273.52 0 0
126 62 33 6277.73 0 0
126 62 0 6281.94 0 0
128 67 34 6286.15 0 0
128 65 34 6290.35 0 0
127 76 33 6294.57 0 0
126 69 32 6298.79 0 0
126 67 33 6303.02 0 0
128 71 34 6307.23 0 0
128 72 33 6311.44 0 0
129 64 33 6315.64 0 0
127 66 33 6319.84 0 0
133 72 33 6324.05 0 0
131 73 34 6328.26 0 0
126 65 34 6332.49 0 0
132 70 33 6336.71 0 0
127 69 33 6341.24 0 0
127 74 34 6345.46 0 0
127 67 33 6349.66 0 0
126 66 33 6353.87 0 0
129 66 34 6358.08 0 0
128 68 33 6362.31 0 0
127 68 34 6366.54 0 0
128 72 34 6370.75 0 0
132 67 33 6374.95 0 0
127 68 34 6379.15 0 0
130 70 34 6383.36 0 0
128 62 33 6387.58 0 0
130 75 34 6391.8 0 0
130 65 33 6396.05 0 0
128 67 33 6400.26 0 0
129 69 34 6404.48 0 0
127 65 34 6408.68 0 0
129 65 34 6412.88 0 0
129 66 34 6417.08 0 0
129 73 34 6421.3 0 0
128 63 33 6425.53 0 0
130 67 34 6429.77 0 0
132 69 34 6433.99 0 0
130 67 34 6438.2 0 0
127 69 34 6442.4 0 0
127 71 33 6446.6 0 0
125 66 34 6450.81 0 0
129 67 33 6455.05 0 0
130 67 33 6459.29 0 0
127 69 35 6463.5 0 0
128 68 34 6467.71 0 0
128 68 34 6471.92 0 0
128 65 34 6476.12 0 0
128 71 34 6480.33 0 0
130 66 34 6484.54 0 0
127 67 35 6488.79 0 0
126 68 34 6493.02 0 0
127 61 35 6497.25 0 0
127 68 34 6501.47 0 0
124 66 34 6505.67 0 0
128 68 34 6509.87 0 0
127 68 34 6514.09 0 0
127 72 35 6518.31 0 0
129 66 36 6522.53 0 0
125 67 34 6526.78 0 0
129 71 34 6530.99 0 0
129 71 35 6535.2 0 0
125 65 35 6539.41 0 0
128 66 34 6543.62 0 0
125 65 35 6547.83 0 0
130 65 35 6552.06 0 0
126 67 35 6556.27 0 0
127 72 35 6560.5 0 0
127 63 35 6564.7 0 0
130 65 35 6568.9 0 0
128 70 35 6573.1 0 0
129 64 35 6580.14 0 0
128 67 35 6584.38 0 0
130 64 35 6588.58 0 0
126 67 35 6592.8 0 0
131 72 35 6597.01 0 0
129 71 35 6601.21 0 0
130 65 35 6605.42 0 0
127 67 35 6609.64 0 0
127 68 35 6613.89 0 0
127 69 36 6618.1 0 0
132 68 35 6622.32 0 0
129 63 35 6626.52 0 0
129 72 35 6630.72 0 0
129 70 35 6634.93 0 0
127 67 36 6639.15 0 0
126 70 35 6643.36 0 0
129 69 35 6647.59 0 0
126 69 36 6651.8 0 0
128 71 35 6656.01 0 0
126 68 36 6660.21 0 0
130 66 36 6664.41 0 0
128 66 36 6668.62 0 0
130 68 36 6672.84 0 0
125 69 36 6677.08 0 0
126 71 37 6681.31 0 0
129 68 36 6685.52 0 0
128 67 36 6692.28 0 0
127 65 36 6696.54 0 0
128 67 36 6700.75 0 0
128 71 36 6705.02 0 0
130 75 36 6709.25 0 0
128 68 37 6713.46 0 0
127 72 37 6717.67 0 0
129 73 37 6721.87 0 0
129 78 37 6726.08 0 0
128 71 37 6730.3 0 0
131 71 37 6734.52 0 0
126 78 37 6738.76 0 0
128 71 37 6742.97 0 0
129 75 37 6747.19 0 0
128 76 36 6751.39 0 0
129 72 37 6755.59 0 0
130 77 37 6759.8 0 0
127 71 38 6764.02 0 0
130 77 37 6768.23 0 0
128 76 38 6772.5 0 0
126 76 38 6776.73 0 0
129 77 37 6780.94 0 0
126 76 38 6785.14 0 0
128 76 38 6789.34 0 0
127 79 38 6793.56 0 0
125 76 38 6800.69 0 0
129 80 38 6804.93 0 0
128 73 38 6809.15 0 0
128 78 37 6813.36 0 0
131 77 37 6817.56 0 0
125 77 37 6821.76 0 0
127 77 37 6825.98 0 0
129 80 38 6830.19 0 0
129 80 38 6834.42 0 0
130 74 38 6838.63 0 0
129 78 38 6842.84 0 0
128 74 38 6847.05 0 0
128 78 38 6851.27 0 0
126 75 38 6855.48 0 0
128 73 37 6859.7 0 0
128 74 38 6863.94 0 0
128 79 38 6868.16 0 0
129 75 38 6872.37 0 0
129 77 38 6876.58 0 0
127 76 38 6880.78 0 0
128 78 39 6884.98 0 0
124 81 40 6889.2 0 0
129 83 39 6893.42 0 0
133 91 38 6897.64 0 0
140 101 40 6901.85 0 0
147 117 40 6906.06 0 0
147 117 40 6910.26 0 0
160 134 40 6916.79 0 0
168 155 40 6921.02 0 0
176 149 39 6925.24 0 0
182 147 40 6929.47 0 0
185 164 39 6933.7 0 0
190 178 39 6937.9 0 0
194 171 39 6942.1 0 0
189 171 40 6946.31 0 0
183 171 40 6950.55 0 0
186 171 40 6954.79 0 0
187 169 40 6959.02 0 0
191 172 40 6963.22 0 0
188 168 40 6967.44 0 0
186 171 40 6971.64 0 0
189 162 39 6975.85 0 0
189 167 39 6980.06 0 0
191 173 40 6984.27 0 0
189 170 39 6988.52 0 0
189 175 40 6992.74 0 0
192 172 39 6996.97 0 0
193 171 40 7001.19 0 0
187 163 39 7005.39 0 0
188 172 39 7009.59 0 0
190 177 40 7013.81 0 0
190 174 39 7018.02 0 0
188 174 40 7022.24 0 0
189 172 40 7026.46 0 0
190 168 40 7030.67 0 0
185 173 40 7034.87 0 0
190 176 40 7039.07 0 0
190 176 40 7043.28 0 0
187 171 40 7047.5 0 0
188 172 40 7051.73 0 0
187 175 40 7055.95 0 0
185 176 40 7062.92 0 0
191 173 40 7067.15 0 0
186 169 40 7071.35 0 0
187 179 40 7075.58 0 0
186 171 40 7079.8 0 0
185 168 40 7084.03 0 0
187 171 40 7088.23 0 0
188 173 40 7092.45 0 0
184 173 40 7096.66 0 0
181 171 40 7100.87 0 0
188 172 40 7105.07 0 0
186 172 39 7109.33 0 0
187 166 40 7113.57 0 0
186 175 41 7117.8 0 0
185 172 40 7122.03 0 0
186 174 40 7126.23 0 0
184 173 40 7130.43 0 0
186 164 40 7134.63 0 0
186 168 40 7138.84 0 0
185 168 40 7143.05 0 0
188 163 40 7147.27 0 0
186 173 41 7151.49 0 0
186 172 40 7155.7 0 0
186 172 40 7159.9 0 0
187 171 40 7166.81 0 0
184 165 40 7171.03 0 0
188 171 40 7175.29 0 0
186 172 40 7179.56 0 0
190 179 39 7183.84 0 0
191 188 40 7188.05 0 0
198 198 40 7192.25 0 0
200 201 40 7196.45 0 0
200 201 0 7200.67 0 0
199 195 40 7204.89 0 0
197 194 40 7209.12 0 0
195 195 41 7213.33 0 0
200 198 40 7217.55 0 0
202 195 39 7221.75 0 0
200 197 40 7225.96 0 0
199 196 39 7230.22 0 0
200 197 39 7234.43 0 0
199 195 40 7238.67 0 0
200 194 39 7242.89 0 0
201 208 40 7247.1 0 0
198 195 40 7251.31 0 0
197 199 40 7255.52 0 0
200 197 40 7259.72 0 0
200 202 39 7263.93 0 0
199 199 40 7268.16 0 0
199 208 40 7272.39 0 0
198 203 39 7279.23 0 0
201 203 40 7283.47 0 0
196 209 39 7287.67 0 0
197 208 40 7291.87 0 0
201 206 39 7296.1 0 0
200 204 39 7300.52 0 0
195 197 39 7304.75 0 0
197 192 40 7308.97 0 0
199 196 40 7313.17 0 0
196 193 39 7317.37 0 0
196 193 0 7321.57 0 0
195 196 40 7325.78 0 0
204 196 39 7330 0 0
195 182 39 7334.22 0 0
203 188 39 7338.42 0 0
201 199 38 7342.63 0 0
207 238 36 7346.85 0 0
207 238 0 7351.05 0 0
207 238 0 7357.95 0 0
207 238 0 7362.17 0 0
207 238 0 7366.46 0 0
207 238 0 7370.67 0 0
207 238 0 7374.89 0 0
207 238 0 7379.09 0 0
207 238 0 7383.29 0 0
207 238 0 7387.51 0 0
207 238 0 7391.72 0 0
207 238 0 7395.96 0 0
207 238 0 7400.16 0 0
207 238 0 7404.38 0 0
207 238 0 7408.58 0 0
207 238 0 7412.8 0 0
207 238 0 7417 0 0
207 238 0 7421.23 0 0
207 238 0 7425.48 0 0
207 238 0 7429.7 0 0
207 238 0 7433.93 0 0
207 238 0 7438.14 0 0
205 210 35 7442.35 0 0
198 198 36 7446.55 0 0
197 183 37 7450.76 0 0
195 177 37 7454.97 0 0
193 173 38 7459.2 0 0
196 165 38 7463.41 0 0
193 162 37 7467.63 0 0
193 161 38 7471.83 0 0
196 162 38 7476.03 0 0
194 158 38 7480.24 0 0
194 158 38 7484.47 0 0
194 158 38 7488.71 0 0
196 165 38 7494.93 0 0
196 162 38 7499.15 0 0
197 164 37 7503.38 0 0
200 160 37 7507.58 0 0
201 164 38 7511.79 0 0
197 158 38 7516.01 0 0
199 159 38 7520.25 0 0
198 166 37 7524.47 0 0
197 164 37 7528.69 0 0
200 163 37 7532.89 0 0
196 172 37 7537.1 0 0
199 168 37 7541.3 0 0
199 164 37 7545.54 0 0
201 159 37 7549.78 0 0
199 164 36 7554 0 0
202 163 37 7558.22 0 0
200 175 37 7562.44 0 0
196 158 38 7566.64 0 0
201 166 38 7570.84 0 0
200 164 37 7575.06 0 0
198 170 37 7579.27 0 0
196 166 37 7583.51 0 0
196 164 37 7587.72 0 0
200 161 37 7591.93 0 0
203 165 37 7596.14 0 0
197 160 37 7600.34 0 0
200 159 37 7604.54 0 0
199 166 37 7608.76 0 0
198 169 37 7613 0 0
201 166 37 7617.23 0 0
199 159 37 7621.44 0 0
197 173 37 7625.65 0 0
197 183 38 7629.85 0 0
199 190 38 7634.06 0 0
205 215 38 7638.28 0 0
203 216 37 7642.5 0 0
201 213 38 7646.73 0 0
204 219 38 7650.94 0 0
199 199 37 7655.15 0 0
199 197 37 7659.43 0 0
200 203 37 7663.64 0 0
203 199 37 7667.86 0 0
206 211 37 7672.07 0 0
204 208 37 7676.32 0 0
204 208 0 7680.54 0 0
201 215 38 7684.76 0 0
206 218 37 7688.97 0 0
201 204 36 7693.17 0 0
205 207 37 7697.37 0 0
201 202 37 7701.6 0 0
206 211 37 7705.81 0 0
206 211 0 7710.06 0 0
206 210 37 7714.27 0 0
200 210 37 7718.48 0 0
200 210 0 7722.68 0 0
199 206 36 7726.9 0 0
206 207 37 7731.11 0 0
205 209 36 7735.32 0 0
205 215 37 7739.55 0 0
205 221 37 7743.75 0 0
205 212 37 7747.96 0 0
202 206 37 7752.18 0 0
203 209 36 7756.38 0 0
201 209 37 7760.64 0 0
205 212 37 7764.84 0 0
204 209 37 7769.08 0 0
203 215 37 7773.31 0 0
204 217 37 7777.52 0 0
209 218 37 7781.73 0 0
205 222 37 7785.93 0 0
205 217 37 7790.13 0 0
203 215 37 7794.36 0 0
202 207 37 7798.59 0 0
204 218 37 7802.82 0 0
204 218 0 7807.04 0 0
202 203 38 7811.25 0 0
203 208 37 7815.45 0 0
203 214 37 7819.65 0 0
207 214 37 7823.91 0 0
202 206 37 7828.13 0 0
208 215 37 7832.37 0 0
203 217 37 7836.59 0 0
206 213 37 7840.8 0 0
207 218 38 7845.03 0 0
208 215 37 7849.23 0 0
203 217 37 7853.44 0 0
206 209 37 7857.69 0 0
207 224 37 7861.96 0 0
208 225 38 7866.19 0 0
208 216 37 7870.4 0 0
208 216 0 7874.6 0 0
212 219 37 7878.81 0 0
211 223 38 7883.01 0 0
208 226 37 7887.22 0 0
209 222 37 7891.43 0 0
210 224 38 7895.66 0 0
207 228 37 7899.87 0 0
208 219 38 7904.26 0 0
208 219 0 7908.47 0 0
210 215 38 7912.68 0 0
209 214 38 7916.89 0 0
210 224 38 7921.11 0 0
208 217 37 7925.35 0 0
208 219 37 7929.58 0 0
211 215 38 7933.79 0 0
209 221 38 7938.01 0 0
210 229 38 7942.21 0 0
210 222 38 7946.42 0 0
207 217 38 7950.63 0 0
207 217 38 7954.86 0 0
209 216 38 7959.09 0 0
208 215 37 7963.3 0 0
205 210 38 7970.05 0 0
206 213 39 7974.28 0 0
205 219 38 7978.48 0 0
206 216 38 7982.71 0 0
205 219 38 7986.92 0 0
206 218 39 7991.15 0 0
205 213 38 7995.39 0 0
205 221 38 7999.6 0 0
207 217 37 8003.81 0 0
204 213 38 8008.01 0 0
204 213 0 8012.22 0 0
205 214 38 8016.44 0 0
203 216 38 8020.68 0 0
205 211 38 8024.88 0 0
206 214 38 8029.12 0 0
199 209 38 8033.35 0 0
205 206 37 8037.56 0 0
203 224 38 8041.77 0 0
206 211 39 8045.98 0 0
202 219 38 8050.21 0 0
202 210 38 8054.45 0 0
203 213 38 8058.66 0 0
204 217 39 8062.87 0 0
201 214 38 8067.07 0 0
206 215 39 8071.27 0 0
197 206 38 8078.42 0 0
188 204 39 8082.69 0 0
178 183 39 8086.91 0 0
166 178 38 8091.12 0 0
152 170 38 8095.33 0 0
140 154 38 8099.54 0 0
131 145 39 8103.74 0 0
127 137 39 8107.96 0 0
121 145 39 8112.18 0 0
114 127 38 8116.4 0 0
111 113 39 8120.63 0 0
107 102 38 8124.88 0 0
105 91 38 8129.08 0 0
99 80 38 8133.28 0 0
98 76 37 8137.49 0 0
90 70 36 8141.7 0 0
90 70 36 8145.95 0 0
90 70 35 8150.16 0 0
90 70 0 8154.38 0 0
90 70 0 8158.58 0 0
90 70 0 8162.79 0 0
90 70 0 8166.99 0 0
90 70 0 8174.09 0 0
90 70 0 8182.4 0 0
77 59 26 8186.63 0 0
77 59 0 8190.85 0 0
77 59 0 8195.05 0 0
77 59 0 8199.27 0 0
94 17 25 8203.48 0 0
94 17 0 8207.71 0 0
94 17 0 8211.93 0 0
94 17 0 8216.17 0 0
94 17 0 8220.38 0 0
94 17 0 8224.59 0 0
82 2 30 8283.58 0 0
74 18 21 8315.68 0 0
84 11 21 8332.61 0 0
84 11 0 8336.82 0 0
21 57 34 9340.73 0 0
30 57 35 9344.93 0 0
49 87 36 9349.13 0 0
60 101 35 9353.34 0 0
68 121 35 9357.55 0 0
80 141 35 9361.77 0 0
91 171 34 9366.02 0 0
113 206 35 9370.23 0 0
120 213 33 9377.35 0 0
129 209 34 9381.55 0 0
118 201 35 9385.77 0 0
125 198 36 9389.98 0 0
123 189 36 9394.24 0 0
119 190 36 9398.46 0 0
121 181 36 9402.75 0 0
119 177 37 9406.96 0 0
120 168 38 9411.17 0 0
118 170 37 9415.37 0 0
118 175 38 9419.57 0 0
118 168 37 9423.82 0 0
117 166 37 9428.06 0 0
119 173 37 9432.26 0 0
118 176 37 9436.48 0 0
121 165 38 9440.68 0 0
120 170 37 9444.88 0 0
117 167 37 9449.09 0 0
120 168 38 9453.31 0 0
121 165 38 9457.56 0 0
120 171 37 9461.77 0 0
121 169 37 9466.01 0 0
117 172 38 9470.23 0 0
117 172 38 9474.44 0 0
122 166 37 9479.3 0 0
119 174 38 9483.51 0 0
119 166 37 9487.75 0 0
120 169 37 9491.97 0 0
118 167 38 9496.19 0 0
118 167 37 9500.4 0 0
119 170 38 9504.62 0 0
118 170 38 9508.82 0 0
118 166 37 9513.04 0 0
118 169 37 9517.25 0 0
120 168 37 9521.48 0 0
120 174 37 9525.7 0 0
120 170 38 9529.91 0 0
115 175 38 9534.12 0 0
119 163 38 9538.32 0 0
121 167 37 9542.52 0 0
119 168 38 9546.74 0 0
116 171 37 9550.99 0 0
119 172 37 9555.21 0 0
110 177 37 9559.44 0 0
104 194 37 9563.64 0 0
93 205 37 9567.84 0 0
89 204 37 9572.05 0 0
80 205 36 9576.26 0 0
79 205 37 9580.47 0 0
84 202 37 9584.71 0 0
85 204 37 9588.92 0 0
89 198 37 9593.13 0 0
85 191 37 9597.33 0 0
84 197 38 9601.53 0 0
85 203 37 9605.76 0 0
86 200 37 9609.98 0 0
83 195 37 9614.23 0 0
87 201 37 9618.45 0 0
86 205 38 9622.68 0 0
84 202 37 9626.88 0 0
83 201 38 9631.08 0 0
86 203 37 9635.29 0 0
85 202 37 9639.51 0 0
84 209 37 9643.75 0 0
84 208 37 9647.97 0 0
88 211 37 9652.18 0 0
85 199 37 9656.38 0 0
82 200 37 9660.6 0 0
85 194 37 9664.8 0 0
83 200 37 9669.01 0 0
83 199 38 9673.22 0 0
87 200 37 9677.45 0 0
84 199 37 9681.66 0 0
85 199 37 9685.87 0 0
86 197 37 9690.08 0 0
89 210 37 9694.28 0 0
81 205 37 9698.51 0 0
84 202 38 9702.72 0 0
85 206 37 9707 0 0
83 208 37 9711.24 0 0
82 200 38 9715.46 0 0
83 203 38 9719.66 0 0
88 204 38 9723.87 0 0
85 198 38 9728.08 0 0
85 206 37 9732.31 0 0
80 200 38 9736.52 0 0
85 202 38 9740.74 0 0
85 205 37 9744.98 0 0
84 204 38 9749.18 0 0
87 204 37 9753.38 0 0
82 207 38 9757.6 0 0
81 201 37 9761.81 0 0
77 203 37 9766.02 0 0
69 202 37 9770.29 0 0
63 200 37 9774.52 0 0
55 186 37 9778.74 0 0
50 188 37 9782.95 0 0
42 183 37 9787.15 0 0
35 180 38 9791.35 0 0
31 181 38 9795.56 0 0
32 177 37 9799.8 0 0
33 186 37 9804.05 0 0
36 184 37 9808.27 0 0
34 183 37 9812.48 0 0
33 184 37 9816.69 0 0
35 181 38 9820.89 0 0
35 180 37 9825.12 0 0
36 180 37 9829.33 0 0
35 184 37 9833.56 0 0
36 185 37 9837.77 0 0
35 181 37 9841.98 0 0
34 182 37 9846.19 0 0
32 182 38 9850.39 0 0
35 178 37 9854.59 0 0
37 175 37 9858.8 0 0
35 182 37 9863.04 0 0
34 187 37 9867.28 0 0
35 182 37 9871.51 0 0
33 181 36 9875.71 0 0
34 185 37 9879.91 0 0
34 187 38 9884.11 0 0
33 178 38 9888.34 0 0
36 182 38 9892.56 0 0
34 180 37 9896.78 0 0
33 186 37 9900.99 0 0
33 177 37 9905.2 0 0
33 182 37 9909.52 0 0
37 181 37 9913.72 0 0
31 187 36 9917.93 0 0
35 180 37 9922.15 0 0
35 180 36 9926.38 0 0
36 179 38 9930.6 0 0
35 180 37 9934.82 0 0
33 184 38 9939.02 0 0
37 181 37 9943.22 0 0
33 183 37 9947.42 0 0
34 181 38 9951.66 0 0
35 176 37 9955.88 0 0
35 181 38 9960.16 0 0
36 180 37 9964.38 0 0
35 182 37 9968.59 0 0
37 179 38 9972.79 0 0
32 187 37 9976.99 0 0
35 183 37 9981.2 0 0
32 183 38 9985.42 0 0
35 184 37 9989.65 0 0
34 183 37 9993.86 0 0
32 183 37 9998.07 0 0
34 184 36 10002.3 0 0
36 177 36 10006.5 0 0
34 182 36 10010.7 0 0
35 185 37 10014.9 0 0
33 188 37 10019.2 0 0
32 185 37 10023.4 0 0
34 177 37 10027.6 0 0
34 183 36 10031.8 0 0
35 179 37 10036 0 0
35 182 37 10040.2 0 0
36 181 37 10044.5 0 0
35 179 38 10048.7 0 0
35 180 37 10052.9 0 0
35 181 37 10057.1 0 0
36 179 37 10061.3 0 0
35 185 37 10065.5 0 0
33 165 35 10069.7 0 0
31 163 35 10074 0 0
32 167 36 10078.2 0 0
36 165 36 10082.5 0 0
36 170 36 10086.7 0 0
33 165 37 10090.9 0 0
36 169 36 10095.1 0 0
34 164 36 10099.3 0 0
36 168 36 10103.5 0 0
34 174 36 10107.8 0 0
38 167 36 10112 0 0
32 171 36 10116.2 0 0
34 168 36 10120.4 0 0
33 171 36 10124.6 0 0
35 172 37 10128.9 0 0
34 168 36 10133 0 0
34 165 35 10137.3 0 0
35 165 36 10141.5 0 0
36 167 35 10145.7 0 0
36 167 35 10149.9 0 0
34 171 35 10154.3 0 0
34 161 35 10158.5 0 0
36 164 36 10162.7 0 0
34 167 36 10166.9 0 0
34 168 36 10171.1 0 0
34 168 36 10175.3 0 0
33 169 36 10179.6 0 0
34 165 34 10183.8 0 0
36 168 34 10188 0 0
35 162 34 10192.2 0 0
33 169 36 10196.4 0 0
36 166 36 10200.6 0 0
34 172 36 10204.8 0 0
33 170 36 10209 0 0
35 171 36 10213.2 0 0
34 172 36 10217.5 0 0
36 172 36 10221.7 0 0
33 171 37 10225.9 0 0
35 171 36 10230.1 0 0
33 173 36 10234.3 0 0
35 171 36 10238.6 0 0
32 169 36 10242.8 0 0
37 169 36 10247 0 0
35 168 36 10251.2 0 0
35 171 37 10255.4 0 0
32 175 36 10259.6 0 0
35 167 36 10263.8 0 0
35 169 36 10268 0 0
37 169 35 10272.3 0 0
37 170 36 10276.5 0 0
34 175 36 10280.7 0 0
37 167 35 10285 0 0
36 170 36 10289.1 0 0
35 162 34 10293.4 0 0
36 166 35 10297.6 0 0
38 169 35 10301.8 0 0
38 167 35 10306 0 0
35 166 34 10310.2 0 0
39 159 34 10314.5 0 0
38 158 34 10318.6 0 0
40 153 34 10322.9 0 0
40 154 34 10327.1 0 0
38 160 34 10331.3 0 0
38 161 35 10335.5 0 0
38 160 34 10339.8 0 0
42 159 34 10344 0 0
41 156 33 10348.2 0 0
40 156 35 10352.4 0 0
40 156 34 10356.6 0 0
41 157 34 10360.8 0 0
37 160 34 10365 0 0
40 158 34 10369.2 0 0
38 162 34 10373.5 0 0
42 156 33 10377.7 0 0
38 159 34 10381.9 0 0
39 159 34 10386.1 0 0
41 154 34 10390.3 0 0
38 157 34 10397.3 0 0
42 160 34 10401.5 0 0
41 156 34 10405.7 0 0
39 157 33 10409.9 0 0
39 160 34 10414.1 0 0
40 161 34 10418.3 0 0
38 159 33 10422.5 0 0
40 159 34 10426.8 0 0
39 162 34 10431 0 0
40 160 33 10435.2 0 0
40 159 34 10439.4 0 0
41 156 34 10443.6 0 0
39 159 33 10447.8 0 0
39 161 34 10452.1 0 0
38 161 33 10456.3 0 0
42 157 33 10460.5 0 0
40 155 34 10464.8 0 0
39 160 33 10469 0 0
39 160 33 10473.3 0 0
42 157 33 10477.5 0 0
39 162 33 10481.7 0 0
39 156 34 10485.9 0 0
42 153 33 10493 0 0
46 142 34 10497.2 0 0
52 138 34 10501.5 0 0
59 125 33 10505.7 0 0
62 112 33 10509.9 0 0
66 104 34 10514.1 0 0
72 98 35 10518.3 0 0
72 89 35 10522.6 0 0
72 83 35 10526.8 0 0
74 75 35 10531 0 0
74 78 35 10535.2 0 0
75 76 34 10539.5 0 0
74 79 35 10543.7 0 0
76 77 35 10547.9 0 0
74 79 35 10552.1 0 0
77 75 34 10556.3 0 0
74 77 34 10560.5 0 0
75 76 34 10564.8 0 0
78 76 34 10569 0 0
75 74 34 10573.2 0 0
73 76 34 10577.4 0 0
78 73 34 10581.6 0 0
78 71 34 10585.9 0 0
76 72 34 10590.1 0 0
76 76 33 10597.1 0 0
76 79 34 10601.4 0 0
75 73 34 10605.6 0 0
75 71 34 10609.8 0 0
77 74 34 10614 0 0
78 73 34 10618.2 0 0
76 73 34 10622.5 0 0
78 74 34 10626.7 0 0
74 75 34 10630.9 0 0
79 75 34 10635.1 0 0
79 73 34 10639.3 0 0
79 73 0 10643.5 0 0
79 73 34 10647.7 0 0
77 77 34 10652 0 0
75 77 33 10656.2 0 0
77 77 33 10660.4 0 0
76 79 34 10664.6 0 0
79 77 34 10668.9 0 0
78 78 34 10673.1 0 0
75 78 34 10677.3 0 0
80 77 34 10681.5 0 0
79 72 34 10685.7 0 0
74 74 35 10690 0 0
79 72 35 10697 0 0
80 77 34 10701.3 0 0
78 72 34 10705.5 0 0
77 73 34 10709.9 0 0
78 72 33 10714.1 0 0
76 77 34 10718.3 0 0
77 72 34 10722.5 0 0
76 75 34 10726.7 0 0
77 73 34 10730.9 0 0
77 77 34 10735.2 0 0
79 74 34 10739.4 0 0
75 79 34 10743.6 0 0
78 74 33 10747.8 0 0
74 74 34 10752 0 0
79 74 34 10756.2 0 0
81 75 34 10760.5 0 0
86 77 34 10764.7 0 0
93 72 34 10768.9 0 0
106 70 35 10773.1 0 0
124 63 35 10777.3 0 0
133 57 35 10784.4 0 0
142 55 37 10788.7 0 0
154 55 38 10792.9 0 0
164 57 38 10797.1 0 0
164 57 0 10801.3 0 0
181 54 38 10805.6 0 0
188 59 38 10809.8 0 0
197 57 37 10814 0 0
200 54 38 10818.2 0 0
196 56 37 10822.4 0 0
193 56 38 10826.6 0 0
191 58 38 10830.8 0 0
194 57 38 10835.1 0 0
194 53 38 10839.3 0 0
195 52 38 10843.5 0 0
192 51 38 10847.7 0 0
197 53 38 10851.9 0 0
194 53 38 10856.1 0 0
201 53 38 10860.4 0 0
196 54 38 10864.6 0 0
193 56 38 10868.8 0 0
198 50 38 10873 0 0
194 53 38 10877.2 0 0
192 53 39 10884.4 0 0
196 49 38 10892.6 0 0
193 52 38 10901.1 0 0
193 52 38 10909.3 0 0
193 52 38 10916.8 0 0
196 53 38 10921 0 0
194 53 38 10926.1 0 0
193 54 38 10930.3 0 0
193 54 39 10934.5 0 0
194 50 38 10938.7 0 0
195 52 38 10942.9 0 0
196 55 38 10947.1 0 0
197 51 38 10951.3 0 0
195 52 38 10955.5 0 0
197 56 38 10959.8 0 0
193 52 38 10964.3 0 0
196 53 38 10968.5 0 0
198 51 38 10972.7 0 0
196 51 39 10976.9 0 0
197 52 39 10981.1 0 0
200 55 38 10985.3 0 0
194 51 38 10989.5 0 0
197 55 38 10993.8 0 0
195 51 38 10998 0 0
193 54 38 11002.2 0 0
194 51 38 11006.4 0 0
192 55 39 11010.6 0 0
