118 85 58 23038.6 0 0
121 82 58 23042.8 0 0
121 86 58 23047 0 0
121 86 58 23051.3 0 0
120 85 58 23055.5 0 0
122 86 58 23059.7 0 0
122 85 58 23063.9 0 0
121 85 58 23068.1 0 0
119 85 58 23072.3 0 0
121 83 58 23076.5 0 0
122 86 58 23080.8 0 0
120 84 58 23085 0 0
121 86 58 23089.2 0 0
121 86 58 23093.4 0 0
120 86 58 23097.6 0 0
122 85 58 23101.8 0 0
119 84 58 23106.1 0 0
124 86 58 23110.3 0 0
120 86 58 23114.5 0 0
123 85 58 23121.6 0 0
120 83 58 23125.9 0 0
119 87 58 23130.1 0 0
119 85 58 23134.3 0 0
120 85 58 23138.6 0 0
121 86 58 23142.8 0 0
122 84 58 23147 0 0
122 86 58 23151.2 0 0
122 87 58 23155.4 0 0
120 83 58 23159.6 0 0
123 86 58 23163.8 0 0
121 85 58 23168.1 0 0
121 84 58 23172.3 0 0
121 86 58 23176.5 0 0
119 85 58 23180.8 0 0
121 86 58 23185 0 0
124 86 58 23189.2 0 0
120 87 58 23193.4 0 0
121 86 58 23197.6 0 0
122 88 58 23201.8 0 0
119 84 58 23206 0 0
122 87 58 23210.2 0 0
118 85 58 23214.5 0 0
121 85 58 23221.3 0 0
119 85 58 23225.6 0 0
118 84 58 23229.8 0 0
120 85 58 23234.1 0 0
121 86 58 23238.3 0 0
121 85 58 23242.5 0 0
120 85 58 23246.7 0 0
120 85 58 23250.9 0 0
120 86 58 23255.1 0 0
122 85 58 23259.3 0 0
119 85 58 23263.6 0 0
123 85 58 23267.8 0 0
122 85 58 23272 0 0
120 84 58 23276.2 0 0
121 85 58 23280.4 0 0
119 82 58 23284.6 0 0
119 84 58 23288.8 0 0
121 84 58 23293.1 0 0
122 82 58 23297.3 0 0
120 85 58 23301.5 0 0
121 83 58 23305.7 0 0
120 83 58 23309.9 0 0
121 84 58 23314.1 0 0
119 84 58 23318.3 0 0
120 83 58 23322.5 0 0
122 85 58 23326.8 0 0
121 81 58 23331 0 0
121 86 58 23335.2 0 0
119 82 58 23339.4 0 0
120 84 58 23346.4 0 0
120 83 58 23350.6 0 0
123 82 58 23354.9 0 0
123 84 58 23359.1 0 0
120 85 58 23363.4 0 0
126 82 58 23367.6 0 0
132 83 58 23371.8 0 0
136 77 58 23376 0 0
144 73 58 23380.2 0 0
148 72 58 23384.4 0 0
149 67 58 23388.7 0 0
155 62 57 23392.9 0 0
155 57 57 23397.1 0 0
159 56 57 23401.3 0 0
161 53 57 23405.5 0 0
160 50 57 23409.8 0 0
162 49 57 23414 0 0
164 49 57 23418.2 0 0
159 50 57 23422.5 0 0
160 49 57 23426.7 0 0
161 50 57 23430.9 0 0
161 50 57 23435.1 0 0
161 49 57 23439.3 0 0
161 51 57 23443.5 0 0
162 48 57 23447.8 0 0
161 47 57 23454.8 0 0
163 49 57 23459 0 0
163 48 57 23463.2 0 0
164 49 57 23467.4 0 0
161 48 57 23471.6 0 0
163 48 57 23475.8 0 0
162 48 57 23480.1 0 0
161 48 57 23484.3 0 0
162 49 57 23488.5 0 0
161 47 57 23492.7 0 0
163 48 57 23496.9 0 0
164 50 57 23501.1 0 0
162 48 57 23505.3 0 0
162 49 57 23509.5 0 0
160 46 57 23513.8 0 0
162 48 57 23518 0 0
163 50 57 23522.2 0 0
162 48 57 23526.5 0 0
160 48 57 23530.7 0 0
162 49 57 23534.9 0 0
161 49 57 23539.1 0 0
161 47 56 23543.3 0 0
162 48 57 23547.5 0 0
159 49 57 23554.7 0 0
160 48 57 23562.7 0 0
159 47 56 23571.2 0 0
161 49 57 23579.7 0 0
160 48 57 23587.9 0 0
156 48 56 23596.2 0 0
156 48 56 23604.7 0 0
159 54 57 23612.8 0 0
154 65 58 23617 0 0
144 74 58 23621.2 0 0
136 85 58 23625.5 0 0
136 94 58 23629.7 0 0
133 101 58 23633.9 0 0
128 112 58 23638.1 0 0
126 124 57 23642.3 0 0
124 130 58 23646.5 0 0
124 137 58 23650.7 0 0
122 134 58 23654.9 0 0
121 141 57 23659.1 0 0
125 143 58 23663.3 0 0
123 140 57 23667.6 0 0
122 140 57 23671.8 0 0
122 140 57 23676 0 0
123 141 58 23680.2 0 0
123 138 57 23684.4 0 0
122 141 57 23688.6 0 0
122 138 57 23692.9 0 0
122 137 57 23697.1 0 0
123 138 57 23701.3 0 0
124 141 57 23705.5 0 0
123 139 57 23709.7 0 0
121 141 57 23714 0 0
122 144 57 23718.3 0 0
120 141 57 23722.5 0 0
122 142 57 23729.3 0 0
120 138 57 23733.5 0 0
121 144 57 23737.8 0 0
124 138 57 23742 0 0
122 140 57 23746.2 0 0
122 145 57 23750.5 0 0
120 139 57 23754.7 0 0
120 145 57 23758.9 0 0
124 146 57 23763.1 0 0
123 140 57 23767.3 0 0
124 143 57 23771.5 0 0
120 139 57 23775.8 0 0
119 142 57 23780 0 0
120 141 57 23784.2 0 0
122 141 57 23788.4 0 0
124 137 57 23792.6 0 0
121 140 57 23796.8 0 0
120 133 57 23801.2 0 0
120 142 57 23805.4 0 0
121 135 57 23809.6 0 0
121 133 57 23813.8 0 0
122 140 57 23818.1 0 0
122 140 57 23822.3 0 0
121 137 57 23831.6 0 0
119 133 57 23835.8 0 0
122 136 57 23841.9 0 0
118 142 58 23846.1 0 0
109 145 58 23850.3 0 0
102 146 58 23854.5 0 0
95 156 58 23858.8 0 0
89 159 58 23863.4 0 0
84 166 58 23867.6 0 0
84 163 58 23871.8 0 0
79 167 57 23876 0 0
75 174 57 23880.2 0 0
78 179 58 23884.4 0 0
79 167 57 23888.7 0 0
79 178 57 23892.9 0 0
82 176 57 23897.1 0 0
79 179 58 23901.3 0 0
79 180 57 23905.5 0 0
78 177 57 23909.7 0 0
77 171 57 23916.6 0 0
81 168 57 23920.9 0 0
79 168 58 23925.1 0 0
79 168 57 23929.3 0 0
79 170 57 23933.5 0 0
79 172 57 23937.7 0 0
79 169 57 23941.9 0 0
78 173 57 23946.1 0 0
80 173 58 23950.3 0 0
80 170 57 23954.6 0 0
79 173 57 23958.8 0 0
79 169 57 23963 0 0
78 172 57 23967.2 0 0
78 171 57 23971.5 0 0
82 174 58 23975.7 0 0
79 173 57 23979.9 0 0
78 168 57 23984.1 0 0
81 175 58 23988.3 0 0
78 169 57 23992.6 0 0
82 174 58 23996.8 0 0
77 173 57 24001 0 0
80 170 57 24005.2 0 0
78 174 58 24009.4 0 0
77 171 58 24013.7 0 0
81 172 58 24017.9 0 0
82 171 58 24025 0 0
78 175 57 24029.2 0 0
78 170 57 24033.4 0 0
79 175 57 24037.7 0 0
78 177 58 24041.9 0 0
75 182 57 24046.1 0 0
76 186 58 24050.4 0 0
75 195 58 24054.6 0 0
72 178 58 24058.8 0 0
75 183 58 24063 0 0
77 189 57 24067.2 0 0
73 192 58 24071.4 0 0
74 178 58 24075.7 0 0
74 186 58 24079.9 0 0
75 180 57 24084.1 0 0
76 179 57 24088.3 0 0
75 184 58 24092.5 0 0
75 178 58 24096.7 0 0
73 186 58 24101 0 0
77 185 58 24105.2 0 0
80 184 58 24109.4 0 0
90 183 59 24113.6 0 0
103 177 59 24117.8 0 0
103 177 59 24122 0 0
122 178 59 24128.4 0 0
134 177 58 24132.7 0 0
142 182 58 24136.9 0 0
151 173 57 24141.1 0 0
154 159 57 24145.3 0 0
156 159 57 24149.5 0 0
164 153 57 24153.7 0 0
169 153 57 24157.9 0 0
174 146 56 24162.2 0 0
181 133 56 24166.4 0 0
185 131 56 24170.6 0 0
184 127 56 24174.8 0 0
183 127 56 24179.1 0 0
184 130 56 24183.3 0 0
183 129 56 24187.5 0 0
182 130 56 24191.7 0 0
182 131 56 24195.9 0 0
184 130 56 24200.2 0 0
183 129 56 24204.4 0 0
183 130 56 24208.6 0 0
182 135 56 24212.8 0 0
185 127 56 24217 0 0
181 129 56 24221.2 0 0
187 127 55 24225.4 0 0
184 126 56 24229.6 0 0
184 124 56 24233.9 0 0
184 124 56 24238.1 0 0
183 123 56 24242.3 0 0
176 109 56 24246.5 0 0
173 104 56 24250.8 0 0
169 94 56 24255 0 0
172 87 56 24259.2 0 0
172 82 56 24263.4 0 0
171 78 56 24267.6 0 0
176 74 56 24271.8 0 0
174 76 56 24276.1 0 0
172 77 56 24280.3 0 0
175 78 56 24284.5 0 0
174 77 56 24288.7 0 0
174 77 56 24295.5 0 0
172 75 56 24299.7 0 0
172 75 56 24303.9 0 0
174 76 56 24308.2 0 0
172 75 56 24312.4 0 0
172 76 56 24316.6 0 0
172 76 56 24320.8 0 0
170 76 56 24325 0 0
172 76 56 24329.2 0 0
171 76 56 24333.5 0 0
172 75 56 24337.7 0 0
172 76 56 24341.9 0 0
170 74 56 24346.1 0 0
172 77 56 24350.3 0 0
172 75 56 24354.5 0 0
173 78 56 24358.7 0 0
172 77 56 24363 0 0
171 85 56 24367.2 0 0
178 93 56 24371.4 0 0
179 107 56 24375.6 0 0
181 117 56 24379.9 0 0
182 126 56 24384.1 0 0
178 136 56 24388.3 0 0
178 148 56 24392.5 0 0
177 164 56 24396.7 0 0
178 165 56 24400.9 0 0
178 165 56 24405.1 0 0
176 167 56 24409.3 0 0
176 164 56 24413.6 0 0
178 164 56 24420.4 0 0
177 167 56 24424.6 0 0
179 166 56 24428.9 0 0
178 169 56 24433.1 0 0
179 163 56 24437.3 0 0
180 172 56 24441.5 0 0
179 176 56 24445.7 0 0
179 180 56 24450 0 0
181 171 56 24454.2 0 0
179 174 56 24458.4 0 0
177 177 56 24462.6 0 0
180 174 56 24466.8 0 0
181 178 56 24471 0 0
178 173 56 24475.2 0 0
179 180 56 24479.4 0 0
179 180 56 24483.8 0 0
181 184 56 24488 0 0
182 180 56 24492.2 0 0
178 187 56 24496.4 0 0
177 183 56 24500.7 0 0
179 180 56 24504.9 0 0
179 184 56 24509.1 0 0
180 182 56 24513.3 0 0
179 178 56 24517.5 0 0
178 182 56 24521.7 0 0
178 176 56 24526 0 0
180 175 56 24533 0 0
180 174 56 24537.2 0 0
181 175 56 24541.4 0 0
181 173 56 24545.6 0 0
179 174 56 24549.8 0 0
181 177 56 24554 0 0
178 173 56 24558.2 0 0
181 176 56 24562.4 0 0
177 179 56 24566.7 0 0
179 176 56 24570.9 0 0
178 179 56 24575.2 0 0
180 172 56 24579.4 0 0
180 175 56 24583.6 0 0
179 179 56 24587.8 0 0
179 176 56 24592 0 0
181 180 56 24596.2 0 0
182 172 56 24600.4 0 0
177 176 56 24604.6 0 0
179 180 56 24608.9 0 0
178 175 56 24613.1 0 0
178 175 56 24617.3 0 0
176 174 56 24621.5 0 0
179 167 56 24625.7 0 0
181 166 56 24632.9 0 0
177 163 56 24641.1 0 0
183 167 56 24649.4 0 0
176 169 56 24657.6 0 0
175 135 56 24666.1 0 0
170 116 56 24674.4 0 0
159 91 57 24682.8 0 0
154 85 57 24690.8 0 0
154 85 57 24699.3 0 0
149 75 57 24706.6 0 0
138 68 58 24710.8 0 0
132 62 58 24716 0 0
126 63 58 24720.2 0 0
119 59 58 24724.5 0 0
115 57 58 24728.7 0 0
113 57 58 24732.9 0 0
111 59 58 24737.2 0 0
115 60 58 24741.4 0 0
113 58 58 24745.6 0 0
116 59 58 24749.8 0 0
113 58 58 24754 0 0
115 59 58 24758.2 0 0
114 60 58 24762.4 0 0
114 57 58 24766.7 0 0
115 59 58 24770.9 0 0
113 58 58 24775.1 0 0
115 58 58 24779.3 0 0
114 58 58 24783.5 0 0
113 58 58 24787.7 0 0
116 58 58 24791.9 0 0
116 57 58 24796.2 0 0
116 57 58 24800.4 0 0
113 56 58 24804.6 0 0
116 58 58 24808.8 0 0
116 57 58 24816 0 0
114 58 58 24820.2 0 0
112 58 58 24824.4 0 0
111 58 58 24828.6 0 0
113 56 58 24832.9 0 0
112 56 58 24837.1 0 0
114 56 58 24841.3 0 0
116 57 58 24845.5 0 0
113 56 58 24849.7 0 0
112 56 58 24853.9 0 0
112 56 58 24858.1 0 0
112 55 58 24862.3 0 0
114 56 58 24866.7 0 0
113 55 58 24870.9 0 0
114 56 58 24875.1 0 0
114 56 58 24879.3 0 0
112 55 58 24883.5 0 0
112 57 58 24887.8 0 0
114 56 58 24892 0 0
115 57 58 24896.2 0 0
115 57 58 24900.4 0 0
113 55 58 24904.6 0 0
114 55 58 24908.8 0 0
115 56 58 24915.8 0 0
113 56 58 24924.1 0 0
114 55 58 24932.6 0 0
112 51 58 24940.8 0 0
112 51 58 24949.1 0 0
113 54 58 24956.6 0 0
116 54 58 24960.8 0 0
114 54 58 24965.8 0 0
114 54 58 24970 0 0
113 53 58 24974.2 0 0
112 55 58 24978.5 0 0
113 55 58 24982.7 0 0
114 55 58 24986.9 0 0
113 53 58 24991.1 0 0
112 55 58 24995.3 0 0
116 54 58 24999.5 0 0
114 53 58 25003.7 0 0
112 55 58 25008 0 0
113 54 58 25012.2 0 0
111 55 58 25016.4 0 0
112 54 58 25020.6 0 0
115 56 58 25024.8 0 0
111 57 58 25029.1 0 0
114 54 58 25033.3 0 0
114 56 58 25037.5 0 0
112 57 58 25041.7 0 0
113 56 58 25045.9 0 0
115 56 58 25050.1 0 0
112 56 58 25054.3 0 0
114 56 58 25058.5 0 0
111 57 58 25065.7 0 0
111 57 58 25074 0 0
114 56 58 25081.6 0 0
113 56 58 25085.8 0 0
113 57 58 25090.7 0 0
115 57 58 25094.9 0 0
114 56 58 25099.1 0 0
113 58 58 25103.3 0 0
112 58 58 25107.6 0 0
112 57 58 25111.8 0 0
113 58 58 25116 0 0
109 58 58 25120.2 0 0
109 59 58 25124.4 0 0
111 62 58 25128.6 0 0
112 61 58 25132.8 0 0
110 61 58 25137.1 0 0
111 60 58 25141.3 0 0
108 59 58 25145.5 0 0
110 63 58 25149.7 0 0
110 63 58 25153.9 0 0
110 61 58 25158.1 0 0
110 60 58 25162.4 0 0
111 65 58 25166.6 0 0
110 62 58 25171.3 0 0
113 60 58 25175.5 0 0
110 61 58 25182.4 0 0
114 59 58 25186.6 0 0
111 61 58 25190.8 0 0
109 60 58 25195 0 0
110 62 58 25199.2 0 0
111 62 58 25203.5 0 0
110 62 58 25207.7 0 0
111 63 58 25211.9 0 0
109 61 58 25216.1 0 0
110 63 58 25220.3 0 0
108 61 58 25224.5 0 0
113 63 58 25228.7 0 0
107 62 58 25233 0 0
111 63 58 25237.2 0 0
109 62 58 25241.4 0 0
113 63 58 25245.6 0 0
108 61 58 25249.8 0 0
109 63 58 25254 0 0
111 62 58 25258.2 0 0
109 63 58 25262.5 0 0
110 62 58 25266.7 0 0
111 61 58 25270.9 0 0
113 63 58 25275.1 0 0
113 63 58 25279.3 0 0
109 63 58 25284.7 0 0
111 61 58 25288.9 0 0
109 63 58 25294.5 0 0
110 63 58 25298.8 0 0
109 61 58 25303 0 0
110 63 58 25307.2 0 0
110 63 58 25311.5 0 0
109 61 58 25315.7 0 0
109 61 58 25319.9 0 0
112 61 58 25324.1 0 0
109 63 59 25328.4 0 0
98 67 59 25332.6 0 0
90 72 59 25336.8 0 0
79 79 60 25341 0 0
66 86 59 25345.2 0 0
63 91 59 25349.4 0 0
57 97 59 25353.6 0 0
47 102 58 25357.8 0 0
36 119 58 25362 0 0
35 118 58 25366.3 0 0
32 123 57 25370.5 0 0
29 127 57 25374.7 0 0
31 134 57 25378.9 0 0
33 135 57 25383.1 0 0
32 143 57 25387.3 0 0
30 144 57 25391.6 0 0
29 140 57 25398.6 0 0
30 139 57 25407.1 0 0
31 141 57 25415.4 0 0
30 141 57 25423.6 0 0
30 139 57 25432.1 0 0
27 142 57 25440.3 0 0
27 142 57 25448.6 0 0
30 141 57 25456.6 0 0
30 139 57 25460.8 0 0
31 141 57 25465.3 0 0
27 142 57 25469.5 0 0
31 140 57 25473.8 0 0
33 141 57 25478 0 0
31 142 57 25482.2 0 0
31 139 57 25486.4 0 0
32 141 57 25490.6 0 0
32 141 57 25494.8 0 0
31 141 57 25499 0 0
31 142 57 25503.2 0 0
31 140 57 25507.5 0 0
28 141 57 25511.7 0 0
30 138 57 25515.9 0 0
30 138 57 25520.1 0 0
29 142 57 25524.3 0 0
31 136 57 25528.5 0 0
28 142 57 25532.8 0 0
28 139 57 25537 0 0
30 138 57 25541.2 0 0
29 140 57 25545.4 0 0
29 146 57 25549.7 0 0
30 146 57 25553.9 0 0
28 148 57 25558.1 0 0
27 147 57 25562.3 0 0
30 145 57 25566.5 0 0
29 146 57 25570.7 0 0
29 146 57 25574.9 0 0
29 146 57 25581.6 0 0
27 148 57 25585.8 0 0
30 145 57 25590 0 0
27 144 57 25594.2 0 0
32 148 57 25598.5 0 0
29 147 57 25602.7 0 0
31 143 57 25607 0 0
29 148 57 25611.2 0 0
28 144 57 25615.5 0 0
31 148 57 25619.7 0 0
29 146 57 25623.9 0 0
29 149 57 25628.1 0 0
26 149 57 25632.3 0 0
28 150 57 25636.5 0 0
28 152 57 25640.8 0 0
30 146 57 25645 0 0
28 150 57 25649.2 0 0
25 147 57 25653.4 0 0
25 145 57 25657.6 0 0
26 143 57 25661.8 0 0
27 147 57 25666 0 0
25 142 57 25670.3 0 0
25 144 57 25674.5 0 0
28 144 57 25678.7 0 0
26 142 57 25682.9 0 0
26 153 57 25687.1 0 0
28 150 57 25691.3 0 0
27 149 57 25695.5 0 0
30 153 57 25699.8 0 0
33 153 58 25704 0 0
44 155 58 25708.2 0 0
53 170 58 25712.4 0 0
60 180 58 25716.6 0 0
69 181 58 25720.8 0 0
72 189 58 25725 0 0
73 188 58 25729.3 0 0
77 195 57 25733.5 0 0
77 193 57 25737.7 0 0
74 195 57 25741.9 0 0
74 198 58 25746.1 0 0
74 193 58 25750.3 0 0
75 191 58 25754.6 0 0
72 190 57 25758.8 0 0
75 190 58 25763 0 0
75 201 57 25767.3 0 0
72 196 57 25771.5 0 0
76 198 57 25775.7 0 0
74 198 57 25779.9 0 0
75 199 58 25784.1 0 0
73 199 57 25788.3 0 0
75 197 57 25792.5 0 0
75 198 57 25796.7 0 0
74 197 58 25801 0 0
74 200 58 25805.2 0 0
73 198 57 25809.4 0 0
75 190 57 25813.6 0 0
76 195 57 25817.8 0 0
74 190 58 25822 0 0
77 192 58 25826.2 0 0
76 191 58 25830.5 0 0
77 188 58 25834.7 0 0
76 192 57 25838.9 0 0
75 188 57 25843.2 0 0
75 192 57 25847.4 0 0
75 191 58 25851.6 0 0
76 195 58 25855.8 0 0
74 188 57 25860 0 0
76 194 57 25864.3 0 0
74 192 58 25868.5 0 0
75 190 58 25872.7 0 0
74 196 58 25876.9 0 0
78 187 57 25881.1 0 0
74 191 58 25885.3 0 0
76 192 57 25889.5 0 0
74 193 57 25893.8 0 0
77 197 57 25898 0 0
79 188 58 25902.2 0 0
77 195 58 25906.4 0 0
75 192 57 25910.7 0 0
73 192 57 25914.9 0 0
72 194 57 25919.2 0 0
75 190 58 25923.5 0 0
72 190 57 25927.7 0 0
73 193 58 25931.9 0 0
74 187 58 25936.1 0 0
75 192 58 25940.3 0 0
73 192 57 25944.5 0 0
77 189 57 25948.8 0 0
76 195 58 25953 0 0
76 186 58 25957.2 0 0
75 192 58 25961.4 0 0
77 194 58 25965.6 0 0
75 185 58 25969.8 0 0
73 196 58 25974 0 0
76 190 57 25978.2 0 0
74 189 57 25982.5 0 0
76 192 58 25986.7 0 0
75 186 58 25990.9 0 0
73 190 58 25995.1 0 0
65 184 58 25999.3 0 0
56 182 58 26003.5 0 0
48 176 58 26007.7 0 0
40 171 58 26012 0 0
29 166 58 26016.2 0 0
25 161 57 26020.4 0 0
21 155 57 26024.6 0 0
20 156 57 26028.8 0 0
22 157 57 26033 0 0
24 155 57 26037.2 0 0
27 153 57 26041.5 0 0
25 156 57 26045.7 0 0
23 156 57 26049.9 0 0
24 156 57 26054.1 0 0
25 156 57 26058.3 0 0
23 155 57 26062.5 0 0
24 152 57 26066.7 0 0
24 155 57 26070.9 0 0
26 162 57 26075.2 0 0
24 162 57 26079.4 0 0
24 160 57 26083.6 0 0
23 162 57 26087.8 0 0
22 162 57 26092 0 0
23 163 57 26096.2 0 0
24 161 57 26100.5 0 0
22 162 57 26104.7 0 0
24 161 57 26108.9 0 0
25 159 57 26113.1 0 0
22 156 57 26117.3 0 0
24 155 57 26121.5 0 0
23 154 57 26125.8 0 0
24 157 57 26130 0 0
22 153 57 26134.2 0 0
23 155 57 26138.4 0 0
24 154 57 26142.6 0 0
24 153 57 26146.8 0 0
24 154 57 26151.1 0 0
22 153 57 26155.3 0 0
23 159 57 26159.5 0 0
24 154 57 26163.7 0 0
23 159 57 26167.9 0 0
25 160 57 26172.2 0 0
25 160 57 26176.4 0 0
25 160 57 26180.6 0 0
24 161 57 26184.8 0 0
23 162 57 26189 0 0
24 162 57 26193.2 0 0
21 160 57 26197.5 0 0
24 161 57 26201.7 0 0
23 161 57 26205.9 0 0
25 155 57 26210.1 0 0
34 148 59 26214.3 0 0
45 145 59 26218.5 0 0
59 129 59 26222.7 0 0
69 122 60 26226.9 0 0
87 116 60 26231.2 0 0
96 113 59 26235.4 0 0
110 101 59 26239.6 0 0
120 98 59 26243.8 0 0
132 96 59 26248 0 0
138 89 59 26252.2 0 0
152 86 58 26256.5 0 0
156 81 58 26260.7 0 0
165 80 57 26264.9 0 0
176 78 56 26269.1 0 0
181 75 56 26273.3 0 0
186 70 56 26277.5 0 0
190 66 55 26281.7 0 0
196 63 55 26286 0 0
198 60 54 26290.2 0 0
201 57 54 26294.4 0 0
200 57 54 26298.6 0 0
202 57 54 26302.8 0 0
200 57 54 26307 0 0
203 59 54 26311.2 0 0
199 58 54 26315.5 0 0
201 59 54 26319.7 0 0
200 60 54 26323.9 0 0
200 60 54 26328.1 0 0
203 60 54 26332.3 0 0
201 58 54 26336.5 0 0
200 59 54 26340.7 0 0
199 59 54 26344.9 0 0
199 62 54 26349.2 0 0
199 60 54 26353.4 0 0
201 60 55 26357.6 0 0
201 59 54 26361.8 0 0
202 60 54 26366.3 0 0
200 59 54 26370.5 0 0
201 59 54 26374.7 0 0
200 60 54 26378.9 0 0
201 60 55 26383.1 0 0
202 60 55 26387.4 0 0
201 62 54 26391.6 0 0
200 60 54 26395.8 0 0
200 62 54 26400 0 0
202 62 54 26404.2 0 0
201 63 55 26408.4 0 0
202 61 54 26412.6 0 0
198 61 54 26416.8 0 0
200 62 54 26421.7 0 0
201 62 54 26425.9 0 0
201 63 54 26430.1 0 0
199 61 55 26434.3 0 0
201 62 55 26438.5 0 0
202 62 55 26442.7 0 0
202 63 54 26446.9 0 0
200 62 55 26451.2 0 0
201 61 54 26455.4 0 0
199 62 54 26459.6 0 0
201 61 54 26463.8 0 0
200 62 54 26468 0 0
202 60 54 26472.2 0 0
202 62 55 26476.4 0 0
201 60 55 26480.7 0 0
201 61 54 26484.9 0 0
200 62 54 26489.1 0 0
199 61 55 26493.3 0 0
200 61 55 26497.5 0 0
200 61 55 26501.7 0 0
202 61 54 26506 0 0
204 61 54 26510.2 0 0
210 62 54 26514.5 0 0
211 66 54 26518.7 0 0
214 77 54 26522.9 0 0
214 85 53 26527.1 0 0
213 88 54 26531.3 0 0
216 95 54 26535.5 0 0
215 113 54 26539.7 0 0
214 124 54 26544 0 0
210 136 55 26548.2 0 0
203 144 55 26552.4 0 0
202 155 55 26556.7 0 0
205 148 55 26560.8 0 0
201 154 55 26565 0 0
201 158 55 26569.3 0 0
203 158 55 26573.5 0 0
205 158 55 26577.7 0 0
206 152 55 26581.9 0 0
203 152 55 26586.1 0 0
203 155 55 26590.3 0 0
203 151 55 26594.5 0 0
202 155 54 26598.8 0 0
201 151 55 26603 0 0
203 154 55 26607.2 0 0
203 155 55 26611.4 0 0
201 156 55 26616 0 0
203 154 55 26620.2 0 0
201 152 55 26624.4 0 0
200 155 55 26628.6 0 0
203 155 55 26632.8 0 0
202 157 55 26637 0 0
201 161 55 26641.3 0 0
201 161 55 26645.5 0 0
194 164 56 26649.7 0 0
186 165 56 26653.9 0 0
181 174 56 26658.1 0 0
178 181 56 26662.3 0 0
180 179 56 26666.5 0 0
182 179 56 26670.7 0 0
179 176 56 26674.9 0 0
182 178 56 26679.2 0 0
181 176 56 26683.4 0 0
183 178 56 26687.6 0 0
180 179 56 26691.8 0 0
183 179 56 26696 0 0
180 179 56 26700.2 0 0
180 177 56 26704.5 0 0
180 179 56 26708.7 0 0
180 178 56 26712.9 0 0
182 178 56 26717.1 0 0
181 182 56 26721.3 0 0
183 178 56 26725.5 0 0
179 182 56 26729.7 0 0
183 181 56 26734 0 0
179 182 56 26738.2 0 0
180 181 56 26742.4 0 0
181 182 56 26746.6 0 0
181 184 56 26750.9 0 0
182 181 56 26755.1 0 0
180 186 56 26759.3 0 0
180 186 56 26763.5 0 0
177 184 56 26767.7 0 0
178 185 56 26771.9 0 0
182 182 56 26776.1 0 0
178 183 56 26780.3 0 0
179 185 56 26784.5 0 0
183 182 56 26788.8 0 0
180 182 56 26793 0 0
174 182 56 26797.2 0 0
164 179 58 26801.4 0 0
154 170 58 26805.6 0 0
143 172 59 26809.8 0 0
131 167 59 26814 0 0
120 171 59 26818.3 0 0
110 176 59 26822.5 0 0
103 171 59 26826.7 0 0
97 169 58 26830.9 0 0
89 168 58 26835.2 0 0
89 166 58 26839.4 0 0
92 169 58 26843.6 0 0
92 170 58 26847.8 0 0
91 166 58 26852 0 0
94 169 58 26856.2 0 0
93 167 57 26860.5 0 0
91 167 58 26864.7 0 0
94 168 58 26868.9 0 0
90 160 58 26873.1 0 0
95 168 58 26877.3 0 0
89 163 58 26881.5 0 0
91 167 58 26885.7 0 0
91 163 58 26890.2 0 0
89 162 58 26894.3 0 0
89 166 57 26898.6 0 0
89 158 58 26902.8 0 0
89 164 58 26907 0 0
91 158 58 26911.2 0 0
89 159 58 26915.4 0 0
89 159 58 26919.7 0 0
87 162 58 26925.3 0 0
90 159 58 26929.6 0 0
91 159 58 26933.8 0 0
89 168 58 26938 0 0
89 162 58 26942.2 0 0
89 163 58 26946.4 0 0
88 167 57 26950.7 0 0
88 161 58 26954.9 0 0
88 170 58 26959.1 0 0
88 159 58 26963.3 0 0
89 159 58 26967.5 0 0
90 157 58 26971.8 0 0
85 146 58 26976 0 0
85 122 58 26980.2 0 0
83 111 58 26984.4 0 0
88 99 58 26988.7 0 0
83 90 58 26992.9 0 0
87 80 58 26997.1 0 0
85 74 58 27001.3 0 0
88 62 58 27005.5 0 0
89 58 58 27009.8 0 0
88 52 58 27014 0 0
89 45 58 27018.2 0 0
86 42 58 27022.4 0 0
87 39 58 27026.6 0 0
89 40 58 27030.8 0 0
88 39 58 27035 0 0
89 40 58 27039.3 0 0
87 42 58 27043.5 0 0
88 42 58 27047.7 0 0
89 40 58 27052 0 0
88 40 58 27056.2 0 0
88 40 58 27060.4 0 0
89 40 58 27064.6 0 0
88 41 58 27068.8 0 0
89 40 58 27073 0 0
87 42 58 27077.2 0 0
86 41 58 27081.4 0 0
90 40 58 27085.6 0 0
87 40 58 27089.8 0 0
85 39 58 27094 0 0
88 39 58 27098.2 0 0
88 39 58 27102.5 0 0
87 41 58 27106.7 0 0
87 40 58 27110.9 0 0
87 40 58 27115.4 0 0
86 40 58 27119.6 0 0
87 41 58 27123.8 0 0
89 39 58 27128 0 0
88 40 58 27132.2 0 0
88 39 58 27136.4 0 0
87 39 58 27140.7 0 0
89 39 58 27144.9 0 0
84 40 58 27149.1 0 0
88 40 58 27153.3 0 0
88 39 58 27157.5 0 0
88 40 58 27161.7 0 0
86 40 58 27165.9 0 0
87 39 58 27170.1 0 0
86 39 58 27174.3 0 0
87 39 58 27178.6 0 0
86 39 58 27182.8 0 0
87 39 58 27187 0 0
83 40 58 27191.2 0 0
81 37 59 27195.4 0 0
76 35 59 27199.6 0 0
72 33 58 27203.9 0 0
70 31 58 27208.1 0 0
71 31 58 27212.3 0 0
70 30 58 27216.5 0 0
70 29 58 27220.7 0 0
68 29 58 27224.9 0 0
70 30 58 27229.1 0 0
70 30 58 27233.3 0 0
69 29 58 27237.5 0 0
71 29 58 27241.8 0 0
71 30 58 27246 0 0
69 29 58 27250.2 0 0
69 30 58 27254.4 0 0
69 30 58 27258.6 0 0
69 30 58 27262.9 0 0
69 29 58 27267.1 0 0
68 29 58 27271.3 0 0
69 29 58 27275.5 0 0
68 30 58 27279.7 0 0
69 29 58 27283.9 0 0
68 29 58 27288.1 0 0
69 29 58 27292.3 0 0
70 29 58 27296.6 0 0
69 29 58 27300.8 0 0
66 29 58 27305 0 0
69 30 58 27309.2 0 0
68 29 58 27313.4 0 0
70 29 58 27317.6 0 0
70 29 58 27321.8 0 0
71 28 58 27326.1 0 0
70 29 58 27330.3 0 0
69 28 58 27334.5 0 0
70 29 58 27338.7 0 0
70 29 58 27342.9 0 0
67 29 58 27347.2 0 0
70 29 58 27351.4 0 0
68 29 58 27355.7 0 0
69 29 58 27359.9 0 0
70 29 58 27364.1 0 0
69 29 58 27368.3 0 0
69 29 58 27372.5 0 0
70 29 58 27376.8 0 0
68 29 58 27381 0 0
72 29 58 27385.2 0 0
68 30 58 27389.4 0 0
68 29 58 27393.6 0 0
71 29 58 27397.8 0 0
69 30 58 27402 0 0
70 29 58 27406.2 0 0
68 30 58 27410.4 0 0
70 30 58 27414.6 0 0
68 31 58 27418.9 0 0
71 33 58 27423.1 0 0
71 37 58 27427.3 0 0
71 61 58 27431.5 0 0
71 73 58 27435.7 0 0
70 87 58 27439.9 0 0
71 97 58 27444.1 0 0
70 113 58 27448.3 0 0
69 133 58 27452.6 0 0
70 150 58 27456.8 0 0
67 167 58 27461 0 0
69 173 58 27465.2 0 0
70 177 58 27469.4 0 0
73 183 58 27473.6 0 0
68 184 58 27477.8 0 0
71 184 58 27482.1 0 0
67 184 58 27486.3 0 0
69 186 58 27490.5 0 0
70 183 58 27494.7 0 0
70 181 58 27498.9 0 0
69 186 58 27503.1 0 0
69 183 58 27507.3 0 0
70 192 58 27511.6 0 0
70 188 58 27515.8 0 0
67 187 58 27520 0 0
69 185 58 27524.2 0 0
70 189 58 27528.4 0 0
68 185 58 27532.6 0 0
69 186 58 27536.9 0 0
70 185 58 27541.1 0 0
71 186 58 27545.3 0 0
67 186 58 27549.5 0 0
68 185 58 27553.8 0 0
69 186 58 27558 0 0
70 186 58 27562.2 0 0
69 190 58 27566.4 0 0
69 188 58 27570.6 0 0
68 197 58 27574.8 0 0
70 198 58 27579.1 0 0
70 183 58 27583.3 0 0
72 189 58 27587.5 0 0
71 195 58 27591.7 0 0
72 192 58 27595.9 0 0
69 189 58 27600.1 0 0
70 191 58 27604.3 0 0
71 190 58 27608.5 0 0
70 187 58 27612.8 0 0
73 186 58 27617 0 0
70 188 58 27621.2 0 0
68 185 58 27625.4 0 0
71 186 58 27629.6 0 0
68 188 58 27633.8 0 0
70 185 58 27638.1 0 0
69 190 58 27642.3 0 0
69 191 58 27646.5 0 0
71 190 58 27650.7 0 0
71 193 58 27654.9 0 0
70 196 58 27659.2 0 0
69 192 58 27663.4 0 0
71 190 58 27667.6 0 0
68 190 58 27671.9 0 0
71 183 58 27676.1 0 0
70 189 58 27680.3 0 0
70 194 58 27684.5 0 0
77 191 59 27688.7 0 0
87 195 59 27692.9 0 0
102 184 60 27697.1 0 0
109 188 60 27701.3 0 0
123 187 59 27705.5 0 0
133 189 59 27709.8 0 0
144 194 58 27714 0 0
153 191 58 27718.2 0 0
163 194 57 27722.4 0 0
162 192 57 27726.7 0 0
167 192 57 27730.9 0 0
169 195 57 27735.1 0 0
167 192 56 27739.4 0 0
164 194 57 27743.6 0 0
167 184 57 27747.8 0 0
165 187 57 27752 0 0
167 189 56 27756.2 0 0
168 190 57 27760.4 0 0
165 183 56 27764.7 0 0
167 186 56 27768.9 0 0
169 188 56 27773.1 0 0
169 189 56 27777.3 0 0
166 184 56 27781.5 0 0
169 185 56 27785.7 0 0
169 187 56 27789.9 0 0
169 182 56 27794.1 0 0
167 184 56 27798.3 0 0
167 186 56 27802.6 0 0
168 187 56 27806.8 0 0
167 188 56 27811 0 0
168 186 56 27815.2 0 0
168 186 57 27819.4 0 0
166 189 56 27823.6 0 0
166 187 56 27827.8 0 0
169 183 57 27832.1 0 0
167 185 56 27836.3 0 0
167 188 56 27840.5 0 0
168 186 56 27844.7 0 0
170 188 56 27848.9 0 0
167 185 56 27853.1 0 0
169 187 56 27857.3 0 0
168 185 56 27861.5 0 0
169 183 56 27865.8 0 0
168 188 57 27870 0 0
169 188 56 27874.2 0 0
172 183 57 27878.4 0 0
169 188 56 27882.6 0 0
167 188 56 27886.8 0 0
168 186 56 27891.1 0 0
169 186 57 27895.3 0 0
168 186 57 27899.5 0 0
166 185 56 27903.7 0 0
167 184 57 27907.9 0 0
172 185 56 27912.1 0 0
169 183 57 27916.3 0 0
169 183 57 27920.6 0 0
168 179 57 27924.8 0 0
169 184 57 27929 0 0
169 181 56 27933.2 0 0
168 182 57 27937.4 0 0
167 182 56 27941.7 0 0
165 192 57 27945.9 0 0
165 181 57 27950.1 0 0
168 179 57 27954.3 0 0
164 162 56 27958.5 0 0
167 139 56 27962.7 0 0
166 121 57 27966.9 0 0
164 116 56 27971.2 0 0
164 103 57 27975.4 0 0
164 94 57 27979.6 0 0
165 85 57 27983.8 0 0
163 74 57 27988.1 0 0
168 71 57 27992.3 0 0
168 58 57 27996.5 0 0
164 57 57 28000.7 0 0
164 44 57 28004.9 0 0
164 40 57 28009.1 0 0
165 39 57 28013.4 0 0
167 37 57 28017.6 0 0
166 33 57 28021.8 0 0
165 32 57 28026 0 0
166 32 57 28030.2 0 0
165 32 57 28034.4 0 0
168 33 57 28038.6 0 0
165 32 57 28042.9 0 0
168 32 57 28047.1 0 0
163 32 57 28051.3 0 0
166 32 57 28055.5 0 0
165 32 57 28059.7 0 0
168 32 57 28063.9 0 0
165 32 56 28068.1 0 0
165 32 57 28072.3 0 0
167 32 57 28076.6 0 0
166 31 57 28080.8 0 0
165 31 57 28085 0 0
168 31 57 28089.2 0 0
166 32 57 28093.4 0 0
166 32 57 28097.6 0 0
166 31 57 28101.8 0 0
165 31 57 28106.1 0 0
165 32 57 28110.3 0 0
166 32 57 28114.5 0 0
166 32 57 28118.7 0 0
166 31 57 28123 0 0
165 31 57 28127.2 0 0
167 31 57 28131.4 0 0
165 32 57 28135.6 0 0
168 32 57 28139.8 0 0
166 32 57 28144 0 0
164 31 57 28148.2 0 0
166 31 57 28152.4 0 0
164 32 57 28156.6 0 0
167 32 57 28160.8 0 0
165 32 57 28165.1 0 0
166 32 57 28169.3 0 0
164 31 57 28173.5 0 0
164 32 57 28177.7 0 0
167 32 57 28181.9 0 0
163 33 57 28186.1 0 0
165 33 57 28190.3 0 0
165 35 57 28194.5 0 0
161 38 57 28198.8 0 0
159 43 58 28203 0 0
147 54 58 28207.2 0 0
141 64 58 28211.4 0 0
139 74 58 28215.6 0 0
135 84 59 28219.8 0 0
131 94 58 28224 0 0
127 101 58 28228.3 0 0
120 109 58 28232.5 0 0
117 116 58 28236.7 0 0
121 127 58 28240.9 0 0
120 135 58 28245.2 0 0
122 138 58 28249.4 0 0
121 136 58 28253.6 0 0
121 133 58 28257.8 0 0
120 131 58 28262 0 0
120 137 58 28266.3 0 0
121 135 58 28270.5 0 0
121 143 58 28274.7 0 0
122 140 58 28278.9 0 0
120 142 58 28283.1 0 0
120 140 58 28287.3 0 0
118 140 58 28291.5 0 0
121 143 58 28295.7 0 0
121 140 58 28299.9 0 0
122 144 58 28304.2 0 0
121 144 58 28308.4 0 0
121 139 58 28312.6 0 0
122 139 58 28316.8 0 0
120 142 58 28321 0 0
118 143 58 28325.3 0 0
120 146 57 28329.5 0 0
121 155 57 28333.7 0 0
122 150 58 28337.9 0 0
120 150 58 28342.1 0 0
122 154 58 28346.3 0 0
122 151 58 28350.5 0 0
120 149 58 28354.8 0 0
119 154 58 28359 0 0
122 144 58 28363.2 0 0
122 149 58 28367.4 0 0
119 153 58 28371.6 0 0
121 143 58 28375.8 0 0
119 150 58 28380 0 0
122 150 58 28384.2 0 0
118 151 58 28388.5 0 0
123 145 58 28392.7 0 0
120 146 58 28396.9 0 0
120 139 58 28401.1 0 0
121 140 58 28405.3 0 0
120 141 58 28409.5 0 0
122 141 58 28413.8 0 0
121 145 58 28418 0 0
122 145 58 28422.2 0 0
121 151 58 28426.5 0 0
123 149 58 28430.7 0 0
119 151 58 28434.9 0 0
118 150 57 28439.1 0 0
119 149 58 28443.3 0 0
121 156 58 28447.6 0 0
122 150 58 28451.8 0 0
118 150 58 28456.1 0 0
122 151 58 28460.3 0 0
123 151 58 28464.5 0 0
117 149 58 28468.7 0 0
120 151 58 28472.9 0 0
119 150 58 28477.1 0 0
121 151 58 28481.4 0 0
123 151 58 28485.6 0 0
121 153 57 28489.8 0 0
120 154 58 28494.1 0 0
120 137 58 28498.3 0 0
122 142 58 28502.5 0 0
121 135 58 28506.7 0 0
122 139 58 28510.9 0 0
118 139 58 28515.1 0 0
118 139 58 28519.3 0 0
120 144 58 28523.5 0 0
116 137 58 28527.8 0 0
120 144 58 28532 0 0
124 144 58 28536.2 0 0
120 145 58 28540.4 0 0
120 145 57 28544.6 0 0
120 152 58 28548.8 0 0
117 151 58 28553.1 0 0
115 158 58 28557.3 0 0
116 154 58 28561.5 0 0
118 156 58 28565.7 0 0
115 152 58 28569.9 0 0
112 149 58 28574.1 0 0
114 157 58 28578.4 0 0
117 153 58 28582.6 0 0
118 154 58 28586.8 0 0
117 157 58 28591 0 0
113 152 58 28595.2 0 0
116 153 58 28599.4 0 0
117 155 58 28603.7 0 0
119 162 58 28607.9 0 0
116 154 58 28612.1 0 0
120 154 58 28616.3 0 0
114 149 58 28620.5 0 0
117 151 58 28624.8 0 0
113 131 58 28629.1 0 0
111 116 58 28633.3 0 0
113 95 58 28637.5 0 0
108 86 58 28641.8 0 0
110 78 58 28646 0 0
110 68 58 28650.2 0 0
109 61 58 28654.4 0 0
107 54 58 28658.6 0 0
105 53 58 28662.8 0 0
107 54 58 28667 0 0
110 53 58 28671.2 0 0
109 54 58 28675.5 0 0
111 56 58 28679.7 0 0
109 53 58 28683.9 0 0
108 54 58 28688.1 0 0
107 55 58 28692.3 0 0
107 56 58 28696.5 0 0
109 57 58 28700.8 0 0
107 55 58 28705 0 0
109 55 58 28709.2 0 0
107 55 58 28713.4 0 0
109 56 58 28717.6 0 0
109 55 58 28721.8 0 0
108 57 58 28726 0 0
111 55 58 28730.3 0 0
109 54 58 28734.5 0 0
108 53 58 28738.7 0 0
110 56 58 28742.9 0 0
107 55 58 28747.1 0 0
111 53 58 28751.3 0 0
109 55 58 28755.5 0 0
111 54 58 28759.8 0 0
108 54 58 28764 0 0
109 55 58 28768.2 0 0
107 54 58 28772.5 0 0
107 56 58 28776.7 0 0
112 55 58 28780.9 0 0
107 54 58 28785.1 0 0
107 54 58 28789.3 0 0
108 57 58 28793.6 0 0
114 57 59 28797.8 0 0
126 57 60 28802 0 0
136 56 59 28806.2 0 0
147 59 59 28810.4 0 0
158 57 59 28814.6 0 0
167 61 58 28818.8 0 0
176 61 57 28823.1 0 0
185 63 57 28827.3 0 0
192 60 56 28831.5 0 0
200 56 55 28835.7 0 0
202 57 55 28839.9 0 0
207 57 54 28844.1 0 0
210 57 54 28848.3 0 0
209 57 54 28852.5 0 0
209 58 54 28856.8 0 0
209 57 54 28861 0 0
212 58 54 28865.2 0 0
210 57 54 28869.4 0 0
210 58 54 28873.7 0 0
211 58 54 28877.9 0 0
207 57 54 28882.1 0 0
211 60 54 28886.3 0 0
211 59 54 28890.5 0 0
209 59 54 28894.7 0 0
209 58 54 28899 0 0
211 58 54 28903.2 0 0
208 56 54 28907.3 0 0
207 56 54 28911.6 0 0
210 55 54 28915.8 0 0
208 56 54 28920 0 0
209 57 54 28924.2 0 0
210 57 54 28928.7 0 0
209 57 54 28932.9 0 0
210 56 54 28937.2 0 0
208 56 54 28941.4 0 0
211 57 54 28945.6 0 0
208 58 54 28949.9 0 0
211 56 54 28954.1 0 0
210 56 54 28958.3 0 0
209 56 54 28962.5 0 0
210 55 54 28966.7 0 0
211 55 54 28970.9 0 0
212 55 54 28975.1 0 0
209 54 54 28979.3 0 0
209 55 54 28983.5 0 0
211 55 54 28987.8 0 0
211 56 54 28992 0 0
209 55 54 28996.2 0 0
209 57 54 29000.4 0 0
211 57 54 29004.6 0 0
207 55 54 29008.8 0 0
209 55 54 29013 0 0
209 54 54 29017.3 0 0
207 56 54 29021.5 0 0
211 53 54 29025.7 0 0
210 56 54 29029.9 0 0
207 56 54 29034.1 0 0
203 53 55 29038.3 0 0
194 55 56 29042.5 0 0
167 58 59 29046.8 0 0
155 55 59 29051 0 0
142 53 60 29055.2 0 0
128 50 60 29059.4 0 0
114 49 60 29063.6 0 0
98 50 60 29067.8 0 0
90 51 60 29072 0 0
78 49 60 29076.3 0 0
70 47 59 29080.5 0 0
58 49 59 29084.7 0 0
50 46 59 29088.9 0 0
44 46 58 29093.1 0 0
41 44 58 29097.5 0 0
35 43 58 29101.7 0 0
32 42 57 29106 0 0
29 42 57 29110.2 0 0
28 42 57 29114.5 0 0
31 41 57 29118.7 0 0
30 43 57 29122.9 0 0
31 43 57 29127.1 0 0
32 44 57 29131.3 0 0
30 44 57 29135.5 0 0
30 44 57 29139.7 0 0
31 43 57 29144 0 0
31 43 57 29148.2 0 0
30 43 57 29152.4 0 0
30 44 57 29156.6 0 0
30 44 57 29160.8 0 0
30 43 57 29165 0 0
29 44 57 29169.2 0 0
30 43 57 29173.4 0 0
31 44 57 29177.8 0 0
31 43 57 29182 0 0
28 44 57 29186.2 0 0
31 43 57 29190.4 0 0
30 42 57 29194.6 0 0
29 43 57 29198.8 0 0
28 45 57 29203.1 0 0
31 44 57 29207.3 0 0
32 43 57 29211.5 0 0
29 43 57 29215.7 0 0
30 43 57 29219.9 0 0
30 43 57 29224.1 0 0
30 43 57 29228.3 0 0
28 44 57 29232.5 0 0
28 43 57 29236.8 0 0
30 43 57 29241 0 0
29 44 57 29245.2 0 0
28 43 57 29249.4 0 0
30 44 57 29253.6 0 0
30 43 57 29257.8 0 0
30 44 57 29262.1 0 0
28 45 57 29266.3 0 0
30 44 57 29270.5 0 0
29 44 57 29274.7 0 0
31 42 57 29278.9 0 0
29 44 57 29283.1 0 0
29 44 57 29287.4 0 0
29 44 57 29291.6 0 0
30 44 57 29295.8 0 0
30 44 57 29300 0 0
30 42 57 29304.2 0 0
27 42 57 29308.4 0 0
22 42 57 29312.6 0 0
20 42 57 29316.8 0 0
20 42 57 29321.1 0 0
22 40 57 29325.3 0 0
23 42 57 29329.5 0 0
24 41 57 29333.8 0 0
24 44 57 29338 0 0
22 44 57 29342.2 0 0
23 42 57 29346.4 0 0
21 43 57 29350.6 0 0
22 43 57 29354.8 0 0
21 41 57 29359 0 0
23 43 57 29363.3 0 0
23 43 57 29367.5 0 0
22 42 57 29371.7 0 0
23 42 57 29375.9 0 0
23 43 57 29380.1 0 0
23 42 57 29384.3 0 0
23 43 57 29388.6 0 0
23 43 57 29392.8 0 0
22 42 57 29397 0 0
22 42 57 29401.2 0 0
21 43 57 29405.4 0 0
23 43 57 29409.6 0 0
22 43 57 29413.8 0 0
22 41 57 29418 0 0
22 43 57 29422.3 0 0
21 41 57 29426.5 0 0
23 41 57 29430.7 0 0
24 42 57 29434.9 0 0
21 41 57 29439.1 0 0
22 42 57 29443.3 0 0
22 41 57 29447.5 0 0
23 41 57 29451.8 0 0
22 43 57 29456 0 0
23 42 57 29460.2 0 0
23 40 57 29464.4 0 0
24 41 57 29468.6 0 0
23 41 57 29472.8 0 0
24 41 57 29477 0 0
23 42 57 29481.3 0 0
24 43 57 29485.5 0 0
23 41 57 29489.7 0 0
22 42 57 29493.9 0 0
22 43 57 29498.1 0 0
23 41 57 29502.3 0 0
23 40 57 29506.5 0 0
23 41 57 29510.8 0 0
23 40 57 29515 0 0
24 42 57 29519.2 0 0
23 41 57 29523.4 0 0
23 42 57 29527.6 0 0
22 42 57 29531.8 0 0
22 40 57 29536.1 0 0
22 42 57 29540.3 0 0
23 40 57 29544.5 0 0
23 41 57 29548.7 0 0
24 42 57 29553 0 0
22 40 57 29557.2 0 0
23 41 57 29561.4 0 0
23 41 57 29565.6 0 0
25 41 57 29569.8 0 0
22 42 57 29574 0 0
22 43 57 29578.2 0 0
23 41 57 29582.5 0 0
23 42 57 29586.7 0 0
24 41 57 29590.8 0 0
22 42 57 29595 0 0
23 41 57 29599.3 0 0
24 41 57 29603.5 0 0
24 43 57 29607.7 0 0
24 42 57 29611.9 0 0
23 41 57 29616.4 0 0
23 41 57 29620.6 0 0
22 42 57 29624.8 0 0
22 40 57 29629 0 0
23 41 57 29633.2 0 0
21 41 57 29637.5 0 0
22 40 57 29641.7 0 0
21 42 57 29645.9 0 0
24 41 57 29650.1 0 0
22 42 57 29654.3 0 0
23 42 57 29658.5 0 0
23 41 57 29662.7 0 0
22 41 57 29666.9 0 0
24 40 57 29671.2 0 0
23 42 57 29678.1 0 0
24 42 57 29682.4 0 0
22 41 57 29686.6 0 0
24 41 57 29690.8 0 0
22 42 57 29695 0 0
23 40 57 29699.3 0 0
24 42 57 29703.5 0 0
23 42 57 29707.7 0 0
23 41 57 29711.9 0 0
22 41 57 29716.1 0 0
21 41 57 29720.3 0 0
23 41 57 29724.5 0 0
21 42 57 29728.8 0 0
23 41 57 29733 0 0
23 41 57 29737.2 0 0
23 41 57 29741.4 0 0
22 41 57 29745.6 0 0
23 42 57 29749.8 0 0
22 42 57 29754 0 0
24 42 57 29758.2 0 0
22 42 57 29762.5 0 0
22 42 57 29766.7 0 0
22 42 57 29770.9 0 0
23 41 57 29775.1 0 0
21 40 57 29782.3 0 0
24 41 57 29786.5 0 0
23 41 57 29790.7 0 0
23 41 57 29795 0 0
23 41 57 29799.2 0 0
21 41 57 29803.4 0 0
22 42 57 29807.6 0 0
22 41 57 29811.9 0 0
23 40 57 29816.1 0 0
23 43 57 29820.3 0 0
21 41 57 29824.6 0 0
23 40 57 29828.8 0 0
22 42 57 29833 0 0
23 42 57 29837.2 0 0
23 41 57 29841.4 0 0
24 41 57 29845.6 0 0
22 40 57 29849.8 0 0
22 42 57 29854.1 0 0
23 42 57 29858.3 0 0
23 40 57 29862.5 0 0
24 42 57 29866.7 0 0
22 41 57 29870.9 0 0
23 41 57 29875.1 0 0
22 40 57 29879.3 0 0
23 42 57 29886.2 0 0
22 41 57 29890.6 0 0
22 42 57 29894.8 0 0
23 41 57 29899 0 0
24 41 57 29903.2 0 0
24 41 57 29907.4 0 0
23 40 57 29911.6 0 0
25 42 57 29915.8 0 0
21 41 57 29920 0 0
22 40 57 29924.2 0 0
23 41 57 29928.5 0 0
23 41 57 29932.7 0 0
22 40 57 29936.9 0 0
24 41 57 29941.1 0 0
22 42 57 29945.3 0 0
23 40 57 29949.5 0 0
24 41 57 29953.8 0 0
21 41 57 29958 0 0
21 41 57 29962.2 0 0
22 41 57 29966.4 0 0
23 41 57 29970.6 0 0
23 41 57 29974.8 0 0
22 40 57 29979 0 0
22 40 57 29983.2 0 0
22 42 57 29987.9 0 0
23 40 57 29992.1 0 0
23 41 57 29996.3 0 0
22 41 57 30000.5 0 0
23 41 57 30004.7 0 0
22 42 57 30009 0 0
25 40 57 30013.2 0 0
26 43 57 30017.4 0 0
32 43 58 30021.6 0 0
40 44 59 30025.8 0 0
49 41 59 30030 0 0
57 38 59 30034.2 0 0
62 36 58 30038.5 0 0
63 34 58 30042.8 0 0
66 33 58 30047 0 0
66 34 58 30051.2 0 0
68 34 58 30055.4 0 0
69 35 58 30059.6 0 0
67 35 58 30063.8 0 0
67 34 58 30068.1 0 0
69 35 58 30072.3 0 0
66 35 58 30076.5 0 0
68 34 58 30080.7 0 0
68 34 58 30084.9 0 0
67 34 58 30089.1 0 0
68 34 58 30093.4 0 0
70 34 58 30097.7 0 0
67 33 58 30101.9 0 0
69 34 58 30106.1 0 0
66 34 58 30110.3 0 0
67 33 58 30114.6 0 0
68 34 58 30118.8 0 0
66 33 58 30123 0 0
68 33 58 30127.2 0 0
67 34 58 30131.5 0 0
68 33 58 30135.7 0 0
68 34 58 30139.9 0 0
66 33 58 30144.1 0 0
67 33 58 30148.3 0 0
68 34 58 30152.5 0 0
67 33 58 30156.8 0 0
67 33 58 30161 0 0
69 33 58 30165.2 0 0
69 33 58 30169.5 0 0
67 33 58 30173.7 0 0
69 34 58 30178.2 0 0
67 33 58 30182.4 0 0
69 33 58 30186.6 0 0
67 33 58 30190.8 0 0
69 33 58 30195 0 0
68 34 58 30199.2 0 0
66 34 58 30203.5 0 0
66 33 58 30207.7 0 0
68 34 58 30211.9 0 0
68 34 58 30216.1 0 0
69 34 58 30220.3 0 0
68 34 58 30224.5 0 0
65 34 58 30228.7 0 0
69 34 58 30232.9 0 0
68 33 58 30237.2 0 0
67 34 58 30241.4 0 0
67 34 58 30245.6 0 0
70 34 58 30249.8 0 0
80 38 59 30254 0 0
90 42 59 30260.8 0 0
98 46 59 30265.1 0 0
104 50 58 30269.3 0 0
109 56 58 30273.5 0 0
113 60 58 30277.7 0 0
112 63 58 30281.9 0 0
113 65 58 30286.1 0 0
113 66 58 30290.3 0 0
110 69 58 30294.6 0 0
111 70 58 30298.8 0 0
110 70 58 30303 0 0
111 70 58 30307.2 0 0
111 69 58 30311.4 0 0
109 67 58 30315.6 0 0
111 66 58 30319.9 0 0
111 70 58 30324.1 0 0
111 67 58 30328.3 0 0
109 67 57 30332.5 0 0
111 69 58 30336.7 0 0
111 67 58 30340.9 0 0
111 70 58 30345.2 0 0
116 70 58 30349.4 0 0
110 67 58 30353.6 0 0
110 67 58 30357.8 0 0
110 69 58 30362.9 0 0
109 69 58 30367.1 0 0
110 70 58 30373.2 0 0
110 67 58 30377.4 0 0
111 70 58 30381.7 0 0
110 67 58 30385.9 0 0
112 68 58 30390.1 0 0
110 70 58 30394.3 0 0
111 64 58 30398.5 0 0
113 68 58 30402.8 0 0
112 66 58 30407 0 0
110 65 58 30411.2 0 0
113 68 58 30415.4 0 0
109 67 57 30419.6 0 0
111 68 58 30423.8 0 0
109 66 58 30428 0 0
112 68 58 30432.3 0 0
114 66 58 30436.5 0 0
123 63 58 30440.7 0 0
135 55 59 30444.9 0 0
142 52 58 30449.1 0 0
147 47 58 30453.4 0 0
154 43 57 30457.6 0 0
157 40 57 30461.8 0 0
159 40 57 30466 0 0
163 40 56 30470.2 0 0
161 40 56 30474.5 0 0
160 40 56 30478.7 0 0
161 42 56 30485.9 0 0
161 39 56 30490.1 0 0
159 41 56 30494.3 0 0
161 40 56 30498.5 0 0
160 40 56 30502.7 0 0
161 40 57 30506.9 0 0
160 40 56 30511.1 0 0
160 39 56 30515.4 0 0
161 40 56 30519.6 0 0
159 39 56 30523.8 0 0
159 40 56 30528 0 0
161 40 56 30532.2 0 0
162 40 57 30536.4 0 0
160 40 56 30540.6 0 0
159 39 56 30544.9 0 0
159 40 56 30549.1 0 0
160 39 56 30553.3 0 0
161 40 56 30557.5 0 0
161 41 56 30561.7 0 0
163 39 56 30565.9 0 0
159 40 56 30570.1 0 0
161 40 56 30574.4 0 0
161 40 56 30581.5 0 0
160 39 57 30585.7 0 0
160 40 56 30590 0 0
162 39 56 30594.2 0 0
161 41 56 30598.3 0 0
159 40 57 30602.6 0 0
160 40 56 30606.8 0 0
161 41 57 30611 0 0
161 41 56 30615.2 0 0
161 41 56 30619.5 0 0
161 40 57 30623.7 0 0
160 41 56 30627.9 0 0
161 41 56 30632.1 0 0
160 40 56 30636.4 0 0
162 40 57 30640.6 0 0
161 41 56 30644.8 0 0
161 40 56 30649 0 0
159 41 56 30653.2 0 0
159 40 56 30657.4 0 0
159 41 56 30661.6 0 0
160 41 56 30665.9 0 0
162 39 56 30670.1 0 0
163 41 56 30674.3 0 0
163 39 56 30678.5 0 0
162 41 56 30685.4 0 0
161 40 57 30689.6 0 0
161 40 57 30693.9 0 0
161 40 56 30698.1 0 0
163 39 56 30702.3 0 0
163 41 57 30706.5 0 0
161 39 56 30710.8 0 0
161 39 57 30715 0 0
161 40 57 30719.2 0 0
161 40 56 30723.4 0 0
162 41 56 30727.6 0 0
161 42 56 30731.8 0 0
160 40 56 30736 0 0
161 42 56 30740.3 0 0
162 40 56 30744.5 0 0
161 42 56 30748.7 0 0
163 40 56 30752.9 0 0
162 42 56 30757.1 0 0
161 40 57 30761.3 0 0
163 41 56 30765.6 0 0
161 40 57 30769.8 0 0
161 41 57 30774 0 0
160 40 56 30778.2 0 0
160 39 56 30782.4 0 0
162 41 57 30786.6 0 0
160 42 56 30790.8 0 0
157 40 57 30795.1 0 0
147 44 58 30799.3 0 0
141 51 58 30806.3 0 0
137 53 58 30810.5 0 0
132 58 58 30814.7 0 0
129 61 57 30818.9 0 0
126 64 58 30823.1 0 0
127 67 57 30827.3 0 0
126 69 58 30831.5 0 0
127 72 58 30835.7 0 0
128 70 58 30839.9 0 0
128 70 58 30844.1 0 0
125 69 58 30848.3 0 0
127 67 57 30852.6 0 0
124 68 58 30856.8 0 0
126 66 58 30861 0 0
124 68 58 30865.2 0 0
124 67 57 30869.4 0 0
126 66 58 30873.6 0 0
123 67 58 30877.8 0 0
126 66 57 30882.1 0 0
125 67 57 30886.3 0 0
124 67 57 30890.5 0 0
127 66 58 30894.7 0 0
125 68 57 30898.9 0 0
124 67 58 30903.1 0 0
127 68 57 30907.3 0 0
125 70 58 30911.6 0 0
123 67 58 30915.8 0 0
123 68 58 30922.7 0 0
128 70 58 30926.9 0 0
128 70 58 30931.1 0 0
127 68 58 30935.3 0 0
125 67 57 30939.5 0 0
128 69 58 30943.8 0 0
125 67 58 30948 0 0
126 66 58 30952.3 0 0
127 68 57 30956.5 0 0
125 66 58 30960.7 0 0
124 66 57 30964.9 0 0
128 67 58 30969.1 0 0
127 66 58 30973.3 0 0
126 66 58 30977.5 0 0
124 65 58 30981.7 0 0
126 68 58 30986 0 0
125 66 58 30990.2 0 0
124 70 57 30994.4 0 0
126 68 58 30998.6 0 0
123 69 58 31002.8 0 0
125 69 58 31007 0 0
126 70 58 31011.2 0 0
125 69 58 31015.5 0 0
125 71 58 31019.7 0 0
126 70 58 31023.9 0 0
123 67 58 31031 0 0
119 76 58 31039.3 0 0
107 88 58 31047.8 0 0
95 103 58 31056 0 0
86 124 58 31064.3 0 0
79 152 58 31072.5 0 0
77 162 58 31081 0 0
77 162 58 31089.2 0 0
73 174 58 31097.3 0 0
74 175 58 31101.5 0 0
74 178 58 31106 0 0
74 175 58 31110.2 0 0
75 177 58 31114.5 0 0
74 172 57 31118.7 0 0
73 174 58 31122.9 0 0
75 180 58 31127.1 0 0
74 182 58 31131.3 0 0
74 188 58 31135.5 0 0
75 202 58 31139.8 0 0
75 189 58 31144 0 0
75 185 58 31148.2 0 0
73 186 58 31152.4 0 0
72 184 58 31156.6 0 0
72 194 58 31160.8 0 0
75 196 58 31165 0 0
72 188 58 31169.9 0 0
73 185 58 31174.1 0 0
74 181 58 31180.9 0 0
74 181 58 31185.1 0 0
75 180 58 31189.3 0 0
76 181 58 31193.5 0 0
71 180 58 31197.7 0 0
74 182 58 31202 0 0
74 182 58 31206.2 0 0
77 191 58 31210.4 0 0
72 180 58 31214.6 0 0
75 191 58 31218.8 0 0
70 183 57 31223.1 0 0
70 183 58 31227.3 0 0
69 191 58 31231.5 0 0
73 182 58 31235.8 0 0
74 189 58 31240 0 0
71 181 58 31244.2 0 0
72 183 58 31248.4 0 0
72 189 57 31252.6 0 0
71 183 58 31256.8 0 0
72 186 58 31261 0 0
74 185 57 31265.3 0 0
72 183 58 31269.5 0 0
72 183 58 31273.7 0 0
73 181 58 31284.8 0 0
71 189 58 31289 0 0
72 181 58 31293.3 0 0
72 186 58 31297.5 0 0
73 190 58 31301.8 0 0
70 185 58 31306 0 0
69 181 58 31310.2 0 0
67 193 58 31314.4 0 0
65 192 58 31318.6 0 0
67 197 58 31322.8 0 0
67 199 57 31327 0 0
67 195 58 31331.2 0 0
69 194 58 31335.4 0 0
70 189 58 31339.6 0 0
68 186 57 31343.8 0 0
66 191 58 31348 0 0
70 190 57 31352.2 0 0
67 188 57 31356.5 0 0
69 188 58 31360.7 0 0
67 191 58 31364.9 0 0
67 191 58 31369.2 0 0
68 188 58 31373.3 0 0
65 189 58 31377.5 0 0
67 193 58 31381.8 0 0
66 189 58 31386 0 0
69 195 58 31390.2 0 0
66 198 57 31394.4 0 0
69 195 57 31398.7 0 0
67 191 57 31405.5 0 0
67 194 58 31409.7 0 0
68 197 58 31413.9 0 0
67 191 58 31418.2 0 0
67 189 58 31422.5 0 0
69 196 58 31426.8 0 0
69 190 58 31431 0 0
68 194 57 31435.2 0 0
69 189 58 31439.4 0 0
68 193 58 31443.6 0 0
69 192 58 31447.8 0 0
69 188 57 31452.1 0 0
69 199 58 31456.3 0 0
67 193 58 31460.5 0 0
68 202 57 31464.7 0 0
67 196 58 31468.9 0 0
69 200 57 31473.1 0 0
69 196 58 31477.3 0 0
68 202 57 31481.6 0 0
66 193 58 31485.8 0 0
70 192 58 31490.1 0 0
68 209 58 31494.3 0 0
68 209 58 31498.5 0 0
84 191 59 31503.5 0 0
95 186 59 31507.7 0 0
102 176 59 31512 0 0
113 169 59 31516.2 0 0
120 184 58 31520.4 0 0
120 168 58 31524.7 0 0
122 158 58 31528.9 0 0
128 161 57 31533.1 0 0
125 164 57 31537.3 0 0
126 169 57 31541.5 0 0
121 168 58 31545.7 0 0
121 166 58 31550 0 0
125 167 58 31554.2 0 0
122 165 57 31558.4 0 0
123 167 58 31562.6 0 0
125 165 58 31566.8 0 0
121 163 57 31571 0 0
124 167 57 31575.3 0 0
120 166 58 31579.5 0 0
122 163 57 31583.7 0 0
125 167 57 31587.9 0 0
124 167 58 31592.1 0 0
124 163 57 31596.3 0 0
125 168 58 31600.5 0 0
125 164 58 31604.7 0 0
124 168 58 31609 0 0
121 169 58 31613.2 0 0
124 165 57 31617.4 0 0
127 166 57 31621.6 0 0
124 162 58 31625.8 0 0
124 173 57 31630 0 0
129 167 57 31634.2 0 0
123 163 57 31638.5 0 0
123 167 58 31642.7 0 0
122 161 57 31646.9 0 0
122 163 57 31651.1 0 0
123 165 58 31655.3 0 0
126 168 57 31659.5 0 0
125 171 57 31663.8 0 0
125 167 57 31668 0 0
123 167 57 31672.2 0 0
125 170 58 31676.4 0 0
125 167 57 31680.7 0 0
125 171 57 31684.9 0 0
126 169 57 31689.1 0 0
122 167 57 31693.3 0 0
125 168 57 31697.5 0 0
125 165 57 31701.7 0 0
121 170 58 31705.9 0 0
125 169 58 31710.1 0 0
122 167 57 31714.3 0 0
122 168 57 31718.5 0 0
124 167 58 31722.7 0 0
124 169 57 31727 0 0
125 169 58 31731.2 0 0
123 160 57 31735.5 0 0
117 153 58 31739.7 0 0
113 136 58 31743.9 0 0
109 121 58 31748.1 0 0
107 113 58 31752.3 0 0
103 103 58 31756.7 0 0
100 96 58 31760.9 0 0
98 87 58 31765.1 0 0
96 83 58 31769.3 0 0
96 76 58 31773.6 0 0
95 73 58 31777.8 0 0
96 69 58 31782 0 0
93 69 58 31786.2 0 0
95 71 58 31790.4 0 0
95 71 58 31794.6 0 0
95 70 58 31798.9 0 0
94 70 58 31803.1 0 0
95 70 58 31807.3 0 0
96 71 58 31811.5 0 0
94 72 58 31815.7 0 0
95 70 58 31819.9 0 0
96 68 58 31824.1 0 0
94 69 58 31828.4 0 0
94 70 58 31832.6 0 0
95 70 58 31836.8 0 0
95 69 58 31841 0 0
96 71 58 31845.2 0 0
95 70 58 31849.5 0 0
95 71 58 31853.7 0 0
95 72 58 31857.9 0 0
94 72 58 31862.1 0 0
96 73 58 31866.6 0 0
96 71 58 31870.8 0 0
93 70 58 31875 0 0
96 72 58 31879.2 0 0
93 71 58 31883.5 0 0
93 72 58 31887.7 0 0
94 71 58 31891.9 0 0
97 72 58 31896.2 0 0
94 72 58 31900.3 0 0
94 73 58 31904.5 0 0
92 72 58 31908.8 0 0
93 70 58 31913 0 0
94 73 58 31917.2 0 0
94 70 58 31921.4 0 0
96 71 58 31925.6 0 0
94 72 58 31929.8 0 0
96 70 58 31934.1 0 0
93 71 58 31938.3 0 0
94 70 58 31942.5 0 0
93 70 58 31946.7 0 0
94 71 58 31950.9 0 0
95 73 58 31955.2 0 0
96 72 58 31959.4 0 0
96 81 58 31963.6 0 0
102 85 58 31967.8 0 0
109 89 58 31972 0 0
108 102 58 31976.2 0 0
113 110 58 31980.5 0 0
117 123 57 31984.7 0 0
117 131 58 31988.9 0 0
117 136 57 31993.1 0 0
118 142 57 31997.3 0 0
116 143 58 32001.5 0 0
117 148 58 32005.8 0 0
118 143 57 32010 0 0
120 155 58 32014.2 0 0
117 156 58 32018.4 0 0
122 154 58 32022.6 0 0
119 149 58 32026.8 0 0
117 152 58 32031 0 0
118 153 57 32035.3 0 0
117 151 58 32039.5 0 0
117 152 58 32043.7 0 0
120 145 57 32048 0 0
118 144 57 32052.2 0 0
117 138 58 32056.4 0 0
119 139 58 32060.6 0 0
116 137 57 32064.8 0 0
117 138 58 32069 0 0
120 139 58 32073.2 0 0
119 136 58 32080.2 0 0
117 136 57 32084.5 0 0
118 138 58 32088.7 0 0
118 137 58 32092.9 0 0
118 138 58 32097.1 0 0
117 140 58 32101.3 0 0
119 136 57 32105.5 0 0
117 144 58 32109.8 0 0
122 141 57 32114.2 0 0
122 150 57 32118.5 0 0
118 149 58 32122.7 0 0
120 146 57 32126.9 0 0
118 148 58 32131.1 0 0
118 146 58 32135.3 0 0
119 150 58 32139.5 0 0
119 148 58 32143.7 0 0
118 151 58 32148 0 0
119 146 58 32152.2 0 0
119 156 58 32156.4 0 0
134 139 58 32160.6 0 0
143 132 58 32167.4 0 0
150 121 59 32171.7 0 0
158 120 58 32175.9 0 0
167 114 57 32180.1 0 0
176 112 57 32184.3 0 0
182 110 57 32188.5 0 0
192 104 56 32192.7 0 0
198 98 56 32196.9 0 0
199 94 55 32201.2 0 0
200 88 55 32205.4 0 0
205 87 54 32209.6 0 0
209 87 54 32213.8 0 0
206 87 55 32218 0 0
209 91 55 32222.2 0 0
209 88 54 32226.4 0 0
206 90 55 32230.6 0 0
205 87 55 32234.9 0 0
206 91 55 32239.1 0 0
205 89 55 32243.3 0 0
205 89 55 32247.5 0 0
207 88 55 32251.7 0 0
208 90 55 32255.9 0 0
209 91 55 32260.1 0 0
210 90 54 32264.3 0 0
207 90 54 32268.6 0 0
208 88 54 32272.8 0 0
207 89 55 32277 0 0
207 86 55 32281.2 0 0
206 87 55 32288.3 0 0
204 87 54 32292.5 0 0
204 86 54 32296.8 0 0
206 87 55 32301 0 0
203 85 55 32305.2 0 0
206 87 54 32309.4 0 0
208 86 55 32313.6 0 0
209 85 55 32317.8 0 0
208 88 54 32322 0 0
208 86 55 32326.2 0 0
204 85 55 32330.5 0 0
208 88 54 32334.7 0 0
202 85 55 32338.9 0 0
207 85 55 32343.1 0 0
206 86 54 32347.3 0 0
208 87 55 32351.5 0 0
204 86 55 32355.8 0 0
207 85 54 32360 0 0
208 88 54 32364.2 0 0
207 86 55 32368.4 0 0
199 86 56 32372.6 0 0
188 89 57 32376.8 0 0
159 81 58 32381 0 0
151 80 59 32388 0 0
142 79 59 32392.2 0 0
134 77 59 32396.5 0 0
123 75 59 32400.7 0 0
117 73 59 32404.9 0 0
115 69 59 32409.1 0 0
107 71 58 32413.3 0 0
105 71 58 32417.5 0 0
109 69 58 32421.8 0 0
105 70 58 32426 0 0
105 70 58 32430.2 0 0
107 70 58 32434.4 0 0
105 70 58 32438.6 0 0
105 70 58 32442.8 0 0
105 70 58 32447 0 0
107 69 58 32451.3 0 0
107 71 58 32455.5 0 0
104 70 58 32459.7 0 0
106 70 58 32463.9 0 0
105 69 58 32468.1 0 0
105 70 58 32472.3 0 0
104 70 58 32476.5 0 0
104 70 58 32480.8 0 0
105 70 58 32485 0 0
104 70 58 32489.2 0 0
104 69 58 32496.3 0 0
105 71 58 32500.6 0 0
103 70 58 32504.8 0 0
104 70 58 32509 0 0
104 69 58 32513.3 0 0
107 70 58 32517.5 0 0
104 69 58 32521.7 0 0
105 70 58 32525.9 0 0
104 70 58 32530.1 0 0
106 70 58 32534.3 0 0
103 70 58 32538.5 0 0
104 70 58 32542.8 0 0
104 70 58 32547 0 0
107 70 58 32551.2 0 0
103 70 58 32555.4 0 0
104 69 58 32559.6 0 0
102 71 58 32563.8 0 0
107 70 58 32568 0 0
104 70 58 32572.2 0 0
104 70 58 32576.5 0 0
104 68 58 32580.7 0 0
102 73 58 32584.9 0 0
103 67 58 32589.1 0 0
103 71 58 32593.3 0 0
104 71 58 32597.6 0 0
107 68 58 32601.8 0 0
104 68 58 32608.7 0 0
105 67 58 32613 0 0
105 69 58 32617.2 0 0
103 68 58 32621.4 0 0
106 68 58 32625.6 0 0
104 69 58 32629.8 0 0
104 70 58 32634 0 0
102 69 58 32638.3 0 0
103 71 58 32642.5 0 0
107 71 59 32646.7 0 0
117 74 59 32650.9 0 0
125 80 59 32655.1 0 0
135 83 59 32659.3 0 0
148 92 59 32663.5 0 0
157 102 58 32667.7 0 0
168 110 57 32672 0 0
178 119 57 32676.3 0 0
187 123 56 32680.5 0 0
193 140 56 32684.8 0 0
202 140 55 32689 0 0
204 146 55 32693.2 0 0
208 149 55 32697.4 0 0
208 149 55 32701.7 0 0
209 154 55 32706.7 0 0
209 155 55 32712.9 0 0
206 153 55 32717.1 0 0
208 151 55 32721.3 0 0
207 153 55 32725.5 0 0
208 153 55 32729.7 0 0
208 154 55 32734.1 0 0
209 153 55 32738.3 0 0
206 153 55 32742.5 0 0
208 154 55 32746.7 0 0
208 153 55 32750.9 0 0
208 154 55 32755.1 0 0
210 153 55 32759.4 0 0
207 153 55 32763.6 0 0
209 154 55 32767.8 0 0
207 153 55 32772 0 0
206 153 55 32776.2 0 0
208 154 55 32780.4 0 0
211 155 55 32784.6 0 0
206 162 55 32788.8 0 0
207 160 55 32793.1 0 0
207 163 55 32797.3 0 0
210 159 55 32801.5 0 0
208 160 55 32805.8 0 0
208 160 55 32810 0 0
207 160 55 32816.1 0 0
207 155 55 32820.3 0 0
210 155 55 32824.5 0 0
206 153 55 32828.8 0 0
207 154 55 32833 0 0
209 156 55 32837.2 0 0
207 155 55 32841.4 0 0
212 154 55 32845.6 0 0
206 153 55 32849.9 0 0
209 151 55 32854.1 0 0
208 156 55 32858.3 0 0
207 153 55 32862.5 0 0
208 152 55 32866.8 0 0
209 154 55 32871.1 0 0
208 152 55 32875.3 0 0
206 151 55 32879.5 0 0
207 153 55 32883.7 0 0
206 151 55 32888 0 0
210 152 55 32892.2 0 0
207 153 55 32896.4 0 0
209 152 55 32900.6 0 0
209 153 55 32904.8 0 0
206 152 55 32909 0 0
208 154 55 32913.3 0 0
209 154 55 32917.5 0 0
205 154 55 32921.7 0 0
208 161 55 32925.9 0 0
208 159 55 32930.1 0 0
207 157 55 32934.3 0 0
209 158 55 32938.5 0 0
207 151 55 32942.8 0 0
207 153 55 32947 0 0
208 159 55 32951.2 0 0
199 145 56 32955.4 0 0
193 141 56 32959.6 0 0
185 128 57 32963.8 0 0
169 110 57 32968 0 0
162 100 57 32972.2 0 0
157 90 57 32976.4 0 0
151 85 57 32980.7 0 0
151 79 57 32984.9 0 0
149 76 57 32989.2 0 0
146 74 57 32993.4 0 0
144 67 58 32997.6 0 0
144 62 58 33001.8 0 0
144 57 58 33006 0 0
141 53 57 33010.2 0 0
141 53 58 33014.4 0 0
143 54 58 33018.7 0 0
143 55 58 33022.9 0 0
142 55 58 33027.1 0 0
141 57 58 33031.3 0 0
139 54 57 33035.5 0 0
140 54 57 33039.7 0 0
