131 128 56 1009.73 0 0
133 131 56 1013.94 0 0
131 129 56 1018.14 0 0
132 129 56 1022.34 0 0
135 127 56 1026.55 0 0
134 126 56 1030.77 0 0
133 128 56 1034.99 0 0
134 125 56 1039.2 0 0
133 131 56 1043.44 0 0
133 128 56 1047.67 0 0
134 128 56 1051.87 0 0
131 134 56 1056.07 0 0
131 129 56 1060.28 0 0
129 134 56 1064.49 0 0
133 129 56 1068.73 0 0
133 123 56 1072.96 0 0
133 132 56 1077.18 0 0
134 125 56 1081.39 0 0
132 126 56 1085.59 0 0
130 125 56 1089.79 0 0
130 126 56 1094.11 0 0
133 128 56 1098.39 0 0
133 126 56 1102.72 0 0
132 124 56 1106.92 0 0
133 131 56 1111.13 0 0
131 125 56 1115.34 0 0
134 126 56 1119.54 0 0
131 126 56 1123.76 0 0
132 128 56 1127.97 0 0
133 126 56 1132.2 0 0
130 129 56 1136.42 0 0
130 128 56 1140.63 0 0
130 124 56 1144.85 0 0
130 127 56 1149.05 0 0
131 132 56 1153.28 0 0
131 131 56 1157.55 0 0
132 130 56 1161.77 0 0
133 127 56 1166 0 0
131 130 56 1170.22 0 0
134 128 56 1174.42 0 0
132 131 56 1178.62 0 0
134 128 56 1182.82 0 0
132 130 56 1187.06 0 0
132 130 56 1191.29 0 0
133 129 56 1195.54 0 0
133 128 56 1199.77 0 0
134 130 56 1203.98 0 0
133 130 56 1208.18 0 0
131 129 56 1212.43 0 0
133 128 56 1216.64 0 0
130 130 56 1220.86 0 0
134 129 56 1225.07 0 0
134 128 56 1229.33 0 0
130 132 56 1233.54 0 0
135 120 56 1237.75 0 0
134 111 56 1241.96 0 0
133 98 56 1255.38 0 0
135 91 56 1259.61 0 0
129 91 56 1263.83 0 0
130 88 56 1268.05 0 0
133 90 57 1272.25 0 0
129 90 57 1276.45 0 0
133 90 57 1280.66 0 0
132 89 56 1284.86 0 0
133 91 57 1289.08 0 0
131 89 57 1293.32 0 0
130 91 56 1297.55 0 0
133 86 57 1301.75 0 0
128 91 56 1305.95 0 0
132 88 56 1310.16 0 0
130 89 57 1314.38 0 0
133 86 56 1318.62 0 0
133 92 56 1322.83 0 0
133 89 57 1327.03 0 0
134 89 56 1331.24 0 0
132 89 56 1335.44 0 0
132 92 56 1339.64 0 0
130 87 56 1343.86 0 0
130 90 56 1348.07 0 0
132 92 56 1352.32 0 0
132 85 56 1356.53 0 0
130 90 56 1360.73 0 0
133 92 56 1364.93 0 0
132 85 56 1369.13 0 0
133 94 56 1373.35 0 0
133 89 55 1377.56 0 0
130 85 55 1381.81 0 0
130 94 56 1386.03 0 0
133 84 55 1390.23 0 0
130 82 55 1394.44 0 0
133 86 55 1398.64 0 0
131 85 55 1402.84 0 0
131 86 55 1407.06 0 0
134 83 54 1411.3 0 0
131 88 54 1415.52 0 0
133 87 54 1419.74 0 0
128 86 54 1423.94 0 0
129 88 54 1428.14 0 0
131 87 54 1432.34 0 0
131 88 53 1436.56 0 0
132 86 53 1440.77 0 0
130 92 53 1444.99 0 0
129 88 53 1449.2 0 0
132 91 53 1453.42 0 0
132 95 53 1457.62 0 0
131 93 52 1461.82 0 0
130 89 52 1466.03 0 0
134 91 52 1470.23 0 0
132 87 52 1474.44 0 0
126 87 52 1478.97 0 0
132 86 52 1483.18 0 0
128 87 51 1487.38 0 0
130 88 52 1491.58 0 0
131 91 51 1495.78 0 0
127 87 51 1499.99 0 0
131 91 51 1504.21 0 0
128 88 51 1508.45 0 0
127 89 51 1512.66 0 0
131 88 51 1516.86 0 0
129 89 51 1521.06 0 0
132 90 50 1525.25 0 0
133 89 50 1529.47 0 0
128 91 51 1533.68 0 0
130 90 50 1537.9 0 0
130 89 50 1542.13 0 0
130 91 50 1546.37 0 0
129 91 50 1550.57 0 0
130 89 50 1554.78 0 0
128 90 50 1558.98 0 0
128 91 50 1563.2 0 0
132 94 50 1567.44 0 0
132 94 49 1571.66 0 0
127 93 49 1575.88 0 0
129 92 49 1580.08 0 0
129 94 49 1584.28 0 0
131 92 49 1588.48 0 0
129 91 49 1592.7 0 0
131 91 49 1596.91 0 0
128 93 49 1601.12 0 0
126 89 49 1605.35 0 0
131 89 48 1609.55 0 0
131 91 48 1613.75 0 0
129 91 48 1617.95 0 0
130 91 48 1622.16 0 0
128 91 48 1626.37 0 0
126 92 48 1630.62 0 0
130 92 48 1634.84 0 0
129 92 48 1639.05 0 0
129 92 48 1643.26 0 0
128 90 48 1647.48 0 0
128 95 48 1651.68 0 0
128 96 48 1655.89 0 0
131 97 48 1660.1 0 0
130 91 48 1664.68 0 0
127 95 48 1668.89 0 0
129 94 48 1673.1 0 0
127 91 48 1677.3 0 0
129 92 47 1681.5 0 0
128 93 48 1685.71 0 0
127 90 47 1689.92 0 0
129 93 47 1694.16 0 0
129 90 47 1698.38 0 0
129 90 47 1702.58 0 0
128 94 48 1706.79 0 0
127 87 47 1710.99 0 0
126 94 48 1715.19 0 0
131 88 47 1719.41 0 0
127 91 47 1723.62 0 0
128 92 47 1727.85 0 0
132 91 47 1732.05 0 0
128 91 48 1736.25 0 0
130 89 47 1740.45 0 0
129 93 47 1744.65 0 0
127 88 47 1748.89 0 0
128 89 47 1753.1 0 0
129 93 47 1757.33 0 0
129 88 47 1761.6 0 0
128 88 47 1765.81 0 0
128 93 47 1770.01 0 0
128 90 47 1774.21 0 0
125 88 47 1778.42 0 0
129 93 47 1782.62 0 0
129 90 47 1786.84 0 0
130 87 47 1791.06 0 0
128 91 47 1795.34 0 0
125 90 47 1799.55 0 0
127 88 47 1803.75 0 0
129 93 47 1807.95 0 0
129 93 47 1812.17 0 0
127 94 47 1816.4 0 0
130 93 47 1820.62 0 0
130 94 47 1824.84 0 0
126 91 47 1829.04 0 0
130 92 47 1833.26 0 0
132 92 47 1837.46 0 0
129 93 47 1841.74 0 0
129 91 47 1845.97 0 0
126 91 47 1850.21 0 0
127 93 47 1854.43 0 0
128 93 47 1858.64 0 0
126 94 47 1862.85 0 0
130 93 47 1867.04 0 0
130 93 47 1871.25 0 0
128 89 47 1875.47 0 0
126 95 47 1879.71 0 0
129 94 47 1883.95 0 0
127 90 47 1888.16 0 0
131 93 47 1895.12 0 0
128 91 47 1899.32 0 0
129 93 47 1903.55 0 0
132 94 47 1907.76 0 0
128 94 47 1912.01 0 0
129 93 47 1916.23 0 0
129 90 47 1920.45 0 0
124 93 47 1924.66 0 0
127 87 47 1928.86 0 0
126 86 47 1933.06 0 0
125 93 47 1937.28 0 0
129 92 47 1941.49 0 0
124 88 47 1945.76 0 0
128 95 47 1949.98 0 0
127 85 47 1954.2 0 0
127 94 47 1958.4 0 0
129 93 47 1962.6 0 0
129 90 47 1967.46 0 0
127 91 47 1971.68 0 0
127 92 47 1978.31 0 0
131 93 47 1982.58 0 0
126 92 47 1986.79 0 0
128 100 47 1990.99 0 0
127 112 47 1995.19 0 0
125 120 47 1999.41 0 0
124 141 47 2003.62 0 0
126 155 47 2007.85 0 0
130 165 47 2012.07 0 0
127 172 47 2016.32 0 0
123 191 47 2020.52 0 0
125 193 47 2024.73 0 0
126 197 47 2028.94 0 0
126 197 48 2033.14 0 0
123 187 47 2037.44 0 0
124 184 47 2041.67 0 0
125 184 47 2045.92 0 0
125 191 48 2050.13 0 0
127 192 47 2054.34 0 0
125 192 47 2058.54 0 0
126 196 47 2062.77 0 0
123 192 47 2066.99 0 0
126 198 48 2071.64 0 0
126 197 48 2075.87 0 0
126 197 48 2082.44 0 0
126 198 48 2086.65 0 0
128 192 48 2090.87 0 0
123 193 48 2095.08 0 0
125 196 48 2099.33 0 0
126 190 48 2103.58 0 0
126 201 48 2107.78 0 0
122 190 48 2111.98 0 0
123 199 48 2116.18 0 0
126 187 48 2120.39 0 0
124 189 48 2124.6 0 0
124 189 48 2128.81 0 0
124 193 48 2133.04 0 0
125 192 48 2137.26 0 0
126 193 48 2141.48 0 0
121 191 48 2145.68 0 0
125 190 48 2149.89 0 0
125 192 49 2154.11 0 0
124 190 48 2158.35 0 0
126 192 49 2162.72 0 0
124 193 48 2166.95 0 0
128 198 48 2173.87 0 0
113 193 49 2182.33 0 0
95 201 49 2190.6 0 0
81 201 49 2198.85 0 0
81 201 49 2207.09 0 0
75 202 49 2215.58 0 0
81 201 49 2219.81 0 0
82 203 49 2224.03 0 0
80 202 49 2228.27 0 0
78 203 49 2232.48 0 0
79 204 49 2236.68 0 0
77 202 49 2240.88 0 0
76 202 49 2245.08 0 0
80 203 49 2249.3 0 0
74 203 49 2253.51 0 0
78 203 49 2257.74 0 0
78 202 50 2261.96 0 0
77 206 50 2266.19 0 0
76 202 50 2270.4 0 0
78 204 50 2274.6 0 0
77 202 50 2278.82 0 0
78 206 50 2283.02 0 0
77 202 50 2287.34 0 0
75 204 50 2291.57 0 0
79 201 50 2295.81 0 0
78 201 50 2300.02 0 0
76 203 50 2304.22 0 0
77 200 50 2308.42 0 0
77 203 50 2312.64 0 0
77 202 50 2319.72 0 0
77 201 50 2323.95 0 0
76 199 50 2328.16 0 0
77 202 50 2332.36 0 0
77 200 50 2336.56 0 0
76 201 50 2340.78 0 0
77 200 50 2344.98 0 0
75 202 50 2349.22 0 0
79 201 50 2353.46 0 0
78 201 50 2357.67 0 0
78 201 50 2361.87 0 0
79 201 50 2366.07 0 0
78 201 50 2370.27 0 0
78 206 50 2374.5 0 0
79 205 50 2378.71 0 0
77 199 50 2382.93 0 0
77 201 51 2387.15 0 0
75 199 50 2391.37 0 0
75 201 50 2395.57 0 0
77 200 50 2399.77 0 0
76 200 50 2403.99 0 0
80 203 51 2408.21 0 0
77 199 51 2412.45 0 0
79 200 50 2416.68 0 0
77 200 50 2423.62 0 0
79 207 51 2431.86 0 0
79 205 51 2440.37 0 0
79 206 50 2448.59 0 0
80 205 51 2457.11 0 0
80 207 51 2465.31 0 0
80 207 51 2473.57 0 0
79 201 51 2481.18 0 0
78 201 51 2485.39 0 0
79 200 51 2490.3 0 0
83 203 51 2494.53 0 0
80 200 51 2498.76 0 0
79 201 51 2502.99 0 0
79 200 51 2507.23 0 0
80 201 51 2511.45 0 0
83 205 51 2515.68 0 0
81 206 51 2519.88 0 0
83 208 51 2524.11 0 0
81 206 51 2528.37 0 0
80 206 51 2532.59 0 0
81 207 51 2536.8 0 0
77 205 51 2541.08 0 0
80 208 51 2545.34 0 0
82 206 51 2549.55 0 0
81 205 51 2553.76 0 0
80 206 51 2557.96 0 0
82 206 51 2562.19 0 0
78 206 51 2566.4 0 0
81 205 51 2571.22 0 0
81 208 51 2577.71 0 0
81 205 51 2581.94 0 0
80 204 51 2586.14 0 0
82 202 51 2590.34 0 0
79 203 51 2594.56 0 0
82 204 51 2598.78 0 0
80 203 52 2603.04 0 0
80 205 51 2607.3 0 0
79 204 51 2611.5 0 0
80 204 51 2615.71 0 0
81 205 51 2619.91 0 0
78 206 51 2624.18 0 0
81 205 51 2628.39 0 0
83 210 51 2632.62 0 0
82 204 52 2636.85 0 0
82 207 51 2641.07 0 0
82 209 52 2645.3 0 0
81 209 51 2649.52 0 0
83 208 51 2653.74 0 0
79 207 52 2657.96 0 0
82 207 52 2662.21 0 0
84 207 52 2666.43 0 0
80 208 52 2673.38 0 0
81 207 52 2681.86 0 0
82 204 52 2690.11 0 0
81 204 52 2698.36 0 0
82 204 52 2706.82 0 0
79 205 52 2715.06 0 0
79 205 52 2723.55 0 0
81 203 52 2731.19 0 0
83 206 52 2735.4 0 0
79 205 52 2740.05 0 0
80 204 52 2744.28 0 0
80 206 52 2748.49 0 0
80 205 52 2752.72 0 0
81 205 52 2756.95 0 0
80 202 52 2761.16 0 0
83 207 52 2765.38 0 0
90 202 52 2769.59 0 0
98 196 52 2773.81 0 0
104 184 53 2778.01 0 0
110 180 53 2782.21 0 0
115 173 53 2786.42 0 0
119 160 52 2790.63 0 0
127 148 52 2794.95 0 0
133 143 52 2799.15 0 0
132 134 52 2803.35 0 0
131 129 52 2807.55 0 0
130 126 52 2811.77 0 0
131 127 52 2815.98 0 0
129 131 52 2820.21 0 0
133 133 52 2824.44 0 0
131 132 52 2828.66 0 0
132 129 52 2832.86 0 0
137 125 52 2837.08 0 0
134 122 52 2841.29 0 0
132 127 53 2848.42 0 0
133 122 52 2852.66 0 0
132 127 52 2856.87 0 0
134 125 52 2861.08 0 0
134 124 52 2865.28 0 0
134 125 52 2869.48 0 0
136 125 52 2873.71 0 0
134 125 53 2877.94 0 0
132 125 52 2882.18 0 0
133 126 52 2886.41 0 0
132 125 53 2890.61 0 0
133 126 53 2894.81 0 0
132 126 52 2899.22 0 0
133 119 53 2903.43 0 0
137 122 52 2907.64 0 0
131 125 53 2911.88 0 0
135 117 53 2916.11 0 0
136 94 53 2920.33 0 0
135 83 53 2924.53 0 0
135 83 53 2928.73 0 0
133 75 53 2934.3 0 0
134 73 53 2938.52 0 0
133 75 53 2942.76 0 0
136 83 53 2946.98 0 0
134 82 53 2951.2 0 0
133 82 53 2955.4 0 0
132 77 53 2959.6 0 0
134 76 53 2963.8 0 0
136 77 53 2968.02 0 0
135 74 53 2972.23 0 0
135 78 53 2976.48 0 0
135 77 53 2980.72 0 0
136 82 53 2984.94 0 0
134 78 53 2989.14 0 0
135 74 53 2993.34 0 0
136 78 53 2997.55 0 0
135 76 53 3001.76 0 0
137 75 53 3006.01 0 0
132 69 53 3010.23 0 0
134 76 53 3014.44 0 0
135 71 53 3018.64 0 0
135 77 53 3022.84 0 0
133 73 53 3027.05 0 0
133 75 53 3031.28 0 0
135 78 53 3035.49 0 0
136 77 53 3039.71 0 0
135 78 53 3043.93 0 0
135 79 53 3048.15 0 0
135 77 53 3052.35 0 0
141 75 53 3056.56 0 0
146 62 54 3060.8 0 0
162 55 54 3065.15 0 0
171 56 53 3069.48 0 0
175 56 53 3073.7 0 0
177 58 53 3077.93 0 0
181 54 53 3082.13 0 0
182 49 52 3086.33 0 0
186 49 53 3090.6 0 0
181 50 53 3094.86 0 0
178 51 53 3099.1 0 0
180 51 52 3103.32 0 0
182 52 53 3107.55 0 0
184 49 53 3111.75 0 0
181 50 52 3115.95 0 0
185 46 53 3120.15 0 0
185 49 53 3124.37 0 0
183 50 52 3128.59 0 0
183 52 53 3132.81 0 0
186 48 53 3137.03 0 0
183 48 53 3141.24 0 0
182 48 53 3145.46 0 0
184 53 52 3149.67 0 0
184 48 53 3153.92 0 0
184 51 53 3158.14 0 0
184 52 53 3162.41 0 0
186 44 53 3166.63 0 0
185 50 53 3170.85 0 0
184 47 53 3175.05 0 0
182 49 53 3179.25 0 0
184 52 52 3183.45 0 0
183 46 53 3187.67 0 0
183 49 53 3191.88 0 0
185 50 53 3196.51 0 0
183 50 53 3200.72 0 0
184 51 53 3204.92 0 0
185 50 52 3209.12 0 0
182 56 53 3213.33 0 0
183 55 53 3217.54 0 0
186 55 52 3221.76 0 0
183 54 53 3225.99 0 0
183 54 53 3230.23 0 0
183 53 53 3234.44 0 0
186 52 52 3238.65 0 0
183 57 53 3243.08 0 0
188 53 53 3255.02 0 0
183 52 53 3259.26 0 0
183 51 53 3263.47 0 0
181 50 53 3267.67 0 0
185 50 53 3271.88 0 0
183 49 53 3276.08 0 0
183 51 53 3280.4 0 0
184 50 53 3284.61 0 0
180 49 52 3288.83 0 0
184 56 52 3293.07 0 0
184 49 53 3297.3 0 0
184 56 53 3301.51 0 0
184 51 53 3305.71 0 0
184 54 52 3309.92 0 0
185 50 52 3314.15 0 0
182 54 53 3318.38 0 0
185 51 52 3322.62 0 0
184 49 53 3326.85 0 0
183 54 52 3331.06 0 0
187 51 53 3335.26 0 0
183 52 52 3339.46 0 0
183 52 52 3343.71 0 0
180 52 53 3347.95 0 0
182 53 53 3352.18 0 0
178 64 53 3356.39 0 0
172 77 53 3360.59 0 0
164 91 53 3364.79 0 0
155 109 53 3369 0 0
150 122 53 3373.21 0 0
148 123 53 3377.42 0 0
142 146 53 3381.66 0 0
137 160 53 3385.87 0 0
134 176 53 3390.09 0 0
131 186 53 3394.29 0 0
129 192 53 3398.49 0 0
130 197 53 3402.7 0 0
128 195 53 3406.91 0 0
129 190 53 3411.12 0 0
124 189 53 3415.59 0 0
129 189 53 3419.8 0 0
128 191 53 3424.01 0 0
126 192 53 3428.23 0 0
127 193 53 3432.43 0 0
127 194 53 3436.64 0 0
124 195 53 3440.86 0 0
125 194 53 3447.61 0 0
125 196 53 3451.85 0 0
126 197 53 3456.08 0 0
128 197 53 3460.3 0 0
127 198 53 3464.51 0 0
123 196 53 3468.73 0 0
127 197 53 3472.94 0 0
127 197 53 3477.19 0 0
125 196 53 3481.41 0 0
128 198 53 3485.61 0 0
125 196 53 3489.81 0 0
125 198 53 3494.02 0 0
125 195 53 3498.32 0 0
125 197 53 3502.59 0 0
126 195 53 3506.93 0 0
126 198 53 3511.16 0 0
126 196 53 3515.36 0 0
125 198 53 3519.56 0 0
126 197 53 3523.76 0 0
127 197 53 3527.97 0 0
128 197 53 3532.32 0 0
127 197 53 3536.53 0 0
128 197 53 3540.79 0 0
126 196 53 3547.72 0 0
124 196 53 3551.94 0 0
126 197 53 3556.14 0 0
126 194 53 3560.35 0 0
126 195 53 3564.57 0 0
126 195 53 3568.83 0 0
125 196 53 3573.05 0 0
126 197 53 3577.26 0 0
123 196 53 3581.46 0 0
121 196 53 3585.66 0 0
127 196 53 3589.87 0 0
125 196 53 3594.08 0 0
125 199 53 3598.29 0 0
124 195 53 3602.51 0 0
125 194 53 3606.75 0 0
128 197 53 3610.95 0 0
126 196 53 3615.16 0 0
125 197 53 3619.36 0 0
113 189 54 3623.58 0 0
99 185 54 3627.79 0 0
87 187 54 3632.03 0 0
72 183 54 3636.24 0 0
51 176 54 3643.4 0 0
40 180 53 3651.85 0 0
32 172 52 3660.12 0 0
40 174 53 3668.37 0 0
40 174 53 3676.61 0 0
34 169 53 3684.3 0 0
35 173 52 3688.52 0 0
37 171 53 3693.36 0 0
35 173 53 3697.61 0 0
34 173 52 3701.85 0 0
33 171 53 3706.05 0 0
35 173 53 3710.26 0 0
35 170 53 3714.46 0 0
30 165 53 3718.72 0 0
33 169 53 3722.94 0 0
34 166 53 3727.18 0 0
34 168 52 3731.49 0 0
35 167 53 3735.69 0 0
33 166 53 3739.89 0 0
36 165 53 3744.09 0 0
32 165 53 3748.31 0 0
36 161 53 3752.52 0 0
36 162 53 3756.77 0 0
33 162 53 3760.98 0 0
35 164 53 3765.2 0 0
33 162 53 3769.4 0 0
33 161 53 3773.61 0 0
34 156 53 3777.81 0 0
34 155 53 3782.06 0 0
35 154 53 3786.29 0 0
34 153 53 3790.57 0 0
35 157 53 3794.79 0 0
34 155 53 3801.71 0 0
35 152 53 3805.91 0 0
35 159 53 3810.12 0 0
32 158 53 3814.38 0 0
36 157 53 3818.63 0 0
37 160 53 3822.85 0 0
32 152 53 3827.07 0 0
37 154 53 3831.27 0 0
34 156 53 3835.47 0 0
34 148 53 3839.67 0 0
35 154 53 3843.9 0 0
33 157 53 3848.11 0 0
31 154 53 3852.34 0 0
35 160 53 3856.57 0 0
34 161 53 3860.77 0 0
33 161 53 3864.97 0 0
38 161 53 3869.17 0 0
36 157 53 3873.39 0 0
35 166 53 3877.61 0 0
34 158 53 3881.85 0 0
36 164 53 3886.08 0 0
35 163 53 3890.28 0 0
37 169 53 3894.49 0 0
34 163 53 3901.63 0 0
35 167 53 3905.84 0 0
35 173 53 3910.05 0 0
34 173 53 3914.27 0 0
34 173 53 3918.49 0 0
36 174 53 3922.71 0 0
35 173 53 3926.92 0 0
36 171 53 3931.12 0 0
36 172 53 3935.36 0 0
36 169 53 3939.63 0 0
33 172 53 3943.89 0 0
35 170 53 3948.11 0 0
33 171 53 3952.33 0 0
34 171 53 3956.53 0 0
36 171 53 3960.73 0 0
36 170 53 3965.05 0 0
33 170 53 3969.26 0 0
34 170 53 3973.48 0 0
36 171 53 3977.87 0 0
33 171 53 3982.08 0 0
36 176 53 3989.04 0 0
34 176 53 3993.25 0 0
35 171 53 3997.48 0 0
35 177 53 4001.7 0 0
35 177 53 4005.94 0 0
34 175 53 4010.18 0 0
35 177 53 4014.39 0 0
33 177 53 4018.59 0 0
32 171 53 4022.79 0 0
33 171 53 4027 0 0
35 175 53 4031.22 0 0
34 171 53 4035.43 0 0
37 173 53 4039.65 0 0
34 176 53 4043.91 0 0
36 171 53 4048.12 0 0
35 176 53 4052.32 0 0
33 173 53 4056.53 0 0
34 179 53 4060.74 0 0
34 169 53 4064.95 0 0
34 173 53 4069.18 0 0
36 169 52 4073.4 0 0
35 171 53 4077.63 0 0
35 170 53 4081.85 0 0
33 167 53 4088.93 0 0
34 173 53 4093.14 0 0
34 171 53 4097.35 0 0
35 168 53 4101.58 0 0
34 170 53 4105.79 0 0
33 178 53 4109.99 0 0
35 180 53 4114.2 0 0
32 166 53 4118.4 0 0
34 177 53 4122.61 0 0
33 178 53 4126.82 0 0
38 176 53 4131.06 0 0
37 169 53 4135.29 0 0
31 178 53 4139.51 0 0
34 170 53 4143.72 0 0
33 171 53 4147.93 0 0
36 173 53 4152.13 0 0
35 173 53 4156.36 0 0
33 172 53 4160.57 0 0
36 173 53 4164.81 0 0
33 173 53 4169.04 0 0
36 172 53 4173.25 0 0
36 172 53 4177.47 0 0
35 173 53 4181.67 0 0
33 174 53 4188.83 0 0
35 171 53 4197.09 0 0
36 169 53 4205.33 0 0
33 174 53 4213.81 0 0
31 179 53 4222.07 0 0
34 176 53 4230.32 0 0
34 176 53 4238.78 0 0
36 178 53 4246.8 0 0
32 171 52 4251.02 0 0
34 179 52 4255.28 0 0
35 178 53 4259.53 0 0
33 177 53 4263.78 0 0
34 179 52 4267.98 0 0
33 176 53 4272.19 0 0
33 176 52 4276.39 0 0
34 176 53 4280.6 0 0
33 172 53 4284.81 0 0
36 177 53 4289.02 0 0
33 176 53 4293.25 0 0
42 172 53 4297.46 0 0
51 174 54 4301.68 0 0
62 182 54 4306.34 0 0
70 185 54 4310.63 0 0
77 185 54 4314.83 0 0
77 185 54 4319.07 0 0
91 193 54 4324.94 0 0
97 192 54 4329.16 0 0
101 195 54 4333.36 0 0
104 189 53 4337.56 0 0
104 188 53 4341.77 0 0
106 188 54 4345.98 0 0
104 190 53 4350.21 0 0
104 192 53 4354.43 0 0
104 190 53 4358.63 0 0
106 190 54 4362.84 0 0
107 189 53 4367.04 0 0
108 189 54 4371.24 0 0
107 189 53 4375.46 0 0
108 190 54 4379.69 0 0
107 190 53 4383.92 0 0
107 188 54 4388.14 0 0
108 189 53 4392.34 0 0
109 191 54 4396.54 0 0
106 193 54 4400.74 0 0
106 194 54 4404.96 0 0
107 192 53 4409.18 0 0
107 192 54 4413.44 0 0
105 192 54 4417.66 0 0
107 190 53 4421.88 0 0
108 193 53 4426.08 0 0
106 192 53 4430.28 0 0
105 194 53 4434.49 0 0
107 191 53 4438.7 0 0
108 192 53 4442.95 0 0
106 193 53 4447.17 0 0
106 193 53 4451.38 0 0
105 195 53 4455.59 0 0
109 195 53 4459.79 0 0
112 195 54 4463.99 0 0
121 196 54 4468.21 0 0
130 194 54 4472.42 0 0
133 188 54 4476.64 0 0
133 189 54 4480.86 0 0
131 188 53 4485.07 0 0
127 187 53 4489.27 0 0
129 185 53 4493.47 0 0
125 187 53 4497.73 0 0
128 188 53 4501.94 0 0
129 188 53 4506.18 0 0
132 188 53 4510.41 0 0
131 184 53 4514.62 0 0
129 185 53 4518.82 0 0
133 187 53 4523.02 0 0
130 185 53 4527.22 0 0
132 188 54 4534.25 0 0
128 187 53 4538.47 0 0
130 186 53 4542.71 0 0
128 188 53 4546.93 0 0
127 189 53 4551.14 0 0
132 187 53 4555.34 0 0
132 187 53 4559.55 0 0
130 189 53 4563.76 0 0
131 189 53 4568.01 0 0
131 189 53 4572.23 0 0
129 189 53 4576.44 0 0
130 183 54 4580.64 0 0
127 186 53 4584.84 0 0
132 177 53 4589.09 0 0
132 150 54 4593.35 0 0
133 130 54 4597.62 0 0
130 112 54 4601.91 0 0
128 108 54 4606.12 0 0
131 99 54 4610.33 0 0
131 99 54 4614.53 0 0
130 107 53 4621.8 0 0
131 110 54 4626.01 0 0
132 111 54 4630.25 0 0
131 104 53 4634.47 0 0
128 103 54 4638.69 0 0
129 102 54 4642.9 0 0
129 103 54 4647.1 0 0
131 105 54 4651.3 0 0
128 102 54 4655.52 0 0
130 98 54 4659.74 0 0
131 101 54 4663.96 0 0
128 97 53 4668.18 0 0
128 101 54 4672.39 0 0
130 98 54 4676.59 0 0
130 100 54 4680.79 0 0
127 99 54 4685 0 0
130 101 54 4689.21 0 0
128 104 54 4693.45 0 0
130 99 54 4697.66 0 0
128 104 54 4701.87 0 0
131 102 54 4706.07 0 0
128 104 54 4710.27 0 0
131 102 54 4714.47 0 0
131 105 54 4718.69 0 0
130 100 54 4725.59 0 0
127 104 54 4729.87 0 0
131 99 54 4734.08 0 0
126 103 54 4738.29 0 0
130 99 54 4742.49 0 0
127 104 54 4746.69 0 0
129 101 54 4750.9 0 0
128 99 54 4755.14 0 0
129 100 54 4759.36 0 0
129 95 54 4763.58 0 0
126 103 54 4767.78 0 0
131 99 54 4771.98 0 0
129 105 54 4776.18 0 0
132 103 54 4780.68 0 0
129 102 54 4784.89 0 0
129 104 54 4789.11 0 0
127 98 54 4793.33 0 0
129 99 54 4797.56 0 0
126 97 54 4801.76 0 0
129 97 54 4805.96 0 0
130 94 54 4810.21 0 0
130 98 54 4814.45 0 0
127 96 54 4818.7 0 0
126 89 55 4822.93 0 0
119 80 54 4829.93 0 0
109 61 55 4834.14 0 0
103 52 55 4838.34 0 0
100 50 55 4842.56 0 0
89 36 54 4846.78 0 0
85 23 55 4851.03 0 0
82 17 54 4855.25 0 0
83 7 54 4859.46 0 0
78 10 54 4863.67 0 0
82 13 54 4867.87 0 0
81 15 54 4872.09 0 0
85 19 55 4876.3 0 0
83 11 54 4880.53 0 0
80 10 54 4884.76 0 0
80 6 54 4888.98 0 0
82 7 54 4893.18 0 0
77 2 54 4897.39 0 0
84 4 54 4901.59 0 0
77 3 54 4905.81 0 0
78 3 54 4914.26 0 0
79 1 54 4918.48 0 0
83 4 54 4922.69 0 0
83 4 54 4929.62 0 0
82 5 55 4934.31 0 0
77 3 55 4938.52 0 0
81 5 55 4947 0 0
79 4 54 4955.43 0 0
77 2 55 4963.84 0 0
78 1 55 4972.27 0 0
79 6 54 4976.5 0 0
80 3 55 4984.95 0 0
79 2 55 4989.15 0 0
77 3 55 4993.35 0 0
79 3 55 4997.56 0 0
79 6 55 5401.21 0 0
84 33 55 5405.44 0 0
96 58 55 5409.66 0 0
103 72 55 5413.89 0 0
110 96 54 5418.11 0 0
113 110 54 5422.33 0 0
122 136 54 5426.53 0 0
126 151 54 5430.73 0 0
126 169 54 5434.94 0 0
132 178 54 5439.15 0 0
134 187 54 5443.4 0 0
134 197 54 5447.64 0 0
134 198 54 5451.85 0 0
133 194 54 5456.05 0 0
133 185 54 5460.25 0 0
134 187 54 5464.45 0 0
136 190 54 5468.68 0 0
133 191 54 5472.89 0 0
138 190 54 5477.73 0 0
135 195 54 5481.95 0 0
135 191 54 5486.16 0 0
138 194 54 5490.41 0 0
130 192 54 5494.62 0 0
135 192 54 5498.85 0 0
137 191 54 5503.06 0 0
138 195 54 5507.31 0 0
136 190 54 5511.53 0 0
135 195 54 5515.74 0 0
134 192 54 5519.94 0 0
137 189 54 5524.14 0 0
135 194 54 5528.41 0 0
137 191 54 5532.67 0 0
136 194 54 5536.92 0 0
137 193 54 5541.16 0 0
137 193 54 5545.4 0 0
136 192 54 5549.61 0 0
134 192 54 5553.81 0 0
136 189 54 5558.02 0 0
136 187 54 5562.24 0 0
136 191 54 5566.45 0 0
133 188 54 5571.16 0 0
135 188 54 5575.37 0 0
134 188 54 5579.57 0 0
136 187 54 5583.77 0 0
134 188 54 5587.98 0 0
134 187 54 5592.23 0 0
134 192 54 5596.5 0 0
135 187 54 5600.82 0 0
137 192 54 5605.05 0 0
134 187 54 5609.26 0 0
136 192 54 5613.47 0 0
136 192 54 5617.67 0 0
135 192 54 5621.88 0 0
136 195 54 5626.09 0 0
133 191 54 5630.34 0 0
134 195 54 5634.58 0 0
133 197 54 5638.81 0 0
136 195 54 5643.03 0 0
134 195 54 5647.23 0 0
135 192 54 5651.43 0 0
134 196 54 5655.66 0 0
135 197 54 5659.87 0 0
133 201 54 5664.1 0 0
136 192 54 5668.32 0 0
137 192 54 5672.54 0 0
134 195 54 5676.74 0 0
138 192 54 5680.94 0 0
138 192 54 5685.15 0 0
132 194 54 5689.37 0 0
135 195 54 5693.6 0 0
135 195 54 5697.83 0 0
137 192 54 5702.04 0 0
136 196 54 5706.25 0 0
134 190 54 5710.45 0 0
138 195 54 5714.65 0 0
137 194 54 5718.87 0 0
137 197 54 5723.08 0 0
135 199 54 5727.3 0 0
134 195 54 5731.52 0 0
136 197 54 5735.72 0 0
135 197 55 5739.92 0 0
136 195 54 5744.13 0 0
134 199 54 5748.34 0 0
132 195 55 5752.55 0 0
137 195 54 5756.79 0 0
135 195 54 5761.01 0 0
137 197 54 5765.23 0 0
137 196 54 5769.43 0 0
136 195 54 5773.64 0 0
137 198 54 5777.84 0 0
135 200 54 5782.06 0 0
135 194 54 5786.28 0 0
134 197 54 5790.52 0 0
134 196 54 5794.75 0 0
136 195 54 5798.95 0 0
136 197 54 5803.15 0 0
137 197 54 5807.36 0 0
136 195 54 5811.63 0 0
133 197 54 5815.92 0 0
136 192 54 5820.23 0 0
137 195 54 5824.46 0 0
136 194 54 5828.67 0 0
139 195 54 5832.88 0 0
134 197 54 5837.08 0 0
136 195 54 5841.3 0 0
134 195 54 5845.51 0 0
137 195 54 5849.71 0 0
135 195 54 5853.91 0 0
133 194 54 5858.2 0 0
137 192 54 5862.43 0 0
139 195 54 5866.68 0 0
134 194 54 5870.9 0 0
138 196 54 5875.12 0 0
134 195 54 5879.33 0 0
135 192 54 5883.55 0 0
134 194 54 5887.77 0 0
135 193 54 5891.99 0 0
136 192 54 5896.19 0 0
134 195 54 5900.39 0 0
135 192 54 5904.62 0 0
137 192 54 5908.84 0 0
135 194 54 5913.09 0 0
135 192 54 5917.31 0 0
134 193 54 5921.52 0 0
136 192 54 5925.73 0 0
134 192 54 5929.94 0 0
135 192 54 5934.14 0 0
134 193 54 5938.36 0 0
134 191 55 5942.61 0 0
135 193 54 5946.83 0 0
137 195 54 5951.05 0 0
137 189 54 5955.25 0 0
133 180 54 5959.45 0 0
129 163 54 5963.77 0 0
127 155 54 5967.99 0 0
126 147 54 5972.21 0 0
127 140 54 5976.44 0 0
123 120 55 5980.66 0 0
125 120 55 5984.87 0 0
122 114 55 5989.07 0 0
124 109 54 5993.27 0 0
123 117 55 5997.48 0 0
127 115 54 6001.7 0 0
123 117 55 6005.94 0 0
125 113 54 6010.16 0 0
121 112 54 6014.38 0 0
123 114 54 6018.6 0 0
123 109 54 6022.81 0 0
124 110 54 6027.01 0 0
124 109 54 6031.23 0 0
123 118 54 6035.54 0 0
122 108 54 6039.79 0 0
123 119 54 6044.01 0 0
125 116 55 6048.21 0 0
123 114 54 6052.41 0 0
123 110 54 6056.61 0 0
124 117 54 6060.83 0 0
121 115 54 6065.05 0 0
121 110 55 6069.29 0 0
123 110 54 6073.5 0 0
122 107 55 6077.73 0 0
122 105 55 6081.93 0 0
121 111 55 6086.13 0 0
122 109 54 6090.33 0 0
123 112 54 6094.6 0 0
121 115 54 6098.99 0 0
122 110 55 6103.2 0 0
126 113 55 6107.51 0 0
120 112 55 6111.74 0 0
120 113 54 6115.96 0 0
121 113 54 6120.17 0 0
121 111 55 6124.41 0 0
123 114 55 6128.65 0 0
122 111 54 6132.91 0 0
123 109 55 6137.13 0 0
121 111 54 6141.36 0 0
121 109 55 6145.57 0 0
122 112 54 6149.78 0 0
121 111 54 6153.99 0 0
119 104 55 6158.21 0 0
115 92 55 6162.56 0 0
104 71 55 6166.8 0 0
92 58 55 6171.02 0 0
87 55 55 6175.22 0 0
84 49 55 6179.42 0 0
72 35 55 6183.62 0 0
64 27 54 6187.83 0 0
60 20 54 6192.05 0 0
54 14 54 6196.29 0 0
49 3 54 6200.5 0 0
47 8 54 6213.1 0 0
50 2 54 6217.31 0 0
48 2 54 6221.52 0 0
33 40 54 6649.01 0 0
51 63 55 6653.25 0 0
62 77 55 6657.47 0 0
74 100 56 6661.71 0 0
85 108 56 6665.95 0 0
97 131 56 6670.16 0 0
105 148 55 6674.37 0 0
115 157 55 6678.57 0 0
120 171 55 6682.77 0 0
128 177 55 6686.99 0 0
134 190 55 6691.2 0 0
144 195 55 6695.43 0 0
151 199 54 6699.64 0 0
154 202 54 6703.86 0 0
156 202 54 6708.06 0 0
155 204 54 6712.27 0 0
153 202 54 6716.48 0 0
152 202 54 6720.69 0 0
153 198 54 6724.93 0 0
154 202 54 6729.15 0 0
155 206 54 6733.35 0 0
156 207 54 6737.56 0 0
155 206 54 6741.76 0 0
158 206 54 6745.96 0 0
156 199 54 6750.18 0 0
152 202 54 6754.4 0 0
158 199 54 6759.2 0 0
155 201 54 6763.42 0 0
158 200 54 6767.62 0 0
157 202 54 6771.82 0 0
157 201 54 6776.02 0 0
156 202 54 6780.29 0 0
157 201 54 6784.5 0 0
156 200 54 6788.71 0 0
157 200 54 6792.95 0 0
156 199 54 6797.18 0 0
158 201 54 6801.39 0 0
156 199 54 6805.59 0 0
156 202 54 6809.82 0 0
157 202 54 6814.03 0 0
157 201 54 6818.28 0 0
157 201 54 6822.5 0 0
154 202 54 6826.72 0 0
156 201 54 6830.96 0 0
158 202 54 6835.17 0 0
154 200 54 6839.38 0 0
158 201 54 6843.65 0 0
158 201 54 6847.86 0 0
158 202 54 6852.07 0 0
156 205 54 6856.34 0 0
157 202 54 6860.58 0 0
150 204 54 6864.79 0 0
161 198 54 6868.99 0 0
174 201 54 6873.2 0 0
181 200 54 6877.41 0 0
188 202 55 6881.66 0 0
195 201 54 6885.88 0 0
200 203 54 6890.09 0 0
202 196 54 6894.3 0 0
204 195 54 6898.5 0 0
199 198 54 6902.71 0 0
198 198 53 6906.95 0 0
196 198 54 6911.17 0 0
200 198 53 6915.42 0 0
204 195 53 6919.63 0 0
204 198 54 6923.84 0 0
204 199 54 6928.04 0 0
206 196 54 6932.24 0 0
205 199 54 6936.45 0 0
205 196 53 6940.67 0 0
203 197 54 6944.91 0 0
201 199 54 6949.13 0 0
204 197 54 6953.33 0 0
202 197 54 6957.53 0 0
204 198 54 6961.73 0 0
202 197 54 6965.94 0 0
203 198 54 6970.22 0 0
204 197 54 6974.47 0 0
204 199 54 6978.7 0 0
203 197 53 6982.91 0 0
203 199 54 6987.12 0 0
201 198 54 6991.32 0 0
203 197 54 6995.53 0 0
205 197 53 6999.76 0 0
204 196 54 7003.97 0 0
202 198 54 7008.19 0 0
203 199 54 7012.62 0 0
200 193 54 7016.83 0 0
202 192 54 7021.03 0 0
203 194 54 7025.23 0 0
201 192 54 7029.46 0 0
202 193 54 7033.7 0 0
200 193 54 7037.92 0 0
201 192 54 7042.18 0 0
202 194 54 7046.41 0 0
208 198 54 7050.61 0 0
215 189 54 7054.81 0 0
228 183 54 7059.02 0 0
230 181 53 7063.24 0 0
234 176 53 7067.48 0 0
236 185 53 7071.71 0 0
238 177 52 7075.92 0 0
237 175 52 7080.12 0 0
235 177 52 7084.34 0 0
233 179 52 7088.56 0 0
235 179 52 7092.78 0 0
237 178 52 7096.98 0 0
239 177 52 7101.2 0 0
239 175 52 7105.41 0 0
238 178 53 7109.64 0 0
240 176 53 7113.84 0 0
237 176 52 7118.04 0 0
237 177 52 7122.29 0 0
237 176 52 7126.5 0 0
237 177 52 7130.76 0 0
237 179 52 7136.58 0 0
235 177 52 7140.79 0 0
238 178 52 7145.01 0 0
236 179 52 7149.21 0 0
236 178 52 7153.43 0 0
237 180 53 7157.71 0 0
236 178 52 7162.04 0 0
236 180 53 7166.3 0 0
235 174 53 7170.5 0 0
236 172 52 7174.72 0 0
236 172 52 7178.92 0 0
233 173 52 7184.31 0 0
236 172 52 7188.53 0 0
236 171 52 7194.11 0 0
235 173 53 7198.35 0 0
234 174 52 7202.59 0 0
235 171 53 7206.82 0 0
236 178 52 7211.04 0 0
235 179 52 7215.25 0 0
235 172 52 7219.47 0 0
235 173 52 7223.7 0 0
234 172 53 7228.07 0 0
236 172 52 7232.27 0 0
234 172 52 7236.48 0 0
233 173 52 7240.69 0 0
234 174 52 7244.9 0 0
234 173 52 7249.14 0 0
239 174 52 7253.36 0 0
234 173 52 7257.6 0 0
234 175 52 7261.83 0 0
234 174 52 7266.04 0 0
235 171 52 7270.24 0 0
236 171 52 7274.44 0 0
234 173 53 7278.65 0 0
235 174 53 7283.01 0 0
235 174 53 7287.3 0 0
234 177 52 7293.74 0 0
233 173 53 7297.96 0 0
236 171 52 7302.17 0 0
236 175 53 7306.37 0 0
236 173 53 7310.59 0 0
234 174 52 7314.8 0 0
235 171 52 7319.06 0 0
238 174 53 7323.28 0 0
234 172 53 7327.51 0 0
235 173 52 7331.73 0 0
236 173 53 7335.96 0 0
234 172 53 7340.17 0 0
234 173 52 7344.38 0 0
237 173 52 7348.61 0 0
234 173 52 7352.83 0 0
235 171 52 7357.1 0 0
235 174 52 7361.34 0 0
232 175 52 7365.55 0 0
226 180 53 7369.75 0 0
213 182 53 7373.97 0 0
211 188 53 7378.18 0 0
207 189 53 7382.41 0 0
202 187 54 7386.63 0 0
200 188 54 7390.84 0 0
198 188 54 7395.08 0 0
198 190 54 7399.29 0 0
197 191 54 7403.5 0 0
199 190 54 7407.71 0 0
200 190 54 7411.96 0 0
197 188 54 7416.18 0 0
197 188 54 7420.4 0 0
200 186 54 7424.61 0 0
193 185 54 7428.81 0 0
197 187 54 7433.01 0 0
196 184 54 7437.22 0 0
194 186 54 7441.44 0 0
196 192 54 7445.67 0 0
196 185 54 7449.91 0 0
197 187 54 7454.13 0 0
194 193 54 7458.33 0 0
195 193 54 7462.53 0 0
196 192 54 7466.8 0 0
195 191 54 7471.01 0 0
199 193 54 7475.27 0 0
193 185 54 7479.49 0 0
196 186 54 7483.7 0 0
192 186 54 7487.9 0 0
195 186 54 7492.1 0 0
195 186 54 7496.32 0 0
197 187 53 7500.53 0 0
197 186 54 7504.75 0 0
197 184 54 7508.98 0 0
196 185 54 7513.21 0 0
192 185 54 7517.41 0 0
198 185 54 7521.62 0 0
193 187 54 7525.82 0 0
197 191 53 7530.02 0 0
194 192 54 7534.23 0 0
196 189 54 7538.44 0 0
198 189 54 7542.68 0 0
203 187 54 7546.91 0 0
210 175 54 7551.11 0 0
215 158 53 7555.31 0 0
220 146 53 7559.52 0 0
219 127 53 7563.74 0 0
218 109 53 7567.99 0 0
220 99 52 7572.23 0 0
224 87 52 7576.45 0 0
226 75 52 7580.65 0 0
224 73 53 7584.86 0 0
223 73 52 7589.06 0 0
223 74 53 7593.28 0 0
225 80 53 7597.49 0 0
222 79 52 7601.69 0 0
226 76 53 7605.93 0 0
227 69 52 7610.18 0 0
226 72 52 7614.38 0 0
225 70 52 7618.58 0 0
228 71 53 7622.79 0 0
225 71 53 7627.01 0 0
226 71 53 7631.25 0 0
224 71 52 7635.47 0 0
225 71 53 7639.69 0 0
224 72 52 7643.92 0 0
223 71 52 7648.13 0 0
223 73 53 7652.33 0 0
225 72 52 7656.56 0 0
226 74 53 7660.78 0 0
227 71 53 7665.67 0 0
225 72 53 7669.9 0 0
226 70 53 7674.1 0 0
226 72 52 7678.31 0 0
225 70 53 7682.51 0 0
224 73 53 7686.74 0 0
224 70 53 7690.95 0 0
224 69 53 7695.18 0 0
224 72 53 7699.38 0 0
224 68 53 7703.59 0 0
226 70 53 7707.8 0 0
226 72 53 7714.58 0 0
224 70 53 7718.82 0 0
226 73 53 7723.06 0 0
226 70 53 7727.31 0 0
229 71 53 7731.51 0 0
222 68 53 7735.71 0 0
224 69 53 7739.91 0 0
223 69 53 7744.11 0 0
224 67 53 7748.36 0 0
224 68 53 7752.58 0 0
224 67 53 7756.82 0 0
225 72 53 7761.03 0 0
223 71 53 7765.25 0 0
228 73 53 7769.45 0 0
225 69 53 7773.65 0 0
223 73 53 7777.87 0 0
224 68 53 7782.09 0 0
226 72 53 7786.31 0 0
222 69 53 7790.54 0 0
228 70 53 7794.76 0 0
223 68 53 7798.96 0 0
225 70 53 7803.18 0 0
225 67 53 7807.38 0 0
227 68 53 7811.6 0 0
229 68 52 7815.82 0 0
229 68 52 7820.12 0 0
230 69 52 7824.95 0 0
230 66 52 7829.15 0 0
227 66 53 7833.35 0 0
225 68 53 7837.55 0 0
229 67 52 7841.76 0 0
228 67 53 7845.96 0 0
230 69 53 7850.19 0 0
231 67 52 7854.41 0 0
230 71 53 7858.67 0 0
231 68 53 7862.88 0 0
229 68 53 7867.08 0 0
230 69 53 7871.28 0 0
232 67 53 7875.51 0 0
230 69 53 7879.73 0 0
230 69 53 7884.18 0 0
231 68 53 7888.38 0 0
231 69 53 7892.59 0 0
230 67 53 7896.79 0 0
229 64 53 7900.99 0 0
227 66 52 7905.25 0 0
231 67 53 7909.55 0 0
229 71 53 7913.89 0 0
229 68 53 7918.11 0 0
228 66 52 7922.33 0 0
227 72 53 7926.53 0 0
230 68 53 7930.73 0 0
229 68 53 7934.94 0 0
227 71 53 7939.14 0 0
232 70 53 7943.38 0 0
226 86 53 7947.61 0 0
229 105 53 7951.82 0 0
225 122 52 7956.02 0 0
228 135 52 7960.22 0 0
225 145 53 7964.48 0 0
225 163 53 7968.7 0 0
225 168 53 7972.91 0 0
226 168 53 7977.14 0 0
227 172 53 7981.35 0 0
226 168 53 7985.56 0 0
226 169 53 7989.77 0 0
227 173 53 7993.99 0 0
228 172 53 7998.2 0 0
226 175 53 8002.42 0 0
226 176 53 8006.66 0 0
225 175 53 8010.98 0 0
225 177 53 8015.18 0 0
226 173 53 8019.38 0 0
227 174 53 8023.58 0 0
226 174 53 8027.78 0 0
228 174 53 8032 0 0
226 173 53 8036.22 0 0
228 173 53 8040.46 0 0
226 173 53 8044.68 0 0
226 178 53 8048.91 0 0
229 175 53 8053.15 0 0
225 176 53 8057.37 0 0
227 176 53 8061.59 0 0
225 177 53 8065.8 0 0
226 177 53 8070.03 0 0
226 177 53 8074.26 0 0
228 177 53 8078.46 0 0
226 177 53 8082.67 0 0
228 177 53 8086.88 0 0
227 177 53 8091.1 0 0
227 176 53 8095.3 0 0
225 177 53 8099.51 0 0
224 175 53 8103.73 0 0
227 175 53 8108.03 0 0
226 176 53 8112.25 0 0
227 174 53 8116.46 0 0
224 176 53 8120.66 0 0
226 175 53 8124.93 0 0
225 178 53 8129.27 0 0
229 177 53 8133.56 0 0
229 177 53 8137.77 0 0
225 177 53 8141.99 0 0
227 176 53 8146.21 0 0
227 176 54 8150.41 0 0
226 177 53 8154.63 0 0
226 176 53 8158.87 0 0
227 176 53 8163.19 0 0
226 176 53 8167.41 0 0
225 176 54 8171.63 0 0
226 177 53 8175.84 0 0
226 177 53 8180.05 0 0
227 176 53 8184.25 0 0
227 176 53 8188.46 0 0
226 176 53 8192.7 0 0
228 175 53 8196.92 0 0
226 169 54 8201.15 0 0
227 177 53 8205.35 0 0
226 176 53 8209.55 0 0
223 171 54 8213.75 0 0
225 170 53 8217.98 0 0
229 173 53 8222.19 0 0
234 170 53 8226.42 0 0
239 175 53 8230.65 0 0
242 175 53 8234.86 0 0
239 175 53 8239.07 0 0
239 175 53 8243.29 0 0
234 164 53 8247.54 0 0
236 175 53 8251.78 0 0
237 172 53 8256.03 0 0
235 180 53 8260.25 0 0
236 170 53 8264.48 0 0
239 174 53 8268.68 0 0
237 168 53 8272.88 0 0
237 170 53 8277.08 0 0
234 170 53 8281.31 0 0
237 168 53 8285.52 0 0
236 168 53 8289.78 0 0
234 168 53 8294.02 0 0
238 170 53 8298.22 0 0
236 168 53 8302.42 0 0
237 169 53 8306.63 0 0
236 167 53 8310.84 0 0
238 168 53 8315.05 0 0
236 167 53 8319.28 0 0
239 167 53 8323.49 0 0
237 168 53 8327.72 0 0
236 167 53 8331.93 0 0
237 168 53 8336.18 0 0
237 165 53 8340.38 0 0
237 167 53 8344.59 0 0
238 167 53 8348.83 0 0
238 168 53 8353.12 0 0
236 168 53 8357.37 0 0
234 169 53 8361.59 0 0
237 169 53 8365.79 0 0
239 169 53 8370 0 0
235 167 53 8374.22 0 0
237 168 53 8378.45 0 0
236 168 53 8382.69 0 0
238 167 53 8386.92 0 0
237 167 53 8391.13 0 0
235 169 53 8395.33 0 0
236 168 53 8399.53 0 0
237 167 53 8403.75 0 0
237 168 53 8407.97 0 0
238 167 53 8412.21 0 0
237 167 53 8416.44 0 0
237 166 53 8420.65 0 0
236 168 53 8424.86 0 0
237 167 53 8429.07 0 0
240 166 53 8433.27 0 0
236 165 53 8437.49 0 0
239 168 53 8441.7 0 0
236 166 53 8446.25 0 0
238 168 53 8450.45 0 0
234 170 53 8454.67 0 0
236 168 53 8458.87 0 0
238 169 53 8463.07 0 0
235 169 53 8467.29 0 0
239 169 53 8471.5 0 0
235 169 53 8475.74 0 0
239 168 53 8479.96 0 0
237 168 53 8484.18 0 0
238 167 53 8488.38 0 0
236 168 53 8492.58 0 0
236 168 53 8496.78 0 0
239 168 53 8500.99 0 0
232 169 53 8505.23 0 0
227 174 53 8509.45 0 0
220 177 54 8513.67 0 0
211 180 54 8517.87 0 0
204 177 54 8522.08 0 0
201 180 54 8526.3 0 0
195 179 54 8530.7 0 0
195 181 54 8534.92 0 0
193 184 54 8539.16 0 0
197 184 55 8543.38 0 0
200 183 54 8547.61 0 0
199 182 55 8551.82 0 0
197 184 55 8556.02 0 0
198 185 54 8560.29 0 0
195 185 54 8564.51 0 0
194 187 54 8568.76 0 0
194 184 54 8572.99 0 0
194 187 54 8577.21 0 0
197 185 54 8581.41 0 0
195 185 54 8585.61 0 0
194 184 54 8589.86 0 0
195 183 54 8594.44 0 0
195 183 54 8598.65 0 0
198 182 54 8602.87 0 0
198 182 54 8607.14 0 0
196 184 54 8611.36 0 0
196 185 54 8615.57 0 0
192 185 54 8619.78 0 0
195 185 54 8623.99 0 0
193 186 54 8628.2 0 0
194 187 54 8632.44 0 0
193 184 54 8636.64 0 0
195 187 54 8640.87 0 0
198 183 54 8645.08 0 0
198 184 54 8649.29 0 0
198 186 54 8653.53 0 0
195 185 54 8657.74 0 0
194 184 54 8661.99 0 0
197 185 55 8666.25 0 0
195 181 54 8670.46 0 0
196 183 54 8674.67 0 0
197 181 54 8678.87 0 0
197 182 54 8683.07 0 0
196 183 54 8687.29 0 0
196 184 54 8691.55 0 0
195 184 54 8695.77 0 0
197 182 54 8700 0 0
196 180 54 8704.2 0 0
196 180 54 8708.4 0 0
196 183 54 8712.61 0 0
195 178 54 8716.82 0 0
195 183 54 8721.03 0 0
196 181 54 8725.27 0 0
193 180 54 8729.48 0 0
196 182 54 8733.69 0 0
196 183 54 8737.9 0 0
194 182 54 8742.12 0 0
196 180 54 8746.32 0 0
195 181 54 8750.55 0 0
193 181 55 8754.77 0 0
194 181 54 8759.27 0 0
195 183 54 8763.49 0 0
193 182 54 8767.71 0 0
194 183 55 8771.91 0 0
198 182 54 8776.11 0 0
197 183 54 8780.41 0 0
195 182 54 8784.66 0 0
196 183 55 8788.98 0 0
195 181 54 8793.21 0 0
194 184 54 8797.42 0 0
195 184 54 8801.62 0 0
194 182 54 8805.84 0 0
197 182 54 8810.04 0 0
194 184 54 8814.27 0 0
197 182 54 8818.52 0 0
196 189 54 8822.74 0 0
192 191 54 8826.94 0 0
193 189 54 8831.15 0 0
193 187 54 8835.35 0 0
195 185 54 8839.56 0 0
197 187 54 8843.94 0 0
195 186 54 8848.15 0 0
194 187 54 8852.36 0 0
196 187 54 8856.62 0 0
197 185 54 8860.84 0 0
194 188 54 8865.04 0 0
194 186 54 8869.25 0 0
195 186 54 8873.46 0 0
194 189 54 8877.67 0 0
193 185 54 8881.92 0 0
193 188 54 8886.14 0 0
195 187 54 8890.37 0 0
194 185 54 8894.58 0 0
195 188 54 8898.82 0 0
197 185 54 8903.02 0 0
194 186 54 8907.23 0 0
195 186 54 8911.47 0 0
195 185 54 8915.7 0 0
195 188 54 8919.91 0 0
195 186 54 8924.11 0 0
195 189 54 8928.31 0 0
193 187 54 8932.51 0 0
195 186 54 8936.73 0 0
192 187 54 8940.95 0 0
194 187 54 8945.19 0 0
191 189 54 8949.42 0 0
194 186 54 8953.63 0 0
195 186 54 8957.83 0 0
195 187 54 8962.03 0 0
193 188 54 8966.24 0 0
195 186 54 8970.44 0 0
194 189 54 8974.68 0 0
192 186 54 8978.91 0 0
194 189 54 8983.13 0 0
195 188 54 8987.35 0 0
195 187 54 8991.55 0 0
191 190 54 8995.75 0 0
194 187 54 9000 0 0
197 187 54 9004.26 0 0
198 186 54 9008.57 0 0
195 187 54 9012.78 0 0
192 188 54 9016.99 0 0
193 187 54 9021.19 0 0
192 187 54 9025.39 0 0
191 187 54 9029.6 0 0
195 186 54 9033.81 0 0
195 188 54 9038.03 0 0
194 188 54 9042.25 0 0
196 188 54 9046.46 0 0
197 186 54 9050.66 0 0
196 187 54 9054.87 0 0
192 187 54 9059.07 0 0
194 186 54 9063.29 0 0
195 186 54 9067.51 0 0
195 188 54 9071.79 0 0
193 187 54 9076 0 0
193 188 54 9080.2 0 0
194 188 54 9084.4 0 0
193 186 54 9088.61 0 0
193 187 54 9092.94 0 0
193 187 54 9097.16 0 0
192 187 54 9101.37 0 0
191 189 54 9105.62 0 0
193 187 54 9109.85 0 0
200 186 54 9114.05 0 0
205 185 55 9118.27 0 0
212 183 54 9122.48 0 0
219 181 54 9126.69 0 0
220 178 54 9130.95 0 0
227 181 53 9135.18 0 0
224 183 53 9139.42 0 0
222 180 53 9143.63 0 0
226 179 53 9147.83 0 0
228 178 53 9152.04 0 0
225 183 53 9156.27 0 0
226 184 53 9160.49 0 0
225 185 53 9164.72 0 0
226 187 53 9168.94 0 0
229 185 53 9173.15 0 0
225 179 53 9177.35 0 0
227 184 53 9181.56 0 0
227 185 53 9185.77 0 0
227 185 53 9189.99 0 0
227 186 53 9194.22 0 0
224 179 53 9198.45 0 0
226 179 53 9202.65 0 0
225 179 53 9206.87 0 0
225 180 53 9211.07 0 0
225 179 53 9215.27 0 0
227 180 53 9219.51 0 0
228 180 53 9223.74 0 0
228 178 53 9227.98 0 0
227 180 53 9232.2 0 0
228 177 53 9236.4 0 0
228 178 53 9240.61 0 0
227 177 53 9244.81 0 0
230 179 53 9249.05 0 0
227 179 53 9253.26 0 0
227 176 53 9257.49 0 0
227 179 53 9261.71 0 0
228 178 53 9265.92 0 0
225 177 53 9270.12 0 0
227 178 53 9274.32 0 0
228 176 53 9278.53 0 0
229 178 53 9282.75 0 0
228 177 53 9287 0 0
225 177 53 9291.26 0 0
227 179 53 9295.49 0 0
227 176 53 9299.71 0 0
227 182 53 9303.92 0 0
227 182 53 9308.12 0 0
226 180 53 9312.35 0 0
227 182 53 9316.56 0 0
225 182 53 9321.21 0 0
227 176 53 9325.42 0 0
229 182 53 9329.62 0 0
227 182 53 9333.83 0 0
228 181 53 9338.04 0 0
228 181 53 9342.26 0 0
227 179 53 9346.5 0 0
223 182 53 9350.71 0 0
220 177 53 9354.92 0 0
217 178 54 9359.17 0 0
207 182 54 9363.38 0 0
204 182 54 9367.58 0 0
200 185 54 9371.78 0 0
202 183 54 9376 0 0
203 180 54 9380.23 0 0
205 180 54 9384.45 0 0
203 177 54 9388.67 0 0
203 179 54 9392.87 0 0
203 179 54 9397.07 0 0
202 180 54 9401.28 0 0
201 181 54 9405.5 0 0
203 180 54 9409.71 0 0
201 180 54 9413.95 0 0
201 180 54 9418.16 0 0
200 180 54 9422.39 0 0
201 180 54 9426.6 0 0
201 180 54 9430.8 0 0
203 179 54 9435.01 0 0
204 179 54 9439.23 0 0
202 179 54 9443.47 0 0
201 180 54 9447.7 0 0
200 179 54 9451.92 0 0
202 181 54 9456.12 0 0
199 181 54 9460.32 0 0
201 180 54 9464.52 0 0
200 180 54 9468.74 0 0
202 179 54 9472.96 0 0
200 180 54 9477.19 0 0
202 179 54 9481.41 0 0
201 180 54 9485.61 0 0
202 179 54 9489.82 0 0
200 179 54 9494.02 0 0
201 180 54 9498.25 0 0
200 181 54 9502.46 0 0
190 181 54 9506.69 0 0
184 181 54 9510.92 0 0
173 173 55 9515.13 0 0
164 174 55 9519.33 0 0
159 171 55 9523.53 0 0
150 178 55 9527.73 0 0
144 172 55 9531.96 0 0
138 171 55 9536.17 0 0
131 171 55 9540.42 0 0
131 172 55 9544.65 0 0
136 173 55 9548.85 0 0
138 166 56 9553.05 0 0
137 171 55 9557.26 0 0
133 165 55 9561.5 0 0
132 169 55 9565.73 0 0
133 169 55 9569.97 0 0
131 167 55 9574.19 0 0
134 172 55 9578.39 0 0
132 169 55 9582.59 0 0
134 168 55 9586.79 0 0
129 170 55 9591 0 0
135 167 55 9595.2 0 0
135 170 55 9599.41 0 0
131 170 55 9603.62 0 0
136 170 55 9607.98 0 0
132 170 55 9612.2 0 0
132 170 55 9616.4 0 0
134 173 55 9620.61 0 0
131 170 55 9624.83 0 0
129 169 55 9629.06 0 0
133 168 55 9633.28 0 0
131 170 55 9637.5 0 0
136 168 55 9641.72 0 0
131 172 55 9645.94 0 0
131 170 55 9650.17 0 0
136 170 55 9654.43 0 0
133 168 55 9658.72 0 0
134 171 55 9663.12 0 0
136 167 55 9667.35 0 0
133 163 55 9671.56 0 0
133 170 55 9675.77 0 0
129 170 55 9679.98 0 0
133 170 55 9684.18 0 0
133 170 55 9688.4 0 0
133 170 55 9692.63 0 0
132 171 55 9696.85 0 0
134 171 55 9701.06 0 0
132 170 55 9705.26 0 0
134 170 55 9709.47 0 0
132 170 55 9713.67 0 0
133 168 55 9717.89 0 0
132 162 55 9722.12 0 0
134 167 55 9726.4 0 0
133 170 55 9730.63 0 0
133 168 55 9734.83 0 0
132 166 56 9739.04 0 0
131 170 55 9743.24 0 0
133 170 55 9747.45 0 0
133 170 55 9751.66 0 0
134 170 55 9755.91 0 0
132 166 55 9760.16 0 0
134 165 55 9764.36 0 0
133 153 55 9768.57 0 0
129 130 56 9772.77 0 0
123 110 56 9776.97 0 0
126 98 56 9781.29 0 0
127 93 56 9785.55 0 0
123 82 56 9789.79 0 0
125 75 56 9794.01 0 0
123 82 56 9798.21 0 0
125 88 56 9802.41 0 0
124 88 56 9806.61 0 0
124 91 56 9810.83 0 0
123 81 56 9815.05 0 0
124 84 56 9819.3 0 0
123 80 56 9823.53 0 0
120 78 56 9827.73 0 0
120 78 56 9831.93 0 0
120 81 56 9836.13 0 0
123 79 56 9840.33 0 0
123 80 56 9844.54 0 0
122 77 56 9848.76 0 0
123 83 56 9852.98 0 0
123 79 56 9857.28 0 0
125 79 56 9861.5 0 0
124 80 56 9865.76 0 0
121 80 56 9869.96 0 0
121 79 56 9874.22 0 0
122 79 56 9878.43 0 0
121 78 56 9882.65 0 0
120 82 56 9886.88 0 0
122 79 56 9891.08 0 0
122 81 56 9895.29 0 0
121 79 56 9899.5 0 0
121 81 56 9903.71 0 0
121 81 56 9907.92 0 0
122 82 56 9912.16 0 0
123 79 56 9916.38 0 0
122 80 56 9920.59 0 0
123 83 56 9924.8 0 0
121 77 56 9929 0 0
121 77 56 9933.2 0 0
122 78 56 9937.52 0 0
122 81 56 9941.76 0 0
123 78 56 9946.53 0 0
123 82 56 9950.73 0 0
121 79 56 9954.94 0 0
122 76 56 9959.14 0 0
121 79 56 9963.34 0 0
124 81 56 9967.55 0 0
119 81 56 9971.76 0 0
120 79 56 9975.99 0 0
125 81 56 9980.22 0 0
123 79 56 9984.44 0 0
123 80 56 9988.64 0 0
124 80 56 9992.84 0 0
123 80 56 9997.06 0 0
122 78 56 10001.3 0 0
123 80 56 10005.5 0 0
119 77 56 10009.9 0 0
100 49 57 10014.1 0 0
86 36 57 10018.3 0 0
83 39 57 10022.5 0 0
76 34 56 10026.7 0 0
67 14 56 10030.9 0 0
62 1 56 10035.2 0 0
69 3 57 10250.7 0 0
83 19 58 10254.9 0 0
105 37 58 10259.1 0 0
119 46 58 10263.4 0 0
133 57 58 10267.6 0 0
143 59 58 10271.8 0 0
159 59 58 10276 0 0
166 66 57 10280.2 0 0
180 63 57 10284.4 0 0
187 64 56 10288.6 0 0
204 62 55 10292.9 0 0
213 63 55 10297.1 0 0
212 59 54 10301.3 0 0
207 57 54 10305.5 0 0
205 57 55 10309.7 0 0
208 56 55 10313.9 0 0
207 61 55 10318.2 0 0
211 57 54 10322.4 0 0
213 59 55 10326.6 0 0
211 57 55 10330.8 0 0
212 60 55 10335 0 0
212 59 55 10339.3 0 0
211 64 55 10343.5 0 0
213 62 54 10347.7 0 0
211 60 54 10351.9 0 0
212 61 55 10356.1 0 0
213 61 54 10360.4 0 0
212 59 55 10364.6 0 0
213 64 54 10368.8 0 0
212 61 54 10373 0 0
213 62 54 10377.2 0 0
213 63 54 10381.5 0 0
214 59 54 10385.7 0 0
213 62 54 10389.9 0 0
215 60 55 10394.1 0 0
211 61 55 10398.3 0 0
212 62 54 10402.5 0 0
211 62 54 10406.7 0 0
211 59 54 10410.9 0 0
211 62 54 10415.5 0 0
212 62 54 10419.7 0 0
214 64 54 10423.9 0 0
214 59 54 10428.2 0 0
223 70 54 10432.4 0 0
227 62 54 10436.6 0 0
230 63 53 10440.9 0 0
229 64 54 10445.1 0 0
226 59 54 10449.3 0 0
224 63 54 10453.5 0 0
226 59 54 10457.7 0 0
228 61 54 10461.9 0 0
227 61 54 10466.2 0 0
225 61 54 10470.4 0 0
227 62 54 10474.6 0 0
226 65 54 10478.9 0 0
227 63 54 10483.1 0 0
226 64 54 10487.3 0 0
227 64 54 10491.5 0 0
225 64 54 10495.7 0 0
226 63 54 10499.9 0 0
226 64 54 10504.1 0 0
225 63 54 10508.3 0 0
227 61 54 10512.5 0 0
228 61 54 10516.8 0 0
227 67 54 10521 0 0
226 60 54 10525.2 0 0
226 60 54 10529.4 0 0
225 65 54 10533.6 0 0
225 65 54 10537.8 0 0
228 61 54 10542 0 0
225 62 54 10546.2 0 0
229 61 54 10550.5 0 0
226 66 54 10554.7 0 0
229 64 54 10558.9 0 0
230 65 54 10563.1 0 0
230 65 54 10567.3 0 0
226 62 54 10571.6 0 0
228 64 54 10575.8 0 0
229 64 54 10580 0 0
229 64 54 10584.2 0 0
227 61 54 10590.6 0 0
227 62 54 10594.8 0 0
225 65 54 10599 0 0
226 61 54 10603.3 0 0
226 64 54 10607.6 0 0
228 61 54 10611.8 0 0
226 63 54 10616 0 0
224 63 54 10620.2 0 0
228 65 54 10624.4 0 0
228 61 54 10628.7 0 0
229 63 54 10632.9 0 0
228 62 54 10637.1 0 0
228 63 54 10641.4 0 0
227 63 54 10645.6 0 0
227 66 54 10649.8 0 0
231 62 54 10654 0 0
230 61 54 10658.3 0 0
227 62 54 10662.5 0 0
227 61 54 10666.8 0 0
226 62 54 10671 0 0
228 63 54 10675.2 0 0
227 61 54 10679.4 0 0
229 62 54 10683.6 0 0
229 63 54 10687.8 0 0
229 62 54 10692 0 0
230 66 54 10696.4 0 0
225 74 54 10700.6 0 0
221 88 54 10704.9 0 0
215 109 54 10709.1 0 0
212 125 54 10713.3 0 0
212 142 54 10717.5 0 0
208 167 54 10721.7 0 0
203 176 55 10725.9 0 0
205 175 55 10730.2 0 0
202 175 55 10734.4 0 0
201 172 55 10738.6 0 0
200 173 55 10742.8 0 0
201 171 55 10747 0 0
202 168 55 10751.3 0 0
200 169 55 10755.5 0 0
200 170 55 10759.8 0 0
202 174 55 10764 0 0
202 173 55 10768.2 0 0
203 173 55 10772.4 0 0
202 173 55 10776.6 0 0
201 173 55 10780.8 0 0
201 174 55 10785.1 0 0
199 173 55 10789.4 0 0
204 175 55 10793.6 0 0
201 174 55 10797.8 0 0
202 174 55 10802 0 0
201 175 55 10806.2 0 0
201 174 55 10810.4 0 0
202 173 55 10814.6 0 0
202 176 55 10818.9 0 0
203 173 55 10823.1 0 0
202 174 55 10827.3 0 0
202 174 55 10831.5 0 0
201 173 55 10835.7 0 0
200 175 55 10839.9 0 0
202 174 55 10844.1 0 0
201 174 55 10848.4 0 0
200 175 55 10852.6 0 0
200 172 55 10856.8 0 0
202 185 55 10861.1 0 0
204 182 55 10865.3 0 0
200 185 55 10869.5 0 0
198 182 55 10873.8 0 0
200 180 55 10878 0 0
199 182 55 10882.5 0 0
203 179 55 10886.7 0 0
205 178 55 10890.9 0 0
201 178 55 10895.1 0 0
203 179 55 10899.4 0 0
202 180 55 10903.6 0 0
201 179 55 10907.8 0 0
202 179 55 10912 0 0
201 180 55 10916.3 0 0
202 179 55 10920.5 0 0
200 180 55 10924.7 0 0
200 179 55 10928.9 0 0
202 178 55 10933.1 0 0
203 180 55 10937.3 0 0
202 179 55 10941.5 0 0
202 180 55 10945.7 0 0
200 179 55 10950.1 0 0
203 179 55 10954.3 0 0
201 182 55 10958.5 0 0
201 178 55 10962.7 0 0
202 179 55 10966.9 0 0
202 180 55 10971.1 0 0
202 179 55 10975.4 0 0
206 180 55 10979.6 0 0
202 188 56 10983.8 0 0
200 179 55 10988 0 0
200 179 55 10992.2 0 0
200 181 55 10996.5 0 0
202 178 55 11000.7 0 0
201 190 56 11004.9 0 0
203 180 55 11009.1 0 0
202 179 55 11013.3 0 0
203 182 55 11017.5 0 0
201 178 55 11021.7 0 0
201 179 55 11025.9 0 0
205 184 55 11030.2 0 0
202 186 55 11034.4 0 0
202 185 55 11038.7 0 0
203 185 55 11042.9 0 0
203 189 55 11047.1 0 0
201 186 55 11051.4 0 0
202 179 55 11055.5 0 0
202 186 56 11059.8 0 0
200 201 55 11064 0 0
189 233 54 11068.2 0 0
190 240 55 11273.4 0 0
194 236 56 11277.6 0 0
197 233 56 11281.9 0 0
197 229 56 11286.1 0 0
196 224 55 11290.3 0 0
197 224 56 11294.6 0 0
197 218 55 11298.8 0 0
198 210 56 11303 0 0
199 210 56 11307.2 0 0
196 206 56 11311.5 0 0
200 203 56 11315.7 0 0
198 202 56 11319.9 0 0
199 202 56 11324.1 0 0
198 201 56 11328.4 0 0
200 199 56 11332.6 0 0
198 200 56 11336.8 0 0
200 201 56 11341 0 0
199 196 56 11345.2 0 0
197 199 56 11349.4 0 0
201 199 56 11353.6 0 0
197 199 56 11357.9 0 0
200 199 56 11362.1 0 0
199 199 56 11366.3 0 0
197 199 56 11370.5 0 0
202 199 56 11374.7 0 0
200 197 56 11378.9 0 0
199 199 56 11383.2 0 0
199 199 56 11387.5 0 0
201 198 56 11391.7 0 0
198 199 56 11395.9 0 0
199 197 56 11400.1 0 0
197 199 56 11404.3 0 0
199 200 56 11408.5 0 0
199 192 55 11415.4 0 0
201 198 56 11419.6 0 0
199 199 56 11423.9 0 0
201 200 56 11428.1 0 0
202 197 56 11432.3 0 0
201 199 56 11436.5 0 0
198 199 56 11440.7 0 0
200 198 56 11445 0 0
199 198 56 11449.2 0 0
200 198 56 11453.4 0 0
200 198 56 11457.6 0 0
198 198 56 11461.8 0 0
198 201 56 11466 0 0
201 199 56 11470.2 0 0
197 200 56 11474.5 0 0
199 198 56 11478.7 0 0
197 198 56 11482.9 0 0
200 192 55 11487.1 0 0
199 199 56 11491.3 0 0
199 198 56 11495.5 0 0
200 199 56 11499.8 0 0
197 198 56 11504 0 0
196 199 56 11508.7 0 0
198 192 55 11512.9 0 0
197 200 56 11519.5 0 0
199 197 56 11523.7 0 0
200 196 56 11528 0 0
200 192 55 11532.3 0 0
196 199 56 11536.5 0 0
198 199 56 11540.8 0 0
201 197 56 11545 0 0
196 200 56 11549.2 0 0
201 192 55 11553.5 0 0
200 197 56 11557.6 0 0
199 193 55 11562 0 0
197 197 56 11566.2 0 0
199 198 56 11570.5 0 0
198 199 56 11574.7 0 0
199 199 56 11578.9 0 0
198 200 56 11583.1 0 0
198 192 55 11587.3 0 0
199 191 55 11591.5 0 0
199 192 55 11595.7 0 0
197 198 56 11600 0 0
199 195 55 11604.2 0 0
199 196 56 11610.9 0 0
201 196 56 11615.2 0 0
198 189 55 11619.4 0 0
201 189 55 11623.7 0 0
200 196 56 11627.9 0 0
197 188 55 11632.1 0 0
197 197 56 11636.4 0 0
198 187 55 11640.6 0 0
200 189 55 11644.8 0 0
200 186 55 11649 0 0
201 196 56 11653.2 0 0
201 196 56 11657.5 0 0
199 189 55 11661.9 0 0
197 191 55 11666.1 0 0
197 196 56 11670.4 0 0
197 197 56 11674.6 0 0
198 187 55 11678.8 0 0
200 190 55 11683 0 0
198 196 56 11687.2 0 0
201 187 55 11691.4 0 0
200 189 55 11696.1 0 0
201 188 55 11700.3 0 0
198 191 55 11706.8 0 0
200 189 55 11711 0 0
199 196 55 11715.2 0 0
200 196 56 11719.5 0 0
199 191 55 11723.7 0 0
201 188 55 11730 0 0
199 196 56 11734.2 0 0
200 196 56 11740 0 0
199 188 55 11744.3 0 0
200 198 56 11748.5 0 0
198 190 55 11752.7 0 0
200 196 56 11757.1 0 0
201 196 56 11761.3 0 0
197 189 55 11765.5 0 0
201 189 55 11769.8 0 0
199 189 55 11774 0 0
198 196 56 11778.2 0 0
199 198 56 11782.4 0 0
199 197 56 11786.6 0 0
197 189 55 11790.9 0 0
199 198 56 11795.1 0 0
198 195 56 11799.3 0 0
197 197 56 11803.5 0 0
200 189 55 11807.7 0 0
195 191 55 11811.9 0 0
197 196 56 11816.1 0 0
200 197 56 11820.4 0 0
198 190 55 11824.6 0 0
202 197 56 11828.8 0 0
198 191 55 11833 0 0
198 189 55 11840 0 0
198 189 55 11848.2 0 0
199 196 56 11856.3 0 0
200 197 56 11860.5 0 0
199 190 55 11865.1 0 0
200 197 56 11869.4 0 0
198 197 56 11873.6 0 0
200 196 56 11877.8 0 0
197 196 56 11882 0 0
199 198 56 11886.2 0 0
198 197 56 11890.4 0 0
197 197 56 11894.6 0 0
198 197 56 11898.9 0 0
199 196 56 11903.1 0 0
200 198 56 11907.3 0 0
200 198 56 11911.5 0 0
200 196 56 11915.8 0 0
200 189 55 11920 0 0
201 195 56 11924.2 0 0
199 197 56 11928.4 0 0
199 199 56 11932.6 0 0
195 197 56 11936.8 0 0
199 197 56 11941 0 0
201 199 56 11945.2 0 0
197 195 56 11949.5 0 0
200 197 56 11953.7 0 0
202 195 56 11957.9 0 0
200 196 56 11965 0 0
200 196 56 11973.3 0 0
199 198 56 11981.2 0 0
199 197 56 11985.4 0 0
202 189 55 11990 0 0
202 190 55 11994.2 0 0
200 198 56 11998.5 0 0
201 197 56 12002.7 0 0
202 190 55 12006.9 0 0
200 189 55 12011.2 0 0
199 188 55 12015.4 0 0
198 200 56 12019.6 0 0
201 188 55 12023.8 0 0
198 200 56 12028.1 0 0
201 198 56 12032.3 0 0
201 197 56 12036.5 0 0
201 190 55 12041.1 0 0
201 200 56 12045.4 0 0
199 201 56 12049.6 0 0
200 198 56 12056.5 0 0
201 189 55 12060.7 0 0
201 198 56 12064.9 0 0
204 189 55 12069.2 0 0
200 189 55 12073.4 0 0
197 200 56 12077.6 0 0
200 200 56 12081.8 0 0
201 192 55 12086 0 0
200 199 56 12090.2 0 0
200 189 55 12094.5 0 0
199 194 55 12098.7 0 0
200 189 55 12102.9 0 0
198 192 56 12107.1 0 0
200 199 56 12111.3 0 0
198 194 56 12115.5 0 0
199 194 56 12119.7 0 0
198 192 56 12124 0 0
198 194 56 12128.2 0 0
198 185 55 12132.4 0 0
199 195 56 12136.6 0 0
199 192 56 12140.9 0 0
200 191 56 12145.1 0 0
199 194 56 12149.3 0 0
201 191 56 12153.5 0 0
197 194 56 12157.8 0 0
197 194 56 12164.6 0 0
199 192 56 12168.9 0 0
197 185 55 12173.1 0 0
199 184 55 12177.4 0 0
197 195 56 12181.6 0 0
200 193 56 12185.8 0 0
200 182 55 12190 0 0
198 193 56 12194.2 0 0
199 193 56 12198.5 0 0
200 183 55 12202.7 0 0
200 187 55 12206.9 0 0
200 184 55 12211.1 0 0
200 185 55 12215.3 0 0
198 196 56 12219.5 0 0
199 184 55 12223.9 0 0
200 185 55 12228.1 0 0
199 186 55 12232.3 0 0
199 195 56 12236.5 0 0
201 186 55 12240.7 0 0
200 193 56 12244.9 0 0
200 186 55 12249.2 0 0
199 186 55 12253.4 0 0
198 184 55 12260.3 0 0
199 185 55 12268.8 0 0
201 185 55 12277 0 0
201 185 55 12285.5 0 0
198 185 55 12293.8 0 0
200 192 56 12298 0 0
196 185 55 12302.2 0 0
201 184 55 12306.4 0 0
199 181 55 12310.6 0 0
199 185 55 12314.9 0 0
202 183 55 12319.1 0 0
199 183 55 12323.3 0 0
199 183 55 12327.5 0 0
199 183 0 12331.7 0 0
203 182 55 12335.9 0 0
201 183 55 12340.1 0 0
201 183 55 12344.3 0 0
199 186 55 12348.5 0 0
200 181 55 12352.8 0 0
198 184 55 12357 0 0
202 185 55 12361.2 0 0
199 181 55 12365.4 0 0
198 185 55 12369.6 0 0
198 185 55 12373.9 0 0
198 187 55 12378.1 0 0
198 187 55 12382.3 0 0
198 176 55 12386.5 0 0
199 181 55 12390.7 0 0
198 179 55 12394.9 0 0
198 180 55 12399.1 0 0
186 182 55 12403.4 0 0
170 172 56 12410.4 0 0
154 157 56 12418.6 0 0
154 157 56 12427.1 0 0
140 144 57 12434.3 0 0
132 135 56 12438.5 0 0
130 129 57 12443.6 0 0
131 126 57 12447.8 0 0
133 136 57 12452 0 0
133 137 57 12456.3 0 0
132 135 57 12460.5 0 0
130 137 57 12464.7 0 0
132 131 57 12468.9 0 0
128 129 57 12473.1 0 0
128 130 56 12477.4 0 0
130 128 57 12481.6 0 0
127 130 57 12485.8 0 0
132 131 57 12490 0 0
130 128 56 12494.2 0 0
129 133 57 12498.4 0 0
128 136 57 12502.6 0 0
129 128 57 12506.8 0 0
129 135 56 12511.1 0 0
130 128 57 12515.3 0 0
127 136 56 12519.5 0 0
128 130 57 12523.7 0 0
130 136 57 12527.9 0 0
130 133 56 12532.1 0 0
131 133 57 12536.4 0 0
129 130 56 12540.6 0 0
128 135 56 12544.8 0 0
129 133 56 12549 0 0
126 136 56 12553.2 0 0
129 129 57 12557.4 0 0
129 134 56 12561.6 0 0
131 131 56 12568.5 0 0
127 136 56 12572.8 0 0
129 132 56 12577 0 0
131 131 56 12581.2 0 0
126 131 56 12585.4 0 0
126 132 56 12589.6 0 0
128 138 56 12593.9 0 0
131 129 56 12598.1 0 0
127 130 56 12602.3 0 0
128 132 56 12606.6 0 0
129 127 57 12610.8 0 0
129 135 56 12615 0 0
131 131 56 12619.2 0 0
128 128 56 12623.5 0 0
129 132 56 12627.8 0 0
126 135 56 12632 0 0
127 128 56 12636.2 0 0
130 131 56 12640.4 0 0
130 129 56 12644.7 0 0
125 132 56 12648.9 0 0
131 129 56 12653.1 0 0
129 128 56 12657.4 0 0
128 131 56 12661.6 0 0
129 132 56 12668.4 0 0
129 133 56 12672.6 0 0
128 131 56 12676.8 0 0
127 129 56 12681 0 0
129 131 56 12685.2 0 0
128 129 56 12689.5 0 0
129 130 56 12693.7 0 0
129 132 56 12697.9 0 0
127 132 56 12702.2 0 0
129 129 56 12706.4 0 0
129 131 56 12710.6 0 0
128 127 56 12714.8 0 0
130 123 56 12719 0 0
134 125 56 12723.2 0 0
134 130 56 12727.4 0 0
130 133 56 12731.6 0 0
127 133 56 12735.9 0 0
130 129 56 12740 0 0
129 130 56 12744.3 0 0
130 134 56 12748.5 0 0
130 129 56 12752.7 0 0
129 126 56 12756.9 0 0
130 132 56 12761.1 0 0
129 132 56 12765.4 0 0
134 132 56 12769.6 0 0
132 130 56 12773.8 0 0
131 126 56 12778 0 0
130 133 56 12785 0 0
129 133 56 12793.2 0 0
129 133 56 12801.7 0 0
133 128 55 12809.3 0 0
134 130 56 12813.5 0 0
129 135 56 12818.2 0 0
130 133 56 12822.5 0 0
133 130 55 12826.7 0 0
131 130 56 12830.9 0 0
132 130 55 12835.1 0 0
129 133 55 12839.3 0 0
133 131 55 12843.5 0 0
129 127 55 12847.8 0 0
130 134 55 12852.1 0 0
128 125 56 12856.4 0 0
128 136 55 12860.6 0 0
133 127 55 12864.8 0 0
132 133 55 12869 0 0
130 133 55 12873.2 0 0
130 125 55 12877.4 0 0
128 125 55 12881.6 0 0
132 135 55 12885.9 0 0
129 132 55 12890.1 0 0
127 134 55 12894.3 0 0
130 132 55 12898.5 0 0
130 134 55 12902.7 0 0
129 134 55 12906.9 0 0
130 132 55 12911.1 0 0
129 129 55 12915.4 0 0
131 124 55 12919.6 0 0
129 128 55 12926.6 0 0
129 127 55 12930.8 0 0
129 127 55 12935 0 0
128 126 55 12939.2 0 0
128 127 55 12943.5 0 0
126 129 55 12947.7 0 0
130 126 55 12951.9 0 0
130 127 55 12956.1 0 0
129 129 55 12960.3 0 0
130 126 55 12964.5 0 0
128 129 55 12968.8 0 0
129 130 55 12973 0 0
130 131 55 12977.2 0 0
129 129 55 12981.4 0 0
129 136 55 12985.6 0 0
128 132 55 12989.9 0 0
129 135 55 12994.1 0 0
128 136 55 12998.3 0 0
127 129 55 13002.5 0 0
128 129 55 13006.7 0 0
130 126 55 13011 0 0
127 128 55 13015.2 0 0
128 128 55 13019.4 0 0
128 128 55 13023.6 0 0
130 127 55 13028.3 0 0
127 128 55 13032.5 0 0
130 128 55 13039 0 0
128 127 55 13043.2 0 0
129 126 55 13047.5 0 0
130 134 55 13051.7 0 0
131 129 55 13055.9 0 0
129 130 55 13060.1 0 0
128 131 55 13064.3 0 0
131 135 55 13068.5 0 0
129 124 55 13072.8 0 0
129 128 55 13077 0 0
130 128 55 13081.2 0 0
128 127 55 13085.4 0 0
127 129 55 13089.6 0 0
129 125 55 13094.3 0 0
127 128 55 13098.5 0 0
128 125 55 13105.4 0 0
129 127 55 13109.7 0 0
129 124 55 13113.9 0 0
130 126 55 13118.1 0 0
129 127 55 13122.4 0 0
128 125 55 13126.6 0 0
128 129 55 13130.9 0 0
129 127 55 13135.1 0 0
129 125 55 13139.4 0 0
130 129 55 13143.6 0 0
129 124 55 13147.8 0 0
130 129 55 13152 0 0
130 129 55 13156.3 0 0
129 124 55 13160.5 0 0
127 127 55 13164.7 0 0
129 124 55 13169 0 0
129 128 55 13173.2 0 0
128 130 55 13177.4 0 0
128 125 55 13181.6 0 0
128 129 55 13185.8 0 0
128 123 55 13190 0 0
128 123 55 13194.2 0 0
127 133 55 13200 0 0
131 130 55 13204.2 0 0
129 127 55 13208.4 0 0
128 130 55 13212.6 0 0
128 135 56 13216.8 0 0
128 131 55 13221 0 0
128 131 55 13225.3 0 0
128 132 55 13229.5 0 0
129 132 55 13233.7 0 0
128 131 55 13237.9 0 0
130 131 55 13242.1 0 0
127 131 55 13246.3 0 0
130 131 55 13250.5 0 0
130 129 55 13254.8 0 0
128 132 55 13259.2 0 0
129 127 55 13263.5 0 0
130 131 56 13267.7 0 0
128 125 55 13271.9 0 0
130 132 56 13276.1 0 0
130 125 55 13280.4 0 0
128 125 55 13284.7 0 0
130 130 56 13289.1 0 0
131 124 55 13293.4 0 0
130 126 55 13297.6 0 0
128 123 55 13301.8 0 0
130 128 56 13306 0 0
130 125 56 13310.2 0 0
129 127 56 13314.4 0 0
129 126 55 13318.6 0 0
129 126 55 13322.9 0 0
132 123 55 13327.1 0 0
128 131 56 13331.3 0 0
129 127 56 13335.5 0 0
130 131 56 13339.7 0 0
127 125 56 13343.9 0 0
128 125 55 13348.1 0 0
131 132 55 13352.3 0 0
131 130 55 13356.6 0 0
129 132 56 13360.8 0 0
128 132 56 13365 0 0
130 131 56 13369.2 0 0
128 128 55 13373.4 0 0
131 132 56 13377.6 0 0
129 130 56 13381.9 0 0
130 128 56 13386.1 0 0
129 132 56 13390.3 0 0
130 128 56 13394.5 0 0
130 125 56 13398.7 0 0
128 124 56 13402.9 0 0
130 125 56 13407.1 0 0
130 126 56 13411.4 0 0
131 132 56 13415.6 0 0
129 128 56 13419.8 0 0
133 134 56 13424 0 0
133 133 56 13428.2 0 0
131 130 56 13432.4 0 0
128 131 56 13436.6 0 0
130 130 56 13440.8 0 0
130 131 55 13445.1 0 0
133 129 56 13449.3 0 0
129 132 56 13453.5 0 0
133 124 56 13457.7 0 0
131 129 56 13461.9 0 0
130 143 55 13466.1 0 0
127 196 54 13470.4 0 0
116 232 53 13658.9 0 0
119 218 54 13667.4 0 0
123 202 54 13675.6 0 0
123 190 55 13684.1 0 0
123 190 55 13692.4 0 0
130 175 55 13700 0 0
126 165 55 13704.2 0 0
127 158 55 13709.1 0 0
128 151 55 13713.3 0 0
130 144 56 13717.6 0 0
130 136 56 13721.8 0 0
129 141 55 13726 0 0
132 140 56 13730.3 0 0
131 136 56 13734.5 0 0
133 133 56 13738.7 0 0
130 137 56 13742.9 0 0
131 131 56 13747.1 0 0
133 135 56 13751.4 0 0
130 129 55 13755.6 0 0
131 131 55 13759.8 0 0
130 140 56 13764 0 0
130 134 56 13768.2 0 0
130 138 56 13772.5 0 0
129 129 56 13776.6 0 0
129 131 55 13780.9 0 0
129 134 56 13785.1 0 0
130 132 56 13789.3 0 0
131 128 55 13793.5 0 0
130 133 56 13797.7 0 0
129 130 56 13801.9 0 0
129 128 55 13806.1 0 0
130 133 55 13810.3 0 0
130 132 56 13814.6 0 0
133 131 56 13822 0 0
129 137 56 13826.2 0 0
132 133 56 13830.4 0 0
128 131 56 13834.6 0 0
130 132 56 13838.8 0 0
131 131 56 13843.3 0 0
128 131 56 13847.5 0 0
130 130 56 13851.7 0 0
129 132 56 13855.9 0 0
130 129 56 13860.2 0 0
133 131 56 13864.4 0 0
131 132 56 13868.6 0 0
130 133 56 13872.8 0 0
128 133 56 13877 0 0
130 131 56 13884 0 0
132 131 56 13888.2 0 0
130 133 56 13892.4 0 0
129 132 56 13896.6 0 0
128 131 56 13900.9 0 0
131 129 56 13905.1 0 0
130 133 56 13909.3 0 0
132 136 56 13913.5 0 0
130 136 56 13917.7 0 0
131 138 56 13922 0 0
131 139 56 13926.4 0 0
132 136 56 13930.6 0 0
131 134 56 13934.8 0 0
130 135 56 13939.1 0 0
129 138 56 13943.5 0 0
130 131 56 13947.7 0 0
130 132 56 13951.9 0 0
131 136 56 13959.1 0 0
131 134 56 13963.3 0 0
130 134 56 13967.5 0 0
131 129 56 13971.7 0 0
129 138 56 13976 0 0
129 135 56 13980.2 0 0
130 135 56 13984.4 0 0
129 132 56 13988.6 0 0
131 132 56 13992.8 0 0
131 131 56 13997 0 0
130 131 56 14001.3 0 0
133 132 56 14005.5 0 0
130 136 56 14009.9 0 0
131 136 56 14014.1 0 0
130 136 56 14018.3 0 0
128 135 56 14022.5 0 0
132 132 56 14026.7 0 0
131 138 56 14031 0 0
132 135 56 14035.2 0 0
130 136 56 14039.6 0 0
129 131 56 14046.5 0 0
129 137 56 14050.7 0 0
129 129 56 14054.9 0 0
130 138 56 14059.1 0 0
130 135 56 14063.3 0 0
130 135 56 14067.5 0 0
129 135 56 14071.8 0 0
130 134 56 14076 0 0
130 137 56 14080.2 0 0
127 132 56 14084.4 0 0
130 134 56 14088.6 0 0
127 134 56 14092.8 0 0
128 136 56 14097 0 0
128 132 56 14101.2 0 0
129 131 56 14105.5 0 0
129 140 56 14109.7 0 0
130 135 56 14113.9 0 0
129 136 56 14118.1 0 0
127 137 56 14122.4 0 0
132 136 56 14126.6 0 0
131 134 56 14130.8 0 0
131 135 56 14135.1 0 0
130 136 56 14139.3 0 0
129 136 56 14146.1 0 0
127 134 56 14150.4 0 0
128 137 56 14154.6 0 0
130 133 56 14158.8 0 0
130 133 56 14163 0 0
132 135 56 14167.2 0 0
128 131 56 14171.4 0 0
130 132 56 14175.6 0 0
134 135 56 14179.9 0 0
128 139 56 14184.1 0 0
130 135 56 14188.3 0 0
130 135 56 14192.6 0 0
129 138 56 14196.8 0 0
131 136 56 14201 0 0
131 137 56 14205.2 0 0
127 137 56 14209.4 0 0
128 135 56 14213.6 0 0
131 136 56 14217.8 0 0
129 130 56 14222.1 0 0
129 135 56 14226.3 0 0
129 140 56 14230.5 0 0
130 137 56 14234.7 0 0
126 135 56 14238.9 0 0
132 134 56 14243.1 0 0
129 132 56 14247.4 0 0
129 135 56 14251.6 0 0
129 135 56 14255.8 0 0
130 140 56 14262.5 0 0
133 135 56 14266.7 0 0
128 138 56 14270.9 0 0
132 130 56 14275.1 0 0
128 133 56 14279.3 0 0
131 136 56 14283.5 0 0
127 132 56 14287.8 0 0
132 131 56 14292 0 0
130 130 56 14296.2 0 0
129 131 56 14300.4 0 0
128 132 56 14304.6 0 0
129 134 56 14308.8 0 0
128 132 56 14313 0 0
128 133 56 14317.2 0 0
127 131 56 14321.7 0 0
129 132 56 14325.9 0 0
127 133 56 14330.1 0 0
128 133 56 14334.3 0 0
131 131 56 14338.5 0 0
129 132 56 14342.7 0 0
131 138 56 14346.9 0 0
131 132 56 14351.1 0 0
128 130 56 14355.4 0 0
130 134 56 14359.6 0 0
127 133 56 14363.9 0 0
131 132 56 14368.1 0 0
128 130 57 14372.3 0 0
130 132 56 14376.5 0 0
132 132 56 14380.7 0 0
130 131 56 14385 0 0
129 132 56 14389.2 0 0
129 129 56 14393.4 0 0
128 133 56 14397.6 0 0
130 131 56 14401.8 0 0
130 129 56 14406 0 0
133 131 56 14410.2 0 0
128 132 56 14414.4 0 0
131 132 56 14418.6 0 0
129 133 56 14422.8 0 0
130 132 56 14427.1 0 0
130 130 56 14431.3 0 0
130 130 56 14435.5 0 0
130 132 56 14439.8 0 0
127 131 56 14444 0 0
131 128 56 14448.2 0 0
132 135 56 14452.4 0 0
128 133 56 14456.6 0 0
133 132 56 14460.8 0 0
128 134 56 14465 0 0
127 133 56 14469.2 0 0
129 132 56 14473.5 0 0
129 133 56 14478 0 0
127 131 56 14482.2 0 0
128 135 56 14486.5 0 0
130 137 56 14490.7 0 0
129 136 56 14494.9 0 0
130 132 56 14499.1 0 0
131 138 56 14503.3 0 0
131 134 56 14507.5 0 0
127 133 56 14511.8 0 0
128 136 56 14516 0 0
130 130 56 14520.2 0 0
128 132 56 14524.4 0 0
131 134 56 14528.6 0 0
131 131 56 14532.8 0 0
127 129 56 14537.1 0 0
129 133 56 14541.3 0 0
131 131 56 14545.5 0 0
126 130 56 14549.7 0 0
130 133 56 14553.9 0 0
130 132 56 14558.1 0 0
127 131 56 14562.3 0 0
129 137 56 14566.6 0 0
129 137 56 14570.9 0 0
128 136 56 14575.1 0 0
129 138 56 14579.3 0 0
130 131 56 14583.5 0 0
128 132 56 14587.7 0 0
131 133 56 14591.9 0 0
131 129 56 14596.1 0 0
128 130 56 14600.5 0 0
128 131 56 14604.9 0 0
132 131 56 14609.1 0 0
129 132 56 14613.3 0 0
129 130 56 14617.5 0 0
127 130 56 14621.7 0 0
130 131 56 14625.9 0 0
129 131 56 14630.2 0 0
129 136 56 14634.4 0 0
132 133 56 14638.6 0 0
130 131 56 14642.8 0 0
128 134 56 14647 0 0
129 134 56 14651.2 0 0
131 131 56 14655.6 0 0
127 134 56 14659.8 0 0
130 136 56 14664 0 0
128 128 56 14668.2 0 0
128 137 56 14672.5 0 0
133 135 56 14676.7 0 0
129 132 56 14680.9 0 0
126 133 56 14685.1 0 0
130 130 56 14689.3 0 0
128 133 56 14693.6 0 0
130 131 56 14697.8 0 0
130 132 56 14702 0 0
129 133 56 14706.2 0 0
129 130 56 14710.4 0 0
130 133 56 14714.6 0 0
130 132 56 14718.9 0 0
127 128 56 14723.1 0 0
129 132 56 14727.3 0 0
130 131 56 14731.5 0 0
126 128 56 14735.7 0 0
130 133 56 14739.9 0 0
131 130 56 14744.1 0 0
130 126 56 14748.3 0 0
130 134 56 14752.5 0 0
129 128 56 14756.8 0 0
131 133 56 14761 0 0
128 145 56 14765.3 0 0
127 144 56 14769.5 0 0
130 149 56 14773.7 0 0
126 151 56 14777.9 0 0
125 152 56 14782.1 0 0
130 150 56 14786.3 0 0
128 152 56 14790.6 0 0
129 150 56 14794.8 0 0
128 149 56 14799 0 0
128 149 56 14803.2 0 0
129 148 56 14807.4 0 0
130 150 56 14811.6 0 0
127 145 56 14815.9 0 0
126 144 56 14820.1 0 0
127 151 56 14824.3 0 0
129 147 56 14828.5 0 0
129 147 56 14832.7 0 0
128 146 56 14836.9 0 0
126 148 56 14841.1 0 0
127 150 56 14845.3 0 0
125 150 56 14849.5 0 0
128 153 56 14853.8 0 0
126 149 56 14858 0 0
127 145 56 14862.2 0 0
129 148 56 14866.4 0 0
127 147 56 14870.6 0 0
130 148 56 14874.9 0 0
128 149 56 14879.1 0 0
128 150 56 14883.3 0 0
126 148 56 14887.5 0 0
129 148 56 14891.7 0 0
128 151 56 14895.9 0 0
128 152 56 14900.1 0 0
126 151 56 14904.4 0 0
127 150 56 14908.5 0 0
127 148 56 14912.8 0 0
128 146 56 14917 0 0
129 147 56 14921.2 0 0
125 152 56 14925.5 0 0
126 149 56 14929.7 0 0
128 149 56 14933.9 0 0
129 150 56 14938.1 0 0
131 149 56 14942.3 0 0
129 153 56 14946.6 0 0
129 150 56 14950.8 0 0
128 151 56 14955 0 0
130 151 56 14959.2 0 0
127 150 56 14963.4 0 0
127 151 56 14967.6 0 0
129 148 56 14971.8 0 0
129 148 56 14976 0 0
128 138 56 14981.2 0 0
127 135 56 14985.4 0 0
129 121 56 14989.6 0 0
127 114 56 14993.8 0 0
129 119 56 14998 0 0
129 113 56 15002.2 0 0
125 110 56 15006.5 0 0
127 117 56 15010.7 0 0
128 118 56 15014.9 0 0
127 122 56 15019.1 0 0
128 121 56 15023.3 0 0
127 118 56 15027.5 0 0
128 119 56 15031.8 0 0
127 111 56 15036.1 0 0
128 115 56 15040.3 0 0
127 115 56 15044.5 0 0
128 115 56 15048.7 0 0
127 114 56 15052.9 0 0
127 114 56 15057.1 0 0
124 114 56 15061.4 0 0
129 111 56 15065.6 0 0
128 113 56 15069.8 0 0
128 119 56 15074 0 0
128 113 56 15078.2 0 0
125 116 56 15082.4 0 0
125 114 56 15086.6 0 0
128 112 56 15090.9 0 0
125 111 56 15095.1 0 0
128 113 56 15099.5 0 0
128 114 56 15103.7 0 0
129 114 56 15107.9 0 0
125 113 56 15112.1 0 0
128 114 56 15116.3 0 0
125 111 56 15120.5 0 0
127 117 56 15124.8 0 0
128 112 56 15129 0 0
129 115 56 15133.3 0 0
128 111 56 15137.5 0 0
127 118 56 15141.7 0 0
127 121 56 15145.9 0 0
126 117 56 15150.1 0 0
127 122 56 15154.4 0 0
126 117 56 15158.7 0 0
126 118 56 15162.9 0 0
128 119 56 15167.1 0 0
127 120 56 15171.4 0 0
125 115 56 15175.6 0 0
128 114 56 15179.8 0 0
128 117 56 15184 0 0
128 112 56 15188.2 0 0
128 116 56 15192.4 0 0
128 112 56 15196.6 0 0
128 116 56 15200.9 0 0
125 114 56 15205.1 0 0
128 110 56 15209.3 0 0
127 113 56 15213.5 0 0
126 114 56 15217.7 0 0
130 114 56 15221.9 0 0
126 117 56 15226.1 0 0
126 115 56 15230.3 0 0
128 115 56 15234.6 0 0
126 118 56 15238.8 0 0
125 120 56 15243 0 0
128 117 56 15247.2 0 0
127 119 56 15251.5 0 0
127 117 56 15255.9 0 0
127 115 56 15260.2 0 0
126 119 56 15264.4 0 0
129 115 56 15268.6 0 0
126 123 56 15272.8 0 0
128 121 56 15277 0 0
134 129 56 15281.2 0 0
128 126 56 15285.4 0 0
127 127 56 15289.6 0 0
129 122 56 15293.9 0 0
128 122 56 15298.1 0 0
129 124 56 15302.3 0 0
129 120 56 15306.5 0 0
129 121 55 15310.7 0 0
130 124 56 15314.9 0 0
128 119 56 15319.1 0 0
132 126 56 15323.4 0 0
128 122 56 15327.6 0 0
129 122 56 15331.8 0 0
128 123 56 15336 0 0
128 119 56 15340.2 0 0
131 122 55 15344.4 0 0
127 120 56 15348.6 0 0
132 119 55 15352.8 0 0
128 123 56 15357.1 0 0
129 119 56 15361.3 0 0
130 125 56 15365.5 0 0
129 122 56 15369.7 0 0
133 120 56 15373.9 0 0
132 123 56 15378.1 0 0
129 118 56 15382.4 0 0
131 125 56 15386.6 0 0
130 120 56 15390.8 0 0
131 126 56 15395 0 0
131 121 56 15399.2 0 0
132 124 56 15403.4 0 0
129 127 56 15407.6 0 0
129 120 56 15411.8 0 0
128 128 56 15416 0 0
131 123 56 15420.3 0 0
129 122 56 15424.5 0 0
130 123 56 15428.7 0 0
132 129 56 15432.9 0 0
128 128 56 15437.1 0 0
130 130 56 15441.4 0 0
129 128 56 15445.6 0 0
130 127 56 15449.8 0 0
132 129 56 15454 0 0
132 127 56 15458.2 0 0
133 129 56 15462.4 0 0
130 127 56 15466.6 0 0
131 131 56 15470.9 0 0
131 129 56 15475.2 0 0
129 127 56 15479.4 0 0
132 123 56 15483.6 0 0
129 121 56 15487.8 0 0
131 131 56 15492 0 0
131 120 56 15496.2 0 0
132 131 56 15500.4 0 0
129 128 56 15504.7 0 0
133 126 56 15508.9 0 0
131 129 56 15513.1 0 0
130 128 56 15517.3 0 0
130 129 56 15521.5 0 0
134 129 56 15525.7 0 0
129 126 56 15530 0 0
128 131 56 15534.2 0 0
129 123 56 15538.4 0 0
130 124 56 15542.6 0 0
129 123 56 15546.9 0 0
130 120 56 15551.1 0 0
133 124 56 15555.3 0 0
131 122 56 15559.5 0 0
130 123 56 15563.7 0 0
130 129 56 15568 0 0
132 124 56 15572.2 0 0
130 123 56 15576.4 0 0
131 130 56 15580.6 0 0
128 127 56 15584.8 0 0
129 127 56 15589 0 0
130 123 56 15593.3 0 0
130 124 56 15597.5 0 0
135 129 56 15601.8 0 0
133 127 56 15606.1 0 0
131 127 56 15610.3 0 0
131 124 56 15614.5 0 0
129 124 56 15618.7 0 0
131 130 56 15622.9 0 0
130 123 56 15627.1 0 0
128 131 56 15631.4 0 0
128 128 56 15635.6 0 0
131 128 56 15639.8 0 0
129 128 56 15644.1 0 0
129 128 56 15648.3 0 0
130 131 56 15652.5 0 0
130 127 56 15656.7 0 0
134 130 56 15660.9 0 0
131 129 56 15665.1 0 0
130 128 56 15669.4 0 0
129 129 56 15673.6 0 0
129 130 56 15677.9 0 0
131 126 56 15682 0 0
133 132 56 15686.3 0 0
132 126 56 15690.5 0 0
129 127 56 15694.9 0 0
133 125 56 15699.1 0 0
131 127 56 15703.3 0 0
129 128 56 15707.5 0 0
132 126 56 15711.7 0 0
128 131 56 15715.9 0 0
132 130 56 15720.1 0 0
129 129 56 15724.4 0 0
132 131 56 15728.6 0 0
131 128 56 15732.8 0 0
129 127 56 15737 0 0
131 122 56 15741.2 0 0
129 124 56 15745.4 0 0
130 133 56 15749.7 0 0
132 126 56 15753.9 0 0
129 132 56 15758.1 0 0
131 126 56 15762.3 0 0
130 130 56 15766.5 0 0
132 130 56 15770.7 0 0
129 126 56 15774.9 0 0
128 130 56 15779.2 0 0
129 130 56 15783.4 0 0
130 126 56 15787.6 0 0
131 127 56 15791.9 0 0
129 130 56 15796 0 0
132 129 56 15800.2 0 0
132 129 56 15804.5 0 0
128 125 56 15809.3 0 0
129 130 56 15813.5 0 0
127 125 56 15817.8 0 0
131 121 56 15822 0 0
127 125 56 15826.2 0 0
129 128 56 15830.5 0 0
130 127 56 15834.7 0 0
128 159 55 15838.9 0 0
125 205 55 15843.3 0 0
116 239 53 16038.1 0 0
117 233 54 16042.3 0 0
119 229 54 16046.5 0 0
120 223 55 16050.8 0 0
122 215 55 16055 0 0
126 200 56 16059.1 0 0
125 189 56 16063.4 0 0
125 185 56 16067.6 0 0
128 177 56 16071.8 0 0
129 169 56 16076 0 0
128 166 56 16080.2 0 0
131 160 56 16084.4 0 0
131 151 56 16088.6 0 0
130 145 56 16092.9 0 0
130 143 56 16098.3 0 0
132 143 56 16103.2 0 0
129 138 56 16107.5 0 0
130 131 56 16111.7 0 0
128 133 56 16115.9 0 0
127 130 57 16120.1 0 0
132 132 56 16124.3 0 0
131 131 57 16128.6 0 0
132 130 56 16132.8 0 0
130 132 56 16137 0 0
130 129 57 16141.2 0 0
129 134 56 16145.4 0 0
130 130 57 16149.6 0 0
130 132 57 16153.9 0 0
131 130 56 16158.1 0 0
131 131 57 16162.4 0 0
132 138 56 16166.6 0 0
129 131 57 16170.8 0 0
128 136 57 16175 0 0
130 130 57 16179.2 0 0
129 129 56 16183.4 0 0
130 134 56 16187.7 0 0
127 130 56 16191.9 0 0
132 131 56 16196.8 0 0
131 130 57 16201 0 0
130 134 56 16205.2 0 0
135 134 56 16209.4 0 0
131 129 56 16213.6 0 0
132 131 56 16217.8 0 0
134 129 57 16222 0 0
128 134 56 16226.3 0 0
130 136 56 16230.5 0 0
133 134 57 16234.7 0 0
129 138 56 16238.9 0 0
131 137 57 16243.1 0 0
130 136 56 16247.3 0 0
130 138 56 16251.5 0 0
130 136 56 16255.8 0 0
132 138 56 16260 0 0
130 136 56 16264.2 0 0
132 133 56 16268.4 0 0
129 136 56 16272.6 0 0
129 135 56 16276.8 0 0
129 138 56 16281 0 0
129 135 56 16285.2 0 0
131 138 57 16289.6 0 0
131 131 56 16293.9 0 0
131 137 56 16298.1 0 0
130 139 56 16302.3 0 0
130 131 57 16306.5 0 0
131 135 57 16310.7 0 0
127 139 56 16314.9 0 0
130 134 56 16319.1 0 0
127 136 57 16323.4 0 0
129 138 56 16327.6 0 0
130 134 57 16331.8 0 0
130 135 56 16336 0 0
133 132 56 16340.2 0 0
130 132 56 16344.5 0 0
130 135 56 16348.9 0 0
135 127 56 16353.2 0 0
129 125 57 16357.4 0 0
128 117 56 16361.6 0 0
127 110 57 16365.8 0 0
126 112 56 16370 0 0
122 107 56 16374.3 0 0
122 105 56 16378.5 0 0
123 106 56 16382.7 0 0
124 106 56 16386.9 0 0
127 113 57 16391.1 0 0
125 111 56 16395.3 0 0
124 109 57 16399.5 0 0
125 112 56 16403.8 0 0
121 107 56 16410.9 0 0
124 109 57 16415.1 0 0
125 108 56 16419.4 0 0
124 110 56 16423.6 0 0
127 108 56 16427.8 0 0
124 108 56 16432 0 0
124 107 56 16436.2 0 0
124 108 56 16440.4 0 0
122 110 56 16444.7 0 0
123 115 56 16448.9 0 0
123 113 56 16453.1 0 0
124 114 56 16457.3 0 0
125 112 56 16461.5 0 0
120 112 56 16465.8 0 0
122 114 56 16470 0 0
122 113 56 16474.3 0 0
124 106 56 16478.6 0 0
121 107 56 16482.8 0 0
126 108 56 16487 0 0
126 108 56 16491.2 0 0
124 110 56 16496.8 0 0
125 109 56 16501 0 0
122 110 56 16505.3 0 0
125 109 56 16509.5 0 0
126 108 56 16513.7 0 0
126 111 56 16517.9 0 0
122 116 56 16522.1 0 0
122 120 56 16526.3 0 0
113 136 57 16530.5 0 0
106 152 56 16534.8 0 0
98 162 56 16539 0 0
100 170 56 16543.2 0 0
95 178 56 16547.4 0 0
88 182 56 16551.6 0 0
89 196 56 16555.8 0 0
88 199 56 16560 0 0
87 198 56 16564.3 0 0
90 198 56 16568.5 0 0
91 193 56 16572.7 0 0
87 191 56 16577 0 0
88 192 56 16581.2 0 0
87 197 56 16585.3 0 0
89 198 56 16589.7 0 0
87 201 56 16593.9 0 0
88 196 56 16598.1 0 0
88 200 56 16602.3 0 0
86 199 56 16606.6 0 0
89 201 56 16610.8 0 0
88 198 56 16615 0 0
91 200 56 16619.2 0 0
88 197 56 16623.4 0 0
86 201 56 16627.6 0 0
88 199 56 16631.8 0 0
87 199 56 16636.1 0 0
89 199 56 16640.3 0 0
89 199 56 16644.5 0 0
86 201 56 16648.7 0 0
87 197 56 16652.9 0 0
87 201 56 16657.1 0 0
87 199 56 16661.5 0 0
89 201 56 16665.7 0 0
86 200 56 16670 0 0
86 197 56 16674.2 0 0
87 200 56 16678.4 0 0
87 199 56 16682.7 0 0
90 199 56 16686.9 0 0
88 201 56 16691.2 0 0
88 198 56 16695.5 0 0
86 199 56 16699.7 0 0
86 198 56 16703.9 0 0
88 200 56 16708.1 0 0
88 198 56 16712.3 0 0
88 202 56 16716.5 0 0
87 200 56 16720.7 0 0
88 199 56 16725 0 0
87 200 56 16729.2 0 0
88 197 56 16733.4 0 0
89 199 56 16737.6 0 0
84 197 56 16741.8 0 0
88 200 56 16746 0 0
87 198 56 16750.2 0 0
89 198 56 16754.5 0 0
85 199 56 16758.9 0 0
88 199 56 16763.1 0 0
88 200 56 16767.3 0 0
87 199 56 16771.5 0 0
89 197 56 16775.7 0 0
89 198 56 16779.9 0 0
86 201 56 16784.1 0 0
86 200 56 16788.4 0 0
85 203 56 16792.6 0 0
80 204 56 16796.8 0 0
82 205 56 16801 0 0
79 209 56 16805.2 0 0
83 204 57 16809.4 0 0
82 203 56 16813.6 0 0
82 206 56 16817.9 0 0
82 203 56 16822.1 0 0
83 203 56 16826.3 0 0
81 204 56 16830.5 0 0
84 204 56 16834.7 0 0
81 204 56 16838.9 0 0
80 205 57 16843.2 0 0
83 204 56 16847.4 0 0
80 203 56 16851.6 0 0
80 203 56 16855.8 0 0
82 206 56 16860 0 0
84 202 56 16864.2 0 0
82 204 56 16868.4 0 0
79 200 56 16872.7 0 0
82 203 56 16876.9 0 0
83 200 56 16881.2 0 0
82 203 56 16885.4 0 0
81 204 56 16889.6 0 0
84 199 56 16893.8 0 0
82 203 56 16898 0 0
81 203 56 16902.2 0 0
83 201 56 16906.6 0 0
83 202 56 16910.8 0 0
83 202 56 16915 0 0
84 200 56 16919.3 0 0
81 203 56 16923.5 0 0
82 203 56 16927.7 0 0
85 203 56 16931.9 0 0
84 203 56 16936.1 0 0
82 204 56 16940.3 0 0
82 201 56 16944.6 0 0
83 209 56 16948.8 0 0
81 203 56 16953 0 0
81 201 56 16957.2 0 0
81 203 56 16961.6 0 0
84 207 56 16965.8 0 0
81 210 56 16970 0 0
83 204 56 16974.3 0 0
80 202 56 16978.5 0 0
83 201 56 16982.7 0 0
81 203 56 16987 0 0
82 204 56 16991.2 0 0
84 203 56 16995.3 0 0
82 203 56 16999.6 0 0
82 204 56 17003.8 0 0
81 203 56 17008 0 0
81 203 56 17012.2 0 0
82 203 56 17016.4 0 0
84 201 56 17020.6 0 0
81 201 56 17024.8 0 0
82 199 56 17029 0 0
84 201 56 17033.3 0 0
81 201 56 17037.5 0 0
83 200 56 17041.7 0 0
83 203 56 17045.9 0 0
81 202 56 17050.2 0 0
80 202 56 17054.3 0 0
83 198 56 17058.6 0 0
81 205 56 17062.8 0 0
84 202 56 17067 0 0
81 205 56 17071.2 0 0
82 203 56 17075.4 0 0
82 203 56 17079.7 0 0
82 204 56 17083.8 0 0
81 201 56 17088.1 0 0
82 200 56 17092.3 0 0
81 197 55 17096.5 0 0
82 203 56 17100.7 0 0
81 198 55 17104.9 0 0
82 198 55 17109.1 0 0
81 196 55 17113.3 0 0
82 196 55 17117.5 0 0
80 203 56 17121.8 0 0
80 201 56 17126 0 0
83 202 56 17130.4 0 0
79 201 56 17134.6 0 0
82 201 56 17138.8 0 0
82 197 55 17143 0 0
81 195 55 17147.3 0 0
82 202 56 17151.5 0 0
82 204 56 17155.8 0 0
82 201 56 17160 0 0
82 201 56 17164.2 0 0
80 199 56 17168.5 0 0
83 199 55 17172.7 0 0
81 200 55 17176.9 0 0
82 198 56 17181.1 0 0
82 200 56 17185.3 0 0
80 200 55 17189.5 0 0
80 200 56 17193.8 0 0
82 200 55 17198 0 0
82 203 55 17202.2 0 0
82 198 55 17206.4 0 0
80 208 56 17210.7 0 0
83 201 55 17214.9 0 0
80 199 55 17219.1 0 0
81 202 56 17223.3 0 0
79 198 55 17227.5 0 0
79 197 55 17231.7 0 0
81 197 55 17236 0 0
82 200 55 17240.2 0 0
82 209 56 17244.4 0 0
84 201 55 17248.6 0 0
80 192 55 17254.9 0 0
76 173 55 17259.2 0 0
67 142 55 17263.3 0 0
61 123 55 17267.5 0 0
57 110 55 17271.8 0 0
55 87 55 17276 0 0
46 68 54 17280.2 0 0
39 49 54 17284.4 0 0
37 40 54 17288.6 0 0
35 27 54 17292.8 0 0
32 26 55 17297.1 0 0
37 47 54 17301.3 0 0
37 42 54 17305.5 0 0
37 45 54 17309.7 0 0
36 30 54 17313.9 0 0
36 35 54 17318.2 0 0
34 29 54 17322.4 0 0
32 29 54 17326.6 0 0
34 28 54 17330.8 0 0
34 25 54 17335 0 0
30 23 54 17339.2 0 0
34 26 54 17343.5 0 0
37 24 54 17347.7 0 0
35 29 54 17352.2 0 0
32 27 54 17356.4 0 0
32 26 54 17360.7 0 0
30 23 54 17364.8 0 0
31 18 54 17369 0 0
28 17 54 17373.3 0 0
32 22 54 17377.5 0 0
29 15 54 17381.8 0 0
30 21 54 17386 0 0
31 19 54 17390.2 0 0
28 17 54 17394.4 0 0
28 17 54 17398.6 0 0
30 25 54 17403.1 0 0
26 13 54 17407.3 0 0
34 22 54 17411.5 0 0
28 17 54 17415.8 0 0
29 19 54 17420 0 0
28 11 54 17424.2 0 0
29 17 54 17428.5 0 0
29 13 54 17432.7 0 0
30 20 54 17436.9 0 0
26 9 54 17441.1 0 0
31 15 54 17445.3 0 0
28 17 55 17449.5 0 0
30 17 54 17453.8 0 0
29 17 54 17458 0 0
29 11 54 17462.2 0 0
28 18 54 17466.4 0 0
29 19 54 17470.8 0 0
28 9 54 17475 0 0
31 19 54 17479.3 0 0
27 8 54 17483.5 0 0
26 12 54 17487.7 0 0
31 24 54 17491.9 0 0
32 18 54 17496.1 0 0
30 19 55 17500.4 0 0
29 17 54 17504.6 0 0
31 15 54 17508.8 0 0
28 11 54 17513 0 0
29 26 54 17517.2 0 0
28 22 55 17521.4 0 0
29 29 54 17525.6 0 0
33 29 54 17529.8 0 0
28 19 54 17534.1 0 0
32 24 54 17538.3 0 0
32 25 54 17542.6 0 0
27 26 54 17546.8 0 0
30 23 54 17551 0 0
29 22 54 17555.2 0 0
30 22 54 17559.4 0 0
28 15 54 17563.6 0 0
29 25 54 17567.9 0 0
30 23 54 17572.1 0 0
29 19 54 17576.3 0 0
28 14 54 17580.5 0 0
31 27 54 17584.7 0 0
27 21 54 17588.9 0 0
32 17 54 17593.1 0 0
27 14 54 17597.3 0 0
29 20 54 17601.8 0 0
30 28 54 17606 0 0
33 10 54 17610.2 0 0
45 13 55 17614.4 0 0
58 19 55 17618.6 0 0
70 24 55 17622.8 0 0
77 23 55 17627 0 0
82 33 55 17631.3 0 0
80 30 55 17635.5 0 0
83 28 55 17639.7 0 0
78 20 55 17644 0 0
80 22 55 17648.2 0 0
82 23 55 17652.4 0 0
83 26 55 17656.7 0 0
85 26 55 17660.9 0 0
85 31 54 17665.1 0 0
81 24 54 17669.5 0 0
85 24 55 17673.7 0 0
85 29 55 17677.9 0 0
84 24 55 17682.1 0 0
84 23 55 17686.3 0 0
85 28 55 17690.5 0 0
83 29 54 17694.8 0 0
84 23 55 17699 0 0
84 30 54 17703.2 0 0
85 25 54 17707.4 0 0
81 24 55 17711.6 0 0
85 27 55 17715.8 0 0
85 25 54 17720 0 0
80 22 54 17724.3 0 0
85 27 55 17728.5 0 0
80 23 54 17732.7 0 0
81 23 54 17736.9 0 0
83 26 54 17741.1 0 0
83 25 55 17745.3 0 0
84 23 55 17749.5 0 0
78 22 55 17753.8 0 0
85 27 55 17758 0 0
86 28 55 17762.2 0 0
83 28 54 17766.4 0 0
84 30 55 17770.6 0 0
86 29 54 17774.8 0 0
83 23 54 17779 0 0
84 25 55 17783.3 0 0
80 22 54 17787.6 0 0
80 18 54 17791.8 0 0
85 24 54 17796.1 0 0
83 22 54 17800.3 0 0
83 21 55 17804.5 0 0
82 24 54 17808.7 0 0
83 21 54 17812.9 0 0
81 28 54 17817.1 0 0
84 30 54 17821.3 0 0
84 26 54 17825.5 0 0
80 20 54 17829.8 0 0
86 25 54 17834 0 0
83 29 54 17838.2 0 0
85 31 54 17842.4 0 0
87 31 54 17846.6 0 0
89 34 55 17850.8 0 0
97 30 55 17855.1 0 0
112 39 55 17859.3 0 0
128 49 56 17863.5 0 0
135 60 56 17867.7 0 0
147 53 55 17872 0 0
152 53 55 17876.2 0 0
161 55 54 17880.5 0 0
168 58 55 17884.7 0 0
174 55 54 17888.9 0 0
173 56 54 17893.1 0 0
175 55 53 17897.3 0 0
172 51 54 17901.5 0 0
173 54 54 17906 0 0
175 57 54 17910.2 0 0
178 53 54 17914.4 0 0
176 53 54 17918.6 0 0
174 54 54 17922.9 0 0
174 57 54 17927.1 0 0
175 57 54 17931.3 0 0
178 59 54 17935.5 0 0
179 55 54 17939.7 0 0
174 60 54 17944 0 0
176 57 54 17948.2 0 0
175 58 54 17952.4 0 0
178 57 54 17956.6 0 0
177 57 54 17960.8 0 0
175 60 54 17965.2 0 0
178 58 54 17969.4 0 0
179 55 54 17973.6 0 0
176 58 54 17977.8 0 0
177 59 54 17982 0 0
180 56 54 17986.2 0 0
175 59 54 17990.5 0 0
178 58 54 17994.7 0 0
176 56 54 17998.9 0 0
178 58 54 18003.1 0 0
173 60 54 18007.4 0 0
178 58 54 18011.6 0 0
176 62 54 18015.8 0 0
175 59 54 18020 0 0
175 52 54 18024.2 0 0
176 57 54 18028.4 0 0
176 53 54 18032.6 0 0
178 59 55 18036.9 0 0
177 55 55 18041.1 0 0
180 56 54 18045.3 0 0
178 58 54 18049.5 0 0
179 58 54 18053.7 0 0
175 58 54 18057.9 0 0
177 59 54 18062.1 0 0
177 58 54 18066.4 0 0
174 57 54 18070.6 0 0
177 58 55 18074.8 0 0
177 57 54 18079 0 0
175 57 54 18083.2 0 0
178 57 54 18087.4 0 0
177 57 54 18091.6 0 0
176 57 54 18095.8 0 0
177 58 54 18100.1 0 0
178 56 54 18104.3 0 0
177 58 55 18108.5 0 0
177 58 54 18112.7 0 0
176 59 54 18116.9 0 0
178 59 54 18121.1 0 0
178 57 54 18125.3 0 0
180 58 54 18129.5 0 0
176 56 54 18133.8 0 0
177 56 55 18138 0 0
176 59 55 18142.2 0 0
175 54 54 18146.4 0 0
179 54 54 18150.6 0 0
178 56 55 18154.8 0 0
179 57 55 18159.1 0 0
179 60 54 18163.3 0 0
176 58 55 18167.6 0 0
176 57 55 18171.8 0 0
179 62 54 18176 0 0
177 57 54 18180.2 0 0
178 64 55 18184.5 0 0
176 65 55 18188.7 0 0
166 69 55 18192.9 0 0
159 79 55 18197.2 0 0
150 97 56 18201.4 0 0
140 104 56 18205.6 0 0
139 102 55 18209.8 0 0
132 109 55 18214 0 0
130 118 55 18218.2 0 0
127 133 55 18222.5 0 0
127 138 55 18226.7 0 0
125 151 55 18230.9 0 0
125 153 55 18235.1 0 0
123 152 55 18239.3 0 0
125 145 55 18243.5 0 0
125 144 55 18247.8 0 0
121 143 55 18252 0 0
123 151 56 18256.2 0 0
125 149 55 18260.5 0 0
122 146 55 18264.7 0 0
121 150 55 18268.9 0 0
123 151 55 18273.1 0 0
123 150 55 18277.3 0 0
124 149 56 18281.5 0 0
121 148 55 18285.7 0 0
123 148 55 18290 0 0
125 150 55 18294.2 0 0
123 145 55 18298.5 0 0
120 150 55 18302.7 0 0
124 148 55 18306.9 0 0
121 152 55 18311.1 0 0
121 147 55 18315.3 0 0
122 148 55 18319.5 0 0
121 148 55 18323.8 0 0
122 150 55 18328 0 0
121 150 55 18332.2 0 0
124 150 55 18336.4 0 0
125 150 56 18340.7 0 0
120 152 56 18344.9 0 0
125 153 55 18349.1 0 0
121 150 56 18353.3 0 0
123 150 56 18357.5 0 0
125 162 56 18361.7 0 0
130 171 56 18365.9 0 0
143 181 56 18370.1 0 0
154 193 56 18374.4 0 0
162 189 55 18378.6 0 0
172 193 55 18382.8 0 0
181 190 55 18387 0 0
186 195 54 18391.2 0 0
193 190 54 18395.4 0 0
200 189 54 18399.6 0 0
197 193 54 18403.9 0 0
191 190 54 18408.1 0 0
194 185 54 18412.3 0 0
192 186 54 18416.5 0 0
195 187 54 18420.8 0 0
197 186 54 18425 0 0
196 186 54 18429.2 0 0
198 184 54 18433.4 0 0
199 185 54 18437.6 0 0
198 185 54 18441.8 0 0
196 185 54 18446 0 0
194 186 54 18450.2 0 0
198 186 54 18454.5 0 0
195 185 54 18458.7 0 0
194 188 54 18462.9 0 0
195 187 54 18467.1 0 0
198 193 54 18471.3 0 0
195 186 54 18475.6 0 0
196 186 54 18479.8 0 0
195 187 54 18484 0 0
192 186 54 18488.2 0 0
198 186 54 18492.4 0 0
198 185 54 18496.6 0 0
195 186 54 18500.9 0 0
194 184 54 18505.1 0 0
196 184 54 18509.3 0 0
197 183 54 18513.5 0 0
197 184 54 18517.7 0 0
197 184 54 18521.9 0 0
197 184 54 18526.2 0 0
196 183 54 18530.4 0 0
197 186 54 18534.6 0 0
194 187 54 18538.8 0 0
195 186 54 18543 0 0
195 187 54 18547.2 0 0
194 188 54 18551.5 0 0
196 185 54 18555.7 0 0
195 185 54 18559.9 0 0
196 186 54 18564.1 0 0
194 185 54 18568.3 0 0
196 184 54 18572.6 0 0
198 182 54 18576.8 0 0
196 187 54 18581 0 0
197 187 54 18585.2 0 0
196 184 54 18589.4 0 0
193 179 54 18596.2 0 0
197 179 54 18600.5 0 0
201 185 54 18604.7 0 0
195 182 54 18608.9 0 0
198 184 54 18613.1 0 0
195 184 55 18617.3 0 0
197 185 55 18621.5 0 0
201 185 55 18625.7 0 0
212 179 55 18630 0 0
220 184 54 18634.2 0 0
226 177 54 18638.4 0 0
235 172 53 18642.6 0 0
238 173 53 18646.8 0 0
240 171 53 18651 0 0
242 168 53 18655.4 0 0
236 168 53 18659.7 0 0
234 168 53 18663.9 0 0
236 168 53 18668.2 0 0
238 172 53 18672.4 0 0
238 166 53 18676.6 0 0
238 168 53 18680.8 0 0
242 168 53 18685 0 0
242 168 53 18689.2 0 0
236 167 53 18700 0 0
238 168 53 18704.2 0 0
240 168 53 18708.8 0 0
238 171 53 18713 0 0
236 169 53 18717.2 0 0
240 169 53 18721.4 0 0
239 166 53 18725.7 0 0
239 168 53 18729.9 0 0
239 170 53 18734.1 0 0
237 167 53 18738.3 0 0
238 167 53 18742.5 0 0
236 171 53 18746.7 0 0
239 170 53 18750.9 0 0
239 169 53 18755.2 0 0
238 170 53 18759.4 0 0
240 168 53 18763.6 0 0
239 168 53 18767.8 0 0
240 167 53 18772 0 0
239 168 53 18776.2 0 0
236 168 53 18780.5 0 0
238 166 53 18784.7 0 0
241 169 53 18788.9 0 0
236 167 53 18793.1 0 0
237 169 53 18797.3 0 0
238 169 53 18801.5 0 0
236 168 53 18805.7 0 0
238 168 52 18809.9 0 0
238 166 53 18814.1 0 0
237 167 53 18821 0 0
233 167 53 18825.3 0 0
224 177 54 18829.5 0 0
210 176 54 18833.7 0 0
196 177 55 18837.9 0 0
185 178 55 18842.1 0 0
172 178 55 18846.3 0 0
161 185 56 18850.6 0 0
149 183 56 18854.8 0 0
136 182 56 18859 0 0
123 181 57 18863.2 0 0
112 180 56 18867.5 0 0
101 186 57 18871.7 0 0
92 182 56 18875.9 0 0
80 186 56 18880.2 0 0
74 176 56 18884.4 0 0
67 180 56 18888.6 0 0
65 173 55 18892.8 0 0
70 179 55 18897 0 0
73 183 56 18901.2 0 0
71 184 56 18905.5 0 0
69 182 56 18909.7 0 0
66 180 55 18916.7 0 0
66 179 55 18925.1 0 0
63 178 55 18933.4 0 0
63 178 55 18941.8 0 0
64 180 55 18950 0 0
64 179 55 18954.2 0 0
65 178 55 18958.4 0 0
66 180 56 18962.6 0 0
66 180 55 18966.8 0 0
65 177 55 18971.1 0 0
65 180 55 18975.3 0 0
66 181 55 18979.5 0 0
64 179 55 18983.7 0 0
65 179 55 18987.9 0 0
62 185 55 18992.1 0 0
64 181 56 18996.3 0 0
64 178 55 19000.6 0 0
64 186 56 19004.8 0 0
64 181 55 19009 0 0
64 180 55 19013.2 0 0
64 180 55 19017.5 0 0
62 180 56 19021.7 0 0
57 167 56 19025.8 0 0
48 157 56 19030.1 0 0
39 153 55 19034.3 0 0
32 154 55 19038.5 0 0
29 159 54 19042.7 0 0
32 150 54 19047 0 0
31 157 54 19051.2 0 0
32 156 55 19055.4 0 0
36 158 55 19059.6 0 0
32 161 55 19063.8 0 0
34 159 54 19070.7 0 0
33 152 55 19075 0 0
33 156 54 19079.2 0 0
32 150 55 19083.4 0 0
30 151 54 19087.7 0 0
32 151 54 19091.9 0 0
30 152 55 19096.1 0 0
33 149 55 19100.5 0 0
33 152 55 19104.7 0 0
31 150 54 19108.9 0 0
34 162 55 19113.1 0 0
30 150 55 19117.3 0 0
30 151 55 19121.5 0 0
29 155 55 19125.7 0 0
34 149 55 19130 0 0
33 154 55 19134.2 0 0
31 149 55 19138.4 0 0
30 153 55 19142.6 0 0
31 155 55 19146.8 0 0
32 154 55 19151 0 0
31 156 55 19155.2 0 0
32 155 55 19159.5 0 0
32 155 55 19163.7 0 0
29 149 55 19168.8 0 0
32 153 55 19173.1 0 0
28 152 55 19177.3 0 0
31 149 55 19181.5 0 0
32 152 55 19185.7 0 0
30 150 55 19189.9 0 0
28 150 55 19194.2 0 0
33 153 55 19198.4 0 0
32 150 55 19202.6 0 0
30 154 55 19206.8 0 0
29 150 54 19211 0 0
33 153 55 19215.2 0 0
31 151 55 19219.5 0 0
32 151 55 19223.7 0 0
31 155 55 19227.9 0 0
31 153 55 19232.1 0 0
31 156 55 19236.3 0 0
31 160 55 19240.5 0 0
31 172 54 19244.8 0 0
31 164 55 19251.6 0 0
28 161 54 19256 0 0
32 162 55 19260.2 0 0
32 165 54 19264.4 0 0
34 164 54 19268.6 0 0
29 161 54 19272.8 0 0
32 161 55 19277 0 0
32 163 54 19281.2 0 0
33 163 55 19285.4 0 0
33 163 54 19289.7 0 0
30 163 54 19293.9 0 0
32 162 55 19298.1 0 0
31 163 54 19302.3 0 0
32 164 54 19306.5 0 0
32 164 54 19310.7 0 0
33 162 54 19314.9 0 0
31 164 54 19319.4 0 0
34 165 54 19323.6 0 0
31 164 54 19327.8 0 0
32 166 54 19332 0 0
30 165 54 19336.2 0 0
30 165 54 19340.4 0 0
30 161 54 19344.7 0 0
29 164 54 19348.9 0 0
31 159 54 19353.1 0 0
31 167 54 19357.3 0 0
30 166 54 19361.5 0 0
29 164 54 19365.7 0 0
29 164 54 19369.9 0 0
31 165 54 19374.2 0 0
29 164 54 19378.4 0 0
29 165 54 19382.6 0 0
30 160 54 19386.8 0 0
30 167 54 19391 0 0
28 166 54 19395.2 0 0
33 167 54 19399.4 0 0
27 165 54 19403.7 0 0
31 164 54 19407.9 0 0
29 166 54 19412.1 0 0
29 162 54 19416.3 0 0
28 163 54 19420.6 0 0
30 166 54 19424.8 0 0
30 159 54 19429 0 0
31 164 54 19433.2 0 0
31 170 54 19437.4 0 0
31 162 54 19441.6 0 0
29 159 54 19445.9 0 0
29 165 54 19450.1 0 0
28 164 54 19454.3 0 0
28 162 54 19458.5 0 0
28 165 54 19462.7 0 0
31 170 54 19467 0 0
29 170 54 19471.3 0 0
32 169 54 19475.5 0 0
31 164 54 19479.8 0 0
32 154 54 19484 0 0
31 136 54 19488.2 0 0
33 117 54 19492.4 0 0
32 99 54 19496.6 0 0
28 70 54 19500.8 0 0
23 57 54 19505 0 0
24 44 54 19509.3 0 0
20 22 54 19513.5 0 0
12 14 54 19517.7 0 0
19 23 54 19521.9 0 0
20 32 54 19526.1 0 0
23 31 54 19530.4 0 0
17 21 54 19534.7 0 0
20 18 54 19539 0 0
20 22 54 19543.2 0 0
16 17 54 19547.4 0 0
17 18 54 19551.6 0 0
14 12 54 19555.8 0 0
13 8 54 19560.1 0 0
20 22 54 19564.3 0 0
13 9 54 19568.5 0 0
18 15 54 19572.8 0 0
15 12 54 19577 0 0
15 14 54 19581.2 0 0
16 20 54 19585.4 0 0
13 4 54 19589.6 0 0
14 3 54 19593.8 0 0
13 6 54 19598 0 0
18 13 54 19602.3 0 0
15 14 54 19606.5 0 0
16 12 54 19610.7 0 0
14 9 54 19614.9 0 0
16 11 54 19623.3 0 0
14 8 54 19627.5 0 0
13 7 54 19631.8 0 0
12 3 54 19640.2 0 0
15 3 54 19644.4 0 0
14 4 54 19657 0 0
13 9 54 19661.2 0 0
16 12 55 19665.5 0 0
14 4 55 19669.7 0 0
13 5 54 19673.9 0 0
17 9 54 19682.3 0 0
14 8 55 19686.5 0 0
75 18 56 20118.8 0 0
89 43 57 20123.1 0 0
102 80 56 20127.3 0 0
117 98 57 20131.5 0 0
121 107 56 20135.8 0 0
129 115 56 20140 0 0
135 130 56 20144.2 0 0
142 151 56 20148.4 0 0
145 160 55 20152.6 0 0
145 178 55 20156.8 0 0
143 189 55 20161.1 0 0
146 191 55 20165.3 0 0
150 191 55 20169.5 0 0
151 190 55 20173.8 0 0
149 189 55 20178 0 0
150 188 55 20182.2 0 0
150 186 55 20186.4 0 0
151 189 55 20190.7 0 0
153 192 55 20195 0 0
152 192 55 20199.2 0 0
152 193 55 20203.4 0 0
152 194 55 20207.6 0 0
151 193 55 20211.8 0 0
153 194 55 20216.1 0 0
151 193 55 20220.3 0 0
152 193 55 20224.5 0 0
153 192 55 20228.8 0 0
152 191 55 20233 0 0
151 194 55 20237.2 0 0
153 189 55 20241.4 0 0
154 193 55 20245.6 0 0
154 192 55 20249.8 0 0
151 194 56 20254 0 0
153 193 55 20258.8 0 0
154 193 55 20263 0 0
153 192 55 20267.2 0 0
153 190 55 20271.5 0 0
152 192 55 20275.7 0 0
154 194 56 20279.9 0 0
156 192 55 20284.1 0 0
155 193 56 20288.3 0 0
156 192 55 20292.6 0 0
155 196 56 20296.8 0 0
152 192 56 20301 0 0
154 191 55 20305.2 0 0
154 192 56 20309.4 0 0
155 196 56 20313.6 0 0
154 192 55 20317.8 0 0
154 190 55 20322.1 0 0
156 192 55 20326.3 0 0
153 192 55 20330.5 0 0
156 191 55 20334.7 0 0
156 193 55 20338.9 0 0
149 194 56 20343.1 0 0
154 192 55 20347.3 0 0
153 191 55 20351.6 0 0
154 193 56 20355.8 0 0
153 196 56 20360 0 0
153 192 56 20364.2 0 0
154 195 56 20368.4 0 0
155 193 55 20372.6 0 0
149 195 56 20376.8 0 0
143 192 56 20381.1 0 0
132 186 56 20385.3 0 0
130 187 56 20389.5 0 0
130 178 56 20393.7 0 0
130 183 56 20397.9 0 0
129 182 56 20402.1 0 0
133 175 56 20406.4 0 0
131 178 56 20410.6 0 0
130 175 56 20414.9 0 0
130 177 56 20419.1 0 0
132 178 56 20423.3 0 0
132 178 56 20427.5 0 0
130 175 56 20431.7 0 0
132 172 56 20436 0 0
131 178 56 20440.2 0 0
130 174 56 20444.4 0 0
129 174 56 20448.7 0 0
132 174 56 20452.9 0 0
129 175 56 20457.1 0 0
133 173 56 20461.3 0 0
129 174 56 20465.5 0 0
130 176 56 20469.7 0 0
129 172 56 20474 0 0
131 178 56 20478.2 0 0
130 175 56 20482.4 0 0
131 183 56 20486.6 0 0
129 181 56 20490.8 0 0
129 179 56 20495 0 0
131 183 56 20499.3 0 0
128 176 56 20503.5 0 0
131 181 56 20507.7 0 0
129 185 56 20511.9 0 0
129 180 56 20516.1 0 0
132 176 56 20520.3 0 0
131 183 56 20524.5 0 0
131 178 55 20528.7 0 0
133 180 56 20533 0 0
131 185 56 20537.2 0 0
130 181 56 20541.4 0 0
128 183 56 20545.6 0 0
129 182 56 20549.8 0 0
129 184 56 20554.1 0 0
131 181 56 20558.3 0 0
130 187 56 20562.5 0 0
132 180 56 20566.7 0 0
130 179 56 20573.5 0 0
129 182 56 20577.7 0 0
129 186 56 20582 0 0
132 183 56 20586.2 0 0
131 181 56 20590.5 0 0
130 185 56 20594.7 0 0
131 181 56 20598.9 0 0
132 180 56 20603.1 0 0
131 178 56 20607.3 0 0
130 181 56 20611.5 0 0
131 176 56 20615.8 0 0
131 178 56 20620 0 0
131 179 55 20624.2 0 0
132 188 56 20628.4 0 0
131 182 56 20632.6 0 0
132 181 56 20636.8 0 0
131 188 56 20641.1 0 0
132 181 55 20645.3 0 0
131 185 56 20649.5 0 0
131 185 55 20653.7 0 0
130 181 56 20657.9 0 0
130 177 56 20662.1 0 0
134 185 56 20666.4 0 0
129 176 56 20670.6 0 0
132 177 55 20674.8 0 0
132 177 55 20679 0 0
128 175 55 20684.4 0 0
131 182 56 20688.6 0 0
131 178 56 20692.8 0 0
131 178 56 20697.1 0 0
132 184 56 20701.3 0 0
131 174 55 20705.5 0 0
129 182 55 20709.7 0 0
128 180 56 20713.9 0 0
129 178 55 20718.1 0 0
131 181 56 20722.3 0 0
130 173 55 20726.5 0 0
131 180 55 20730.8 0 0
129 178 56 20735 0 0
134 178 56 20739.2 0 0
130 179 55 20743.4 0 0
132 179 56 20747.6 0 0
130 180 56 20751.8 0 0
132 183 56 20756 0 0
130 180 56 20760.3 0 0
129 185 56 20764.5 0 0
128 187 56 20768.7 0 0
129 183 56 20772.9 0 0
129 185 56 20777.1 0 0
130 180 56 20781.3 0 0
131 181 56 20785.5 0 0
130 180 55 20789.8 0 0
129 179 56 20794 0 0
131 176 55 20798.2 0 0
129 180 56 20802.4 0 0
131 175 55 20806.6 0 0
128 185 56 20810.8 0 0
130 175 56 20815.1 0 0
130 181 56 20819.3 0 0
129 178 56 20823.5 0 0
128 178 56 20827.7 0 0
131 184 56 20831.9 0 0
133 184 56 20836.1 0 0
132 181 56 20840.3 0 0
128 184 56 20844.7 0 0
130 182 55 20848.9 0 0
130 183 56 20853.2 0 0
128 172 55 20857.4 0 0
130 177 55 20861.6 0 0
130 177 55 20865.8 0 0
130 183 56 20870 0 0
129 182 56 20874.2 0 0
130 178 56 20878.4 0 0
127 178 56 20882.6 0 0
130 184 56 20886.9 0 0
127 179 56 20891.1 0 0
129 185 56 20895.3 0 0
127 177 56 20899.5 0 0
127 180 56 20903.8 0 0
130 175 56 20908 0 0
130 180 56 20912.2 0 0
128 178 56 20916.4 0 0
131 177 56 20920.7 0 0
128 172 56 20924.9 0 0
129 176 56 20929.1 0 0
132 177 56 20933.3 0 0
127 184 56 20937.5 0 0
129 175 56 20941.7 0 0
129 184 56 20945.9 0 0
130 178 56 20950.2 0 0
131 178 56 20954.4 0 0
129 173 56 20958.6 0 0
129 168 56 20962.8 0 0
124 151 56 20967 0 0
117 136 56 20971.2 0 0
118 126 56 20975.5 0 0
112 119 56 20979.7 0 0
109 104 56 20983.9 0 0
106 101 56 20988.1 0 0
103 88 56 20992.3 0 0
100 86 57 20996.5 0 0
98 77 56 21000.7 0 0
97 71 56 21005 0 0
100 78 57 21009.2 0 0
98 85 57 21013.4 0 0
