123 123 54 46030.8 0 0
126 127 54 46035 0 0
122 127 54 46039.2 0 0
125 126 55 46043.5 0 0
123 125 54 46047.7 0 0
122 125 54 46051.9 0 0
123 126 54 46056.1 0 0
123 128 54 46060.3 0 0
124 126 54 46064.5 0 0
121 126 54 46068.7 0 0
122 124 54 46073 0 0
123 122 55 46077.2 0 0
126 122 54 46084.2 0 0
126 123 54 46088.4 0 0
123 125 54 46092.6 0 0
124 123 54 46096.8 0 0
122 123 54 46101 0 0
125 123 54 46105.3 0 0
124 124 54 46109.5 0 0
122 123 54 46113.7 0 0
124 125 54 46117.9 0 0
125 122 54 46122.1 0 0
125 124 54 46126.3 0 0
122 123 54 46130.6 0 0
125 124 54 46134.8 0 0
123 123 55 46139 0 0
123 123 54 46143.2 0 0
123 122 54 46147.4 0 0
123 123 54 46151.6 0 0
124 125 54 46155.8 0 0
124 124 54 46160.1 0 0
122 124 54 46164.3 0 0
124 124 55 46168.5 0 0
124 125 55 46172.7 0 0
123 123 54 46179.8 0 0
124 125 55 46184.1 0 0
125 124 54 46188.3 0 0
124 123 54 46192.5 0 0
123 125 54 46196.7 0 0
123 126 54 46200.9 0 0
123 123 54 46205.2 0 0
125 126 54 46209.4 0 0
123 124 54 46213.6 0 0
123 123 55 46217.8 0 0
126 124 55 46222 0 0
124 126 55 46226.3 0 0
124 125 54 46230.5 0 0
123 125 55 46234.7 0 0
126 125 54 46238.9 0 0
122 125 54 46243.2 0 0
124 125 55 46247.4 0 0
125 125 55 46251.6 0 0
126 125 54 46255.8 0 0
124 128 55 46260 0 0
122 124 54 46264.2 0 0
126 126 54 46268.5 0 0
125 125 55 46272.7 0 0
121 123 55 46276.9 0 0
123 126 54 46281.1 0 0
125 123 55 46288.2 0 0
124 123 54 46296.5 0 0
124 121 55 46304.7 0 0
125 124 55 46313 0 0
122 125 55 46321.4 0 0
124 123 55 46329.7 0 0
124 123 55 46338 0 0
127 125 55 46345.9 0 0
139 126 56 46350.1 0 0
148 128 56 46354.7 0 0
154 123 56 46358.9 0 0
167 123 57 46363.2 0 0
174 116 57 46367.4 0 0
182 114 57 46371.6 0 0
191 111 56 46375.8 0 0
198 110 56 46380 0 0
206 104 56 46384.2 0 0
209 101 56 46388.4 0 0
212 95 55 46392.6 0 0
215 92 54 46396.8 0 0
217 92 55 46401 0 0
217 90 54 46405.2 0 0
214 89 54 46409.4 0 0
214 92 55 46413.6 0 0
214 91 54 46417.8 0 0
215 91 54 46422.1 0 0
215 93 54 46426.3 0 0
212 93 54 46430.5 0 0
214 92 54 46434.7 0 0
214 91 54 46438.9 0 0
214 93 54 46443.1 0 0
215 92 53 46447.4 0 0
215 92 53 46451.6 0 0
215 92 53 46455.8 0 0
214 91 53 46460.1 0 0
217 92 52 46464.3 0 0
212 94 53 46468.5 0 0
215 89 53 46472.7 0 0
216 90 52 46479.6 0 0
214 92 53 46484.3 0 0
216 90 52 46488.5 0 0
213 95 52 46492.7 0 0
216 92 51 46496.9 0 0
213 89 51 46501.2 0 0
215 90 51 46505.4 0 0
215 91 51 46509.6 0 0
212 92 51 46513.8 0 0
214 89 51 46518 0 0
213 91 51 46522.2 0 0
213 91 51 46526.4 0 0
216 91 51 46530.7 0 0
213 91 50 46534.9 0 0
213 92 50 46539.1 0 0
212 90 50 46543.3 0 0
216 89 50 46547.5 0 0
215 89 50 46551.7 0 0
216 90 50 46555.9 0 0
216 90 50 46560.1 0 0
216 90 50 46564.7 0 0
216 90 49 46568.9 0 0
217 91 49 46573.1 0 0
216 89 50 46577.4 0 0
218 90 49 46581.6 0 0
221 88 49 46585.8 0 0
215 90 49 46590 0 0
215 91 49 46594.2 0 0
217 88 49 46598.4 0 0
217 90 49 46602.6 0 0
219 87 49 46606.8 0 0
214 90 49 46611.1 0 0
217 92 49 46615.3 0 0
218 90 49 46619.5 0 0
214 92 48 46623.7 0 0
220 89 48 46627.9 0 0
215 92 49 46632.1 0 0
217 90 49 46636.3 0 0
220 91 48 46640.6 0 0
215 90 48 46644.8 0 0
216 90 48 46649 0 0
215 91 48 46653.2 0 0
215 90 49 46657.4 0 0
219 91 48 46661.6 0 0
215 90 48 46665.8 0 0
219 90 48 46670 0 0
221 88 48 46674.3 0 0
224 83 48 46678.5 0 0
227 78 48 46682.7 0 0
230 72 48 46686.9 0 0
230 73 47 46691.1 0 0
236 70 47 46695.3 0 0
229 72 47 46699.5 0 0
229 71 48 46703.7 0 0
233 70 47 46707.9 0 0
232 71 47 46712.2 0 0
232 69 47 46716.4 0 0
231 72 47 46720.6 0 0
230 70 47 46724.8 0 0
232 74 47 46729 0 0
230 73 47 46733.2 0 0
229 71 47 46737.4 0 0
229 71 47 46741.6 0 0
230 74 47 46745.8 0 0
231 72 47 46750.1 0 0
230 72 47 46754.3 0 0
229 72 47 46758.5 0 0
229 73 47 46762.8 0 0
228 72 47 46767 0 0
230 70 47 46771.2 0 0
230 71 47 46775.4 0 0
230 71 46 46779.6 0 0
232 71 47 46783.8 0 0
230 73 47 46788 0 0
231 70 46 46792.3 0 0
231 71 47 46796.5 0 0
232 71 46 46800.7 0 0
230 72 47 46804.9 0 0
230 71 47 46809.1 0 0
231 70 46 46813.3 0 0
232 71 46 46817.5 0 0
228 72 46 46821.7 0 0
230 70 46 46826.3 0 0
231 70 46 46830.5 0 0
229 72 47 46834.8 0 0
231 72 46 46839 0 0
233 71 46 46843.2 0 0
232 70 46 46847.4 0 0
231 71 46 46854.4 0 0
233 72 46 46858.6 0 0
231 69 47 46862.8 0 0
230 71 47 46867.1 0 0
232 72 47 46871.2 0 0
228 73 47 46875.5 0 0
231 70 46 46879.7 0 0
229 71 46 46883.9 0 0
230 71 46 46888.1 0 0
228 73 47 46892.3 0 0
230 71 46 46896.5 0 0
232 72 46 46900.7 0 0
231 70 46 46904.9 0 0
227 66 46 46909.1 0 0
221 65 47 46913.3 0 0
216 60 47 46917.6 0 0
210 55 47 46921.8 0 0
206 49 48 46926 0 0
199 49 48 46930.3 0 0
196 48 47 46934.5 0 0
190 46 47 46938.7 0 0
189 46 47 46943 0 0
189 47 47 46947.2 0 0
191 47 47 46954.1 0 0
192 48 48 46958.3 0 0
191 46 48 46962.6 0 0
191 47 47 46966.8 0 0
191 47 48 46971 0 0
189 48 48 46975.2 0 0
190 48 47 46979.4 0 0
191 47 48 46983.7 0 0
191 48 48 46987.9 0 0
190 49 47 46992.1 0 0
190 46 48 46996.3 0 0
191 46 48 47000.5 0 0
190 46 48 47004.7 0 0
189 47 48 47008.9 0 0
191 46 48 47013.1 0 0
190 47 48 47017.3 0 0
189 48 48 47021.6 0 0
190 47 48 47025.8 0 0
189 49 48 47030 0 0
189 47 48 47034.2 0 0
189 47 49 47038.4 0 0
189 48 48 47042.7 0 0
189 48 48 47046.9 0 0
188 48 48 47051.1 0 0
187 48 48 47055.3 0 0
188 48 48 47059.5 0 0
191 48 49 47063.7 0 0
189 48 48 47067.9 0 0
188 48 48 47072.1 0 0
187 48 49 47078.9 0 0
188 49 49 47083.2 0 0
189 47 49 47087.4 0 0
187 48 49 47091.8 0 0
191 48 49 47096.1 0 0
187 49 49 47100.3 0 0
190 49 49 47104.5 0 0
189 48 49 47108.7 0 0
189 48 49 47112.9 0 0
190 48 49 47117.2 0 0
188 48 49 47121.4 0 0
189 49 50 47125.6 0 0
188 49 49 47129.8 0 0
190 48 49 47134 0 0
191 48 50 47138.2 0 0
187 48 49 47142.4 0 0
188 47 49 47146.7 0 0
188 47 49 47150.8 0 0
188 48 50 47155.1 0 0
188 47 49 47159.3 0 0
188 49 49 47163.5 0 0
188 49 49 47167.7 0 0
199 50 50 47174 0 0
212 58 51 47178.2 0 0
217 57 51 47183.3 0 0
222 59 51 47187.5 0 0
227 60 50 47191.7 0 0
228 61 50 47195.9 0 0
229 61 50 47200.2 0 0
227 62 50 47204.4 0 0
226 61 50 47208.6 0 0
227 61 50 47212.8 0 0
228 62 50 47217 0 0
225 63 50 47221.2 0 0
227 65 50 47225.4 0 0
226 63 50 47229.6 0 0
226 63 51 47233.8 0 0
226 63 0 47238.1 0 0
226 64 50 47242.3 0 0
226 64 0 47246.5 0 0
226 63 50 47250.8 0 0
225 65 50 47255 0 0
229 64 51 47259.2 0 0
227 63 50 47263.4 0 0
225 65 51 47267.6 0 0
230 62 51 47271.9 0 0
224 66 51 47276.1 0 0
225 64 51 47283.2 0 0
225 64 51 47291.5 0 0
226 65 51 47299 0 0
225 64 51 47303.2 0 0
224 65 51 47308.2 0 0
225 65 51 47312.4 0 0
226 66 51 47316.6 0 0
227 65 51 47320.8 0 0
226 65 51 47325.1 0 0
225 67 51 47329.2 0 0
226 65 51 47333.5 0 0
223 66 51 47337.7 0 0
223 66 0 47341.9 0 0
225 66 51 47346.1 0 0
226 64 51 47350.3 0 0
227 64 51 47354.6 0 0
223 66 51 47358.8 0 0
226 65 51 47363 0 0
227 65 51 47367.2 0 0
227 65 0 47371.4 0 0
227 66 51 47375.6 0 0
226 64 52 47379.9 0 0
227 64 51 47384.1 0 0
224 65 51 47388.8 0 0
226 64 0 47393 0 0
226 65 52 47399.6 0 0
227 65 52 47403.9 0 0
225 65 52 47408.1 0 0
225 65 0 47412.3 0 0
226 64 52 47416.5 0 0
226 64 0 47420.8 0 0
230 61 51 47425 0 0
233 60 52 47429.2 0 0
234 62 52 47433.4 0 0
235 63 52 47437.6 0 0
235 63 0 47441.8 0 0
238 60 52 47446 0 0
234 61 52 47450.3 0 0
236 61 52 47454.5 0 0
235 62 52 47458.7 0 0
234 61 52 47462.9 0 0
237 60 52 47467.1 0 0
235 60 52 47471.3 0 0
235 60 0 47475.5 0 0
235 61 52 47479.7 0 0
234 60 53 47483.9 0 0
236 59 52 47488.2 0 0
232 62 52 47492.4 0 0
232 62 0 47496.6 0 0
234 60 52 47500.8 0 0
234 62 52 47505.1 0 0
234 62 52 47512 0 0
233 63 0 47517.7 0 0
234 62 52 47521.9 0 0
235 61 52 47528.7 0 0
234 63 53 47533 0 0
234 63 0 47537.2 0 0
233 63 53 47541.4 0 0
234 63 53 47545.6 0 0
234 63 0 47549.8 0 0
234 61 53 47554.1 0 0
235 61 53 47558.3 0 0
235 61 53 47562.5 0 0
234 61 53 47566.7 0 0
235 60 53 47570.9 0 0
235 60 0 47575.1 0 0
235 60 0 47579.3 0 0
236 62 53 47583.6 0 0
236 60 53 47587.8 0 0
236 61 53 47592 0 0
235 62 53 47596.2 0 0
236 62 53 47600.4 0 0
235 61 54 47604.6 0 0
231 59 53 47608.8 0 0
223 60 54 47613.1 0 0
218 58 54 47617.3 0 0
205 56 55 47621.5 0 0
194 51 56 47625.7 0 0
182 49 56 47629.9 0 0
162 41 56 47634.1 0 0
162 41 54 47641.1 0 0
162 41 54 47645.4 0 0
162 41 54 47649.6 0 0
162 41 54 47653.8 0 0
162 41 53 47658 0 0
114 17 52 47662.2 0 0
109 18 52 47666.5 0 0
106 20 52 47670.7 0 0
102 22 52 47674.9 0 0
103 22 53 47679.1 0 0
103 22 52 47683.3 0 0
103 22 52 47687.6 0 0
102 22 52 47691.8 0 0
102 22 52 47696 0 0
101 22 52 47700.2 0 0
102 22 52 47704.4 0 0
102 21 52 47708.7 0 0
102 22 52 47712.9 0 0
102 22 52 47717.1 0 0
103 22 51 47721.3 0 0
104 21 52 47725.5 0 0
102 22 52 47729.7 0 0
102 22 51 47733.9 0 0
102 22 52 47738.1 0 0
102 22 52 47745.3 0 0
103 22 52 47752.1 0 0
101 22 51 47756.4 0 0
101 22 52 47762 0 0
103 22 52 47766.2 0 0
101 22 51 47770.4 0 0
103 22 52 47774.7 0 0
101 22 52 47778.9 0 0
100 22 52 47783.1 0 0
101 22 52 47787.3 0 0
101 22 52 47791.5 0 0
101 22 52 47795.8 0 0
104 22 52 47800 0 0
101 22 52 47804.2 0 0
101 21 52 47808.4 0 0
101 21 52 47812.6 0 0
102 22 52 47816.8 0 0
102 22 52 47821 0 0
100 22 52 47825.2 0 0
100 21 52 47829.4 0 0
100 22 52 47833.6 0 0
101 22 52 47837.8 0 0
100 22 52 47842 0 0
101 22 52 47846.2 0 0
100 22 52 47850.4 0 0
101 22 52 47854.7 0 0
100 22 52 47858.9 0 0
99 22 52 47863.1 0 0
101 22 52 47867.3 0 0
101 21 52 47874.1 0 0
100 22 52 47878.4 0 0
100 21 52 47882.6 0 0
99 22 52 47886.8 0 0
100 22 52 47891.1 0 0
99 22 52 47895.3 0 0
99 22 52 47899.5 0 0
101 22 52 47903.7 0 0
100 22 52 47907.9 0 0
101 22 52 47912.1 0 0
101 22 53 47916.3 0 0
101 22 52 47920.6 0 0
101 21 53 47924.8 0 0
99 22 52 47929 0 0
99 22 53 47933.2 0 0
100 22 52 47937.4 0 0
100 22 53 47941.7 0 0
101 22 52 47945.9 0 0
99 22 53 47950.1 0 0
102 20 53 47954.3 0 0
106 19 53 47958.5 0 0
102 17 54 47962.7 0 0
99 19 55 47966.9 0 0
118 47 55 47971.2 0 0
127 65 55 47975.3 0 0
125 85 54 47982.5 0 0
120 79 55 47990.8 0 0
122 80 55 47999 0 0
122 81 54 48007.5 0 0
121 79 54 48015.8 0 0
122 81 55 48024 0 0
119 80 54 48032.5 0 0
122 80 55 48040.7 0 0
120 79 55 48049 0 0
120 79 55 48057.2 0 0
122 80 54 48064.6 0 0
123 79 54 48068.8 0 0
121 80 54 48073.9 0 0
119 80 55 48078.2 0 0
122 80 54 48082.4 0 0
123 80 55 48086.6 0 0
121 80 54 48090.8 0 0
120 81 54 48095 0 0
121 81 55 48099.2 0 0
121 80 54 48103.5 0 0
124 80 54 48107.7 0 0
122 81 55 48111.9 0 0
123 80 55 48116.1 0 0
122 81 55 48120.3 0 0
120 80 54 48124.5 0 0
120 80 55 48128.7 0 0
121 82 54 48132.9 0 0
121 80 55 48137.2 0 0
121 81 54 48141.4 0 0
122 80 55 48145.6 0 0
121 80 54 48149.8 0 0
122 79 55 48154 0 0
119 82 54 48158.2 0 0
120 81 54 48162.4 0 0
121 82 55 48166.6 0 0
121 83 54 48170.9 0 0
122 85 55 48175.1 0 0
117 88 54 48179.3 0 0
117 88 54 48183.5 0 0
97 104 54 48189.6 0 0
92 108 54 48193.8 0 0
81 119 54 48198.1 0 0
74 131 53 48202.3 0 0
67 142 53 48206.5 0 0
62 146 53 48210.7 0 0
54 158 53 48214.9 0 0
53 172 52 48219.1 0 0
48 174 52 48223.3 0 0
48 181 52 48227.5 0 0
51 174 52 48231.7 0 0
48 175 52 48235.9 0 0
51 170 52 48240.4 0 0
48 166 52 48244.6 0 0
47 168 52 48248.8 0 0
48 168 52 48253 0 0
50 165 52 48257.2 0 0
45 165 52 48261.5 0 0
50 165 52 48265.7 0 0
48 166 52 48269.9 0 0
49 165 52 48274.1 0 0
50 163 52 48278.3 0 0
51 165 51 48282.5 0 0
44 166 52 48286.8 0 0
46 170 51 48291 0 0
46 173 51 48295.2 0 0
48 159 51 48299.4 0 0
47 164 52 48303.6 0 0
46 166 51 48307.8 0 0
45 158 51 48312 0 0
47 162 52 48316.2 0 0
46 161 52 48320.4 0 0
46 174 51 48324.7 0 0
47 171 51 48328.9 0 0
46 165 52 48333.1 0 0
47 168 51 48337.3 0 0
44 171 52 48341.5 0 0
46 168 51 48345.7 0 0
46 166 51 48349.9 0 0
47 164 51 48354.2 0 0
48 171 52 48358.4 0 0
47 170 52 48362.6 0 0
44 164 52 48366.8 0 0
45 171 51 48371.1 0 0
46 172 51 48375.2 0 0
47 165 52 48379.5 0 0
46 168 51 48383.7 0 0
46 162 51 48387.9 0 0
45 168 52 48392.1 0 0
47 168 52 48396.3 0 0
46 164 51 48400.5 0 0
46 165 51 48408.5 0 0
48 165 52 48412.7 0 0
46 168 51 48416.9 0 0
48 172 52 48421.2 0 0
47 176 52 48425.4 0 0
46 160 51 48429.6 0 0
45 160 52 48433.8 0 0
46 159 51 48438 0 0
45 165 52 48442.2 0 0
47 166 52 48446.5 0 0
49 167 51 48450.7 0 0
46 166 51 48454.9 0 0
46 162 51 48459.1 0 0
45 161 51 48463.3 0 0
47 165 51 48467.6 0 0
47 164 51 48471.8 0 0
47 167 51 48476 0 0
51 183 52 48480.2 0 0
58 203 53 48484.4 0 0
66 207 54 48488.7 0 0
75 227 55 48492.9 0 0
81 216 54 48497.1 0 0
85 225 54 48501.3 0 0
80 228 54 48505.5 0 0
79 227 54 48509.7 0 0
77 219 54 48514 0 0
76 215 54 48518.2 0 0
77 221 53 48522.4 0 0
77 222 53 48526.6 0 0
78 223 53 48530.8 0 0
78 218 53 48535 0 0
78 224 53 48539.2 0 0
77 220 53 48543.5 0 0
77 220 53 48547.7 0 0
77 220 53 48551.9 0 0
81 223 53 48556.1 0 0
77 221 53 48560.3 0 0
77 220 53 48564.5 0 0
77 220 53 48568.8 0 0
76 219 53 48573 0 0
77 219 53 48577.2 0 0
77 225 53 48581.4 0 0
80 221 53 48585.7 0 0
76 220 53 48589.9 0 0
76 221 53 48594.1 0 0
76 222 53 48598.3 0 0
78 222 53 48602.5 0 0
79 223 53 48606.7 0 0
78 223 53 48610.9 0 0
77 223 53 48615.2 0 0
79 220 53 48619.4 0 0
76 220 53 48623.6 0 0
77 225 53 48627.8 0 0
76 220 52 48632 0 0
78 224 53 48636.3 0 0
78 222 53 48640.5 0 0
78 222 52 48644.7 0 0
76 215 53 48648.9 0 0
78 222 53 48653.1 0 0
76 222 52 48657.3 0 0
75 213 53 48661.9 0 0
75 221 52 48666.1 0 0
73 214 53 48670.3 0 0
76 216 52 48674.6 0 0
76 216 53 48678.8 0 0
73 215 52 48683 0 0
75 211 52 48687.2 0 0
79 222 53 48691.4 0 0
74 216 52 48695.7 0 0
73 213 52 48699.9 0 0
74 216 52 48704.1 0 0
78 226 52 48708.3 0 0
79 228 52 48712.5 0 0
74 225 52 48716.8 0 0
76 231 52 48721 0 0
78 227 52 48725.2 0 0
78 224 52 48729.4 0 0
80 231 52 48733.6 0 0
78 230 52 48737.8 0 0
75 222 52 48742.1 0 0
78 223 52 48746.3 0 0
80 227 52 48750.5 0 0
79 226 52 48754.7 0 0
77 223 52 48758.9 0 0
78 221 52 48763.1 0 0
76 222 52 48767.3 0 0
77 221 52 48771.6 0 0
78 223 52 48775.8 0 0
78 226 52 48780 0 0
77 225 52 48784.2 0 0
78 224 52 48788.4 0 0
77 228 52 48792.7 0 0
77 223 52 48796.9 0 0
78 225 52 48801.1 0 0
79 228 52 48805.3 0 0
78 228 52 48809.5 0 0
83 226 52 48813.7 0 0
79 230 52 48817.9 0 0
78 219 52 48822.2 0 0
79 222 52 48826.4 0 0
78 228 52 48830.6 0 0
78 226 52 48834.8 0 0
84 224 52 48839.1 0 0
83 226 52 48843.2 0 0
79 229 52 48847.4 0 0
78 214 52 48851.7 0 0
78 206 52 48855.9 0 0
85 205 53 48860.1 0 0
98 200 53 48864.3 0 0
101 192 53 48868.5 0 0
104 190 54 48872.7 0 0
113 177 54 48876.9 0 0
118 166 53 48881.2 0 0
123 161 53 48885.4 0 0
124 162 53 48889.7 0 0
124 161 53 48893.9 0 0
123 165 53 48898.1 0 0
121 167 53 48902.4 0 0
120 162 53 48906.6 0 0
123 164 53 48910.9 0 0
123 164 53 48915.1 0 0
123 167 53 48919.3 0 0
122 163 53 48923.6 0 0
123 160 53 48927.8 0 0
123 163 52 48932 0 0
118 163 53 48936.2 0 0
121 161 53 48940.4 0 0
120 164 53 48944.7 0 0
122 164 53 48949 0 0
123 164 53 48953.2 0 0
120 163 52 48957.4 0 0
124 162 53 48961.6 0 0
126 164 53 48965.8 0 0
120 164 53 48970 0 0
123 164 53 48974.2 0 0
123 161 53 48978.6 0 0
123 163 53 48982.8 0 0
123 165 53 48987.1 0 0
121 166 52 48991.3 0 0
121 165 52 48995.5 0 0
122 164 53 48999.7 0 0
124 165 52 49003.9 0 0
122 164 52 49008.1 0 0
120 164 52 49012.4 0 0
122 166 52 49016.6 0 0
121 165 52 49020.9 0 0
123 164 52 49025.1 0 0
124 165 52 49029.3 0 0
122 164 52 49033.5 0 0
125 164 52 49037.7 0 0
122 166 52 49042.1 0 0
124 163 52 49046.3 0 0
122 163 52 49050.5 0 0
124 162 52 49054.7 0 0
122 165 52 49058.9 0 0
122 165 52 49063.1 0 0
122 159 52 49067.3 0 0
118 154 53 49071.5 0 0
121 143 52 49075.8 0 0
121 134 52 49080 0 0
123 131 52 49084.2 0 0
121 125 52 49088.4 0 0
125 119 52 49092.6 0 0
119 120 52 49096.8 0 0
120 119 52 49101 0 0
124 121 52 49105.3 0 0
122 123 52 49110.1 0 0
120 123 52 49114.3 0 0
123 122 52 49118.6 0 0
121 121 52 49122.8 0 0
123 120 52 49127 0 0
121 120 52 49131.2 0 0
125 120 52 49135.5 0 0
117 121 52 49139.7 0 0
124 120 52 49143.9 0 0
124 121 52 49148.1 0 0
121 119 52 49152.4 0 0
123 121 52 49156.6 0 0
122 121 52 49160.8 0 0
122 120 52 49165 0 0
123 119 52 49169.2 0 0
119 119 52 49173.4 0 0
126 122 52 49177.7 0 0
119 119 52 49181.8 0 0
121 121 52 49186.1 0 0
119 119 52 49190.3 0 0
121 119 52 49194.5 0 0
122 119 52 49198.8 0 0
119 120 52 49203 0 0
124 119 52 49207.2 0 0
121 119 52 49211.4 0 0
122 119 52 49215.6 0 0
121 119 52 49219.8 0 0
120 121 52 49224 0 0
121 120 52 49228.3 0 0
121 120 52 49232.5 0 0
124 120 52 49236.8 0 0
121 120 52 49241 0 0
121 121 52 49245.2 0 0
124 122 52 49249.4 0 0
121 122 52 49253.6 0 0
125 122 52 49257.8 0 0
120 124 51 49262.1 0 0
125 124 52 49266.3 0 0
126 120 52 49270.5 0 0
125 116 52 49274.7 0 0
124 110 52 49278.9 0 0
124 100 52 49283.1 0 0
124 95 52 49287.4 0 0
125 95 51 49291.6 0 0
128 90 51 49295.8 0 0
126 86 51 49300.1 0 0
125 86 52 49304.3 0 0
126 89 51 49308.5 0 0
124 89 51 49312.7 0 0
127 88 51 49316.9 0 0
125 89 51 49321.1 0 0
127 88 51 49325.3 0 0
124 89 51 49329.5 0 0
125 89 51 49333.8 0 0
126 89 51 49337.9 0 0
126 89 51 49342.2 0 0
125 88 51 49346.4 0 0
125 90 51 49350.6 0 0
127 89 51 49354.8 0 0
126 90 51 49359 0 0
125 88 51 49363.3 0 0
127 89 51 49367.5 0 0
127 88 51 49371.7 0 0
127 89 50 49375.9 0 0
128 87 50 49380.1 0 0
125 89 51 49384.4 0 0
129 87 51 49388.6 0 0
125 87 51 49392.8 0 0
125 88 51 49397 0 0
127 89 51 49401.2 0 0
125 89 50 49405.4 0 0
125 88 51 49409.7 0 0
125 87 50 49413.9 0 0
127 86 51 49418.1 0 0
124 88 50 49422.3 0 0
126 88 51 49426.6 0 0
126 88 50 49430.8 0 0
123 88 50 49435 0 0
126 87 50 49439.2 0 0
127 88 50 49443.4 0 0
128 88 51 49447.7 0 0
124 88 51 49451.9 0 0
125 88 51 49456.1 0 0
128 88 50 49460.3 0 0
125 89 50 49464.5 0 0
126 89 50 49468.7 0 0
127 87 50 49472.9 0 0
128 88 50 49477.1 0 0
126 86 50 49481.3 0 0
127 85 50 49485.6 0 0
127 88 50 49490 0 0
126 88 50 49494.2 0 0
126 88 50 49498.4 0 0
126 88 50 49502.7 0 0
126 88 50 49506.9 0 0
126 86 50 49511.1 0 0
126 87 50 49515.3 0 0
127 89 50 49519.6 0 0
129 87 50 49523.8 0 0
126 86 50 49528 0 0
130 87 50 49532.2 0 0
127 87 50 49536.4 0 0
127 86 50 49540.6 0 0
125 85 50 49544.9 0 0
128 86 50 49549.2 0 0
125 89 50 49553.4 0 0
127 87 50 49557.6 0 0
126 88 50 49561.8 0 0
125 86 50 49566 0 0
128 86 50 49570.2 0 0
128 86 50 49574.5 0 0
125 87 50 49578.7 0 0
127 87 50 49582.9 0 0
127 88 50 49587.1 0 0
127 88 50 49591.3 0 0
123 86 50 49595.5 0 0
129 87 50 49599.7 0 0
125 88 50 49604 0 0
127 88 49 49608.2 0 0
128 87 50 49612.4 0 0
125 88 50 49616.6 0 0
128 88 50 49620.8 0 0
128 87 49 49625 0 0
128 87 50 49629.2 0 0
126 88 50 49633.4 0 0
127 86 49 49637.7 0 0
129 85 49 49641.9 0 0
128 86 49 49646.1 0 0
126 86 50 49650.3 0 0
129 86 49 49654.5 0 0
126 86 49 49658.7 0 0
127 86 49 49662.9 0 0
128 87 49 49667.1 0 0
127 85 49 49671.4 0 0
128 85 50 49675.6 0 0
126 86 49 49679.8 0 0
127 85 49 49684 0 0
126 86 49 49688.2 0 0
127 87 49 49692.4 0 0
127 86 49 49696.7 0 0
128 88 49 49700.9 0 0
126 87 49 49705.1 0 0
127 87 48 49709.3 0 0
129 89 49 49713.5 0 0
125 87 49 49717.7 0 0
126 88 49 49721.9 0 0
128 87 49 49726.1 0 0
124 86 49 49730.3 0 0
128 86 49 49734.6 0 0
126 87 49 49739 0 0
125 89 49 49743.2 0 0
129 85 49 49747.4 0 0
127 87 48 49751.6 0 0
129 86 49 49755.8 0 0
128 86 48 49760.1 0 0
129 86 48 49764.3 0 0
128 86 49 49768.5 0 0
127 87 49 49772.7 0 0
128 85 48 49776.9 0 0
123 89 48 49781.1 0 0
129 88 49 49785.3 0 0
130 85 49 49789.6 0 0
129 88 49 49793.8 0 0
128 87 48 49798 0 0
126 86 48 49802.2 0 0
130 85 49 49806.4 0 0
127 87 48 49810.6 0 0
130 88 48 49814.8 0 0
127 88 48 49819.1 0 0
127 89 48 49823.3 0 0
130 88 48 49827.5 0 0
128 87 48 49831.7 0 0
127 86 48 49835.9 0 0
128 86 48 49840.1 0 0
130 86 48 49844.3 0 0
128 85 48 49848.6 0 0
125 85 49 49852.8 0 0
129 89 48 49857 0 0
127 87 49 49861.2 0 0
131 87 48 49865.4 0 0
130 86 48 49869.6 0 0
129 85 49 49873.9 0 0
126 86 48 49878.1 0 0
128 87 48 49882.3 0 0
128 87 49 49886.6 0 0
131 87 48 49890.8 0 0
130 88 48 49895 0 0
125 85 49 49899.2 0 0
128 86 48 49903.4 0 0
127 87 48 49907.6 0 0
129 86 49 49911.8 0 0
128 87 49 49916.1 0 0
127 86 48 49920.3 0 0
127 87 49 49924.5 0 0
128 87 49 49928.7 0 0
130 88 48 49932.9 0 0
128 89 48 49937.1 0 0
129 86 48 49941.3 0 0
127 85 48 49945.6 0 0
125 85 48 49949.9 0 0
128 80 49 49954.1 0 0
129 80 49 49958.3 0 0
131 79 49 49962.5 0 0
130 78 48 49966.7 0 0
130 76 49 49970.9 0 0
130 79 49 49975.1 0 0
130 80 49 49979.3 0 0
130 80 48 49983.6 0 0
130 79 49 49987.8 0 0
129 77 49 49992 0 0
131 79 49 49996.2 0 0
130 79 49 50000.4 0 0
130 80 49 50004.7 0 0
131 77 49 50008.9 0 0
131 78 49 50013.1 0 0
133 79 49 50017.3 0 0
130 80 49 50021.5 0 0
127 79 49 50025.8 0 0
130 80 49 50030 0 0
128 78 49 50034.2 0 0
128 78 49 50038.4 0 0
131 77 49 50042.6 0 0
131 80 49 50046.8 0 0
130 78 49 50051.1 0 0
133 79 49 50055.3 0 0
131 80 49 50059.5 0 0
130 78 49 50063.7 0 0
130 78 49 50067.9 0 0
129 81 49 50072.2 0 0
131 78 49 50076.4 0 0
131 77 49 50080.6 0 0
131 77 49 50084.8 0 0
130 79 49 50089 0 0
131 80 49 50093.2 0 0
131 79 49 50097.5 0 0
130 77 49 50101.7 0 0
131 79 49 50105.9 0 0
131 79 50 50110.1 0 0
129 79 49 50114.4 0 0
131 78 49 50118.6 0 0
132 79 49 50122.8 0 0
132 79 50 50127 0 0
128 80 50 50131.2 0 0
133 80 49 50135.5 0 0
130 78 49 50139.7 0 0
131 79 49 50143.9 0 0
131 78 49 50148.1 0 0
132 77 50 50152.3 0 0
130 78 49 50156.5 0 0
133 77 50 50160.7 0 0
131 77 50 50164.9 0 0
130 79 49 50169.2 0 0
133 77 50 50173.4 0 0
131 76 50 50177.6 0 0
130 77 50 50181.8 0 0
133 78 49 50188.6 0 0
132 77 50 50192.8 0 0
131 76 49 50197.1 0 0
130 78 50 50201.3 0 0
131 76 50 50205.5 0 0
134 78 49 50209.7 0 0
131 78 49 50213.9 0 0
130 77 49 50218.1 0 0
130 76 49 50222.3 0 0
133 79 50 50226.5 0 0
132 78 49 50230.8 0 0
130 78 50 50235 0 0
131 80 50 50239.2 0 0
132 78 49 50243.4 0 0
129 77 50 50247.6 0 0
130 67 50 50251.8 0 0
127 59 50 50256.1 0 0
124 52 49 50260.6 0 0
118 45 50 50264.8 0 0
118 45 49 50269 0 0
26 79 49 50273.2 0 0
26 79 49 50277.4 0 0
98 24 48 50281.6 0 0
96 22 49 50285.8 0 0
96 22 49 50290.1 0 0
96 51 47 50299 0 0
98 50 47 50303.2 0 0
98 51 48 50309.7 0 0
97 48 47 50313.9 0 0
98 50 48 50318.2 0 0
100 50 48 50322.4 0 0
100 50 48 50330.8 0 0
92 24 48 50335 0 0
91 25 47 50339.2 0 0
97 49 47 50343.4 0 0
96 50 48 50347.7 0 0
96 50 48 50351.9 0 0
92 49 47 50356.1 0 0
96 49 48 50360.3 0 0
96 51 48 50364.6 0 0
93 25 48 50368.8 0 0
92 25 47 50373 0 0
92 25 48 50377.2 0 0
73 29 47 50381.4 0 0
93 24 47 50385.6 0 0
92 24 48 50389.8 0 0
96 48 48 50394.1 0 0
98 48 47 50398.3 0 0
97 50 48 50402.5 0 0
94 49 48 50407.6 0 0
98 49 48 50411.8 0 0
97 50 48 50418.1 0 0
98 51 48 50422.3 0 0
93 25 47 50426.5 0 0
97 51 48 50430.7 0 0
98 49 48 50434.9 0 0
93 25 48 50439.1 0 0
97 50 48 50443.3 0 0
93 25 48 50447.5 0 0
93 25 48 50451.8 0 0
94 26 48 50456 0 0
94 25 48 50460.2 0 0
93 26 48 50464.4 0 0
93 27 48 50468.6 0 0
93 25 48 50472.9 0 0
92 26 49 50477.1 0 0
94 26 48 50481.3 0 0
92 25 48 50485.6 0 0
92 26 48 50489.9 0 0
92 25 48 50494.1 0 0
91 25 48 50498.3 0 0
93 26 48 50505.2 0 0
91 27 48 50513.8 0 0
95 25 48 50522 0 0
94 25 48 50530.4 0 0
98 25 49 50538.7 0 0
98 25 50 50547 0 0
129 52 51 50555 0 0
139 61 52 50563.2 0 0
139 62 51 50571.7 0 0
137 61 51 50579.9 0 0
137 61 51 50588.4 0 0
139 62 51 50595.8 0 0
137 62 51 50600.1 0 0
137 62 51 50604.9 0 0
138 61 51 50609.2 0 0
137 62 51 50613.4 0 0
138 61 50 50617.6 0 0
138 62 51 50621.8 0 0
138 62 50 50626 0 0
137 63 51 50630.2 0 0
138 62 50 50634.4 0 0
136 63 50 50638.6 0 0
137 62 50 50642.9 0 0
136 63 50 50647.1 0 0
138 62 50 50651.3 0 0
138 62 50 50655.5 0 0
136 63 51 50659.7 0 0
138 62 50 50663.9 0 0
138 62 50 50668.1 0 0
136 63 50 50672.3 0 0
137 63 50 50676.5 0 0
137 63 51 50680.7 0 0
136 62 50 50684.9 0 0
137 61 51 50689.1 0 0
135 63 50 50693.3 0 0
135 63 50 50697.6 0 0
139 63 50 50701.8 0 0
138 62 50 50706 0 0
135 62 51 50710.2 0 0
138 63 50 50714.4 0 0
137 61 50 50718.7 0 0
138 63 50 50723.1 0 0
135 63 50 50729.8 0 0
137 63 51 50734.1 0 0
136 63 50 50738.3 0 0
138 65 50 50742.5 0 0
138 61 50 50746.7 0 0
137 62 50 50750.9 0 0
135 62 50 50755.2 0 0
134 63 50 50759.4 0 0
138 63 50 50763.6 0 0
136 62 50 50767.8 0 0
135 64 50 50772 0 0
136 64 51 50776.2 0 0
136 63 50 50780.4 0 0
136 63 50 50784.6 0 0
136 62 50 50788.8 0 0
137 62 50 50793.1 0 0
139 63 50 50797.3 0 0
138 62 50 50801.5 0 0
137 64 50 50805.7 0 0
137 62 51 50809.9 0 0
137 62 51 50814.1 0 0
134 64 51 50818.3 0 0
138 62 50 50822.6 0 0
136 63 50 50826.8 0 0
136 63 50 50831 0 0
137 63 50 50835.2 0 0
137 63 50 50839.4 0 0
136 61 50 50843.6 0 0
137 63 50 50847.8 0 0
136 63 50 50854.7 0 0
132 67 50 50859 0 0
129 80 50 50863.2 0 0
122 86 50 50867.4 0 0
111 96 50 50871.6 0 0
104 105 50 50875.8 0 0
97 108 49 50880 0 0
85 117 49 50884.2 0 0
73 124 49 50888.5 0 0
68 131 48 50892.7 0 0
60 142 48 50896.9 0 0
52 153 48 50901.1 0 0
49 153 47 50905.3 0 0
44 166 47 50909.5 0 0
41 163 47 50913.7 0 0
37 171 47 50917.9 0 0
39 165 47 50922.2 0 0
40 161 47 50926.4 0 0
40 164 48 50930.6 0 0
37 156 47 50934.8 0 0
39 158 47 50939 0 0
37 158 47 50943.2 0 0
40 157 47 50947.5 0 0
40 156 47 50954.6 0 0
37 154 47 50958.8 0 0
37 152 47 50963 0 0
37 153 47 50967.2 0 0
36 152 47 50971.4 0 0
37 155 47 50975.6 0 0
37 152 47 50979.8 0 0
37 152 47 50984 0 0
37 154 47 50988.3 0 0
37 157 47 50992.5 0 0
38 152 47 50996.7 0 0
37 145 47 51000.9 0 0
36 143 47 51005.1 0 0
37 145 47 51009.3 0 0
36 145 47 51013.6 0 0
39 151 47 51017.8 0 0
38 152 47 51022 0 0
36 152 47 51026.2 0 0
36 156 48 51030.4 0 0
37 153 47 51034.6 0 0
35 152 47 51038.8 0 0
35 149 47 51043 0 0
37 151 47 51047.3 0 0
35 153 47 51051.5 0 0
36 152 47 51055.7 0 0
37 150 47 51059.9 0 0
36 156 47 51064.1 0 0
35 151 47 51068.3 0 0
36 158 47 51075.2 0 0
37 143 47 51079.5 0 0
37 141 47 51083.7 0 0
38 153 47 51087.9 0 0
36 155 47 51092.1 0 0
35 158 47 51096.3 0 0
36 153 47 51100.5 0 0
36 153 48 51104.8 0 0
33 161 48 51109 0 0
34 163 48 51113.2 0 0
35 159 48 51117.4 0 0
36 157 48 51121.7 0 0
36 158 48 51125.9 0 0
36 160 48 51130.1 0 0
36 155 48 51134.3 0 0
35 160 48 51138.5 0 0
34 157 48 51142.9 0 0
36 156 48 51147.1 0 0
34 159 48 51151.3 0 0
35 155 48 51155.5 0 0
37 162 48 51159.7 0 0
35 157 48 51163.9 0 0
35 156 48 51168.2 0 0
36 159 48 51172.4 0 0
36 160 48 51176.6 0 0
37 160 48 51180.8 0 0
43 174 49 51187.8 0 0
50 185 49 51192 0 0
55 179 51 51196.2 0 0
67 172 52 51200.5 0 0
74 180 52 51204.7 0 0
78 182 51 51208.9 0 0
77 176 51 51213.1 0 0
75 172 51 51217.3 0 0
71 179 51 51221.5 0 0
70 173 51 51225.8 0 0
72 174 51 51230 0 0
72 178 51 51234.2 0 0
73 173 51 51238.5 0 0
76 176 51 51242.7 0 0
72 175 51 51246.9 0 0
73 175 51 51251.1 0 0
76 180 51 51255.3 0 0
73 182 51 51259.6 0 0
75 180 51 51263.8 0 0
73 183 51 51268 0 0
74 175 50 51272.2 0 0
74 175 50 51276.4 0 0
75 177 51 51283.4 0 0
72 178 51 51287.6 0 0
72 176 51 51291.8 0 0
72 178 51 51296.1 0 0
71 181 51 51300.3 0 0
74 175 51 51304.5 0 0
71 175 50 51308.7 0 0
74 170 51 51312.9 0 0
72 173 50 51317.1 0 0
72 174 50 51321.4 0 0
73 176 50 51325.6 0 0
72 183 50 51329.8 0 0
73 176 50 51334 0 0
74 180 50 51338.2 0 0
72 182 50 51342.4 0 0
69 172 50 51346.7 0 0
62 165 50 51350.9 0 0
52 174 50 51355.2 0 0
48 168 49 51359.4 0 0
44 165 49 51363.7 0 0
35 150 48 51367.9 0 0
32 143 48 51372.1 0 0
30 143 48 51376.3 0 0
31 136 48 51380.5 0 0
33 140 48 51384.7 0 0
31 140 48 51389 0 0
33 133 47 51393.2 0 0
32 133 47 51400.1 0 0
33 137 47 51404.4 0 0
33 134 47 51408.6 0 0
33 129 47 51412.8 0 0
32 130 47 51417 0 0
34 140 47 51421.2 0 0
33 134 47 51425.4 0 0
32 129 47 51429.6 0 0
34 132 47 51433.8 0 0
34 132 47 51438 0 0
33 132 47 51442.2 0 0
33 128 47 51446.4 0 0
34 135 47 51450.7 0 0
32 131 47 51454.9 0 0
34 141 47 51459.1 0 0
32 128 47 51463.3 0 0
32 132 47 51467.5 0 0
33 128 47 51471.8 0 0
32 136 47 51476 0 0
34 133 47 51480.2 0 0
34 128 47 51484.4 0 0
31 134 47 51488.6 0 0
34 131 47 51492.8 0 0
31 127 47 51497.1 0 0
33 139 47 51501.2 0 0
32 122 47 51505.5 0 0
35 134 47 51509.7 0 0
34 130 47 51516.5 0 0
32 127 47 51520.8 0 0
34 133 47 51525 0 0
33 127 47 51529.3 0 0
31 128 47 51533.6 0 0
32 132 46 51537.8 0 0
34 131 46 51542 0 0
34 123 46 51546.2 0 0
33 134 46 51550.5 0 0
33 141 46 51554.7 0 0
34 125 46 51558.9 0 0
32 129 46 51563.1 0 0
33 133 47 51567.3 0 0
35 132 46 51571.5 0 0
32 131 46 51575.7 0 0
32 127 47 51579.9 0 0
34 139 46 51584.1 0 0
32 127 47 51588.3 0 0
33 125 46 51592.6 0 0
32 139 47 51596.8 0 0
31 130 46 51601 0 0
31 128 46 51605.2 0 0
33 131 47 51609.5 0 0
33 130 47 51613.7 0 0
34 132 47 51617.9 0 0
34 132 47 51622.1 0 0
31 133 46 51627.1 0 0
33 138 46 51631.3 0 0
33 127 46 51635.6 0 0
34 129 46 51639.8 0 0
33 124 46 51644 0 0
33 132 47 51648.2 0 0
33 130 46 51652.4 0 0
33 129 47 51656.7 0 0
32 135 47 51660.9 0 0
34 128 46 51665.1 0 0
32 128 47 51669.3 0 0
33 126 46 51673.5 0 0
33 126 47 51677.8 0 0
32 134 47 51682 0 0
35 126 47 51686.2 0 0
35 133 47 51690.4 0 0
34 131 47 51694.6 0 0
32 127 47 51698.8 0 0
34 129 47 51703.1 0 0
30 123 47 51707.2 0 0
33 130 46 51711.5 0 0
32 126 47 51715.7 0 0
33 129 47 51719.9 0 0
32 123 46 51724.2 0 0
33 130 47 51728.5 0 0
32 137 47 51732.7 0 0
31 128 47 51736.9 0 0
35 128 47 51741.2 0 0
33 131 47 51745.4 0 0
33 135 47 51749.6 0 0
32 123 47 51753.8 0 0
38 112 47 51758 0 0
39 106 47 51762.3 0 0
43 99 47 51766.5 0 0
46 98 48 51770.7 0 0
51 85 47 51774.9 0 0
55 60 48 51779.4 0 0
63 75 47 51783.7 0 0
63 75 47 51787.9 0 0
63 75 47 51792.1 0 0
79 17 47 51796.3 0 0
81 17 47 51800.6 0 0
73 12 47 51804.8 0 0
73 12 47 51809 0 0
78 13 47 51813.2 0 0
78 14 48 51817.4 0 0
77 14 47 51821.6 0 0
77 13 47 51825.8 0 0
75 12 48 51830.1 0 0
77 14 47 51834.3 0 0
77 13 48 51838.5 0 0
76 13 47 51842.7 0 0
76 13 48 51846.9 0 0
76 13 48 51851.1 0 0
76 13 47 51857.9 0 0
75 13 48 51862.2 0 0
74 12 48 51866.4 0 0
75 13 47 51870.6 0 0
76 13 48 51874.8 0 0
75 13 48 51879 0 0
75 13 47 51883.2 0 0
76 13 47 51887.4 0 0
75 13 48 51891.7 0 0
75 13 48 51895.9 0 0
76 13 48 51900.1 0 0
74 13 47 51904.3 0 0
76 13 48 51908.5 0 0
75 13 48 51912.8 0 0
76 14 48 51917 0 0
75 13 48 51921.2 0 0
75 13 48 51925.4 0 0
71 11 48 51929.6 0 0
70 11 48 51933.8 0 0
76 14 48 51938 0 0
71 11 48 51942.3 0 0
76 14 48 51946.5 0 0
70 11 48 51950.7 0 0
70 11 48 51954.9 0 0
71 11 48 51959.1 0 0
70 11 49 51963.3 0 0
71 11 48 51967.5 0 0
71 11 48 51971.7 0 0
71 11 48 51975.9 0 0
71 11 48 51982.8 0 0
71 11 48 51987.1 0 0
71 11 48 51991.3 0 0
71 11 48 51995.5 0 0
71 11 48 51999.7 0 0
71 11 48 52003.9 0 0
72 11 48 52008.1 0 0
72 11 49 52012.4 0 0
77 14 49 52016.6 0 0
83 17 50 52020.8 0 0
95 25 49 52025 0 0
99 25 50 52029.2 0 0
96 56 49 52033.5 0 0
95 55 49 52037.7 0 0
99 25 49 52041.9 0 0
99 25 49 52046.1 0 0
97 25 50 52050.4 0 0
97 25 49 52054.6 0 0
99 26 49 52058.8 0 0
99 26 49 52063 0 0
99 25 50 52067.2 0 0
97 25 49 52071.4 0 0
97 25 49 52075.6 0 0
98 26 50 52079.8 0 0
97 25 49 52084 0 0
96 25 49 52088.2 0 0
99 25 50 52092.5 0 0
98 25 49 52096.7 0 0
96 25 49 52100.9 0 0
96 25 49 52105.2 0 0
98 26 50 52111.5 0 0
98 24 49 52115.7 0 0
97 25 49 52119.9 0 0
97 25 50 52124.1 0 0
97 25 49 52128.3 0 0
97 25 49 52132.6 0 0
95 24 49 52136.8 0 0
95 24 49 52141 0 0
95 25 49 52145.2 0 0
95 24 49 52149.4 0 0
95 24 49 52153.6 0 0
96 23 49 52157.9 0 0
94 24 49 52162.1 0 0
96 24 49 52166.3 0 0
94 24 49 52170.6 0 0
96 24 50 52174.8 0 0
95 24 49 52179 0 0
97 23 49 52183.2 0 0
95 23 49 52187.4 0 0
94 24 49 52191.6 0 0
94 24 49 52195.9 0 0
94 24 49 52200.1 0 0
94 24 49 52204.3 0 0
93 24 49 52208.5 0 0
94 24 50 52212.7 0 0
95 24 49 52216.9 0 0
95 24 49 52221.2 0 0
95 24 49 52225.5 0 0
93 23 49 52229.7 0 0
93 23 49 52233.9 0 0
94 23 49 52238.1 0 0
93 23 49 52242.3 0 0
94 23 49 52246.5 0 0
96 24 49 52250.7 0 0
94 24 49 52254.9 0 0
95 25 49 52259.2 0 0
95 25 49 52263.4 0 0
95 24 49 52267.8 0 0
93 24 48 52272 0 0
95 25 49 52276.2 0 0
94 25 48 52280.4 0 0
93 24 49 52284.6 0 0
91 24 49 52288.8 0 0
93 24 49 52293.1 0 0
93 24 49 52297.3 0 0
95 23 49 52301.5 0 0
93 24 49 52305.7 0 0
93 24 49 52309.9 0 0
92 23 49 52314.1 0 0
95 23 49 52318.3 0 0
96 25 49 52322.6 0 0
88 27 49 52326.8 0 0
76 16 48 52331 0 0
76 12 48 52335.2 0 0
71 11 48 52339.4 0 0
66 11 48 52343.6 0 0
65 10 47 52347.8 0 0
60 19 47 52352 0 0
60 17 47 52356.3 0 0
58 17 47 52360.5 0 0
60 18 47 52423.8 0 0
61 17 46 52428 0 0
61 17 46 52457.6 0 0
61 18 46 52461.8 0 0
61 18 46 52512.5 0 0
65 183 57 53150.7 0 0
68 100 54 53159.1 0 0
89 37 49 53163.3 0 0
65 71 50 53167.5 0 0
64 117 57 53171.7 0 0
59 93 59 53175.9 0 0
59 72 48 53180.1 0 0
55 73 49 53184.3 0 0
59 71 48 53188.6 0 0
63 105 63 53192.8 0 0
59 71 49 53197 0 0
59 83 52 53205.4 0 0
85 34 49 53209.6 0 0
62 69 48 53213.8 0 0
40 105 48 53218 0 0
59 73 48 53222.3 0 0
41 103 48 53226.5 0 0
76 186 64 53230.7 0 0
55 210 49 53234.9 0 0
56 79 48 53239.2 0 0
60 100 55 53243.3 0 0
42 102 48 53247.6 0 0
61 70 48 53251.8 0 0
60 87 48 53256 0 0
60 70 48 53260.2 0 0
64 69 48 53268.7 0 0
61 72 48 53272.9 0 0
47 98 48 53277.1 0 0
65 119 58 53281.3 0 0
62 68 47 53285.5 0 0
62 68 0 53289.7 0 0
64 109 55 53294 0 0
64 69 48 53298.2 0 0
60 74 48 53302.4 0 0
101 226 64 53306.6 0 0
86 34 48 53310.8 0 0
22 220 45 53315 0 0
61 74 48 53319.2 0 0
61 74 0 53323.5 0 0
63 72 48 53332 0 0
61 74 48 53336.2 0 0
76 171 64 53340.4 0 0
67 104 51 53344.6 0 0
44 104 48 53348.8 0 0
67 115 58 53357.4 0 0
100 228 64 53361.7 0 0
65 97 54 53365.9 0 0
61 72 48 53370.1 0 0
61 72 0 53374.3 0 0
63 73 48 53378.5 0 0
81 187 65 53382.7 0 0
85 41 48 53387 0 0
62 71 48 53391.2 0 0
67 114 62 53395.4 0 0
67 114 50 53399.6 0 0
58 39 50 53403.8 0 0
58 39 51 53408 0 0
103 21 52 53412.2 0 0
123 35 52 53416.4 0 0
109 101 54 53423.3 0 0
117 110 53 53427.6 0 0
122 125 54 53431.8 0 0
129 162 52 53436 0 0
148 209 51 53440.2 0 0
188 221 54 53514.8 0 0
184 214 54 53519 0 0
181 201 55 53523.3 0 0
175 194 55 53527.5 0 0
176 185 55 53531.7 0 0
179 196 54 53535.9 0 0
178 186 55 53540.2 0 0
191 235 55 53544.4 0 0
180 193 55 53548.6 0 0
175 191 54 53552.8 0 0
176 187 55 53557 0 0
177 185 54 53561.2 0 0
176 183 54 53565.4 0 0
176 187 55 53569.6 0 0
178 186 55 53573.9 0 0
177 180 55 53578.1 0 0
176 187 55 53582.3 0 0
177 185 55 53586.5 0 0
177 184 55 53590.7 0 0
176 183 55 53595 0 0
179 189 55 53599.2 0 0
175 180 55 53603.4 0 0
177 188 54 53607.6 0 0
175 180 55 53611.8 0 0
174 187 55 53616 0 0
177 182 55 53620.2 0 0
177 187 55 53624.4 0 0
176 185 55 53628.8 0 0
177 187 55 53633 0 0
180 186 55 53639.9 0 0
176 184 54 53644.1 0 0
180 200 55 53648.3 0 0
179 193 54 53652.5 0 0
179 185 54 53656.7 0 0
175 181 55 53660.9 0 0
175 183 55 53665.1 0 0
178 188 55 53669.3 0 0
173 185 55 53677.8 0 0
178 195 55 53682 0 0
179 189 55 53686.2 0 0
176 186 55 53690.4 0 0
176 183 55 53694.6 0 0
177 187 55 53698.8 0 0
180 192 55 53703 0 0
178 191 55 53707.2 0 0
177 187 55 53711.4 0 0
176 184 55 53715.7 0 0
176 188 55 53719.9 0 0
180 194 55 53724.1 0 0
176 188 55 53728.3 0 0
172 182 55 53732.6 0 0
173 181 56 53736.9 0 0
174 182 55 53743.8 0 0
173 179 55 53748.1 0 0
188 217 55 53752.3 0 0
176 183 55 53756.5 0 0
175 189 55 53760.8 0 0
183 215 55 53765 0 0
173 182 55 53769.2 0 0
176 180 55 53773.4 0 0
177 187 55 53777.6 0 0
174 180 55 53781.8 0 0
173 180 55 53786.1 0 0
175 186 55 53790.2 0 0
175 182 56 53794.5 0 0
174 185 55 53798.7 0 0
175 183 56 53802.9 0 0
173 180 55 53807.1 0 0
175 185 56 53811.3 0 0
172 181 56 53815.5 0 0
179 192 56 53819.8 0 0
181 185 56 53824 0 0
191 192 56 53828.2 0 0
196 192 56 53832.4 0 0
202 198 56 53836.6 0 0
206 193 56 53840.8 0 0
204 203 56 53845 0 0
205 207 56 53852.2 0 0
204 205 56 53856.4 0 0
204 202 56 53860.6 0 0
205 203 56 53864.8 0 0
208 209 55 53869 0 0
206 204 56 53873.2 0 0
207 204 56 53877.4 0 0
206 205 56 53881.6 0 0
208 204 56 53885.9 0 0
202 196 56 53890.1 0 0
205 202 56 53894.3 0 0
204 201 56 53898.5 0 0
207 211 56 53902.7 0 0
207 209 56 53906.9 0 0
204 196 56 53911.1 0 0
205 202 56 53915.3 0 0
204 201 56 53919.6 0 0
203 198 55 53923.8 0 0
204 203 56 53928 0 0
206 208 55 53932.2 0 0
205 204 55 53936.4 0 0
204 200 56 53940.6 0 0
206 202 56 53944.9 0 0
201 202 56 53949.1 0 0
201 203 56 53953.3 0 0
205 207 56 53957.6 0 0
207 207 55 53964.5 0 0
206 206 55 53968.7 0 0
208 209 55 53973.1 0 0
204 204 56 53977.3 0 0
208 208 56 53981.5 0 0
206 207 56 53985.7 0 0
206 210 56 53989.9 0 0
208 214 56 53994.2 0 0
203 196 56 53998.4 0 0
201 203 56 54002.6 0 0
203 206 56 54006.8 0 0
206 205 55 54011.1 0 0
205 206 56 54015.3 0 0
203 205 55 54019.5 0 0
205 205 55 54023.7 0 0
207 212 55 54027.9 0 0
204 207 56 54032.1 0 0
205 200 55 54036.3 0 0
199 205 55 54040.5 0 0
202 204 55 54044.7 0 0
205 201 55 54048.9 0 0
203 206 55 54053.2 0 0
205 203 56 54060 0 0
202 207 55 54064.2 0 0
202 197 56 54068.5 0 0
200 204 56 54072.7 0 0
199 200 56 54076.9 0 0
204 204 56 54081.1 0 0
205 207 55 54085.3 0 0
201 202 56 54089.5 0 0
201 198 56 54093.7 0 0
204 203 55 54098 0 0
205 210 55 54102.2 0 0
201 198 56 54106.4 0 0
203 201 56 54110.6 0 0
202 205 56 54114.8 0 0
201 198 56 54119 0 0
201 199 55 54123.2 0 0
202 207 55 54127.4 0 0
202 199 55 54131.6 0 0
200 207 55 54135.9 0 0
208 206 55 54140.5 0 0
206 208 55 54144.7 0 0
203 206 56 54148.9 0 0
202 204 55 54153.1 0 0
205 205 55 54157.3 0 0
203 204 56 54161.7 0 0
195 193 56 54168.4 0 0
185 178 57 54172.7 0 0
148 153 56 54185.3 0 0
139 142 57 54189.5 0 0
133 136 56 54193.7 0 0
130 130 55 54197.9 0 0
118 116 54 54240.1 0 0
122 117 55 54244.3 0 0
121 116 54 54248.5 0 0
119 118 54 54252.7 0 0
119 116 54 54256.9 0 0
119 116 54 54261.2 0 0
118 115 54 54265.4 0 0
119 119 54 54269.6 0 0
123 116 54 54276.7 0 0
123 118 54 54280.9 0 0
116 117 54 54285.2 0 0
120 120 53 54289.4 0 0
121 117 53 54293.6 0 0
122 118 54 54297.8 0 0
121 116 53 54302.1 0 0
121 117 53 54306.3 0 0
121 118 53 54310.5 0 0
120 117 53 54314.7 0 0
121 117 53 54318.9 0 0
119 119 54 54323.1 0 0
121 119 53 54327.4 0 0
120 118 53 54331.6 0 0
120 117 53 54335.8 0 0
120 118 53 54340 0 0
120 116 54 54344.2 0 0
120 119 53 54348.4 0 0
121 116 53 54352.6 0 0
117 118 53 54356.9 0 0
120 119 53 54361.1 0 0
120 119 53 54365.3 0 0
122 117 53 54369.5 0 0
121 119 53 54376.4 0 0
117 144 53 54380.7 0 0
119 117 53 54384.9 0 0
120 117 53 54389.3 0 0
120 118 53 54393.5 0 0
120 117 53 54397.8 0 0
119 118 53 54401.9 0 0
120 118 53 54406.2 0 0
121 120 53 54410.4 0 0
122 118 53 54414.6 0 0
118 119 53 54418.8 0 0
121 114 53 54423 0 0
121 110 53 54427.2 0 0
124 102 53 54431.4 0 0
123 98 53 54435.6 0 0
126 94 52 54439.8 0 0
125 92 53 54444 0 0
124 89 52 54448.3 0 0
124 89 53 54452.5 0 0
125 90 53 54456.8 0 0
123 90 52 54461 0 0
124 93 52 54465.2 0 0
125 91 53 54469.4 0 0
124 91 52 54476.6 0 0
126 91 53 54484.8 0 0
124 92 52 54493.2 0 0
124 92 52 54501.5 0 0
124 92 52 54509.8 0 0
124 92 52 54517.7 0 0
125 91 52 54522 0 0
125 92 52 54526.5 0 0
123 90 52 54530.7 0 0
126 90 52 54534.9 0 0
121 89 52 54539.2 0 0
126 91 52 54543.4 0 0
123 90 52 54547.7 0 0
122 91 52 54551.9 0 0
125 91 52 54556.1 0 0
126 90 52 54560.3 0 0
125 92 52 54564.5 0 0
126 90 52 54568.7 0 0
124 91 52 54572.9 0 0
125 91 52 54577.2 0 0
124 89 51 54581.4 0 0
123 91 52 54585.6 0 0
125 92 52 54589.8 0 0
124 92 52 54594 0 0
124 91 52 54598.2 0 0
126 91 51 54602.4 0 0
127 90 51 54606.7 0 0
125 91 51 54610.9 0 0
126 92 52 54615.1 0 0
125 91 52 54619.3 0 0
128 90 52 54623.6 0 0
127 91 51 54630.6 0 0
126 91 52 54634.9 0 0
125 91 51 54639.3 0 0
125 92 52 54643.5 0 0
127 90 51 54647.8 0 0
130 88 52 54651.9 0 0
139 83 53 54656.2 0 0
149 75 53 54660.4 0 0
155 71 53 54664.6 0 0
160 67 53 54668.8 0 0
172 57 53 54673 0 0
177 50 53 54677.3 0 0
181 46 53 54681.5 0 0
186 44 52 54685.7 0 0
190 42 52 54689.9 0 0
191 41 52 54694.1 0 0
191 40 52 54698.3 0 0
188 40 52 54702.6 0 0
188 41 53 54706.8 0 0
189 40 52 54711 0 0
189 40 52 54715.2 0 0
189 40 52 54720.9 0 0
189 42 52 54725.1 0 0
189 40 52 54729.3 0 0
189 40 52 54733.5 0 0
191 40 52 54737.9 0 0
191 40 0 54742.1 0 0
189 42 52 54746.3 0 0
189 41 52 54750.5 0 0
191 41 52 54754.7 0 0
190 41 52 54758.9 0 0
191 41 52 54763.2 0 0
192 41 52 54767.4 0 0
190 41 52 54771.6 0 0
191 41 52 54775.8 0 0
190 41 52 54780 0 0
189 40 51 54784.2 0 0
191 41 52 54788.5 0 0
190 42 52 54792.7 0 0
190 43 52 54797 0 0
189 42 52 54801.2 0 0
189 42 52 54805.4 0 0
190 41 52 54809.7 0 0
191 42 52 54813.9 0 0
189 42 51 54818.1 0 0
191 42 52 54822.3 0 0
190 42 52 54826.5 0 0
191 42 52 54830.7 0 0
192 42 52 54834.9 0 0
189 43 52 54839.1 0 0
191 42 52 54843.3 0 0
190 43 51 54847.5 0 0
190 43 0 54851.8 0 0
190 43 51 54856 0 0
190 42 52 54860.2 0 0
192 43 52 54864.4 0 0
191 43 52 54868.6 0 0
191 42 52 54872.8 0 0
193 42 51 54877 0 0
192 43 52 54881.2 0 0
191 42 52 54885.5 0 0
191 43 51 54889.7 0 0
191 43 0 54893.9 0 0
191 43 0 54898.2 0 0
190 42 51 54902.3 0 0
190 43 52 54906.6 0 0
189 43 51 54910.8 0 0
190 42 51 54915 0 0
189 42 51 54919.2 0 0
191 41 51 54923.4 0 0
191 43 52 54927.6 0 0
190 41 51 54931.8 0 0
190 42 51 54936.1 0 0
192 41 51 54940.2 0 0
191 43 52 54944.5 0 0
192 41 51 54948.8 0 0
190 41 52 54953.1 0 0
189 42 51 54957.3 0 0
190 41 51 54961.5 0 0
190 41 0 54965.7 0 0
191 41 51 54969.9 0 0
191 41 51 54974.2 0 0
191 41 51 54978.4 0 0
191 41 52 54982.6 0 0
191 41 0 54986.8 0 0
191 41 51 54991.1 0 0
190 41 52 54995.3 0 0
187 43 52 54999.5 0 0
183 44 51 55003.7 0 0
176 49 52 55007.9 0 0
167 59 52 55012.2 0 0
159 72 52 55016.4 0 0
153 80 52 55020.6 0 0
148 85 51 55024.8 0 0
146 92 52 55029.1 0 0
145 92 51 55033.2 0 0
147 92 51 55037.5 0 0
148 90 51 55041.7 0 0
147 89 51 55045.9 0 0
148 89 51 55050.2 0 0
149 91 51 55054.3 0 0
150 90 51 55058.6 0 0
148 91 51 55062.8 0 0
145 92 51 55067 0 0
150 93 51 55071.2 0 0
154 94 51 55075.4 0 0
161 103 52 55079.6 0 0
169 111 52 55083.8 0 0
176 120 52 55088.1 0 0
191 121 53 55092.2 0 0
199 122 52 55096.5 0 0
203 130 52 55100.7 0 0
212 134 52 55104.9 0 0
215 137 51 55109.2 0 0
216 137 51 55113.4 0 0
213 137 52 55117.7 0 0
213 135 51 55121.9 0 0
213 137 52 55126.1 0 0
212 133 52 55130.3 0 0
213 137 51 55134.5 0 0
212 134 51 55138.8 0 0
211 139 52 55143 0 0
213 136 52 55147.2 0 0
212 137 51 55151.4 0 0
211 139 51 55155.6 0 0
213 137 52 55159.8 0 0
212 136 51 55164 0 0
214 140 52 55168.2 0 0
221 138 52 55172.5 0 0
229 142 52 55176.7 0 0
239 141 52 55180.9 0 0
245 143 52 55185.1 0 0
252 140 52 55189.3 0 0
247 145 52 55193.5 0 0
243 141 52 55197.8 0 0
243 138 52 55202 0 0
243 142 52 55206.2 0 0
243 138 52 55210.4 0 0
242 142 52 55214.6 0 0
241 141 52 55218.8 0 0
244 140 52 55223 0 0
244 138 52 55227.2 0 0
242 140 52 55231.4 0 0
243 143 52 55235.7 0 0
242 142 52 55239.9 0 0
241 146 52 55244.1 0 0
242 141 52 55248.3 0 0
243 139 52 55252.5 0 0
243 139 52 55256.8 0 0
242 141 53 55261 0 0
241 140 53 55265.2 0 0
243 142 52 55269.5 0 0
243 143 53 55273.7 0 0
241 139 52 55277.9 0 0
243 143 53 55282.1 0 0
242 142 52 55286.3 0 0
242 141 52 55290.6 0 0
242 144 53 55294.9 0 0
243 144 53 55299.1 0 0
242 141 52 55303.3 0 0
240 142 52 55307.5 0 0
240 144 52 55311.7 0 0
241 146 52 55315.9 0 0
242 145 52 55320.1 0 0
241 142 52 55324.4 0 0
241 142 53 55328.6 0 0
240 141 53 55332.8 0 0
240 140 53 55337 0 0
241 142 53 55341.2 0 0
238 142 53 55345.4 0 0
244 143 53 55349.7 0 0
240 141 53 55353.9 0 0
228 143 53 55358.1 0 0
214 137 54 55362.3 0 0
202 134 55 55366.5 0 0
192 129 55 55370.7 0 0
178 128 55 55374.9 0 0
171 127 55 55379.1 0 0
157 123 55 55383.3 0 0
151 119 54 55387.6 0 0
142 118 54 55391.8 0 0
133 112 54 55396 0 0
129 107 53 55400.2 0 0
121 105 53 55404.7 0 0
119 100 53 55408.9 0 0
117 98 53 55413.1 0 0
117 97 52 55417.4 0 0
118 96 53 55421.6 0 0
118 96 53 55425.9 0 0
120 97 53 55430.1 0 0
118 97 53 55434.3 0 0
119 95 53 55438.5 0 0
116 95 53 55442.7 0 0
118 95 53 55446.9 0 0
119 95 53 55451.1 0 0
117 94 53 55455.3 0 0
119 93 53 55459.5 0 0
118 94 53 55463.8 0 0
117 91 53 55467.9 0 0
118 93 53 55472.2 0 0
118 93 53 55476.4 0 0
117 93 52 55480.6 0 0
117 93 53 55484.8 0 0
118 91 53 55489 0 0
117 92 53 55493.2 0 0
117 92 53 55497.4 0 0
119 92 53 55501.7 0 0
116 93 53 55505.9 0 0
117 94 53 55510.1 0 0
118 93 53 55514.3 0 0
120 91 53 55518.5 0 0
118 91 52 55522.7 0 0
117 93 53 55526.9 0 0
117 92 53 55531.1 0 0
117 92 52 55535.3 0 0
116 94 53 55539.6 0 0
118 92 53 55543.8 0 0
118 93 52 55547.9 0 0
117 92 52 55552.2 0 0
118 92 53 55556.4 0 0
118 92 52 55560.6 0 0
118 91 52 55564.8 0 0
119 94 53 55569.1 0 0
117 91 52 55573.3 0 0
119 92 53 55577.5 0 0
117 91 52 55581.7 0 0
118 90 53 55585.9 0 0
118 92 52 55590.1 0 0
117 91 53 55594.3 0 0
118 92 52 55598.6 0 0
117 94 53 55602.8 0 0
120 92 53 55607 0 0
119 92 52 55611.2 0 0
118 91 52 55615.4 0 0
119 90 52 55619.6 0 0
119 91 53 55623.9 0 0
119 92 52 55628.1 0 0
118 92 53 55632.3 0 0
121 93 52 55636.6 0 0
119 92 53 55640.8 0 0
118 93 53 55645 0 0
121 92 53 55649.2 0 0
118 92 52 55653.4 0 0
118 92 52 55657.6 0 0
118 95 53 55661.8 0 0
117 93 52 55666.1 0 0
118 93 52 55670.3 0 0
118 93 53 55674.5 0 0
120 92 52 55678.7 0 0
116 93 53 55682.9 0 0
118 94 52 55687.1 0 0
115 96 53 55691.3 0 0
118 103 53 55695.6 0 0
109 111 52 55699.8 0 0
103 120 52 55704.1 0 0
96 134 52 55708.2 0 0
89 152 52 55712.5 0 0
80 166 52 55716.7 0 0
77 181 51 55720.9 0 0
77 197 52 55725.1 0 0
84 221 52 55729.3 0 0
82 210 52 55733.6 0 0
83 208 52 55737.8 0 0
84 198 51 55742.1 0 0
81 198 52 55746.3 0 0
81 199 52 55750.5 0 0
82 201 52 55754.7 0 0
84 203 52 55758.9 0 0
82 201 52 55763.1 0 0
81 202 52 55767.3 0 0
81 202 51 55771.6 0 0
83 196 52 55775.8 0 0
80 194 52 55780 0 0
82 202 51 55784.2 0 0
80 198 52 55788.4 0 0
82 199 52 55792.6 0 0
82 201 51 55796.8 0 0
82 198 52 55801 0 0
82 197 52 55805.2 0 0
79 202 52 55809.5 0 0
80 199 52 55813.7 0 0
80 201 52 55817.9 0 0
81 202 52 55822.1 0 0
81 196 52 55826.4 0 0
79 203 51 55830.6 0 0
83 195 52 55834.8 0 0
83 195 52 55839 0 0
81 195 52 55845.8 0 0
81 201 52 55850.1 0 0
82 197 52 55854.3 0 0
80 201 52 55858.5 0 0
78 197 52 55862.8 0 0
79 200 52 55867 0 0
80 199 52 55871.2 0 0
80 198 52 55875.4 0 0
79 194 52 55879.6 0 0
80 200 52 55883.8 0 0
78 198 52 55888.1 0 0
82 199 53 55892.3 0 0
81 197 52 55896.5 0 0
77 197 52 55900.7 0 0
80 192 52 55904.9 0 0
81 195 52 55909.1 0 0
76 188 51 55913.3 0 0
76 176 52 55917.6 0 0
77 169 52 55921.8 0 0
87 204 52 55926 0 0
77 154 52 55930.2 0 0
80 146 52 55934.4 0 0
75 139 52 55938.6 0 0
76 125 52 55942.9 0 0
78 119 52 55947.1 0 0
79 109 52 55951.3 0 0
80 101 51 55955.6 0 0
82 90 52 55959.8 0 0
82 90 52 55964 0 0
91 51 52 55970.9 0 0
91 38 52 55975.1 0 0
93 38 51 55979.3 0 0
96 30 52 55983.6 0 0
98 28 52 55987.8 0 0
102 31 52 55992 0 0
103 30 52 55996.2 0 0
104 27 52 56000.4 0 0
103 27 52 56004.7 0 0
103 27 52 56008.9 0 0
104 28 52 56013.1 0 0
104 27 52 56017.3 0 0
91 53 52 56021.6 0 0
69 35 52 56025.8 0 0
68 34 52 56030 0 0
89 19 52 56034.2 0 0
69 33 52 56038.4 0 0
69 33 52 56042.6 0 0
89 19 52 56046.8 0 0
71 33 52 56051.2 0 0
71 33 52 56055.4 0 0
70 32 52 56059.7 0 0
70 33 53 56063.9 0 0
72 32 52 56068.2 0 0
70 32 52 56072.4 0 0
70 33 52 56076.6 0 0
70 34 52 56080.9 0 0
70 33 52 56085.1 0 0
70 34 52 56089.3 0 0
70 33 52 56093.5 0 0
70 33 52 56097.7 0 0
70 33 52 56101.9 0 0
69 33 52 56106.1 0 0
71 34 52 56110.4 0 0
69 34 52 56114.6 0 0
70 35 52 56118.8 0 0
72 32 52 56123 0 0
72 32 52 56127.2 0 0
70 34 52 56131.4 0 0
70 34 52 56135.6 0 0
69 34 52 56139.9 0 0
70 34 51 56144.1 0 0
70 34 52 56148.3 0 0
70 34 52 56152.5 0 0
71 32 51 56156.7 0 0
71 32 51 56161 0 0
72 34 52 56165.2 0 0
70 33 51 56169.4 0 0
69 33 51 56173.6 0 0
72 33 52 56177.8 0 0
112 43 52 56182.1 0 0
117 40 52 56186.3 0 0
117 40 54 56190.5 0 0
135 40 54 56194.7 0 0
147 40 54 56198.9 0 0
153 41 54 56203.2 0 0
165 39 54 56207.4 0 0
175 40 53 56211.6 0 0
181 39 53 56215.8 0 0
188 39 53 56220 0 0
195 39 53 56224.2 0 0
201 42 53 56228.4 0 0
203 42 53 56232.6 0 0
202 42 53 56236.9 0 0
200 41 53 56241.2 0 0
197 42 53 56245.3 0 0
200 41 53 56249.6 0 0
199 43 53 56253.8 0 0
200 42 53 56258 0 0
200 42 53 56262.2 0 0
198 42 52 56266.4 0 0
198 42 52 56270.7 0 0
200 42 52 56274.9 0 0
200 42 52 56279.1 0 0
198 43 52 56283.3 0 0
199 43 52 56287.5 0 0
198 43 52 56291.7 0 0
201 42 52 56295.9 0 0
201 42 52 56300.1 0 0
199 42 52 56304.3 0 0
201 43 51 56308.6 0 0
200 42 51 56312.8 0 0
200 41 51 56317 0 0
201 42 52 56321.2 0 0
200 43 52 56325.5 0 0
203 43 51 56329.7 0 0
201 43 51 56333.9 0 0
202 43 51 56338.1 0 0
200 42 51 56342.3 0 0
202 41 52 56346.6 0 0
202 43 52 56350.8 0 0
201 43 52 56355 0 0
200 43 51 56359.2 0 0
201 42 51 56363.4 0 0
201 42 51 56367.7 0 0
202 43 51 56371.9 0 0
201 43 51 56376.1 0 0
201 43 51 56380.3 0 0
197 41 51 56384.5 0 0
193 39 51 56388.7 0 0
182 39 52 56392.9 0 0
172 39 53 56397.1 0 0
161 38 53 56401.3 0 0
158 41 52 56416.7 0 0
136 36 52 56421 0 0
117 39 50 56425.2 0 0
97 51 49 56429.4 0 0
94 47 49 56433.6 0 0
98 30 48 56437.8 0 0
94 33 48 56442.1 0 0
92 35 48 56446.3 0 0
92 35 48 56450.5 0 0
92 36 48 56454.7 0 0
93 35 49 56458.9 0 0
94 34 48 56463.1 0 0
94 33 48 56467.3 0 0
93 34 48 56471.5 0 0
93 34 48 56475.8 0 0
93 34 48 56480 0 0
94 33 48 56484.2 0 0
93 33 48 56488.5 0 0
94 34 48 56492.7 0 0
93 33 48 56496.9 0 0
92 34 48 56501.1 0 0
92 33 48 56505.3 0 0
92 34 48 56509.5 0 0
92 34 48 56513.8 0 0
93 34 48 56518 0 0
94 34 48 56522.2 0 0
93 35 48 56526.4 0 0
94 35 48 56530.6 0 0
93 35 48 56534.8 0 0
94 35 48 56539 0 0
94 33 48 56543.2 0 0
92 36 48 56547.4 0 0
93 35 48 56551.8 0 0
93 34 48 56556.1 0 0
93 35 48 56560.3 0 0
93 35 48 56564.5 0 0
93 35 48 56568.7 0 0
94 33 48 56573 0 0
94 33 48 56577.2 0 0
92 34 48 56581.4 0 0
93 34 49 56585.6 0 0
94 36 48 56589.8 0 0
93 35 48 56594 0 0
93 35 48 56598.2 0 0
94 33 48 56602.5 0 0
94 35 48 56606.7 0 0
94 35 48 56610.9 0 0
93 34 48 56615.1 0 0
93 34 49 56619.3 0 0
94 34 48 56623.5 0 0
94 35 48 56627.7 0 0
93 35 48 56632 0 0
95 34 48 56636.2 0 0
93 35 48 56640.4 0 0
95 35 48 56644.7 0 0
96 34 48 56648.9 0 0
94 34 48 56653.1 0 0
94 34 48 56657.3 0 0
93 35 48 56661.5 0 0
95 34 48 56665.7 0 0
94 34 48 56669.9 0 0
93 34 48 56674.2 0 0
95 35 48 56678.4 0 0
94 35 48 56682.6 0 0
95 35 48 56686.8 0 0
94 35 48 56691 0 0
94 35 48 56695.2 0 0
95 34 48 56699.4 0 0
94 36 49 56703.7 0 0
94 35 48 56707.9 0 0
94 36 49 56712.1 0 0
95 35 49 56716.3 0 0
94 34 49 56720.5 0 0
94 35 48 56724.7 0 0
93 34 49 56728.9 0 0
94 34 48 56733.2 0 0
93 36 49 56737.4 0 0
94 32 49 56741.6 0 0
96 27 48 56745.8 0 0
102 47 49 56750 0 0
108 49 50 56754.2 0 0
108 43 50 56758.4 0 0
114 50 51 56762.7 0 0
118 59 51 56766.9 0 0
119 74 51 56771.1 0 0
122 79 51 56775.3 0 0
120 81 51 56779.5 0 0
119 80 51 56783.7 0 0
120 79 51 56787.9 0 0
119 78 51 56792.2 0 0
120 78 51 56796.4 0 0
120 78 51 56800.6 0 0
121 77 51 56804.9 0 0
118 76 51 56809.1 0 0
118 77 51 56813.3 0 0
120 76 51 56817.5 0 0
120 77 51 56821.7 0 0
120 78 51 56826 0 0
119 78 51 56830.3 0 0
119 76 51 56834.5 0 0
120 76 51 56838.7 0 0
122 78 51 56842.9 0 0
119 77 51 56847.2 0 0
119 76 51 56851.4 0 0
121 74 51 56855.6 0 0
118 77 51 56859.8 0 0
118 76 51 56864.1 0 0
119 76 51 56868.3 0 0
120 76 51 56872.5 0 0
118 76 51 56876.7 0 0
121 76 51 56880.9 0 0
121 76 52 56885.1 0 0
120 74 51 56889.3 0 0
120 76 51 56893.6 0 0
121 75 51 56897.8 0 0
122 77 51 56902 0 0
118 76 51 56906.2 0 0
120 75 51 56910.4 0 0
119 77 51 56914.6 0 0
121 76 52 56918.8 0 0
121 74 52 56923.1 0 0
119 77 51 56927.3 0 0
121 75 52 56931.5 0 0
118 75 52 56935.7 0 0
118 76 51 56939.9 0 0
119 75 52 56944.1 0 0
117 75 52 56948.4 0 0
119 76 52 56952.6 0 0
119 76 52 56956.8 0 0
118 77 52 56961 0 0
119 77 51 56965.2 0 0
120 77 52 56969.4 0 0
120 76 52 56973.7 0 0
120 77 52 56977.9 0 0
119 79 52 56982.1 0 0
120 84 52 56986.6 0 0
117 93 52 56990.8 0 0
121 105 51 56995 0 0
120 116 52 56999.2 0 0
118 124 52 57003.4 0 0
118 130 52 57007.6 0 0
114 146 52 57011.8 0 0
113 151 53 57016.1 0 0
113 162 53 57020.3 0 0
110 160 52 57024.5 0 0
111 155 52 57028.7 0 0
113 151 52 57032.9 0 0
113 155 52 57037.2 0 0
113 153 52 57041.4 0 0
115 153 52 57045.6 0 0
112 154 52 57050.3 0 0
112 156 53 57054.5 0 0
113 157 53 57058.8 0 0
111 155 53 57063 0 0
112 159 52 57067.2 0 0
110 160 52 57071.4 0 0
112 160 53 57075.6 0 0
111 157 52 57079.9 0 0
113 160 53 57084.1 0 0
111 160 52 57088.3 0 0
110 157 53 57092.5 0 0
113 155 53 57096.7 0 0
111 157 52 57100.9 0 0
113 154 53 57105.2 0 0
111 158 53 57109.4 0 0
111 156 53 57113.6 0 0
112 159 53 57117.9 0 0
113 157 53 57122.1 0 0
111 152 52 57126.3 0 0
111 150 53 57130.5 0 0
111 154 53 57134.7 0 0
112 157 53 57138.9 0 0
110 155 53 57143.2 0 0
111 153 53 57147.4 0 0
111 157 53 57151.6 0 0
108 154 53 57155.8 0 0
109 160 53 57160 0 0
112 159 53 57164.2 0 0
109 157 53 57168.4 0 0
110 159 53 57172.7 0 0
110 159 53 57176.9 0 0
111 154 53 57181.1 0 0
109 154 53 57185.3 0 0
109 156 53 57189.5 0 0
109 155 53 57193.7 0 0
110 155 53 57197.9 0 0
109 158 53 57202.2 0 0
110 153 53 57206.4 0 0
109 155 53 57210.6 0 0
108 155 53 57214.8 0 0
110 155 53 57219 0 0
109 154 54 57223.4 0 0
111 153 53 57227.6 0 0
110 155 53 57231.8 0 0
109 154 53 57236 0 0
110 155 53 57240.2 0 0
112 155 53 57244.4 0 0
110 154 53 57248.7 0 0
111 154 54 57252.9 0 0
107 156 54 57257.1 0 0
111 160 54 57261.3 0 0
117 160 54 57265.6 0 0
130 158 55 57269.8 0 0
142 168 56 57274 0 0
155 183 56 57278.2 0 0
162 178 56 57282.4 0 0
175 186 57 57286.6 0 0
190 195 56 57290.8 0 0
200 189 56 57295 0 0
206 189 56 57299.2 0 0
214 193 55 57303.5 0 0
216 195 55 57307.7 0 0
219 204 55 57311.9 0 0
220 195 56 57316.1 0 0
219 198 56 57320.3 0 0
218 194 56 57324.6 0 0
216 196 56 57328.8 0 0
217 202 56 57333 0 0
218 200 55 57337.2 0 0
217 199 55 57341.4 0 0
217 196 56 57345.6 0 0
218 203 55 57349.8 0 0
218 196 56 57354 0 0
218 200 55 57358.2 0 0
217 197 55 57362.5 0 0
219 201 56 57366.7 0 0
216 196 56 57370.9 0 0
218 194 56 57375.1 0 0
214 192 56 57379.3 0 0
217 190 55 57383.5 0 0
214 193 55 57387.7 0 0
217 191 56 57391.9 0 0
216 195 55 57396.2 0 0
216 195 55 57400.3 0 0
214 192 55 57404.6 0 0
215 193 55 57408.8 0 0
217 197 55 57413 0 0
215 191 55 57417.2 0 0
219 201 55 57421.5 0 0
213 193 55 57425.7 0 0
217 203 56 57429.9 0 0
218 202 55 57434.1 0 0
218 199 55 57438.3 0 0
219 198 55 57442.5 0 0
217 200 56 57446.7 0 0
218 198 55 57450.9 0 0
217 200 55 57455.2 0 0
216 195 55 57459.4 0 0
216 193 55 57463.6 0 0
217 199 55 57467.8 0 0
218 202 55 57472 0 0
219 202 55 57476.2 0 0
219 193 55 57480.4 0 0
223 189 55 57484.7 0 0
231 198 55 57488.9 0 0
236 181 55 57493.1 0 0
239 175 55 57497.3 0 0
245 171 55 57501.5 0 0
246 168 55 57505.7 0 0
247 167 54 57509.9 0 0
244 171 54 57514.1 0 0
244 170 54 57518.4 0 0
244 170 54 57522.6 0 0
245 170 54 57526.8 0 0
246 172 55 57531 0 0
245 169 54 57535.2 0 0
245 171 54 57539.4 0 0
243 168 54 57543.7 0 0
245 167 54 57547.9 0 0
244 169 54 57552.3 0 0
245 171 54 57556.5 0 0
247 169 54 57560.7 0 0
244 170 54 57564.9 0 0
241 165 54 57569.2 0 0
244 170 54 57573.4 0 0
244 169 54 57577.6 0 0
249 169 54 57581.8 0 0
245 172 54 57586.1 0 0
244 168 54 57590.3 0 0
245 168 54 57594.5 0 0
243 170 54 57598.7 0 0
246 174 54 57602.9 0 0
247 169 53 57607.1 0 0
242 163 54 57611.4 0 0
243 164 53 57615.6 0 0
245 164 54 57619.8 0 0
245 163 53 57624 0 0
244 167 53 57628.2 0 0
242 168 53 57632.4 0 0
245 165 53 57636.6 0 0
244 170 53 57640.9 0 0
246 165 53 57645.1 0 0
243 167 53 57649.3 0 0
245 164 53 57653.5 0 0
246 168 53 57657.7 0 0
245 167 53 57661.9 0 0
246 168 53 57666.1 0 0
240 164 53 57670.3 0 0
244 161 53 57674.6 0 0
246 170 53 57678.8 0 0
242 160 52 57683 0 0
243 171 52 57687.2 0 0
246 170 52 57691.4 0 0
248 166 52 57695.6 0 0
248 166 52 57699.8 0 0
243 165 52 57705.2 0 0
246 167 52 57709.4 0 0
244 164 52 57713.7 0 0
244 166 52 57717.9 0 0
245 166 52 57722.1 0 0
247 165 52 57726.3 0 0
246 170 52 57730.5 0 0
245 165 52 57734.7 0 0
248 164 52 57739 0 0
246 166 52 57743.2 0 0
245 170 51 57747.4 0 0
245 163 51 57751.6 0 0
246 170 52 57755.8 0 0
246 166 51 57760 0 0
246 166 52 57764.3 0 0
247 164 51 57768.5 0 0
245 167 51 57772.7 0 0
245 165 51 57776.9 0 0
243 166 51 57781.1 0 0
236 157 51 57785.3 0 0
222 152 52 57789.5 0 0
217 145 52 57793.7 0 0
207 137 52 57797.9 0 0
199 133 52 57802.4 0 0
194 128 52 57806.6 0 0
185 119 52 57810.8 0 0
179 117 51 57815 0 0
172 111 52 57819.2 0 0
166 106 51 57823.5 0 0
162 102 51 57827.7 0 0
156 97 51 57831.9 0 0
156 95 51 57836.1 0 0
155 94 51 57840.3 0 0
154 93 51 57844.5 0 0
157 95 51 57848.7 0 0
157 94 51 57853 0 0
157 97 51 57857.2 0 0
156 95 51 57861.4 0 0
157 95 51 57865.6 0 0
154 95 50 57869.8 0 0
158 95 51 57874 0 0
155 93 50 57878.2 0 0
157 95 51 57882.5 0 0
155 95 51 57886.7 0 0
157 95 50 57890.9 0 0
155 93 50 57895.1 0 0
155 93 50 57899.3 0 0
153 92 50 57903.5 0 0
155 92 50 57907.7 0 0
157 91 50 57912.1 0 0
153 92 50 57916.4 0 0
156 91 50 57923.3 0 0
155 93 50 57927.6 0 0
156 94 50 57931.8 0 0
155 94 50 57936 0 0
156 92 50 57940.2 0 0
156 94 50 57944.4 0 0
157 95 50 57948.7 0 0
155 95 50 57952.9 0 0
154 93 50 57957.1 0 0
154 92 50 57961.3 0 0
152 92 50 57965.6 0 0
158 94 50 57969.8 0 0
155 93 50 57974 0 0
155 94 50 57978.2 0 0
156 94 50 57982.5 0 0
159 93 50 57986.7 0 0
156 94 50 57990.9 0 0
156 94 50 57995.1 0 0
154 92 50 58002.1 0 0
156 93 50 58006.4 0 0
155 92 50 58010.6 0 0
155 94 50 58014.8 0 0
156 92 50 58019.1 0 0
158 94 50 58023.3 0 0
156 94 49 58027.5 0 0
156 93 50 58031.7 0 0
156 93 50 58035.9 0 0
154 93 50 58040.1 0 0
152 95 50 58044.3 0 0
158 93 50 58048.5 0 0
155 93 50 58052.7 0 0
154 93 50 58056.9 0 0
154 93 50 58061.2 0 0
154 93 50 58065.4 0 0
157 91 50 58069.6 0 0
160 87 50 58073.8 0 0
168 83 50 58078 0 0
170 74 50 58082.2 0 0
177 70 50 58086.4 0 0
180 57 51 58090.7 0 0
180 57 0 58094.9 0 0
188 43 50 58099.1 0 0
188 44 50 58103.3 0 0
189 43 50 58107.5 0 0
187 43 50 58111.7 0 0
190 43 50 58115.9 0 0
189 44 50 58120.1 0 0
188 44 51 58124.3 0 0
187 45 50 58128.6 0 0
190 44 50 58132.8 0 0
187 44 50 58139.7 0 0
189 44 50 58143.9 0 0
188 45 50 58148.1 0 0
186 45 50 58152.3 0 0
189 45 51 58156.5 0 0
188 45 50 58160.7 0 0
187 45 50 58164.9 0 0
187 45 51 58169.2 0 0
189 45 50 58173.4 0 0
189 44 51 58177.6 0 0
187 45 50 58181.8 0 0
187 45 50 58186 0 0
189 44 51 58190.2 0 0
187 44 51 58194.5 0 0
188 43 51 58198.7 0 0
185 44 51 58203 0 0
189 45 51 58207.2 0 0
188 44 51 58211.4 0 0
187 45 51 58215.6 0 0
188 44 51 58219.8 0 0
187 45 51 58224.2 0 0
188 45 51 58228.4 0 0
188 46 51 58235.3 0 0
187 45 51 58239.6 0 0
187 45 51 58243.8 0 0
187 45 51 58248 0 0
188 45 51 58252.3 0 0
186 45 51 58256.5 0 0
188 44 51 58260.7 0 0
185 45 51 58265 0 0
186 45 51 58269.2 0 0
189 44 51 58273.4 0 0
186 45 51 58277.6 0 0
187 44 51 58281.8 0 0
188 45 52 58286.2 0 0
185 46 51 58290.4 0 0
187 45 51 58294.6 0 0
186 45 52 58298.8 0 0
188 45 51 58303.1 0 0
187 45 51 58307.3 0 0
187 46 52 58311.5 0 0
187 46 52 58315.7 0 0
187 46 51 58319.9 0 0
187 46 51 58324.2 0 0
187 45 52 58330.2 0 0
187 46 51 58335.4 0 0
186 45 52 58339.7 0 0
190 45 52 58343.9 0 0
187 45 51 58348.1 0 0
186 45 52 58352.3 0 0
188 45 51 58356.5 0 0
187 45 52 58360.7 0 0
187 45 52 58364.9 0 0
187 45 52 58369.1 0 0
186 46 52 58373.3 0 0
188 45 51 58377.5 0 0
186 46 52 58381.8 0 0
184 47 52 58386 0 0
186 46 52 58390.3 0 0
187 45 52 58394.5 0 0
186 46 52 58398.7 0 0
188 44 52 58402.9 0 0
186 45 52 58407.1 0 0
187 46 52 58411.3 0 0
187 45 52 58415.5 0 0
186 45 51 58419.8 0 0
188 45 52 58424.1 0 0
188 45 52 58428.3 0 0
186 47 52 58432.5 0 0
185 45 52 58436.7 0 0
187 46 52 58443.6 0 0
187 46 52 58447.8 0 0
186 46 52 58452.1 0 0
184 45 52 58456.3 0 0
187 45 52 58460.5 0 0
184 46 52 58464.7 0 0
187 46 52 58468.9 0 0
186 45 52 58473.1 0 0
185 45 52 58477.3 0 0
187 46 53 58481.5 0 0
186 45 52 58485.8 0 0
185 46 52 58490 0 0
187 46 53 58494.2 0 0
185 46 52 58498.4 0 0
187 46 52 58502.6 0 0
187 46 52 58506.8 0 0
185 45 52 58511.1 0 0
187 45 53 58515.3 0 0
186 46 52 58519.6 0 0
185 46 52 58523.8 0 0
186 46 52 58528 0 0
187 46 52 58532.2 0 0
184 46 53 58536.7 0 0
185 46 52 58540.9 0 0
184 46 52 58547.7 0 0
187 46 52 58552 0 0
185 45 52 58556.2 0 0
185 46 52 58560.4 0 0
185 46 52 58564.8 0 0
184 46 52 58569 0 0
185 46 52 58573.3 0 0
185 46 52 58577.5 0 0
185 47 52 58581.7 0 0
186 46 52 58585.9 0 0
186 47 52 58590.1 0 0
185 46 52 58594.3 0 0
185 47 52 58598.5 0 0
185 46 52 58602.8 0 0
186 47 53 58607 0 0
184 45 52 58611.2 0 0
185 47 52 58615.4 0 0
185 47 53 58619.6 0 0
183 46 53 58623.8 0 0
184 48 52 58628.1 0 0
182 55 53 58632.3 0 0
177 74 53 58639.2 0 0
171 89 53 58643.4 0 0
165 108 52 58647.7 0 0
159 114 53 58651.9 0 0
157 123 52 58656.1 0 0
160 136 52 58660.3 0 0
161 144 53 58664.5 0 0
165 148 52 58668.7 0 0
167 157 52 58672.9 0 0
165 158 53 58677.2 0 0
167 159 52 58681.3 0 0
165 156 53 58685.6 0 0
167 155 52 58689.8 0 0
168 154 53 58694 0 0
166 153 52 58698.2 0 0
164 155 53 58702.4 0 0
167 154 53 58706.7 0 0
164 152 53 58710.9 0 0
165 154 53 58715.1 0 0
162 153 53 58719.3 0 0
164 153 53 58723.5 0 0
165 154 52 58727.7 0 0
166 155 53 58731.9 0 0
165 154 53 58736.2 0 0
164 154 53 58743.3 0 0
165 157 53 58747.5 0 0
162 152 53 58751.7 0 0
167 156 53 58755.9 0 0
164 155 52 58760.2 0 0
166 153 53 58764.4 0 0
163 155 53 58768.6 0 0
166 154 53 58772.8 0 0
163 153 53 58777 0 0
166 153 53 58781.2 0 0
165 154 53 58785.4 0 0
166 157 53 58789.6 0 0
166 155 53 58793.8 0 0
164 152 53 58798.1 0 0
165 155 54 58802.4 0 0
166 153 53 58806.6 0 0
163 155 54 58810.8 0 0
165 155 53 58815 0 0
165 155 53 58819.2 0 0
163 154 53 58823.4 0 0
163 156 54 58827.7 0 0
165 154 53 58831.9 0 0
160 153 53 58836.1 0 0
148 155 53 58842.9 0 0
134 155 54 58847.2 0 0
130 159 55 58851.5 0 0
123 158 54 58855.7 0 0
115 163 54 58860 0 0
111 158 53 58864.2 0 0
111 157 53 58868.4 0 0
113 159 54 58872.6 0 0
117 155 53 58876.8 0 0
117 154 54 58881 0 0
115 156 53 58885.2 0 0
114 156 53 58889.4 0 0
115 156 53 58893.7 0 0
115 156 53 58897.9 0 0
117 155 53 58902.1 0 0
114 158 53 58906.3 0 0
117 158 53 58910.5 0 0
114 159 53 58914.7 0 0
114 160 53 58919 0 0
115 156 53 58923.2 0 0
113 159 53 58927.4 0 0
116 158 53 58931.6 0 0
114 158 54 58935.8 0 0
111 160 54 58940 0 0
114 158 53 58944.3 0 0
115 157 53 58948.5 0 0
112 160 53 58952.8 0 0
113 160 54 58959.8 0 0
113 159 54 58964 0 0
115 156 54 58968.2 0 0
113 159 54 58972.4 0 0
116 157 54 58976.7 0 0
117 156 53 58980.9 0 0
114 155 54 58985.4 0 0
116 155 54 58989.6 0 0
114 155 54 58993.8 0 0
114 155 54 58998 0 0
115 156 54 59002.2 0 0
112 155 54 59006.4 0 0
112 159 54 59010.7 0 0
113 157 54 59014.9 0 0
114 155 54 59019.1 0 0
113 155 54 59023.3 0 0
112 156 54 59030.5 0 0
114 156 54 59038.8 0 0
114 155 54 59047.2 0 0
114 153 54 59055.5 0 0
113 154 54 59063.7 0 0
113 154 54 59072.2 0 0
114 157 54 59080.3 0 0
114 157 54 59084.5 0 0
112 156 54 59088.7 0 0
112 159 54 59092.9 0 0
113 158 54 59097.1 0 0
112 160 54 59101.3 0 0
113 159 54 59105.6 0 0
114 157 54 59109.8 0 0
111 160 54 59114 0 0
112 159 54 59118.2 0 0
112 158 54 59122.4 0 0
112 157 54 59126.6 0 0
111 156 54 59130.8 0 0
112 157 54 59135 0 0
112 155 54 59139.3 0 0
112 156 54 59143.5 0 0
114 154 54 59147.7 0 0
111 155 54 59151.9 0 0
111 156 55 59156.1 0 0
112 160 54 59160.3 0 0
111 156 54 59164.5 0 0
115 157 54 59168.8 0 0
114 155 54 59173 0 0
113 154 54 59177.2 0 0
112 161 54 59181.4 0 0
112 160 54 59185.7 0 0
111 156 54 59189.9 0 0
111 156 54 59197.1 0 0
112 157 54 59205.2 0 0
111 157 54 59209.5 0 0
111 157 54 59213.7 0 0
111 154 54 59217.9 0 0
117 152 54 59222.5 0 0
122 151 55 59226.7 0 0
127 145 55 59230.9 0 0
129 141 55 59235.6 0 0
131 139 55 59239.8 0 0
130 133 55 59244 0 0
128 133 55 59248.2 0 0
127 136 54 59252.4 0 0
127 134 54 59259.5 0 0
130 135 55 59263.8 0 0
129 135 55 59268 0 0
128 135 55 59272.2 0 0
130 134 54 59276.4 0 0
127 136 54 59280.6 0 0
127 135 54 59284.8 0 0
130 134 55 59289 0 0
127 135 54 59293.2 0 0
128 136 54 59297.4 0 0
127 137 54 59301.7 0 0
131 134 54 59305.9 0 0
125 136 54 59310.1 0 0
127 133 54 59314.3 0 0
128 134 54 59318.5 0 0
129 133 55 59322.7 0 0
126 135 55 59327 0 0
128 135 54 59331.2 0 0
127 135 55 59335.4 0 0
127 136 54 59339.6 0 0
127 136 54 59343.8 0 0
126 133 55 59348 0 0
129 133 55 59352.2 0 0
126 135 55 59356.4 0 0
126 133 54 59360.7 0 0
127 134 54 59364.9 0 0
126 135 55 59369.1 0 0
127 135 54 59375.9 0 0
128 132 54 59380.2 0 0
126 137 54 59384.4 0 0
127 135 55 59388.7 0 0
127 133 54 59392.9 0 0
128 137 54 59397.1 0 0
127 136 55 59401.3 0 0
128 134 55 59405.5 0 0
128 136 54 59409.7 0 0
125 135 55 59413.9 0 0
129 132 54 59418.2 0 0
126 133 55 59422.4 0 0
128 133 55 59426.6 0 0
127 135 54 59430.8 0 0
128 134 54 59435 0 0
128 132 55 59439.2 0 0
126 135 54 59443.4 0 0
127 132 55 59447.7 0 0
127 137 54 59451.9 0 0
127 135 55 59456.1 0 0
129 131 54 59460.3 0 0
126 134 54 59464.5 0 0
127 132 55 59468.7 0 0
128 132 55 59473.2 0 0
128 136 55 59477.4 0 0
128 130 55 59484.3 0 0
128 133 55 59488.5 0 0
127 133 55 59492.8 0 0
127 132 55 59497 0 0
126 133 54 59501.2 0 0
128 135 55 59505.4 0 0
127 135 55 59509.6 0 0
127 135 55 59513.8 0 0
127 136 54 59518 0 0
124 137 54 59522.2 0 0
126 132 55 59526.4 0 0
128 132 54 59530.7 0 0
125 131 55 59534.9 0 0
126 133 54 59539.1 0 0
126 135 55 59543.3 0 0
124 134 55 59547.5 0 0
126 133 55 59551.7 0 0
126 133 54 59555.9 0 0
126 132 55 59560.1 0 0
127 137 55 59564.3 0 0
127 132 55 59568.5 0 0
128 133 55 59572.8 0 0
126 135 55 59577 0 0
126 135 54 59581.2 0 0
126 133 55 59585.4 0 0
126 133 55 59589.6 0 0
125 136 55 59595.9 0 0
125 135 55 59600.1 0 0
126 135 54 59604.3 0 0
124 132 55 59608.6 0 0
127 133 55 59612.8 0 0
126 136 55 59617 0 0
126 133 55 59621.2 0 0
128 132 55 59625.4 0 0
126 135 55 59629.6 0 0
125 135 55 59633.8 0 0
126 134 55 59638.1 0 0
127 135 55 59642.3 0 0
127 134 55 59646.5 0 0
128 135 55 59650.7 0 0
126 132 55 59654.9 0 0
125 135 55 59659.1 0 0
126 134 55 59663.3 0 0
123 133 54 59667.6 0 0
125 135 55 59671.8 0 0
125 134 55 59676 0 0
125 135 55 59680.2 0 0
125 136 55 59684.4 0 0
127 135 55 59688.6 0 0
124 135 55 59692.8 0 0
123 138 55 59697 0 0
126 135 55 59701.3 0 0
125 133 55 59705.5 0 0
126 136 55 59709.7 0 0
126 135 55 59713.9 0 0
125 132 55 59718.1 0 0
124 135 55 59722.3 0 0
127 135 55 59726.5 0 0
123 133 55 59730.8 0 0
125 134 55 59735 0 0
125 134 55 59739.2 0 0
128 137 55 59743.4 0 0
127 133 55 59747.6 0 0
127 134 55 59751.8 0 0
129 133 55 59756 0 0
126 133 55 59760.2 0 0
124 134 55 59764.5 0 0
126 134 55 59768.7 0 0
125 136 55 59772.9 0 0
127 131 55 59777.1 0 0
122 124 55 59781.3 0 0
122 119 55 59785.7 0 0
121 116 55 59789.9 0 0
120 110 55 59794.1 0 0
122 106 55 59798.4 0 0
121 99 55 59802.6 0 0
124 93 55 59806.8 0 0
122 91 54 59811 0 0
122 90 54 59815.2 0 0
120 90 55 59819.5 0 0
122 90 55 59823.7 0 0
122 90 55 59827.9 0 0
122 91 55 59832.1 0 0
122 90 55 59836.3 0 0
121 90 55 59840.6 0 0
123 89 55 59844.8 0 0
122 90 55 59849 0 0
121 89 55 59853.2 0 0
122 90 55 59857.4 0 0
121 90 55 59861.6 0 0
122 89 55 59865.8 0 0
122 90 55 59870.1 0 0
121 89 55 59874.3 0 0
123 89 55 59878.5 0 0
122 89 55 59882.7 0 0
123 89 55 59886.9 0 0
121 90 55 59891.1 0 0
120 90 55 59895.3 0 0
123 89 55 59899.5 0 0
120 91 55 59903.7 0 0
122 91 55 59907.9 0 0
122 91 55 59912.1 0 0
122 90 55 59916.4 0 0
121 89 55 59920.6 0 0
121 90 55 59924.8 0 0
123 90 55 59929 0 0
122 89 55 59933.2 0 0
122 90 55 59937.4 0 0
123 90 55 59941.7 0 0
121 90 55 59945.9 0 0
122 89 55 59950.1 0 0
123 89 55 59954.3 0 0
126 88 55 59958.5 0 0
121 90 55 59962.7 0 0
122 90 55 59966.9 0 0
123 90 55 59971.2 0 0
121 89 55 59975.4 0 0
122 90 55 59979.6 0 0
123 90 55 59983.8 0 0
121 91 55 59988.1 0 0
122 90 55 59992.3 0 0
121 90 55 59996.5 0 0
121 90 55 60000.7 0 0
122 88 55 60004.9 0 0
122 90 55 60009.1 0 0
123 89 55 60013.4 0 0
122 89 55 60017.6 0 0
122 90 55 60021.9 0 0
120 90 55 60026.1 0 0
122 92 55 60030.3 0 0
122 90 55 60034.5 0 0
122 91 55 60038.7 0 0
123 87 55 60042.9 0 0
123 90 55 60047.2 0 0
123 88 55 60051.4 0 0
121 91 55 60055.6 0 0
122 88 55 60059.8 0 0
122 90 55 60064 0 0
123 90 55 60068.2 0 0
122 89 55 60072.5 0 0
122 90 55 60076.7 0 0
121 90 55 60080.9 0 0
121 90 55 60085.1 0 0
122 90 55 60089.3 0 0
123 90 55 60093.5 0 0
123 90 55 60097.7 0 0
123 89 55 60101.9 0 0
124 88 55 60106.2 0 0
121 89 54 60110.4 0 0
123 90 55 60114.6 0 0
121 89 55 60118.8 0 0
122 89 55 60123 0 0
122 90 55 60127.2 0 0
121 91 55 60131.4 0 0
120 90 55 60135.7 0 0
121 90 55 60139.9 0 0
120 89 55 60144.1 0 0
122 89 55 60148.3 0 0
122 91 55 60152.5 0 0
122 89 55 60156.8 0 0
122 88 55 60161 0 0
121 90 55 60165.2 0 0
122 89 54 60169.4 0 0
123 88 54 60173.6 0 0
122 92 54 60177.8 0 0
121 88 54 60182.1 0 0
122 88 54 60186.2 0 0
121 90 55 60190.5 0 0
123 89 54 60194.7 0 0
121 89 54 60198.9 0 0
123 90 54 60203.1 0 0
120 88 54 60207.3 0 0
122 89 54 60211.6 0 0
122 91 54 60215.8 0 0
126 92 54 60220 0 0
129 97 55 60224.2 0 0
137 102 55 60228.4 0 0
151 104 55 60232.6 0 0
162 110 56 60236.8 0 0
170 113 56 60241 0 0
180 118 56 60245.2 0 0
191 119 55 60249.4 0 0
197 124 55 60253.7 0 0
204 123 55 60257.9 0 0
213 127 54 60262.1 0 0
220 131 54 60266.4 0 0
228 136 54 60270.6 0 0
232 141 54 60274.8 0 0
237 148 54 60279 0 0
235 149 54 60283.2 0 0
235 154 54 60287.4 0 0
234 150 54 60291.6 0 0
234 149 54 60295.8 0 0
231 151 54 60300.1 0 0
233 149 54 60304.3 0 0
236 150 53 60308.5 0 0
233 151 54 60312.7 0 0
234 147 54 60317 0 0
234 149 53 60321.2 0 0
234 149 53 60325.4 0 0
233 154 53 60329.6 0 0
233 151 54 60333.8 0 0
233 150 53 60338.1 0 0
234 152 53 60342.3 0 0
236 149 53 60346.5 0 0
234 153 53 60350.7 0 0
237 150 53 60354.9 0 0
237 149 54 60359.2 0 0
236 154 53 60363.4 0 0
235 152 53 60367.6 0 0
233 152 53 60371.8 0 0
236 154 53 60376 0 0
232 156 53 60380.2 0 0
235 155 53 60384.4 0 0
236 157 54 60388.7 0 0
236 156 53 60392.9 0 0
234 153 53 60397.1 0 0
236 158 53 60401.3 0 0
237 155 53 60405.5 0 0
237 153 53 60409.7 0 0
237 158 53 60413.9 0 0
234 154 53 60418.1 0 0
238 162 53 60422.3 0 0
236 158 53 60426.6 0 0
237 154 53 60430.8 0 0
236 156 54 60435 0 0
237 153 53 60439.2 0 0
235 156 53 60443.4 0 0
236 153 53 60447.6 0 0
236 155 53 60451.8 0 0
236 151 53 60456.1 0 0
235 153 53 60460.3 0 0
237 150 53 60464.5 0 0
235 157 53 60468.7 0 0
236 153 53 60473.3 0 0
233 156 53 60477.5 0 0
234 156 53 60481.8 0 0
235 151 53 60486.6 0 0
235 154 54 60490.8 0 0
237 155 53 60495 0 0
237 157 53 60499.2 0 0
237 157 53 60503.4 0 0
232 143 53 60507.6 0 0
220 144 54 60511.8 0 0
206 138 54 60516 0 0
196 133 55 60520.2 0 0
184 134 55 60524.4 0 0
174 128 55 60528.7 0 0
164 122 55 60532.8 0 0
153 116 54 60537.1 0 0
144 112 54 60541.3 0 0
135 106 54 60545.5 0 0
131 98 54 60549.8 0 0
129 93 53 60554 0 0
124 85 53 60558.2 0 0
124 83 52 60562.5 0 0
122 80 53 60566.7 0 0
122 76 53 60570.9 0 0
122 79 54 60575.2 0 0
122 81 54 60579.4 0 0
123 79 54 60583.6 0 0
125 77 53 60587.8 0 0
122 75 53 60592 0 0
121 76 53 60596.2 0 0
124 75 53 60600.4 0 0
123 76 53 60604.7 0 0
123 76 53 60608.9 0 0
122 75 53 60613.1 0 0
123 76 53 60617.3 0 0
122 76 53 60621.5 0 0
121 74 53 60625.7 0 0
122 74 54 60629.9 0 0
121 74 53 60634.2 0 0
124 74 53 60638.4 0 0
123 74 53 60642.6 0 0
122 75 53 60646.8 0 0
122 75 53 60651 0 0
123 75 53 60655.2 0 0
124 74 53 60659.4 0 0
122 74 53 60663.7 0 0
125 73 53 60667.9 0 0
121 77 53 60672.1 0 0
122 81 53 60676.3 0 0
121 80 53 60680.5 0 0
122 82 53 60684.7 0 0
121 81 53 60688.9 0 0
121 79 53 60693.2 0 0
122 79 53 60697.4 0 0
121 78 53 60701.6 0 0
122 76 53 60705.8 0 0
121 78 53 60710.1 0 0
123 76 53 60714.2 0 0
122 77 53 60718.5 0 0
123 76 53 60722.7 0 0
123 77 53 60726.9 0 0
123 76 53 60731.1 0 0
124 76 53 60735.4 0 0
123 76 53 60739.6 0 0
123 77 53 60743.8 0 0
124 82 53 60748 0 0
123 86 54 60752.2 0 0
131 75 54 60756.5 0 0
142 72 55 60760.8 0 0
151 73 55 60765.1 0 0
156 70 55 60769.3 0 0
158 71 55 60773.5 0 0
165 68 55 60777.7 0 0
171 66 55 60781.9 0 0
167 68 55 60786.2 0 0
166 68 55 60790.5 0 0
166 67 55 60794.7 0 0
167 66 55 60798.9 0 0
168 67 55 60803.2 0 0
167 66 54 60807.4 0 0
167 68 55 60811.6 0 0
165 67 55 60815.8 0 0
166 67 55 60820 0 0
168 67 55 60824.3 0 0
165 67 55 60828.5 0 0
167 67 55 60832.7 0 0
167 67 54 60836.9 0 0
167 67 55 60841.1 0 0
166 67 54 60845.3 0 0
165 67 54 60849.6 0 0
167 67 54 60853.8 0 0
166 66 55 60858.6 0 0
168 67 55 60862.8 0 0
166 66 55 60867 0 0
166 67 55 60871.2 0 0
166 67 55 60875.4 0 0
167 66 55 60879.6 0 0
166 68 54 60883.9 0 0
167 67 55 60888.1 0 0
168 66 54 60892.3 0 0
166 65 55 60896.5 0 0
166 67 55 60900.7 0 0
167 65 55 60904.9 0 0
167 66 55 60909.1 0 0
165 66 55 60913.3 0 0
166 67 55 60917.6 0 0
167 67 55 60921.8 0 0
167 65 55 60926 0 0
167 66 55 60930.2 0 0
167 68 55 60934.4 0 0
160 72 54 60938.6 0 0
155 76 55 60942.9 0 0
149 80 55 60947.2 0 0
139 83 55 60951.5 0 0
129 85 55 60955.7 0 0
127 88 54 60959.9 0 0
128 87 54 60964.1 0 0
128 90 54 60968.3 0 0
131 88 54 60972.6 0 0
129 86 54 60976.8 0 0
131 87 54 60981 0 0
128 86 54 60985.2 0 0
129 87 54 60989.4 0 0
128 87 54 60993.7 0 0
127 87 54 60997.9 0 0
129 88 53 61002.1 0 0
130 87 53 61006.3 0 0
128 87 53 61010.5 0 0
130 88 54 61014.8 0 0
129 87 54 61019 0 0
131 85 53 61023.2 0 0
129 84 53 61027.4 0 0
129 85 54 61031.6 0 0
132 87 53 61036.1 0 0
131 87 53 61040.3 0 0
129 88 53 61044.5 0 0
129 87 53 61048.8 0 0
128 88 53 61053 0 0
128 89 53 61057.2 0 0
128 86 53 61061.4 0 0
130 88 53 61065.6 0 0
128 86 53 61069.8 0 0
131 85 53 61074.1 0 0
130 90 53 61078.3 0 0
130 88 53 61082.5 0 0
130 88 53 61086.7 0 0
129 89 53 61090.9 0 0
131 88 53 61095.1 0 0
130 88 53 61099.4 0 0
129 88 53 61103.6 0 0
129 89 53 61107.8 0 0
130 88 53 61112.1 0 0
131 89 53 61116.3 0 0
131 88 53 61120.5 0 0
129 90 53 61124.7 0 0
128 87 53 61128.9 0 0
130 87 53 61133.1 0 0
129 88 53 61137.3 0 0
128 87 53 61141.6 0 0
126 90 53 61145.8 0 0
121 92 53 61150 0 0
110 99 53 61154.2 0 0
100 105 53 61158.4 0 0
94 110 53 61162.6 0 0
86 110 52 61166.8 0 0
75 112 52 61171.1 0 0
73 116 51 61175.3 0 0
62 116 51 61179.5 0 0
60 116 50 61183.7 0 0
56 117 50 61187.9 0 0
54 119 50 61192.1 0 0
54 116 50 61196.3 0 0
56 117 50 61200.6 0 0
55 114 51 61204.8 0 0
56 115 50 61209 0 0
55 114 50 61213.2 0 0
56 114 50 61217.4 0 0
55 113 51 61221.6 0 0
57 114 50 61225.9 0 0
55 116 50 61230.1 0 0
55 115 50 61234.7 0 0
53 113 50 61238.9 0 0
51 114 50 61243.1 0 0
45 114 49 61247.3 0 0
38 117 50 61251.5 0 0
31 122 50 61255.7 0 0
27 130 49 61259.9 0 0
21 125 49 61264.1 0 0
21 143 49 61268.4 0 0
22 140 50 61272.6 0 0
23 125 49 61276.8 0 0
23 129 48 61281 0 0
21 120 49 61285.2 0 0
23 119 49 61289.4 0 0
23 124 48 61293.6 0 0
23 120 49 61297.8 0 0
21 119 49 61302.1 0 0
22 119 49 61306.3 0 0
22 119 49 61310.7 0 0
23 119 48 61314.9 0 0
22 125 49 61319.2 0 0
22 118 49 61323.4 0 0
22 120 49 61327.6 0 0
23 118 48 61331.8 0 0
24 123 49 61336.1 0 0
22 131 50 61340.2 0 0
21 123 49 61344.5 0 0
22 119 49 61348.7 0 0
21 129 50 61352.9 0 0
21 124 49 61357.1 0 0
22 125 49 61361.3 0 0
23 119 49 61365.6 0 0
22 121 48 61369.8 0 0
23 119 49 61374 0 0
21 124 48 61378.2 0 0
21 117 48 61382.4 0 0
24 121 49 61386.7 0 0
23 128 50 61391 0 0
21 124 49 61395.2 0 0
21 123 49 61399.4 0 0
21 129 50 61403.6 0 0
19 122 49 61407.8 0 0
20 128 49 61412 0 0
24 121 49 61416.2 0 0
30 132 49 61420.4 0 0
35 127 50 61424.7 0 0
40 131 50 61428.9 0 0
42 140 50 61433.1 0 0
42 133 50 61437.3 0 0
42 138 50 61441.5 0 0
41 133 50 61445.7 0 0
40 134 50 61449.9 0 0
41 139 50 61454.1 0 0
40 136 50 61458.3 0 0
40 138 50 61462.6 0 0
41 127 50 61466.8 0 0
42 128 50 61471 0 0
40 131 50 61475.2 0 0
41 132 50 61479.4 0 0
41 132 50 61483.6 0 0
41 133 50 61487.9 0 0
39 126 50 61492.1 0 0
39 133 50 61496.3 0 0
40 141 50 61500.5 0 0
39 143 50 61504.7 0 0
39 138 50 61508.9 0 0
39 136 50 61513.1 0 0
40 138 50 61517.3 0 0
40 131 50 61521.6 0 0
40 131 50 61525.8 0 0
38 134 50 61529.9 0 0
40 134 50 61534.2 0 0
39 140 50 61538.4 0 0
39 131 50 61542.6 0 0
39 134 51 61546.8 0 0
38 133 50 61551 0 0
40 132 50 61555.3 0 0
40 132 50 61559.5 0 0
39 134 50 61563.7 0 0
37 131 50 61567.9 0 0
40 136 50 61572.1 0 0
37 134 50 61576.3 0 0
37 134 50 61580.6 0 0
40 138 50 61584.8 0 0
37 121 50 61589 0 0
38 113 50 61593.2 0 0
37 100 50 61597.4 0 0
37 88 50 61601.6 0 0
40 77 50 61605.8 0 0
44 75 50 61610.1 0 0
54 24 50 61614.3 0 0
55 26 49 61618.5 0 0
56 21 50 61622.7 0 0
56 19 50 61626.9 0 0
57 18 50 61631.1 0 0
58 17 49 61635.3 0 0
58 16 49 61639.6 0 0
59 16 49 61643.8 0 0
59 16 50 61648 0 0
58 17 49 61652.2 0 0
62 68 50 61656.4 0 0
65 69 50 61660.6 0 0
57 17 49 61664.8 0 0
58 16 50 61669.1 0 0
60 69 50 61673.3 0 0
58 17 49 61677.5 0 0
57 17 50 61681.7 0 0
58 16 50 61685.9 0 0
58 17 50 61690.2 0 0
57 17 50 61694.4 0 0
58 17 50 61698.6 0 0
59 17 49 61702.8 0 0
61 70 49 61707.1 0 0
57 18 49 61711.3 0 0
64 71 50 61715.5 0 0
58 16 50 61719.7 0 0
58 16 50 61723.9 0 0
58 16 50 61728.1 0 0
58 16 49 61732.4 0 0
58 17 49 61736.6 0 0
59 16 49 61740.8 0 0
58 16 49 61745 0 0
58 16 50 61749.2 0 0
58 17 49 61753.4 0 0
58 16 49 61757.6 0 0
58 16 49 61761.9 0 0
58 16 49 61766.1 0 0
58 16 50 61770.3 0 0
58 16 50 61774.5 0 0
58 16 50 61778.7 0 0
58 15 49 61782.9 0 0
58 16 49 61787.2 0 0
59 17 49 61791.4 0 0
58 16 49 61795.7 0 0
58 17 50 61799.9 0 0
59 16 50 61804.2 0 0
58 17 49 61808.3 0 0
58 17 49 61812.6 0 0
58 18 49 61816.8 0 0
59 16 49 61821 0 0
58 17 49 61825.2 0 0
57 17 49 61829.4 0 0
58 17 50 61833.6 0 0
58 16 49 61837.8 0 0
59 17 49 61842 0 0
58 16 49 61846.3 0 0
58 16 49 61850.5 0 0
58 17 49 61854.7 0 0
58 17 49 61858.9 0 0
58 16 49 61863.1 0 0
58 16 49 61867.3 0 0
58 16 49 61871.6 0 0
58 16 49 61875.8 0 0
59 16 49 61880 0 0
58 15 49 61884.2 0 0
58 15 49 61888.4 0 0
55 21 49 61892.6 0 0
58 17 49 61896.8 0 0
55 19 49 61901.1 0 0
58 17 49 61905.2 0 0
56 20 49 61909.5 0 0
63 25 50 61913.7 0 0
68 43 51 61917.9 0 0
77 19 52 61922.2 0 0
84 34 52 61926.4 0 0
90 40 52 61930.6 0 0
95 53 53 61934.8 0 0
105 63 53 61939 0 0
110 78 53 61943.2 0 0
116 91 53 61947.5 0 0
115 96 53 61951.7 0 0
121 101 53 61955.9 0 0
122 103 53 61960.1 0 0
123 104 53 61964.3 0 0
121 104 53 61968.5 0 0
122 103 53 61972.7 0 0
118 101 53 61976.9 0 0
119 103 53 61981.2 0 0
118 102 53 61985.4 0 0
119 102 53 61989.6 0 0
120 103 53 61993.8 0 0
120 104 53 61998.2 0 0
120 104 53 62002.4 0 0
120 103 53 62006.6 0 0
119 101 53 62010.8 0 0
122 104 53 62015.1 0 0
120 103 53 62019.3 0 0
120 103 53 62023.6 0 0
120 102 53 62027.8 0 0
118 104 53 62032 0 0
118 104 53 62036.2 0 0
122 105 53 62040.4 0 0
120 104 53 62044.6 0 0
119 105 53 62048.9 0 0
120 102 53 62053.1 0 0
119 102 53 62057.3 0 0
121 103 53 62061.5 0 0
118 103 53 62065.8 0 0
119 101 53 62070 0 0
121 101 53 62074.2 0 0
118 103 53 62078.4 0 0
121 101 53 62082.7 0 0
121 103 53 62086.9 0 0
119 105 53 62091.1 0 0
119 103 53 62095.3 0 0
120 105 53 62099.5 0 0
118 103 53 62103.7 0 0
120 104 53 62108 0 0
120 103 53 62112.2 0 0
120 105 53 62116.4 0 0
118 104 53 62120.6 0 0
119 102 53 62124.8 0 0
121 101 53 62129 0 0
119 103 53 62133.2 0 0
120 103 53 62137.5 0 0
119 102 53 62141.7 0 0
119 103 53 62145.9 0 0
120 103 53 62150.1 0 0
120 102 53 62154.3 0 0
117 101 53 62158.5 0 0
120 103 53 62162.8 0 0
119 103 53 62167 0 0
118 101 53 62171.3 0 0
122 100 53 62175.5 0 0
118 101 53 62179.7 0 0
120 101 53 62183.9 0 0
124 101 54 62188.1 0 0
129 100 54 62192.3 0 0
138 99 55 62196.5 0 0
146 97 55 62200.7 0 0
159 90 56 62204.9 0 0
165 83 56 62209.2 0 0
173 79 55 62213.4 0 0
181 73 55 62217.6 0 0
189 66 55 62221.8 0 0
194 59 55 62226 0 0
200 52 55 62230.2 0 0
205 48 54 62234.5 0 0
209 46 55 62238.7 0 0
211 44 55 62242.9 0 0
210 45 55 62247.1 0 0
209 47 55 62251.3 0 0
208 46 55 62255.5 0 0
208 46 55 62259.7 0 0
209 46 55 62264 0 0
209 46 55 62268.2 0 0
208 47 55 62272.4 0 0
210 45 55 62276.6 0 0
209 46 55 62280.8 0 0
209 45 55 62285 0 0
209 45 54 62289.2 0 0
209 45 55 62293.4 0 0
210 46 54 62297.6 0 0
209 46 55 62301.8 0 0
209 45 55 62306.1 0 0
210 45 55 62310.2 0 0
209 45 54 62314.5 0 0
210 44 55 62318.7 0 0
210 46 55 62322.9 0 0
209 45 55 62327.1 0 0
210 46 55 62331.3 0 0
209 46 55 62335.6 0 0
209 45 56 62339.8 0 0
209 47 55 62344 0 0
208 47 55 62348.2 0 0
209 46 55 62352.4 0 0
210 46 55 62356.7 0 0
208 47 55 62360.9 0 0
208 46 55 62365.1 0 0
210 45 55 62369.3 0 0
209 46 55 62373.5 0 0
211 45 55 62377.7 0 0
209 46 55 62381.9 0 0
209 45 55 62386.2 0 0
209 46 55 62390.4 0 0
210 45 55 62394.6 0 0
209 46 54 62398.8 0 0
210 46 55 62403.1 0 0
211 46 55 62407.3 0 0
211 47 55 62411.5 0 0
209 46 55 62416.6 0 0
209 46 55 62420.8 0 0
210 45 55 62425 0 0
210 47 55 62429.2 0 0
209 46 55 62433.4 0 0
207 45 55 62437.6 0 0
203 46 56 62441.9 0 0
196 44 56 62446.1 0 0
189 40 56 62450.3 0 0
187 40 56 62454.6 0 0
187 40 55 62458.8 0 0
184 40 56 62463 0 0
185 40 55 62467.2 0 0
188 40 55 62471.4 0 0
189 40 55 62475.6 0 0
186 40 55 62479.8 0 0
188 39 55 62484.1 0 0
186 40 55 62488.3 0 0
187 39 55 62492.5 0 0
188 39 55 62496.7 0 0
190 39 55 62500.9 0 0
188 40 55 62505.1 0 0
187 39 55 62509.4 0 0
187 39 55 62513.6 0 0
186 39 55 62517.8 0 0
188 39 55 62522 0 0
187 40 55 62526.2 0 0
186 41 55 62530.4 0 0
187 38 55 62534.6 0 0
185 40 54 62538.8 0 0
190 39 54 62543.1 0 0
188 40 54 62547.3 0 0
186 40 54 62551.5 0 0
190 39 54 62555.7 0 0
191 39 54 62559.9 0 0
189 40 55 62564.2 0 0
188 39 55 62568.4 0 0
189 40 54 62572.6 0 0
189 39 55 62576.9 0 0
189 40 54 62581.1 0 0
187 40 54 62585.3 0 0
189 40 54 62589.5 0 0
188 41 54 62593.7 0 0
188 40 55 62597.9 0 0
187 41 54 62602.1 0 0
187 40 54 62606.3 0 0
190 40 55 62610.6 0 0
189 40 54 62614.8 0 0
189 40 55 62619 0 0
187 40 54 62623.2 0 0
189 39 54 62627.4 0 0
190 40 54 62631.6 0 0
189 40 54 62635.9 0 0
190 40 55 62640.1 0 0
189 40 54 62644.3 0 0
188 40 54 62648.5 0 0
189 40 54 62652.7 0 0
187 40 55 62656.9 0 0
188 40 54 62661.2 0 0
188 40 54 62665.4 0 0
187 41 54 62669.6 0 0
188 40 54 62673.8 0 0
188 41 54 62678 0 0
188 41 54 62682.2 0 0
189 40 54 62686.4 0 0
188 40 54 62690.7 0 0
186 40 54 62694.9 0 0
188 40 54 62699.1 0 0
188 41 54 62703.4 0 0
189 40 54 62707.6 0 0
187 42 54 62711.8 0 0
188 41 54 62716 0 0
190 41 54 62720.2 0 0
187 41 54 62724.4 0 0
188 41 54 62728.6 0 0
187 40 54 62733.2 0 0
190 41 54 62737.4 0 0
186 42 54 62741.6 0 0
189 42 54 62745.8 0 0
191 41 54 62750 0 0
188 42 54 62754.2 0 0
189 42 54 62758.4 0 0
189 44 54 62762.6 0 0
193 47 54 62766.8 0 0
199 49 54 62771.1 0 0
206 51 54 62775.3 0 0
206 51 0 62779.5 0 0
216 58 54 62783.7 0 0
216 58 0 62787.9 0 0
216 71 54 62792.1 0 0
217 70 53 62796.3 0 0
216 70 53 62800.6 0 0
214 70 53 62804.8 0 0
214 69 53 62808.9 0 0
214 71 53 62813.2 0 0
216 69 53 62817.4 0 0
215 70 53 62821.6 0 0
214 70 53 62825.8 0 0
215 70 53 62830 0 0
213 69 53 62834.2 0 0
214 68 53 62838.4 0 0
216 68 54 62842.6 0 0
214 68 53 62846.8 0 0
213 68 53 62851.1 0 0
213 69 53 62855.3 0 0
214 69 53 62859.5 0 0
214 68 53 62863.8 0 0
214 68 53 62867.9 0 0
212 69 53 62872.2 0 0
213 69 53 62876.4 0 0
214 69 53 62880.6 0 0
215 69 53 62884.8 0 0
212 69 53 62889.1 0 0
214 69 53 62893.3 0 0
215 69 52 62897.5 0 0
215 70 53 62901.7 0 0
213 69 53 62905.9 0 0
213 69 0 62910.1 0 0
214 69 52 62914.4 0 0
213 68 52 62918.6 0 0
215 69 52 62922.8 0 0
215 69 53 62927 0 0
214 69 53 62931.2 0 0
214 69 52 62935.7 0 0
215 70 52 62939.9 0 0
213 69 52 62944.1 0 0
216 60 52 62948.4 0 0
212 52 52 62952.6 0 0
205 48 52 62956.8 0 0
200 45 53 62961 0 0
196 39 53 62965.2 0 0
193 40 52 62969.4 0 0
190 40 52 62973.7 0 0
189 39 52 62977.9 0 0
191 39 52 62982.2 0 0
192 39 52 62986.4 0 0
190 40 52 62990.7 0 0
194 39 52 62994.9 0 0
194 39 52 62999.1 0 0
194 39 52 63003.3 0 0
195 39 52 63007.5 0 0
195 38 52 63011.8 0 0
196 37 52 63016 0 0
196 38 52 63020.2 0 0
196 38 52 63024.4 0 0
195 39 52 63028.6 0 0
192 40 52 63032.8 0 0
194 39 52 63037 0 0
193 40 52 63041.2 0 0
193 39 52 63045.5 0 0
193 40 52 63049.7 0 0
194 40 52 63053.9 0 0
194 39 52 63058.1 0 0
195 40 52 63062.3 0 0
195 39 52 63066.6 0 0
193 40 52 63070.8 0 0
197 39 52 63075 0 0
192 40 52 63079.2 0 0
191 40 52 63083.4 0 0
194 40 52 63087.6 0 0
192 40 52 63091.8 0 0
191 40 52 63096 0 0
192 39 52 63100.2 0 0
196 38 52 63104.5 0 0
191 40 52 63110.1 0 0
191 38 52 63114.3 0 0
194 39 52 63118.6 0 0
197 39 52 63122.8 0 0
193 39 52 63126.9 0 0
195 39 52 63131.2 0 0
195 38 52 63135.4 0 0
194 39 52 63139.6 0 0
192 39 52 63143.9 0 0
195 38 52 63148.1 0 0
194 39 52 63152.3 0 0
194 39 52 63156.5 0 0
194 38 52 63160.7 0 0
195 39 52 63165 0 0
192 39 52 63169.2 0 0
195 39 52 63173.4 0 0
197 38 52 63177.7 0 0
195 38 52 63181.8 0 0
194 38 52 63186.1 0 0
194 38 52 63190.3 0 0
196 39 53 63194.5 0 0
196 38 53 63198.7 0 0
196 38 52 63203 0 0
196 39 52 63207.2 0 0
195 39 52 63211.4 0 0
194 39 52 63215.6 0 0
193 39 52 63219.8 0 0
195 39 52 63224 0 0
195 39 52 63228.2 0 0
195 39 53 63232.5 0 0
196 37 52 63236.7 0 0
193 39 53 63240.9 0 0
195 38 52 63245.1 0 0
193 39 52 63249.3 0 0
196 39 52 63253.5 0 0
193 39 52 63257.7 0 0
198 38 52 63262 0 0
194 38 52 63266.2 0 0
194 38 52 63270.4 0 0
197 39 52 63274.6 0 0
195 39 52 63278.8 0 0
195 38 52 63283 0 0
196 39 52 63287.2 0 0
196 39 0 63291.4 0 0
194 38 53 63295.7 0 0
192 39 53 63299.9 0 0
193 39 52 63304.1 0 0
196 38 52 63308.3 0 0
192 39 53 63312.5 0 0
194 39 52 63316.7 0 0
196 39 52 63320.9 0 0
194 38 52 63325.2 0 0
194 38 52 63329.4 0 0
196 39 52 63333.6 0 0
192 39 52 63337.8 0 0
194 39 52 63342 0 0
197 38 52 63346.3 0 0
194 39 52 63350.5 0 0
193 38 52 63354.7 0 0
194 38 52 63358.9 0 0
195 38 52 63363.2 0 0
195 38 52 63367.4 0 0
192 38 53 63371.6 0 0
194 38 53 63375.8 0 0
195 38 52 63380 0 0
195 39 53 63384.2 0 0
192 38 53 63388.5 0 0
197 37 52 63392.7 0 0
193 38 53 63396.9 0 0
195 39 53 63401.1 0 0
195 38 52 63405.3 0 0
196 38 52 63409.5 0 0
194 38 53 63413.7 0 0
194 39 53 63418 0 0
193 39 53 63422.2 0 0
191 39 53 63426.4 0 0
195 39 53 63430.6 0 0
191 39 53 63434.8 0 0
192 39 53 63439 0 0
190 40 53 63443.2 0 0
193 39 53 63447.4 0 0
193 39 53 63452.2 0 0
191 39 53 63456.4 0 0
193 39 53 63460.6 0 0
192 39 53 63464.8 0 0
190 38 53 63469 0 0
195 39 53 63473.2 0 0
193 38 52 63477.4 0 0
195 38 53 63481.7 0 0
195 38 53 63485.9 0 0
194 38 53 63490.1 0 0
189 39 53 63494.3 0 0
193 38 53 63498.5 0 0
192 38 53 63502.7 0 0
193 38 53 63506.9 0 0
191 38 53 63511.2 0 0
192 38 53 63515.4 0 0
192 38 53 63519.6 0 0
192 40 53 63523.8 0 0
192 38 53 63528 0 0
192 39 53 63532.2 0 0
191 40 53 63536.4 0 0
192 39 53 63540.6 0 0
191 40 53 63545 0 0
194 38 53 63549.2 0 0
195 37 53 63553.4 0 0
193 38 53 63557.6 0 0
193 38 53 63561.8 0 0
195 38 53 63566 0 0
194 38 53 63570.2 0 0
193 38 53 63574.5 0 0
194 38 53 63578.7 0 0
189 39 53 63582.9 0 0
197 37 54 63587.1 0 0
193 39 53 63591.3 0 0
193 38 53 63595.5 0 0
192 38 54 63599.7 0 0
194 38 53 63604 0 0
193 38 54 63608.2 0 0
193 39 54 63612.4 0 0
195 39 54 63616.6 0 0
193 38 54 63620.8 0 0
190 39 53 63625 0 0
187 40 54 63629.2 0 0
189 39 53 63633.5 0 0
189 39 54 63637.7 0 0
190 44 54 63641.9 0 0
194 50 55 63646.2 0 0
202 64 54 63650.4 0 0
211 74 54 63654.6 0 0
215 83 54 63658.8 0 0
221 94 54 63663 0 0
227 99 54 63667.3 0 0
233 103 54 63671.5 0 0
236 107 53 63675.7 0 0
241 111 54 63679.9 0 0
244 119 53 63684.1 0 0
247 138 53 63688.3 0 0
250 158 53 63692.5 0 0
256 187 52 63696.8 0 0
261 218 53 63726.3 0 0
257 207 53 63730.6 0 0
255 207 54 63734.8 0 0
251 196 53 63739 0 0
253 197 53 63743.2 0 0
249 198 53 63747.4 0 0
251 199 53 63751.6 0 0
251 195 53 63755.8 0 0
253 193 53 63760.1 0 0
252 193 53 63764.3 0 0
251 191 53 63768.5 0 0
255 193 53 63772.7 0 0
249 195 53 63776.9 0 0
250 193 53 63781.1 0 0
252 191 53 63785.3 0 0
252 197 53 63789.5 0 0
250 187 53 63793.8 0 0
251 190 53 63798 0 0
247 187 53 63802.2 0 0
248 189 53 63806.4 0 0
251 193 53 63810.6 0 0
246 190 53 63814.9 0 0
249 190 53 63819.1 0 0
248 193 53 63823.3 0 0
248 190 54 63827.6 0 0
249 192 53 63831.8 0 0
250 191 53 63836 0 0
249 189 53 63840.2 0 0
247 199 54 63844.4 0 0
247 184 54 63848.6 0 0
248 188 53 63852.8 0 0
248 190 53 63857 0 0
247 187 53 63861.2 0 0
252 191 53 63865.5 0 0
246 197 53 63869.7 0 0
251 192 53 63873.9 0 0
248 200 54 63878.1 0 0
250 196 53 63882.3 0 0
251 200 53 63886.5 0 0
248 186 53 63890.8 0 0
248 188 53 63895 0 0
247 189 53 63899.2 0 0
249 189 53 63903.4 0 0
247 191 53 63907.6 0 0
246 191 53 63911.8 0 0
247 189 53 63916 0 0
248 193 54 63920.2 0 0
247 189 54 63924.4 0 0
251 192 53 63928.7 0 0
250 194 53 63932.9 0 0
249 195 54 63937.1 0 0
249 194 54 63941.4 0 0
245 190 54 63945.6 0 0
248 187 53 63949.8 0 0
247 189 53 63954 0 0
248 192 54 63958.2 0 0
247 190 54 63962.5 0 0
247 190 53 63966.7 0 0
249 191 54 63971.1 0 0
249 187 53 63975.3 0 0
247 188 53 63979.5 0 0
249 193 54 63983.8 0 0
249 193 54 63988 0 0
248 190 53 63992.2 0 0
249 195 54 63996.4 0 0
251 192 54 64000.6 0 0
246 185 53 64004.8 0 0
249 191 54 64009 0 0
252 191 54 64013.3 0 0
249 191 54 64017.5 0 0
247 192 54 64021.7 0 0
251 194 54 64025.9 0 0
252 193 54 64030.1 0 0
251 192 54 64034.3 0 0
251 195 53 64038.5 0 0
249 194 54 64042.7 0 0
251 195 54 64047 0 0
253 196 54 64051.2 0 0
250 194 54 64055.4 0 0
249 188 54 64059.6 0 0
248 191 54 64063.8 0 0
247 186 54 64068.1 0 0
250 189 54 64072.3 0 0
251 190 54 64076.5 0 0
250 193 54 64080.7 0 0
245 186 54 64084.9 0 0
249 188 54 64089.1 0 0
250 185 54 64093.3 0 0
253 197 54 64097.6 0 0
250 188 54 64101.8 0 0
251 194 54 64105.9 0 0
249 197 54 64110.2 0 0
252 193 53 64114.4 0 0
251 190 54 64118.6 0 0
252 191 54 64122.9 0 0
251 191 53 64127.2 0 0
251 190 54 64131.4 0 0
250 189 53 64135.6 0 0
249 185 54 64139.8 0 0
252 188 54 64144.1 0 0
251 190 54 64148.3 0 0
249 192 53 64152.5 0 0
255 199 53 64156.7 0 0
252 188 53 64160.9 0 0
254 199 53 64165.1 0 0
255 196 53 64169.3 0 0
252 196 53 64173.5 0 0
252 191 53 64177.8 0 0
248 193 53 64182 0 0
252 193 54 64186.2 0 0
251 185 53 64190.4 0 0
255 186 53 64194.6 0 0
256 186 52 64198.8 0 0
255 185 53 64203.1 0 0
255 180 53 64207.3 0 0
256 190 53 64211.5 0 0
255 181 53 64215.7 0 0
256 187 53 64219.9 0 0
257 189 53 64224.1 0 0
258 185 52 64228.3 0 0
257 186 53 64233.1 0 0
255 184 52 64237.3 0 0
254 185 52 64241.6 0 0
254 186 53 64245.8 0 0
256 185 52 64249.9 0 0
257 187 52 64254.2 0 0
253 188 52 64258.4 0 0
255 185 52 64262.6 0 0
254 184 52 64266.8 0 0
258 182 52 64271 0 0
256 184 52 64275.2 0 0
254 181 52 64279.4 0 0
256 181 52 64283.6 0 0
258 186 52 64287.8 0 0
256 183 52 64292.1 0 0
257 186 53 64296.3 0 0
253 183 52 64300.6 0 0
256 184 52 64304.8 0 0
256 182 52 64309 0 0
253 186 52 64313.2 0 0
256 180 52 64317.4 0 0
257 177 52 64321.6 0 0
253 184 52 64325.9 0 0
257 186 51 64330.1 0 0
252 184 52 64334.3 0 0
252 177 52 64338.5 0 0
257 190 51 64342.7 0 0
251 182 52 64346.9 0 0
254 175 52 64351.1 0 0
258 179 52 64355.3 0 0
253 182 52 64359.5 0 0
253 181 52 64363.7 0 0
253 180 52 64367.9 0 0
254 179 51 64372.2 0 0
255 179 52 64376.4 0 0
256 182 52 64380.6 0 0
256 179 51 64384.8 0 0
255 180 51 64389.1 0 0
255 179 52 64393.3 0 0
253 182 52 64397.5 0 0
253 177 52 64401.7 0 0
255 176 51 64414.3 0 0
253 178 51 64418.6 0 0
256 188 52 64422.8 0 0
253 183 52 64427 0 0
254 178 52 64431.2 0 0
252 181 52 64435.4 0 0
254 177 51 64439.8 0 0
259 181 52 64444 0 0
253 180 52 64448.2 0 0
253 179 52 64452.5 0 0
253 177 52 64456.7 0 0
251 184 51 64460.9 0 0
259 182 51 64465.1 0 0
256 183 51 64469.3 0 0
256 185 52 64473.6 0 0
257 185 51 64477.8 0 0
256 183 52 64482 0 0
258 179 52 64486.2 0 0
255 182 51 64490.4 0 0
253 182 52 64494.7 0 0
254 188 51 64498.9 0 0
258 181 51 64503.1 0 0
254 181 52 64507.3 0 0
256 186 52 64511.5 0 0
257 177 52 64515.8 0 0
253 180 51 64520 0 0
254 177 52 64524.2 0 0
251 176 52 64528.4 0 0
251 176 52 64532.6 0 0
255 176 52 64536.9 0 0
255 176 52 64541.1 0 0
254 175 52 64545.3 0 0
255 179 52 64549.6 0 0
254 178 52 64553.8 0 0
254 181 52 64558 0 0
256 175 51 64562.2 0 0
254 178 52 64566.4 0 0
257 180 52 64570.6 0 0
256 181 51 64574.8 0 0
256 180 51 64579.1 0 0
257 184 51 64583.3 0 0
257 184 51 64587.5 0 0
252 170 52 64591.7 0 0
254 180 52 64595.9 0 0
253 176 52 64600.1 0 0
254 179 52 64604.3 0 0
254 183 52 64608.5 0 0
253 173 52 64612.8 0 0
257 183 52 64617 0 0
259 182 52 64621.2 0 0
253 177 52 64625.4 0 0
257 179 52 64629.7 0 0
256 181 51 64633.9 0 0
251 181 52 64638.1 0 0
258 179 52 64642.3 0 0
259 182 52 64646.5 0 0
254 180 51 64650.7 0 0
258 181 52 64654.9 0 0
254 183 52 64659.2 0 0
255 178 52 64663.4 0 0
254 181 52 64667.6 0 0
258 176 52 64671.9 0 0
258 175 52 64676.1 0 0
253 178 52 64680.3 0 0
257 180 52 64684.5 0 0
257 179 52 64688.7 0 0
255 181 51 64692.9 0 0
254 182 51 64697.1 0 0
257 186 52 64701.3 0 0
256 180 52 64705.5 0 0
252 171 52 64709.7 0 0
253 176 52 64713.9 0 0
251 174 52 64718.1 0 0
254 176 52 64722.3 0 0
252 172 52 64726.6 0 0
254 174 52 64730.8 0 0
254 181 52 64735 0 0
252 173 52 64742 0 0
252 169 52 64746.2 0 0
256 176 52 64750.4 0 0
251 175 52 64754.6 0 0
257 179 52 64758.8 0 0
253 171 52 64763.1 0 0
256 176 52 64767.3 0 0
253 179 52 64771.5 0 0
255 179 52 64775.7 0 0
255 175 52 64779.9 0 0
254 173 52 64784.4 0 0
254 173 52 64788.6 0 0
254 176 52 64792.8 0 0
254 177 52 64797.1 0 0
254 179 52 64801.3 0 0
254 178 53 64805.5 0 0
257 179 52 64809.7 0 0
252 178 52 64813.9 0 0
256 175 52 64821 0 0
252 172 53 64825.2 0 0
256 181 52 64829.5 0 0
255 178 52 64833.7 0 0
254 177 52 64837.9 0 0
256 185 53 64842.1 0 0
253 176 53 64846.4 0 0
254 176 53 64850.6 0 0
256 177 53 64854.8 0 0
255 180 52 64859 0 0
256 183 52 64863.2 0 0
253 181 53 64867.5 0 0
257 178 52 64871.7 0 0
255 180 53 64875.9 0 0
254 178 53 64880.1 0 0
252 173 52 64884.3 0 0
259 180 53 64888.5 0 0
255 183 53 64892.8 0 0
250 171 53 64897 0 0
250 174 53 64901.2 0 0
252 182 53 64905.4 0 0
253 181 53 64909.6 0 0
255 185 53 64913.8 0 0
254 178 54 64918.1 0 0
255 179 53 64922.3 0 0
253 178 53 64929.1 0 0
254 181 53 64933.3 0 0
254 178 53 64937.6 0 0
255 177 53 64941.8 0 0
257 176 53 64946.1 0 0
254 176 53 64950.3 0 0
258 177 53 64954.5 0 0
256 179 53 64958.7 0 0
255 179 54 64962.9 0 0
253 183 53 64967.1 0 0
252 177 53 64971.3 0 0
255 179 53 64975.6 0 0
250 171 53 64979.8 0 0
255 181 54 64984 0 0
254 184 53 64988.2 0 0
248 173 53 64992.4 0 0
254 172 54 64996.6 0 0
253 172 54 65000.8 0 0
251 174 54 65005.1 0 0
251 175 53 65009.3 0 0
255 182 54 65013.5 0 0
253 181 54 65017.9 0 0
255 185 54 65022.1 0 0
260 198 54 65029 0 0
257 225 53 65120.7 0 0
253 203 53 65124.9 0 0
252 193 54 65129.1 0 0
244 177 54 65133.3 0 0
246 174 54 65137.6 0 0
242 162 55 65141.8 0 0
240 155 54 65146 0 0
242 153 55 65150.2 0 0
243 154 55 65154.4 0 0
241 154 55 65158.6 0 0
237 157 55 65162.8 0 0
244 152 54 65167.1 0 0
240 153 55 65171.3 0 0
241 154 55 65175.6 0 0
241 158 55 65179.8 0 0
240 155 55 65184 0 0
241 152 55 65188.2 0 0
238 150 55 65192.4 0 0
241 153 54 65196.6 0 0
241 149 55 65200.8 0 0
237 152 55 65205 0 0
238 154 55 65209.2 0 0
240 153 55 65213.4 0 0
239 152 55 65217.6 0 0
239 155 55 65221.8 0 0
237 157 56 65226.1 0 0
237 154 55 65230.3 0 0
238 155 55 65234.5 0 0
239 155 55 65238.7 0 0
241 156 55 65245.8 0 0
241 153 55 65250 0 0
238 151 55 65254.2 0 0
240 152 55 65258.4 0 0
239 154 55 65262.6 0 0
238 156 55 65266.9 0 0
238 155 55 65271.1 0 0
240 153 55 65275.3 0 0
239 154 55 65279.5 0 0
240 156 55 65283.8 0 0
237 154 55 65288 0 0
238 155 55 65292.3 0 0
238 148 55 65296.6 0 0
239 146 55 65300.8 0 0
236 152 55 65305 0 0
237 152 55 65309.2 0 0
239 156 55 65313.4 0 0
240 152 55 65317.6 0 0
239 155 55 65321.9 0 0
237 150 55 65326.1 0 0
236 157 55 65333.2 0 0
237 156 55 65337.4 0 0
236 150 55 65341.6 0 0
237 156 55 65345.9 0 0
235 153 55 65350.2 0 0
237 155 55 65354.4 0 0
238 155 55 65358.6 0 0
237 156 55 65362.9 0 0
238 155 55 65367.1 0 0
238 156 55 65371.3 0 0
238 159 55 65375.5 0 0
236 155 55 65379.7 0 0
239 153 55 65383.9 0 0
235 155 55 65388.2 0 0
239 155 55 65392.4 0 0
236 156 55 65396.6 0 0
237 156 55 65400.8 0 0
236 155 55 65405 0 0
239 153 55 65412.2 0 0
237 153 55 65420.6 0 0
236 151 55 65428.8 0 0
235 150 55 65437.1 0 0
235 152 55 65445.6 0 0
241 158 55 65453.8 0 0
235 161 55 65462.1 0 0
241 157 55 65470.3 0 0
241 157 55 65478.8 0 0
237 155 55 65486.5 0 0
238 161 55 65490.7 0 0
237 158 55 65495.5 0 0
237 156 55 65499.7 0 0
240 153 55 65503.9 0 0
238 158 55 65508.1 0 0
237 154 55 65512.4 0 0
240 154 55 65516.6 0 0
238 155 55 65520.8 0 0
236 157 55 65525 0 0
235 157 55 65529.6 0 0
238 157 55 65533.8 0 0
236 154 55 65538 0 0
240 155 55 65542.2 0 0
236 156 55 65546.5 0 0
236 156 55 65550.7 0 0
239 157 55 65554.9 0 0
239 157 55 65559.1 0 0
236 155 55 65564.6 0 0
238 153 55 65568.9 0 0
238 155 55 65573.1 0 0
235 155 55 65577.3 0 0
237 153 55 65581.5 0 0
237 163 56 65585.7 0 0
241 157 56 65589.9 0 0
237 153 55 65594.1 0 0
236 152 55 65598.3 0 0
237 158 56 65602.6 0 0
235 154 55 65606.8 0 0
233 155 55 65611 0 0
236 154 56 65615.2 0 0
235 153 56 65619.4 0 0
235 157 56 65623.6 0 0
238 159 56 65627.9 0 0
237 150 55 65632.1 0 0
236 146 55 65636.3 0 0
236 152 55 65640.5 0 0
236 151 55 65644.7 0 0
237 154 55 65648.9 0 0
236 152 55 65653.1 0 0
236 153 55 65657.4 0 0
234 150 55 65661.6 0 0
235 152 55 65665.8 0 0
238 159 55 65670 0 0
237 158 55 65674.2 0 0
236 149 55 65678.4 0 0
239 155 55 65682.6 0 0
237 157 55 65686.9 0 0
237 153 55 65691.1 0 0
236 157 55 65695.3 0 0
240 161 55 65699.5 0 0
235 156 55 65703.8 0 0
237 159 55 65708 0 0
238 160 56 65712.2 0 0
239 159 56 65716.4 0 0
240 165 56 65720.6 0 0
237 160 56 65724.8 0 0
236 153 55 65729 0 0
238 160 56 65733.3 0 0
235 160 56 65737.5 0 0
238 158 56 65741.7 0 0
236 154 55 65745.9 0 0
237 144 55 65750.1 0 0
233 150 55 65754.3 0 0
237 153 56 65758.5 0 0
238 147 55 65762.8 0 0
234 147 55 65767 0 0
238 153 55 65771.2 0 0
236 154 56 65775.4 0 0
238 155 55 65779.6 0 0
239 152 56 65783.9 0 0
233 155 55 65788.2 0 0
238 156 56 65792.4 0 0
236 152 56 65796.6 0 0
235 154 55 65800.8 0 0
235 157 56 65805 0 0
239 158 56 65809.2 0 0
235 158 56 65813.4 0 0
237 149 56 65817.7 0 0
236 152 56 65821.9 0 0
235 149 55 65826.1 0 0
237 153 56 65830.3 0 0
238 150 56 65834.5 0 0
237 157 56 65838.7 0 0
238 153 56 65842.9 0 0
234 156 56 65847.1 0 0
235 155 56 65851.4 0 0
239 153 56 65855.6 0 0
234 148 56 65859.8 0 0
234 148 55 65864.3 0 0
239 161 56 65868.5 0 0
239 155 56 65872.7 0 0
239 155 56 65876.9 0 0
237 159 56 65881.1 0 0
238 158 56 65885.3 0 0
236 157 55 65889.6 0 0
239 152 56 65893.8 0 0
239 157 56 65898 0 0
236 153 56 65902.2 0 0
237 147 55 65906.4 0 0
237 156 55 65910.6 0 0
239 157 56 65914.9 0 0
237 153 56 65919.1 0 0
236 157 56 65923.3 0 0
238 155 55 65927.5 0 0
233 158 56 65931.8 0 0
235 158 56 65935.9 0 0
236 155 56 65940.2 0 0
234 155 56 65944.4 0 0
239 152 55 65948.6 0 0
235 155 56 65952.9 0 0
237 153 56 65957.1 0 0
236 153 55 65961.3 0 0
238 151 56 65965.5 0 0
237 155 55 65969.7 0 0
236 152 55 65973.9 0 0
238 153 55 65978.1 0 0
236 152 55 65982.4 0 0
237 156 56 65986.6 0 0
235 155 56 65990.8 0 0
234 155 56 65995 0 0
237 153 56 65999.2 0 0
234 156 56 66003.4 0 0
237 153 56 66007.6 0 0
236 155 56 66011.9 0 0
240 157 56 66016.1 0 0
241 161 56 66020.3 0 0
235 152 56 66024.5 0 0
237 153 56 66028.7 0 0
233 156 56 66032.9 0 0
