158 135 49 1010.93 0 0
134 130 49 1015.18 0 0
152 139 49 1019.43 0 0
140 136 49 1023.68 0 0
138 137 49 1027.88 0 0
134 107 49 1032.08 0 0
134 138 49 1036.29 0 0
137 139 49 1040.5 0 0
129 104 49 1044.75 0 0
152 137 49 1048.96 0 0
131 130 49 1053.19 0 0
130 132 49 1060.21 0 0
129 132 49 1064.42 0 0
132 139 49 1068.63 0 0
136 131 49 1072.85 0 0
134 140 49 1077.07 0 0
135 104 49 1081.3 0 0
135 97 49 1085.52 0 0
131 130 49 1089.72 0 0
130 140 49 1093.97 0 0
150 133 49 1098.17 0 0
139 143 49 1102.38 0 0
134 141 49 1106.64 0 0
132 136 49 1110.86 0 0
136 137 49 1115.1 0 0
128 135 49 1119.31 0 0
134 137 49 1123.51 0 0
128 138 49 1127.71 0 0
130 138 49 1131.98 0 0
132 138 49 1136.2 0 0
134 133 49 1140.41 0 0
131 136 49 1144.65 0 0
133 138 49 1148.89 0 0
133 138 49 1153.1 0 0
134 137 49 1159.63 0 0
143 140 49 1163.84 0 0
136 139 49 1168.08 0 0
125 136 49 1172.3 0 0
137 128 49 1176.51 0 0
131 107 49 1180.71 0 0
131 136 49 1184.91 0 0
137 128 49 1189.12 0 0
135 130 48 1193.39 0 0
133 135 49 1197.62 0 0
131 134 49 1201.83 0 0
133 111 48 1206.04 0 0
134 136 49 1210.32 0 0
136 130 49 1214.55 0 0
134 111 49 1218.76 0 0
130 134 48 1223.03 0 0
149 136 48 1227.26 0 0
137 111 49 1231.54 0 0
133 109 49 1235.76 0 0
146 140 48 1239.97 0 0
137 136 49 1244.18 0 0
137 142 48 1248.38 0 0
131 133 48 1252.58 0 0
128 126 48 1256.79 0 0
121 125 48 1261 0 0
128 90 49 1265.25 0 0
129 91 48 1269.47 0 0
132 89 48 1273.67 0 0
132 89 49 1277.88 0 0
129 88 48 1282.08 0 0
129 90 48 1286.3 0 0
134 88 48 1290.51 0 0
134 88 48 1294.8 0 0
128 86 48 1300.28 0 0
126 83 48 1304.49 0 0
131 89 48 1308.69 0 0
132 84 48 1312.89 0 0
130 87 48 1317.1 0 0
130 86 48 1321.32 0 0
130 89 48 1325.53 0 0
131 87 48 1329.78 0 0
130 89 48 1334 0 0
133 87 48 1338.21 0 0
131 87 48 1342.41 0 0
130 90 48 1346.62 0 0
131 82 48 1350.84 0 0
133 88 48 1355.08 0 0
129 87 48 1359.33 0 0
129 91 48 1363.54 0 0
136 89 48 1367.74 0 0
130 84 48 1371.95 0 0
129 90 48 1376.15 0 0
128 90 48 1380.37 0 0
131 89 48 1384.6 0 0
130 88 48 1388.82 0 0
129 89 48 1393.05 0 0
127 91 48 1397.29 0 0
130 93 48 1401.49 0 0
132 90 48 1405.7 0 0
131 91 48 1409.9 0 0
129 88 48 1414.12 0 0
132 86 48 1418.37 0 0
130 89 48 1422.6 0 0
130 90 48 1426.82 0 0
131 87 48 1431.02 0 0
127 88 48 1435.23 0 0
128 88 48 1439.43 0 0
130 90 48 1443.69 0 0
132 101 48 1447.92 0 0
132 108 47 1452.15 0 0
133 120 47 1456.36 0 0
133 128 47 1460.63 0 0
138 155 47 1464.85 0 0
136 162 47 1469.05 0 0
136 173 47 1473.26 0 0
131 168 47 1477.48 0 0
129 173 47 1481.72 0 0
130 177 47 1485.94 0 0
132 181 47 1490.16 0 0
136 182 47 1494.36 0 0
135 189 47 1498.56 0 0
131 186 46 1502.77 0 0
132 189 46 1506.99 0 0
134 187 46 1511.21 0 0
136 184 46 1515.45 0 0
134 192 46 1519.67 0 0
132 181 46 1523.87 0 0
132 192 46 1528.08 0 0
135 193 46 1532.28 0 0
129 190 46 1536.49 0 0
134 192 46 1540.71 0 0
137 195 46 1544.94 0 0
137 198 46 1549.16 0 0
137 196 46 1553.37 0 0
131 191 45 1557.6 0 0
132 191 45 1561.95 0 0
132 192 45 1566.15 0 0
139 196 45 1570.37 0 0
132 193 45 1574.58 0 0
131 188 45 1578.83 0 0
135 189 45 1583.07 0 0
135 189 45 1587.27 0 0
134 183 45 1591.47 0 0
130 184 45 1595.67 0 0
132 186 45 1599.9 0 0
137 190 45 1604.12 0 0
131 187 45 1608.35 0 0
134 187 45 1612.56 0 0
135 191 45 1616.77 0 0
128 186 45 1620.97 0 0
133 184 45 1625.17 0 0
128 180 45 1629.38 0 0
135 187 45 1633.59 0 0
134 189 45 1637.8 0 0
131 186 45 1642.03 0 0
135 190 45 1646.36 0 0
132 190 45 1650.57 0 0
130 187 45 1654.77 0 0
134 187 45 1658.97 0 0
132 188 44 1663.19 0 0
129 184 45 1667.42 0 0
133 192 45 1671.66 0 0
133 187 45 1675.89 0 0
130 188 45 1680.09 0 0
133 189 45 1684.29 0 0
133 181 45 1688.49 0 0
132 176 44 1692.7 0 0
129 149 45 1696.9 0 0
129 139 45 1701.15 0 0
127 129 45 1705.38 0 0
129 121 45 1709.63 0 0
127 119 45 1713.86 0 0
127 111 45 1718.06 0 0
129 101 45 1722.27 0 0
130 84 45 1726.48 0 0
129 74 45 1730.72 0 0
127 74 45 1734.94 0 0
130 72 45 1739.15 0 0
130 74 45 1743.35 0 0
128 75 45 1747.55 0 0
129 71 45 1751.77 0 0
129 73 45 1756 0 0
129 68 45 1760.21 0 0
127 68 45 1764.42 0 0
129 66 45 1768.65 0 0
126 65 45 1772.86 0 0
131 65 44 1777.07 0 0
126 72 45 1781.27 0 0
131 65 45 1785.48 0 0
128 72 45 1789.69 0 0
131 68 44 1793.93 0 0
128 69 45 1798.15 0 0
130 66 45 1802.36 0 0
127 69 45 1806.56 0 0
129 63 45 1810.76 0 0
127 66 45 1814.96 0 0
130 65 45 1821.97 0 0
128 68 45 1826.2 0 0
130 65 44 1830.43 0 0
130 67 45 1834.64 0 0
127 72 45 1838.84 0 0
130 64 44 1843.04 0 0
129 67 45 1847.26 0 0
129 74 45 1851.47 0 0
131 67 45 1855.72 0 0
132 69 45 1859.94 0 0
129 73 45 1864.22 0 0
131 69 45 1868.43 0 0
131 74 45 1872.63 0 0
129 68 45 1876.83 0 0
130 74 44 1881.03 0 0
128 70 44 1885.25 0 0
129 70 45 1889.46 0 0
128 71 45 1893.69 0 0
133 74 45 1897.92 0 0
126 77 44 1902.13 0 0
131 75 45 1906.34 0 0
129 79 45 1910.57 0 0
130 81 45 1914.78 0 0
130 80 45 1921.65 0 0
134 80 45 1925.89 0 0
128 79 45 1930.12 0 0
129 74 45 1934.34 0 0
132 80 45 1938.55 0 0
129 77 45 1942.77 0 0
130 77 45 1946.98 0 0
133 84 45 1951.2 0 0
131 80 45 1955.4 0 0
131 76 45 1959.69 0 0
133 84 45 1963.92 0 0
130 84 45 1968.12 0 0
133 81 45 1972.34 0 0
130 86 45 1976.57 0 0
130 84 45 1980.81 0 0
130 79 45 1985.03 0 0
130 86 45 1989.24 0 0
131 82 45 1993.44 0 0
131 81 45 1997.64 0 0
130 82 45 2001.85 0 0
129 81 45 2006.06 0 0
132 81 45 2010.26 0 0
127 81 45 2014.51 0 0
132 84 45 2018.73 0 0
132 81 45 2022.94 0 0
134 84 45 2027.15 0 0
135 82 45 2031.38 0 0
132 84 45 2038.27 0 0
134 82 45 2042.51 0 0
132 84 45 2046.73 0 0
127 84 45 2050.94 0 0
129 81 45 2055.16 0 0
127 86 45 2059.37 0 0
133 82 45 2063.57 0 0
129 84 45 2067.79 0 0
130 80 45 2072.01 0 0
131 85 45 2076.22 0 0
133 79 45 2080.45 0 0
129 80 45 2084.67 0 0
133 84 45 2088.89 0 0
132 83 45 2093.09 0 0
128 86 45 2097.33 0 0
132 84 45 2101.54 0 0
133 83 45 2105.79 0 0
129 81 45 2110.01 0 0
131 80 45 2114.22 0 0
134 83 45 2118.42 0 0
130 80 45 2122.64 0 0
130 79 45 2126.84 0 0
131 78 45 2131.07 0 0
130 81 45 2135.29 0 0
130 81 45 2139.5 0 0
130 74 45 2144.14 0 0
130 77 45 2148.36 0 0
134 74 45 2152.56 0 0
128 74 45 2156.77 0 0
130 74 45 2160.99 0 0
130 74 45 2165.21 0 0
132 73 45 2169.44 0 0
128 73 46 2173.65 0 0
133 73 46 2177.86 0 0
129 76 46 2182.06 0 0
133 74 46 2186.27 0 0
134 77 46 2190.48 0 0
130 73 46 2194.68 0 0
131 74 46 2198.88 0 0
132 76 46 2203.1 0 0
132 75 46 2207.33 0 0
130 72 46 2211.58 0 0
130 76 46 2215.81 0 0
130 75 46 2220.02 0 0
132 77 46 2224.24 0 0
132 77 46 2228.45 0 0
130 74 46 2232.72 0 0
131 76 46 2236.93 0 0
130 77 46 2241.14 0 0
133 76 46 2245.34 0 0
129 78 46 2249.54 0 0
130 75 46 2253.75 0 0
130 76 46 2257.98 0 0
131 78 46 2262.2 0 0
131 76 46 2266.44 0 0
129 77 46 2270.67 0 0
132 74 47 2274.87 0 0
128 78 46 2279.07 0 0
130 78 46 2283.27 0 0
125 78 46 2287.49 0 0
133 80 46 2291.7 0 0
134 80 47 2295.92 0 0
131 76 46 2300.13 0 0
131 81 46 2304.34 0 0
128 76 47 2308.54 0 0
131 75 47 2312.74 0 0
129 77 46 2316.95 0 0
131 76 47 2321.16 0 0
129 79 47 2325.38 0 0
130 76 47 2329.61 0 0
130 79 47 2333.83 0 0
132 79 47 2338.04 0 0
133 77 47 2342.24 0 0
131 79 47 2346.44 0 0
131 76 47 2350.66 0 0
130 78 47 2354.89 0 0
129 79 47 2359.11 0 0
129 75 47 2363.33 0 0
130 78 47 2367.54 0 0
128 76 47 2371.74 0 0
129 76 47 2375.94 0 0
130 77 47 2380.15 0 0
129 79 47 2384.35 0 0
128 73 47 2388.57 0 0
131 81 48 2392.8 0 0
130 74 47 2397.06 0 0
129 78 47 2401.27 0 0
128 75 47 2405.48 0 0
129 81 48 2409.69 0 0
128 76 47 2413.9 0 0
131 80 48 2418.13 0 0
130 77 47 2422.35 0 0
130 75 47 2426.56 0 0
129 77 47 2430.76 0 0
128 79 47 2434.96 0 0
131 81 48 2439.17 0 0
131 73 47 2443.44 0 0
129 79 47 2447.68 0 0
129 83 48 2454.6 0 0
128 81 48 2458.87 0 0
131 82 48 2463.12 0 0
131 83 48 2467.32 0 0
129 74 47 2471.52 0 0
130 81 48 2475.75 0 0
129 83 47 2479.97 0 0
128 89 47 2484.21 0 0
120 104 47 2488.42 0 0
113 112 47 2492.62 0 0
105 124 47 2496.83 0 0
103 135 47 2501.03 0 0
100 146 47 2505.24 0 0
99 154 47 2509.46 0 0
96 164 47 2513.67 0 0
94 168 46 2517.89 0 0
93 183 47 2522.1 0 0
88 194 47 2526.3 0 0
85 203 46 2530.96 0 0
83 199 46 2535.17 0 0
85 195 46 2542 0 0
87 196 46 2546.22 0 0
84 200 46 2550.43 0 0
82 206 46 2554.63 0 0
85 204 46 2558.83 0 0
86 205 45 2563.04 0 0
88 205 46 2567.26 0 0
84 203 46 2571.47 0 0
85 203 46 2575.68 0 0
87 202 46 2579.9 0 0
84 200 46 2584.12 0 0
86 199 46 2588.33 0 0
83 203 46 2592.53 0 0
88 201 46 2596.73 0 0
86 202 46 2600.95 0 0
87 205 46 2605.18 0 0
84 201 46 2609.4 0 0
84 200 46 2613.61 0 0
84 202 46 2617.83 0 0
86 201 46 2622.03 0 0
84 200 46 2626.24 0 0
86 201 46 2630.44 0 0
87 197 46 2634.67 0 0
86 203 46 2638.88 0 0
83 194 46 2643.11 0 0
85 197 46 2647.34 0 0
85 202 46 2651.54 0 0
86 203 47 2658.63 0 0
80 200 46 2662.84 0 0
84 201 46 2667.05 0 0
90 204 46 2671.28 0 0
86 196 46 2675.49 0 0
83 206 46 2679.69 0 0
86 202 46 2683.89 0 0
87 204 46 2688.09 0 0
85 199 46 2692.31 0 0
86 202 46 2696.56 0 0
86 204 46 2700.77 0 0
89 200 46 2704.98 0 0
86 204 46 2709.25 0 0
88 202 46 2713.48 0 0
86 202 46 2717.68 0 0
90 199 46 2721.88 0 0
87 200 46 2726.09 0 0
88 204 46 2730.33 0 0
86 200 46 2734.55 0 0
84 207 46 2738.76 0 0
78 209 46 2742.96 0 0
83 219 46 2747.16 0 0
79 217 46 2751.36 0 0
80 210 46 2755.58 0 0
78 207 46 2759.79 0 0
78 207 46 2764.01 0 0
79 209 46 2768.99 0 0
79 216 46 2773.21 0 0
82 213 46 2777.42 0 0
78 214 46 2781.62 0 0
79 212 46 2785.84 0 0
80 207 46 2790.06 0 0
78 208 46 2794.29 0 0
78 210 46 2798.5 0 0
78 215 46 2802.71 0 0
77 207 46 2806.91 0 0
79 211 46 2811.12 0 0
82 208 46 2815.33 0 0
80 209 46 2819.56 0 0
81 206 46 2823.76 0 0
83 204 46 2828 0 0
80 207 46 2832.22 0 0
79 208 46 2836.43 0 0
80 215 46 2840.63 0 0
78 215 46 2844.84 0 0
84 213 46 2849.05 0 0
80 212 46 2853.27 0 0
84 208 46 2857.49 0 0
81 208 46 2861.7 0 0
80 206 46 2865.91 0 0
81 205 46 2870.11 0 0
79 206 46 2874.32 0 0
80 206 46 2878.54 0 0
83 211 46 2882.75 0 0
80 214 46 2886.97 0 0
82 216 46 2891.19 0 0
80 214 46 2895.42 0 0
82 216 46 2899.63 0 0
82 215 46 2903.83 0 0
78 217 46 2908.03 0 0
83 213 46 2912.25 0 0
80 205 46 2916.48 0 0
81 211 46 2920.7 0 0
78 206 46 2924.95 0 0
81 206 46 2929.15 0 0
81 206 46 2933.39 0 0
81 209 46 2937.6 0 0
80 208 46 2941.83 0 0
80 206 46 2946.05 0 0
82 209 46 2950.26 0 0
81 206 46 2954.47 0 0
79 208 46 2958.73 0 0
81 210 46 2962.95 0 0
79 213 46 2967.16 0 0
80 217 46 2971.36 0 0
75 218 46 2975.58 0 0
80 217 46 2979.79 0 0
79 210 46 2984.65 0 0
79 214 46 2988.86 0 0
80 212 46 2993.06 0 0
82 215 46 2997.26 0 0
80 212 46 3001.47 0 0
78 216 46 3005.68 0 0
81 213 46 3009.9 0 0
79 213 47 3014.11 0 0
81 209 46 3018.35 0 0
80 211 46 3022.56 0 0
79 214 46 3026.76 0 0
81 213 46 3030.96 0 0
80 208 46 3035.17 0 0
81 209 46 3039.38 0 0
80 214 46 3043.63 0 0
78 215 46 3047.87 0 0
83 205 46 3052.08 0 0
82 205 46 3056.29 0 0
80 209 46 3060.49 0 0
78 213 46 3064.69 0 0
82 213 46 3068.91 0 0
78 208 46 3073.12 0 0
83 208 46 3077.35 0 0
82 204 46 3081.59 0 0
80 208 47 3085.81 0 0
81 209 46 3090.01 0 0
81 208 46 3094.21 0 0
84 206 46 3098.42 0 0
81 207 46 3102.65 0 0
83 210 46 3106.88 0 0
78 211 46 3111.1 0 0
82 212 46 3115.31 0 0
81 210 46 3119.52 0 0
83 215 47 3123.72 0 0
78 207 46 3127.92 0 0
84 205 46 3132.13 0 0
79 207 46 3136.35 0 0
82 211 46 3140.58 0 0
81 206 46 3144.81 0 0
83 208 46 3149.03 0 0
83 203 46 3153.24 0 0
80 205 46 3157.44 0 0
82 209 46 3161.65 0 0
81 206 46 3165.86 0 0
81 206 46 3170.09 0 0
82 207 46 3174.3 0 0
82 204 46 3178.51 0 0
81 209 46 3182.71 0 0
79 208 46 3186.91 0 0
81 208 46 3191.11 0 0
78 213 46 3195.31 0 0
81 210 47 3199.72 0 0
86 206 46 3203.93 0 0
94 200 47 3208.16 0 0
105 190 47 3212.38 0 0
109 196 47 3216.58 0 0
118 188 47 3220.79 0 0
120 187 47 3225.02 0 0
122 187 47 3229.23 0 0
120 184 47 3233.45 0 0
122 184 47 3237.67 0 0
122 183 47 3241.88 0 0
126 180 47 3246.08 0 0
125 178 47 3250.29 0 0
129 178 47 3254.5 0 0
128 177 47 3258.71 0 0
126 178 47 3262.93 0 0
125 178 47 3267.18 0 0
124 177 47 3271.4 0 0
120 175 47 3275.6 0 0
125 181 47 3279.8 0 0
126 179 47 3284 0 0
125 177 47 3288.22 0 0
126 179 47 3292.44 0 0
123 180 47 3296.68 0 0
125 190 47 3300.89 0 0
121 180 47 3305.09 0 0
123 188 47 3309.29 0 0
122 187 47 3313.49 0 0
125 181 47 3317.71 0 0
126 175 47 3321.94 0 0
123 177 47 3326.16 0 0
123 181 47 3330.38 0 0
128 177 47 3334.59 0 0
122 180 46 3338.79 0 0
128 177 47 3342.99 0 0
124 180 47 3347.2 0 0
123 181 47 3351.41 0 0
124 187 47 3355.65 0 0
125 189 47 3359.88 0 0
125 188 47 3364.09 0 0
124 186 47 3368.29 0 0
126 177 47 3372.49 0 0
132 177 47 3376.69 0 0
134 173 47 3380.9 0 0
136 188 47 3385.12 0 0
128 184 47 3389.34 0 0
134 189 47 3393.58 0 0
130 178 47 3397.81 0 0
133 179 47 3402.02 0 0
134 177 47 3406.22 0 0
133 175 47 3410.44 0 0
133 178 47 3414.65 0 0
131 176 47 3418.9 0 0
133 181 47 3423.12 0 0
131 177 47 3427.33 0 0
134 183 47 3431.53 0 0
132 177 47 3435.73 0 0
133 184 47 3439.93 0 0
132 182 47 3444.38 0 0
133 178 47 3448.59 0 0
134 180 47 3452.8 0 0
131 177 47 3457.04 0 0
137 179 47 3461.27 0 0
135 178 47 3465.48 0 0
133 182 47 3469.69 0 0
129 181 47 3473.91 0 0
133 182 47 3478.12 0 0
132 182 47 3482.36 0 0
129 177 47 3486.57 0 0
132 174 47 3490.78 0 0
126 164 47 3494.98 0 0
125 160 47 3499.41 0 0
119 152 47 3503.63 0 0
120 147 47 3507.86 0 0
123 146 47 3512.08 0 0
123 150 47 3516.32 0 0
126 150 47 3520.54 0 0
123 146 47 3524.74 0 0
122 149 47 3528.94 0 0
123 152 47 3533.14 0 0
123 146 47 3537.36 0 0
123 145 47 3541.57 0 0
124 142 47 3545.82 0 0
124 146 47 3550.02 0 0
124 143 47 3554.24 0 0
122 144 47 3558.43 0 0
123 144 47 3562.64 0 0
121 145 47 3566.84 0 0
127 147 47 3571.06 0 0
123 143 47 3575.27 0 0
122 148 46 3579.52 0 0
125 148 47 3583.74 0 0
124 144 47 3587.94 0 0
124 147 47 3592.14 0 0
123 144 47 3596.35 0 0
123 140 47 3600.57 0 0
119 128 47 3604.81 0 0
104 133 48 3609.03 0 0
101 100 48 3616.16 0 0
99 94 48 3620.37 0 0
94 76 48 3624.57 0 0
91 62 48 3628.78 0 0
87 52 48 3632.99 0 0
85 47 47 3637.21 0 0
84 37 47 3641.43 0 0
81 33 47 3645.65 0 0
81 29 48 3649.88 0 0
83 29 48 3654.08 0 0
84 27 48 3658.29 0 0
84 28 48 3662.5 0 0
82 27 48 3666.73 0 0
81 30 48 3670.95 0 0
84 24 48 3675.16 0 0
83 27 48 3679.37 0 0
82 26 48 3683.57 0 0
83 27 48 3687.77 0 0
83 26 48 3692.2 0 0
84 29 48 3696.4 0 0
85 28 48 3700.61 0 0
82 28 48 3704.83 0 0
82 32 48 3711.84 0 0
83 33 48 3716.05 0 0
83 32 48 3720.26 0 0
83 34 48 3724.48 0 0
84 35 48 3728.69 0 0
84 30 48 3732.93 0 0
82 35 48 3737.15 0 0
83 32 48 3741.36 0 0
84 33 48 3745.56 0 0
82 32 48 3749.76 0 0
84 35 48 3753.96 0 0
84 34 48 3758.18 0 0
85 34 48 3762.4 0 0
84 35 48 3766.64 0 0
84 34 49 3770.86 0 0
84 31 48 3775.07 0 0
81 33 48 3779.26 0 0
84 32 49 3783.47 0 0
84 32 48 3787.68 0 0
85 32 49 3791.9 0 0
88 32 48 3796.13 0 0
83 34 48 3800.35 0 0
83 33 48 3804.56 0 0
85 34 48 3811.72 0 0
85 33 49 3819.97 0 0
84 34 49 3828.45 0 0
84 31 48 3836.71 0 0
84 38 49 3844.95 0 0
84 32 48 3853.44 0 0
83 33 48 3861.69 0 0
86 33 48 3869.93 0 0
83 34 49 3878.17 0 0
83 34 49 3886.66 0 0
82 33 48 3894.05 0 0
82 34 49 3898.28 0 0
86 34 49 3903.37 0 0
83 36 49 3907.58 0 0
82 32 48 3911.79 0 0
83 29 48 3916.01 0 0
84 32 49 3920.22 0 0
86 31 49 3924.43 0 0
83 33 48 3928.64 0 0
83 31 48 3932.84 0 0
83 33 48 3937.04 0 0
81 33 48 3941.25 0 0
83 30 49 3945.46 0 0
85 31 48 3949.68 0 0
84 32 49 3953.89 0 0
83 30 48 3958.5 0 0
85 30 48 3962.75 0 0
83 31 49 3966.96 0 0
84 31 48 3971.16 0 0
82 32 48 3975.4 0 0
85 35 48 3982.32 0 0
84 26 48 3986.57 0 0
83 33 48 3990.78 0 0
82 34 48 3995.02 0 0
84 33 49 3999.22 0 0
84 31 49 4003.43 0 0
82 32 49 4007.64 0 0
81 30 48 4011.86 0 0
84 34 48 4016.09 0 0
83 32 48 4020.32 0 0
85 28 48 4024.52 0 0
84 31 48 4028.73 0 0
85 31 48 4032.93 0 0
83 26 48 4037.15 0 0
85 34 48 4041.36 0 0
83 31 48 4045.58 0 0
83 33 48 4049.79 0 0
84 36 48 4054.01 0 0
83 32 48 4058.21 0 0
84 33 48 4062.46 0 0
82 33 48 4066.67 0 0
84 31 48 4070.89 0 0
85 35 48 4075.11 0 0
81 34 48 4079.34 0 0
83 33 48 4086.46 0 0
83 36 48 4094.92 0 0
81 25 49 4103.17 0 0
79 29 49 4111.21 0 0
81 28 48 4127.93 0 0
81 28 48 4136.41 0 0
80 28 48 4144.04 0 0
80 29 49 4148.26 0 0
81 26 49 4153.11 0 0
81 30 48 4157.31 0 0
84 25 49 4161.53 0 0
80 29 48 4165.75 0 0
80 29 49 4169.98 0 0
80 31 49 4174.2 0 0
81 32 48 4178.41 0 0
83 29 48 4182.62 0 0
81 30 49 4186.82 0 0
83 29 49 4191.03 0 0
79 29 49 4195.23 0 0
81 29 49 4199.44 0 0
80 27 49 4207.9 0 0
81 30 49 4216.32 0 0
81 29 49 4220.52 0 0
80 30 49 4228.96 0 0
81 33 49 4237.41 0 0
80 27 49 4241.61 0 0
82 31 49 4245.81 0 0
81 33 49 4250.01 0 0
80 29 49 4254.22 0 0
80 29 49 4261.29 0 0
81 33 49 4269.02 0 0
81 33 49 4277.99 0 0
81 31 49 4282.2 0 0
82 29 49 4286.44 0 0
80 31 49 4290.65 0 0
82 30 49 4294.89 0 0
81 32 49 4299.1 0 0
80 30 49 4303.31 0 0
81 34 49 4315.91 0 0
81 34 49 4320.12 0 0
83 27 49 4324.33 0 0
81 31 49 4328.57 0 0
81 29 49 4332.8 0 0
81 31 49 4337.01 0 0
80 29 49 4345.41 0 0
82 27 49 4349.63 0 0
82 32 49 4353.84 0 0
81 33 49 4358.06 0 0
81 36 49 4362.27 0 0
80 33 49 4366.48 0 0
81 36 49 4370.68 0 0
79 30 49 4374.88 0 0
80 34 50 4379.08 0 0
80 34 50 4386.15 0 0
81 33 49 4394.08 0 0
81 30 49 4402.88 0 0
79 31 50 4407.08 0 0
80 36 49 4411.29 0 0
81 33 49 4415.52 0 0
83 32 49 4419.76 0 0
82 30 49 4423.98 0 0
80 31 49 4428.19 0 0
78 30 49 4436.59 0 0
72 35 49 4440.79 0 0
66 44 49 4445.06 0 0
61 47 49 4449.27 0 0
54 46 49 4453.48 0 0
48 49 49 4457.71 0 0
44 50 48 4461.95 0 0
41 56 48 4466.16 0 0
38 56 48 4470.37 0 0
37 51 48 4474.59 0 0
36 53 48 4478.82 0 0
37 56 48 4483.05 0 0
35 54 47 4487.27 0 0
36 59 48 4491.48 0 0
33 61 48 4495.68 0 0
35 59 48 4502.77 0 0
36 55 48 4506.99 0 0
40 55 48 4511.2 0 0
34 59 48 4515.44 0 0
38 53 47 4519.67 0 0
37 55 48 4523.89 0 0
36 54 48 4528.09 0 0
36 55 48 4532.29 0 0
35 57 48 4536.52 0 0
36 56 48 4540.73 0 0
35 55 48 4544.97 0 0
37 56 48 4549.17 0 0
37 54 48 4553.38 0 0
37 55 48 4557.6 0 0
37 54 48 4561.81 0 0
36 55 48 4566.01 0 0
37 56 48 4570.22 0 0
36 55 48 4574.44 0 0
38 56 48 4578.67 0 0
36 54 48 4582.88 0 0
37 55 48 4587.08 0 0
36 57 48 4591.29 0 0
36 54 48 4595.49 0 0
34 57 48 4599.7 0 0
38 56 48 4603.91 0 0
38 56 48 4608.14 0 0
35 56 48 4612.74 0 0
37 56 48 4616.96 0 0
37 54 48 4621.16 0 0
37 56 48 4625.36 0 0
39 55 48 4629.58 0 0
35 57 48 4633.79 0 0
36 56 48 4638 0 0
38 55 48 4642.24 0 0
33 60 48 4646.46 0 0
33 55 48 4650.67 0 0
36 60 48 4654.87 0 0
35 56 48 4659.07 0 0
39 53 48 4663.29 0 0
34 59 48 4667.51 0 0
34 57 48 4671.74 0 0
38 55 48 4675.95 0 0
41 51 48 4680.15 0 0
49 45 48 4684.35 0 0
58 39 48 4688.56 0 0
68 40 49 4692.83 0 0
77 42 49 4697.03 0 0
81 44 49 4701.24 0 0
84 41 49 4705.45 0 0
86 39 49 4709.69 0 0
84 35 50 4713.91 0 0
90 34 49 4735.14 0 0
87 35 49 4739.35 0 0
88 36 49 4743.55 0 0
86 35 49 4747.75 0 0
88 34 49 4751.95 0 0
87 35 49 4756.19 0 0
87 34 49 4760.4 0 0
88 32 49 4764.62 0 0
90 34 49 4768.86 0 0
84 33 49 4773.07 0 0
89 36 49 4777.27 0 0
86 35 49 4781.47 0 0
87 31 49 4785.69 0 0
87 33 49 4789.92 0 0
84 35 49 4794.18 0 0
88 38 49 4798.4 0 0
87 36 49 4802.6 0 0
87 36 49 4806.81 0 0
88 34 49 4811.01 0 0
88 33 49 4815.21 0 0
86 34 49 4819.42 0 0
86 36 49 4823.64 0 0
85 35 49 4827.88 0 0
88 35 49 4832.11 0 0
88 34 49 4836.32 0 0
87 36 49 4840.52 0 0
86 35 49 4844.72 0 0
86 35 49 4848.95 0 0
86 36 49 4853.16 0 0
88 35 49 4857.39 0 0
87 35 49 4861.6 0 0
83 35 49 4865.81 0 0
87 31 49 4870.01 0 0
86 38 49 4874.21 0 0
87 37 50 4878.42 0 0
88 35 49 4886.87 0 0
87 35 49 4891.09 0 0
87 34 49 4895.33 0 0
87 35 49 4899.54 0 0
85 34 49 4903.74 0 0
89 36 49 4907.94 0 0
87 35 49 4912.15 0 0
85 35 49 4916.37 0 0
85 37 49 4923.34 0 0
88 37 49 4927.56 0 0
85 35 49 4931.76 0 0
85 35 49 4935.96 0 0
87 36 49 4940.16 0 0
88 34 49 4944.37 0 0
86 37 49 4948.58 0 0
87 37 49 4952.82 0 0
87 35 49 4957.04 0 0
88 36 49 4961.27 0 0
85 37 49 4965.47 0 0
84 37 49 4969.67 0 0
87 36 49 4973.89 0 0
88 33 49 4978.11 0 0
85 34 49 4982.35 0 0
87 36 49 4986.58 0 0
85 37 50 4995 0 0
86 35 49 4999.36 0 0
87 35 49 5003.57 0 0
86 36 49 5007.79 0 0
86 35 49 5012 0 0
84 35 49 5016.24 0 0
84 33 49 5023.01 0 0
88 31 49 5027.24 0 0
88 40 49 5031.45 0 0
85 38 49 5035.65 0 0
84 31 49 5039.86 0 0
87 31 49 5048.34 0 0
88 29 49 5052.54 0 0
87 33 49 5056.75 0 0
85 34 49 5060.95 0 0
85 36 49 5065.15 0 0
87 35 49 5069.36 0 0
88 35 49 5073.57 0 0
87 36 49 5077.82 0 0
85 35 49 5082.04 0 0
87 35 49 5086.25 0 0
85 37 49 5090.45 0 0
84 37 49 5094.65 0 0
86 38 49 5098.86 0 0
86 36 49 5103.07 0 0
86 38 49 5107.31 0 0
86 38 49 5111.53 0 0
84 36 49 5115.74 0 0
85 33 50 5119.95 0 0
85 36 49 5124.17 0 0
85 35 49 5128.38 0 0
86 41 49 5132.6 0 0
86 34 49 5136.81 0 0
88 38 49 5141.06 0 0
87 33 49 5148.12 0 0
86 40 49 5152.34 0 0
84 35 49 5156.54 0 0
86 36 49 5160.76 0 0
85 37 49 5164.97 0 0
86 38 49 5169.21 0 0
85 39 49 5173.43 0 0
85 37 49 5177.65 0 0
83 36 49 5181.85 0 0
86 35 49 5186.06 0 0
85 36 49 5190.25 0 0
86 33 49 5194.46 0 0
87 36 50 5198.67 0 0
87 36 49 5202.88 0 0
84 38 49 5207.1 0 0
86 36 49 5211.32 0 0
86 33 49 5215.53 0 0
86 38 49 5219.73 0 0
83 36 49 5223.95 0 0
85 36 49 5228.18 0 0
85 35 49 5232.41 0 0
92 36 50 5236.63 0 0
99 33 50 5240.84 0 0
118 28 50 5245.04 0 0
126 35 49 5251.8 0 0
134 36 49 5256.06 0 0
141 36 49 5260.29 0 0
153 40 49 5264.53 0 0
158 36 49 5268.81 0 0
167 43 48 5273.03 0 0
171 47 48 5277.23 0 0
171 47 47 5281.43 0 0
180 50 47 5285.63 0 0
178 51 47 5289.85 0 0
176 54 47 5294.09 0 0
176 54 47 5298.31 0 0
178 55 47 5302.52 0 0
178 52 47 5306.73 0 0
179 53 47 5310.93 0 0
180 50 47 5315.13 0 0
180 50 0 5319.34 0 0
177 48 47 5323.55 0 0
180 52 47 5327.79 0 0
176 49 47 5332.03 0 0
180 48 47 5336.24 0 0
178 50 47 5340.44 0 0
175 52 47 5344.64 0 0
178 48 47 5348.86 0 0
180 50 47 5353.07 0 0
180 50 47 5357.3 0 0
176 48 47 5362.73 0 0
178 50 47 5366.94 0 0
180 51 47 5371.17 0 0
180 50 47 5375.38 0 0
180 50 47 5379.59 0 0
179 52 47 5383.85 0 0
178 50 47 5388.06 0 0
174 50 47 5392.31 0 0
179 52 48 5396.55 0 0
179 51 47 5400.76 0 0
179 50 48 5404.96 0 0
176 52 47 5409.17 0 0
181 52 48 5413.38 0 0
179 50 47 5417.62 0 0
177 51 47 5421.86 0 0
178 48 47 5426.07 0 0
177 52 48 5430.27 0 0
179 48 48 5434.47 0 0
178 44 47 5438.68 0 0
178 50 48 5443.08 0 0
180 50 47 5447.28 0 0
175 45 48 5451.49 0 0
179 46 47 5455.71 0 0
180 48 48 5459.98 0 0
177 46 47 5464.19 0 0
181 48 47 5468.39 0 0
176 44 47 5472.6 0 0
179 51 48 5476.84 0 0
180 47 48 5481.11 0 0
179 40 47 5485.34 0 0
182 32 48 5489.56 0 0
185 36 48 5493.76 0 0
183 37 47 5497.96 0 0
181 38 47 5502.16 0 0
183 41 47 5506.38 0 0
181 39 47 5510.59 0 0
183 35 47 5514.83 0 0
186 37 47 5519.07 0 0
186 36 47 5523.27 0 0
183 39 47 5527.47 0 0
185 38 47 5531.67 0 0
182 36 47 5535.88 0 0
181 38 47 5540.1 0 0
184 37 47 5544.33 0 0
184 40 47 5548.55 0 0
183 36 47 5552.76 0 0
182 40 47 5556.97 0 0
182 39 47 5561.17 0 0
184 41 47 5565.37 0 0
183 40 47 5569.59 0 0
185 41 47 5573.8 0 0
184 39 47 5578.05 0 0
184 39 0 5582.27 0 0
185 43 47 5586.48 0 0
186 41 47 5590.68 0 0
184 39 47 5594.88 0 0
185 42 47 5599.09 0 0
185 42 47 5603.31 0 0
182 39 47 5607.53 0 0
183 42 47 5611.75 0 0
183 37 47 5615.96 0 0
185 40 47 5620.17 0 0
184 38 48 5624.37 0 0
183 39 47 5628.57 0 0
182 36 47 5632.8 0 0
183 38 47 5637.01 0 0
184 40 47 5641.26 0 0
183 40 47 5645.5 0 0
185 38 47 5649.7 0 0
184 38 47 5653.9 0 0
182 36 47 5658.1 0 0
184 40 47 5662.31 0 0
184 40 47 5666.52 0 0
183 39 47 5670.76 0 0
183 39 47 5674.98 0 0
184 41 48 5679.2 0 0
185 40 47 5683.41 0 0
186 39 47 5687.61 0 0
183 41 47 5691.82 0 0
184 38 47 5696.04 0 0
184 39 47 5700.26 0 0
186 40 47 5704.47 0 0
183 39 47 5708.77 0 0
182 39 47 5713 0 0
183 38 48 5717.2 0 0
181 38 47 5721.41 0 0
185 37 47 5725.65 0 0
184 38 47 5729.88 0 0
183 43 47 5734.26 0 0
175 57 47 5738.46 0 0
164 68 48 5742.67 0 0
155 79 48 5746.87 0 0
146 93 48 5751.07 0 0
134 99 48 5755.28 0 0
128 110 49 5759.5 0 0
119 120 49 5763.73 0 0
108 123 49 5767.97 0 0
98 134 49 5772.19 0 0
90 143 48 5776.39 0 0
84 145 48 5780.59 0 0
77 154 48 5784.8 0 0
70 162 47 5789.01 0 0
68 171 47 5793.25 0 0
64 181 47 5797.49 0 0
62 186 47 5801.7 0 0
63 183 47 5805.9 0 0
63 181 47 5810.11 0 0
62 176 47 5814.31 0 0
60 183 47 5818.52 0 0
59 189 47 5822.75 0 0
58 195 47 5826.99 0 0
58 185 47 5831.23 0 0
60 196 47 5835.44 0 0
59 180 47 5839.64 0 0
61 187 47 5843.84 0 0
56 183 47 5848.04 0 0
60 184 47 5852.26 0 0
62 183 47 5856.5 0 0
60 184 47 5860.72 0 0
59 181 47 5864.93 0 0
57 175 47 5869.13 0 0
60 176 47 5873.33 0 0
61 180 47 5877.53 0 0
57 181 47 5881.84 0 0
58 183 47 5886.06 0 0
58 181 47 5890.28 0 0
57 180 46 5894.5 0 0
58 180 47 5898.72 0 0
57 178 47 5902.92 0 0
58 181 47 5907.12 0 0
60 182 47 5911.34 0 0
58 179 47 5915.56 0 0
57 181 47 5919.8 0 0
57 178 47 5924.02 0 0
57 178 47 5928.23 0 0
53 179 47 5932.43 0 0
52 183 48 5936.63 0 0
40 166 48 5941.05 0 0
39 159 48 5945.26 0 0
40 155 48 5949.47 0 0
39 163 48 5953.68 0 0
41 167 47 5957.93 0 0
43 167 47 5962.16 0 0
42 167 47 5966.37 0 0
42 166 47 5970.57 0 0
41 167 47 5974.8 0 0
37 166 47 5979.01 0 0
34 164 47 5983.24 0 0
40 161 47 5987.45 0 0
41 154 47 5991.65 0 0
40 150 48 5995.85 0 0
40 155 47 6000.06 0 0
39 158 47 6004.27 0 0
37 162 47 6008.48 0 0
41 162 47 6012.69 0 0
40 160 47 6016.92 0 0
42 163 47 6021.15 0 0
39 163 47 6025.36 0 0
39 162 47 6029.56 0 0
39 168 47 6033.77 0 0
39 162 47 6037.99 0 0
39 165 47 6042.21 0 0
38 168 47 6046.48 0 0
38 163 47 6050.71 0 0
40 168 47 6054.91 0 0
40 165 47 6059.12 0 0
42 166 47 6063.33 0 0
37 165 47 6067.56 0 0
39 166 47 6071.78 0 0
40 163 47 6076 0 0
39 164 47 6080.3 0 0
39 166 47 6084.51 0 0
40 161 47 6088.71 0 0
41 165 47 6092.93 0 0
39 165 47 6097.14 0 0
38 164 47 6101.35 0 0
41 165 47 6105.59 0 0
38 165 47 6109.81 0 0
41 165 47 6114.02 0 0
41 167 47 6118.23 0 0
38 165 47 6122.43 0 0
37 162 47 6126.63 0 0
39 164 47 6131.08 0 0
39 167 47 6135.29 0 0
40 163 47 6139.52 0 0
36 162 47 6143.73 0 0
39 164 47 6147.95 0 0
39 162 47 6152.15 0 0
40 164 47 6156.35 0 0
42 152 47 6160.56 0 0
41 153 47 6164.77 0 0
37 159 47 6169.02 0 0
41 159 47 6173.25 0 0
38 158 47 6177.47 0 0
39 162 47 6181.67 0 0
40 158 47 6185.87 0 0
38 157 47 6190.07 0 0
40 163 47 6194.28 0 0
36 157 47 6198.49 0 0
38 162 47 6202.7 0 0
39 161 46 6206.95 0 0
37 155 47 6211.17 0 0
36 158 47 6215.37 0 0
38 156 47 6219.57 0 0
41 158 47 6223.79 0 0
38 157 46 6228.01 0 0
38 155 47 6232.26 0 0
36 166 46 6236.47 0 0
37 158 47 6240.68 0 0
41 158 46 6244.88 0 0
41 158 47 6249.09 0 0
39 158 47 6253.29 0 0
39 156 46 6257.5 0 0
40 159 47 6261.72 0 0
39 157 46 6265.96 0 0
36 156 46 6270.19 0 0
38 155 46 6274.39 0 0
38 156 46 6278.59 0 0
38 156 46 6282.79 0 0
38 158 46 6287.01 0 0
39 159 47 6291.22 0 0
37 145 47 6295.45 0 0
30 136 47 6299.67 0 0
29 122 47 6303.88 0 0
26 118 48 6308.08 0 0
25 102 47 6312.28 0 0
26 90 47 6316.5 0 0
24 84 47 6320.71 0 0
27 68 46 6324.93 0 0
31 66 45 6329.16 0 0
32 62 45 6333.38 0 0
32 60 45 6337.58 0 0
30 55 45 6341.78 0 0
26 57 46 6345.98 0 0
30 58 46 6350.2 0 0
29 56 47 6354.44 0 0
33 55 47 6358.66 0 0
34 52 47 6362.88 0 0
30 53 47 6367.09 0 0
32 52 47 6371.29 0 0
30 53 47 6375.49 0 0
28 55 46 6379.69 0 0
32 57 46 6383.92 0 0
30 54 46 6388.13 0 0
31 55 46 6392.36 0 0
31 54 46 6396.57 0 0
30 52 46 6400.77 0 0
29 54 46 6404.98 0 0
29 54 46 6409.17 0 0
31 51 46 6413.42 0 0
31 50 47 6417.67 0 0
30 51 47 6421.9 0 0
30 54 46 6426.11 0 0
31 53 47 6430.31 0 0
32 53 47 6434.51 0 0
31 55 46 6438.71 0 0
32 50 47 6442.92 0 0
32 52 46 6447.15 0 0
32 52 47 6451.38 0 0
30 54 46 6455.59 0 0
28 51 46 6459.91 0 0
32 53 47 6464.13 0 0
31 53 46 6468.33 0 0
32 54 47 6472.54 0 0
30 52 47 6476.75 0 0
29 54 46 6481 0 0
29 52 47 6485.23 0 0
29 54 47 6489.44 0 0
32 52 47 6493.64 0 0
31 53 46 6497.84 0 0
31 55 47 6502.04 0 0
29 55 47 6506.27 0 0
31 52 47 6510.48 0 0
33 55 46 6514.71 0 0
30 56 47 6519.05 0 0
29 55 46 6523.27 0 0
32 54 47 6527.48 0 0
28 54 46 6531.68 0 0
32 56 47 6535.9 0 0
33 52 47 6540.11 0 0
31 51 47 6544.34 0 0
31 54 47 6548.57 0 0
31 52 46 6552.77 0 0
30 53 47 6556.97 0 0
32 54 47 6561.18 0 0
32 53 47 6565.39 0 0
29 53 46 6569.61 0 0
30 54 47 6573.82 0 0
31 51 47 6578.06 0 0
30 53 47 6582.33 0 0
31 53 47 6586.54 0 0
32 51 47 6590.74 0 0
31 54 46 6594.95 0 0
29 52 47 6599.16 0 0
32 54 47 6603.39 0 0
30 54 46 6607.62 0 0
30 52 47 6611.83 0 0
33 53 47 6616.04 0 0
33 55 47 6620.24 0 0
30 54 47 6624.44 0 0
32 56 46 6628.65 0 0
30 57 47 6632.86 0 0
30 53 47 6637.07 0 0
31 55 46 6641.3 0 0
31 52 47 6645.53 0 0
33 53 46 6649.74 0 0
29 53 46 6653.96 0 0
32 52 47 6658.16 0 0
31 51 46 6662.39 0 0
30 52 47 6666.6 0 0
31 53 47 6670.82 0 0
31 53 47 6675.02 0 0
30 52 47 6679.23 0 0
33 51 47 6683.44 0 0
32 54 46 6687.64 0 0
32 54 47 6691.85 0 0
31 54 47 6696.05 0 0
31 51 46 6700.27 0 0
31 51 47 6704.48 0 0
33 54 47 6708.85 0 0
29 52 47 6713.08 0 0
32 53 47 6717.28 0 0
30 58 47 6721.48 0 0
36 68 46 6725.7 0 0
44 79 46 6729.93 0 0
51 95 45 6734.16 0 0
67 111 46 6738.38 0 0
71 119 47 6742.58 0 0
78 132 47 6746.78 0 0
83 143 47 6750.98 0 0
91 153 47 6755.21 0 0
91 163 47 6759.43 0 0
93 175 46 6763.64 0 0
98 183 47 6767.86 0 0
100 193 47 6772.08 0 0
98 200 46 6776.29 0 0
97 197 47 6780.49 0 0
98 201 46 6784.69 0 0
101 208 46 6788.9 0 0
99 203 46 6793.13 0 0
98 207 46 6797.35 0 0
96 205 46 6801.56 0 0
101 208 46 6805.76 0 0
98 209 46 6809.96 0 0
100 208 46 6814.16 0 0
100 206 46 6818.41 0 0
102 204 46 6822.62 0 0
99 208 46 6829.7 0 0
99 206 46 6833.92 0 0
100 210 46 6838.12 0 0
97 210 46 6842.32 0 0
100 207 46 6846.52 0 0
100 207 46 6850.74 0 0
98 205 46 6854.95 0 0
100 209 46 6859.2 0 0
99 205 46 6863.41 0 0
98 206 46 6867.61 0 0
99 202 46 6871.81 0 0
99 205 46 6876.01 0 0
100 202 46 6880.22 0 0
99 202 46 6884.43 0 0
100 211 46 6888.65 0 0
101 210 47 6892.88 0 0
101 211 46 6897.11 0 0
99 207 46 6901.31 0 0
100 210 46 6905.65 0 0
99 214 46 6909.87 0 0
99 210 46 6914.08 0 0
100 210 46 6918.33 0 0
108 210 46 6922.56 0 0
125 202 47 6926.77 0 0
137 214 47 6933.61 0 0
149 228 47 6937.85 0 0
256 179 44 7717.06 0 0
233 119 44 7721.27 0 0
230 107 45 7725.5 0 0
227 92 45 7729.72 0 0
228 90 45 7734.54 0 0
232 79 46 7738.74 0 0
232 58 46 7745.31 0 0
233 58 45 7749.54 0 0
234 62 45 7753.75 0 0
232 61 45 7757.99 0 0
233 61 45 7762.2 0 0
235 60 45 7766.43 0 0
234 57 45 7770.66 0 0
235 57 45 7774.87 0 0
233 55 45 7779.07 0 0
234 58 45 7783.27 0 0
235 62 45 7787.49 0 0
234 62 45 7791.7 0 0
233 62 45 7796.31 0 0
236 63 45 7800.51 0 0
235 62 45 7804.72 0 0
236 62 45 7808.93 0 0
234 62 45 7813.13 0 0
236 59 45 7817.34 0 0
233 58 45 7821.56 0 0
236 64 45 7825.77 0 0
236 62 45 7829.99 0 0
233 59 45 7836.97 0 0
235 60 45 7841.2 0 0
235 59 45 7845.4 0 0
235 63 45 7849.63 0 0
236 62 45 7853.84 0 0
231 61 45 7858.06 0 0
235 62 46 7862.28 0 0
232 59 45 7866.5 0 0
235 62 45 7870.71 0 0
233 62 45 7874.92 0 0
236 63 45 7879.13 0 0
232 60 45 7883.35 0 0
232 62 45 7887.57 0 0
233 64 45 7891.8 0 0
234 65 45 7896.03 0 0
236 60 45 7900.24 0 0
233 62 45 7904.44 0 0
233 63 46 7908.64 0 0
232 59 45 7912.87 0 0
233 64 45 7917.09 0 0
234 63 46 7921.36 0 0
234 63 45 7925.59 0 0
233 63 45 7929.79 0 0
234 65 45 7934.02 0 0
236 63 45 7938.22 0 0
234 64 45 7945.12 0 0
233 63 45 7949.36 0 0
232 63 45 7953.57 0 0
233 64 45 7957.82 0 0
233 66 45 7962.06 0 0
232 63 45 7966.28 0 0
236 59 45 7970.48 0 0
235 56 45 7974.69 0 0
232 62 45 7978.9 0 0
235 56 45 7983.12 0 0
234 54 45 7987.33 0 0
236 55 45 7991.6 0 0
234 56 45 7995.8 0 0
234 55 45 8000 0 0
233 54 45 8004.21 0 0
234 57 45 8008.42 0 0
234 54 45 8012.64 0 0
233 58 46 8016.86 0 0
235 55 45 8021.08 0 0
235 58 45 8025.28 0 0
236 56 45 8029.48 0 0
236 58 45 8033.68 0 0
235 58 45 8037.9 0 0
235 59 45 8042.11 0 0
236 58 45 8049.25 0 0
236 58 46 8053.47 0 0
236 57 45 8057.67 0 0
230 63 45 8061.89 0 0
235 68 45 8066.11 0 0
234 64 45 8070.33 0 0
234 65 45 8074.54 0 0
233 65 46 8078.77 0 0
234 65 45 8082.98 0 0
231 65 45 8087.18 0 0
234 63 45 8091.39 0 0
234 61 45 8095.59 0 0
236 63 46 8099.81 0 0
234 65 45 8104.03 0 0
233 64 45 8108.25 0 0
235 65 46 8112.45 0 0
234 65 46 8116.68 0 0
231 65 46 8120.88 0 0
232 65 45 8125.09 0 0
231 64 45 8129.29 0 0
232 65 45 8133.51 0 0
231 65 45 8137.72 0 0
233 63 45 8141.95 0 0
233 63 46 8146.18 0 0
232 65 45 8150.39 0 0
233 67 45 8154.6 0 0
231 66 45 8158.8 0 0
234 66 45 8163.01 0 0
233 65 45 8169.91 0 0
233 64 45 8174.15 0 0
231 65 45 8178.38 0 0
231 65 0 8182.61 0 0
233 64 45 8186.82 0 0
231 64 45 8191.04 0 0
235 63 46 8195.27 0 0
232 61 46 8199.49 0 0
233 61 46 8203.7 0 0
233 65 45 8207.94 0 0
233 62 45 8212.18 0 0
234 60 45 8216.39 0 0
233 64 46 8220.6 0 0
234 63 45 8224.83 0 0
234 63 0 8229.04 0 0
233 63 45 8233.27 0 0
235 62 45 8237.48 0 0
231 61 46 8241.71 0 0
234 61 46 8245.91 0 0
230 64 45 8250.11 0 0
233 64 45 8254.33 0 0
233 67 45 8258.54 0 0
234 62 45 8262.76 0 0
233 67 46 8266.99 0 0
238 76 46 8271.19 0 0
243 100 45 8275.4 0 0
241 105 45 8282.5 0 0
239 115 45 8286.72 0 0
242 133 45 8290.94 0 0
255 174 45 8295.16 0 0
259 199 44 8299.39 0 0
258 206 46 9230.74 0 0
249 196 46 9234.96 0 0
234 184 46 9239.17 0 0
221 162 46 9243.38 0 0
218 169 47 9247.59 0 0
209 161 47 9251.79 0 0
201 147 47 9256 0 0
202 160 48 9260.2 0 0
204 159 48 9264.41 0 0
201 164 49 9268.63 0 0
204 171 48 9272.88 0 0
197 152 48 9277.1 0 0
195 145 48 9281.35 0 0
195 142 48 9285.56 0 0
192 140 48 9289.8 0 0
193 136 48 9294.07 0 0
195 143 48 9298.29 0 0
197 146 48 9302.5 0 0
196 145 48 9306.71 0 0
197 146 48 9310.91 0 0
197 151 48 9315.11 0 0
194 148 48 9319.34 0 0
196 151 48 9323.57 0 0
197 145 48 9327.81 0 0
195 146 48 9332.03 0 0
199 147 48 9336.25 0 0
194 142 48 9340.47 0 0
197 146 48 9344.67 0 0
193 140 48 9348.9 0 0
195 144 48 9353.11 0 0
200 158 48 9357.34 0 0
196 149 48 9361.54 0 0
200 158 48 9365.77 0 0
200 158 48 9369.97 0 0
200 158 48 9374.17 0 0
197 147 48 9378.37 0 0
190 141 48 9382.6 0 0
178 119 48 9386.81 0 0
170 111 49 9391.06 0 0
164 106 49 9395.28 0 0
155 102 50 9399.48 0 0
158 139 50 9403.69 0 0
147 95 50 9407.89 0 0
141 90 50 9412.1 0 0
140 92 50 9416.31 0 0
138 94 50 9420.56 0 0
142 97 50 9424.77 0 0
138 94 50 9428.98 0 0
140 91 50 9433.19 0 0
136 92 50 9437.39 0 0
138 90 50 9441.61 0 0
137 126 50 9445.82 0 0
139 94 50 9450.04 0 0
148 124 50 9454.26 0 0
139 92 50 9458.52 0 0
138 95 50 9462.73 0 0
140 91 50 9466.93 0 0
142 91 50 9471.13 0 0
133 129 50 9475.35 0 0
136 90 50 9479.57 0 0
134 89 50 9484.41 0 0
136 92 50 9488.63 0 0
136 127 50 9492.83 0 0
139 91 50 9497.04 0 0
134 121 50 9501.24 0 0
137 93 50 9505.44 0 0
131 119 50 9509.65 0 0
136 126 50 9513.87 0 0
136 125 50 9518.08 0 0
136 95 50 9522.44 0 0
141 123 50 9526.67 0 0
128 127 50 9530.88 0 0
137 91 50 9535.12 0 0
138 94 50 9539.34 0 0
160 122 50 9543.58 0 0
138 93 50 9547.83 0 0
135 125 50 9552.06 0 0
148 125 50 9556.27 0 0
138 90 50 9560.49 0 0
139 93 50 9564.71 0 0
138 92 50 9568.97 0 0
142 131 50 9573.18 0 0
140 122 50 9577.41 0 0
135 95 50 9581.64 0 0
152 140 50 9585.85 0 0
137 94 50 9590.05 0 0
140 128 50 9594.25 0 0
149 138 50 9598.47 0 0
139 93 50 9602.68 0 0
135 121 50 9606.92 0 0
137 95 50 9611.13 0 0
138 130 50 9615.35 0 0
134 130 50 9619.55 0 0
153 143 50 9623.75 0 0
136 92 50 9627.96 0 0
154 136 50 9632.17 0 0
136 126 50 9636.39 0 0
137 118 50 9640.62 0 0
127 129 50 9644.84 0 0
136 95 50 9649.05 0 0
136 96 50 9653.25 0 0
137 118 50 9657.45 0 0
137 125 50 9661.66 0 0
132 127 50 9665.88 0 0
132 127 50 9670.11 0 0
130 124 50 9675.23 0 0
135 94 50 9679.44 0 0
133 93 50 9683.64 0 0
133 97 50 9687.84 0 0
132 127 50 9692.09 0 0
137 95 50 9696.31 0 0
134 129 50 9700.51 0 0
136 95 50 9704.75 0 0
136 97 50 9708.98 0 0
144 126 50 9713.18 0 0
134 95 50 9717.38 0 0
132 94 50 9721.58 0 0
138 130 50 9725.8 0 0
137 95 50 9730.02 0 0
133 97 50 9734.24 0 0
135 97 50 9738.46 0 0
132 93 50 9742.66 0 0
136 127 50 9746.86 0 0
131 127 50 9751.08 0 0
136 98 50 9755.31 0 0
151 132 50 9759.61 0 0
137 102 50 9763.82 0 0
135 103 50 9768.03 0 0
138 143 49 9772.41 0 0
140 121 49 9776.64 0 0
151 173 49 9780.85 0 0
134 203 48 9899.05 0 0
128 159 49 9906.11 0 0
124 146 49 9914.37 0 0
124 141 49 9922.63 0 0
127 148 48 9931.08 0 0
127 152 48 9939.33 0 0
127 163 49 9947.58 0 0
121 154 48 9955.85 0 0
121 154 48 9964.3 0 0
121 150 49 9972.07 0 0
123 149 49 9976.29 0 0
124 147 49 9980.81 0 0
122 151 48 9985.05 0 0
124 147 49 9989.27 0 0
124 150 49 9993.47 0 0
126 149 48 9997.67 0 0
124 151 49 10001.9 0 0
124 162 49 10006.1 0 0
127 157 49 10010.4 0 0
126 157 48 10014.6 0 0
126 151 49 10018.8 0 0
127 161 48 10023 0 0
125 158 49 10027.2 0 0
129 147 49 10031.5 0 0
124 152 48 10035.7 0 0
126 148 48 10039.9 0 0
127 153 49 10044.1 0 0
122 161 48 10048.4 0 0
126 153 48 10052.6 0 0
125 153 48 10056.8 0 0
125 152 49 10061 0 0
127 154 49 10065.2 0 0
124 156 49 10069.4 0 0
126 151 49 10073.6 0 0
125 153 49 10077.9 0 0
125 150 49 10082.1 0 0
124 149 49 10089.2 0 0
126 151 49 10093.4 0 0
126 151 49 10097.6 0 0
126 151 49 10101.8 0 0
127 154 48 10106.1 0 0
127 153 48 10110.3 0 0
125 154 48 10114.5 0 0
127 154 49 10118.7 0 0
123 155 48 10122.9 0 0
124 154 48 10127.1 0 0
125 154 48 10131.4 0 0
124 150 48 10135.6 0 0
127 151 48 10139.9 0 0
126 149 49 10144.1 0 0
123 152 48 10148.3 0 0
123 153 48 10152.5 0 0
126 152 49 10156.7 0 0
126 153 49 10160.9 0 0
126 150 49 10165.1 0 0
123 152 48 10169.4 0 0
128 153 48 10173.6 0 0
127 150 48 10177.8 0 0
126 152 49 10182 0 0
128 148 48 10188.9 0 0
124 149 48 10193.1 0 0
128 151 48 10197.3 0 0
126 148 48 10201.6 0 0
126 151 48 10205.8 0 0
125 145 49 10210.1 0 0
128 152 49 10214.3 0 0
128 146 48 10218.5 0 0
129 148 49 10222.7 0 0
129 145 48 10226.9 0 0
128 149 48 10231.2 0 0
127 149 48 10235.4 0 0
126 148 48 10239.6 0 0
128 150 48 10243.8 0 0
129 149 48 10248 0 0
129 152 48 10252.2 0 0
127 148 48 10256.4 0 0
129 146 49 10260.6 0 0
128 151 49 10264.8 0 0
129 148 48 10269.1 0 0
128 151 48 10273.3 0 0
129 154 48 10277.5 0 0
128 151 49 10281.8 0 0
129 152 49 10286 0 0
127 147 48 10290.2 0 0
127 147 48 10294.4 0 0
129 149 48 10300.2 0 0
126 154 49 10304.4 0 0
128 159 48 10308.6 0 0
126 139 49 10312.8 0 0
130 133 49 10317 0 0
127 119 49 10321.2 0 0
128 116 49 10325.5 0 0
121 155 49 10329.7 0 0
127 153 49 10333.9 0 0
124 157 49 10338.1 0 0
128 124 49 10342.3 0 0
129 122 49 10346.5 0 0
126 121 49 10350.7 0 0
128 118 49 10355 0 0
128 116 49 10359.2 0 0
126 110 49 10363.4 0 0
126 119 49 10367.6 0 0
124 115 49 10371.8 0 0
131 153 49 10376 0 0
127 116 49 10380.2 0 0
129 115 49 10384.5 0 0
125 117 49 10388.7 0 0
129 115 49 10392.9 0 0
128 118 49 10397.2 0 0
130 116 49 10401.4 0 0
128 114 49 10405.6 0 0
125 117 49 10409.8 0 0
126 113 49 10414 0 0
132 154 49 10418.3 0 0
128 115 49 10422.5 0 0
129 116 49 10426.7 0 0
126 115 49 10430.9 0 0
124 135 49 10435.1 0 0
125 145 49 10439.3 0 0
125 114 49 10443.5 0 0
126 118 49 10447.7 0 0
129 117 50 10451.9 0 0
126 137 49 10456.2 0 0
128 116 49 10460.4 0 0
126 114 49 10464.6 0 0
127 118 49 10468.9 0 0
124 114 49 10473.1 0 0
128 139 49 10477.3 0 0
123 144 49 10481.5 0 0
128 117 50 10485.7 0 0
125 152 49 10489.9 0 0
128 114 49 10494.1 0 0
126 119 50 10498.3 0 0
126 115 49 10502.5 0 0
125 151 49 10506.9 0 0
124 137 49 10511.1 0 0
128 114 49 10517.8 0 0
126 114 49 10522.1 0 0
127 145 49 10526.3 0 0
126 111 49 10530.5 0 0
128 140 49 10534.7 0 0
128 117 49 10538.9 0 0
129 110 49 10543.2 0 0
129 117 49 10547.4 0 0
128 116 49 10551.6 0 0
127 146 49 10555.8 0 0
128 136 49 10560 0 0
128 108 50 10564.2 0 0
131 100 50 10568.5 0 0
133 122 50 10572.7 0 0
133 118 49 10576.9 0 0
126 89 50 10581.2 0 0
127 95 50 10585.4 0 0
126 92 49 10589.6 0 0
130 95 49 10593.8 0 0
130 97 49 10598 0 0
130 90 49 10602.2 0 0
132 90 50 10606.5 0 0
131 89 50 10610.7 0 0
131 87 49 10614.9 0 0
128 88 50 10619.1 0 0
128 88 50 10623.3 0 0
129 82 49 10628.3 0 0
134 82 50 10632.5 0 0
128 91 50 10636.8 0 0
132 82 49 10641 0 0
130 91 49 10645.2 0 0
130 93 49 10649.4 0 0
130 91 49 10653.6 0 0
130 92 49 10657.8 0 0
129 90 50 10662 0 0
130 91 50 10666.2 0 0
131 92 49 10670.5 0 0
129 91 49 10674.7 0 0
133 89 49 10678.9 0 0
129 88 49 10683.1 0 0
130 91 49 10687.3 0 0
128 90 49 10691.5 0 0
129 91 49 10695.9 0 0
129 90 49 10700.1 0 0
127 91 49 10704.4 0 0
129 89 49 10708.6 0 0
132 124 49 10712.8 0 0
129 92 49 10717 0 0
127 91 49 10721.3 0 0
126 124 49 10725.5 0 0
130 89 49 10729.7 0 0
129 90 49 10733.9 0 0
142 121 49 10738.2 0 0
130 91 49 10742.4 0 0
130 90 49 10746.6 0 0
130 91 49 10750.8 0 0
128 89 49 10755 0 0
129 90 49 10759.2 0 0
132 121 49 10763.4 0 0
130 91 49 10767.6 0 0
128 93 49 10771.9 0 0
129 91 49 10776.1 0 0
130 93 49 10780.3 0 0
128 92 49 10784.5 0 0
143 127 49 10788.7 0 0
128 92 49 10793 0 0
129 92 49 10797.2 0 0
145 130 49 10801.4 0 0
128 93 49 10805.6 0 0
128 91 49 10809.8 0 0
129 90 49 10814 0 0
128 91 49 10818.2 0 0
129 83 49 10822.5 0 0
129 93 49 10826.7 0 0
128 93 50 10830.9 0 0
129 92 49 10835.1 0 0
128 92 49 10839.3 0 0
129 81 49 10843.5 0 0
129 93 49 10847.7 0 0
127 91 49 10852 0 0
130 93 49 10856.2 0 0
128 90 49 10860.4 0 0
129 90 49 10864.6 0 0
127 91 49 10868.8 0 0
127 91 49 10873 0 0
129 91 49 10877.3 0 0
129 91 49 10881.5 0 0
128 90 49 10885.7 0 0
129 92 49 10889.9 0 0
130 93 49 10894.2 0 0
135 126 49 10898.4 0 0
129 90 49 10902.6 0 0
141 127 49 10906.8 0 0
128 91 49 10911 0 0
130 93 49 10915.2 0 0
127 127 49 10919.5 0 0
127 93 49 10923.7 0 0
129 95 49 10927.9 0 0
127 93 49 10932.1 0 0
130 93 49 10936.3 0 0
129 92 49 10940.5 0 0
128 93 49 10944.7 0 0
129 93 49 10949 0 0
126 93 49 10953.2 0 0
130 93 49 10957.4 0 0
128 91 49 10961.6 0 0
126 92 49 10965.8 0 0
129 93 49 10970 0 0
127 91 49 10974.2 0 0
127 93 49 10978.5 0 0
128 92 49 10982.7 0 0
126 91 49 10986.9 0 0
126 92 49 10991.1 0 0
129 94 49 10995.3 0 0
129 91 49 10999.5 0 0
132 92 49 11003.7 0 0
129 91 49 11007.9 0 0
126 92 49 11012.1 0 0
