118 200 49 43033.3 0 0
118 200 49 43037.5 0 0
118 200 46 43041.7 0 0
118 200 48 43045.9 0 0
118 200 48 43050.1 0 0
118 200 49 43056.3 0 0
118 200 49 43060.6 0 0
117 174 47 43064.8 0 0
117 174 49 43069 0 0
117 174 48 43073.2 0 0
118 167 49 43077.4 0 0
118 167 45 43081.6 0 0
118 167 46 43085.8 0 0
124 166 45 43090.1 0 0
124 166 44 43094.3 0 0
124 166 47 43098.5 0 0
124 166 45 43102.8 0 0
124 166 45 43106.9 0 0
124 166 45 43111.2 0 0
124 166 45 43115.4 0 0
124 166 47 43119.6 0 0
124 166 44 43123.8 0 0
124 166 44 43128 0 0
124 166 45 43132.2 0 0
124 166 44 43136.4 0 0
128 155 44 43140.6 0 0
127 154 44 43144.9 0 0
127 154 45 43149.1 0 0
129 151 44 43153.3 0 0
129 152 44 43157.6 0 0
129 152 45 43161.8 0 0
129 149 45 43166 0 0
125 152 44 43170.2 0 0
128 147 45 43174.4 0 0
124 150 45 43178.6 0 0
129 146 45 43187.1 0 0
127 143 45 43195.5 0 0
126 146 44 43203.9 0 0
129 142 44 43212.4 0 0
128 145 44 43229.3 0 0
129 142 44 43233.6 0 0
130 144 44 43237.8 0 0
127 141 45 43242 0 0
127 141 46 43246.2 0 0
122 137 45 43250.5 0 0
124 141 44 43254.7 0 0
121 141 45 43258.9 0 0
121 142 44 43263.1 0 0
120 143 44 43267.3 0 0
120 140 45 43271.5 0 0
130 138 45 43275.7 0 0
121 142 45 43280 0 0
126 142 46 43288.4 0 0
127 139 45 43296.8 0 0
123 140 45 43301 0 0
125 141 45 43305.2 0 0
128 140 46 43309.5 0 0
128 142 45 43313.7 0 0
128 140 45 43317.9 0 0
123 143 45 43322.1 0 0
129 141 45 43326.3 0 0
119 141 45 43330.5 0 0
125 139 47 43334.7 0 0
124 145 45 43339 0 0
127 144 46 43343.3 0 0
118 136 45 43347.5 0 0
118 136 46 43351.7 0 0
102 121 46 43355.9 0 0
97 120 46 43360.1 0 0
89 119 46 43364.3 0 0
76 100 47 43368.5 0 0
73 114 47 43372.7 0 0
70 114 47 43377 0 0
70 89 50 43381.2 0 0
67 89 52 43385.4 0 0
70 89 48 43389.6 0 0
70 89 49 43393.8 0 0
71 87 51 43398 0 0
69 90 47 43402.2 0 0
70 91 47 43406.4 0 0
68 83 51 43410.6 0 0
69 86 48 43414.8 0 0
71 84 48 43419 0 0
69 87 47 43423.2 0 0
70 89 47 43427.5 0 0
70 89 46 43431.7 0 0
71 90 47 43435.9 0 0
71 82 48 43440.1 0 0
69 80 49 43444.3 0 0
71 82 48 43448.5 0 0
71 86 47 43452.7 0 0
70 86 47 43457 0 0
71 87 47 43461.2 0 0
69 86 47 43465.4 0 0
72 86 47 43469.6 0 0
71 83 47 43473.8 0 0
71 83 47 43478 0 0
72 81 47 43482.2 0 0
72 81 47 43486.4 0 0
71 75 50 43490.7 0 0
72 78 45 43494.9 0 0
73 79 46 43499.2 0 0
72 81 45 43503.5 0 0
71 82 45 43507.7 0 0
72 79 46 43511.9 0 0
73 80 45 43516.1 0 0
73 81 45 43520.3 0 0
72 81 45 43524.5 0 0
73 78 46 43528.7 0 0
72 80 45 43533 0 0
72 80 45 43537.2 0 0
74 79 45 43541.4 0 0
73 79 45 43545.6 0 0
74 80 44 43549.8 0 0
72 81 45 43554 0 0
74 80 44 43558.2 0 0
73 73 44 43562.5 0 0
72 76 44 43566.7 0 0
71 80 44 43570.9 0 0
75 78 44 43575.1 0 0
73 76 45 43579.3 0 0
72 80 44 43583.5 0 0
71 95 44 43587.8 0 0
73 78 43 43592 0 0
76 75 44 43596.2 0 0
74 77 44 43600.4 0 0
74 93 43 43604.6 0 0
77 75 44 43608.8 0 0
78 76 44 43613.1 0 0
72 99 43 43617.3 0 0
56 91 42 43621.8 0 0
50 50 42 43626 0 0
43 55 41 43630.2 0 0
39 50 42 43634.4 0 0
34 56 42 43638.6 0 0
29 49 42 43642.8 0 0
29 51 41 43647 0 0
32 49 42 43651.2 0 0
34 50 41 43655.9 0 0
35 48 42 43660.2 0 0
35 47 41 43664.4 0 0
33 49 42 43668.6 0 0
33 52 42 43672.8 0 0
34 51 42 43677 0 0
32 50 41 43681.2 0 0
32 50 41 43685.4 0 0
33 50 42 43689.7 0 0
33 49 41 43693.9 0 0
35 48 41 43698.1 0 0
32 51 41 43702.3 0 0
32 48 40 43706.6 0 0
33 44 41 43710.8 0 0
33 46 41 43715 0 0
32 54 41 43719.2 0 0
34 49 40 43723.5 0 0
30 46 40 43727.7 0 0
32 49 41 43731.9 0 0
33 49 41 43736.1 0 0
33 49 41 43740.3 0 0
33 46 40 43744.5 0 0
33 43 40 43748.9 0 0
32 47 40 43753.1 0 0
31 49 40 43757.3 0 0
33 48 40 43761.5 0 0
33 47 40 43765.7 0 0
31 49 40 43769.9 0 0
32 46 40 43774.1 0 0
32 49 40 43778.4 0 0
32 46 40 43782.6 0 0
33 47 39 43786.8 0 0
32 48 39 43791 0 0
33 46 39 43795.2 0 0
33 47 39 43799.4 0 0
33 46 39 43803.6 0 0
34 51 39 43807.8 0 0
34 47 39 43812.3 0 0
32 48 40 43816.5 0 0
30 48 39 43820.7 0 0
30 51 39 43824.9 0 0
30 53 40 43829.1 0 0
34 50 39 43833.3 0 0
32 52 40 43837.5 0 0
33 51 39 43841.7 0 0
33 54 39 43845.9 0 0
30 49 39 43850.2 0 0
32 48 39 43854.4 0 0
31 48 40 43858.6 0 0
32 50 39 43862.8 0 0
33 49 38 43867 0 0
30 49 38 43871.2 0 0
32 47 38 43875.5 0 0
32 52 38 43879.7 0 0
32 48 38 43883.9 0 0
33 53 38 43888.1 0 0
32 49 38 43892.3 0 0
34 46 39 43896.6 0 0
31 52 38 43900.8 0 0
33 46 38 43905 0 0
32 51 38 43909.2 0 0
31 53 39 43913.4 0 0
29 54 38 43917.6 0 0
29 59 38 43921.8 0 0
34 51 38 43926.1 0 0
42 53 39 43930.3 0 0
53 46 38 43934.5 0 0
53 46 39 43938.7 0 0
53 46 38 43942.9 0 0
78 84 39 43947.1 0 0
92 85 39 43951.3 0 0
92 85 38 43955.6 0 0
85 89 39 43959.8 0 0
85 89 38 43964 0 0
85 89 38 43968.2 0 0
85 89 39 43972.4 0 0
85 89 38 43976.6 0 0
86 87 38 43980.8 0 0
79 88 39 43985 0 0
88 89 38 43989.2 0 0
83 90 38 43993.5 0 0
86 90 39 43997.7 0 0
85 90 40 44001.9 0 0
84 88 38 44006.2 0 0
83 86 38 44010.3 0 0
81 83 40 44014.6 0 0
86 86 40 44018.8 0 0
84 91 39 44023 0 0
84 89 40 44027.2 0 0
84 91 42 44031.5 0 0
83 91 41 44035.7 0 0
79 95 40 44039.9 0 0
82 98 39 44044.1 0 0
84 99 42 44048.3 0 0
80 101 42 44052.6 0 0
85 96 42 44056.8 0 0
79 65 43 44061 0 0
79 64 43 44065.2 0 0
77 67 44 44069.4 0 0
82 98 45 44073.6 0 0
86 103 44 44077.8 0 0
80 75 44 44082.1 0 0
80 74 46 44086.3 0 0
76 80 45 44090.5 0 0
83 107 43 44094.7 0 0
83 106 44 44098.9 0 0
78 82 44 44103.1 0 0
82 110 45 44107.3 0 0
82 112 42 44111.6 0 0
82 113 44 44115.8 0 0
86 114 44 44120 0 0
83 116 44 44124.2 0 0
77 96 44 44128.4 0 0
76 99 44 44132.6 0 0
84 114 44 44136.8 0 0
87 105 42 44141.1 0 0
72 104 43 44145.3 0 0
72 169 42 44149.5 0 0
82 166 41 44156.5 0 0
81 145 39 44160.7 0 0
81 145 0 44164.9 0 0
81 145 0 44169.1 0 0
81 145 0 44173.3 0 0
81 145 0 44177.5 0 0
81 145 0 44181.8 0 0
81 145 0 44186 0 0
81 145 0 44190.2 0 0
81 145 0 44194.4 0 0
81 145 0 44198.6 0 0
81 145 0 44202.9 0 0
81 145 0 44207.1 0 0
81 145 0 44214 0 0
81 145 0 44218.3 0 0
81 145 0 44222.5 0 0
81 145 0 44227.2 0 0
81 145 0 44231.4 0 0
81 145 0 44235.6 0 0
81 145 0 44239.8 0 0
81 145 0 44244 0 0
81 145 0 44248.2 0 0
81 145 0 44252.4 0 0
81 145 0 44256.7 0 0
81 145 0 44260.9 0 0
81 145 0 44265.1 0 0
81 145 0 44269.3 0 0
81 145 0 44273.5 0 0
81 145 0 44277.9 0 0
81 145 0 44282.2 0 0
81 145 0 44286.4 0 0
81 145 0 44290.6 0 0
81 145 0 44294.8 0 0
81 145 0 44299 0 0
81 145 0 44303.2 0 0
81 145 0 44307.4 0 0
81 145 0 44311.6 0 0
81 145 0 44315.9 0 0
81 145 0 44320.1 0 0
81 145 0 44324.3 0 0
81 145 0 44331 0 0
81 145 0 44335.2 0 0
81 145 0 44339.5 0 0
81 145 0 44343.7 0 0
81 145 0 44347.9 0 0
81 145 0 44352.1 0 0
81 145 0 44356.3 0 0
81 145 0 44360.5 0 0
81 145 0 44364.7 0 0
127 118 40 44892.2 0 0
135 118 41 44896.5 0 0
135 118 40 44900.7 0 0
135 118 41 44905 0 0
135 118 41 44909.2 0 0
135 118 40 44913.4 0 0
135 118 40 44917.6 0 0
135 118 41 44921.8 0 0
135 118 41 44926.1 0 0
135 118 41 44930.3 0 0
135 118 41 44934.5 0 0
135 118 41 44938.7 0 0
135 118 40 44942.9 0 0
135 118 41 44947.1 0 0
135 118 41 44951.3 0 0
135 118 40 44955.5 0 0
135 118 40 44959.7 0 0
135 118 40 44963.9 0 0
135 118 40 44968.2 0 0
135 118 41 44972.4 0 0
135 118 41 44976.6 0 0
135 118 41 44980.8 0 0
135 118 40 44985.1 0 0
135 118 41 44989.3 0 0
135 118 41 44993.5 0 0
135 118 40 44997.7 0 0
135 118 42 45001.9 0 0
135 118 41 45006.1 0 0
135 118 41 45010.3 0 0
135 118 42 45014.5 0 0
135 118 41 45018.8 0 0
135 118 41 45023 0 0
135 118 41 45027.2 0 0
135 118 40 45031.4 0 0
135 118 41 45035.7 0 0
135 118 41 45039.8 0 0
135 118 40 45044.1 0 0
135 118 41 45048.3 0 0
135 118 40 45054.5 0 0
135 118 41 45058.8 0 0
135 118 41 45063 0 0
135 118 41 45067.2 0 0
135 118 40 45071.4 0 0
135 118 40 45075.6 0 0
135 118 42 45079.8 0 0
135 118 41 45084 0 0
135 118 41 45088.2 0 0
135 118 41 45093 0 0
135 118 42 45097.2 0 0
74 50 42 45280.7 0 0
57 16 41 45284.9 0 0
46 29 40 45289.1 0 0
43 54 39 45293.3 0 0
38 58 40 45297.5 0 0
33 62 40 45301.7 0 0
26 61 40 45305.9 0 0
27 63 40 45310.2 0 0
31 66 40 45314.4 0 0
31 67 39 45318.6 0 0
32 59 39 45322.8 0 0
32 62 39 45327 0 0
29 64 40 45331.2 0 0
30 65 40 45335.4 0 0
23 57 39 45339.6 0 0
23 57 0 45343.9 0 0
30 63 40 45348.1 0 0
29 61 40 45352.3 0 0
25 64 39 45356.5 0 0
31 62 39 45360.7 0 0
31 62 0 45364.9 0 0
31 64 40 45369.1 0 0
29 66 40 45373.3 0 0
28 63 40 45377.6 0 0
30 62 40 45381.8 0 0
27 64 39 45386 0 0
29 63 39 45390.2 0 0
27 67 39 45394.4 0 0
30 63 40 45398.6 0 0
30 63 39 45402.9 0 0
29 63 39 45407.1 0 0
30 62 39 45411.3 0 0
28 65 39 45415.5 0 0
27 59 39 45419.7 0 0
28 66 39 45423.9 0 0
29 65 39 45428.1 0 0
29 65 0 45432.3 0 0
30 66 39 45436.6 0 0
29 63 39 45440.8 0 0
30 62 39 45445 0 0
30 63 39 45449.2 0 0
28 63 39 45453.4 0 0
30 64 39 45457.7 0 0
29 64 39 45461.9 0 0
30 63 40 45466.1 0 0
31 62 40 45470.3 0 0
28 62 39 45474.6 0 0
29 62 39 45478.8 0 0
29 60 39 45483 0 0
29 66 38 45487.2 0 0
29 66 0 45491.4 0 0
27 61 39 45495.6 0 0
30 62 39 45499.8 0 0
28 61 39 45504.1 0 0
30 61 39 45508.2 0 0
28 62 39 45512.4 0 0
28 62 38 45516.7 0 0
29 62 39 45520.9 0 0
29 63 38 45525.1 0 0
29 63 0 45529.3 0 0
27 65 40 45533.5 0 0
27 65 0 45537.7 0 0
31 58 39 45541.9 0 0
27 63 38 45546.1 0 0
29 65 39 45550.4 0 0
29 62 39 45554.6 0 0
30 56 38 45558.8 0 0
29 67 39 45563 0 0
27 64 38 45567.2 0 0
28 63 38 45571.4 0 0
35 60 37 45575.7 0 0
45 52 38 45579.8 0 0
53 26 39 45584.1 0 0
63 29 40 45588.3 0 0
73 39 39 45592.7 0 0
76 22 40 45596.9 0 0
77 35 40 45601.1 0 0
77 48 40 45605.3 0 0
81 37 40 45609.5 0 0
82 38 39 45613.7 0 0
76 38 39 45617.9 0 0
74 37 40 45622.2 0 0
70 31 40 45626.4 0 0
80 36 40 45630.6 0 0
77 34 39 45634.8 0 0
76 37 40 45639 0 0
75 36 40 45643.2 0 0
78 39 40 45647.4 0 0
74 34 40 45651.9 0 0
75 35 40 45656.1 0 0
77 31 39 45660.4 0 0
77 29 40 45664.6 0 0
78 30 40 45668.8 0 0
78 35 40 45673 0 0
77 30 41 45677.3 0 0
81 32 40 45681.5 0 0
76 30 41 45685.7 0 0
77 30 39 45689.9 0 0
76 27 40 45696.7 0 0
80 29 40 45700.9 0 0
80 33 40 45705.1 0 0
81 32 40 45709.3 0 0
80 29 39 45713.5 0 0
80 28 40 45717.7 0 0
79 30 39 45722 0 0
79 32 40 45726.2 0 0
76 31 41 45730.4 0 0
80 33 41 45734.6 0 0
75 27 39 45738.8 0 0
76 28 40 45743 0 0
79 28 40 45747.2 0 0
76 28 40 45751.5 0 0
75 33 40 45755.7 0 0
75 33 0 45759.9 0 0
75 26 40 45764.1 0 0
75 27 40 45768.3 0 0
79 26 40 45772.6 0 0
75 29 40 45776.8 0 0
79 24 40 45781.1 0 0
80 27 40 45785.3 0 0
79 23 40 45789.6 0 0
79 23 40 45793.8 0 0
74 26 41 45799.8 0 0
75 23 40 45804 0 0
78 27 40 45808.2 0 0
76 27 40 45812.4 0 0
75 30 40 45816.7 0 0
80 28 40 45820.8 0 0
75 25 40 45825.1 0 0
77 22 40 45829.2 0 0
78 24 40 45833.5 0 0
75 28 40 45837.7 0 0
79 18 40 45841.9 0 0
81 21 41 45846.1 0 0
78 18 41 45850.3 0 0
77 18 40 45854.5 0 0
79 12 40 45858.7 0 0
78 11 40 45862.9 0 0
78 11 40 45867.2 0 0
78 11 41 45871.4 0 0
78 11 40 45875.6 0 0
78 11 40 45879.8 0 0
78 11 40 45884.1 0 0
78 11 40 45888.2 0 0
78 11 39 45892.4 0 0
78 11 34 45896.7 0 0
78 11 0 45900.9 0 0
78 11 0 45905.1 0 0
78 11 0 45909.3 0 0
78 11 0 45913.6 0 0
78 11 0 45917.8 0 0
78 11 0 45921.9 0 0
78 11 0 45926.2 0 0
78 11 0 45930.4 0 0
78 11 0 45934.6 0 0
78 11 0 45938.8 0 0
78 11 0 45943 0 0
78 11 0 45949.8 0 0
78 11 0 45954 0 0
78 11 0 45958.3 0 0
78 11 0 45962.5 0 0
78 11 0 45966.8 0 0
78 11 0 45971 0 0
78 11 0 45975.3 0 0
78 11 0 45979.5 0 0
78 11 0 45983.7 0 0
78 11 0 45988.1 0 0
78 11 0 45992.3 0 0
78 11 0 45996.6 0 0
78 11 0 46000.8 0 0
34 93 31 46005 0 0
42 85 37 46009.2 0 0
38 77 38 46013.4 0 0
37 72 41 46017.6 0 0
37 70 41 46021.8 0 0
35 78 40 46026.1 0 0
33 73 44 46030.7 0 0
37 77 42 46034.9 0 0
39 76 43 46039.1 0 0
36 80 41 46043.3 0 0
38 79 41 46047.5 0 0
35 78 42 46051.7 0 0
38 79 40 46056 0 0
37 77 43 46060.3 0 0
35 82 40 46064.5 0 0
34 80 42 46071.5 0 0
35 84 43 46075.7 0 0
37 82 41 46079.9 0 0
35 86 41 46084.1 0 0
34 82 40 46088.4 0 0
36 86 43 46092.6 0 0
38 87 41 46097.1 0 0
34 87 43 46101.3 0 0
33 92 40 46105.5 0 0
39 88 43 46109.7 0 0
39 90 41 46113.9 0 0
34 87 44 46118.1 0 0
36 87 41 46122.3 0 0
36 87 42 46126.6 0 0
38 84 43 46130.8 0 0
33 89 44 46135 0 0
36 90 46 46139.2 0 0
36 91 42 46143.4 0 0
33 91 45 46147.6 0 0
35 92 46 46152.2 0 0
40 95 45 46158.7 0 0
42 95 44 46163 0 0
39 97 46 46167.2 0 0
37 100 45 46171.4 0 0
36 105 45 46175.6 0 0
35 101 47 46179.9 0 0
37 107 46 46184.1 0 0
33 108 45 46188.3 0 0
33 102 48 46192.6 0 0
31 108 45 46196.8 0 0
34 108 46 46200.9 0 0
29 110 44 46205.2 0 0
32 105 46 46209.6 0 0
32 104 46 46213.8 0 0
33 106 47 46218 0 0
28 107 46 46222.2 0 0
31 107 47 46226.4 0 0
32 107 46 46230.7 0 0
33 108 47 46234.8 0 0
33 108 47 46239.1 0 0
19 102 48 46243.3 0 0
19 102 0 46247.5 0 0
16 89 46 46251.7 0 0
21 94 44 46255.9 0 0
21 94 44 46262.9 0 0
20 90 46 46268.5 0 0
22 109 42 46272.7 0 0
18 87 44 46279.6 0 0
19 106 46 46283.8 0 0
26 105 43 46288.1 0 0
23 84 44 46292.2 0 0
20 81 45 46296.5 0 0
21 86 45 46300.7 0 0
24 102 44 46304.9 0 0
24 85 45 46309.1 0 0
20 82 45 46313.3 0 0
23 85 44 46317.6 0 0
20 85 45 46321.8 0 0
19 87 44 46326 0 0
18 89 47 46330.2 0 0
19 88 47 46334.4 0 0
19 88 43 46338.6 0 0
19 85 46 46343.3 0 0
19 87 47 46347.6 0 0
20 89 46 46351.8 0 0
20 89 46 46356 0 0
20 89 46 46362.3 0 0
21 91 44 46366.5 0 0
18 90 45 46370.7 0 0
23 93 45 46374.9 0 0
18 89 47 46379.1 0 0
20 85 48 46383.3 0 0
19 92 44 46387.5 0 0
18 91 44 46391.7 0 0
19 94 45 46396 0 0
19 94 45 46400.2 0 0
20 92 47 46404.5 0 0
19 95 47 46408.7 0 0
18 93 45 46413 0 0
22 85 48 46417.2 0 0
20 83 48 46421.4 0 0
18 91 47 46425.6 0 0
20 94 44 46429.8 0 0
18 90 46 46434 0 0
21 91 45 46438.2 0 0
19 91 45 46442.4 0 0
21 88 45 46446.6 0 0
19 90 47 46450.8 0 0
21 90 46 46455 0 0
20 89 46 46459.3 0 0
20 89 45 46463.6 0 0
21 89 45 46467.8 0 0
19 90 46 46472 0 0
22 82 48 46476.2 0 0
22 83 48 46480.4 0 0
21 93 44 46484.7 0 0
20 90 47 46488.9 0 0
20 90 47 46493.1 0 0
22 90 46 46497.3 0 0
19 89 47 46501.6 0 0
22 89 46 46505.8 0 0
21 86 45 46509.9 0 0
22 88 47 46514.2 0 0
20 83 44 46518.3 0 0
21 84 45 46522.6 0 0
23 86 46 46526.9 0 0
26 87 46 46531.2 0 0
26 87 0 46535.5 0 0
21 85 44 46539.7 0 0
23 82 46 46543.9 0 0
22 84 44 46548.1 0 0
22 82 43 46552.3 0 0
21 83 47 46556.5 0 0
21 84 43 46560.8 0 0
25 83 45 46565 0 0
24 83 44 46569.2 0 0
23 80 44 46573.4 0 0
24 80 44 46577.6 0 0
22 80 45 46581.8 0 0
25 82 43 46586 0 0
22 79 44 46590.2 0 0
24 79 43 46594.5 0 0
25 76 44 46598.7 0 0
26 77 44 46602.9 0 0
24 73 45 46607.1 0 0
24 76 43 46611.3 0 0
25 78 45 46615.5 0 0
33 84 44 46619.7 0 0
44 81 46 46624.1 0 0
50 63 48 46628.3 0 0
57 67 49 46632.5 0 0
80 112 50 46636.7 0 0
80 112 0 46640.9 0 0
77 67 50 46645.1 0 0
79 69 49 46649.3 0 0
75 68 51 46653.6 0 0
73 70 48 46657.8 0 0
73 67 49 46662 0 0
72 71 47 46666.2 0 0
72 71 0 46670.4 0 0
73 60 48 46674.6 0 0
71 66 46 46678.8 0 0
74 66 47 46683.1 0 0
69 78 48 46687.3 0 0
76 63 45 46691.5 0 0
76 63 0 46695.7 0 0
76 62 46 46699.9 0 0
74 55 48 46704.1 0 0
73 62 46 46708.4 0 0
73 57 47 46712.7 0 0
75 53 48 46716.9 0 0
74 57 47 46721.1 0 0
74 57 0 46725.3 0 0
74 60 45 46729.5 0 0
75 57 46 46733.7 0 0
75 54 46 46737.9 0 0
73 55 45 46742.2 0 0
75 50 47 46746.4 0 0
73 54 45 46750.6 0 0
74 52 46 46754.8 0 0
74 50 45 46759.1 0 0
73 53 45 46763.2 0 0
72 50 47 46767.4 0 0
73 51 46 46771.8 0 0
76 50 44 46776.1 0 0
73 51 45 46780.3 0 0
77 48 45 46784.5 0 0
75 50 45 46788.8 0 0
75 48 45 46792.9 0 0
72 47 0 46797.2 0 0
74 49 45 46801.4 0 0
75 48 44 46805.6 0 0
75 48 0 46809.8 0 0
74 41 44 46814 0 0
75 43 44 46818.2 0 0
74 44 44 46822.5 0 0
76 41 44 46826.7 0 0
76 41 44 46830.9 0 0
75 41 45 46835.1 0 0
76 43 44 46839.3 0 0
73 41 44 46843.5 0 0
73 41 0 46847.8 0 0
74 43 44 46851.9 0 0
76 36 44 46856.2 0 0
75 39 45 46860.3 0 0
76 38 44 46864.6 0 0
76 38 44 46868.8 0 0
73 38 44 46873 0 0
77 36 44 46877.2 0 0
77 38 44 46881.4 0 0
73 38 44 46885.6 0 0
75 41 43 46889.8 0 0
74 39 44 46894 0 0
73 35 44 46898.2 0 0
76 34 44 46902.6 0 0
75 32 43 46906.8 0 0
77 32 44 46911 0 0
75 35 44 46915.2 0 0
75 35 0 46919.4 0 0
75 32 44 46923.6 0 0
76 33 44 46927.8 0 0
73 31 44 46932 0 0
73 31 0 46936.5 0 0
76 32 44 46940.8 0 0
76 33 44 46945 0 0
78 34 43 46949.2 0 0
75 33 44 46953.4 0 0
75 31 44 46957.6 0 0
74 32 43 46961.8 0 0
74 31 43 46966 0 0
75 31 43 46970.2 0 0
75 34 43 46974.5 0 0
75 32 43 46978.7 0 0
76 33 43 46982.9 0 0
75 31 43 46987.1 0 0
76 33 43 46991.3 0 0
76 31 43 46995.5 0 0
76 30 42 46999.7 0 0
74 29 43 47003.9 0 0
76 33 43 47008.1 0 0
72 32 44 47012.4 0 0
76 30 43 47016.6 0 0
75 31 43 47020.9 0 0
76 30 43 47025.1 0 0
76 28 44 47029.3 0 0
75 29 43 47033.6 0 0
76 26 43 47037.8 0 0
77 29 44 47042 0 0
76 30 42 47046.2 0 0
76 23 43 47050.4 0 0
77 23 42 47065.4 0 0
77 27 43 47069.7 0 0
75 27 44 47073.9 0 0
78 23 42 47078.1 0 0
77 26 42 47082.3 0 0
76 23 42 47086.5 0 0
78 21 42 47090.7 0 0
76 24 43 47094.9 0 0
75 25 42 47099.1 0 0
74 23 42 47103.3 0 0
76 23 43 47107.6 0 0
76 25 42 47111.8 0 0
76 25 42 47116 0 0
76 25 0 47120.2 0 0
78 22 43 47124.4 0 0
77 19 42 47128.6 0 0
76 21 42 47132.8 0 0
76 24 43 47137 0 0
76 24 0 47141.2 0 0
75 21 42 47145.5 0 0
77 23 42 47149.7 0 0
76 21 42 47154 0 0
78 20 42 47158.2 0 0
75 22 42 47162.4 0 0
76 20 42 47166.6 0 0
76 20 0 47170.8 0 0
75 20 42 47175 0 0
77 23 42 47179.3 0 0
75 23 42 47183.5 0 0
77 30 42 47187.7 0 0
75 31 41 47191.9 0 0
66 35 42 47196.1 0 0
61 34 41 47200.3 0 0
55 39 40 47204.5 0 0
55 39 0 47208.8 0 0
44 55 40 47213 0 0
45 56 40 47217.2 0 0
42 58 40 47221.4 0 0
39 61 40 47225.6 0 0
41 56 40 47229.8 0 0
40 58 40 47234 0 0
41 52 40 47238.2 0 0
41 57 40 47242.4 0 0
42 57 40 47246.7 0 0
41 55 40 47250.9 0 0
39 58 40 47257.9 0 0
40 61 40 47266.3 0 0
40 57 40 47274.6 0 0
44 55 40 47282.8 0 0
41 58 40 47291.1 0 0
42 57 40 47299.6 0 0
42 57 40 47307.8 0 0
39 56 40 47315.4 0 0
39 57 39 47319.6 0 0
40 57 40 47324.5 0 0
40 55 40 47328.8 0 0
39 52 40 47333 0 0
41 53 39 47337.2 0 0
40 55 40 47341.4 0 0
40 58 40 47345.6 0 0
41 55 39 47349.8 0 0
40 55 39 47354 0 0
40 51 40 47358.2 0 0
41 54 39 47362.5 0 0
40 55 40 47366.7 0 0
40 55 0 47370.9 0 0
42 49 40 47375.1 0 0
42 56 39 47379.4 0 0
38 55 40 47383.6 0 0
41 52 40 47387.8 0 0
41 57 40 47392 0 0
38 56 40 47396.2 0 0
39 54 40 47400.4 0 0
38 57 40 47404.6 0 0
41 54 40 47408.8 0 0
41 55 40 47413 0 0
42 56 40 47417.2 0 0
43 57 39 47421.4 0 0
39 54 40 47425.6 0 0
40 56 40 47429.9 0 0
40 56 40 47434.1 0 0
39 55 39 47440.4 0 0
39 57 40 47444.6 0 0
42 57 40 47448.8 0 0
37 55 39 47453 0 0
41 54 39 47457.2 0 0
39 58 39 47461.4 0 0
39 54 40 47465.6 0 0
42 55 40 47469.9 0 0
41 58 39 47474.1 0 0
41 57 39 47478.3 0 0
41 57 39 47482.5 0 0
40 58 39 47486.7 0 0
43 54 39 47490.9 0 0
43 54 0 47495.2 0 0
39 54 40 47499.4 0 0
42 51 40 47503.6 0 0
40 57 40 47507.8 0 0
41 53 41 47512 0 0
39 59 40 47516.2 0 0
39 58 40 47520.7 0 0
43 62 40 47524.9 0 0
38 61 41 47529.1 0 0
36 69 41 47533.3 0 0
30 67 40 47537.6 0 0
30 64 40 47541.8 0 0
27 55 39 47546 0 0
28 55 40 47550.2 0 0
30 58 40 47554.4 0 0
31 55 40 47558.6 0 0
30 57 39 47562.8 0 0
31 59 39 47567.1 0 0
29 56 40 47571.2 0 0
28 57 41 47575.4 0 0
32 56 40 47579.7 0 0
31 55 40 47583.9 0 0
30 58 39 47588.1 0 0
29 58 41 47592.4 0 0
30 55 40 47596.6 0 0
31 54 41 47600.8 0 0
29 54 40 47605 0 0
30 55 39 47609.2 0 0
30 54 40 47613.4 0 0
32 57 39 47617.6 0 0
28 63 40 47621.8 0 0
27 57 40 47626.1 0 0
28 57 40 47630.3 0 0
28 57 40 47634.5 0 0
32 53 40 47638.7 0 0
31 53 40 47642.9 0 0
31 53 0 47647.1 0 0
29 53 40 47651.3 0 0
29 54 40 47655.5 0 0
29 60 40 47659.7 0 0
30 51 40 47663.9 0 0
28 52 40 47668.1 0 0
31 60 39 47672.3 0 0
30 54 40 47676.6 0 0
30 54 0 47680.8 0 0
30 53 41 47685 0 0
27 56 39 47689.2 0 0
29 56 40 47693.4 0 0
29 56 39 47697.6 0 0
32 55 40 47701.8 0 0
29 52 40 47706 0 0
28 55 40 47710.2 0 0
29 54 40 47714.4 0 0
28 59 39 47718.6 0 0
29 53 40 47722.8 0 0
30 53 40 47727 0 0
28 55 39 47731.2 0 0
30 54 39 47735.4 0 0
28 56 39 47739.6 0 0
30 52 39 47743.8 0 0
30 54 39 47748.1 0 0
30 58 39 47752.3 0 0
27 57 40 47756.5 0 0
29 54 40 47760.7 0 0
29 54 0 47764.9 0 0
30 56 39 47769.1 0 0
29 52 39 47773.3 0 0
30 53 40 47777.5 0 0
29 53 40 47781.7 0 0
31 57 39 47786 0 0
29 54 39 47790.2 0 0
30 53 40 47794.4 0 0
29 56 39 47798.6 0 0
28 53 39 47802.8 0 0
28 52 39 47807 0 0
31 51 39 47811.2 0 0
28 51 39 47815.4 0 0
28 58 39 47819.6 0 0
28 52 39 47823.8 0 0
31 49 40 47828.1 0 0
30 54 39 47832.3 0 0
29 52 39 47836.5 0 0
29 54 40 47840.7 0 0
31 52 39 47844.9 0 0
29 52 40 47849.2 0 0
30 51 39 47853.4 0 0
30 51 0 47857.6 0 0
30 51 0 47861.8 0 0
29 55 39 47866 0 0
29 56 39 47870.2 0 0
29 56 0 47874.4 0 0
31 51 39 47878.6 0 0
28 50 39 47882.8 0 0
29 54 39 47887 0 0
29 51 39 47891.2 0 0
29 51 39 47895.4 0 0
30 47 40 47899.7 0 0
28 54 40 47903.9 0 0
30 52 39 47908.1 0 0
29 53 40 47912.3 0 0
29 48 40 47916.5 0 0
29 50 39 47920.7 0 0
30 49 39 47924.9 0 0
30 50 40 47929.2 0 0
28 56 39 47933.4 0 0
30 50 39 47937.6 0 0
32 55 38 47941.8 0 0
31 53 38 47946 0 0
30 52 39 47950.2 0 0
29 50 39 47954.4 0 0
29 55 40 47958.7 0 0
31 53 38 47965.6 0 0
28 52 40 47969.9 0 0
29 49 40 47974.1 0 0
32 54 40 47978.3 0 0
29 56 39 47982.5 0 0
31 48 39 47986.7 0 0
31 55 39 47990.9 0 0
29 51 39 47995.1 0 0
30 50 39 47999.4 0 0
29 55 39 48003.6 0 0
29 50 40 48007.8 0 0
29 50 0 48012 0 0
30 53 39 48016.2 0 0
31 52 39 48020.4 0 0
29 52 39 48024.6 0 0
30 57 38 48028.9 0 0
30 50 40 48033.1 0 0
31 53 39 48037.3 0 0
30 54 39 48041.5 0 0
30 52 39 48045.7 0 0
31 54 39 48049.9 0 0
31 55 39 48054.2 0 0
31 55 39 48058.4 0 0
29 51 39 48065.4 0 0
27 55 38 48069.7 0 0
30 51 39 48073.8 0 0
29 52 38 48078.1 0 0
32 54 40 48082.3 0 0
30 56 39 48086.5 0 0
30 54 40 48090.7 0 0
28 51 38 48094.9 0 0
29 53 38 48099.2 0 0
30 54 39 48103.4 0 0
30 52 39 48107.6 0 0
29 61 39 48111.8 0 0
28 55 39 48116 0 0
30 50 38 48120.2 0 0
28 52 40 48124.5 0 0
28 52 0 48128.7 0 0
31 52 39 48132.9 0 0
27 50 38 48137.1 0 0
28 53 39 48141.3 0 0
29 57 39 48145.5 0 0
33 54 39 48149.7 0 0
29 53 39 48154 0 0
27 54 40 48158.2 0 0
31 55 39 48162.4 0 0
28 56 40 48166.6 0 0
29 53 38 48170.8 0 0
26 50 39 48175.1 0 0
30 55 38 48179.3 0 0
30 58 39 48183.5 0 0
29 55 39 48187.7 0 0
30 58 38 48191.9 0 0
26 56 39 48196.2 0 0
30 57 39 48200.4 0 0
32 54 39 48204.6 0 0
32 57 40 48208.8 0 0
30 59 39 48213.1 0 0
30 59 38 48217.3 0 0
28 57 38 48221.5 0 0
30 59 39 48225.7 0 0
31 56 39 48229.9 0 0
29 53 39 48234.1 0 0
33 58 39 48238.3 0 0
32 57 39 48242.6 0 0
32 55 39 48246.8 0 0
32 55 0 48251 0 0
29 57 40 48255.2 0 0
29 61 38 48259.4 0 0
29 61 39 48263.6 0 0
28 57 38 48267.8 0 0
28 57 39 48272.2 0 0
31 58 39 48276.4 0 0
27 50 40 48280.6 0 0
28 57 39 48284.9 0 0
30 60 38 48289.1 0 0
29 58 39 48293.3 0 0
28 58 39 48297.6 0 0
31 58 39 48301.8 0 0
30 58 39 48306 0 0
31 63 39 48310.2 0 0
31 63 0 48314.4 0 0
31 63 39 48318.6 0 0
31 63 39 48322.9 0 0
31 63 38 48327.1 0 0
31 63 38 48331.3 0 0
31 63 40 48335.5 0 0
31 63 39 48339.7 0 0
31 63 39 48343.9 0 0
31 63 38 48348.2 0 0
31 63 38 48352.4 0 0
31 63 38 48356.6 0 0
31 63 39 48360.8 0 0
31 63 0 48365 0 0
31 63 38 48369.2 0 0
31 63 38 48373.4 0 0
31 63 38 48377.6 0 0
31 63 0 48381.8 0 0
31 63 0 48386 0 0
31 63 38 48390.2 0 0
31 63 38 48394.5 0 0
31 63 38 48398.8 0 0
31 63 38 48403 0 0
31 63 38 48407.2 0 0
31 63 0 48411.4 0 0
31 63 37 48415.6 0 0
31 63 0 48419.8 0 0
31 63 38 48424 0 0
31 63 38 48428.2 0 0
31 63 38 48432.4 0 0
31 63 38 48436.6 0 0
31 63 38 48440.9 0 0
31 63 37 48445.1 0 0
31 63 38 48449.3 0 0
31 63 0 48453.5 0 0
31 63 39 48457.7 0 0
31 63 38 48461.9 0 0
31 63 39 48466.1 0 0
31 63 39 48470.8 0 0
31 63 37 48475 0 0
31 63 38 48479.2 0 0
31 63 38 48483.4 0 0
31 63 37 48487.7 0 0
31 63 0 48491.9 0 0
31 63 38 48496.2 0 0
31 63 38 48500.4 0 0
31 63 0 48504.6 0 0
31 63 0 48508.8 0 0
70 36 38 49501.8 0 0
71 33 37 49506 0 0
64 41 38 49510.2 0 0
54 37 38 49514.4 0 0
44 26 36 49518.8 0 0
41 44 37 49523.4 0 0
37 52 37 49527.7 0 0
35 54 37 49531.9 0 0
35 54 0 49536.1 0 0
35 50 36 49540.3 0 0
36 47 37 49544.6 0 0
33 46 36 49548.7 0 0
34 47 38 49555.8 0 0
34 54 37 49560 0 0
36 47 37 49564.3 0 0
34 46 37 49568.5 0 0
35 47 36 49572.7 0 0
36 49 37 49576.9 0 0
37 47 37 49581.1 0 0
35 44 38 49585.3 0 0
33 50 37 49589.6 0 0
34 51 37 49593.8 0 0
34 51 0 49598.1 0 0
34 53 36 49602.3 0 0
36 48 37 49606.5 0 0
34 53 37 49610.7 0 0
37 51 37 49614.9 0 0
37 51 0 49619.1 0 0
36 53 37 49623.3 0 0
36 49 37 49627.6 0 0
37 49 37 49631.8 0 0
35 49 37 49636 0 0
33 52 37 49640.2 0 0
34 51 37 49644.4 0 0
35 47 37 49648.6 0 0
35 47 0 49655.5 0 0
35 47 0 49659.7 0 0
33 51 37 49664 0 0
34 50 38 49668.2 0 0
35 47 37 49672.4 0 0
32 51 37 49676.6 0 0
35 49 38 49680.8 0 0
34 46 37 49685.1 0 0
34 51 36 49689.3 0 0
35 47 38 49693.5 0 0
34 48 37 49697.7 0 0
34 49 37 49701.9 0 0
33 50 38 49706.2 0 0
33 50 37 49710.4 0 0
35 49 38 49714.6 0 0
35 51 37 49718.8 0 0
33 50 37 49723.1 0 0
34 50 37 49727.3 0 0
33 51 37 49731.5 0 0
35 46 37 49735.7 0 0
34 51 37 49739.9 0 0
34 51 38 49744.1 0 0
36 47 37 49748.3 0 0
33 49 38 49752.5 0 0
33 46 39 49756.7 0 0
33 51 37 49760.9 0 0
33 52 37 49768.1 0 0
33 52 37 49776.3 0 0
35 51 38 49784.2 0 0
35 52 38 49788.5 0 0
33 51 38 49792.9 0 0
35 68 37 49797.1 0 0
35 68 37 49801.3 0 0
35 68 37 49805.5 0 0
35 68 37 49809.8 0 0
35 68 37 49814 0 0
35 68 38 49818.2 0 0
35 68 38 49822.4 0 0
35 68 38 49826.6 0 0
35 68 36 49830.8 0 0
35 68 37 49835.1 0 0
35 68 36 49839.3 0 0
35 68 37 49843.5 0 0
35 68 0 49847.7 0 0
35 68 37 49851.9 0 0
35 68 36 49856.1 0 0
35 68 36 49860.3 0 0
35 68 36 49864.6 0 0
35 68 0 49868.8 0 0
35 68 0 49873 0 0
35 68 37 49877.2 0 0
35 68 37 49881.4 0 0
35 68 37 49888.3 0 0
35 68 36 49892.5 0 0
35 68 37 49896.8 0 0
35 68 37 49901.1 0 0
35 68 37 49905.3 0 0
35 68 37 49909.5 0 0
35 68 37 49913.7 0 0
35 68 37 49917.9 0 0
35 68 36 49922.1 0 0
35 68 36 49926.3 0 0
35 68 37 49930.6 0 0
35 68 0 49934.8 0 0
35 68 37 49939 0 0
35 68 37 49943.2 0 0
35 68 36 49947.4 0 0
35 68 37 49951.6 0 0
35 68 0 49955.8 0 0
35 68 36 49960 0 0
35 68 37 49964.3 0 0
35 68 36 49968.5 0 0
35 68 37 49972.7 0 0
35 68 36 49976.9 0 0
35 68 36 49981.1 0 0
35 68 0 49985.3 0 0
35 68 36 49989.6 0 0
35 68 36 49993.8 0 0
35 68 36 49998 0 0
127 185 33 52484.7 0 0
130 181 34 52497.3 0 0
130 181 0 52501.5 0 0
130 181 0 52505.7 0 0
130 181 0 52509.9 0 0
130 181 0 52514.1 0 0
127 182 32 52518.3 0 0
127 182 0 52522.6 0 0
127 182 0 52526.8 0 0
192 50 33 52657.6 0 0
192 50 0 52661.8 0 0
192 50 0 52666 0 0
185 47 32 52670.2 0 0
184 44 32 52674.4 0 0
189 53 32 52678.6 0 0
189 53 0 52682.9 0 0
186 34 33 52687.1 0 0
186 37 32 52691.3 0 0
188 37 33 52695.5 0 0
184 34 33 52699.7 0 0
185 38 32 52703.9 0 0
186 44 33 52708.1 0 0
191 46 34 52712.3 0 0
185 42 32 52716.6 0 0
184 38 33 52720.8 0 0
193 48 33 52725 0 0
187 39 33 52729.2 0 0
185 39 36 52733.4 0 0
186 37 33 52737.6 0 0
190 50 32 52741.8 0 0
184 36 32 52748.7 0 0
194 58 33 52752.9 0 0
194 58 0 52757.1 0 0
194 58 0 52761.3 0 0
194 58 0 52765.5 0 0
184 42 33 52769.9 0 0
186 39 31 52774.1 0 0
186 39 0 52778.3 0 0
186 39 0 52782.6 0 0
186 39 0 52786.8 0 0
186 39 0 52791 0 0
190 47 30 52795.2 0 0
190 35 32 52799.4 0 0
185 38 32 52803.6 0 0
185 38 0 52807.8 0 0
186 42 32 52812.1 0 0
186 42 0 52816.2 0 0
186 42 0 52820.4 0 0
186 42 0 52824.7 0 0
186 42 0 52828.9 0 0
186 44 33 52833.1 0 0
184 41 32 52837.3 0 0
185 39 33 52841.5 0 0
190 45 32 52845.8 0 0
185 41 32 52852.8 0 0
184 38 33 52861 0 0
187 44 33 52869.5 0 0
185 37 33 52877.7 0 0
185 37 33 52886.2 0 0
186 48 32 52893.6 0 0
191 42 32 52897.8 0 0
187 40 33 52902.7 0 0
187 42 33 52906.9 0 0
188 38 33 52911.2 0 0
188 44 33 52915.3 0 0
188 44 0 52919.6 0 0
188 44 0 52923.8 0 0
190 40 30 52928 0 0
190 40 0 52932.2 0 0
190 40 0 52936.4 0 0
188 44 31 52940.6 0 0
188 44 0 52944.8 0 0
188 44 0 52949 0 0
188 44 0 52953.3 0 0
188 44 0 52957.5 0 0
188 44 0 52961.7 0 0
189 44 31 52965.9 0 0
189 44 0 52970.1 0 0
192 43 31 52974.3 0 0
192 43 0 52978.6 0 0
190 40 30 52982.8 0 0
190 40 0 52986.9 0 0
190 40 0 52991.2 0 0
186 37 32 52995.4 0 0
189 37 0 52999.6 0 0
189 37 0 53006.6 0 0
189 37 0 53010.8 0 0
184 42 32 53015.1 0 0
189 41 34 53019.3 0 0
189 41 0 53023.6 0 0
187 43 32 53027.8 0 0
187 43 32 53032 0 0
187 43 0 53036.3 0 0
185 41 33 53040.5 0 0
191 42 33 53044.7 0 0
187 43 33 53053.1 0 0
185 39 32 53059.8 0 0
190 43 31 53064 0 0
190 38 32 53069.5 0 0
193 35 33 53073.7 0 0
190 24 33 53077.9 0 0
192 32 32 53082.1 0 0
185 46 32 53086.3 0 0
189 47 31 53090.6 0 0
189 47 0 53094.8 0 0
193 28 32 53099 0 0
186 43 32 53103.2 0 0
186 43 0 53107.4 0 0
186 43 0 53111.6 0 0
186 43 0 53115.9 0 0
186 43 0 53120.1 0 0
193 42 31 53124.3 0 0
193 42 0 53128.5 0 0
193 42 0 53132.7 0 0
194 31 32 53136.9 0 0
194 31 0 53141.1 0 0
194 31 0 53148.2 0 0
193 33 31 53152.5 0 0
193 33 0 53156.7 0 0
193 33 0 53160.9 0 0
193 33 0 53165.2 0 0
193 33 0 53169.4 0 0
193 33 0 53173.6 0 0
193 37 31 53177.8 0 0
193 37 0 53182 0 0
193 37 0 53186.2 0 0
193 37 0 53190.6 0 0
193 37 0 53194.8 0 0
193 37 0 53199 0 0
193 37 0 53203.2 0 0
193 37 22 53207.4 0 0
193 37 28 53211.7 0 0
193 37 0 53215.9 0 0
259 100 30 53220.2 0 0
255 81 30 53224.4 0 0
255 81 21 53228.6 0 0
255 81 0 53232.8 0 0
255 81 0 53237 0 0
255 81 23 53241.2 0 0
255 81 0 53245.4 0 0
255 81 24 53249.6 0 0
255 81 0 53253.8 0 0
255 81 0 53258.1 0 0
255 81 0 53262.2 0 0
255 83 30 53268.6 0 0
255 83 0 53272.8 0 0
255 83 25 53277.1 0 0
256 93 30 53282.2 0 0
256 93 0 53286.5 0 0
256 93 0 53290.7 0 0
256 93 0 53294.9 0 0
256 93 0 53299.1 0 0
256 93 0 53303.3 0 0
256 93 0 53307.5 0 0
256 93 0 53311.7 0 0
256 93 0 53315.9 0 0
256 93 0 53320.2 0 0
256 93 0 53324.3 0 0
257 90 28 53346.7 0 0
255 93 0 53350.9 0 0
255 93 0 53356.3 0 0
255 93 0 53360.5 0 0
255 93 0 53364.8 0 0
255 93 0 53369 0 0
255 93 0 53373.2 0 0
255 93 0 53377.4 0 0
255 93 0 53381.7 0 0
255 93 0 53385.9 0 0
255 93 0 53390.1 0 0
255 93 0 53394.3 0 0
255 93 0 53398.5 0 0
255 93 0 53402.8 0 0
255 93 0 53407 0 0
255 93 0 53411.2 0 0
255 93 0 53415.4 0 0
255 93 0 53419.6 0 0
255 93 0 53423.8 0 0
255 93 0 53428 0 0
255 93 0 53432.2 0 0
255 93 0 53436.4 0 0
255 93 0 53440.7 0 0
255 93 0 53444.9 0 0
255 93 0 53449.1 0 0
255 93 0 53455.9 0 0
255 93 0 53460.2 0 0
255 93 0 53464.5 0 0
255 93 0 53468.8 0 0
255 93 0 53472.9 0 0
255 93 0 53477.2 0 0
255 93 0 53481.3 0 0
255 93 0 53485.6 0 0
255 93 0 53489.8 0 0
255 93 0 53494 0 0
255 93 0 53498.2 0 0
255 93 0 53502.5 0 0
255 93 0 53506.7 0 0
255 93 0 53510.9 0 0
255 93 0 53515.1 0 0
255 93 0 53519.3 0 0
255 93 0 53523.6 0 0
255 93 0 53527.8 0 0
255 93 0 53532 0 0
255 93 0 53536.2 0 0
255 93 0 53543.2 0 0
255 93 0 53547.3 0 0
254 58 30 54371.4 0 0
254 58 0 54375.6 0 0
254 58 0 54379.8 0 0
254 58 0 54384 0 0
254 58 0 54388.2 0 0
254 58 0 54392.4 0 0
254 58 0 54396.6 0 0
252 68 30 54400.9 0 0
252 68 0 54405.6 0 0
252 68 0 54409.8 0 0
252 68 0 54414.1 0 0
253 64 30 54418.3 0 0
252 71 31 54422.5 0 0
252 71 0 54426.7 0 0
252 71 0 54430.9 0 0
252 71 0 54435.2 0 0
252 71 0 54439.4 0 0
252 71 0 54443.6 0 0
252 71 0 54447.8 0 0
252 71 0 54452 0 0
252 71 17 54456.2 0 0
252 71 0 54460.4 0 0
252 71 0 54464.7 0 0
252 71 0 54468.9 0 0
252 71 0 54473.1 0 0
251 74 32 54477.3 0 0
251 74 0 54481.5 0 0
251 74 0 54485.7 0 0
251 74 0 54489.9 0 0
257 84 0 54509.4 0 0
257 84 0 54517.4 0 0
257 84 0 54526.1 0 0
257 84 0 54534.2 0 0
257 84 0 54538.4 0 0
257 84 0 54542.8 0 0
257 84 0 54547 0 0
257 84 0 54551.2 0 0
257 84 0 54555.4 0 0
257 84 0 54559.7 0 0
257 84 0 54563.9 0 0
257 84 0 54568.1 0 0
257 84 0 54572.3 0 0
257 84 0 54576.5 0 0
257 84 0 54580.7 0 0
257 84 0 54584.9 0 0
257 84 0 54589.2 0 0
257 84 0 54593.4 0 0
257 84 0 54597.6 0 0
257 84 0 54601.8 0 0
257 84 0 54606 0 0
257 84 0 54610.3 0 0
257 84 0 54614.5 0 0
257 84 0 54618.7 0 0
257 84 0 54622.9 0 0
257 84 0 54627.1 0 0
257 84 0 54634.3 0 0
257 84 0 54638.5 0 0
257 84 0 54642.7 0 0
257 84 0 54646.9 0 0
257 84 0 54651.1 0 0
257 84 0 54655.8 0 0
257 84 0 54660.1 0 0
257 84 0 54664.3 0 0
257 84 0 54668.5 0 0
257 84 0 54672.7 0 0
257 84 0 54676.9 0 0
257 84 0 54681.2 0 0
257 84 0 54685.4 0 0
257 84 0 54689.6 0 0
257 84 0 54696.5 0 0
257 84 0 54700.7 0 0
257 84 0 54704.9 0 0
257 84 0 54709.1 0 0
254 80 35 56155 0 0
254 80 0 56159.2 0 0
254 74 35 56163.4 0 0
254 73 35 56170.4 0 0
258 70 35 56174.7 0 0
258 70 0 56178.9 0 0
261 71 35 56183.1 0 0
261 71 0 56187.3 0 0
259 72 35 56191.5 0 0
259 72 0 56195.7 0 0
261 67 34 56199.9 0 0
261 67 0 56204.1 0 0
260 66 35 56208.3 0 0
260 66 0 56212.6 0 0
261 66 37 56229.4 0 0
261 62 36 56233.6 0 0
261 62 0 56237.9 0 0
261 62 0 56242.2 0 0
261 65 35 56314.9 0 0
259 67 36 56323.3 0 0
261 64 37 56327.5 0 0
254 67 35 56348.6 0 0
258 69 37 56352.8 0 0
256 75 37 56357.1 0 0
256 75 0 56361.3 0 0
259 70 35 56365.5 0 0
256 74 36 56369.7 0 0
257 74 36 56374.5 0 0
257 72 36 56378.7 0 0
255 73 36 56382.9 0 0
254 72 35 56387.1 0 0
254 72 0 56391.3 0 0
253 71 36 56395.5 0 0
253 71 0 56399.7 0 0
255 71 36 56403.9 0 0
255 71 0 56408.2 0 0
258 71 36 56412.4 0 0
257 73 35 56416.6 0 0
255 70 36 56420.8 0 0
255 70 0 56425 0 0
253 71 35 56429.2 0 0
253 71 0 56433.4 0 0
258 70 35 56437.7 0 0
256 71 36 56441.9 0 0
254 70 36 56446.1 0 0
255 66 35 56450.3 0 0
254 67 36 56454.5 0 0
256 73 36 56458.7 0 0
254 66 36 56462.9 0 0
254 66 0 56467.6 0 0
258 69 35 56471.8 0 0
255 70 35 56476 0 0
255 70 0 56480.2 0 0
254 71 35 56484.4 0 0
246 62 35 56488.6 0 0
246 62 0 56492.8 0 0
226 67 36 56497.1 0 0
216 65 38 56501.3 0 0
215 56 37 56505.5 0 0
192 90 38 56509.7 0 0
187 82 37 56513.9 0 0
187 82 36 56518.1 0 0
187 82 36 56522.3 0 0
187 82 0 56526.5 0 0
187 82 0 56530.8 0 0
187 82 0 56535 0 0
187 82 0 56539.2 0 0
187 82 0 56543.4 0 0
187 82 0 56547.6 0 0
187 82 0 56551.8 0 0
187 82 0 56556 0 0
187 82 0 56560.2 0 0
187 82 0 56564.4 0 0
187 82 0 56568.6 0 0
187 82 0 56572.8 0 0
187 82 0 56577.1 0 0
187 82 0 56581.3 0 0
187 82 0 56585.5 0 0
187 82 0 56589.7 0 0
187 82 0 56593.9 0 0
187 82 0 56598.2 0 0
187 82 36 56602.4 0 0
187 82 38 56606.6 0 0
187 82 38 56610.8 0 0
187 82 40 56615 0 0
187 82 40 56619.3 0 0
187 82 0 56623.5 0 0
187 82 40 56627.7 0 0
187 82 39 56631.9 0 0
187 82 39 56636.1 0 0
187 82 39 56640.3 0 0
187 82 39 56644.6 0 0
187 82 40 56648.8 0 0
187 82 40 56653 0 0
187 82 40 56657.2 0 0
187 82 39 56661.5 0 0
187 82 39 56665.7 0 0
187 82 39 56669.9 0 0
187 82 39 56674.1 0 0
187 82 39 56678.3 0 0
187 82 39 56682.6 0 0
187 82 40 56686.8 0 0
187 82 39 56691 0 0
187 82 39 56695.2 0 0
187 82 39 56699.4 0 0
187 82 39 56703.6 0 0
187 82 39 56707.8 0 0
187 82 39 56712 0 0
187 82 40 56716.2 0 0
42 66 37 56771 0 0
32 60 36 56775.2 0 0
29 59 38 56779.4 0 0
28 62 37 56783.6 0 0
31 63 38 56787.8 0 0
32 65 38 56792 0 0
32 64 37 56796.2 0 0
32 63 37 56800.4 0 0
32 58 37 56804.7 0 0
33 63 38 56808.9 0 0
30 65 38 56813.1 0 0
32 60 39 56817.3 0 0
29 65 37 56821.5 0 0
30 61 38 56825.8 0 0
30 63 37 56829.9 0 0
29 66 37 56834.2 0 0
31 63 37 56838.4 0 0
31 60 37 56842.6 0 0
31 61 37 56846.9 0 0
30 62 37 56851.1 0 0
30 60 37 56855.3 0 0
30 63 36 56859.5 0 0
30 62 37 56863.7 0 0
31 61 37 56867.9 0 0
32 61 37 56872.1 0 0
30 62 38 56876.4 0 0
30 61 36 56880.6 0 0
30 65 37 56884.8 0 0
28 62 37 56889 0 0
28 44 38 56893.2 0 0
30 65 37 56897.4 0 0
31 65 37 56901.6 0 0
31 58 37 56905.9 0 0
31 64 38 56910.1 0 0
29 62 36 56914.3 0 0
32 61 36 56918.5 0 0
33 62 37 56922.7 0 0
30 59 37 56926.9 0 0
29 61 36 56931.1 0 0
30 62 36 56935.3 0 0
30 61 36 56939.6 0 0
32 61 37 56943.8 0 0
30 60 36 56948 0 0
30 62 36 56952.2 0 0
30 61 36 56956.4 0 0
29 62 36 56960.6 0 0
29 62 0 56964.8 0 0
28 62 36 56969.1 0 0
28 62 0 56973.3 0 0
29 60 36 56977.5 0 0
32 61 37 56981.7 0 0
27 60 37 56985.9 0 0
31 63 36 56990.1 0 0
31 63 0 56994.3 0 0
31 63 36 56999 0 0
31 63 36 57003.2 0 0
31 63 37 57007.4 0 0
31 63 38 57011.6 0 0
31 63 38 57015.8 0 0
31 63 36 57020.5 0 0
31 63 35 57024.8 0 0
31 63 36 57029 0 0
31 63 33 57033.2 0 0
31 63 33 57037.4 0 0
31 63 0 57041.6 0 0
31 63 32 57045.8 0 0
31 63 34 57050 0 0
31 63 33 57054.7 0 0
31 63 33 57058.9 0 0
31 63 34 57065.5 0 0
31 63 0 57069.7 0 0
31 63 32 57073.9 0 0
31 63 0 57078.1 0 0
31 63 0 57082.4 0 0
31 63 0 57086.6 0 0
31 63 0 57090.8 0 0
31 63 0 57095 0 0
31 63 0 57099.3 0 0
31 63 0 57103.5 0 0
31 63 0 57107.7 0 0
31 63 0 57111.9 0 0
31 63 0 57116.1 0 0
31 63 0 57120.3 0 0
31 63 0 57124.6 0 0
31 63 0 57128.8 0 0
31 63 0 57133 0 0
31 63 0 57137.2 0 0
31 63 21 57141.4 0 0
31 63 0 57145.6 0 0
31 63 0 57149.8 0 0
31 63 0 57154.1 0 0
31 63 0 57158.3 0 0
237 105 32 57187.5 0 0
237 105 0 57191.7 0 0
237 105 0 57195.9 0 0
237 105 0 57200.1 0 0
237 105 0 57206.1 0 0
237 105 0 57210.3 0 0
237 105 0 57214.6 0 0
237 105 0 57218.8 0 0
237 105 0 57223 0 0
237 105 0 57227.2 0 0
237 105 0 57231.4 0 0
237 105 0 57235.6 0 0
237 105 0 57239.8 0 0
30 52 38 60634 0 0
35 53 38 60638.2 0 0
30 67 39 60642.4 0 0
30 47 38 60649.5 0 0
35 56 37 60657.8 0 0
37 72 37 60666.2 0 0
38 68 38 60674.5 0 0
38 68 38 60682.7 0 0
25 84 0 60690.5 0 0
51 58 39 60694.7 0 0
25 70 38 60699.4 0 0
22 73 38 60703.6 0 0
22 72 38 60707.9 0 0
20 73 38 60712.1 0 0
20 73 0 60716.3 0 0
23 70 38 60720.5 0 0
25 73 39 60724.7 0 0
24 69 38 60728.9 0 0
24 69 0 60733.1 0 0
25 71 37 60737.7 0 0
26 73 38 60741.9 0 0
25 70 38 60746.2 0 0
24 74 38 60750.4 0 0
24 72 39 60754.6 0 0
24 72 0 60758.8 0 0
24 72 0 60763 0 0
30 66 38 60767.2 0 0
39 66 38 60774.4 0 0
28 71 39 60782.6 0 0
28 68 40 60791.1 0 0
30 74 38 60799.3 0 0
30 74 38 60807.8 0 0
30 72 38 60815.5 0 0
28 73 39 60819.7 0 0
31 69 39 60824.3 0 0
29 69 38 60828.5 0 0
30 72 38 60832.7 0 0
30 70 38 60836.9 0 0
30 70 0 60841.2 0 0
30 70 0 60845.4 0 0
37 63 39 60849.6 0 0
37 63 0 60853.8 0 0
32 72 37 60858 0 0
30 73 38 60862.2 0 0
28 73 39 60866.5 0 0
28 73 0 60870.7 0 0
36 58 38 60875 0 0
36 66 38 60879.2 0 0
36 66 0 60883.4 0 0
36 66 0 60887.6 0 0
35 64 38 60891.8 0 0
28 69 38 60896 0 0
28 69 0 60900.2 0 0
35 66 38 60904.5 0 0
30 71 39 60908.7 0 0
34 62 38 60912.9 0 0
33 58 39 60917.1 0 0
33 59 0 60924.2 0 0
33 59 0 60932.5 0 0
30 58 39 60940.5 0 0
32 58 0 60944.7 0 0
31 59 38 60949.2 0 0
29 58 37 60953.4 0 0
32 54 38 60957.6 0 0
31 53 38 60961.8 0 0
31 54 37 60966.1 0 0
31 55 37 60970.3 0 0
33 57 38 60974.5 0 0
33 55 37 60978.7 0 0
33 55 37 60982.9 0 0
34 55 37 60987.1 0 0
32 57 37 60991.3 0 0
32 57 0 60995.5 0 0
33 56 37 60999.8 0 0
31 56 38 61004 0 0
34 56 39 61008.2 0 0
32 59 38 61012.4 0 0
31 56 39 61016.6 0 0
31 54 39 61020.8 0 0
30 56 39 61025 0 0
29 55 40 61029.2 0 0
28 54 39 61033.4 0 0
28 54 0 61037.7 0 0
33 68 40 61041.9 0 0
42 86 40 61046.1 0 0
42 86 0 61050.3 0 0
42 86 0 61065.5 0 0
42 86 0 61069.7 0 0
42 86 40 61074.3 0 0
42 86 40 61078.5 0 0
42 86 37 61082.8 0 0
42 86 39 61087 0 0
42 86 39 61091.2 0 0
42 86 39 61095.4 0 0
42 86 36 61099.6 0 0
42 86 38 61103.8 0 0
42 86 36 61108 0 0
42 86 39 61112.2 0 0
42 86 36 61116.5 0 0
42 86 0 61120.7 0 0
42 86 35 61124.9 0 0
42 86 31 61129.1 0 0
42 86 31 61133.3 0 0
42 86 30 61137.5 0 0
42 86 0 61141.7 0 0
42 86 0 61152.8 0 0
42 86 0 61159.2 0 0
42 86 0 61163.5 0 0
42 86 0 61169.7 0 0
42 86 0 61173.9 0 0
42 86 0 61178.2 0 0
42 86 0 61182.4 0 0
42 86 0 61186.6 0 0
42 86 0 61190.9 0 0
42 86 0 61195.2 0 0
42 86 0 61199.4 0 0
42 86 0 61203.6 0 0
42 86 0 61207.8 0 0
42 86 0 61212 0 0
42 86 0 61216.2 0 0
42 86 0 61220.4 0 0
42 86 0 61224.7 0 0
42 86 0 61228.9 0 0
42 86 0 61233.1 0 0
42 86 0 61237.3 0 0
42 86 0 61241.5 0 0
42 86 0 61245.7 0 0
40 196 35 61864.9 0 0
33 191 36 61869.1 0 0
33 187 35 61873.3 0 0
33 188 35 61877.5 0 0
30 188 36 61881.7 0 0
33 191 36 61885.9 0 0
33 189 36 61890.1 0 0
34 185 36 61894.3 0 0
37 187 36 61898.6 0 0
36 185 36 61902.8 0 0
35 190 36 61907 0 0
35 189 37 61911.2 0 0
39 192 37 61915.4 0 0
49 193 37 61919.6 0 0
62 195 37 61923.8 0 0
67 201 37 61928.1 0 0
73 197 37 61932.3 0 0
75 199 37 61936.5 0 0
76 204 37 61940.7 0 0
76 203 37 61944.9 0 0
73 205 37 61949.1 0 0
74 205 37 61953.3 0 0
72 203 36 61957.6 0 0
73 202 37 61961.8 0 0
75 201 36 61966 0 0
73 203 36 61970.2 0 0
72 204 36 61974.4 0 0
76 204 36 61978.6 0 0
74 205 36 61982.8 0 0
75 202 36 61987 0 0
75 202 36 61991.2 0 0
77 204 36 61995.5 0 0
73 205 37 61999.7 0 0
75 203 36 62003.9 0 0
72 203 37 62008.1 0 0
75 202 37 62012.3 0 0
75 201 37 62016.5 0 0
76 201 36 62020.8 0 0
70 204 36 62025 0 0
74 204 36 62029.2 0 0
75 203 37 62033.4 0 0
76 199 37 62037.7 0 0
75 202 36 62041.9 0 0
77 198 36 62046.1 0 0
76 195 36 62050.3 0 0
80 174 36 62054.5 0 0
84 156 36 62058.7 0 0
85 133 37 62062.9 0 0
87 118 37 62067.2 0 0
85 111 36 62071.4 0 0
87 101 37 62075.6 0 0
87 88 37 62079.8 0 0
88 85 37 62084.1 0 0
87 77 37 62088.3 0 0
86 70 37 62092.6 0 0
90 62 37 62096.8 0 0
91 61 37 62101 0 0
92 56 37 62105.2 0 0
88 47 37 62109.4 0 0
83 43 37 62113.6 0 0
91 53 37 62117.8 0 0
88 59 38 62122.1 0 0
85 61 37 62126.3 0 0
89 60 37 62130.5 0 0
89 60 37 62134.7 0 0
86 57 38 62138.9 0 0
87 59 38 62143.1 0 0
88 60 37 62147.3 0 0
87 60 38 62151.5 0 0
88 59 37 62155.8 0 0
88 59 37 62160 0 0
87 60 37 62164.2 0 0
87 59 37 62168.4 0 0
88 58 37 62172.6 0 0
88 60 38 62176.8 0 0
86 59 38 62181 0 0
86 60 38 62185.2 0 0
87 60 37 62189.5 0 0
87 62 38 62193.7 0 0
88 59 37 62198 0 0
88 64 37 62202.2 0 0
87 57 37 62206.4 0 0
86 60 38 62210.6 0 0
85 60 38 62214.8 0 0
86 59 38 62219.1 0 0
88 61 37 62223.3 0 0
86 62 38 62227.5 0 0
88 64 37 62231.7 0 0
86 62 38 62235.9 0 0
86 63 38 62240.1 0 0
88 61 38 62244.3 0 0
86 62 37 62249 0 0
88 58 37 62253.2 0 0
87 61 37 62257.4 0 0
87 60 37 62261.6 0 0
85 62 37 62265.8 0 0
86 61 38 62270 0 0
86 62 38 62274.2 0 0
86 59 38 62278.4 0 0
86 62 37 62282.7 0 0
87 58 37 62286.9 0 0
84 58 37 62291.1 0 0
84 62 37 62297.9 0 0
86 59 37 62302.1 0 0
86 58 38 62306.3 0 0
89 56 37 62310.5 0 0
86 58 37 62314.7 0 0
86 59 37 62318.9 0 0
84 58 37 62323.1 0 0
87 58 37 62327.3 0 0
85 59 37 62331.6 0 0
85 57 37 62335.8 0 0
84 62 37 62340 0 0
83 56 37 62344.2 0 0
83 42 38 62348.4 0 0
80 33 38 62352.7 0 0
78 32 37 62356.9 0 0
78 31 37 62361.1 0 0
79 28 37 62365.3 0 0
78 29 38 62369.5 0 0
78 34 37 62373.9 0 0
79 27 38 62378.2 0 0
79 32 38 62382.4 0 0
77 29 37 62386.6 0 0
78 32 37 62390.8 0 0
79 29 37 62395.2 0 0
78 31 37 62399.4 0 0
79 29 37 62406 0 0
80 30 37 62410.5 0 0
79 31 38 62414.7 0 0
79 28 37 62418.9 0 0
78 30 37 62423.2 0 0
79 29 37 62427.4 0 0
78 27 37 62431.6 0 0
78 29 37 62435.8 0 0
80 26 37 62440 0 0
77 32 38 62444.2 0 0
77 30 37 62448.4 0 0
77 29 37 62452.6 0 0
78 30 37 62456.9 0 0
80 32 37 62461.1 0 0
77 31 37 62465.3 0 0
78 30 37 62469.5 0 0
79 31 37 62473.7 0 0
80 31 37 62477.9 0 0
77 32 37 62482.2 0 0
80 30 37 62486.4 0 0
76 32 37 62490.6 0 0
79 30 37 62494.8 0 0
77 34 36 62499 0 0
79 28 37 62506.2 0 0
80 30 37 62510.4 0 0
79 30 36 62514.6 0 0
80 32 37 62518.8 0 0
79 30 37 62523 0 0
78 34 37 62527.2 0 0
78 33 37 62531.4 0 0
79 29 36 62535.7 0 0
78 33 37 62539.9 0 0
78 31 36 62544.1 0 0
77 31 36 62548.2 0 0
78 32 36 62552.5 0 0
79 29 36 62556.7 0 0
78 32 36 62560.9 0 0
78 27 36 62565.1 0 0
79 30 36 62569.3 0 0
77 29 36 62573.5 0 0
77 30 36 62577.7 0 0
81 23 36 62582 0 0
77 30 36 62586.2 0 0
80 28 36 62590.4 0 0
80 26 36 62594.6 0 0
78 27 36 62598.8 0 0
79 32 36 62603 0 0
78 29 36 62607.2 0 0
79 31 36 62611.4 0 0
79 29 37 62615.7 0 0
82 28 36 62622.6 0 0
78 32 36 62626.8 0 0
79 30 36 62631 0 0
78 30 36 62635.3 0 0
79 31 36 62639.7 0 0
77 25 36 62643.9 0 0
77 29 36 62648.1 0 0
79 29 36 62652.3 0 0
78 28 36 62656.6 0 0
81 32 36 62660.8 0 0
78 25 36 62665 0 0
81 27 36 62669.2 0 0
78 33 36 62673.4 0 0
79 30 36 62677.6 0 0
79 29 36 62681.8 0 0
77 30 36 62686.5 0 0
85 54 36 62690.7 0 0
81 58 36 62697.7 0 0
82 68 36 62701.9 0 0
79 84 35 62706.1 0 0
74 94 35 62710.3 0 0
72 105 35 62714.6 0 0
74 115 35 62718.8 0 0
72 133 35 62723 0 0
75 152 35 62727.2 0 0
76 167 35 62731.4 0 0
73 187 35 62735.7 0 0
70 197 34 62739.9 0 0
61 228 34 62744.1 0 0
61 228 0 62748.3 0 0
61 228 0 62752.5 0 0
61 228 0 62756.7 0 0
66 229 33 62817.9 0 0
72 221 35 62822.2 0 0
66 230 33 62826.4 0 0
66 230 0 62830.6 0 0
66 224 34 62834.8 0 0
66 224 0 62839.1 0 0
66 224 0 62843.3 0 0
66 224 0 62847.5 0 0
66 224 0 62851.7 0 0
70 224 35 62855.9 0 0
70 224 0 62860.1 0 0
72 223 34 62864.4 0 0
72 223 0 62868.6 0 0
73 229 34 62872.8 0 0
71 227 34 62877 0 0
73 217 35 62881.2 0 0
73 217 34 62885.4 0 0
74 222 34 62889.6 0 0
68 222 35 62893.8 0 0
73 219 35 62898 0 0
66 228 35 62902.2 0 0
68 227 35 62906.4 0 0
71 224 34 62910.7 0 0
71 224 0 62915 0 0
75 224 35 62919.2 0 0
73 215 35 62923.4 0 0
73 215 0 62927.6 0 0
77 215 35 62931.8 0 0
67 221 34 62936.5 0 0
72 223 35 62940.8 0 0
70 225 35 62945 0 0
72 224 35 62949.2 0 0
72 223 35 62953.4 0 0
77 211 35 62957.6 0 0
76 219 36 62961.8 0 0
68 222 35 62966.1 0 0
76 213 35 62970.3 0 0
73 216 35 62974.5 0 0
73 215 35 62978.7 0 0
75 219 35 62982.9 0 0
73 213 35 62987.1 0 0
71 224 35 62991.3 0 0
74 217 35 62995.6 0 0
76 213 36 62999.8 0 0
73 221 36 63004 0 0
73 212 35 63008.2 0 0
73 219 36 63012.4 0 0
77 217 35 63016.6 0 0
73 224 35 63020.9 0 0
72 221 35 63025.1 0 0
74 219 35 63029.3 0 0
72 220 36 63033.5 0 0
