43033.3,118,200
43037.5,118,200
43041.7,118,200
43045.9,118,200
43050.1,118,200
43056.3,118,200
43060.6,118,200
43064.8,117,174
43069,117,174
43073.2,117,174
43077.4,118,167
43081.6,118,167
43085.8,118,167
43090.1,124,166
43094.3,124,166
43098.5,124,166
43102.8,124,166
43106.9,124,166
43111.2,124,166
43115.4,124,166
43119.6,124,166
43123.8,124,166
43128,124,166
43132.2,124,166
43136.4,124,166
43140.6,128,155
43144.9,127,154
43149.1,127,154
43153.3,129,151
43157.6,129,152
43161.8,129,152
43166,129,149
43170.2,125,152
43174.4,128,147
43178.6,124,150
43187.1,129,146
43195.5,127,143
43203.9,126,146
43212.4,129,142
43229.3,128,145
43233.6,129,142
43237.8,130,144
43242,127,141
43246.2,127,141
43250.5,122,137
43254.7,124,141
43258.9,121,141
43263.1,121,142
43267.3,120,143
43271.5,120,140
43275.7,130,138
43280,121,142
43288.4,126,142
43296.8,127,139
43301,123,140
43305.2,125,141
43309.5,128,140
43313.7,128,142
43317.9,128,140
43322.1,123,143
43326.3,129,141
43330.5,119,141
43334.7,125,139
43339,124,145
43343.3,127,144
43347.5,118,136
43351.7,118,136
43355.9,102,121
43360.1,97,120
43364.3,89,119
43368.5,76,100
43372.7,73,114
43377,70,114
43381.2,70,89
43385.4,67,89
43389.6,70,89
43393.8,70,89
43398,71,87
43402.2,69,90
43406.4,70,91
43410.6,68,83
43414.8,69,86
43419,71,84
43423.2,69,87
43427.5,70,89
43431.7,70,89
43435.9,71,90
43440.1,71,82
43444.3,69,80
43448.5,71,82
43452.7,71,86
43457,70,86
43461.2,71,87
43465.4,69,86
43469.6,72,86
43473.8,71,83
43478,71,83
43482.2,72,81
43486.4,72,81
43490.7,71,75
43494.9,72,78
43499.2,73,79
43503.5,72,81
43507.7,71,82
43511.9,72,79
43516.1,73,80
43520.3,73,81
43524.5,72,81
43528.7,73,78
43533,72,80
43537.2,72,80
43541.4,74,79
43545.6,73,79
43549.8,74,80
43554,72,81
43558.2,74,80
43562.5,73,73
43566.7,72,76
43570.9,71,80
43575.1,75,78
43579.3,73,76
43583.5,72,80
43587.8,71,95
43592,73,78
43596.2,76,75
43600.4,74,77
43604.6,74,93
43608.8,77,75
43613.1,78,76
43617.3,72,99
43621.8,56,91
43626,50,50
43630.2,43,55
43634.4,39,50
43638.6,34,56
43642.8,29,49
43647,29,51
43651.2,32,49
43655.9,34,50
43660.2,35,48
43664.4,35,47
43668.6,33,49
43672.8,33,52
43677,34,51
43681.2,32,50
43685.4,32,50
43689.7,33,50
43693.9,33,49
43698.1,35,48
43702.3,32,51
43706.6,32,48
43710.8,33,44
43715,33,46
43719.2,32,54
43723.5,34,49
43727.7,30,46
43731.9,32,49
43736.1,33,49
43740.3,33,49
43744.5,33,46
43748.9,33,43
43753.1,32,47
43757.3,31,49
43761.5,33,48
43765.7,33,47
43769.9,31,49
43774.1,32,46
43778.4,32,49
43782.6,32,46
43786.8,33,47
43791,32,48
43795.2,33,46
43799.4,33,47
43803.6,33,46
43807.8,34,51
43812.3,34,47
43816.5,32,48
43820.7,30,48
43824.9,30,51
43829.1,30,53
43833.3,34,50
43837.5,32,52
43841.7,33,51
43845.9,33,54
43850.2,30,49
43854.4,32,48
43858.6,31,48
43862.8,32,50
43867,33,49
43871.2,30,49
43875.5,32,47
43879.7,32,52
43883.9,32,48
43888.1,33,53
43892.3,32,49
43896.6,34,46
43900.8,31,52
43905,33,46
43909.2,32,51
43913.4,31,53
43917.6,29,54
43921.8,29,59
43926.1,34,51
43930.3,42,53
43934.5,53,46
43938.7,53,46
43942.9,53,46
43947.1,78,84
43951.3,92,85
43955.6,92,85
43959.8,85,89
43964,85,89
43968.2,85,89
43972.4,85,89
43976.6,85,89
43980.8,86,87
43985,79,88
43989.2,88,89
43993.5,83,90
43997.7,86,90
44001.9,85,90
44006.2,84,88
44010.3,83,86
44014.6,81,83
44018.8,86,86
44023,84,91
44027.2,84,89
44031.5,84,91
44035.7,83,91
44039.9,79,95
44044.1,82,98
44048.3,84,99
44052.6,80,101
44056.8,85,96
44061,79,65
44065.2,79,64
44069.4,77,67
44073.6,82,98
44077.8,86,103
44082.1,80,75
44086.3,80,74
44090.5,76,80
44094.7,83,107
44098.9,83,106
44103.1,78,82
44107.3,82,110
44111.6,82,112
44115.8,82,113
44120,86,114
44124.2,83,116
44128.4,77,96
44132.6,76,99
44136.8,84,114
44141.1,87,105
44145.3,72,104
44149.5,72,169
44156.5,82,166
44160.7,81,145
44164.9,81,145
44169.1,81,145
44173.3,81,145
44177.5,81,145
44181.8,81,145
44186,81,145
44190.2,81,145
44194.4,81,145
44198.6,81,145
44202.9,81,145
44207.1,81,145
44214,81,145
44218.3,81,145
44222.5,81,145
44227.2,81,145
44231.4,81,145
44235.6,81,145
44239.8,81,145
44244,81,145
44248.2,81,145
44252.4,81,145
44256.7,81,145
44260.9,81,145
44265.1,81,145
44269.3,81,145
44273.5,81,145
44277.9,81,145
44282.2,81,145
44286.4,81,145
44290.6,81,145
44294.8,81,145
44299,81,145
44303.2,81,145
44307.4,81,145
44311.6,81,145
44315.9,81,145
44320.1,81,145
44324.3,81,145
44331,81,145
44335.2,81,145
44339.5,81,145
44343.7,81,145
44347.9,81,145
44352.1,81,145
44356.3,81,145
44360.5,81,145
44364.7,81,145
44892.2,127,118
44896.5,135,118
44900.7,135,118
44905,135,118
44909.2,135,118
44913.4,135,118
44917.6,135,118
44921.8,135,118
44926.1,135,118
44930.3,135,118
44934.5,135,118
44938.7,135,118
44942.9,135,118
44947.1,135,118
44951.3,135,118
44955.5,135,118
44959.7,135,118
44963.9,135,118
44968.2,135,118
44972.4,135,118
44976.6,135,118
44980.8,135,118
44985.1,135,118
44989.3,135,118
44993.5,135,118
44997.7,135,118
45001.9,135,118
45006.1,135,118
45010.3,135,118
45014.5,135,118
45018.8,135,118
45023,135,118
45027.2,135,118
45031.4,135,118
45035.7,135,118
45039.8,135,118
45044.1,135,118
45048.3,135,118
45054.5,135,118
45058.8,135,118
45063,135,118
45067.2,135,118
45071.4,135,118
45075.6,135,118
45079.8,135,118
45084,135,118
45088.2,135,118
45093,135,118
45097.2,135,118
45280.7,74,50
45284.9,57,16
45289.1,46,29
45293.3,43,54
45297.5,38,58
45301.7,33,62
45305.9,26,61
45310.2,27,63
45314.4,31,66
45318.6,31,67
45322.8,32,59
45327,32,62
45331.2,29,64
45335.4,30,65
45339.6,23,57
45343.9,23,57
45348.1,30,63
45352.3,29,61
45356.5,25,64
45360.7,31,62
45364.9,31,62
45369.1,31,64
45373.3,29,66
45377.6,28,63
45381.8,30,62
45386,27,64
45390.2,29,63
45394.4,27,67
45398.6,30,63
45402.9,30,63
45407.1,29,63
45411.3,30,62
45415.5,28,65
45419.7,27,59
45423.9,28,66
45428.1,29,65
45432.3,29,65
45436.6,30,66
45440.8,29,63
45445,30,62
45449.2,30,63
45453.4,28,63
45457.7,30,64
45461.9,29,64
45466.1,30,63
45470.3,31,62
45474.6,28,62
45478.8,29,62
45483,29,60
45487.2,29,66
45491.4,29,66
45495.6,27,61
45499.8,30,62
45504.1,28,61
45508.2,30,61
45512.4,28,62
45516.7,28,62
45520.9,29,62
45525.1,29,63
45529.3,29,63
45533.5,27,65
45537.7,27,65
45541.9,31,58
45546.1,27,63
45550.4,29,65
45554.6,29,62
45558.8,30,56
45563,29,67
45567.2,27,64
45571.4,28,63
45575.7,35,60
45579.8,45,52
45584.1,53,26
45588.3,63,29
45592.7,73,39
45596.9,76,22
45601.1,77,35
45605.3,77,48
45609.5,81,37
45613.7,82,38
45617.9,76,38
45622.2,74,37
45626.4,70,31
45630.6,80,36
45634.8,77,34
45639,76,37
45643.2,75,36
45647.4,78,39
45651.9,74,34
45656.1,75,35
45660.4,77,31
45664.6,77,29
45668.8,78,30
45673,78,35
45677.3,77,30
45681.5,81,32
45685.7,76,30
45689.9,77,30
45696.7,76,27
45700.9,80,29
45705.1,80,33
45709.3,81,32
45713.5,80,29
45717.7,80,28
45722,79,30
45726.2,79,32
45730.4,76,31
45734.6,80,33
45738.8,75,27
45743,76,28
45747.2,79,28
45751.5,76,28
45755.7,75,33
45759.9,75,33
45764.1,75,26
45768.3,75,27
45772.6,79,26
45776.8,75,29
45781.1,79,24
45785.3,80,27
45789.6,79,23
45793.8,79,23
45799.8,74,26
45804,75,23
45808.2,78,27
45812.4,76,27
45816.7,75,30
45820.8,80,28
45825.1,75,25
45829.2,77,22
45833.5,78,24
45837.7,75,28
45841.9,79,18
45846.1,81,21
45850.3,78,18
45854.5,77,18
45858.7,79,12
45862.9,78,11
45867.2,78,11
45871.4,78,11
45875.6,78,11
45879.8,78,11
45884.1,78,11
45888.2,78,11
45892.4,78,11
45896.7,78,11
45900.9,78,11
45905.1,78,11
45909.3,78,11
45913.6,78,11
45917.8,78,11
45921.9,78,11
45926.2,78,11
45930.4,78,11
45934.6,78,11
45938.8,78,11
45943,78,11
45949.8,78,11
45954,78,11
45958.3,78,11
45962.5,78,11
45966.8,78,11
45971,78,11
45975.3,78,11
45979.5,78,11
45983.7,78,11
45988.1,78,11
45992.3,78,11
45996.6,78,11
46000.8,78,11
46005,34,93
46009.2,42,85
46013.4,38,77
46017.6,37,72
46021.8,37,70
46026.1,35,78
46030.7,33,73
46034.9,37,77
46039.1,39,76
46043.3,36,80
46047.5,38,79
46051.7,35,78
46056,38,79
46060.3,37,77
46064.5,35,82
46071.5,34,80
46075.7,35,84
46079.9,37,82
46084.1,35,86
46088.4,34,82
46092.6,36,86
46097.1,38,87
46101.3,34,87
46105.5,33,92
46109.7,39,88
46113.9,39,90
46118.1,34,87
46122.3,36,87
46126.6,36,87
46130.8,38,84
46135,33,89
46139.2,36,90
46143.4,36,91
46147.6,33,91
46152.2,35,92
46158.7,40,95
46163,42,95
46167.2,39,97
46171.4,37,100
46175.6,36,105
46179.9,35,101
46184.1,37,107
46188.3,33,108
46192.6,33,102
46196.8,31,108
46200.9,34,108
46205.2,29,110
46209.6,32,105
46213.8,32,104
46218,33,106
46222.2,28,107
46226.4,31,107
46230.7,32,107
46234.8,33,108
46239.1,33,108
46243.3,19,102
46247.5,19,102
46251.7,16,89
46255.9,21,94
46262.9,21,94
46268.5,20,90
46272.7,22,109
46279.6,18,87
46283.8,19,106
46288.1,26,105
46292.2,23,84
46296.5,20,81
46300.7,21,86
46304.9,24,102
46309.1,24,85
46313.3,20,82
46317.6,23,85
46321.8,20,85
46326,19,87
46330.2,18,89
46334.4,19,88
46338.6,19,88
46343.3,19,85
46347.6,19,87
46351.8,20,89
46356,20,89
46362.3,20,89
46366.5,21,91
46370.7,18,90
46374.9,23,93
46379.1,18,89
46383.3,20,85
46387.5,19,92
46391.7,18,91
46396,19,94
46400.2,19,94
46404.5,20,92
46408.7,19,95
46413,18,93
46417.2,22,85
46421.4,20,83
46425.6,18,91
46429.8,20,94
46434,18,90
46438.2,21,91
46442.4,19,91
46446.6,21,88
46450.8,19,90
46455,21,90
46459.3,20,89
46463.6,20,89
46467.8,21,89
46472,19,90
46476.2,22,82
46480.4,22,83
46484.7,21,93
46488.9,20,90
46493.1,20,90
46497.3,22,90
46501.6,19,89
46505.8,22,89
46509.9,21,86
46514.2,22,88
46518.3,20,83
46522.6,21,84
46526.9,23,86
46531.2,26,87
46535.5,26,87
46539.7,21,85
46543.9,23,82
46548.1,22,84
46552.3,22,82
46556.5,21,83
46560.8,21,84
46565,25,83
46569.2,24,83
46573.4,23,80
46577.6,24,80
46581.8,22,80
46586,25,82
46590.2,22,79
46594.5,24,79
46598.7,25,76
46602.9,26,77
46607.1,24,73
46611.3,24,76
46615.5,25,78
46619.7,33,84
46624.1,44,81
46628.3,50,63
46632.5,57,67
46636.7,80,112
46640.9,80,112
46645.1,77,67
46649.3,79,69
46653.6,75,68
46657.8,73,70
46662,73,67
46666.2,72,71
46670.4,72,71
46674.6,73,60
46678.8,71,66
46683.1,74,66
46687.3,69,78
46691.5,76,63
46695.7,76,63
46699.9,76,62
46704.1,74,55
46708.4,73,62
46712.7,73,57
46716.9,75,53
46721.1,74,57
46725.3,74,57
46729.5,74,60
46733.7,75,57
46737.9,75,54
46742.2,73,55
46746.4,75,50
46750.6,73,54
46754.8,74,52
46759.1,74,50
46763.2,73,53
46767.4,72,50
46771.8,73,51
46776.1,76,50
46780.3,73,51
46784.5,77,48
46788.8,75,50
46792.9,75,48
46797.2,72,47
46801.4,74,49
46805.6,75,48
46809.8,75,48
46814,74,41
46818.2,75,43
46822.5,74,44
46826.7,76,41
46830.9,76,41
46835.1,75,41
46839.3,76,43
46843.5,73,41
46847.8,73,41
46851.9,74,43
46856.2,76,36
46860.3,75,39
46864.6,76,38
46868.8,76,38
46873,73,38
46877.2,77,36
46881.4,77,38
46885.6,73,38
46889.8,75,41
46894,74,39
46898.2,73,35
46902.6,76,34
46906.8,75,32
46911,77,32
46915.2,75,35
46919.4,75,35
46923.6,75,32
46927.8,76,33
46932,73,31
46936.5,73,31
46940.8,76,32
46945,76,33
46949.2,78,34
46953.4,75,33
46957.6,75,31
46961.8,74,32
46966,74,31
46970.2,75,31
46974.5,75,34
46978.7,75,32
46982.9,76,33
46987.1,75,31
46991.3,76,33
46995.5,76,31
46999.7,76,30
47003.9,74,29
47008.1,76,33
47012.4,72,32
47016.6,76,30
47020.9,75,31
47025.1,76,30
47029.3,76,28
47033.6,75,29
47037.8,76,26
47042,77,29
47046.2,76,30
47050.4,76,23
47065.4,77,23
47069.7,77,27
47073.9,75,27
47078.1,78,23
47082.3,77,26
47086.5,76,23
47090.7,78,21
47094.9,76,24
47099.1,75,25
47103.3,74,23
47107.6,76,23
47111.8,76,25
47116,76,25
47120.2,76,25
47124.4,78,22
47128.6,77,19
47132.8,76,21
47137,76,24
47141.2,76,24
47145.5,75,21
47149.7,77,23
47154,76,21
47158.2,78,20
47162.4,75,22
47166.6,76,20
47170.8,76,20
47175,75,20
47179.3,77,23
47183.5,75,23
47187.7,77,30
47191.9,75,31
47196.1,66,35
47200.3,61,34
47204.5,55,39
47208.8,55,39
47213,44,55
47217.2,45,56
47221.4,42,58
47225.6,39,61
47229.8,41,56
47234,40,58
47238.2,41,52
47242.4,41,57
47246.7,42,57
47250.9,41,55
47257.9,39,58
47266.3,40,61
47274.6,40,57
47282.8,44,55
47291.1,41,58
47299.6,42,57
47307.8,42,57
47315.4,39,56
47319.6,39,57
47324.5,40,57
47328.8,40,55
47333,39,52
47337.2,41,53
47341.4,40,55
47345.6,40,58
47349.8,41,55
47354,40,55
47358.2,40,51
47362.5,41,54
47366.7,40,55
47370.9,40,55
47375.1,42,49
47379.4,42,56
47383.6,38,55
47387.8,41,52
47392,41,57
47396.2,38,56
47400.4,39,54
47404.6,38,57
47408.8,41,54
47413,41,55
47417.2,42,56
47421.4,43,57
47425.6,39,54
47429.9,40,56
47434.1,40,56
47440.4,39,55
47444.6,39,57
47448.8,42,57
47453,37,55
47457.2,41,54
47461.4,39,58
47465.6,39,54
47469.9,42,55
47474.1,41,58
47478.3,41,57
47482.5,41,57
47486.7,40,58
47490.9,43,54
47495.2,43,54
47499.4,39,54
47503.6,42,51
47507.8,40,57
47512,41,53
47516.2,39,59
47520.7,39,58
47524.9,43,62
47529.1,38,61
47533.3,36,69
47537.6,30,67
47541.8,30,64
47546,27,55
47550.2,28,55
47554.4,30,58
47558.6,31,55
47562.8,30,57
47567.1,31,59
47571.2,29,56
47575.4,28,57
47579.7,32,56
47583.9,31,55
47588.1,30,58
47592.4,29,58
47596.6,30,55
47600.8,31,54
47605,29,54
47609.2,30,55
47613.4,30,54
47617.6,32,57
47621.8,28,63
47626.1,27,57
47630.3,28,57
47634.5,28,57
47638.7,32,53
47642.9,31,53
47647.1,31,53
47651.3,29,53
47655.5,29,54
47659.7,29,60
47663.9,30,51
47668.1,28,52
47672.3,31,60
47676.6,30,54
47680.8,30,54
47685,30,53
47689.2,27,56
47693.4,29,56
47697.6,29,56
47701.8,32,55
47706,29,52
47710.2,28,55
47714.4,29,54
47718.6,28,59
47722.8,29,53
47727,30,53
47731.2,28,55
47735.4,30,54
47739.6,28,56
47743.8,30,52
47748.1,30,54
47752.3,30,58
47756.5,27,57
47760.7,29,54
47764.9,29,54
47769.1,30,56
47773.3,29,52
47777.5,30,53
47781.7,29,53
47786,31,57
47790.2,29,54
47794.4,30,53
47798.6,29,56
47802.8,28,53
47807,28,52
47811.2,31,51
47815.4,28,51
47819.6,28,58
47823.8,28,52
47828.1,31,49
47832.3,30,54
47836.5,29,52
47840.7,29,54
47844.9,31,52
47849.2,29,52
47853.4,30,51
47857.6,30,51
47861.8,30,51
47866,29,55
47870.2,29,56
47874.4,29,56
47878.6,31,51
47882.8,28,50
47887,29,54
47891.2,29,51
47895.4,29,51
47899.7,30,47
47903.9,28,54
47908.1,30,52
47912.3,29,53
47916.5,29,48
47920.7,29,50
47924.9,30,49
47929.2,30,50
47933.4,28,56
47937.6,30,50
47941.8,32,55
47946,31,53
47950.2,30,52
47954.4,29,50
47958.7,29,55
47965.6,31,53
47969.9,28,52
47974.1,29,49
47978.3,32,54
47982.5,29,56
47986.7,31,48
47990.9,31,55
47995.1,29,51
47999.4,30,50
48003.6,29,55
48007.8,29,50
48012,29,50
48016.2,30,53
48020.4,31,52
48024.6,29,52
48028.9,30,57
48033.1,30,50
48037.3,31,53
48041.5,30,54
48045.7,30,52
48049.9,31,54
48054.2,31,55
48058.4,31,55
48065.4,29,51
48069.7,27,55
48073.8,30,51
48078.1,29,52
48082.3,32,54
48086.5,30,56
48090.7,30,54
48094.9,28,51
48099.2,29,53
48103.4,30,54
48107.6,30,52
48111.8,29,61
48116,28,55
48120.2,30,50
48124.5,28,52
48128.7,28,52
48132.9,31,52
48137.1,27,50
48141.3,28,53
48145.5,29,57
48149.7,33,54
48154,29,53
48158.2,27,54
48162.4,31,55
48166.6,28,56
48170.8,29,53
48175.1,26,50
48179.3,30,55
48183.5,30,58
48187.7,29,55
48191.9,30,58
48196.2,26,56
48200.4,30,57
48204.6,32,54
48208.8,32,57
48213.1,30,59
48217.3,30,59
48221.5,28,57
48225.7,30,59
48229.9,31,56
48234.1,29,53
48238.3,33,58
48242.6,32,57
48246.8,32,55
48251,32,55
48255.2,29,57
48259.4,29,61
48263.6,29,61
48267.8,28,57
48272.2,28,57
48276.4,31,58
48280.6,27,50
48284.9,28,57
48289.1,30,60
48293.3,29,58
48297.6,28,58
48301.8,31,58
48306,30,58
48310.2,31,63
48314.4,31,63
48318.6,31,63
48322.9,31,63
48327.1,31,63
48331.3,31,63
48335.5,31,63
48339.7,31,63
48343.9,31,63
48348.2,31,63
48352.4,31,63
48356.6,31,63
48360.8,31,63
48365,31,63
48369.2,31,63
48373.4,31,63
48377.6,31,63
48381.8,31,63
48386,31,63
48390.2,31,63
48394.5,31,63
48398.8,31,63
48403,31,63
48407.2,31,63
48411.4,31,63
48415.6,31,63
48419.8,31,63
48424,31,63
48428.2,31,63
48432.4,31,63
48436.6,31,63
48440.9,31,63
48445.1,31,63
48449.3,31,63
48453.5,31,63
48457.7,31,63
48461.9,31,63
48466.1,31,63
48470.8,31,63
48475,31,63
48479.2,31,63
48483.4,31,63
48487.7,31,63
48491.9,31,63
48496.2,31,63
48500.4,31,63
48504.6,31,63
48508.8,31,63
49501.8,70,36
49506,71,33
49510.2,64,41
49514.4,54,37
49518.8,44,26
49523.4,41,44
49527.7,37,52
49531.9,35,54
49536.1,35,54
49540.3,35,50
49544.6,36,47
49548.7,33,46
49555.8,34,47
49560,34,54
49564.3,36,47
49568.5,34,46
49572.7,35,47
49576.9,36,49
49581.1,37,47
49585.3,35,44
49589.6,33,50
49593.8,34,51
49598.1,34,51
49602.3,34,53
49606.5,36,48
49610.7,34,53
49614.9,37,51
49619.1,37,51
49623.3,36,53
49627.6,36,49
49631.8,37,49
49636,35,49
49640.2,33,52
49644.4,34,51
49648.6,35,47
49655.5,35,47
49659.7,35,47
49664,33,51
49668.2,34,50
49672.4,35,47
49676.6,32,51
49680.8,35,49
49685.1,34,46
49689.3,34,51
49693.5,35,47
49697.7,34,48
49701.9,34,49
49706.2,33,50
49710.4,33,50
49714.6,35,49
49718.8,35,51
49723.1,33,50
49727.3,34,50
49731.5,33,51
49735.7,35,46
49739.9,34,51
49744.1,34,51
49748.3,36,47
49752.5,33,49
49756.7,33,46
49760.9,33,51
49768.1,33,52
49776.3,33,52
49784.2,35,51
49788.5,35,52
49792.9,33,51
49797.1,35,68
49801.3,35,68
49805.5,35,68
49809.8,35,68
49814,35,68
49818.2,35,68
49822.4,35,68
49826.6,35,68
49830.8,35,68
49835.1,35,68
49839.3,35,68
49843.5,35,68
49847.7,35,68
49851.9,35,68
49856.1,35,68
49860.3,35,68
49864.6,35,68
49868.8,35,68
49873,35,68
49877.2,35,68
49881.4,35,68
49888.3,35,68
49892.5,35,68
49896.8,35,68
49901.1,35,68
49905.3,35,68
49909.5,35,68
49913.7,35,68
49917.9,35,68
49922.1,35,68
49926.3,35,68
49930.6,35,68
49934.8,35,68
49939,35,68
49943.2,35,68
49947.4,35,68
49951.6,35,68
49955.8,35,68
49960,35,68
49964.3,35,68
49968.5,35,68
49972.7,35,68
49976.9,35,68
49981.1,35,68
49985.3,35,68
49989.6,35,68
49993.8,35,68
49998,35,68
52484.7,127,185
52497.3,130,181
52501.5,130,181
52505.7,130,181
52509.9,130,181
52514.1,130,181
52518.3,127,182
52522.6,127,182
52526.8,127,182
52657.6,192,50
52661.8,192,50
52666,192,50
52670.2,185,47
52674.4,184,44
52678.6,189,53
52682.9,189,53
52687.1,186,34
52691.3,186,37
52695.5,188,37
52699.7,184,34
52703.9,185,38
52708.1,186,44
52712.3,191,46
52716.6,185,42
52720.8,184,38
52725,193,48
52729.2,187,39
52733.4,185,39
52737.6,186,37
52741.8,190,50
52748.7,184,36
52752.9,194,58
52757.1,194,58
52761.3,194,58
52765.5,194,58
52769.9,184,42
52774.1,186,39
52778.3,186,39
52782.6,186,39
52786.8,186,39
52791,186,39
52795.2,190,47
52799.4,190,35
52803.6,185,38
52807.8,185,38
52812.1,186,42
52816.2,186,42
52820.4,186,42
52824.7,186,42
52828.9,186,42
52833.1,186,44
52837.3,184,41
52841.5,185,39
52845.8,190,45
52852.8,185,41
52861,184,38
52869.5,187,44
52877.7,185,37
52886.2,185,37
52893.6,186,48
52897.8,191,42
52902.7,187,40
52906.9,187,42
52911.2,188,38
52915.3,188,44
52919.6,188,44
52923.8,188,44
52928,190,40
52932.2,190,40
52936.4,190,40
52940.6,188,44
52944.8,188,44
52949,188,44
52953.3,188,44
52957.5,188,44
52961.7,188,44
52965.9,189,44
52970.1,189,44
52974.3,192,43
52978.6,192,43
52982.8,190,40
52986.9,190,40
52991.2,190,40
52995.4,186,37
52999.6,189,37
53006.6,189,37
53010.8,189,37
53015.1,184,42
53019.3,189,41
53023.6,189,41
53027.8,187,43
53032,187,43
53036.3,187,43
53040.5,185,41
53044.7,191,42
53053.1,187,43
53059.8,185,39
53064,190,43
53069.5,190,38
53073.7,193,35
53077.9,190,24
53082.1,192,32
53086.3,185,46
53090.6,189,47
53094.8,189,47
53099,193,28
53103.2,186,43
53107.4,186,43
53111.6,186,43
53115.9,186,43
53120.1,186,43
53124.3,193,42
53128.5,193,42
53132.7,193,42
53136.9,194,31
53141.1,194,31
53148.2,194,31
53152.5,193,33
53156.7,193,33
53160.9,193,33
53165.2,193,33
53169.4,193,33
53173.6,193,33
53177.8,193,37
53182,193,37
53186.2,193,37
53190.6,193,37
53194.8,193,37
53199,193,37
53203.2,193,37
53207.4,193,37
53211.7,193,37
53215.9,193,37
53220.2,259,100
53224.4,255,81
53228.6,255,81
53232.8,255,81
53237,255,81
53241.2,255,81
53245.4,255,81
53249.6,255,81
53253.8,255,81
53258.1,255,81
53262.2,255,81
53268.6,255,83
53272.8,255,83
53277.1,255,83
53282.2,256,93
53286.5,256,93
53290.7,256,93
53294.9,256,93
53299.1,256,93
53303.3,256,93
53307.5,256,93
53311.7,256,93
53315.9,256,93
53320.2,256,93
53324.3,256,93
53328.6,262,97
53332.8,262,97
53337,262,97
53341.2,262,97
53346.7,257,90
53350.9,255,93
53356.3,255,93
53360.5,255,93
53364.8,255,93
53369,255,93
53373.2,255,93
53377.4,255,93
53381.7,255,93
53385.9,255,93
53390.1,255,93
53394.3,255,93
53398.5,255,93
53402.8,255,93
53407,255,93
53411.2,255,93
53415.4,255,93
53419.6,255,93
53423.8,255,93
53428,255,93
53432.2,255,93
53436.4,255,93
53440.7,255,93
53444.9,255,93
53449.1,255,93
53455.9,255,93
53460.2,255,93
53464.5,255,93
53468.8,255,93
53472.9,255,93
53477.2,255,93
53481.3,255,93
53485.6,255,93
53489.8,255,93
53494,255,93
53498.2,255,93
53502.5,255,93
53506.7,255,93
53510.9,255,93
53515.1,255,93
53519.3,255,93
53523.6,255,93
53527.8,255,93
53532,255,93
53536.2,255,93
53543.2,255,93
53547.3,255,93
54371.4,254,58
54375.6,254,58
54379.8,254,58
54384,254,58
54388.2,254,58
54392.4,254,58
54396.6,254,58
54400.9,252,68
54405.6,252,68
54409.8,252,68
54414.1,252,68
54418.3,253,64
54422.5,252,71
54426.7,252,71
54430.9,252,71
54435.2,252,71
54439.4,252,71
54443.6,252,71
54447.8,252,71
54452,252,71
54456.2,252,71
54460.4,252,71
54464.7,252,71
54468.9,252,71
54473.1,252,71
54477.3,251,74
54481.5,251,74
54485.7,251,74
54489.9,251,74
54494.1,262,98
54501.1,262,98
54509.4,257,84
54517.4,257,84
54526.1,257,84
54534.2,257,84
54538.4,257,84
54542.8,257,84
54547,257,84
54551.2,257,84
54555.4,257,84
54559.7,257,84
54563.9,257,84
54568.1,257,84
54572.3,257,84
54576.5,257,84
54580.7,257,84
54584.9,257,84
54589.2,257,84
54593.4,257,84
54597.6,257,84
54601.8,257,84
54606,257,84
54610.3,257,84
54614.5,257,84
54618.7,257,84
54622.9,257,84
54627.1,257,84
54634.3,257,84
54638.5,257,84
54642.7,257,84
54646.9,257,84
54651.1,257,84
54655.8,257,84
54660.1,257,84
54664.3,257,84
54668.5,257,84
54672.7,257,84
54676.9,257,84
54681.2,257,84
54685.4,257,84
54689.6,257,84
54696.5,257,84
54700.7,257,84
54704.9,257,84
54709.1,257,84
56155,254,80
56159.2,254,80
56163.4,254,74
56170.4,254,73
56174.7,258,70
56178.9,258,70
56183.1,261,71
56187.3,261,71
56191.5,259,72
56195.7,259,72
56199.9,261,67
56204.1,261,67
56208.3,260,66
56212.6,260,66
56216.8,264,68
56221,265,61
56225.2,265,61
56229.4,261,66
56233.6,261,62
56237.9,261,62
56242.2,261,62
56246.4,264,66
56250.6,262,65
56254.8,263,66
56259.1,264,63
56263.3,264,63
56268.6,264,63
56272.8,264,63
56277,264,64
56281.2,264,64
56285.4,264,63
56289.6,265,63
56293.8,263,66
56298,263,66
56302.3,263,66
56306.5,263,66
56310.7,262,67
56314.9,261,65
56319.1,263,62
56323.3,259,67
56327.5,261,64
56331.8,264,67
56336,264,66
56340.2,262,68
56344.4,262,69
56348.6,254,67
56352.8,258,69
56357.1,256,75
56361.3,256,75
56365.5,259,70
56369.7,256,74
56374.5,257,74
56378.7,257,72
56382.9,255,73
56387.1,254,72
56391.3,254,72
56395.5,253,71
56399.7,253,71
56403.9,255,71
56408.2,255,71
56412.4,258,71
56416.6,257,73
56420.8,255,70
56425,255,70
56429.2,253,71
56433.4,253,71
56437.7,258,70
56441.9,256,71
56446.1,254,70
56450.3,255,66
56454.5,254,67
56458.7,256,73
56462.9,254,66
56467.6,254,66
56471.8,258,69
56476,255,70
56480.2,255,70
56484.4,254,71
56488.6,246,62
56492.8,246,62
56497.1,226,67
56501.3,216,65
56505.5,215,56
56509.7,192,90
56513.9,187,82
56518.1,187,82
56522.3,187,82
56526.5,187,82
56530.8,187,82
56535,187,82
56539.2,187,82
56543.4,187,82
56547.6,187,82
56551.8,187,82
56556,187,82
56560.2,187,82
56564.4,187,82
56568.6,187,82
56572.8,187,82
56577.1,187,82
56581.3,187,82
56585.5,187,82
56589.7,187,82
56593.9,187,82
56598.2,187,82
56602.4,187,82
56606.6,187,82
56610.8,187,82
56615,187,82
56619.3,187,82
56623.5,187,82
56627.7,187,82
56631.9,187,82
56636.1,187,82
56640.3,187,82
56644.6,187,82
56648.8,187,82
56653,187,82
56657.2,187,82
56661.5,187,82
56665.7,187,82
56669.9,187,82
56674.1,187,82
56678.3,187,82
56682.6,187,82
56686.8,187,82
56691,187,82
56695.2,187,82
56699.4,187,82
56703.6,187,82
56707.8,187,82
56712,187,82
56716.2,187,82
56771,42,66
56775.2,32,60
56779.4,29,59
56783.6,28,62
56787.8,31,63
56792,32,65
56796.2,32,64
56800.4,32,63
56804.7,32,58
56808.9,33,63
56813.1,30,65
56817.3,32,60
56821.5,29,65
56825.8,30,61
56829.9,30,63
56834.2,29,66
56838.4,31,63
56842.6,31,60
56846.9,31,61
56851.1,30,62
56855.3,30,60
56859.5,30,63
56863.7,30,62
56867.9,31,61
56872.1,32,61
56876.4,30,62
56880.6,30,61
56884.8,30,65
56889,28,62
56893.2,28,44
56897.4,30,65
56901.6,31,65
56905.9,31,58
56910.1,31,64
56914.3,29,62
56918.5,32,61
56922.7,33,62
56926.9,30,59
56931.1,29,61
56935.3,30,62
56939.6,30,61
56943.8,32,61
56948,30,60
56952.2,30,62
56956.4,30,61
56960.6,29,62
56964.8,29,62
56969.1,28,62
56973.3,28,62
56977.5,29,60
56981.7,32,61
56985.9,27,60
56990.1,31,63
56994.3,31,63
56999,31,63
57003.2,31,63
57007.4,31,63
57011.6,31,63
57015.8,31,63
57020.5,31,63
57024.8,31,63
57029,31,63
57033.2,31,63
57037.4,31,63
57041.6,31,63
57045.8,31,63
57050,31,63
57054.7,31,63
57058.9,31,63
57065.5,31,63
57069.7,31,63
57073.9,31,63
57078.1,31,63
57082.4,31,63
57086.6,31,63
57090.8,31,63
57095,31,63
57099.3,31,63
57103.5,31,63
57107.7,31,63
57111.9,31,63
57116.1,31,63
57120.3,31,63
57124.6,31,63
57128.8,31,63
57133,31,63
57137.2,31,63
57141.4,31,63
57145.6,31,63
57149.8,31,63
57154.1,31,63
57158.3,31,63
57187.5,237,105
57191.7,237,105
57195.9,237,105
57200.1,237,105
57206.1,237,105
57210.3,237,105
57214.6,237,105
57218.8,237,105
57223,237,105
57227.2,237,105
57231.4,237,105
57235.6,237,105
57239.8,237,105
60634,30,52
60638.2,35,53
60642.4,30,67
60649.5,30,47
60657.8,35,56
60666.2,37,72
60674.5,38,68
60682.7,38,68
60690.5,25,84
60694.7,51,58
60699.4,25,70
60703.6,22,73
60707.9,22,72
60712.1,20,73
60716.3,20,73
60720.5,23,70
60724.7,25,73
60728.9,24,69
60733.1,24,69
60737.7,25,71
60741.9,26,73
60746.2,25,70
60750.4,24,74
60754.6,24,72
60758.8,24,72
60763,24,72
60767.2,30,66
60774.4,39,66
60782.6,28,71
60791.1,28,68
60799.3,30,74
60807.8,30,74
60815.5,30,72
60819.7,28,73
60824.3,31,69
60828.5,29,69
60832.7,30,72
60836.9,30,70
60841.2,30,70
60845.4,30,70
60849.6,37,63
60853.8,37,63
60858,32,72
60862.2,30,73
60866.5,28,73
60870.7,28,73
60875,36,58
60879.2,36,66
60883.4,36,66
60887.6,36,66
60891.8,35,64
60896,28,69
60900.2,28,69
60904.5,35,66
60908.7,30,71
60912.9,34,62
60917.1,33,58
60924.2,33,59
60932.5,33,59
60940.5,30,58
60944.7,32,58
60949.2,31,59
60953.4,29,58
60957.6,32,54
60961.8,31,53
60966.1,31,54
60970.3,31,55
60974.5,33,57
60978.7,33,55
60982.9,33,55
60987.1,34,55
60991.3,32,57
60995.5,32,57
60999.8,33,56
61004,31,56
61008.2,34,56
61012.4,32,59
61016.6,31,56
61020.8,31,54
61025,30,56
61029.2,29,55
61033.4,28,54
61037.7,28,54
61041.9,33,68
61046.1,42,86
61050.3,42,86
61065.5,42,86
61069.7,42,86
61074.3,42,86
61078.5,42,86
61082.8,42,86
61087,42,86
61091.2,42,86
61095.4,42,86
61099.6,42,86
61103.8,42,86
61108,42,86
61112.2,42,86
61116.5,42,86
61120.7,42,86
61124.9,42,86
61129.1,42,86
61133.3,42,86
61137.5,42,86
61141.7,42,86
61152.8,42,86
61159.2,42,86
61163.5,42,86
61169.7,42,86
61173.9,42,86
61178.2,42,86
61182.4,42,86
61186.6,42,86
61190.9,42,86
61195.2,42,86
61199.4,42,86
61203.6,42,86
61207.8,42,86
61212,42,86
61216.2,42,86
61220.4,42,86
61224.7,42,86
61228.9,42,86
61233.1,42,86
61237.3,42,86
61241.5,42,86
61245.7,42,86
61864.9,40,196
61869.1,33,191
61873.3,33,187
61877.5,33,188
61881.7,30,188
61885.9,33,191
61890.1,33,189
61894.3,34,185
61898.6,37,187
61902.8,36,185
61907,35,190
61911.2,35,189
61915.4,39,192
61919.6,49,193
61923.8,62,195
61928.1,67,201
61932.3,73,197
61936.5,75,199
61940.7,76,204
61944.9,76,203
61949.1,73,205
61953.3,74,205
61957.6,72,203
61961.8,73,202
61966,75,201
61970.2,73,203
61974.4,72,204
61978.6,76,204
61982.8,74,205
61987,75,202
61991.2,75,202
61995.5,77,204
61999.7,73,205
62003.9,75,203
62008.1,72,203
62012.3,75,202
62016.5,75,201
62020.8,76,201
62025,70,204
62029.2,74,204
62033.4,75,203
62037.7,76,199
62041.9,75,202
62046.1,77,198
62050.3,76,195
62054.5,80,174
62058.7,84,156
62062.9,85,133
62067.2,87,118
62071.4,85,111
62075.6,87,101
62079.8,87,88
62084.1,88,85
62088.3,87,77
62092.6,86,70
62096.8,90,62
62101,91,61
62105.2,92,56
62109.4,88,47
62113.6,83,43
62117.8,91,53
62122.1,88,59
62126.3,85,61
62130.5,89,60
62134.7,89,60
62138.9,86,57
62143.1,87,59
62147.3,88,60
62151.5,87,60
62155.8,88,59
62160,88,59
62164.2,87,60
62168.4,87,59
62172.6,88,58
62176.8,88,60
62181,86,59
62185.2,86,60
62189.5,87,60
62193.7,87,62
62198,88,59
62202.2,88,64
62206.4,87,57
62210.6,86,60
62214.8,85,60
62219.1,86,59
62223.3,88,61
62227.5,86,62
62231.7,88,64
62235.9,86,62
62240.1,86,63
62244.3,88,61
62249,86,62
62253.2,88,58
62257.4,87,61
62261.6,87,60
62265.8,85,62
62270,86,61
62274.2,86,62
62278.4,86,59
62282.7,86,62
62286.9,87,58
62291.1,84,58
62297.9,84,62
62302.1,86,59
62306.3,86,58
62310.5,89,56
62314.7,86,58
62318.9,86,59
62323.1,84,58
62327.3,87,58
62331.6,85,59
62335.8,85,57
62340,84,62
62344.2,83,56
62348.4,83,42
62352.7,80,33
62356.9,78,32
62361.1,78,31
62365.3,79,28
62369.5,78,29
62373.9,78,34
62378.2,79,27
62382.4,79,32
62386.6,77,29
62390.8,78,32
62395.2,79,29
62399.4,78,31
62406,79,29
62410.5,80,30
62414.7,79,31
62418.9,79,28
62423.2,78,30
62427.4,79,29
62431.6,78,27
62435.8,78,29
62440,80,26
62444.2,77,32
62448.4,77,30
62452.6,77,29
62456.9,78,30
62461.1,80,32
62465.3,77,31
62469.5,78,30
62473.7,79,31
62477.9,80,31
62482.2,77,32
62486.4,80,30
62490.6,76,32
62494.8,79,30
62499,77,34
62506.2,79,28
62510.4,80,30
62514.6,79,30
62518.8,80,32
62523,79,30
62527.2,78,34
62531.4,78,33
62535.7,79,29
62539.9,78,33
62544.1,78,31
62548.2,77,31
62552.5,78,32
62556.7,79,29
62560.9,78,32
62565.1,78,27
62569.3,79,30
62573.5,77,29
62577.7,77,30
62582,81,23
62586.2,77,30
62590.4,80,28
62594.6,80,26
62598.8,78,27
62603,79,32
62607.2,78,29
62611.4,79,31
62615.7,79,29
62622.6,82,28
62626.8,78,32
62631,79,30
62635.3,78,30
62639.7,79,31
62643.9,77,25
62648.1,77,29
62652.3,79,29
62656.6,78,28
62660.8,81,32
62665,78,25
62669.2,81,27
62673.4,78,33
62677.6,79,30
62681.8,79,29
62686.5,77,30
62690.7,85,54
62697.7,81,58
62701.9,82,68
62706.1,79,84
62710.3,74,94
62714.6,72,105
62718.8,74,115
62723,72,133
62727.2,75,152
62731.4,76,167
62735.7,73,187
62739.9,70,197
62744.1,61,228
62748.3,61,228
62752.5,61,228
62756.7,61,228
62760.9,56,254
62765.1,57,249
62769.3,54,265
62773.6,61,256
62777.8,61,256
62784.2,58,267
62788.5,58,267
62792.7,58,267
62796.9,58,267
62801.1,58,267
62805.3,58,267
62809.5,58,267
62813.8,58,267
62817.9,66,229
62822.2,72,221
62826.4,66,230
62830.6,66,230
62834.8,66,224
62839.1,66,224
62843.3,66,224
62847.5,66,224
62851.7,66,224
62855.9,70,224
62860.1,70,224
62864.4,72,223
62868.6,72,223
62872.8,73,229
62877,71,227
62881.2,73,217
62885.4,73,217
62889.6,74,222
62893.8,68,222
62898,73,219
62902.2,66,228
62906.4,68,227
62910.7,71,224
62915,71,224
62919.2,75,224
62923.4,73,215
62927.6,73,215
62931.8,77,215
62936.5,67,221
62940.8,72,223
62945,70,225
62949.2,72,224
62953.4,72,223
62957.6,77,211
62961.8,76,219
62966.1,68,222
62970.3,76,213
62974.5,73,216
62978.7,73,215
62982.9,75,219
62987.1,73,213
62991.3,71,224
62995.6,74,217
62999.8,76,213
63004,73,221
63008.2,73,212
63012.4,73,219
63016.6,77,217
63020.9,73,224
63025.1,72,221
63029.3,74,219
63033.5,72,220
