108 116 47 44051.9 0 0
121 120 46 44059 0 0
121 197 0 44063.2 0 0
121 197 0 44068.1 0 0
121 197 0 44072.4 0 0
121 197 39 44076.8 0 0
121 197 0 44081 0 0
121 197 0 44085.2 0 0
121 197 0 44089.4 0 0
121 197 0 44093.7 0 0
121 197 39 44097.9 0 0
121 197 42 44102.1 0 0
121 197 34 44106.3 0 0
121 197 38 44110.6 0 0
121 197 0 44114.8 0 0
121 197 47 44118.9 0 0
121 197 0 44123.2 0 0
121 197 57 44127.4 0 0
121 197 0 44131.6 0 0
121 197 60 44135.8 0 0
121 197 50 44140 0 0
121 197 0 44144.2 0 0
121 197 47 44148.4 0 0
121 197 0 44152.7 0 0
121 197 0 44156.9 0 0
145 185 46 44165.3 0 0
146 200 47 44172.5 0 0
141 204 49 44180.8 0 0
144 218 49 44189.2 0 0
148 227 51 44197.5 0 0
143 235 50 44293.9 0 0
146 235 51 44298.1 0 0
147 235 48 44302.3 0 0
145 222 52 44306.5 0 0
145 222 49 44310.8 0 0
144 219 49 44315 0 0
146 215 49 44319.2 0 0
145 216 50 44323.4 0 0
147 217 49 44327.6 0 0
145 213 49 44331.8 0 0
143 209 48 44336.1 0 0
146 217 49 44340.2 0 0
143 215 53 44344.5 0 0
146 217 50 44348.7 0 0
141 214 52 44355.6 0 0
146 210 49 44360 0 0
143 219 49 44364.2 0 0
146 216 52 44368.4 0 0
144 213 49 44372.7 0 0
146 217 50 44376.9 0 0
145 219 49 44381.1 0 0
142 223 50 44385.3 0 0
147 223 50 44389.5 0 0
143 222 51 44393.7 0 0
144 233 48 44397.9 0 0
147 218 51 44402.2 0 0
145 220 50 44406.4 0 0
143 217 52 44410.6 0 0
143 217 0 44414.8 0 0
143 217 0 44419 0 0
144 232 49 44423.2 0 0
143 238 45 44427.4 0 0
143 238 0 44431.6 0 0
143 238 0 44435.9 0 0
143 238 0 44440.1 0 0
143 238 0 44444.3 0 0
143 238 0 44448.5 0 0
143 238 0 44452.7 0 0
143 238 0 44456.9 0 0
143 238 0 44461.2 0 0
143 238 0 44468 0 0
143 238 0 44472.2 0 0
143 238 0 44476.4 0 0
143 238 0 44480.7 0 0
143 238 0 44484.9 0 0
143 238 0 44489.1 0 0
107 211 41 44493.3 0 0
110 188 48 44497.5 0 0
111 190 49 44501.7 0 0
110 184 50 44506 0 0
112 181 50 44511.3 0 0
107 173 50 44515.5 0 0
107 172 50 44522.2 0 0
111 169 51 44526.4 0 0
109 162 50 44530.6 0 0
111 173 51 44534.8 0 0
110 159 50 44539.1 0 0
108 160 50 44543.3 0 0
111 160 51 44547.5 0 0
109 157 50 44551.7 0 0
111 160 49 44555.9 0 0
106 160 50 44560.1 0 0
109 162 50 44564.3 0 0
109 159 49 44568.5 0 0
108 155 49 44572.7 0 0
108 163 49 44576.9 0 0
109 162 50 44581.2 0 0
106 162 49 44585.4 0 0
109 167 50 44589.6 0 0
112 162 49 44593.8 0 0
110 168 49 44598 0 0
106 165 49 44602.2 0 0
108 163 51 44606.4 0 0
110 166 50 44610.7 0 0
112 173 49 44614.8 0 0
109 167 49 44619.1 0 0
109 164 50 44623.3 0 0
109 166 49 44627.5 0 0
109 166 49 44631.7 0 0
109 165 49 44637.2 0 0
108 184 47 44641.4 0 0
111 166 50 44645.6 0 0
106 165 51 44649.9 0 0
109 162 50 44654.1 0 0
111 166 49 44658.4 0 0
110 164 49 44662.6 0 0
107 164 49 44666.8 0 0
106 164 48 44671 0 0
109 161 49 44675.2 0 0
109 155 48 44679.4 0 0
111 157 49 44683.6 0 0
110 163 49 44687.9 0 0
108 155 50 44692.1 0 0
102 144 49 44696.5 0 0
89 140 48 44700.7 0 0
89 140 0 44704.9 0 0
89 140 0 44709.1 0 0
89 140 0 44713.3 0 0
89 140 0 44717.6 0 0
89 140 0 44721.8 0 0
89 140 0 44726.1 0 0
89 140 0 44730.3 0 0
89 140 0 44734.5 0 0
77 111 46 44738.7 0 0
77 111 0 44742.9 0 0
77 111 0 44747.1 0 0
78 102 46 44751.3 0 0
78 102 46 44755.6 0 0
78 99 46 44759.8 0 0
78 97 46 44764 0 0
78 97 0 44768.2 0 0
78 93 46 44772.4 0 0
78 94 46 44776.6 0 0
80 91 46 44780.8 0 0
78 94 46 44785.1 0 0
79 91 46 44789.3 0 0
76 94 46 44793.5 0 0
79 95 46 44797.7 0 0
79 97 46 44801.9 0 0
76 97 46 44806.1 0 0
77 100 46 44810.3 0 0
74 103 46 44814.5 0 0
76 111 47 44818.7 0 0
76 111 0 44823 0 0
76 111 0 44827.2 0 0
75 117 47 44831.4 0 0
72 121 47 44835.6 0 0
72 121 0 44839.8 0 0
72 121 0 44844.1 0 0
71 131 49 44848.3 0 0
72 135 0 44852.5 0 0
74 159 47 44856.7 0 0
74 159 0 44860.9 0 0
74 159 0 44865.1 0 0
71 175 48 44869.3 0 0
71 175 0 44873.5 0 0
71 175 0 44877.7 0 0
71 175 0 44881.9 0 0
71 175 0 44886.1 0 0
71 175 0 44890.4 0 0
71 175 0 44894.6 0 0
71 175 0 44898.9 0 0
71 175 0 44903.1 0 0
71 175 0 44907.3 0 0
71 175 0 44911.5 0 0
115 235 48 45265.7 0 0
115 235 0 45269.9 0 0
116 233 48 45290.9 0 0
116 233 0 45295.2 0 0
105 229 46 45434.5 0 0
108 233 47 45438.8 0 0
107 232 45 45443 0 0
106 226 46 45447.2 0 0
106 226 0 45451.4 0 0
104 220 46 45455.7 0 0
106 218 46 45459.8 0 0
105 217 47 45464.1 0 0
102 213 46 45468.3 0 0
107 214 46 45472.5 0 0
105 212 46 45476.7 0 0
103 218 0 45481.2 0 0
103 218 0 45485.4 0 0
106 213 46 45489.6 0 0
103 212 47 45493.8 0 0
103 212 0 45498 0 0
104 218 46 45502.2 0 0
106 209 47 45506.5 0 0
103 213 46 45510.7 0 0
109 215 47 45514.9 0 0
108 209 45 45519.1 0 0
105 215 47 45523.3 0 0
105 215 0 45527.6 0 0
83 214 47 45531.8 0 0
83 214 0 45536 0 0
75 203 45 45540.2 0 0
71 206 45 45544.5 0 0
69 218 44 45548.7 0 0
68 213 45 45552.9 0 0
70 217 44 45557.1 0 0
71 217 45 45561.4 0 0
71 217 0 45565.6 0 0
71 217 0 45569.8 0 0
71 217 0 45574 0 0
72 222 44 45578.2 0 0
72 222 0 45582.4 0 0
72 222 0 45586.7 0 0
72 222 0 45590.9 0 0
72 222 0 45595.1 0 0
72 222 0 45599.3 0 0
72 232 42 45603.6 0 0
74 235 42 45607.8 0 0
74 235 0 45612 0 0
74 235 0 45616.2 0 0
72 237 43 45780.9 0 0
72 236 43 45785.1 0 0
72 236 0 45789.4 0 0
71 234 45 45793.6 0 0
70 232 45 45797.8 0 0
71 217 44 45802 0 0
71 217 0 45806.2 0 0
69 210 46 45810.5 0 0
69 210 0 45814.7 0 0
69 210 0 45818.9 0 0
77 184 48 45823.1 0 0
77 184 0 45827.3 0 0
81 190 47 45831.6 0 0
81 179 48 45835.8 0 0
81 179 0 45840.2 0 0
81 179 0 45844.4 0 0
85 180 46 45848.7 0 0
88 176 45 45852.9 0 0
88 176 0 45857.1 0 0
88 176 0 45861.3 0 0
88 176 0 45865.5 0 0
88 176 0 45869.7 0 0
88 176 0 45873.9 0 0
88 176 0 45878.2 0 0
110 110 34 45882.4 0 0
94 159 43 45886.6 0 0
94 156 46 45890.8 0 0
92 156 46 45895 0 0
92 156 0 45899.2 0 0
92 156 0 45903.5 0 0
92 156 0 45907.7 0 0
92 156 0 45911.9 0 0
91 140 47 45916.2 0 0
91 140 0 45920.4 0 0
91 140 0 45924.6 0 0
91 140 0 45928.8 0 0
91 140 0 45933 0 0
91 131 47 45937.3 0 0
91 131 0 45941.5 0 0
92 125 46 45945.8 0 0
92 125 0 45950 0 0
92 125 0 45954.2 0 0
92 125 0 45958.4 0 0
92 125 0 45962.7 0 0
91 129 46 45966.9 0 0
90 128 46 45971.1 0 0
88 129 46 45975.3 0 0
90 129 47 45979.6 0 0
91 130 46 45983.8 0 0
89 130 46 45988 0 0
89 130 0 45992.2 0 0
88 121 48 45996.4 0 0
92 134 47 46000.6 0 0
91 122 48 46004.8 0 0
91 122 0 46009.1 0 0
91 122 0 46013.3 0 0
91 122 0 46017.5 0 0
87 136 47 46021.7 0 0
88 126 48 46025.9 0 0
89 136 47 46030.1 0 0
89 136 0 46034.3 0 0
89 136 0 46038.6 0 0
89 136 0 46042.8 0 0
89 129 46 46047 0 0
89 129 0 46053.9 0 0
86 129 46 46058.1 0 0
91 129 46 46062.3 0 0
89 133 47 46066.6 0 0
89 133 0 46070.8 0 0
89 133 0 46075 0 0
88 136 47 46079.2 0 0
88 134 47 46083.4 0 0
88 134 0 46087.6 0 0
87 124 48 46091.8 0 0
87 136 47 46096.1 0 0
88 133 47 46100.3 0 0
89 141 47 46104.5 0 0
93 131 48 46108.7 0 0
90 135 48 46112.9 0 0
81 135 47 46117.1 0 0
75 134 47 46121.3 0 0
71 141 47 46125.6 0 0
71 128 49 46129.8 0 0
67 129 48 46134 0 0
73 135 48 46138.2 0 0
77 139 48 46142.4 0 0
76 154 47 46146.7 0 0
72 161 47 46151 0 0
74 167 47 46158.1 0 0
72 171 46 46162.3 0 0
73 175 47 46166.6 0 0
76 180 47 46170.8 0 0
72 184 45 46175 0 0
75 189 45 46179.2 0 0
71 192 45 46183.4 0 0
71 192 0 46187.6 0 0
71 205 45 46191.8 0 0
71 206 44 46196 0 0
68 215 43 46200.2 0 0
73 219 43 46204.4 0 0
73 223 43 46208.6 0 0
71 227 42 46212.8 0 0
73 237 42 46217.1 0 0
66 239 43 46552.7 0 0
111 232 48 46801.6 0 0
112 230 48 46805.8 0 0
111 229 48 46810 0 0
110 227 48 46814.2 0 0
110 220 48 46818.4 0 0
109 219 49 46822.7 0 0
110 213 48 46826.9 0 0
111 212 50 46831.1 0 0
113 210 48 46835.3 0 0
113 217 50 46839.5 0 0
110 212 49 46843.7 0 0
107 213 48 46848 0 0
110 208 49 46852.2 0 0
109 211 49 46856.4 0 0
106 212 49 46860.6 0 0
110 211 48 46864.8 0 0
112 216 49 46869 0 0
109 215 48 46873.2 0 0
109 221 48 46877.4 0 0
109 224 48 46881.7 0 0
111 219 48 46885.9 0 0
109 227 48 46890.1 0 0
109 235 48 46894.3 0 0
111 229 50 46898.5 0 0
110 239 49 46902.7 0 0
112 239 50 46906.9 0 0
132 240 48 46988.9 0 0
130 237 48 46993.1 0 0
132 232 48 46997.3 0 0
132 230 48 47001.6 0 0
131 229 48 47005.8 0 0
132 239 47 47010 0 0
128 218 49 47014.2 0 0
132 231 47 47018.4 0 0
127 214 49 47022.7 0 0
131 224 47 47026.9 0 0
130 226 47 47031.1 0 0
129 208 49 47035.3 0 0
130 218 47 47039.5 0 0
125 200 48 47043.7 0 0
130 198 48 47047.9 0 0
125 198 48 47052.1 0 0
129 212 47 47056.3 0 0
127 209 47 47060.6 0 0
128 209 47 47064.8 0 0
129 207 47 47069 0 0
125 200 47 47073.2 0 0
130 188 48 47077.5 0 0
127 201 47 47081.7 0 0
129 204 47 47085.9 0 0
131 200 47 47090.1 0 0
126 184 48 47094.3 0 0
128 187 48 47098.5 0 0
130 202 47 47102.8 0 0
128 200 47 47107 0 0
129 186 48 47111.2 0 0
128 199 47 47115.4 0 0
127 202 47 47119.6 0 0
128 186 48 47123.8 0 0
125 200 47 47128 0 0
127 185 48 47132.2 0 0
125 200 47 47136.4 0 0
126 185 48 47140.7 0 0
129 205 47 47144.9 0 0
128 205 47 47149.1 0 0
131 207 47 47153.3 0 0
129 206 47 47157.5 0 0
130 206 46 47161.8 0 0
128 205 47 47166 0 0
129 203 46 47170.2 0 0
127 202 46 47174.4 0 0
126 200 47 47178.6 0 0
127 203 47 47182.8 0 0
126 203 46 47187.1 0 0
128 197 46 47191.3 0 0
126 201 46 47195.5 0 0
125 205 47 47199.7 0 0
125 200 47 47203.9 0 0
129 205 46 47208.1 0 0
126 202 46 47212.3 0 0
128 203 47 47216.6 0 0
126 197 46 47220.8 0 0
126 197 46 47225 0 0
125 194 46 47230.9 0 0
126 191 46 47235.1 0 0
126 188 47 47239.4 0 0
129 192 46 47243.6 0 0
124 185 47 47247.8 0 0
122 187 47 47252 0 0
128 186 47 47256.2 0 0
128 186 46 47260.4 0 0
123 170 48 47264.7 0 0
124 185 47 47268.9 0 0
125 171 48 47273.1 0 0
126 184 46 47277.3 0 0
123 185 47 47281.5 0 0
126 185 46 47285.7 0 0
123 184 46 47289.9 0 0
125 185 47 47294.2 0 0
125 188 47 47298.4 0 0
128 191 47 47302.6 0 0
126 193 47 47306.8 0 0
127 196 47 47311 0 0
125 189 47 47315.2 0 0
126 192 47 47319.4 0 0
126 194 47 47323.6 0 0
123 200 47 47327.8 0 0
128 203 47 47332.1 0 0
127 204 47 47336.3 0 0
125 203 47 47340.5 0 0
125 203 0 47344.7 0 0
125 210 46 47348.9 0 0
125 209 47 47354.2 0 0
126 206 47 47358.5 0 0
132 221 47 47362.7 0 0
132 217 46 47366.9 0 0
130 217 47 47371.1 0 0
129 225 46 47375.3 0 0
130 227 47 47379.5 0 0
132 224 47 47383.7 0 0
129 223 45 47387.9 0 0
128 217 43 47392.2 0 0
128 217 0 47396.4 0 0
128 217 0 47400.6 0 0
128 217 0 47404.8 0 0
128 217 0 47409 0 0
128 217 0 47413.3 0 0
128 217 0 47417.5 0 0
128 217 0 47421.7 0 0
128 217 0 47425.9 0 0
128 217 0 47430.1 0 0
128 217 0 47434.3 0 0
128 217 0 47438.5 0 0
128 217 0 47442.8 0 0
131 234 40 47447 0 0
125 226 48 47662 0 0
129 237 47 47666.2 0 0
125 231 46 47670.4 0 0
124 216 48 47674.6 0 0
126 216 48 47678.8 0 0
124 211 48 47683 0 0
125 229 47 47687.3 0 0
125 207 49 47691.5 0 0
126 224 47 47695.7 0 0
122 208 48 47699.9 0 0
123 203 48 47704.1 0 0
128 208 48 47708.3 0 0
125 201 48 47712.5 0 0
121 203 48 47716.7 0 0
126 221 47 47720.9 0 0
121 203 48 47725.2 0 0
123 199 48 47729.4 0 0
124 201 48 47733.6 0 0
126 216 47 47737.8 0 0
124 198 49 47742 0 0
124 199 48 47746.2 0 0
123 220 47 47750.4 0 0
128 218 47 47754.7 0 0
127 218 47 47758.9 0 0
127 215 47 47763.1 0 0
125 203 48 47767.3 0 0
124 218 47 47771.5 0 0
115 202 48 47775.7 0 0
101 199 48 47779.9 0 0
94 213 47 47784.2 0 0
82 208 47 47788.4 0 0
81 201 47 47792.6 0 0
75 204 45 47796.8 0 0
73 201 45 47801 0 0
69 204 45 47805.2 0 0
71 202 44 47809.4 0 0
66 198 45 47813.6 0 0
68 199 44 47817.8 0 0
75 196 44 47822.1 0 0
77 194 44 47826.3 0 0
70 189 45 47830.5 0 0
72 188 44 47834.7 0 0
65 183 45 47838.9 0 0
69 185 45 47843.2 0 0
70 184 45 47847.4 0 0
72 185 45 47851.6 0 0
70 180 45 47855.8 0 0
72 179 46 47860 0 0
68 176 46 47864.2 0 0
74 175 45 47868.4 0 0
68 176 45 47872.6 0 0
72 179 45 47876.9 0 0
74 175 45 47881.3 0 0
74 171 44 47885.6 0 0
72 172 45 47889.9 0 0
71 170 45 47894.1 0 0
72 168 45 47898.3 0 0
71 168 45 47902.5 0 0
72 168 45 47906.7 0 0
72 168 44 47910.9 0 0
68 167 45 47915.2 0 0
73 169 45 47919.4 0 0
74 172 45 47923.6 0 0
71 177 44 47927.8 0 0
74 174 44 47932 0 0
69 172 44 47936.2 0 0
71 174 44 47940.4 0 0
70 178 43 47944.7 0 0
68 178 43 47948.9 0 0
72 181 43 47953.1 0 0
70 182 42 47957.3 0 0
69 187 44 47961.6 0 0
69 190 42 47965.9 0 0
73 189 41 47970.1 0 0
68 191 42 47974.3 0 0
76 201 41 47978.6 0 0
67 202 42 47982.8 0 0
68 206 41 47987 0 0
70 203 40 47991.2 0 0
71 210 39 47995.4 0 0
68 209 40 47999.7 0 0
69 220 38 48003.9 0 0
70 222 39 48008.1 0 0
67 225 38 48012.3 0 0
71 227 37 48016.6 0 0
66 228 38 48020.8 0 0
73 227 36 48025 0 0
70 232 36 48029.2 0 0
63 230 37 48033.4 0 0
67 236 38 48037.6 0 0
65 237 35 48041.8 0 0
69 236 34 48046 0 0
69 236 0 48050.3 0 0
69 236 0 48054.5 0 0
71 237 35 48058.7 0 0
71 237 0 48062.9 0 0
66 235 34 48067.1 0 0
70 239 34 48071.3 0 0
70 239 0 48075.6 0 0
69 235 35 48079.8 0 0
72 233 36 48084 0 0
73 237 36 48088.2 0 0
75 229 37 48092.4 0 0
73 231 36 48096.6 0 0
71 224 38 48100.8 0 0
74 225 39 48105.1 0 0
72 225 39 48109.3 0 0
71 221 38 48113.5 0 0
72 209 39 48117.7 0 0
72 209 0 48121.9 0 0
70 199 41 48126.1 0 0
72 203 40 48130.3 0 0
71 191 41 48134.5 0 0
77 191 42 48138.8 0 0
74 188 41 48143 0 0
79 193 42 48147.2 0 0
71 179 43 48151.4 0 0
74 180 43 48155.7 0 0
77 180 42 48159.9 0 0
78 186 44 48164.1 0 0
86 184 45 48168.3 0 0
94 181 45 48172.5 0 0
104 187 46 48176.7 0 0
113 187 45 48180.9 0 0
108 184 46 48185.2 0 0
105 183 45 48189.4 0 0
105 178 45 48193.7 0 0
106 175 45 48197.9 0 0
104 176 46 48202.1 0 0
106 174 47 48206.3 0 0
104 172 45 48210.5 0 0
106 177 45 48214.7 0 0
104 173 44 48218.9 0 0
107 181 45 48223.1 0 0
110 185 45 48227.3 0 0
109 184 45 48231.5 0 0
103 187 45 48235.8 0 0
103 187 0 48240 0 0
107 193 46 48244.8 0 0
108 192 46 48249.1 0 0
107 198 46 48253.3 0 0
107 202 47 48257.5 0 0
102 201 46 48261.7 0 0
105 204 46 48265.9 0 0
104 212 45 48270.2 0 0
108 210 46 48274.4 0 0
105 217 45 48278.6 0 0
106 216 45 48282.8 0 0
111 229 45 48287 0 0
104 227 45 48291.2 0 0
107 237 46 48295.5 0 0
108 235 46 48303.9 0 0
128 236 46 48491.1 0 0
131 235 45 48495.3 0 0
132 236 46 48499.5 0 0
131 236 45 48503.7 0 0
126 230 45 48507.9 0 0
127 232 45 48512.2 0 0
130 232 45 48516.4 0 0
131 233 46 48520.6 0 0
124 225 46 48524.8 0 0
133 231 45 48529 0 0
127 225 46 48533.2 0 0
131 229 45 48537.4 0 0
127 222 46 48541.7 0 0
127 222 0 48545.9 0 0
129 225 45 48550.1 0 0
129 225 0 48554.3 0 0
128 220 46 48558.5 0 0
126 223 46 48562.7 0 0
130 222 47 48566.9 0 0
124 218 45 48571.2 0 0
124 216 46 48575.4 0 0
124 215 45 48579.6 0 0
127 214 46 48583.8 0 0
123 211 46 48588 0 0
128 211 47 48592.2 0 0
125 209 45 48596.5 0 0
126 203 45 48600.7 0 0
125 203 46 48604.9 0 0
126 200 44 48609.1 0 0
124 201 46 48613.3 0 0
125 201 46 48617.5 0 0
123 200 46 48621.7 0 0
128 205 46 48625.9 0 0
127 199 45 48630.1 0 0
126 202 44 48634.3 0 0
125 202 47 48638.6 0 0
128 200 47 48642.8 0 0
127 202 45 48647 0 0
125 200 46 48651.2 0 0
125 201 46 48655.5 0 0
125 197 46 48659.7 0 0
123 201 45 48663.9 0 0
123 201 45 48668.1 0 0
125 200 45 48672.4 0 0
125 199 44 48676.6 0 0
125 201 45 48680.8 0 0
124 200 45 48685 0 0
126 203 45 48689.2 0 0
122 204 44 48693.4 0 0
125 197 45 48697.7 0 0
123 194 46 48701.9 0 0
125 194 45 48706.1 0 0
124 193 45 48710.3 0 0
125 190 46 48714.5 0 0
126 188 46 48718.7 0 0
124 183 45 48722.9 0 0
125 183 45 48727.2 0 0
122 177 45 48731.4 0 0
128 177 45 48735.6 0 0
124 176 46 48739.8 0 0
123 175 46 48744 0 0
128 174 45 48748.2 0 0
125 172 45 48752.4 0 0
122 168 46 48756.6 0 0
124 168 46 48760.9 0 0
124 168 46 48765.1 0 0
124 165 45 48769.5 0 0
123 167 46 48773.7 0 0
123 168 45 48777.9 0 0
128 172 46 48782.2 0 0
124 173 45 48786.4 0 0
124 174 45 48790.6 0 0
126 174 45 48794.8 0 0
126 177 46 48799 0 0
122 172 45 48803.2 0 0
123 172 45 48807.4 0 0
124 173 44 48811.6 0 0
124 177 45 48815.9 0 0
123 178 46 48820.1 0 0
126 179 44 48824.3 0 0
123 180 45 48828.5 0 0
128 181 46 48832.7 0 0
123 175 44 48836.9 0 0
116 175 45 48841.1 0 0
110 175 46 48845.3 0 0
101 178 44 48849.6 0 0
95 182 43 48853.8 0 0
94 185 43 48858 0 0
90 179 42 48862.2 0 0
90 179 42 48866.4 0 0
92 178 43 48870.6 0 0
91 187 43 48875 0 0
93 189 42 48879.3 0 0
96 189 43 48883.5 0 0
93 186 43 48887.8 0 0
92 185 42 48892 0 0
94 187 42 48896.2 0 0
92 187 42 48900.4 0 0
92 189 42 48904.6 0 0
91 185 42 48908.8 0 0
90 184 42 48913.1 0 0
94 183 42 48917.3 0 0
90 186 42 48921.5 0 0
92 187 42 48925.7 0 0
91 185 43 48930 0 0
94 185 42 48934.2 0 0
89 182 42 48938.4 0 0
91 183 43 48942.7 0 0
94 184 43 48946.9 0 0
91 181 42 48951.1 0 0
93 178 43 48955.3 0 0
91 183 43 48959.5 0 0
91 177 42 48963.8 0 0
89 177 42 48968 0 0
88 174 43 48972.2 0 0
95 177 43 48976.4 0 0
91 176 43 48980.6 0 0
92 180 43 48984.9 0 0
91 176 43 48989.2 0 0
90 178 43 48993.4 0 0
92 180 43 48997.6 0 0
90 177 43 49001.9 0 0
91 179 43 49006.1 0 0
92 179 43 49010.3 0 0
90 177 43 49014.6 0 0
91 179 43 49018.8 0 0
93 182 43 49022.9 0 0
89 176 43 49027.2 0 0
90 179 43 49031.4 0 0
89 177 42 49035.6 0 0
95 183 43 49039.8 0 0
91 179 42 49044.1 0 0
93 186 43 49048.3 0 0
94 181 43 49052.5 0 0
92 183 43 49056.7 0 0
93 181 42 49060.9 0 0
92 184 42 49067.7 0 0
94 187 43 49071.9 0 0
92 184 43 49076.2 0 0
93 182 43 49080.4 0 0
91 183 43 49084.6 0 0
91 182 43 49088.8 0 0
92 183 43 49093 0 0
92 185 43 49097.2 0 0
93 186 43 49101.4 0 0
92 182 43 49105.7 0 0
91 179 43 49109.9 0 0
91 185 43 49114.1 0 0
95 184 43 49118.2 0 0
92 183 43 49122.5 0 0
92 185 43 49126.7 0 0
94 186 43 49130.9 0 0
95 184 43 49135.2 0 0
95 186 43 49139.4 0 0
93 183 43 49143.6 0 0
91 182 43 49147.8 0 0
91 181 43 49152 0 0
93 182 43 49156.2 0 0
91 182 43 49160.4 0 0
94 181 43 49164.7 0 0
95 179 43 49168.9 0 0
92 177 43 49176 0 0
95 176 44 49180.3 0 0
93 176 43 49184.5 0 0
95 178 43 49188.7 0 0
95 174 43 49192.9 0 0
91 177 43 49197.2 0 0
91 173 43 49201.4 0 0
94 171 43 49205.6 0 0
93 171 43 49209.8 0 0
94 173 43 49214 0 0
93 174 43 49218.2 0 0
94 171 43 49222.4 0 0
91 172 43 49226.6 0 0
92 173 43 49230.9 0 0
94 172 43 49235.1 0 0
95 175 43 49239.3 0 0
96 171 43 49243.5 0 0
94 173 44 49247.8 0 0
93 175 43 49252 0 0
94 170 43 49256.2 0 0
91 171 43 49260.4 0 0
92 171 43 49264.6 0 0
91 170 43 49268.8 0 0
91 170 43 49273.1 0 0
92 168 43 49277.8 0 0
93 168 43 49282 0 0
96 166 43 49286.3 0 0
92 165 43 49290.5 0 0
93 166 43 49294.7 0 0
92 166 43 49298.9 0 0
92 163 43 49303.1 0 0
94 166 43 49307.3 0 0
92 166 43 49311.5 0 0
96 167 43 49315.8 0 0
97 169 43 49320 0 0
93 166 44 49324.9 0 0
92 166 43 49329.1 0 0
91 166 43 49333.3 0 0
92 167 43 49337.5 0 0
93 166 43 49341.8 0 0
96 161 43 49346 0 0
95 161 43 49350.2 0 0
94 160 44 49354.4 0 0
92 162 43 49358.6 0 0
94 160 43 49362.8 0 0
93 161 43 49367 0 0
97 163 43 49371.2 0 0
96 164 43 49375.5 0 0
95 162 43 49379.7 0 0
94 162 43 49383.9 0 0
94 158 44 49388.1 0 0
93 161 43 49392.3 0 0
93 162 44 49396.6 0 0
93 164 44 49400.8 0 0
94 164 43 49405 0 0
96 159 43 49409.2 0 0
92 161 43 49413.5 0 0
94 159 43 49417.7 0 0
92 158 43 49421.9 0 0
89 157 43 49426.1 0 0
91 162 44 49430.3 0 0
91 160 43 49434.5 0 0
92 157 44 49438.7 0 0
98 160 43 49443 0 0
95 158 43 49447.2 0 0
94 158 44 49451.4 0 0
99 162 43 49455.6 0 0
100 160 43 49459.8 0 0
95 160 44 49464 0 0
99 156 44 49468.2 0 0
94 152 44 49472.5 0 0
94 162 43 49476.7 0 0
93 174 42 49480.9 0 0
94 194 42 49485.2 0 0
91 215 43 49489.4 0 0
91 223 42 49493.6 0 0
92 236 41 49510.5 0 0
92 217 42 49514.7 0 0
92 196 42 49518.9 0 0
90 185 42 49523.1 0 0
90 176 43 49527.3 0 0
92 162 43 49531.5 0 0
90 157 44 49535.7 0 0
87 163 44 49539.9 0 0
83 162 44 49544.2 0 0
87 160 44 49548.4 0 0
86 167 44 49552.6 0 0
88 166 44 49556.8 0 0
88 170 44 49561 0 0
87 166 44 49565.2 0 0
89 165 44 49569.4 0 0
86 176 43 49573.7 0 0
90 177 43 49577.9 0 0
89 171 44 49582.1 0 0
87 171 43 49586.3 0 0
87 166 44 49590.5 0 0
86 169 44 49594.7 0 0
88 173 44 49599 0 0
89 174 44 49603.2 0 0
86 173 44 49607.4 0 0
87 170 44 49611.6 0 0
88 176 44 49615.8 0 0
87 168 44 49620 0 0
87 165 44 49624.2 0 0
86 172 44 49628.4 0 0
87 174 44 49632.7 0 0
86 175 44 49636.9 0 0
87 175 44 49641.1 0 0
87 174 44 49645.3 0 0
86 173 44 49649.5 0 0
87 172 44 49653.8 0 0
87 170 44 49658 0 0
86 173 43 49662.3 0 0
87 173 44 49666.5 0 0
87 177 44 49670.7 0 0
87 175 44 49674.9 0 0
88 175 44 49679.1 0 0
89 175 44 49683.3 0 0
88 172 44 49687.5 0 0
88 175 44 49691.8 0 0
85 174 44 49696 0 0
90 173 44 49700.2 0 0
87 174 44 49704.4 0 0
86 169 44 49708.6 0 0
87 168 44 49712.8 0 0
87 172 44 49717 0 0
86 169 44 49721.3 0 0
85 172 44 49725.5 0 0
87 169 44 49729.7 0 0
88 173 44 49733.9 0 0
89 172 44 49738.1 0 0
88 171 44 49742.3 0 0
85 177 44 49746.8 0 0
88 172 44 49751 0 0
86 176 44 49755.2 0 0
86 176 44 49760.6 0 0
86 173 44 49764.8 0 0
86 171 45 49769 0 0
86 169 44 49773.2 0 0
88 171 44 49777.4 0 0
85 169 45 49781.6 0 0
85 172 44 49785.8 0 0
86 170 44 49790.1 0 0
87 173 44 49794.3 0 0
88 167 44 49798.5 0 0
90 173 44 49802.7 0 0
87 174 44 49806.9 0 0
87 175 45 49811.1 0 0
88 167 44 49815.3 0 0
88 169 44 49819.5 0 0
84 170 44 49823.8 0 0
85 177 44 49828 0 0
83 179 44 49832.2 0 0
89 174 45 49836.5 0 0
87 168 44 49840.7 0 0
84 168 44 49844.9 0 0
87 170 44 49849.2 0 0
85 168 44 49853.4 0 0
89 172 44 49857.6 0 0
88 172 44 49861.8 0 0
87 168 44 49866 0 0
86 169 44 49874.8 0 0
87 173 44 49879 0 0
87 170 44 49883.2 0 0
87 169 45 49887.5 0 0
87 172 44 49891.7 0 0
87 170 44 49895.9 0 0
85 176 44 49900.1 0 0
85 173 44 49904.3 0 0
88 176 44 49908.6 0 0
88 177 44 49912.9 0 0
85 172 44 49917.1 0 0
85 172 44 49921.3 0 0
86 175 44 49925.5 0 0
87 176 44 49929.7 0 0
87 171 44 49933.9 0 0
86 177 44 49938.1 0 0
92 167 44 49942.3 0 0
99 164 44 49946.6 0 0
108 161 45 49950.8 0 0
115 161 44 49955 0 0
119 166 44 49959.2 0 0
116 166 45 49963.4 0 0
115 164 44 49967.6 0 0
112 164 43 49971.8 0 0
111 167 44 49976.1 0 0
110 165 44 49980.3 0 0
111 161 44 49984.5 0 0
110 165 44 49988.7 0 0
111 168 44 49992.9 0 0
113 166 44 49997.1 0 0
114 164 43 50001.4 0 0
114 166 44 50005.6 0 0
114 167 43 50009.8 0 0
114 164 44 50014 0 0
112 164 43 50018.2 0 0
113 165 43 50022.4 0 0
112 166 43 50026.6 0 0
112 166 43 50030.8 0 0
116 167 43 50035.1 0 0
111 162 43 50039.3 0 0
111 166 43 50043.5 0 0
110 160 43 50047.7 0 0
114 166 43 50051.9 0 0
113 168 43 50056.1 0 0
112 167 44 50060.3 0 0
112 166 43 50064.6 0 0
114 167 43 50068.8 0 0
112 166 43 50073 0 0
116 161 44 50077.2 0 0
114 167 43 50081.4 0 0
114 162 43 50085.6 0 0
113 169 43 50089.8 0 0
114 163 43 50094 0 0
112 167 43 50098.3 0 0
113 167 43 50102.5 0 0
111 169 43 50106.7 0 0
110 169 44 50110.9 0 0
112 168 43 50115.1 0 0
109 168 44 50119.3 0 0
116 164 43 50123.5 0 0
113 170 43 50127.7 0 0
114 170 43 50131.9 0 0
115 167 43 50136.2 0 0
111 164 42 50140.5 0 0
113 166 43 50144.7 0 0
111 165 42 50148.9 0 0
112 163 43 50153.1 0 0
111 165 43 50157.3 0 0
114 168 43 50161.6 0 0
111 173 43 50165.8 0 0
110 168 43 50170 0 0
113 167 43 50174.2 0 0
113 163 43 50178.4 0 0
111 166 43 50182.6 0 0
114 169 43 50186.8 0 0
116 166 43 50191.1 0 0
119 167 43 50195.3 0 0
121 144 43 50199.5 0 0
124 125 43 50203.8 0 0
128 108 43 50207.9 0 0
123 95 43 50212.2 0 0
120 83 43 50216.4 0 0
122 75 43 50220.6 0 0
121 70 43 50224.8 0 0
122 69 43 50229 0 0
125 71 43 50233.3 0 0
124 71 43 50237.5 0 0
125 71 43 50241.7 0 0
128 68 43 50245.9 0 0
125 73 43 50250.2 0 0
125 72 42 50254.4 0 0
126 76 43 50258.6 0 0
124 75 43 50262.8 0 0
124 78 43 50267 0 0
124 80 43 50271.2 0 0
125 78 43 50275.4 0 0
123 78 43 50279.7 0 0
124 81 43 50283.9 0 0
125 84 43 50288.1 0 0
125 85 43 50292.3 0 0
124 86 43 50296.5 0 0
123 84 43 50300.7 0 0
122 83 43 50305.2 0 0
121 86 43 50309.4 0 0
123 85 43 50313.7 0 0
123 89 42 50317.9 0 0
124 86 42 50322.1 0 0
125 85 42 50326.3 0 0
122 85 43 50330.5 0 0
120 90 42 50334.7 0 0
123 88 43 50338.9 0 0
125 93 43 50343.2 0 0
123 90 43 50347.4 0 0
124 89 43 50351.6 0 0
123 91 42 50355.8 0 0
125 95 42 50360 0 0
125 94 43 50364.2 0 0
123 90 43 50368.4 0 0
123 90 43 50372.6 0 0
123 94 42 50376.8 0 0
120 94 43 50381.1 0 0
124 98 43 50385.3 0 0
123 96 42 50389.9 0 0
123 98 42 50394.2 0 0
125 96 42 50398.3 0 0
124 97 42 50402.6 0 0
124 97 0 50406.8 0 0
123 99 42 50411 0 0
122 97 42 50415.2 0 0
121 95 42 50419.4 0 0
122 96 42 50423.7 0 0
123 95 42 50427.9 0 0
123 98 42 50432.1 0 0
122 100 42 50436.3 0 0
125 100 42 50440.5 0 0
125 100 42 50444.8 0 0
122 98 42 50449 0 0
122 103 41 50453.2 0 0
121 102 42 50457.4 0 0
125 98 42 50461.6 0 0
124 99 42 50465.8 0 0
122 101 41 50470 0 0
122 100 42 50474.3 0 0
122 100 42 50478.5 0 0
123 97 41 50482.7 0 0
121 98 41 50486.9 0 0
124 92 42 50491.1 0 0
123 93 41 50495.3 0 0
121 95 41 50499.6 0 0
121 99 41 50503.8 0 0
124 97 41 50508.1 0 0
123 97 41 50512.3 0 0
121 96 41 50516.5 0 0
123 96 41 50520.7 0 0
122 93 41 50524.9 0 0
123 96 41 50529.1 0 0
121 94 41 50533.3 0 0
122 92 41 50537.6 0 0
121 93 41 50541.8 0 0
121 93 0 50546 0 0
122 90 41 50550.2 0 0
123 91 41 50554.4 0 0
121 89 41 50558.6 0 0
121 89 41 50562.8 0 0
121 87 41 50567.1 0 0
123 90 41 50571.3 0 0
122 89 41 50575.5 0 0
120 85 41 50579.8 0 0
121 87 40 50583.9 0 0
121 88 41 50588.1 0 0
119 86 40 50592.4 0 0
120 88 41 50596.6 0 0
123 86 40 50600.8 0 0
121 87 41 50605.1 0 0
122 88 41 50609.2 0 0
121 86 41 50613.4 0 0
123 86 40 50617.7 0 0
122 85 40 50621.9 0 0
123 86 41 50626.1 0 0
120 87 40 50630.3 0 0
120 87 0 50634.5 0 0
123 88 40 50638.8 0 0
121 86 40 50643 0 0
122 85 40 50647.2 0 0
123 88 41 50651.4 0 0
124 85 41 50655.6 0 0
121 87 41 50659.8 0 0
122 87 41 50664 0 0
122 88 41 50668.2 0 0
120 86 41 50672.4 0 0
120 84 41 50676.7 0 0
121 87 41 50680.9 0 0
121 87 40 50685.1 0 0
120 87 41 50689.3 0 0
119 85 41 50693.6 0 0
121 87 40 50697.8 0 0
119 88 41 50702 0 0
122 85 41 50706.2 0 0
121 87 41 50710.4 0 0
119 86 41 50714.6 0 0
122 88 41 50718.9 0 0
120 89 41 50723.1 0 0
120 89 41 50727.4 0 0
121 88 41 50731.6 0 0
119 89 41 50735.8 0 0
121 88 41 50740 0 0
119 91 41 50744.2 0 0
122 88 41 50748.4 0 0
121 91 41 50752.6 0 0
121 92 41 50756.9 0 0
121 93 41 50761.1 0 0
124 96 41 50765.3 0 0
121 92 41 50769.5 0 0
121 92 0 50773.9 0 0
123 92 41 50778.1 0 0
120 95 41 50782.3 0 0
123 94 41 50786.6 0 0
120 99 41 50790.8 0 0
121 94 41 50795 0 0
122 99 41 50799.2 0 0
122 97 41 50803.4 0 0
121 102 41 50807.7 0 0
121 99 42 50811.9 0 0
120 99 42 50816.2 0 0
121 102 42 50820.4 0 0
123 105 42 50824.6 0 0
123 105 42 50828.8 0 0
122 109 42 50833 0 0
122 107 42 50837.2 0 0
124 107 42 50841.4 0 0
120 106 43 50845.6 0 0
108 109 43 50849.9 0 0
110 115 43 50854.5 0 0
100 107 44 50858.7 0 0
93 106 45 50862.9 0 0
90 109 44 50867.2 0 0
87 107 44 50871.3 0 0
89 111 43 50875.6 0 0
82 112 44 50879.8 0 0
79 109 44 50884 0 0
81 115 45 50888.2 0 0
84 114 45 50892.4 0 0
84 116 43 50896.7 0 0
84 115 43 50900.9 0 0
80 121 44 50905.1 0 0
78 121 46 50909.3 0 0
83 116 45 50913.5 0 0
79 120 46 50917.8 0 0
79 122 45 50922 0 0
78 122 45 50926.2 0 0
80 127 44 50930.4 0 0
85 130 45 50934.6 0 0
82 123 45 50938.8 0 0
79 131 46 50943 0 0
79 130 45 50947.3 0 0
81 132 45 50951.5 0 0
79 133 44 50955.7 0 0
81 136 43 50959.9 0 0
82 134 45 50964.1 0 0
76 141 46 50968.3 0 0
79 145 45 50972.5 0 0
75 137 45 50976.8 0 0
75 137 0 50981 0 0
81 138 45 50985.2 0 0
77 145 46 50989.4 0 0
82 145 46 50993.6 0 0
79 139 45 50997.8 0 0
78 150 44 51002 0 0
79 145 45 51006.3 0 0
78 145 46 51010.5 0 0
75 143 46 51014.7 0 0
79 146 45 51018.9 0 0
81 153 44 51023.2 0 0
80 152 45 51027.3 0 0
82 155 45 51031.6 0 0
81 160 45 51035.8 0 0
78 153 46 51040 0 0
87 155 47 51044.2 0 0
77 155 44 51048.4 0 0
81 157 44 51052.7 0 0
80 154 44 51056.9 0 0
76 154 45 51061.1 0 0
79 161 45 51065.3 0 0
77 155 44 51069.5 0 0
76 151 45 51073.7 0 0
82 152 44 51077.9 0 0
80 156 44 51082.2 0 0
78 156 44 51086.3 0 0
79 154 46 51090.6 0 0
80 154 45 51094.8 0 0
79 157 45 51099 0 0
76 155 45 51103.2 0 0
81 155 45 51107.5 0 0
80 151 46 51111.7 0 0
77 155 46 51115.9 0 0
75 152 45 51120.1 0 0
75 156 46 51124.3 0 0
78 158 44 51128.5 0 0
80 152 45 51132.7 0 0
81 163 45 51137 0 0
81 152 46 51141.2 0 0
74 157 45 51145.4 0 0
78 154 46 51149.7 0 0
77 156 45 51153.9 0 0
79 151 45 51158.1 0 0
77 155 46 51162.4 0 0
79 155 45 51166.6 0 0
74 148 46 51170.8 0 0
76 152 45 51175 0 0
81 150 45 51179.2 0 0
81 152 45 51183.4 0 0
78 149 47 51187.6 0 0
76 149 46 51191.8 0 0
78 148 45 51196.1 0 0
79 151 45 51200.3 0 0
78 145 46 51204.5 0 0
81 146 45 51208.7 0 0
80 142 45 51212.9 0 0
76 144 45 51217.1 0 0
78 145 46 51221.3 0 0
79 144 46 51225.5 0 0
78 142 46 51229.8 0 0
76 145 45 51234 0 0
79 146 46 51238.2 0 0
75 144 45 51242.5 0 0
76 144 45 51246.7 0 0
77 144 45 51250.9 0 0
78 142 46 51255.2 0 0
81 142 45 51259.4 0 0
78 144 45 51263.6 0 0
81 142 45 51267.8 0 0
78 142 45 51272 0 0
76 144 46 51276.2 0 0
82 146 45 51280.4 0 0
77 144 47 51284.7 0 0
81 147 45 51288.9 0 0
80 143 46 51293.1 0 0
81 154 45 51297.3 0 0
77 147 46 51301.5 0 0
80 142 45 51305.7 0 0
81 142 45 51309.9 0 0
79 145 46 51314.2 0 0
79 144 47 51318.4 0 0
81 146 45 51322.6 0 0
80 143 45 51326.8 0 0
79 139 45 51331 0 0
79 145 45 51335.2 0 0
79 144 45 51339.4 0 0
82 144 46 51343.6 0 0
79 141 47 51347.9 0 0
84 142 46 51352.1 0 0
80 138 46 51356.3 0 0
83 140 45 51360.5 0 0
79 136 47 51364.7 0 0
79 134 45 51368.9 0 0
82 138 46 51373.1 0 0
80 138 46 51377.3 0 0
88 151 44 51381.5 0 0
85 147 45 51385.8 0 0
103 145 46 51390.1 0 0
110 144 47 51394.3 0 0
117 149 46 51398.6 0 0
124 149 46 51402.8 0 0
136 150 47 51407 0 0
142 149 46 51411.2 0 0
140 149 47 51415.5 0 0
138 150 46 51419.7 0 0
136 148 46 51423.9 0 0
131 136 48 51428.1 0 0
135 147 45 51432.3 0 0
132 149 46 51436.5 0 0
134 143 46 51440.7 0 0
133 147 46 51445 0 0
135 148 46 51449.2 0 0
134 149 47 51453.4 0 0
134 148 46 51457.6 0 0
134 148 0 51461.8 0 0
136 149 46 51466 0 0
137 146 47 51470.3 0 0
134 150 46 51474.5 0 0
136 141 46 51478.7 0 0
133 144 45 51483 0 0
137 147 47 51487.2 0 0
136 147 46 51491.4 0 0
137 149 46 51495.6 0 0
136 145 47 51499.8 0 0
140 145 47 51504.1 0 0
138 145 46 51508.3 0 0
139 145 45 51512.5 0 0
137 146 46 51516.7 0 0
136 146 46 51520.9 0 0
137 143 45 51525.1 0 0
138 149 46 51529.3 0 0
139 146 46 51533.6 0 0
136 140 48 51537.8 0 0
138 151 46 51542 0 0
136 155 47 51546.2 0 0
139 151 47 51550.4 0 0
139 154 47 51554.6 0 0
139 153 46 51558.8 0 0
138 155 46 51563.1 0 0
140 155 45 51567.3 0 0
139 157 46 51571.5 0 0
139 156 46 51575.7 0 0
138 159 46 51579.9 0 0
136 156 47 51584.1 0 0
139 157 46 51588.3 0 0
137 156 46 51592.6 0 0
139 157 46 51596.8 0 0
138 154 47 51601 0 0
138 150 46 51605.2 0 0
138 154 47 51609.4 0 0
139 151 46 51613.6 0 0
136 154 45 51617.8 0 0
138 153 47 51622 0 0
138 152 45 51626.2 0 0
138 152 0 51630.5 0 0
136 155 46 51634.7 0 0
138 151 47 51638.9 0 0
138 154 47 51643.2 0 0
139 151 47 51647.4 0 0
138 152 47 51651.6 0 0
137 151 46 51655.8 0 0
135 153 46 51660 0 0
140 156 45 51664.2 0 0
136 151 47 51668.5 0 0
137 154 46 51672.7 0 0
138 156 46 51676.9 0 0
136 151 47 51681.1 0 0
140 154 47 51685.3 0 0
138 149 46 51689.5 0 0
138 153 46 51693.8 0 0
139 154 46 51698.8 0 0
140 152 46 51703 0 0
137 152 46 51707.2 0 0
138 149 47 51711.4 0 0
139 153 46 51715.7 0 0
138 153 46 51719.9 0 0
136 149 46 51724.1 0 0
135 153 46 51728.3 0 0
138 154 46 51732.6 0 0
136 151 46 51736.8 0 0
140 152 46 51741 0 0
137 153 46 51745.2 0 0
137 153 0 51749.4 0 0
138 150 46 51753.6 0 0
138 157 46 51757.8 0 0
139 156 45 51762 0 0
140 157 46 51766.2 0 0
141 158 46 51770.4 0 0
141 161 46 51774.7 0 0
137 156 45 51778.9 0 0
140 158 45 51783.1 0 0
142 161 46 51787.3 0 0
137 163 46 51791.6 0 0
141 158 47 51795.8 0 0
145 162 45 51800 0 0
140 161 46 51804.2 0 0
141 161 46 51808.4 0 0
141 165 46 51812.6 0 0
143 170 45 51816.8 0 0
142 166 46 51821.1 0 0
139 167 45 51825.4 0 0
140 168 45 51829.6 0 0
141 167 46 51833.8 0 0
141 173 45 51838 0 0
145 167 45 51842.2 0 0
140 170 46 51846.4 0 0
145 176 45 51850.7 0 0
143 174 46 51854.9 0 0
142 170 45 51859.1 0 0
142 170 0 51863.3 0 0
146 171 45 51867.5 0 0
143 169 45 51871.7 0 0
144 173 46 51875.9 0 0
143 172 45 51880.2 0 0
145 172 46 51884.4 0 0
144 173 45 51888.7 0 0
145 174 46 51892.9 0 0
144 174 44 51897.1 0 0
139 172 44 51901.3 0 0
139 172 0 51905.5 0 0
142 174 45 51909.7 0 0
146 170 46 51914 0 0
144 178 45 51918.2 0 0
144 175 44 51922.4 0 0
144 175 0 51926.6 0 0
145 171 46 51930.8 0 0
142 168 46 51935 0 0
138 170 46 51939.2 0 0
132 164 45 51943.4 0 0
133 169 45 51947.6 0 0
127 167 46 51951.8 0 0
127 167 45 51956.1 0 0
123 162 45 51960.3 0 0
128 162 46 51964.5 0 0
133 161 46 51968.7 0 0
134 162 46 51972.9 0 0
134 162 45 51977.2 0 0
131 162 46 51981.4 0 0
129 160 45 51985.6 0 0
129 161 45 51989.8 0 0
132 160 47 51994 0 0
130 160 46 51998.3 0 0
131 158 44 52002.5 0 0
131 153 46 52006.7 0 0
129 159 46 52011 0 0
130 157 45 52015.2 0 0
128 153 46 52019.4 0 0
130 155 45 52023.6 0 0
127 151 45 52027.8 0 0
130 154 45 52032 0 0
128 155 46 52036.2 0 0
131 149 46 52040.4 0 0
128 146 46 52044.7 0 0
131 153 46 52048.9 0 0
127 154 46 52053.1 0 0
130 153 46 52057.3 0 0
131 147 46 52061.5 0 0
131 147 45 52065.7 0 0
130 148 45 52070 0 0
129 145 45 52074.2 0 0
127 149 47 52078.4 0 0
128 145 45 52082.6 0 0
130 147 45 52086.8 0 0
131 150 45 52091 0 0
128 146 46 52095.3 0 0
131 147 46 52099.5 0 0
128 146 46 52103.7 0 0
131 150 46 52107.9 0 0
130 148 46 52112.2 0 0
131 147 46 52116.3 0 0
129 153 46 52120.6 0 0
129 147 46 52124.9 0 0
130 154 47 52129.1 0 0
128 146 45 52133.4 0 0
130 153 45 52137.6 0 0
127 145 46 52141.8 0 0
130 152 46 52146 0 0
126 154 46 52150.3 0 0
130 149 46 52154.5 0 0
128 153 46 52158.7 0 0
132 153 45 52163 0 0
127 155 46 52167.3 0 0
128 152 46 52171.5 0 0
127 143 48 52175.7 0 0
131 158 46 52180.1 0 0
131 154 46 52184.3 0 0
132 157 46 52188.5 0 0
131 156 46 52192.7 0 0
130 158 46 52196.9 0 0
131 156 46 52201.1 0 0
129 157 47 52205.3 0 0
128 154 47 52209.6 0 0
128 157 46 52213.8 0 0
130 160 46 52218 0 0
127 154 46 52222.2 0 0
128 156 46 52226.5 0 0
131 158 46 52230.7 0 0
129 160 46 52234.9 0 0
128 161 45 52239.1 0 0
128 157 47 52243.3 0 0
128 157 0 52247.5 0 0
131 162 46 52251.7 0 0
131 166 47 52256 0 0
131 162 46 52260.2 0 0
129 165 46 52264.4 0 0
129 165 0 52268.6 0 0
129 167 46 52272.8 0 0
131 161 46 52277 0 0
131 165 46 52281.3 0 0
132 161 45 52285.5 0 0
131 162 46 52289.8 0 0
133 166 46 52293.9 0 0
131 167 46 52298.2 0 0
126 163 46 52302.4 0 0
129 161 45 52306.6 0 0
130 161 46 52310.8 0 0
128 161 46 52315 0 0
128 166 46 52319.2 0 0
127 167 46 52323.5 0 0
130 167 45 52327.7 0 0
129 166 46 52331.9 0 0
132 168 46 52336.1 0 0
131 169 46 52340.3 0 0
128 169 45 52344.5 0 0
125 167 46 52349 0 0
128 169 46 52353.2 0 0
129 175 46 52357.4 0 0
130 172 46 52361.6 0 0
128 169 47 52365.8 0 0
131 171 46 52370 0 0
128 170 46 52374.6 0 0
129 171 45 52378.9 0 0
132 175 46 52385.4 0 0
129 174 46 52389.7 0 0
129 174 0 52393.9 0 0
127 172 47 52398.1 0 0
130 172 45 52402.3 0 0
130 172 0 52406.5 0 0
129 174 46 52410.7 0 0
129 174 0 52415 0 0
129 174 47 52419.2 0 0
130 173 46 52423.4 0 0
133 174 46 52427.6 0 0
129 167 46 52431.8 0 0
131 173 46 52436 0 0
130 171 46 52440.3 0 0
127 168 46 52444.5 0 0
128 170 46 52448.7 0 0
126 170 46 52452.9 0 0
127 172 45 52457.1 0 0
130 171 46 52461.3 0 0
130 172 46 52465.7 0 0
130 178 46 52469.9 0 0
129 172 45 52474.1 0 0
127 172 0 52478.3 0 0
129 170 47 52485.3 0 0
131 175 46 52489.5 0 0
131 173 46 52493.7 0 0
127 171 46 52497.9 0 0
130 174 46 52502.1 0 0
132 169 47 52506.4 0 0
128 172 46 52510.6 0 0
129 171 46 52514.8 0 0
129 171 0 52519 0 0
131 174 46 52523.2 0 0
129 173 46 52527.4 0 0
130 176 46 52531.7 0 0
131 170 47 52535.9 0 0
131 170 0 52540.1 0 0
131 174 45 52544.3 0 0
126 170 46 52548.5 0 0
130 166 46 52552.7 0 0
126 168 46 52556.9 0 0
132 165 45 52561.1 0 0
128 167 46 52565.3 0 0
129 164 46 52569.6 0 0
131 166 46 52573.8 0 0
131 165 45 52578 0 0
130 160 47 52582.2 0 0
127 162 46 52586.4 0 0
130 161 45 52590.6 0 0
128 164 47 52594.8 0 0
127 162 46 52599.1 0 0
128 157 46 52604.6 0 0
128 158 46 52610.4 0 0
127 155 46 52614.6 0 0
129 157 46 52618.8 0 0
126 154 47 52623 0 0
126 156 46 52627.2 0 0
132 152 47 52631.4 0 0
128 154 46 52635.9 0 0
127 157 45 52640.1 0 0
127 153 47 52644.3 0 0
128 156 47 52648.5 0 0
126 154 45 52652.7 0 0
127 153 46 52656.9 0 0
129 149 46 52661.2 0 0
125 151 46 52665.4 0 0
127 144 46 52669.6 0 0
127 144 46 52676.8 0 0
126 146 46 52684.1 0 0
127 138 46 52688.3 0 0
126 140 46 52693.5 0 0
128 137 46 52697.7 0 0
130 136 47 52702 0 0
127 136 46 52706.2 0 0
126 134 45 52710.4 0 0
126 138 46 52714.7 0 0
128 134 46 52718.9 0 0
127 129 45 52723.1 0 0
127 122 48 52727.4 0 0
127 122 0 52731.6 0 0
128 131 45 52735.8 0 0
130 132 45 52740 0 0
129 128 46 52744.2 0 0
130 130 45 52748.4 0 0
127 131 46 52752.6 0 0
128 129 47 52756.9 0 0
129 129 45 52761.1 0 0
129 129 46 52765.3 0 0
126 129 46 52769.5 0 0
127 129 45 52773.8 0 0
130 127 46 52777.9 0 0
123 129 46 52782.2 0 0
127 130 46 52786.4 0 0
126 130 45 52793.2 0 0
128 135 46 52797.4 0 0
126 128 46 52801.7 0 0
129 135 46 52805.9 0 0
128 132 46 52810.1 0 0
127 129 46 52814.4 0 0
128 136 47 52818.6 0 0
129 134 46 52823.4 0 0
129 133 45 52827.6 0 0
129 133 0 52831.8 0 0
125 133 47 52836 0 0
128 134 46 52840.2 0 0
129 135 46 52844.4 0 0
129 138 45 52848.7 0 0
130 139 46 52852.9 0 0
125 138 46 52857.1 0 0
130 141 47 52861.3 0 0
130 141 47 52865.5 0 0
130 142 47 52871.6 0 0
129 142 46 52875.8 0 0
126 141 47 52880 0 0
126 143 46 52884.2 0 0
127 147 47 52888.6 0 0
129 145 46 52892.8 0 0
129 146 47 52897 0 0
128 149 47 52901.2 0 0
127 140 48 52905.4 0 0
128 153 47 52909.6 0 0
131 158 46 52913.8 0 0
129 156 47 52918 0 0
128 160 47 52922.2 0 0
128 150 48 52926.4 0 0
129 163 47 52930.7 0 0
130 164 46 52934.9 0 0
129 169 47 52939.1 0 0
127 156 48 52943.3 0 0
128 174 46 52947.5 0 0
129 171 47 52951.8 0 0
131 161 48 52956 0 0
127 161 48 52960.2 0 0
126 164 48 52964.5 0 0
126 173 46 52968.7 0 0
129 167 48 52972.9 0 0
130 178 47 52977.1 0 0
130 180 47 52981.4 0 0
129 176 47 52985.6 0 0
129 176 47 52989.8 0 0
129 176 0 52994 0 0
125 165 48 52998.2 0 0
126 166 48 53002.4 0 0
125 178 46 53006.7 0 0
126 176 47 53010.9 0 0
131 172 48 53015.1 0 0
130 173 48 53019.3 0 0
134 186 46 53023.5 0 0
136 184 47 53027.7 0 0
137 191 47 53032 0 0
133 180 48 53036.2 0 0
138 177 48 53041.5 0 0
141 192 47 53045.7 0 0
141 192 0 53049.9 0 0
138 195 47 53054.2 0 0
140 193 46 53058.3 0 0
136 191 47 53062.6 0 0
138 191 47 53066.8 0 0
136 187 46 53071 0 0
137 191 47 53075.2 0 0
138 179 48 53079.4 0 0
143 195 47 53083.6 0 0
139 198 47 53087.8 0 0
141 197 47 53092.1 0 0
140 194 46 53096.3 0 0
136 190 45 53100.5 0 0
137 190 47 53104.7 0 0
134 176 48 53108.9 0 0
135 185 46 53113.1 0 0
133 173 48 53117.3 0 0
135 188 47 53121.6 0 0
136 190 46 53125.8 0 0
132 187 47 53130 0 0
136 187 47 53134.2 0 0
132 183 47 53138.4 0 0
133 179 47 53142.6 0 0
133 183 47 53146.8 0 0
132 167 48 53151 0 0
134 180 46 53155.3 0 0
132 176 47 53159.5 0 0
135 178 46 53163.7 0 0
131 168 48 53167.9 0 0
134 176 47 53172.1 0 0
132 168 48 53176.3 0 0
134 163 48 53180.6 0 0
133 175 47 53184.8 0 0
131 172 46 53189 0 0
135 171 47 53193.2 0 0
135 170 46 53197.4 0 0
132 172 47 53201.6 0 0
134 169 47 53205.8 0 0
132 167 47 53210 0 0
135 166 46 53214.2 0 0
134 165 46 53218.5 0 0
134 162 46 53222.7 0 0
131 157 46 53226.9 0 0
132 156 46 53231.1 0 0
131 163 46 53235.3 0 0
132 148 48 53239.5 0 0
133 158 46 53243.8 0 0
134 153 46 53248 0 0
132 155 46 53252.2 0 0
134 156 45 53256.4 0 0
131 154 46 53260.8 0 0
133 155 45 53265 0 0
133 155 45 53269.2 0 0
134 153 45 53273.4 0 0
130 152 45 53277.6 0 0
134 156 45 53281.8 0 0
131 154 45 53286 0 0
131 156 45 53290.3 0 0
134 156 46 53294.5 0 0
133 155 46 53298.7 0 0
135 159 46 53302.9 0 0
133 157 45 53307.1 0 0
133 161 45 53311.3 0 0
133 155 46 53315.5 0 0
132 159 46 53319.7 0 0
134 156 46 53323.9 0 0
134 156 0 53328.2 0 0
134 160 46 53332.4 0 0
133 161 46 53336.6 0 0
130 162 47 53340.8 0 0
134 165 46 53345 0 0
130 162 46 53349.2 0 0
133 167 47 53353.4 0 0
132 169 46 53357.7 0 0
133 169 46 53361.9 0 0
133 170 47 53366.1 0 0
134 175 46 53370.3 0 0
134 175 46 53374.6 0 0
135 183 46 53378.8 0 0
138 187 47 53383 0 0
133 185 47 53387.6 0 0
134 188 47 53391.8 0 0
132 188 46 53396 0 0
132 192 47 53400.2 0 0
135 200 47 53404.4 0 0
135 202 46 53408.6 0 0
134 200 46 53412.9 0 0
134 190 48 53417.1 0 0
137 205 47 53421.3 0 0
134 207 47 53425.5 0 0
134 207 46 53429.7 0 0
137 207 46 53433.9 0 0
134 213 47 53438.1 0 0
137 211 47 53442.3 0 0
136 211 46 53446.5 0 0
134 211 46 53450.8 0 0
134 209 47 53455 0 0
136 215 47 53459.2 0 0
135 211 47 53463.4 0 0
136 197 48 53467.6 0 0
135 213 47 53471.9 0 0
136 214 46 53476.1 0 0
132 208 47 53480.3 0 0
125 205 47 53484.5 0 0
126 205 46 53488.8 0 0
130 204 46 53493 0 0
129 201 45 53497.2 0 0
130 196 46 53501.4 0 0
128 202 45 53505.6 0 0
129 202 47 53509.8 0 0
129 197 47 53514.1 0 0
131 196 47 53518.2 0 0
132 196 45 53522.4 0 0
128 190 47 53526.7 0 0
128 190 0 53530.9 0 0
128 190 46 53535.1 0 0
133 189 47 53539.3 0 0
133 189 0 53543.5 0 0
129 179 46 53547.7 0 0
132 179 46 53551.9 0 0
130 178 47 53556.1 0 0
132 177 47 53560.3 0 0
130 179 46 53564.6 0 0
128 174 47 53568.8 0 0
127 172 46 53573 0 0
124 168 46 53577.2 0 0
130 166 47 53581.4 0 0
127 165 46 53585.6 0 0
128 166 46 53589.8 0 0
127 155 47 53594.1 0 0
128 159 47 53600.9 0 0
127 156 45 53605.2 0 0
129 154 46 53609.4 0 0
127 153 46 53613.6 0 0
130 155 45 53617.8 0 0
128 150 47 53622 0 0
127 153 47 53626.2 0 0
125 151 46 53630.4 0 0
128 147 46 53634.6 0 0
128 152 46 53638.8 0 0
128 150 46 53643.1 0 0
129 151 47 53647.3 0 0
129 152 46 53651.5 0 0
126 152 45 53655.7 0 0
128 151 47 53659.9 0 0
127 151 47 53664.1 0 0
129 147 47 53668.3 0 0
127 150 46 53672.5 0 0
129 149 46 53676.8 0 0
128 150 46 53680.9 0 0
127 147 46 53685.2 0 0
128 151 46 53689.4 0 0
128 147 46 53693.6 0 0
126 148 45 53697.8 0 0
126 148 0 53702 0 0
130 148 46 53706.2 0 0
129 151 45 53710.5 0 0
127 151 46 53714.7 0 0
128 150 47 53718.9 0 0
127 148 46 53725.8 0 0
129 150 47 53730 0 0
127 152 46 53734.2 0 0
126 151 46 53738.4 0 0
126 151 0 53742.7 0 0
129 149 46 53746.9 0 0
129 149 0 53751.2 0 0
128 153 47 53755.4 0 0
128 153 46 53759.6 0 0
129 157 46 53763.9 0 0
128 153 46 53768.1 0 0
127 159 47 53772.3 0 0
128 152 47 53776.5 0 0
127 159 46 53780.7 0 0
125 159 47 53784.9 0 0
128 154 46 53789.1 0 0
122 158 46 53793.3 0 0
126 156 47 53797.5 0 0
128 160 46 53801.8 0 0
126 160 46 53806 0 0
129 158 47 53810.2 0 0
129 160 46 53814.4 0 0
125 160 46 53818.6 0 0
126 159 46 53822.9 0 0
129 166 47 53829.9 0 0
127 165 46 53834.1 0 0
128 165 46 53838.3 0 0
127 159 45 53842.6 0 0
128 164 47 53846.8 0 0
130 164 46 53851 0 0
129 161 46 53855.2 0 0
127 162 46 53859.4 0 0
126 156 45 53863.6 0 0
127 164 45 53867.8 0 0
131 160 46 53872.1 0 0
126 159 46 53876.2 0 0
127 160 47 53880.5 0 0
129 161 46 53884.8 0 0
126 160 46 53889 0 0
125 159 46 53893.2 0 0
123 158 46 53897.4 0 0
123 158 0 53901.6 0 0
120 162 46 53905.8 0 0
123 164 46 53910.1 0 0
125 160 46 53914.4 0 0
123 161 46 53918.6 0 0
128 155 46 53922.8 0 0
125 156 47 53927 0 0
124 160 47 53931.2 0 0
124 158 46 53938.3 0 0
124 158 0 53942.5 0 0
123 145 48 53946.7 0 0
124 161 45 53950.9 0 0
124 155 46 53955.1 0 0
124 161 46 53959.4 0 0
124 157 46 53963.6 0 0
125 159 47 53967.8 0 0
123 159 45 53972 0 0
125 162 46 53976.2 0 0
127 157 46 53980.4 0 0
126 163 47 53984.7 0 0
122 156 45 53988.9 0 0
124 161 47 53993.1 0 0
124 159 46 53997.4 0 0
125 155 46 54001.6 0 0
127 160 47 54005.8 0 0
127 162 47 54010 0 0
125 158 46 54014.2 0 0
124 157 46 54018.5 0 0
123 154 46 54022.7 0 0
125 157 46 54026.9 0 0
122 155 46 54031.1 0 0
124 158 46 54038 0 0
126 159 47 54042.2 0 0
122 156 47 54046.4 0 0
126 157 46 54050.6 0 0
125 157 46 54054.8 0 0
123 155 46 54059.3 0 0
124 158 46 54063.5 0 0
123 157 46 54067.8 0 0
123 162 46 54072 0 0
127 157 46 54076.2 0 0
123 159 46 54080.4 0 0
124 161 47 54084.6 0 0
126 162 46 54088.8 0 0
123 161 46 54093 0 0
125 161 46 54097.2 0 0
123 164 47 54101.5 0 0
125 162 47 54105.7 0 0
121 164 46 54109.9 0 0
125 163 46 54114.1 0 0
126 166 45 54118.3 0 0
126 168 46 54122.5 0 0
127 166 46 54126.7 0 0
127 166 46 54130.9 0 0
123 169 46 54137.4 0 0
124 166 46 54141.7 0 0
122 168 46 54146.3 0 0
124 169 46 54150.6 0 0
124 170 45 54154.8 0 0
123 169 46 54159 0 0
127 169 46 54163.2 0 0
124 169 47 54167.4 0 0
121 168 46 54171.6 0 0
127 170 45 54175.8 0 0
124 171 46 54180 0 0
127 170 46 54184.2 0 0
126 172 46 54188.4 0 0
126 171 46 54192.7 0 0
124 171 45 54196.9 0 0
123 172 47 54201.1 0 0
121 172 46 54205.3 0 0
123 170 46 54209.5 0 0
122 171 46 54213.7 0 0
124 170 46 54218 0 0
121 173 46 54222.2 0 0
124 168 46 54226.4 0 0
122 172 46 54230.6 0 0
123 171 47 54234.9 0 0
125 170 46 54239.1 0 0
123 171 46 54243.3 0 0
123 172 47 54247.5 0 0
125 171 46 54251.7 0 0
125 171 46 54256 0 0
123 173 45 54262.2 0 0
124 172 46 54266.4 0 0
124 171 47 54270.6 0 0
124 172 47 54274.8 0 0
123 169 46 54279 0 0
123 170 47 54283.3 0 0
125 173 47 54287.5 0 0
121 158 48 54291.7 0 0
125 172 47 54295.9 0 0
125 171 46 54300.1 0 0
123 173 46 54304.3 0 0
125 172 46 54308.5 0 0
124 173 46 54312.8 0 0
125 173 47 54317 0 0
120 159 48 54321.2 0 0
128 172 46 54325.4 0 0
125 176 47 54329.6 0 0
124 173 47 54333.8 0 0
125 175 47 54338 0 0
123 175 46 54342.2 0 0
125 173 47 54346.5 0 0
123 175 47 54350.7 0 0
125 171 46 54354.9 0 0
122 164 48 54359.1 0 0
125 175 46 54363.4 0 0
125 177 47 54367.6 0 0
124 179 47 54371.8 0 0
128 175 47 54376 0 0
124 179 47 54380.2 0 0
127 176 47 54384.4 0 0
125 176 47 54388.7 0 0
125 176 47 54392.9 0 0
124 172 47 54397.1 0 0
126 174 47 54401.3 0 0
125 169 47 54405.5 0 0
124 170 47 54409.7 0 0
123 166 47 54413.9 0 0
122 169 47 54418.2 0 0
125 172 47 54422.4 0 0
126 152 48 54426.6 0 0
124 155 48 54430.8 0 0
125 169 47 54437.8 0 0
125 168 47 54442 0 0
124 165 46 54446.2 0 0
124 168 47 54450.4 0 0
126 168 47 54454.6 0 0
124 170 46 54458.8 0 0
126 166 47 54464.2 0 0
124 149 48 54468.4 0 0
126 153 48 54475.3 0 0
125 166 47 54479.5 0 0
125 164 46 54483.7 0 0
124 164 47 54487.9 0 0
126 161 47 54492.1 0 0
123 161 46 54496.3 0 0
126 159 47 54500.6 0 0
126 148 48 54504.8 0 0
127 155 47 54509 0 0
127 148 48 54513.2 0 0
132 144 49 54517.4 0 0
144 144 48 54521.7 0 0
153 155 47 54525.9 0 0
161 139 49 54530.1 0 0
167 137 48 54534.3 0 0
167 137 0 54538.5 0 0
175 130 48 54542.8 0 0
176 135 48 54547 0 0
183 130 48 54551.2 0 0
185 142 47 54555.4 0 0
185 142 0 54559.7 0 0
186 144 47 54563.9 0 0
186 144 47 54568.1 0 0
181 131 48 54574.7 0 0
187 148 47 54578.9 0 0
185 148 47 54583.1 0 0
183 147 47 54587.3 0 0
186 146 47 54591.5 0 0
183 149 47 54595.8 0 0
184 137 48 54600 0 0
184 137 0 54604.2 0 0
184 148 47 54608.4 0 0
186 138 48 54612.6 0 0
184 140 48 54616.8 0 0
187 142 48 54621 0 0
187 154 47 54625.2 0 0
183 142 48 54629.5 0 0
186 138 48 54633.7 0 0
184 140 48 54637.9 0 0
184 142 48 54642.1 0 0
185 153 47 54646.3 0 0
185 143 48 54650.5 0 0
187 143 48 54654.8 0 0
187 143 0 54659 0 0
185 148 48 54663.2 0 0
185 144 48 54667.4 0 0
185 159 47 54671.6 0 0
185 149 48 54675.8 0 0
187 160 47 54680 0 0
185 150 49 54684.2 0 0
187 146 49 54688.4 0 0
185 150 48 54692.7 0 0
189 161 47 54696.8 0 0
183 153 48 54701.1 0 0
187 153 48 54705.3 0 0
190 152 48 54709.5 0 0
185 168 47 54713.7 0 0
185 155 48 54717.9 0 0
187 156 49 54722.2 0 0
187 156 0 54726.4 0 0
187 156 0 54730.6 0 0
185 157 48 54734.8 0 0
189 158 49 54739 0 0
184 159 48 54743.2 0 0
185 160 48 54747.4 0 0
185 162 48 54751.7 0 0
185 162 0 54755.9 0 0
184 162 48 54760.1 0 0
187 161 49 54764.3 0 0
187 165 48 54768.6 0 0
189 183 45 54772.8 0 0
187 167 48 54777 0 0
188 169 47 54781.2 0 0
188 165 48 54785.4 0 0
187 166 49 54789.6 0 0
186 160 49 54793.9 0 0
190 175 47 54798.1 0 0
190 175 0 54802.3 0 0
190 175 0 54806.5 0 0
189 164 49 54810.7 0 0
188 165 49 54814.9 0 0
186 162 48 54819.2 0 0
186 160 48 54823.4 0 0
187 158 48 54827.6 0 0
189 156 48 54831.8 0 0
186 158 50 54836 0 0
186 156 48 54840.2 0 0
186 166 47 54844.5 0 0
186 152 48 54848.7 0 0
187 151 49 54852.9 0 0
189 165 47 54857.2 0 0
188 149 48 54861.4 0 0
187 165 47 54865.6 0 0
190 167 47 54869.8 0 0
190 167 0 54874 0 0
187 172 47 54878.2 0 0
183 161 47 54882.4 0 0
189 165 44 54886.6 0 0
190 170 44 54890.9 0 0
186 160 46 54895.1 0 0
186 159 46 54899.3 0 0
187 158 45 54903.5 0 0
187 157 45 54907.7 0 0
188 156 46 54912 0 0
190 158 45 54916.2 0 0
190 157 47 54920.5 0 0
189 157 45 54924.7 0 0
190 155 45 54928.9 0 0
188 157 46 54933.1 0 0
191 158 45 54937.3 0 0
188 158 47 54941.5 0 0
185 157 45 54945.7 0 0
189 160 45 54950 0 0
189 161 45 54954.2 0 0
189 160 46 54958.4 0 0
188 161 47 54962.7 0 0
187 157 45 54966.9 0 0
189 160 46 54971.1 0 0
190 157 45 54975.3 0 0
191 160 45 54979.5 0 0
191 160 0 54983.7 0 0
190 160 44 54988 0 0
190 162 44 54992.2 0 0
191 157 45 54996.4 0 0
188 154 46 55000.6 0 0
186 154 45 55004.8 0 0
186 153 45 55010.8 0 0
187 153 45 55015 0 0
187 154 45 55019.2 0 0
189 152 45 55023.4 0 0
187 153 45 55027.6 0 0
188 153 43 55031.8 0 0
187 154 46 55036.1 0 0
187 155 46 55040.3 0 0
182 155 46 55044.5 0 0
190 157 47 55048.7 0 0
188 157 45 55052.9 0 0
190 158 46 55057.1 0 0
190 166 45 55061.4 0 0
190 160 46 55065.6 0 0
190 169 42 55069.9 0 0
190 165 46 55074.1 0 0
195 162 45 55078.3 0 0
188 160 46 55082.5 0 0
187 157 44 55086.7 0 0
188 157 45 55090.9 0 0
188 169 42 55095.1 0 0
191 169 43 55099.3 0 0
191 169 0 55103.6 0 0
188 156 45 55107.8 0 0
187 153 46 55112 0 0
186 152 44 55116.2 0 0
185 156 46 55120.4 0 0
187 152 46 55124.6 0 0
188 151 46 55128.8 0 0
191 150 47 55133.1 0 0
186 162 43 55137.3 0 0
189 152 45 55141.5 0 0
190 152 45 55145.7 0 0
186 145 45 55149.9 0 0
185 144 45 55154.1 0 0
188 143 47 55158.3 0 0
188 145 46 55162.6 0 0
189 147 46 55166.8 0 0
190 147 45 55171 0 0
190 146 45 55175.2 0 0
190 146 46 55179.4 0 0
190 150 44 55183.6 0 0
188 150 43 55187.8 0 0
185 140 47 55192 0 0
186 139 46 55196.2 0 0
185 137 46 55200.4 0 0
187 141 46 55204.6 0 0
187 137 47 55208.8 0 0
188 138 45 55213 0 0
187 148 43 55217.2 0 0
186 127 48 55221.5 0 0
185 129 48 55225.7 0 0
189 139 46 55229.9 0 0
184 141 47 55234.1 0 0
187 142 46 55238.3 0 0
187 147 44 55242.6 0 0
187 142 47 55249.5 0 0
187 142 47 55257.7 0 0
187 140 46 55262.2 0 0
188 147 45 55266.4 0 0
186 135 47 55270.6 0 0
185 127 48 55274.8 0 0
185 133 46 55279.1 0 0
187 135 46 55283.3 0 0
185 135 46 55287.5 0 0
182 134 46 55291.7 0 0
188 132 46 55295.9 0 0
185 120 48 55300.1 0 0
189 132 47 55304.3 0 0
186 123 48 55308.5 0 0
186 130 47 55312.8 0 0
189 128 47 55317 0 0
186 139 46 55321.2 0 0
184 132 47 55325.4 0 0
184 131 47 55329.6 0 0
185 134 47 55333.8 0 0
187 132 47 55338 0 0
186 132 47 55342.3 0 0
184 142 46 55346.5 0 0
184 142 46 55350.7 0 0
184 124 48 55356 0 0
186 124 48 55360.2 0 0
188 134 47 55364.4 0 0
189 134 47 55368.6 0 0
185 135 47 55372.8 0 0
189 134 47 55377 0 0
188 134 47 55381.2 0 0
186 127 48 55385.4 0 0
185 133 47 55389.7 0 0
184 127 48 55393.9 0 0
184 127 48 55398.1 0 0
189 135 47 55402.3 0 0
189 125 48 55406.5 0 0
188 134 47 55410.8 0 0
186 126 48 55415 0 0
186 128 48 55419.2 0 0
188 132 47 55423.4 0 0
186 128 48 55427.6 0 0
187 142 46 55431.8 0 0
187 129 48 55436.1 0 0
185 124 48 55440.3 0 0
186 136 47 55444.5 0 0
185 124 48 55448.8 0 0
187 122 48 55453.1 0 0
187 127 48 55457.3 0 0
186 127 49 55461.5 0 0
188 134 47 55465.7 0 0
185 135 47 55470 0 0
185 126 48 55474.2 0 0
185 130 48 55478.4 0 0
186 139 47 55482.7 0 0
184 128 49 55486.9 0 0
189 140 47 55491.1 0 0
186 140 47 55495.3 0 0
184 130 48 55499.5 0 0
185 132 49 55503.8 0 0
185 129 48 55508.1 0 0
188 129 48 55512.3 0 0
187 129 48 55516.5 0 0
187 127 48 55520.7 0 0
187 128 48 55524.9 0 0
186 127 48 55529.1 0 0
184 130 48 55533.3 0 0
188 140 47 55537.6 0 0
190 130 48 55541.8 0 0
188 128 48 55546 0 0
189 145 46 55550.2 0 0
186 127 48 55554.4 0 0
187 129 48 55558.7 0 0
183 127 48 55562.9 0 0
186 128 48 55567.1 0 0
189 129 49 55571.3 0 0
183 143 46 55575.5 0 0
190 129 49 55579.7 0 0
192 139 47 55583.9 0 0
188 129 48 55588.1 0 0
191 146 46 55595.1 0 0
185 130 48 55599.4 0 0
188 130 48 55603.6 0 0
189 137 47 55607.8 0 0
186 144 46 55612.1 0 0
192 126 49 55616.2 0 0
185 141 47 55620.5 0 0
186 128 48 55624.7 0 0
184 129 48 55628.9 0 0
188 135 48 55633.1 0 0
184 132 48 55637.4 0 0
176 134 49 55641.6 0 0
167 132 49 55645.8 0 0
159 122 49 55650 0 0
156 138 48 55654.2 0 0
151 142 48 55658.4 0 0
145 137 50 55662.7 0 0
138 137 49 55667.2 0 0
138 137 48 55671.4 0 0
132 152 47 55678.3 0 0
132 141 50 55682.5 0 0
129 135 49 55686.7 0 0
132 138 48 55690.9 0 0
126 137 49 55695.2 0 0
125 139 49 55699.4 0 0
125 139 0 55703.6 0 0
125 139 0 55707.8 0 0
125 140 48 55712.1 0 0
126 150 47 55716.3 0 0
125 140 48 55720.5 0 0
125 151 46 55724.8 0 0
126 141 48 55729 0 0
124 138 48 55733.2 0 0
126 138 49 55737.4 0 0
125 138 48 55741.6 0 0
126 137 48 55745.8 0 0
125 137 49 55750 0 0
125 139 48 55754.2 0 0
124 130 48 55758.5 0 0
122 145 47 55762.8 0 0
121 141 0 55767 0 0
124 134 48 55773.9 0 0
122 137 50 55778.2 0 0
122 149 47 55782.4 0 0
126 148 46 55786.7 0 0
124 152 46 55790.9 0 0
124 152 0 55795.1 0 0
124 152 0 55799.3 0 0
125 137 48 55803.5 0 0
123 142 48 55807.7 0 0
123 139 49 55812 0 0
124 141 48 55816.2 0 0
121 136 48 55820.4 0 0
121 136 0 55824.6 0 0
121 136 0 55828.9 0 0
128 141 49 55833.1 0 0
124 141 48 55837.3 0 0
122 143 50 55841.5 0 0
124 161 46 55845.7 0 0
125 141 48 55850 0 0
123 144 48 55854.2 0 0
123 163 47 55858.4 0 0
125 165 47 55862.6 0 0
124 147 49 55866.8 0 0
122 147 50 55871 0 0
124 165 46 55875.3 0 0
124 148 48 55879.5 0 0
123 165 46 55883.8 0 0
122 146 49 55890.6 0 0
125 165 46 55894.8 0 0
125 165 46 55899.3 0 0
124 142 48 55903.5 0 0
121 144 48 55907.7 0 0
126 146 48 55911.9 0 0
125 147 49 55916.2 0 0
122 146 48 55920.4 0 0
121 155 47 55924.6 0 0
124 146 48 55928.8 0 0
121 145 48 55933 0 0
121 164 45 55937.2 0 0
120 144 50 55941.4 0 0
121 155 47 55945.6 0 0
122 142 49 55949.8 0 0
120 163 45 55954.1 0 0
120 161 45 55958.3 0 0
125 163 45 55962.5 0 0
122 144 48 55966.7 0 0
123 161 45 55970.9 0 0
125 164 45 55975.2 0 0
121 151 46 55979.4 0 0
122 162 45 55983.6 0 0
122 152 47 55990.7 0 0
123 163 44 55994.9 0 0
124 154 46 55999.1 0 0
121 152 46 56003.4 0 0
123 154 47 56007.6 0 0
123 163 45 56011.8 0 0
125 153 45 56016 0 0
122 154 46 56020.2 0 0
125 154 46 56024.4 0 0
124 162 44 56028.7 0 0
122 159 44 56032.9 0 0
119 150 46 56037.1 0 0
122 155 47 56041.3 0 0
124 157 44 56045.6 0 0
125 157 44 56049.8 0 0
122 149 46 56054 0 0
120 159 44 56058.2 0 0
121 152 44 56062.4 0 0
121 150 46 56066.6 0 0
121 146 45 56070.8 0 0
121 150 45 56075 0 0
121 154 44 56079.2 0 0
121 154 44 56083.4 0 0
121 141 46 56090.4 0 0
123 148 43 56094.6 0 0
118 146 46 56098.9 0 0
114 144 46 56103.2 0 0
99 136 45 56107.4 0 0
91 147 43 56111.6 0 0
84 127 46 56115.8 0 0
78 134 46 56120 0 0
79 140 42 56124.2 0 0
78 127 47 56128.4 0 0
66 135 43 56132.6 0 0
67 127 45 56136.9 0 0
67 135 43 56141.1 0 0
74 127 45 56145.3 0 0
74 133 42 56149.5 0 0
73 126 46 56153.7 0 0
72 124 46 56157.9 0 0
75 138 43 56162.2 0 0
71 129 45 56166.4 0 0
66 128 46 56170.6 0 0
70 139 44 56174.8 0 0
69 126 44 56179.1 0 0
71 140 42 56183.2 0 0
72 136 46 56187.5 0 0
73 133 45 56191.7 0 0
69 133 45 56195.9 0 0
69 127 46 56200.1 0 0
68 138 43 56204.4 0 0
67 136 43 56211.2 0 0
70 138 42 56215.5 0 0
69 138 42 56219.7 0 0
72 127 44 56224 0 0
70 127 45 56228.2 0 0
71 127 45 56232.4 0 0
69 129 47 56236.6 0 0
71 129 47 56240.8 0 0
72 136 43 56245 0 0
72 136 0 56249.2 0 0
71 136 43 56253.5 0 0
69 138 43 56257.7 0 0
71 128 44 56261.9 0 0
71 128 46 56266.1 0 0
69 127 45 56270.3 0 0
67 129 46 56274.6 0 0
69 128 47 56278.8 0 0
68 129 46 56283 0 0
72 126 45 56287.2 0 0
71 127 44 56291.5 0 0
72 115 49 56295.7 0 0
72 132 44 56299.9 0 0
72 132 44 56304.1 0 0
71 127 46 56309.1 0 0
73 132 46 56313.3 0 0
72 133 46 56317.5 0 0
70 130 45 56321.8 0 0
69 133 46 56326 0 0
74 135 44 56330.2 0 0
73 133 45 56334.4 0 0
72 129 45 56338.6 0 0
70 134 46 56342.8 0 0
70 120 48 56347 0 0
71 130 47 56351.3 0 0
68 132 45 56355.5 0 0
71 136 46 56359.7 0 0
68 138 42 56363.9 0 0
69 139 42 56368.1 0 0
70 133 44 56372.3 0 0
68 142 43 56376.5 0 0
68 142 0 56380.7 0 0
69 136 45 56385 0 0
72 135 46 56389.2 0 0
67 133 45 56393.4 0 0
70 135 45 56397.6 0 0
68 132 44 56401.8 0 0
71 134 45 56406 0 0
69 130 44 56410.2 0 0
68 131 45 56414.5 0 0
70 133 45 56418.7 0 0
70 134 45 56422.9 0 0
70 134 46 56427.1 0 0
72 131 43 56431.3 0 0
70 136 46 56435.5 0 0
70 135 45 56439.7 0 0
67 134 44 56443.9 0 0
66 143 42 56448.1 0 0
68 145 42 56452.5 0 0
70 145 42 56456.7 0 0
65 151 42 56460.9 0 0
65 151 0 56465.1 0 0
68 140 45 56469.4 0 0
68 140 0 56473.6 0 0
66 144 45 56477.8 0 0
67 142 46 56482 0 0
71 147 45 56486.3 0 0
68 135 50 56490.5 0 0
70 147 45 56494.7 0 0
69 150 45 56498.9 0 0
69 148 47 56503.2 0 0
66 147 45 56507.4 0 0
68 149 47 56511.6 0 0
66 151 46 56515.8 0 0
66 149 46 56520 0 0
67 153 46 56524.2 0 0
65 156 43 56528.4 0 0
66 140 49 56532.6 0 0
68 157 42 56536.9 0 0
66 160 42 56541.1 0 0
72 153 46 56545.3 0 0
68 152 47 56549.5 0 0
70 151 44 56553.7 0 0
68 141 48 56557.9 0 0
65 150 44 56562.2 0 0
70 153 45 56566.4 0 0
66 143 52 56570.6 0 0
65 153 44 56574.8 0 0
64 155 46 56579 0 0
67 165 43 56583.2 0 0
67 165 0 56587.4 0 0
66 153 45 56591.7 0 0
66 153 0 56595.9 0 0
66 153 0 56600.1 0 0
66 153 0 56604.3 0 0
65 162 41 56608.5 0 0
65 164 42 56612.7 0 0
65 164 0 56616.9 0 0
65 164 0 56621.1 0 0
66 168 42 56625.3 0 0
66 161 45 56629.6 0 0
66 161 0 56633.8 0 0
66 161 0 56638 0 0
66 161 0 56642.2 0 0
66 161 0 56646.4 0 0
65 154 46 56650.7 0 0
65 154 0 56654.9 0 0
64 166 42 56659.1 0 0
64 166 0 56663.3 0 0
64 166 0 56667.5 0 0
67 169 42 56671.7 0 0
67 165 47 56675.9 0 0
69 159 46 56680.1 0 0
62 171 43 56684.3 0 0
62 171 0 56688.6 0 0
63 168 43 56692.8 0 0
66 167 46 56697 0 0
67 162 46 56701.2 0 0
62 167 42 56705.4 0 0
68 159 47 56709.7 0 0
68 159 0 56713.9 0 0
67 162 45 56718.1 0 0
67 162 0 56722.3 0 0
66 163 47 56726.5 0 0
65 165 43 56730.8 0 0
64 160 47 56735 0 0
67 158 45 56739.2 0 0
65 163 42 56743.4 0 0
65 163 0 56747.6 0 0
66 166 42 56751.8 0 0
69 145 48 56756.1 0 0
67 160 46 56761.3 0 0
67 157 46 56765.5 0 0
65 158 47 56769.7 0 0
68 146 48 56773.9 0 0
67 161 47 56778.2 0 0
67 145 49 56782.4 0 0
64 158 47 56786.6 0 0
70 147 48 56790.8 0 0
65 151 52 56795.1 0 0
66 147 49 56799.3 0 0
67 146 51 56803.5 0 0
66 152 50 56807.7 0 0
69 153 53 56811.9 0 0
68 162 47 56816.1 0 0
62 153 50 56820.3 0 0
68 147 49 56824.6 0 0
68 147 51 56828.8 0 0
68 148 52 56833 0 0
68 146 48 56837.2 0 0
68 141 49 56841.4 0 0
66 149 46 56845.6 0 0
69 150 46 56852.4 0 0
77 152 47 56856.6 0 0
79 150 47 56860.8 0 0
84 155 46 56865 0 0
87 155 46 56869.2 0 0
83 152 47 56873.4 0 0
87 157 47 56877.7 0 0
91 154 46 56881.9 0 0
93 159 46 56886.1 0 0
94 159 46 56890.3 0 0
99 174 47 56894.5 0 0
97 164 45 56898.7 0 0
98 155 46 56902.9 0 0
96 157 46 56907.2 0 0
101 161 44 56911.4 0 0
103 168 44 56915.6 0 0
102 164 44 56919.8 0 0
106 170 44 56924.1 0 0
104 162 44 56928.2 0 0
104 169 44 56932.4 0 0
102 168 44 56936.7 0 0
102 168 44 56940.9 0 0
104 163 44 56945.1 0 0
108 177 43 56949.3 0 0
103 164 43 56953.5 0 0
103 167 44 56957.8 0 0
105 162 44 56961.9 0 0
103 163 43 56968.8 0 0
104 166 44 56973 0 0
102 157 44 56978.8 0 0
101 163 44 56983.1 0 0
103 164 44 56989.7 0 0
102 161 44 56993.9 0 0
105 158 44 56998.2 0 0
101 154 44 57002.4 0 0
104 156 44 57006.6 0 0
105 155 44 57010.8 0 0
101 154 44 57015.1 0 0
105 162 44 57019.2 0 0
104 155 44 57023.4 0 0
101 156 44 57027.7 0 0
101 151 44 57031.9 0 0
103 152 44 57036.1 0 0
104 153 43 57040.3 0 0
104 155 43 57044.6 0 0
106 152 44 57048.8 0 0
107 153 44 57053 0 0
107 151 43 57057.2 0 0
102 156 44 57061.4 0 0
101 152 44 57065.6 0 0
103 154 44 57069.8 0 0
105 152 44 57074 0 0
105 151 43 57078.2 0 0
104 155 43 57082.4 0 0
105 150 44 57086.7 0 0
104 147 44 57090.9 0 0
106 152 44 57095.1 0 0
106 152 44 57099.3 0 0
105 157 44 57106 0 0
103 152 44 57110.2 0 0
104 155 44 57114.4 0 0
104 151 43 57118.6 0 0
107 154 44 57122.8 0 0
104 148 44 57127 0 0
105 149 43 57131.2 0 0
109 153 44 57135.4 0 0
103 146 44 57139.7 0 0
104 156 44 57143.9 0 0
103 149 43 57148.1 0 0
107 153 43 57152.3 0 0
103 145 44 57156.5 0 0
102 149 44 57160.7 0 0
103 148 44 57164.9 0 0
107 151 43 57169.1 0 0
105 147 43 57173.3 0 0
104 149 43 57177.5 0 0
101 147 43 57181.7 0 0
103 152 44 57185.9 0 0
103 150 43 57190.2 0 0
103 149 44 57194.4 0 0
106 152 42 57198.6 0 0
106 150 43 57203 0 0
103 152 44 57207.2 0 0
102 149 43 57211.5 0 0
103 151 42 57215.7 0 0
106 152 42 57219.9 0 0
101 160 42 57224.1 0 0
106 146 42 57228.4 0 0
104 148 42 57232.6 0 0
108 149 42 57236.8 0 0
105 143 42 57241 0 0
105 145 42 57245.2 0 0
107 149 42 57249.4 0 0
107 151 42 57253.6 0 0
107 152 42 57257.9 0 0
107 154 42 57262.1 0 0
113 158 42 57266.3 0 0
112 159 41 57270.5 0 0
117 162 41 57274.7 0 0
114 166 41 57278.9 0 0
124 171 41 57283.1 0 0
126 226 40 57287.3 0 0
130 229 39 57354.8 0 0
131 221 39 57359 0 0
129 201 39 57363.2 0 0
131 196 40 57367.5 0 0
126 191 40 57371.7 0 0
127 192 40 57375.9 0 0
125 188 40 57380.2 0 0
125 184 40 57384.4 0 0
128 190 40 57388.6 0 0
127 183 40 57392.8 0 0
125 193 40 57397 0 0
126 193 40 57401.2 0 0
126 193 40 57405.4 0 0
122 196 40 57409.7 0 0
125 192 40 57413.9 0 0
125 185 40 57418.1 0 0
126 193 39 57422.4 0 0
125 187 40 57426.6 0 0
126 194 40 57430.8 0 0
124 195 40 57435 0 0
123 198 40 57439.2 0 0
125 190 40 57443.4 0 0
125 192 40 57447.6 0 0
123 192 40 57452.2 0 0
126 198 40 57456.4 0 0
125 192 40 57460.6 0 0
124 193 40 57464.8 0 0
123 197 40 57469 0 0
128 196 40 57473.2 0 0
125 192 40 57477.5 0 0
125 191 40 57481.7 0 0
122 189 40 57485.9 0 0
125 195 40 57490.1 0 0
124 194 40 57494.3 0 0
124 193 41 57498.6 0 0
125 195 40 57502.8 0 0
127 193 40 57507 0 0
126 191 40 57511.2 0 0
126 189 40 57515.4 0 0
129 195 41 57519.6 0 0
123 196 40 57526.5 0 0
124 193 40 57530.7 0 0
122 191 40 57534.9 0 0
126 189 41 57539.2 0 0
128 189 41 57543.4 0 0
124 192 40 57547.6 0 0
125 192 40 57551.8 0 0
123 188 41 57556.1 0 0
125 187 41 57560.3 0 0
123 192 40 57564.5 0 0
125 190 40 57568.7 0 0
123 195 40 57573 0 0
125 190 40 57577.2 0 0
125 197 40 57581.4 0 0
124 189 41 57585.6 0 0
123 190 40 57589.8 0 0
123 190 40 57594 0 0
123 191 41 57598.2 0 0
124 191 41 57602.5 0 0
123 190 40 57606.7 0 0
124 190 41 57610.9 0 0
125 191 40 57615.1 0 0
123 190 41 57619.3 0 0
126 191 41 57623.5 0 0
123 187 40 57627.8 0 0
124 196 40 57632 0 0
123 192 41 57638.9 0 0
124 191 41 57643.1 0 0
122 196 40 57647.3 0 0
125 190 40 57651.5 0 0
126 194 40 57655.7 0 0
122 188 40 57659.9 0 0
123 193 41 57664.2 0 0
124 190 41 57668.4 0 0
122 190 40 57672.6 0 0
125 190 41 57676.8 0 0
125 189 40 57681 0 0
123 189 41 57685.2 0 0
120 193 40 57689.4 0 0
127 192 41 57693.6 0 0
123 193 40 57697.8 0 0
122 193 40 57702.1 0 0
124 190 41 57706.3 0 0
125 193 40 57710.5 0 0
127 196 40 57714.7 0 0
122 194 40 57718.9 0 0
122 196 40 57723.2 0 0
126 197 40 57727.4 0 0
123 192 40 57731.6 0 0
121 197 40 57735.8 0 0
121 193 40 57740 0 0
121 197 40 57744.2 0 0
125 195 40 57748.5 0 0
122 189 41 57752.7 0 0
124 194 40 57759.5 0 0
123 192 40 57763.8 0 0
125 193 39 57768 0 0
124 195 39 57772.2 0 0
124 194 39 57776.4 0 0
122 192 40 57780.6 0 0
121 193 40 57784.8 0 0
124 193 39 57789.1 0 0
123 197 39 57793.3 0 0
120 194 39 57797.5 0 0
125 199 39 57801.7 0 0
124 194 39 57805.9 0 0
122 197 39 57810.1 0 0
122 196 39 57814.3 0 0
124 191 39 57818.6 0 0
125 196 39 57822.8 0 0
125 198 39 57827 0 0
123 198 40 57831.2 0 0
124 190 39 57835.4 0 0
121 192 39 57839.6 0 0
124 197 39 57843.8 0 0
121 190 39 57848.1 0 0
122 197 39 57852.3 0 0
124 199 39 57856.5 0 0
126 197 39 57860.8 0 0
122 198 39 57865 0 0
121 194 38 57869.2 0 0
123 196 39 57873.4 0 0
125 193 39 57877.6 0 0
121 192 39 57884.6 0 0
124 193 39 57888.8 0 0
126 201 39 57893.1 0 0
124 198 39 57897.3 0 0
122 200 38 57901.5 0 0
121 200 39 57905.7 0 0
121 196 39 57909.9 0 0
121 197 38 57914.1 0 0
122 197 38 57918.3 0 0
123 202 38 57922.6 0 0
122 200 39 57926.8 0 0
122 196 38 57930.9 0 0
124 201 39 57935.2 0 0
124 204 38 57939.4 0 0
125 199 38 57943.6 0 0
125 199 0 57947.8 0 0
120 198 38 57952.1 0 0
126 202 38 57956.3 0 0
125 199 38 57960.5 0 0
123 201 38 57964.8 0 0
124 204 38 57969 0 0
122 202 38 57973.2 0 0
125 203 38 57977.4 0 0
123 199 39 57981.7 0 0
124 205 38 57988.5 0 0
123 201 38 57993 0 0
121 199 38 57997.2 0 0
124 204 38 58001.4 0 0
125 199 38 58005.6 0 0
121 202 38 58009.9 0 0
123 204 37 58014.1 0 0
122 207 39 58018.3 0 0
124 203 38 58022.5 0 0
123 202 38 58026.7 0 0
124 212 38 58030.9 0 0
123 205 37 58035.1 0 0
125 206 38 58039.4 0 0
126 203 38 58043.6 0 0
123 203 38 58047.8 0 0
121 207 38 58052 0 0
124 207 38 58056.2 0 0
124 205 38 58060.4 0 0
123 201 38 58064.7 0 0
123 207 38 58068.9 0 0
121 197 38 58073.1 0 0
123 206 38 58077.3 0 0
124 200 39 58081.5 0 0
121 207 38 58088.4 0 0
124 201 38 58092.7 0 0
121 206 38 58096.9 0 0
120 203 38 58101.2 0 0
126 204 38 58105.4 0 0
126 198 38 58109.6 0 0
120 204 39 58113.8 0 0
123 201 38 58118 0 0
124 205 38 58122.2 0 0
124 205 38 58126.4 0 0
121 204 38 58130.6 0 0
122 210 38 58134.9 0 0
120 204 38 58139.1 0 0
122 204 38 58143.3 0 0
125 205 38 58147.5 0 0
125 207 38 58151.7 0 0
125 199 38 58155.9 0 0
121 205 38 58160.2 0 0
125 207 38 58164.5 0 0
123 206 38 58168.7 0 0
121 198 38 58172.9 0 0
122 206 38 58177.1 0 0
119 208 38 58181.3 0 0
122 207 38 58185.5 0 0
123 205 38 58189.7 0 0
124 206 38 58196.8 0 0
123 204 38 58201.1 0 0
124 205 37 58205.3 0 0
124 205 38 58209.5 0 0
122 209 38 58213.7 0 0
125 206 38 58217.9 0 0
124 208 38 58222.1 0 0
121 203 38 58226.4 0 0
124 204 37 58230.6 0 0
122 205 38 58234.8 0 0
124 207 38 58239 0 0
127 209 38 58243.2 0 0
123 206 38 58247.4 0 0
124 207 38 58251.6 0 0
123 205 38 58255.9 0 0
123 207 38 58260.1 0 0
123 207 37 58264.3 0 0
121 210 38 58268.5 0 0
123 207 38 58272.7 0 0
121 209 38 58276.9 0 0
124 209 37 58281.2 0 0
126 203 38 58285.4 0 0
122 210 37 58289.6 0 0
125 207 38 58296.7 0 0
127 194 37 58300.9 0 0
128 186 38 58305.1 0 0
130 172 38 58309.3 0 0
130 172 0 58313.6 0 0
128 164 38 58317.8 0 0
131 153 38 58322 0 0
130 157 38 58326.2 0 0
131 150 38 58330.4 0 0
132 148 38 58334.6 0 0
130 154 37 58338.8 0 0
125 147 37 58343.1 0 0
128 154 38 58347.3 0 0
129 155 38 58351.5 0 0
133 159 38 58355.7 0 0
130 156 38 58359.9 0 0
130 155 37 58364.1 0 0
132 154 37 58368.3 0 0
130 154 37 58372.5 0 0
132 158 38 58376.8 0 0
132 158 0 58381 0 0
132 156 38 58385.2 0 0
133 158 38 58389.4 0 0
125 155 38 58393.6 0 0
129 156 37 58397.8 0 0
131 158 38 58402 0 0
132 155 38 58406.2 0 0
131 158 37 58413.1 0 0
131 158 0 58417.3 0 0
129 154 38 58421.5 0 0
130 156 37 58425.8 0 0
128 157 38 58430 0 0
126 153 38 58434.2 0 0
128 156 38 58438.4 0 0
129 156 38 58442.6 0 0
127 163 38 58446.8 0 0
130 159 38 58451.1 0 0
128 160 38 58455.3 0 0
128 160 0 58459.5 0 0
130 159 38 58463.7 0 0
131 159 37 58467.9 0 0
129 159 38 58472.1 0 0
131 164 37 58476.4 0 0
129 164 38 58480.6 0 0
129 164 0 58484.8 0 0
129 164 0 58489 0 0
132 166 38 58493.2 0 0
130 157 38 58497.6 0 0
130 157 0 58501.9 0 0
130 157 0 58506.1 0 0
130 163 0 58512.2 0 0
131 161 38 58516.5 0 0
131 160 38 58520.7 0 0
128 166 38 58524.9 0 0
130 167 38 58529.1 0 0
128 166 38 58533.3 0 0
130 166 38 58537.6 0 0
127 162 39 58541.8 0 0
127 162 0 58546 0 0
130 161 38 58550.2 0 0
131 167 38 58554.4 0 0
132 165 38 58558.6 0 0
132 165 0 58562.8 0 0
130 162 38 58567.1 0 0
134 166 38 58571.3 0 0
128 165 38 58575.5 0 0
128 165 0 58579.7 0 0
128 165 0 58583.9 0 0
127 169 38 58588.2 0 0
127 159 38 58592.4 0 0
124 158 39 58596.6 0 0
123 158 39 58600.8 0 0
122 156 40 58605.1 0 0
121 149 41 58609.3 0 0
119 149 41 58613.5 0 0
119 145 40 58617.7 0 0
122 146 41 58621.9 0 0
122 147 41 58626.1 0 0
122 144 41 58630.3 0 0
123 146 40 58634.6 0 0
120 151 40 58638.8 0 0
125 146 40 58643 0 0
124 145 40 58647.2 0 0
127 147 41 58651.4 0 0
123 144 42 58655.6 0 0
121 148 42 58659.9 0 0
121 146 40 58664.1 0 0
120 143 41 58668.3 0 0
123 147 41 58672.5 0 0
123 144 40 58676.7 0 0
120 147 42 58680.9 0 0
123 147 0 58685.1 0 0
123 147 41 58689.3 0 0
123 147 41 58693.6 0 0
119 145 41 58699.8 0 0
124 146 41 58704 0 0
119 146 40 58708.2 0 0
123 152 41 58712.4 0 0
120 147 42 58716.6 0 0
122 144 40 58720.8 0 0
123 145 41 58725.1 0 0
121 147 40 58729.5 0 0
123 150 40 58733.8 0 0
123 145 41 58738 0 0
123 145 0 58742.2 0 0
122 147 41 58746.4 0 0
122 145 41 58750.6 0 0
121 144 42 58754.8 0 0
122 152 39 58759.1 0 0
125 147 41 58763.3 0 0
121 145 40 58767.5 0 0
123 143 40 58771.7 0 0
122 148 41 58775.9 0 0
124 142 40 58780.1 0 0
123 144 41 58784.3 0 0
123 144 0 58788.6 0 0
125 145 40 58792.8 0 0
121 139 41 58797 0 0
121 139 0 58801.2 0 0
121 139 40 58805.4 0 0
124 150 40 58809.6 0 0
120 144 40 58813.8 0 0
121 146 41 58818.1 0 0
119 143 41 58822.3 0 0
121 142 40 58826.5 0 0
122 145 40 58830.7 0 0
122 144 40 58834.9 0 0
124 141 41 58839.1 0 0
122 140 40 58846.1 0 0
119 141 42 58850.4 0 0
123 139 42 58854.6 0 0
124 138 40 58858.8 0 0
120 138 40 58863 0 0
120 138 0 58867.2 0 0
121 148 39 58871.4 0 0
126 135 40 58875.6 0 0
124 140 41 58879.8 0 0
124 140 41 58884.1 0 0
122 140 40 58888.3 0 0
122 144 39 58892.5 0 0
123 140 40 58896.7 0 0
121 138 42 58900.9 0 0
123 141 40 58905.1 0 0
122 142 39 58909.3 0 0
124 139 39 58913.6 0 0
123 138 40 58917.8 0 0
123 136 41 58922 0 0
120 136 41 58926.2 0 0
122 135 40 58930.4 0 0
123 134 41 58934.7 0 0
120 139 41 58938.9 0 0
122 132 41 58943.1 0 0
121 138 41 58947.3 0 0
124 134 42 58951.5 0 0
124 134 42 58958.5 0 0
118 134 41 58965.3 0 0
122 135 41 58969.6 0 0
122 135 0 58975.3 0 0
122 141 41 58979.5 0 0
125 143 40 58983.7 0 0
123 143 40 58987.9 0 0
122 138 41 58992.1 0 0
121 142 41 58996.3 0 0
125 142 42 59000.6 0 0
122 141 42 59004.8 0 0
122 141 43 59009 0 0
123 136 40 59013.2 0 0
121 139 42 59017.4 0 0
124 140 43 59021.6 0 0
123 139 41 59025.8 0 0
123 139 0 59030.1 0 0
121 143 42 59034.3 0 0
119 141 40 59038.5 0 0
120 144 42 59042.7 0 0
122 147 42 59046.9 0 0
122 147 0 59051.1 0 0
125 148 42 59055.3 0 0
123 153 41 59059.5 0 0
125 150 41 59063.7 0 0
124 151 42 59068 0 0
107 150 41 59072.2 0 0
88 147 41 59079.4 0 0
72 145 43 59087.6 0 0
66 145 41 59095.9 0 0
57 146 38 59104.2 0 0
64 147 41 59112.6 0 0
63 149 41 59120.9 0 0
63 149 41 59129.3 0 0
61 148 40 59137.2 0 0
65 150 41 59141.5 0 0
61 151 42 59145.9 0 0
61 158 38 59150.1 0 0
62 149 41 59154.3 0 0
60 146 41 59158.6 0 0
61 148 42 59162.8 0 0
65 146 41 59167 0 0
60 147 42 59171.2 0 0
62 146 41 59175.4 0 0
61 148 42 59179.6 0 0
60 148 42 59183.8 0 0
61 150 41 59188 0 0
66 148 41 59192.2 0 0
64 144 41 59196.5 0 0
64 144 0 59200.7 0 0
64 144 0 59204.9 0 0
62 147 40 59209.1 0 0
65 147 41 59213.3 0 0
57 152 42 59217.5 0 0
57 152 0 59221.8 0 0
65 151 41 59226 0 0
61 163 40 59230.2 0 0
62 150 40 59234.4 0 0
62 150 0 59238.6 0 0
64 151 41 59242.8 0 0
65 155 42 59247.1 0 0
61 151 42 59251.3 0 0
60 156 42 59255.6 0 0
67 165 39 59259.8 0 0
63 159 42 59266.7 0 0
63 157 41 59270.9 0 0
63 157 0 59275.1 0 0
63 157 0 59279.3 0 0
63 162 40 59283.6 0 0
64 161 42 59287.8 0 0
63 162 41 59292 0 0
63 162 0 59296.2 0 0
62 160 40 59300.5 0 0
64 161 40 59304.7 0 0
63 158 41 59308.9 0 0
63 158 0 59313.1 0 0
60 160 40 59317.4 0 0
63 161 41 59321.6 0 0
61 156 41 59325.8 0 0
61 156 0 59330 0 0
60 158 40 59334.2 0 0
59 170 38 59338.4 0 0
65 165 41 59342.7 0 0
66 156 40 59346.9 0 0
66 156 0 59351.1 0 0
60 159 41 59355.3 0 0
60 160 40 59359.5 0 0
60 160 0 59366.6 0 0
60 160 0 59370.8 0 0
63 162 39 59375.1 0 0
65 158 39 59379.3 0 0
59 168 35 59383.5 0 0
63 162 39 59387.7 0 0
59 158 41 59391.9 0 0
59 158 0 59396.2 0 0
61 156 42 59400.4 0 0
61 160 39 59404.6 0 0
62 161 38 59408.8 0 0
60 160 39 59413 0 0
60 160 0 59417.2 0 0
60 160 0 59421.4 0 0
61 161 39 59425.6 0 0
62 160 39 59429.8 0 0
62 160 0 59434 0 0
62 160 0 59438.2 0 0
65 156 40 59442.5 0 0
60 159 37 59446.7 0 0
65 158 38 59450.9 0 0
65 158 0 59455.1 0 0
63 166 36 59459.3 0 0
64 163 38 59463.5 0 0
64 159 39 59467.8 0 0
65 157 38 59472 0 0
65 157 38 59476.2 0 0
62 162 0 59481 0 0
62 153 37 59485.2 0 0
60 158 38 59489.4 0 0
60 158 0 59493.6 0 0
62 156 37 59497.8 0 0
62 153 39 59502.1 0 0
62 159 38 59506.3 0 0
64 153 37 59510.5 0 0
67 160 38 59514.7 0 0
68 159 38 59518.9 0 0
64 151 38 59523.1 0 0
60 156 38 59527.4 0 0
61 153 38 59531.6 0 0
61 153 0 59535.8 0 0
63 155 40 59540.1 0 0
62 163 35 59544.3 0 0
61 150 37 59548.5 0 0
63 153 38 59552.7 0 0
74 153 39 59557 0 0
86 147 40 59561.2 0 0
96 147 40 59565.4 0 0
96 147 0 59569.6 0 0
120 146 40 59573.8 0 0
120 146 0 59578 0 0
142 152 39 59582.2 0 0
151 149 40 59586.5 0 0
156 143 41 59590.9 0 0
164 159 36 59595.2 0 0
164 159 0 59599.4 0 0
164 153 40 59604.6 0 0
160 157 40 59608.8 0 0
160 157 0 59613 0 0
160 157 0 59617.2 0 0
162 153 39 59621.4 0 0
162 153 0 59625.7 0 0
162 153 0 59629.9 0 0
163 151 40 59634.1 0 0
165 161 40 59638.3 0 0
162 150 40 59642.5 0 0
162 150 0 59646.7 0 0
164 155 41 59650.9 0 0
164 155 0 59655.1 0 0
164 155 0 59659.3 0 0
164 155 0 59663.6 0 0
163 159 0 59668.5 0 0
163 159 0 59672.7 0 0
163 160 40 59676.9 0 0
163 160 0 59681.1 0 0
164 163 41 59685.3 0 0
161 162 40 59689.5 0 0
162 157 40 59693.7 0 0
162 157 0 59697.9 0 0
161 160 41 59702.3 0 0
164 160 40 59706.6 0 0
161 159 40 59710.8 0 0
160 164 40 59715 0 0
161 169 41 59719.2 0 0
160 162 39 59723.4 0 0
160 162 0 59727.6 0 0
160 155 40 59731.8 0 0
160 155 0 59736.1 0 0
166 173 41 59740.2 0 0
165 168 41 59744.4 0 0
165 168 0 59748.7 0 0
163 169 40 59752.9 0 0
166 169 41 59757.1 0 0
166 169 0 59761.4 0 0
164 170 40 59765.6 0 0
164 171 40 59769.8 0 0
164 171 41 59774 0 0
164 171 0 59778.2 0 0
165 182 38 59782.4 0 0
168 171 40 59786.7 0 0
166 169 40 59790.9 0 0
163 185 38 59795.1 0 0
163 180 38 59799.3 0 0
165 176 41 59803.5 0 0
165 176 0 59807.7 0 0
165 176 0 59812 0 0
164 171 40 59816.2 0 0
164 171 0 59820.4 0 0
163 172 40 59824.7 0 0
163 170 41 59828.9 0 0
162 173 40 59833.1 0 0
162 173 0 59837.3 0 0
166 180 41 59841.5 0 0
164 175 41 59845.7 0 0
164 175 0 59850 0 0
162 172 41 59854.2 0 0
162 172 0 59858.4 0 0
162 172 0 59862.7 0 0
165 179 42 59866.8 0 0
161 175 40 59871.1 0 0
165 175 41 59875.3 0 0
165 175 0 59879.5 0 0
163 173 41 59883.7 0 0
163 180 41 59888 0 0
163 180 0 59892.2 0 0
166 181 41 59896.4 0 0
166 181 0 59900.6 0 0
163 173 42 59904.8 0 0
162 177 42 59909 0 0
162 177 0 59913.2 0 0
162 182 42 59917.4 0 0
162 175 41 59921.7 0 0
162 183 41 59925.8 0 0
165 191 41 59930.1 0 0
164 180 42 59934.3 0 0
164 180 0 59938.5 0 0
164 186 42 59942.7 0 0
164 180 42 59946.9 0 0
162 180 41 59951.1 0 0
162 180 0 59955.3 0 0
163 185 43 59959.5 0 0
162 183 42 59963.7 0 0
167 182 42 59967.9 0 0
167 182 0 59972.2 0 0
181 182 41 59976.4 0 0
181 182 0 59980.6 0 0
181 182 0 59984.8 0 0
195 182 40 59989 0 0
192 178 41 59993.2 0 0
197 175 41 59997.4 0 0
195 173 40 60001.7 0 0
196 176 42 60005.9 0 0
194 177 41 60010.1 0 0
196 179 41 60014.3 0 0
195 178 40 60018.6 0 0
199 182 41 60022.8 0 0
195 178 40 60027 0 0
196 179 41 60031.2 0 0
197 179 42 60035.4 0 0
198 176 40 60039.6 0 0
198 176 0 60043.9 0 0
195 176 40 60048.1 0 0
198 190 38 60052.3 0 0
198 191 38 60056.5 0 0
194 197 38 60060.7 0 0
197 182 41 60064.9 0 0
194 191 39 60069.1 0 0
199 190 38 60073.4 0 0
199 187 40 60077.6 0 0
195 190 37 60081.8 0 0
193 180 42 60086 0 0
198 197 38 60090.2 0 0
195 180 42 60094.4 0 0
196 194 37 60098.6 0 0
193 183 40 60102.9 0 0
198 187 37 60107.1 0 0
197 196 38 60111.3 0 0
196 181 41 60115.5 0 0
198 183 41 60119.7 0 0
192 179 42 60123.9 0 0
197 194 39 60128.1 0 0
199 188 39 60132.4 0 0
197 192 38 60136.6 0 0
193 181 40 60140.8 0 0
196 185 39 60145 0 0
197 180 41 60149.2 0 0
198 189 39 60153.4 0 0
197 177 43 60157.6 0 0
196 189 39 60161.9 0 0
200 188 38 60166.1 0 0
198 188 39 60170.3 0 0
197 177 41 60174.5 0 0
197 178 42 60178.7 0 0
197 188 39 60182.9 0 0
195 178 43 60187.1 0 0
198 187 38 60191.3 0 0
195 177 42 60195.8 0 0
202 188 39 60200 0 0
198 188 38 60204.3 0 0
197 181 42 60208.5 0 0
199 188 39 60212.7 0 0
197 193 38 60216.9 0 0
196 192 39 60221.1 0 0
197 191 39 60225.3 0 0
197 182 42 60229.5 0 0
196 194 39 60233.8 0 0
197 182 42 60238 0 0
198 194 38 60242.2 0 0
196 194 39 60246.4 0 0
197 189 39 60250.6 0 0
197 180 43 60257.7 0 0
200 189 39 60261.9 0 0
201 191 39 60266.1 0 0
197 178 42 60270.3 0 0
197 191 38 60274.6 0 0
197 180 42 60278.8 0 0
197 187 39 60283 0 0
197 188 39 60287.2 0 0
195 177 43 60291.5 0 0
197 194 39 60295.7 0 0
199 186 39 60299.9 0 0
201 191 39 60304.1 0 0
201 189 40 60308.3 0 0
194 188 40 60312.5 0 0
194 185 40 60316.7 0 0
199 192 39 60321 0 0
196 179 42 60325.2 0 0
197 189 40 60329.4 0 0
198 189 39 60333.6 0 0
197 180 42 60337.8 0 0
198 188 39 60342 0 0
195 180 41 60346.2 0 0
195 180 41 60350.5 0 0
197 178 43 60356.1 0 0
195 180 42 60360.3 0 0
197 188 40 60364.6 0 0
197 186 40 60368.8 0 0
199 185 39 60372.9 0 0
197 186 39 60377.2 0 0
197 180 43 60381.4 0 0
196 176 44 60385.7 0 0
197 185 40 60389.9 0 0
196 184 40 60394.1 0 0
195 189 39 60398.3 0 0
198 181 40 60402.5 0 0
195 178 40 60406.7 0 0
196 169 43 60410.9 0 0
196 168 43 60415.1 0 0
194 172 42 60419.4 0 0
196 178 41 60423.6 0 0
197 180 40 60427.8 0 0
196 169 42 60432 0 0
198 171 44 60436.2 0 0
197 166 45 60440.4 0 0
194 176 41 60444.6 0 0
192 179 40 60448.8 0 0
197 176 41 60453.1 0 0
194 178 40 60457.3 0 0
196 178 41 60461.5 0 0
194 176 41 60465.8 0 0
194 165 43 60470 0 0
195 176 41 60474.2 0 0
194 166 46 60478.5 0 0
192 165 44 60482.7 0 0
192 161 45 60486.9 0 0
198 161 44 60491.1 0 0
196 167 41 60495.3 0 0
195 160 44 60499.6 0 0
196 172 41 60503.8 0 0
197 162 44 60507.9 0 0
194 158 44 60512.2 0 0
197 169 41 60516.4 0 0
199 167 41 60520.6 0 0
195 159 44 60524.8 0 0
196 166 41 60529.1 0 0
195 167 41 60533.3 0 0
195 161 45 60537.5 0 0
192 164 45 60541.7 0 0
180 158 46 60545.9 0 0
171 155 45 60550.1 0 0
163 160 46 60554.3 0 0
158 163 45 60558.5 0 0
142 170 43 60562.8 0 0
141 176 43 60567 0 0
136 178 42 60571.2 0 0
130 184 43 60575.4 0 0
130 180 42 60579.6 0 0
128 181 42 60583.8 0 0
129 186 42 60588 0 0
129 186 42 60592.2 0 0
128 186 42 60596.5 0 0
130 185 42 60600.7 0 0
125 186 42 60604.9 0 0
127 190 42 60609.1 0 0
128 186 42 60613.3 0 0
127 192 42 60617.7 0 0
125 186 42 60621.9 0 0
126 186 42 60626.2 0 0
127 185 42 60630.4 0 0
127 182 41 60634.6 0 0
127 180 42 60638.8 0 0
127 185 42 60643 0 0
127 183 41 60647.2 0 0
125 183 41 60651.4 0 0
128 188 42 60655.7 0 0
127 188 41 60659.9 0 0
130 188 42 60664.1 0 0
124 189 42 60668.3 0 0
125 186 42 60672.5 0 0
125 191 42 60676.7 0 0
126 187 41 60680.9 0 0
125 187 41 60685.1 0 0
124 181 42 60689.3 0 0
128 187 41 60693.6 0 0
126 188 42 60697.8 0 0
128 182 41 60702.2 0 0
126 183 41 60706.4 0 0
126 179 41 60710.6 0 0
131 184 42 60714.8 0 0
127 190 41 60719 0 0
130 187 42 60723.3 0 0
127 195 41 60727.5 0 0
129 189 42 60731.7 0 0
126 186 41 60735.9 0 0
128 188 41 60740.1 0 0
128 187 42 60744.3 0 0
126 187 42 60748.5 0 0
127 188 41 60752.8 0 0
125 191 41 60757 0 0
126 191 42 60761.2 0 0
127 188 42 60765.4 0 0
127 188 41 60769.6 0 0
129 191 41 60773.9 0 0
129 188 42 60778.1 0 0
127 189 42 60782.3 0 0
128 186 41 60786.5 0 0
127 189 41 60790.8 0 0
127 192 41 60795 0 0
128 190 41 60799.2 0 0
129 191 41 60803.4 0 0
127 189 41 60807.6 0 0
127 190 41 60811.8 0 0
126 189 41 60816 0 0
128 188 41 60820.2 0 0
126 193 41 60824.4 0 0
124 190 41 60828.7 0 0
128 192 41 60832.9 0 0
126 190 41 60837.1 0 0
128 194 41 60841.3 0 0
130 194 40 60845.5 0 0
131 191 40 60849.8 0 0
126 191 40 60854 0 0
127 195 40 60858.2 0 0
127 196 40 60862.4 0 0
127 196 40 60866.6 0 0
129 196 40 60871.6 0 0
125 192 39 60875.8 0 0
130 197 40 60880 0 0
128 193 40 60884.2 0 0
128 194 39 60888.5 0 0
127 191 39 60892.7 0 0
128 189 39 60896.9 0 0
125 197 39 60901.1 0 0
126 191 39 60905.3 0 0
128 193 38 60909.5 0 0
127 202 38 60913.8 0 0
131 197 38 60918 0 0
127 201 38 60922.2 0 0
130 200 38 60926.4 0 0
129 197 38 60930.6 0 0
129 197 0 60934.8 0 0
129 200 38 60939 0 0
128 200 38 60943.2 0 0
128 201 38 60947.5 0 0
131 197 38 60951.8 0 0
130 203 38 60956 0 0
132 198 38 60960.2 0 0
125 204 38 60964.4 0 0
127 202 38 60968.6 0 0
128 204 37 60972.8 0 0
132 200 38 60977 0 0
129 209 37 60981.2 0 0
128 203 37 60985.4 0 0
129 202 37 60989.7 0 0
128 207 38 60993.9 0 0
128 200 37 60998.1 0 0
126 202 37 61002.3 0 0
122 203 37 61006.5 0 0
116 204 37 61010.7 0 0
112 202 38 61015 0 0
104 199 37 61019.2 0 0
107 202 37 61023.4 0 0
108 201 37 61027.7 0 0
109 194 37 61031.9 0 0
109 197 37 61036.1 0 0
110 196 37 61040.4 0 0
112 196 36 61044.6 0 0
109 202 36 61048.8 0 0
113 199 37 61053 0 0
107 203 37 61057.2 0 0
107 209 37 61061.4 0 0
110 197 37 61065.7 0 0
110 202 37 61069.9 0 0
110 202 36 61074.1 0 0
109 197 37 61078.3 0 0
111 198 36 61082.5 0 0
107 195 37 61086.7 0 0
108 201 37 61091 0 0
107 199 37 61095.2 0 0
107 199 36 61099.4 0 0
109 205 37 61103.7 0 0
109 202 37 61107.9 0 0
110 201 36 61112.1 0 0
108 199 36 61116.3 0 0
110 201 36 61120.5 0 0
108 206 36 61124.7 0 0
108 197 36 61128.9 0 0
110 201 36 61133.2 0 0
110 201 36 61137.4 0 0
108 200 36 61141.6 0 0
111 196 36 61145.8 0 0
111 207 36 61150 0 0
109 201 36 61154.2 0 0
110 201 37 61158.5 0 0
113 211 37 61162.7 0 0
110 205 37 61166.9 0 0
111 206 36 61171.1 0 0
110 197 36 61175.3 0 0
110 197 0 61179.5 0 0
107 200 36 61183.7 0 0
111 204 36 61187.9 0 0
106 202 36 61192.2 0 0
109 191 36 61196.4 0 0
109 192 36 61200.6 0 0
108 197 37 61204.8 0 0
112 198 37 61209 0 0
112 196 36 61213.2 0 0
118 200 37 61217.4 0 0
125 184 36 61221.7 0 0
133 168 37 61225.9 0 0
136 159 38 61230.1 0 0
144 164 38 61234.3 0 0
147 160 40 61238.5 0 0
150 155 40 61242.7 0 0
151 161 38 61246.9 0 0
153 157 40 61251.1 0 0
154 164 36 61255.3 0 0
159 163 35 61259.6 0 0
158 164 36 61263.8 0 0
159 153 40 61268 0 0
160 153 39 61272.2 0 0
161 156 39 61276.4 0 0
160 155 39 61280.7 0 0
162 166 35 61284.9 0 0
165 162 39 61289.1 0 0
165 162 0 61293.3 0 0
159 157 39 61297.5 0 0
161 160 40 61301.7 0 0
164 169 35 61305.9 0 0
162 157 39 61310.1 0 0
162 157 0 61314.4 0 0
161 162 40 61318.6 0 0
161 164 39 61322.8 0 0
160 166 38 61327.1 0 0
162 165 38 61331.3 0 0
160 163 39 61335.5 0 0
165 163 39 61339.7 0 0
164 171 35 61344 0 0
164 174 35 61348.2 0 0
163 172 36 61352.4 0 0
161 163 39 61356.7 0 0
160 161 40 61360.9 0 0
160 161 0 61365.1 0 0
164 163 39 61369.3 0 0
159 165 39 61373.6 0 0
161 168 35 61377.8 0 0
162 170 36 61382 0 0
163 163 39 61386.2 0 0
163 173 37 61390.4 0 0
161 162 40 61394.6 0 0
162 170 36 61398.8 0 0
162 170 0 61403.1 0 0
162 170 35 61407.3 0 0
162 170 0 61411.5 0 0
163 161 39 61415.8 0 0
163 161 0 61420 0 0
159 164 39 61424.2 0 0
159 163 40 61428.4 0 0
163 168 39 61432.6 0 0
165 162 40 61436.8 0 0
162 163 42 61441 0 0
162 171 39 61445.2 0 0
163 166 39 61449.4 0 0
157 167 40 61453.7 0 0
164 161 41 61457.9 0 0
161 167 40 61462.1 0 0
163 168 38 61466.3 0 0
163 167 41 61470.5 0 0
161 168 39 61474.8 0 0
163 169 39 61479 0 0
164 167 41 61483.2 0 0
161 166 40 61487.4 0 0
161 165 39 61491.6 0 0
159 165 41 61495.8 0 0
160 170 38 61500.1 0 0
162 166 41 61504.3 0 0
159 165 41 61508.5 0 0
160 166 40 61512.7 0 0
161 170 38 61516.9 0 0
161 175 35 61521.1 0 0
158 181 36 61525.4 0 0
158 181 0 61529.6 0 0
160 167 39 61533.8 0 0
159 174 34 61538.1 0 0
162 161 40 61542.3 0 0
157 181 35 61546.5 0 0
161 165 38 61550.7 0 0
160 166 39 61554.9 0 0
160 166 0 61559.1 0 0
160 166 0 61563.3 0 0
159 178 35 61567.5 0 0
159 178 0 61571.8 0 0
161 174 35 61576 0 0
161 174 0 61580.2 0 0
161 174 0 61584.4 0 0
161 174 0 61588.6 0 0
162 173 38 61592.8 0 0
161 181 36 61597.1 0 0
158 174 40 61601.3 0 0
158 174 0 61605.5 0 0
143 173 40 61609.7 0 0
134 191 39 61613.9 0 0
128 188 40 61618.1 0 0
131 191 39 61622.3 0 0
131 193 38 61626.5 0 0
131 192 37 61630.8 0 0
128 188 38 61635 0 0
126 196 38 61639.2 0 0
126 185 38 61643.4 0 0
125 184 38 61647.6 0 0
130 185 37 61651.8 0 0
129 179 39 61656.1 0 0
130 181 38 61660.3 0 0
127 185 38 61664.6 0 0
127 186 38 61668.8 0 0
127 186 38 61673.1 0 0
131 198 38 61677.3 0 0
127 184 38 61681.5 0 0
128 190 38 61685.7 0 0
127 187 38 61689.9 0 0
126 186 38 61694.1 0 0
126 198 39 61698.3 0 0
127 191 38 61702.6 0 0
128 186 39 61706.8 0 0
127 203 38 61711 0 0
125 191 38 61715.2 0 0
125 191 39 61719.4 0 0
128 199 39 61723.7 0 0
127 198 39 61727.9 0 0
126 189 38 61732.1 0 0
128 195 39 61736.3 0 0
126 191 39 61740.5 0 0
127 198 39 61744.7 0 0
129 192 39 61748.9 0 0
129 205 40 61753.1 0 0
125 201 39 61757.3 0 0
128 198 39 61761.6 0 0
129 196 39 61765.8 0 0
126 203 39 61770 0 0
126 200 39 61776.9 0 0
130 199 39 61785.2 0 0
129 198 0 61793.5 0 0
129 198 0 61801.9 0 0
124 200 40 61809.1 0 0
126 203 40 61813.4 0 0
129 207 40 61818.4 0 0
126 203 40 61822.7 0 0
128 195 41 61826.9 0 0
129 201 40 61831.1 0 0
126 197 40 61835.4 0 0
128 207 40 61839.6 0 0
126 207 39 61843.8 0 0
129 205 40 61848 0 0
130 202 40 61852.3 0 0
126 204 40 61856.5 0 0
126 205 40 61860.7 0 0
127 212 40 61864.9 0 0
128 212 40 61869.1 0 0
127 202 40 61873.3 0 0
128 210 40 61877.5 0 0
128 210 0 61881.8 0 0
128 213 40 61886 0 0
127 207 40 61890.2 0 0
127 203 41 61894.4 0 0
125 206 40 61898.6 0 0
129 204 40 61903.1 0 0
124 206 40 61907.3 0 0
128 201 40 61911.6 0 0
128 211 40 61915.8 0 0
126 214 40 61922.6 0 0
128 205 40 61926.8 0 0
124 207 40 61931 0 0
129 220 40 61935.2 0 0
128 201 40 61939.4 0 0
125 210 40 61943.6 0 0
126 211 40 61947.9 0 0
127 206 40 61952.1 0 0
127 213 40 61956.3 0 0
124 205 40 61960.5 0 0
127 204 40 61964.7 0 0
126 203 40 61968.9 0 0
125 206 40 61973.2 0 0
124 210 40 61977.4 0 0
125 202 40 61981.6 0 0
129 211 40 61985.8 0 0
126 207 40 61990 0 0
127 214 39 61994.2 0 0
124 197 40 61998.4 0 0
126 203 40 62002.6 0 0
127 210 40 62006.8 0 0
127 210 39 62011 0 0
126 205 39 62015.3 0 0
127 202 39 62019.5 0 0
124 201 40 62023.7 0 0
126 202 39 62027.9 0 0
127 208 40 62032.2 0 0
127 204 39 62036.4 0 0
129 203 39 62040.7 0 0
125 212 39 62047.4 0 0
123 212 39 62051.7 0 0
127 212 39 62055.8 0 0
129 203 39 62060.1 0 0
138 206 40 62064.3 0 0
147 210 40 62068.5 0 0
156 208 39 62072.8 0 0
163 213 39 62077 0 0
169 205 39 62081.2 0 0
174 207 39 62085.4 0 0
172 212 38 62089.6 0 0
174 215 39 62093.8 0 0
175 216 39 62098.1 0 0
169 210 38 62102.4 0 0
171 215 38 62106.7 0 0
175 216 39 62110.9 0 0
175 223 39 62115.1 0 0
175 219 38 62119.3 0 0
176 223 38 62123.5 0 0
178 215 39 62127.8 0 0
175 220 38 62132 0 0
180 219 39 62136.2 0 0
180 212 41 62140.4 0 0
178 207 40 62144.6 0 0
172 204 40 62149.1 0 0
175 198 42 62153.3 0 0
169 195 44 62160 0 0
170 189 42 62164.3 0 0
174 199 39 62168.5 0 0
173 194 42 62172.7 0 0
168 189 41 62176.9 0 0
162 185 41 62181.1 0 0
166 186 40 62185.3 0 0
165 188 41 62189.6 0 0
161 194 36 62193.8 0 0
153 188 40 62198 0 0
153 188 0 62202.2 0 0
153 188 0 62206.4 0 0
163 192 39 62210.7 0 0
161 196 35 62214.8 0 0
167 201 35 62219.1 0 0
163 203 36 62223.3 0 0
166 198 35 62227.5 0 0
163 194 36 62231.8 0 0
161 190 41 62236 0 0
161 190 0 62240.2 0 0
162 200 35 62244.4 0 0
159 192 41 62251.5 0 0
161 189 40 62259.9 0 0
163 196 37 62268.4 0 0
162 186 40 62276.4 0 0
160 193 38 62284.9 0 0
164 195 38 62293.4 0 0
164 195 38 62301.7 0 0
159 179 42 62309.1 0 0
163 181 41 62313.3 0 0
159 178 42 62318.4 0 0
158 177 42 62322.7 0 0
163 178 43 62326.9 0 0
163 177 41 62331.1 0 0
159 179 41 62335.3 0 0
158 172 40 62339.5 0 0
161 184 37 62343.7 0 0
161 175 40 62347.9 0 0
164 175 42 62352.2 0 0
161 183 38 62356.4 0 0
161 171 43 62360.6 0 0
162 170 41 62364.8 0 0
159 183 38 62369 0 0
162 170 40 62373.2 0 0
161 181 37 62377.4 0 0
159 169 41 62381.7 0 0
159 178 37 62385.9 0 0
160 170 41 62390.1 0 0
163 182 38 62394.3 0 0
163 182 38 62398.5 0 0
158 165 41 62402.9 0 0
161 175 37 62407.1 0 0
158 169 41 62411.3 0 0
161 183 38 62415.6 0 0
160 166 41 62419.8 0 0
163 178 38 62424 0 0
163 165 41 62428.2 0 0
158 162 40 62432.4 0 0
158 163 41 62436.6 0 0
164 166 37 62440.8 0 0
161 167 37 62445 0 0
161 167 0 62449.2 0 0
161 166 39 62453.5 0 0
161 166 0 62457.7 0 0
161 166 0 62461.9 0 0
159 167 37 62466.1 0 0
159 167 0 62470.3 0 0
160 163 40 62474.5 0 0
160 157 41 62478.8 0 0
160 169 36 62483 0 0
160 169 0 62487.2 0 0
160 169 0 62491.4 0 0
159 170 37 62495.6 0 0
165 170 37 62499.8 0 0
165 170 0 62504 0 0
156 170 37 62508.2 0 0
163 169 35 62512.4 0 0
163 169 0 62516.6 0 0
163 169 0 62520.9 0 0
159 161 42 62525.1 0 0
161 166 37 62529.3 0 0
162 157 40 62533.6 0 0
160 157 42 62537.8 0 0
165 159 40 62542 0 0
160 157 42 62546.2 0 0
158 155 41 62550.4 0 0
161 159 38 62554.6 0 0
159 165 39 62558.8 0 0
160 150 41 62563.1 0 0
162 159 41 62567.3 0 0
158 152 42 62571.5 0 0
158 157 42 62575.7 0 0
158 157 0 62579.9 0 0
162 166 38 62584.1 0 0
158 161 42 62588.3 0 0
159 159 41 62592.6 0 0
160 162 44 62596.8 0 0
160 170 37 62601 0 0
160 160 40 62605.2 0 0
162 165 40 62609.4 0 0
159 159 41 62613.6 0 0
158 166 42 62617.9 0 0
160 162 42 62622.1 0 0
161 167 42 62626.3 0 0
164 160 43 62630.6 0 0
153 167 41 62634.8 0 0
149 162 42 62639 0 0
149 173 42 62643.2 0 0
147 189 39 62647.4 0 0
143 165 42 62651.6 0 0
146 172 42 62655.8 0 0
147 177 42 62660 0 0
144 173 42 62664.3 0 0
144 173 40 62668.6 0 0
143 180 39 62672.8 0 0
141 171 42 62677 0 0
139 162 40 62681.2 0 0
142 173 41 62685.4 0 0
143 174 41 62689.6 0 0
140 177 42 62693.8 0 0
143 169 40 62698.1 0 0
140 171 41 62702.3 0 0
141 179 41 62706.5 0 0
140 176 41 62710.7 0 0
141 177 41 62714.9 0 0
140 173 40 62719.1 0 0
141 170 41 62723.4 0 0
135 166 40 62727.6 0 0
135 166 0 62731.8 0 0
140 179 40 62736 0 0
136 174 41 62740.2 0 0
138 173 41 62744.4 0 0
139 169 41 62748.6 0 0
139 168 41 62752.8 0 0
141 175 42 62757 0 0
139 180 41 62761.2 0 0
144 177 41 62765.4 0 0
140 172 42 62769.6 0 0
140 172 0 62773.9 0 0
141 171 42 62778.1 0 0
142 177 41 62782.4 0 0
142 173 43 62786.6 0 0
149 175 44 62790.8 0 0
142 174 41 62795 0 0
147 179 43 62799.2 0 0
153 179 41 62803.4 0 0
146 182 43 62807.7 0 0
142 175 43 62811.9 0 0
147 186 41 62816.1 0 0
147 185 41 62820.3 0 0
145 188 41 62824.5 0 0
147 180 43 62828.7 0 0
147 179 42 62832.9 0 0
149 180 41 62837.2 0 0
150 184 42 62841.4 0 0
149 183 43 62845.6 0 0
150 183 45 62849.9 0 0
143 182 42 62854.1 0 0
147 189 41 62858.3 0 0
145 185 42 62862.5 0 0
148 186 42 62866.7 0 0
147 188 42 62870.9 0 0
149 191 41 62875.1 0 0
147 192 42 62879.3 0 0
148 191 41 62883.6 0 0
149 184 43 62887.8 0 0
148 180 43 62892 0 0
145 180 42 62896.2 0 0
150 179 43 62900.4 0 0
149 187 41 62904.6 0 0
147 180 43 62908.8 0 0
149 180 42 62913.1 0 0
151 192 42 62917.3 0 0
149 184 43 62921.5 0 0
149 193 41 62925.7 0 0
151 186 43 62929.9 0 0
147 191 41 62934.2 0 0
149 184 42 62938.4 0 0
150 185 42 62942.7 0 0
148 191 42 62946.9 0 0
148 185 43 62951.1 0 0
147 192 42 62955.3 0 0
149 198 41 62959.6 0 0
149 195 44 62963.8 0 0
150 205 42 62968 0 0
150 205 41 62972.2 0 0
149 194 43 62976.4 0 0
148 190 43 62980.6 0 0
150 194 44 62984.9 0 0
149 198 43 62989.1 0 0
148 193 44 62993.3 0 0
148 193 0 62997.5 0 0
150 200 41 63001.7 0 0
148 193 44 63005.9 0 0
151 204 42 63010.1 0 0
148 200 42 63014.3 0 0
150 205 42 63018.6 0 0
149 192 44 63022.8 0 0
145 192 43 63027 0 0
138 193 42 63031.3 0 0
126 198 41 63035.5 0 0
120 213 42 63039.7 0 0
119 213 42 63043.9 0 0
119 205 42 63048.1 0 0
128 208 42 63052.3 0 0
129 204 42 63056.5 0 0
126 203 42 63060.7 0 0
127 209 42 63065 0 0
123 202 42 63069.2 0 0
122 201 42 63073.4 0 0
126 201 42 63077.6 0 0
126 206 42 63081.9 0 0
125 203 42 63086.1 0 0
123 207 41 63090.3 0 0
124 203 41 63094.5 0 0
122 205 42 63098.7 0 0
125 203 42 63103.8 0 0
121 210 42 63108.1 0 0
123 213 42 63112.3 0 0
119 210 42 63116.5 0 0
125 210 42 63120.7 0 0
123 210 42 63124.9 0 0
122 210 42 63129.1 0 0
121 211 42 63133.4 0 0
125 212 42 63137.6 0 0
122 209 42 63141.8 0 0
125 211 42 63146 0 0
123 211 42 63150.2 0 0
123 214 42 63154.4 0 0
124 212 42 63158.6 0 0
126 212 42 63162.9 0 0
123 212 42 63167.1 0 0
124 212 42 63171.3 0 0
124 214 42 63175.5 0 0
127 213 42 63179.8 0 0
124 210 42 63184 0 0
126 213 42 63188.2 0 0
125 221 42 63192.4 0 0
122 211 42 63196.7 0 0
124 223 42 63200.9 0 0
126 219 42 63205.1 0 0
125 216 42 63209.3 0 0
124 217 42 63213.5 0 0
127 217 42 63217.7 0 0
123 212 42 63221.9 0 0
120 214 42 63226.2 0 0
124 216 42 63230.4 0 0
124 214 42 63234.6 0 0
120 213 41 63238.8 0 0
123 219 43 63243 0 0
122 223 42 63247.2 0 0
123 212 42 63251.4 0 0
119 210 42 63255.6 0 0
124 214 42 63259.8 0 0
123 210 42 63264 0 0
124 219 42 63268.2 0 0
125 216 42 63272.5 0 0
120 210 42 63276.7 0 0
122 210 43 63280.9 0 0
123 214 42 63285.2 0 0
122 212 42 63289.4 0 0
121 211 42 63293.6 0 0
122 219 42 63297.8 0 0
121 212 42 63302 0 0
124 216 41 63306.2 0 0
125 219 42 63310.5 0 0
125 212 41 63314.7 0 0
122 210 42 63318.9 0 0
124 209 42 63323.2 0 0
122 208 42 63327.4 0 0
121 208 42 63331.6 0 0
123 211 41 63335.8 0 0
123 209 41 63340 0 0
122 211 42 63344.2 0 0
121 212 41 63348.5 0 0
122 209 41 63352.7 0 0
123 215 41 63356.9 0 0
122 211 42 63361.1 0 0
120 218 42 63365.3 0 0
120 209 41 63369.5 0 0
123 213 41 63373.7 0 0
126 215 40 63377.9 0 0
124 209 41 63382.2 0 0
121 211 42 63386.4 0 0
122 215 41 63390.6 0 0
121 210 41 63394.8 0 0
126 211 41 63399 0 0
123 206 41 63403.2 0 0
125 210 41 63407.4 0 0
121 207 41 63411.7 0 0
124 217 40 63415.9 0 0
120 211 41 63420.2 0 0
124 209 41 63424.4 0 0
120 210 41 63428.6 0 0
126 218 40 63432.8 0 0
122 199 40 63437 0 0
123 196 43 63441.3 0 0
123 185 42 63445.5 0 0
121 190 44 63450 0 0
114 191 43 63454.3 0 0
117 194 43 63458.5 0 0
116 189 42 63462.7 0 0
117 194 42 63466.9 0 0
117 198 42 63471.1 0 0
116 201 42 63475.3 0 0
121 217 39 63479.6 0 0
119 201 44 63483.8 0 0
117 212 39 63488 0 0
118 198 42 63492.2 0 0
118 198 41 63496.4 0 0
118 198 0 63500.6 0 0
118 212 39 63504.8 0 0
119 216 38 63509 0 0
117 205 41 63513.2 0 0
116 205 41 63517.4 0 0
120 202 41 63521.6 0 0
117 205 42 63525.8 0 0
116 212 40 63530 0 0
117 205 42 63534.2 0 0
117 205 0 63538.5 0 0
119 213 39 63542.7 0 0
116 211 39 63546.9 0 0
116 211 0 63551.1 0 0
116 214 38 63555.3 0 0
119 214 37 63559.5 0 0
118 209 38 63563.8 0 0
118 215 38 63568 0 0
116 203 41 63572.3 0 0
120 210 38 63576.5 0 0
116 200 41 63580.7 0 0
116 197 42 63584.9 0 0
119 197 42 63589.1 0 0
118 208 38 63596.1 0 0
114 209 39 63600.4 0 0
116 199 40 63604.6 0 0
119 208 38 63608.8 0 0
119 208 38 63613 0 0
119 208 0 63617.2 0 0
117 208 38 63621.4 0 0
119 212 37 63625.6 0 0
118 197 40 63629.8 0 0
119 223 37 63634.1 0 0
117 218 39 63638.3 0 0
119 211 37 63642.5 0 0
118 200 41 63646.7 0 0
118 213 37 63650.9 0 0
116 197 41 63655.1 0 0
116 209 38 63659.3 0 0
117 213 37 63663.6 0 0
119 207 37 63667.8 0 0
119 207 0 63672 0 0
119 207 0 63676.2 0 0
119 207 0 63680.4 0 0
119 201 41 63684.6 0 0
118 201 41 63688.8 0 0
117 208 37 63693 0 0
119 207 38 63697.3 0 0
119 207 0 63704.3 0 0
118 199 41 63708.5 0 0
117 197 41 63712.7 0 0
115 200 44 63717 0 0
117 196 43 63721.2 0 0
115 196 41 63725.5 0 0
115 201 42 63729.7 0 0
118 201 40 63733.9 0 0
118 196 40 63738.1 0 0
117 207 38 63742.3 0 0
119 199 41 63746.5 0 0
120 199 41 63750.7 0 0
117 196 40 63755.2 0 0
117 208 37 63759.4 0 0
115 196 41 63763.7 0 0
119 207 39 63767.9 0 0
120 197 43 63772.1 0 0
117 196 43 63776.3 0 0
118 198 41 63780.5 0 0
118 199 41 63784.7 0 0
118 199 41 63789 0 0
120 197 40 63793.5 0 0
120 202 44 63797.7 0 0
123 213 37 63804.2 0 0
117 197 41 63808.4 0 0
118 196 43 63812.7 0 0
117 198 42 63816.9 0 0
119 209 38 63821.2 0 0
118 198 41 63825.4 0 0
122 197 43 63829.6 0 0
118 194 42 63833.8 0 0
120 195 40 63838 0 0
117 194 43 63842.2 0 0
117 194 41 63846.4 0 0
120 193 41 63850.7 0 0
120 208 39 63854.9 0 0
117 195 41 63859.1 0 0
121 197 41 63863.3 0 0
122 196 43 63867.6 0 0
120 207 38 63871.8 0 0
122 196 41 63876 0 0
114 198 42 63880.3 0 0
109 210 38 63884.5 0 0
96 198 44 63888.7 0 0
89 202 43 63892.9 0 0
85 205 42 63897.1 0 0
80 210 39 63901.3 0 0
79 211 39 63905.5 0 0
66 201 38 63909.8 0 0
66 208 38 63916.6 0 0
66 208 39 63920.8 0 0
69 210 39 63925 0 0
70 227 39 63929.2 0 0
71 225 39 63933.4 0 0
72 233 38 63937.7 0 0
68 231 38 63941.9 0 0
72 232 38 63946.1 0 0
71 235 38 63950.4 0 0
71 233 39 63954.6 0 0
71 234 39 63958.8 0 0
72 234 39 63963 0 0
73 234 38 63967.2 0 0
72 240 39 63975.7 0 0
70 236 39 63979.9 0 0
74 240 39 63984.1 0 0
74 239 39 63988.3 0 0
71 233 39 64001 0 0
71 234 39 64005.2 0 0
74 234 40 64009.4 0 0
75 237 39 64013.7 0 0
70 235 40 64020.7 0 0
71 232 40 64024.9 0 0
71 233 40 64029.2 0 0
75 228 40 64033.4 0 0
72 230 39 64037.6 0 0
74 232 39 64041.8 0 0
72 234 39 64046.1 0 0
73 229 40 64050.3 0 0
74 231 40 64054.5 0 0
