130 143 43 22215.5 0 0
129 142 44 22219.7 0 0
126 142 44 22228.1 0 0
128 146 44 22240.8 0 0
130 139 44 22257.7 0 0
125 145 44 22261.9 0 0
130 139 44 22270.3 0 0
126 146 44 22278.8 0 0
128 146 45 22283.2 0 0
127 145 44 22287.4 0 0
129 143 44 22291.6 0 0
129 143 44 22295.8 0 0
124 143 45 22300 0 0
120 148 44 22304.2 0 0
126 143 45 22308.5 0 0
128 143 44 22312.7 0 0
124 144 45 22321.1 0 0
126 140 44 22325.3 0 0
128 140 44 22329.5 0 0
127 143 45 22334 0 0
127 145 45 22338.2 0 0
127 147 44 22342.4 0 0
125 145 45 22346.6 0 0
124 147 45 22350.8 0 0
125 143 45 22355.1 0 0
126 143 46 22359.3 0 0
127 145 45 22363.5 0 0
121 140 45 22367.7 0 0
127 141 45 22376.2 0 0
130 140 45 22380.4 0 0
129 143 44 22384.6 0 0
126 141 46 22388.8 0 0
125 144 45 22393 0 0
126 144 45 22397.2 0 0
128 146 45 22401.4 0 0
130 143 46 22405.7 0 0
129 143 46 22409.9 0 0
129 143 0 22414.1 0 0
129 138 45 22426.7 0 0
129 142 46 22431 0 0
130 141 46 22435.2 0 0
128 142 46 22439.4 0 0
130 143 46 22443.6 0 0
54 93 67 22447.8 0 0
124 142 45 22452 0 0
129 145 46 22460.5 0 0
121 146 45 22464.7 0 0
126 147 45 22469 0 0
126 147 46 22473.2 0 0
126 147 46 22477.4 0 0
126 147 46 22481.6 0 0
126 147 47 22485.8 0 0
126 147 47 22490 0 0
109 109 48 22494.2 0 0
109 109 47 22498.9 0 0
109 109 47 22503.1 0 0
109 109 47 22507.3 0 0
109 109 48 22511.5 0 0
109 109 47 22515.7 0 0
79 86 0 22519.9 0 0
85 82 47 22524.1 0 0
92 84 47 22528.3 0 0
91 84 47 22532.6 0 0
90 82 47 22536.8 0 0
93 83 47 22541 0 0
91 82 47 22545.2 0 0
91 82 0 22549.4 0 0
90 85 47 22553.6 0 0
90 85 0 22557.8 0 0
89 82 48 22562.1 0 0
92 85 48 22566.3 0 0
87 86 48 22570.5 0 0
90 85 47 22574.7 0 0
87 84 47 22579 0 0
91 83 47 22583.5 0 0
87 85 47 22587.8 0 0
87 85 0 22592 0 0
87 84 48 22596.3 0 0
88 83 47 22600.5 0 0
91 82 47 22604.7 0 0
92 81 47 22608.9 0 0
87 83 47 22613.1 0 0
89 81 47 22617.3 0 0
88 87 47 22621.6 0 0
88 82 46 22625.8 0 0
87 87 47 22630 0 0
92 80 47 22634.2 0 0
87 85 47 22638.4 0 0
85 85 47 22642.6 0 0
89 84 47 22646.8 0 0
87 85 47 22651 0 0
89 86 47 22655.3 0 0
86 87 46 22659.5 0 0
87 85 47 22663.7 0 0
87 84 47 22668 0 0
87 87 47 22672.1 0 0
85 86 46 22676.4 0 0
87 84 46 22680.6 0 0
89 86 46 22684.8 0 0
84 85 46 22689 0 0
88 83 46 22693.2 0 0
83 83 46 22697.4 0 0
87 85 46 22701.7 0 0
92 84 46 22706 0 0
88 83 46 22710.2 0 0
88 83 46 22714.4 0 0
86 81 46 22718.6 0 0
86 81 0 22722.8 0 0
86 83 46 22727 0 0
88 83 45 22731.2 0 0
85 86 46 22735.4 0 0
88 85 45 22739.7 0 0
88 84 45 22743.9 0 0
83 84 45 22748.1 0 0
85 85 46 22752.3 0 0
85 85 0 22756.5 0 0
85 90 45 22760.7 0 0
87 84 45 22764.9 0 0
90 84 45 22769.1 0 0
86 84 45 22773.3 0 0
87 85 45 22777.5 0 0
87 85 45 22781.8 0 0
89 83 45 22786 0 0
85 85 45 22790.2 0 0
85 85 0 22794.4 0 0
86 86 45 22798.6 0 0
82 82 46 22802.8 0 0
86 87 45 22807 0 0
88 86 45 22811.2 0 0
86 84 45 22815.5 0 0
83 87 44 22819.7 0 0
89 90 45 22823.8 0 0
89 90 44 22828 0 0
89 90 45 22832.2 0 0
89 90 45 22836.5 0 0
78 91 44 22840.7 0 0
78 91 44 22845 0 0
78 91 44 22849.3 0 0
85 87 44 22853.5 0 0
86 86 43 22857.7 0 0
86 86 44 22861.9 0 0
86 86 43 22866.1 0 0
55 46 42 22870.3 0 0
50 49 42 22874.5 0 0
46 52 42 22878.8 0 0
40 57 41 22883 0 0
33 46 42 22887.2 0 0
32 49 42 22891.4 0 0
36 50 42 22895.6 0 0
34 45 42 22899.8 0 0
38 45 41 22904 0 0
38 49 42 22908.3 0 0
36 48 42 22912.5 0 0
38 53 41 22916.7 0 0
39 51 41 22920.9 0 0
38 50 41 22925.1 0 0
39 45 42 22929.3 0 0
38 55 41 22933.5 0 0
39 51 40 22937.8 0 0
36 51 41 22942 0 0
36 50 42 22946.2 0 0
37 53 41 22950.4 0 0
34 46 41 22954.6 0 0
39 49 41 22958.8 0 0
38 50 40 22963 0 0
39 54 40 22967.5 0 0
39 54 0 22971.7 0 0
36 51 40 22975.9 0 0
36 51 40 22980.1 0 0
36 51 41 22984.3 0 0
37 52 39 22988.5 0 0
37 51 41 22992.8 0 0
37 52 39 22997 0 0
38 49 40 23001.2 0 0
39 47 40 23005.4 0 0
37 52 39 23009.6 0 0
38 50 39 23013.8 0 0
38 46 39 23018 0 0
39 50 40 23022.2 0 0
37 48 39 23026.5 0 0
38 49 39 23030.7 0 0
36 51 39 23034.9 0 0
39 47 39 23039.1 0 0
39 47 0 23043.3 0 0
39 47 0 23047.5 0 0
39 47 0 23056.4 0 0
37 50 40 23060.7 0 0
37 50 39 23064.9 0 0
39 56 39 23069.1 0 0
39 56 38 23073.3 0 0
39 56 39 23077.5 0 0
39 56 40 23081.7 0 0
39 56 39 23085.9 0 0
39 56 39 23090.1 0 0
39 56 39 23094.3 0 0
39 56 38 23098.6 0 0
39 56 0 23102.8 0 0
39 56 36 23107 0 0
39 56 37 23111.2 0 0
39 56 36 23115.5 0 0
39 56 0 23119.7 0 0
39 56 36 23124 0 0
39 56 37 23128.2 0 0
39 56 0 23132.5 0 0
39 56 35 23136.7 0 0
39 56 36 23140.8 0 0
39 56 35 23145.1 0 0
39 56 36 23149.3 0 0
39 56 36 23153.5 0 0
39 56 36 23157.8 0 0
39 56 36 23162 0 0
39 56 38 23166.2 0 0
39 56 36 23170.3 0 0
39 56 0 23174.5 0 0
39 56 0 23178.8 0 0
39 56 0 23183 0 0
39 56 0 23187.2 0 0
39 56 0 23191.4 0 0
39 56 0 23195.6 0 0
39 56 36 23199.8 0 0
39 56 0 23204 0 0
39 56 0 23208.3 0 0
39 56 0 23212.5 0 0
39 56 37 23216.7 0 0
39 56 35 23220.9 0 0
39 56 0 23225.1 0 0
39 56 35 23229.3 0 0
39 56 35 23233.5 0 0
39 56 36 23237.7 0 0
39 56 0 23242 0 0
39 56 0 23246.2 0 0
39 56 36 23250.4 0 0
39 56 36 23254.6 0 0
39 56 35 23258.8 0 0
39 56 35 23263 0 0
39 56 37 23267.2 0 0
125 152 37 23440.1 0 0
123 125 37 23461.1 0 0
123 125 37 23465.4 0 0
123 125 36 23469.6 0 0
120 135 37 23473.8 0 0
120 135 37 23478 0 0
124 137 37 23482.2 0 0
120 140 37 23486.4 0 0
123 136 37 23490.6 0 0
122 135 37 23494.8 0 0
124 139 38 23499.1 0 0
126 138 37 23503.3 0 0
122 143 36 23507.5 0 0
118 140 38 23511.7 0 0
124 137 37 23515.9 0 0
121 142 37 23520.1 0 0
123 144 37 23524.3 0 0
124 146 38 23528.6 0 0
123 147 38 23533 0 0
122 149 37 23537.2 0 0
124 142 37 23541.4 0 0
120 145 37 23545.6 0 0
122 145 37 23549.8 0 0
124 145 37 23554.1 0 0
124 145 37 23558.3 0 0
124 145 37 23562.5 0 0
124 145 36 23566.7 0 0
124 145 37 23570.9 0 0
124 145 37 23575.1 0 0
124 145 36 23579.3 0 0
124 145 38 23583.5 0 0
124 145 37 23587.8 0 0
124 145 37 23592 0 0
124 145 38 23596.2 0 0
124 145 38 23600.4 0 0
124 145 38 23604.6 0 0
124 145 37 23608.8 0 0
124 145 37 23613.1 0 0
124 145 37 23617.3 0 0
124 145 36 23621.6 0 0
124 145 37 23625.8 0 0
124 145 37 23630 0 0
124 145 37 23634.2 0 0
124 145 37 23638.4 0 0
124 145 36 23642.6 0 0
124 145 38 23646.8 0 0
124 145 37 23651 0 0
124 145 37 23655.2 0 0
124 145 37 23659.5 0 0
124 145 38 23663.7 0 0
124 145 37 23667.8 0 0
124 145 37 23672 0 0
124 145 37 23676.3 0 0
124 145 38 23680.5 0 0
124 145 38 23684.7 0 0
124 145 37 23688.9 0 0
124 145 37 23693.2 0 0
124 145 38 23697.4 0 0
124 145 38 23701.5 0 0
124 145 37 23705.8 0 0
124 145 37 23710 0 0
124 145 37 23714.2 0 0
124 145 38 23718.4 0 0
124 145 38 23722.6 0 0
124 145 37 23726.8 0 0
124 145 37 23731 0 0
124 145 0 23737.1 0 0
124 145 38 23741.3 0 0
124 145 37 23745.6 0 0
124 145 38 23749.8 0 0
124 145 37 23754 0 0
201 79 35 23796.2 0 0
205 80 35 23800.4 0 0
218 60 34 23804.6 0 0
218 60 0 23808.9 0 0
224 48 33 23813.1 0 0
226 61 33 23817.3 0 0
226 61 0 23821.5 0 0
226 61 0 23825.8 0 0
226 61 0 23830 0 0
221 59 34 23834.2 0 0
221 59 0 23838.4 0 0
221 59 0 23842.7 0 0
221 59 0 23847 0 0
221 59 0 23851.2 0 0
221 59 0 23855.4 0 0
221 59 0 23859.6 0 0
221 59 0 23863.8 0 0
221 59 0 23868 0 0
221 59 0 23872.2 0 0
221 59 0 23876.5 0 0
221 59 0 23880.7 0 0
219 55 34 23884.9 0 0
219 55 0 23889.1 0 0
219 55 0 23893.2 0 0
219 55 0 23897.5 0 0
221 54 33 23901.7 0 0
221 54 0 23906 0 0
223 53 33 23910.2 0 0
220 54 35 23914.4 0 0
220 52 34 23918.6 0 0
220 52 0 23922.8 0 0
222 54 34 23927 0 0
222 54 0 23931.2 0 0
222 54 0 23935.5 0 0
225 55 33 23939.7 0 0
225 52 34 23943.9 0 0
224 51 34 23948.1 0 0
224 51 0 23952.3 0 0
212 72 36 23956.5 0 0
198 79 34 23960.7 0 0
198 79 35 23964.9 0 0
198 79 37 23969.2 0 0
198 79 37 23973.4 0 0
198 79 38 23977.6 0 0
198 79 37 23981.8 0 0
198 79 38 23986 0 0
198 79 38 23990.2 0 0
198 79 38 23994.4 0 0
198 79 39 23998.6 0 0
198 79 37 24002.9 0 0
198 79 38 24007.1 0 0
198 79 38 24011.3 0 0
198 79 38 24015.5 0 0
198 79 38 24019.7 0 0
198 79 39 24023.9 0 0
198 79 39 24028.2 0 0
198 79 0 24032.4 0 0
198 79 38 24036.6 0 0
198 79 38 24040.8 0 0
198 79 40 24045 0 0
198 79 40 24049.2 0 0
198 79 37 24053.4 0 0
198 79 38 24057.6 0 0
198 79 38 24061.9 0 0
198 79 38 24066.1 0 0
198 79 39 24070.3 0 0
198 79 38 24074.5 0 0
198 79 38 24078.7 0 0
198 79 0 24082.9 0 0
198 79 39 24087.2 0 0
198 79 39 24091.4 0 0
198 79 39 24095.6 0 0
198 79 38 24099.8 0 0
198 79 39 24104 0 0
198 79 38 24108.3 0 0
198 79 38 24112.6 0 0
198 79 38 24116.8 0 0
198 79 39 24121.1 0 0
198 79 39 24125.3 0 0
198 79 39 24129.5 0 0
198 79 38 24133.7 0 0
198 79 41 24137.9 0 0
198 79 39 24142.1 0 0
198 79 38 24146.4 0 0
198 79 39 24150.6 0 0
198 79 39 24154.8 0 0
198 79 40 24159 0 0
198 79 39 24163.2 0 0
174 61 41 24842.9 0 0
188 46 41 24847.1 0 0
188 41 40 24851.4 0 0
196 44 41 24855.6 0 0
198 51 39 24859.8 0 0
196 45 40 24864 0 0
199 47 40 24868.2 0 0
199 47 0 24872.4 0 0
193 49 39 24876.6 0 0
192 48 39 24880.8 0 0
192 44 40 24885 0 0
193 45 40 24889.4 0 0
194 45 39 24893.6 0 0
195 44 40 24897.8 0 0
194 46 38 24902 0 0
197 47 39 24906.3 0 0
195 46 39 24910.5 0 0
195 50 39 24914.7 0 0
194 47 39 24918.9 0 0
195 45 38 24923.1 0 0
194 44 40 24927.3 0 0
196 45 38 24931.5 0 0
197 44 40 24935.7 0 0
195 43 38 24939.9 0 0
196 46 40 24944.1 0 0
194 46 38 24948.3 0 0
196 43 39 24952.5 0 0
194 42 39 24956.8 0 0
197 42 39 24961 0 0
193 44 39 24965.2 0 0
196 46 39 24969.4 0 0
195 45 38 24973.6 0 0
196 48 38 24977.8 0 0
195 44 39 24982 0 0
194 42 39 24986.2 0 0
193 47 39 24990.4 0 0
193 45 38 24994.6 0 0
194 49 39 24998.8 0 0
194 44 38 25003.1 0 0
193 42 38 25007.3 0 0
193 47 39 25011.5 0 0
195 47 39 25015.7 0 0
195 44 39 25019.9 0 0
195 45 39 25024.1 0 0
195 46 40 25028.3 0 0
193 43 39 25032.6 0 0
197 44 39 25036.8 0 0
190 41 40 25041 0 0
190 47 40 25045.2 0 0
189 61 40 25049.4 0 0
173 68 40 25054 0 0
173 68 40 25061.5 0 0
157 105 40 25065.8 0 0
157 105 40 25070 0 0
157 105 0 25074.2 0 0
157 105 41 25078.4 0 0
157 105 41 25082.7 0 0
157 105 0 25086.9 0 0
157 105 41 25091.1 0 0
157 105 40 25095.4 0 0
157 105 40 25099.6 0 0
157 105 0 25103.8 0 0
157 105 0 25108 0 0
157 105 40 25112.5 0 0
157 105 40 25116.7 0 0
157 105 41 25121 0 0
157 105 0 25125.2 0 0
157 105 0 25129.4 0 0
157 105 40 25133.6 0 0
157 105 41 25137.8 0 0
157 105 40 25142 0 0
157 105 0 25146.2 0 0
157 105 0 25150.4 0 0
157 105 41 25157.5 0 0
157 105 0 25161.7 0 0
157 105 41 25165.9 0 0
157 105 41 25170.1 0 0
157 105 41 25174.3 0 0
157 105 0 25178.5 0 0
157 105 0 25182.7 0 0
157 105 40 25186.9 0 0
157 105 41 25191.2 0 0
157 105 0 25195.4 0 0
157 105 40 25199.6 0 0
157 105 40 25203.8 0 0
157 105 40 25208 0 0
157 105 40 25212.2 0 0
157 105 40 25216.4 0 0
157 105 0 25220.7 0 0
157 105 0 25224.9 0 0
157 105 40 25229.1 0 0
157 105 41 25233.3 0 0
157 105 40 25237.5 0 0
157 105 40 25241.7 0 0
157 105 40 25246 0 0
157 105 40 25250.2 0 0
157 105 40 25257.4 0 0
178 64 38 26018.6 0 0
202 61 37 26022.8 0 0
199 44 36 26027.8 0 0
206 54 36 26032.1 0 0
207 55 36 26036.3 0 0
203 49 37 26040.5 0 0
200 50 37 26044.7 0 0
200 50 0 26048.9 0 0
200 51 38 26053.1 0 0
201 47 37 26057.3 0 0
201 47 0 26061.6 0 0
201 47 0 26065.8 0 0
199 45 37 26070 0 0
199 45 0 26074.2 0 0
200 47 36 26078.4 0 0
200 49 36 26082.6 0 0
200 49 0 26087 0 0
198 48 36 26091.2 0 0
198 48 36 26095.5 0 0
198 47 37 26099.8 0 0
199 51 36 26104 0 0
195 46 36 26108.2 0 0
196 46 38 26115.2 0 0
198 47 37 26119.5 0 0
200 48 36 26123.7 0 0
200 48 0 26127.9 0 0
199 51 36 26132.1 0 0
199 49 36 26136.3 0 0
203 46 37 26140.5 0 0
199 49 36 26144.7 0 0
199 48 36 26148.9 0 0
200 48 36 26153.2 0 0
199 48 37 26157.4 0 0
196 46 36 26161.6 0 0
196 46 0 26165.8 0 0
196 47 36 26170 0 0
201 49 35 26174.2 0 0
199 49 35 26178.5 0 0
202 46 35 26182.7 0 0
202 44 34 26186.9 0 0
202 44 0 26191.2 0 0
202 44 0 26195.4 0 0
202 48 35 26199.6 0 0
200 49 35 26203.8 0 0
201 49 34 26210.7 0 0
201 47 34 26215.1 0 0
201 47 0 26219.3 0 0
198 47 34 26223.5 0 0
196 53 35 26227.8 0 0
198 53 35 26232 0 0
196 47 34 26236.2 0 0
202 47 34 26240.4 0 0
201 44 35 26244.6 0 0
201 45 34 26248.8 0 0
203 53 36 26253 0 0
203 49 34 26257.2 0 0
200 50 35 26261.4 0 0
200 50 0 26265.6 0 0
204 46 34 26269.8 0 0
204 46 0 26274 0 0
204 46 0 26278.3 0 0
204 46 0 26282.5 0 0
204 46 0 26286.7 0 0
199 45 34 26290.9 0 0
198 46 34 26295.1 0 0
200 47 34 26299.3 0 0
198 47 35 26303.5 0 0
194 52 34 26307.7 0 0
197 46 33 26312.3 0 0
202 51 34 26316.5 0 0
206 49 33 26323.3 0 0
206 49 33 26327.5 0 0
202 49 33 26331.7 0 0
200 46 34 26335.9 0 0
204 49 33 26340.1 0 0
204 49 0 26344.3 0 0
203 51 32 26348.5 0 0
203 48 33 26352.7 0 0
202 48 33 26356.9 0 0
205 53 32 26361.1 0 0
205 53 0 26365.4 0 0
205 53 0 26369.6 0 0
205 53 0 26373.8 0 0
203 54 34 26378 0 0
206 51 33 26382.2 0 0
206 51 0 26386.4 0 0
206 47 33 26390.6 0 0
206 47 0 26394.9 0 0
199 57 34 26399.1 0 0
199 57 0 26403.3 0 0
199 57 0 26407.5 0 0
204 48 32 26411.8 0 0
204 48 0 26416 0 0
208 46 33 26420.2 0 0
208 46 0 26424.4 0 0
208 46 0 26428.6 0 0
208 46 0 26432.8 0 0
208 46 0 26439.7 0 0
208 46 0 26443.9 0 0
208 46 0 26448.1 0 0
208 46 0 26452.3 0 0
203 46 33 26456.6 0 0
203 46 0 26460.8 0 0
203 46 0 26465 0 0
203 46 0 26469.3 0 0
207 45 32 26473.5 0 0
210 38 32 26477.7 0 0
210 38 0 26481.9 0 0
210 38 0 26486.1 0 0
210 38 0 26490.3 0 0
210 38 0 26494.5 0 0
210 38 33 26499.1 0 0
210 38 0 26503.3 0 0
252 77 32 26507.5 0 0
252 77 0 26511.7 0 0
252 77 0 26515.9 0 0
249 62 31 26520.2 0 0
251 64 32 26524.5 0 0
251 64 32 26528.7 0 0
251 64 17 26534 0 0
251 64 32 26538.3 0 0
251 64 32 26542.5 0 0
251 64 31 26546.7 0 0
251 64 0 26550.9 0 0
251 64 0 26555.1 0 0
251 64 0 26559.4 0 0
251 64 29 26563.6 0 0
251 64 0 26567.8 0 0
251 64 0 26572 0 0
251 64 0 26576.2 0 0
251 64 0 26580.4 0 0
251 64 0 26584.6 0 0
251 64 0 26588.9 0 0
251 64 0 26593.1 0 0
251 64 0 26597.4 0 0
251 64 0 26601.6 0 0
251 64 0 26605.8 0 0
251 64 0 26610 0 0
251 64 0 26614.4 0 0
251 64 0 26618.7 0 0
251 64 0 26623 0 0
251 64 27 26627.2 0 0
251 64 0 26631.4 0 0
251 64 0 26635.6 0 0
251 64 0 26639.8 0 0
251 64 0 26644 0 0
251 64 0 26648.2 0 0
176 36 32 26652.5 0 0
162 31 33 26656.7 0 0
158 42 34 26660.9 0 0
158 42 34 26665.1 0 0
124 40 36 26669.3 0 0
124 40 35 26673.5 0 0
124 40 33 26677.8 0 0
124 40 33 26682 0 0
81 20 34 26686.2 0 0
87 35 35 26690.4 0 0
90 33 34 26694.6 0 0
92 32 34 26698.8 0 0
94 32 34 26703 0 0
96 33 34 26707.2 0 0
94 34 34 26711.4 0 0
95 31 34 26715.7 0 0
93 33 35 26719.9 0 0
96 31 35 26724.1 0 0
97 38 34 26728.3 0 0
96 35 35 26732.5 0 0
95 37 35 26736.7 0 0
94 35 34 26740.9 0 0
93 34 34 26745.1 0 0
94 37 35 26749.4 0 0
94 42 34 26753.6 0 0
92 37 34 26757.8 0 0
94 39 34 26762 0 0
92 40 35 26766.2 0 0
92 42 34 26770.4 0 0
92 36 34 26774.6 0 0
91 38 35 26778.9 0 0
93 41 34 26783.1 0 0
91 34 34 26787.3 0 0
91 36 34 26791.5 0 0
91 37 34 26795.7 0 0
91 32 34 26799.9 0 0
91 40 35 26804.1 0 0
91 36 34 26808.4 0 0
91 34 34 26812.6 0 0
89 43 35 26816.8 0 0
90 36 35 26821 0 0
90 37 34 26825.2 0 0
91 36 35 26829.4 0 0
90 37 35 26833.6 0 0
89 34 35 26837.8 0 0
91 39 35 26842 0 0
89 34 34 26846.3 0 0
90 39 35 26850.5 0 0
89 34 34 26854.7 0 0
90 32 35 26858.9 0 0
92 38 35 26863.1 0 0
90 32 36 26867.3 0 0
89 36 35 26871.6 0 0
91 33 34 26875.8 0 0
89 34 35 26880 0 0
89 38 34 26884.2 0 0
91 40 35 26888.4 0 0
89 36 35 26892.6 0 0
89 40 35 26896.8 0 0
92 37 34 26901 0 0
88 36 34 26905.3 0 0
89 36 35 26909.5 0 0
90 34 35 26913.7 0 0
89 33 34 26918.5 0 0
90 37 35 26922.8 0 0
91 71 35 26927 0 0
87 24 36 26931.2 0 0
86 24 36 26935.4 0 0
74 26 35 26939.6 0 0
69 39 35 26943.8 0 0
62 46 35 26948 0 0
61 45 36 26952.2 0 0
59 38 34 26956.5 0 0
60 42 35 26960.7 0 0
60 46 36 26964.9 0 0
62 41 36 26969.2 0 0
62 39 35 26973.4 0 0
60 41 35 26977.6 0 0
62 38 36 26981.8 0 0
62 43 35 26986 0 0
61 42 35 26990.2 0 0
61 39 35 26994.4 0 0
58 43 35 26998.6 0 0
62 36 35 27002.8 0 0
59 37 35 27007 0 0
61 36 37 27011.2 0 0
61 37 34 27015.5 0 0
59 41 36 27019.7 0 0
59 39 35 27026.6 0 0
60 37 35 27030.8 0 0
59 38 35 27035.1 0 0
59 37 35 27039.3 0 0
58 38 35 27043.5 0 0
60 38 36 27047.7 0 0
57 33 36 27062.8 0 0
58 33 34 27067 0 0
56 38 34 27072.5 0 0
50 55 35 27082.7 0 0
33 61 35 27086.9 0 0
33 61 0 27093.3 0 0
38 56 34 27097.5 0 0
38 56 0 27101.8 0 0
41 54 34 27106 0 0
42 50 35 27110.2 0 0
39 55 34 27114.6 0 0
38 56 35 27118.8 0 0
38 55 34 27123.1 0 0
39 57 34 27127.3 0 0
37 56 35 27131.5 0 0
38 57 35 27135.7 0 0
36 56 35 27139.9 0 0
37 57 35 27144.1 0 0
40 57 34 27148.3 0 0
40 53 36 27152.6 0 0
38 58 35 27156.8 0 0
38 58 35 27161 0 0
36 57 35 27165.2 0 0
39 56 35 27169.4 0 0
37 54 35 27173.6 0 0
37 52 34 27180.7 0 0
35 57 35 27188.9 0 0
35 52 35 27197.4 0 0
32 57 35 27205.6 0 0
32 57 35 27213.9 0 0
33 56 0 27221.5 0 0
34 56 34 27225.8 0 0
38 55 35 27230.6 0 0
35 58 35 27234.9 0 0
36 56 34 27239.1 0 0
36 52 35 27243.3 0 0
36 57 34 27247.5 0 0
34 54 36 27251.8 0 0
35 56 35 27256 0 0
36 56 34 27260.2 0 0
35 60 35 27264.7 0 0
36 52 35 27268.9 0 0
34 57 35 27273.2 0 0
37 54 35 27277.4 0 0
37 56 34 27281.6 0 0
38 54 35 27285.8 0 0
37 53 35 27290 0 0
36 53 35 27294.2 0 0
36 51 35 27298.4 0 0
35 52 35 27302.7 0 0
36 54 35 27306.9 0 0
37 56 35 27313.8 0 0
37 52 35 27322.3 0 0
36 55 35 27330.5 0 0
36 55 35 27338.8 0 0
37 56 34 27346.6 0 0
36 53 36 27350.8 0 0
35 53 35 27355.5 0 0
33 48 36 27359.7 0 0
37 58 35 27363.9 0 0
38 55 36 27368.1 0 0
38 53 35 27372.4 0 0
38 53 0 27376.6 0 0
39 52 36 27380.8 0 0
38 52 36 27385 0 0
36 53 36 27389.2 0 0
36 53 0 27393.4 0 0
37 55 35 27397.6 0 0
38 50 36 27401.9 0 0
37 56 36 27406.1 0 0
40 52 36 27410.3 0 0
39 53 35 27414.5 0 0
37 58 35 27418.7 0 0
38 59 37 27422.9 0 0
38 53 36 27427.1 0 0
38 56 35 27431.3 0 0
36 56 36 27435.6 0 0
39 57 37 27439.8 0 0
39 55 35 27444 0 0
39 54 36 27448.2 0 0
38 51 36 27452.4 0 0
36 55 36 27456.7 0 0
36 59 37 27460.9 0 0
34 59 36 27465.1 0 0
46 52 35 27469.3 0 0
46 52 37 27476.4 0 0
46 52 39 27480.6 0 0
46 52 38 27484.8 0 0
46 52 37 27489 0 0
46 52 37 27493.2 0 0
46 52 38 27497.4 0 0
46 52 38 27501.7 0 0
46 52 38 27505.9 0 0
46 52 38 27510 0 0
46 52 38 27514.3 0 0
46 52 39 27518.5 0 0
46 52 38 27522.7 0 0
46 52 37 27526.9 0 0
46 52 38 27531.2 0 0
46 52 37 27535.5 0 0
46 52 38 27539.7 0 0
46 52 38 27543.8 0 0
46 52 37 27548 0 0
46 52 37 27552.3 0 0
46 52 37 27556.6 0 0
46 52 37 27560.8 0 0
46 52 37 27565.3 0 0
46 52 38 27569.5 0 0
46 52 38 27573.7 0 0
46 52 38 27577.9 0 0
46 52 38 27582.2 0 0
46 52 38 27586.4 0 0
46 52 38 27590.6 0 0
46 52 38 27594.8 0 0
46 52 37 27599 0 0
46 52 38 27603.2 0 0
46 52 37 27607.4 0 0
46 52 38 27611.6 0 0
46 52 37 27616.1 0 0
46 52 38 27620.3 0 0
46 52 39 27624.5 0 0
46 52 39 27628.8 0 0
46 52 38 27633 0 0
46 52 39 27637.2 0 0
46 52 39 27641.4 0 0
46 52 38 27645.6 0 0
46 52 38 27649.8 0 0
46 52 38 27654 0 0
46 52 39 27658.2 0 0
46 52 38 27662.5 0 0
46 52 38 27666.7 0 0
46 52 39 27670.8 0 0
46 52 39 27675.1 0 0
83 82 39 27855.2 0 0
83 82 38 27859.4 0 0
83 82 39 27863.6 0 0
83 82 40 27867.8 0 0
83 82 39 27872.1 0 0
83 82 39 27876.3 0 0
83 82 40 27880.5 0 0
83 82 39 27884.7 0 0
83 82 40 27888.9 0 0
83 82 40 27893.1 0 0
88 89 40 27897.3 0 0
88 89 39 27901.5 0 0
88 89 40 27905.7 0 0
88 89 41 27910 0 0
88 89 40 27914.2 0 0
88 89 39 27918.4 0 0
88 89 0 27922.6 0 0
88 89 40 27926.8 0 0
88 89 38 27931 0 0
88 89 0 27935.2 0 0
88 89 38 27939.4 0 0
88 89 38 27943.6 0 0
88 89 39 27950.4 0 0
88 89 38 27954.7 0 0
88 89 38 27959 0 0
88 89 38 27963.2 0 0
88 89 38 27967.4 0 0
88 89 37 27971.6 0 0
88 89 38 27975.8 0 0
88 89 38 27980 0 0
88 89 38 27984.2 0 0
88 89 39 27988.4 0 0
88 89 0 27992.6 0 0
88 89 38 27996.8 0 0
88 89 0 28001 0 0
88 89 37 28005.2 0 0
88 89 37 28009.4 0 0
88 89 37 28013.6 0 0
88 89 38 28017.8 0 0
88 89 38 28022 0 0
88 89 37 28026.3 0 0
88 89 37 28030.5 0 0
88 89 0 28034.7 0 0
88 89 38 28038.9 0 0
88 89 37 28043.1 0 0
88 89 37 28047.3 0 0
88 89 37 28051.5 0 0
88 89 38 28055.7 0 0
88 89 38 28060 0 0
88 89 37 28064.2 0 0
88 89 0 28071.3 0 0
88 89 37 28079.5 0 0
88 89 37 28087.8 0 0
194 42 34 29562.7 0 0
190 39 34 29566.9 0 0
190 39 0 29571.2 0 0
190 39 0 29575.3 0 0
189 33 33 29579.5 0 0
189 33 0 29583.8 0 0
189 33 0 29588 0 0
187 36 33 29592.2 0 0
187 36 0 29596.4 0 0
187 36 0 29600.6 0 0
187 36 0 29604.8 0 0
185 41 34 29609 0 0
187 42 33 29613.5 0 0
187 42 0 29620 0 0
187 44 33 29625.4 0 0
187 44 0 29629.6 0 0
187 44 0 29633.8 0 0
189 41 33 29640.7 0 0
189 41 0 29649.2 0 0
189 41 0 29657.7 0 0
187 39 34 29665.9 0 0
188 41 34 29674.4 0 0
188 41 34 29682.7 0 0
191 41 34 29690.3 0 0
186 41 34 29694.5 0 0
186 41 0 29699.4 0 0
189 43 35 29703.6 0 0
187 38 35 29707.8 0 0
185 40 35 29712 0 0
186 38 36 29716.2 0 0
188 40 36 29720.5 0 0
187 41 35 29724.7 0 0
187 42 35 29728.9 0 0
188 42 36 29733.1 0 0
185 42 36 29737.3 0 0
187 42 36 29741.5 0 0
187 42 35 29745.8 0 0
185 39 36 29750 0 0
187 41 35 29754.2 0 0
189 44 35 29758.4 0 0
189 44 0 29762.6 0 0
188 41 35 29766.8 0 0
189 45 35 29771 0 0
188 41 36 29775.2 0 0
188 41 36 29779.5 0 0
190 43 35 29783.7 0 0
188 42 35 29787.9 0 0
189 41 35 29792.1 0 0
188 39 35 29796.3 0 0
186 40 36 29800.5 0 0
185 44 36 29804.7 0 0
185 44 36 29809 0 0
190 39 36 29815.3 0 0
188 42 35 29819.5 0 0
189 46 35 29823.7 0 0
184 45 36 29827.9 0 0
187 39 36 29832.1 0 0
189 40 35 29836.3 0 0
192 40 36 29840.5 0 0
190 38 35 29844.8 0 0
190 38 0 29849 0 0
200 40 36 29853.2 0 0
201 39 35 29857.5 0 0
201 39 0 29861.7 0 0
201 39 0 29865.9 0 0
201 39 0 29870.1 0 0
201 39 0 29874.3 0 0
201 39 0 29878.5 0 0
201 39 32 29882.8 0 0
201 39 33 29887 0 0
201 39 34 29891.2 0 0
201 39 34 29895.4 0 0
201 39 0 29899.6 0 0
201 39 0 29903.8 0 0
201 39 0 29908 0 0
201 39 34 29912.2 0 0
201 39 0 29916.4 0 0
201 39 0 29920.6 0 0
201 39 0 29924.8 0 0
201 39 34 29929.1 0 0
201 39 0 29933.3 0 0
201 39 0 29937.5 0 0
201 39 30 29941.7 0 0
201 39 0 29945.9 0 0
201 39 0 29950.1 0 0
201 39 0 29954.3 0 0
201 39 0 29958.5 0 0
201 39 0 29962.8 0 0
201 39 0 29967.2 0 0
201 39 0 29971.4 0 0
201 39 0 29975.6 0 0
201 39 0 29979.8 0 0
201 39 0 29984 0 0
201 39 0 29988.2 0 0
201 39 0 29992.4 0 0
201 39 0 29996.6 0 0
201 39 0 30000.8 0 0
201 39 0 30005 0 0
201 39 0 30009.2 0 0
201 39 0 30013.5 0 0
201 39 0 30017.6 0 0
201 39 0 30021.9 0 0
201 39 0 30026.1 0 0
201 39 0 30030.3 0 0
201 39 0 30034.6 0 0
201 39 0 30038.8 0 0
201 39 0 30043 0 0
201 39 0 30047.2 0 0
201 39 0 30051.4 0 0
201 39 0 30055.6 0 0
236 67 33 31383.8 0 0
231 64 33 31388 0 0
225 58 32 31392.2 0 0
225 58 0 31396.7 0 0
225 58 0 31400.9 0 0
228 56 32 31405.2 0 0
224 62 34 31409.4 0 0
224 62 0 31413.6 0 0
222 55 34 31417.8 0 0
225 59 33 31422 0 0
225 59 0 31426.2 0 0
224 58 33 31430.5 0 0
226 56 35 31434.7 0 0
222 58 33 31438.9 0 0
223 62 34 31443.1 0 0
223 62 0 31447.3 0 0
224 63 33 31451.5 0 0
221 58 34 31455.7 0 0
223 61 34 31459.9 0 0
228 58 34 31464.2 0 0
228 58 0 31468.4 0 0
228 58 0 31472.6 0 0
223 59 34 31476.9 0 0
225 59 35 31481.1 0 0
225 59 0 31485.3 0 0
226 58 33 31489.5 0 0
219 56 33 31493.7 0 0
219 56 0 31497.9 0 0
219 56 0 31502.1 0 0
219 56 0 31506.3 0 0
221 50 32 31510.5 0 0
227 65 31 31514.7 0 0
226 64 34 31519 0 0
225 65 33 31523.2 0 0
225 65 0 31527.5 0 0
223 62 32 31531.7 0 0
221 61 33 31535.9 0 0
223 65 33 31540.1 0 0
225 60 33 31544.3 0 0
221 60 33 31548.5 0 0
223 66 33 31552.7 0 0
223 61 33 31556.9 0 0
223 61 0 31561.2 0 0
226 63 32 31565.5 0 0
224 64 34 31569.7 0 0
224 64 0 31573.9 0 0
224 59 33 31578.1 0 0
219 60 34 31582.3 0 0
227 56 33 31586.5 0 0
223 56 33 31590.7 0 0
223 59 33 31595 0 0
226 60 33 31599.2 0 0
224 59 34 31603.4 0 0
225 65 34 31607.6 0 0
225 63 33 31611.8 0 0
225 60 34 31616 0 0
226 60 33 31620.2 0 0
229 57 33 31624.4 0 0
226 58 33 31628.6 0 0
226 58 0 31632.8 0 0
222 59 34 31637 0 0
223 58 32 31641.2 0 0
225 57 34 31645.5 0 0
227 60 33 31649.7 0 0
227 60 0 31653.9 0 0
227 60 0 31658.1 0 0
229 60 34 31662.4 0 0
229 60 33 31666.6 0 0
229 60 0 31670.8 0 0
229 60 0 31675 0 0
232 63 33 31679.2 0 0
235 60 34 31683.4 0 0
228 59 35 31687.7 0 0
233 59 34 31691.9 0 0
234 60 34 31696.1 0 0
229 57 34 31700.3 0 0
232 60 35 31704.5 0 0
235 59 34 31708.7 0 0
231 61 34 31712.9 0 0
231 61 34 31717.1 0 0
236 62 34 31721.3 0 0
236 62 0 31725.5 0 0
232 60 34 31729.8 0 0
235 61 34 31734 0 0
234 67 35 31738.2 0 0
236 60 34 31742.4 0 0
235 62 34 31746.6 0 0
236 60 34 31750.8 0 0
233 61 35 31755 0 0
237 66 35 31759.2 0 0
236 64 35 31763.5 0 0
236 64 0 31767.6 0 0
232 57 34 31771.9 0 0
227 54 36 31776.1 0 0
227 54 34 31780.3 0 0
227 54 0 31784.5 0 0
227 54 0 31788.7 0 0
227 54 0 31792.9 0 0
227 54 0 31797.1 0 0
227 54 0 31801.3 0 0
227 54 0 31805.5 0 0
227 54 0 31809.8 0 0
227 54 0 31814 0 0
227 54 0 31818.2 0 0
227 54 0 31822.4 0 0
227 54 0 31826.6 0 0
227 54 0 31830.8 0 0
227 54 0 31835 0 0
227 54 0 31839.2 0 0
227 54 0 31843.5 0 0
227 54 0 31847.7 0 0
227 54 0 31851.9 0 0
227 54 0 31856.1 0 0
227 54 0 31860.3 0 0
227 54 0 31864.6 0 0
227 54 0 31868.8 0 0
227 54 0 31873 0 0
227 54 0 31877.2 0 0
227 54 0 31881.4 0 0
227 54 0 31885.6 0 0
227 54 0 31889.8 0 0
227 54 0 31894 0 0
227 54 0 31898.3 0 0
227 54 0 31902.5 0 0
227 54 0 31906.7 0 0
227 54 35 31911 0 0
227 54 0 31915.2 0 0
227 54 0 31919.4 0 0
227 54 0 31923.6 0 0
227 54 0 31927.8 0 0
227 54 0 31932 0 0
227 54 0 31936.2 0 0
227 54 0 31940.5 0 0
227 54 0 31944.7 0 0
227 54 0 31948.9 0 0
227 54 0 31953.1 0 0
227 54 37 31957.3 0 0
227 54 36 31961.5 0 0
227 54 36 31965.8 0 0
227 54 36 31970 0 0
227 54 0 31974.2 0 0
186 82 39 32330.7 0 0
190 76 38 32334.9 0 0
190 76 38 32339.1 0 0
200 41 38 32343.3 0 0
200 45 38 32347.5 0 0
181 50 38 32351.8 0 0
181 50 38 32356 0 0
181 50 37 32360.2 0 0
181 50 38 32364.4 0 0
181 50 38 32368.6 0 0
181 50 0 32372.9 0 0
181 50 38 32377.1 0 0
181 50 37 32381.3 0 0
181 50 38 32385.5 0 0
181 50 38 32389.7 0 0
181 50 38 32393.9 0 0
181 50 38 32398.1 0 0
181 50 38 32402.3 0 0
181 50 38 32409.1 0 0
181 50 0 32413.3 0 0
181 50 36 32417.6 0 0
181 50 37 32421.8 0 0
192 52 37 32426 0 0
192 53 37 32430.2 0 0
196 55 37 32434.4 0 0
193 50 36 32438.6 0 0
193 50 37 32442.8 0 0
193 50 36 32447 0 0
198 46 37 32451.2 0 0
192 48 37 32455.4 0 0
195 44 36 32459.7 0 0
193 49 36 32463.9 0 0
194 46 37 32468.1 0 0
194 46 0 32472.3 0 0
194 46 0 32476.5 0 0
194 46 36 32480.8 0 0
192 46 37 32485 0 0
191 45 37 32489.2 0 0
191 47 36 32493.4 0 0
194 46 37 32497.6 0 0
192 47 37 32501.8 0 0
194 44 37 32506 0 0
192 44 36 32510.2 0 0
194 46 38 32514.4 0 0
194 47 37 32518.7 0 0
195 45 36 32522.9 0 0
188 48 36 32527.1 0 0
191 49 36 32531.3 0 0
193 43 35 32535.5 0 0
192 45 0 32539.7 0 0
191 51 37 32543.9 0 0
193 48 36 32548.1 0 0
194 46 37 32552.3 0 0
190 48 36 32556.6 0 0
189 46 36 32560.8 0 0
196 45 36 32565 0 0
189 50 36 32569.2 0 0
192 48 36 32573.4 0 0
192 49 36 32577.6 0 0
192 45 36 32581.9 0 0
189 44 36 32586.1 0 0
193 46 35 32590.3 0 0
188 42 36 32594.8 0 0
192 51 36 32599 0 0
190 49 35 32603.2 0 0
190 54 36 32607.4 0 0
194 52 36 32611.6 0 0
188 47 36 32615.8 0 0
185 46 36 32620.1 0 0
190 53 36 32624.3 0 0
191 47 36 32628.5 0 0
191 49 36 32632.7 0 0
192 51 35 32636.9 0 0
188 52 35 32641.1 0 0
193 46 37 32645.5 0 0
190 48 35 32649.7 0 0
188 50 35 32653.9 0 0
189 48 35 32658.2 0 0
192 47 35 32662.4 0 0
190 46 35 32666.6 0 0
192 50 35 32670.8 0 0
188 40 36 32675 0 0
191 45 35 32679.2 0 0
193 38 35 32683.5 0 0
193 38 0 32687.7 0 0
193 38 0 32691.9 0 0
193 38 0 32696.1 0 0
193 38 35 32700.3 0 0
193 38 37 32704.5 0 0
193 38 0 32708.7 0 0
193 38 36 32713 0 0
193 38 36 32717.2 0 0
193 38 0 32721.4 0 0
193 38 0 32725.6 0 0
193 38 0 32729.8 0 0
193 38 34 32734 0 0
193 38 35 32738.2 0 0
193 38 35 32742.4 0 0
193 38 0 32746.6 0 0
193 38 35 32750.9 0 0
193 38 0 32755.1 0 0
193 38 0 32759.3 0 0
193 38 35 32763.5 0 0
193 38 35 32767.7 0 0
193 38 34 32771.9 0 0
193 38 0 32776.1 0 0
193 38 0 32781.3 0 0
193 38 34 32785.5 0 0
193 38 0 32789.7 0 0
193 38 35 32793.9 0 0
193 38 34 32798.1 0 0
193 38 0 32802.3 0 0
193 38 34 32806.5 0 0
193 38 0 32810.7 0 0
193 38 34 32815 0 0
193 38 35 32819.2 0 0
193 38 36 32823.4 0 0
193 38 0 32827.6 0 0
193 38 0 32831.8 0 0
193 38 0 32836 0 0
193 38 0 32840.5 0 0
193 38 0 32844.8 0 0
193 38 0 32849 0 0
193 38 0 32853.2 0 0
193 38 0 32857.4 0 0
193 38 0 32861.6 0 0
193 38 0 32865.8 0 0
193 38 0 32870 0 0
193 38 0 32874.4 0 0
193 38 0 32878.6 0 0
193 38 0 32882.8 0 0
126 108 38 33058.8 0 0
126 108 37 33063 0 0
126 108 39 33067.2 0 0
126 108 37 33071.4 0 0
126 108 37 33075.6 0 0
126 108 37 33079.8 0 0
126 108 37 33084 0 0
126 108 37 33088.2 0 0
126 108 37 33092.5 0 0
126 108 37 33096.7 0 0
126 108 38 33100.9 0 0
126 108 37 33105.1 0 0
126 108 38 33109.3 0 0
126 108 37 33113.6 0 0
126 108 38 33117.8 0 0
126 108 37 33122 0 0
126 108 37 33126.2 0 0
126 108 38 33130.4 0 0
126 108 37 33134.6 0 0
126 108 37 33138.8 0 0
126 108 37 33143 0 0
126 108 37 33150.2 0 0
126 108 37 33158.5 0 0
126 108 37 33166.9 0 0
126 108 38 33174.7 0 0
126 108 37 33178.9 0 0
126 108 38 33183.4 0 0
126 108 37 33187.7 0 0
126 108 37 33191.9 0 0
126 108 37 33196.1 0 0
126 108 37 33200.3 0 0
126 108 37 33204.5 0 0
126 108 36 33208.8 0 0
126 108 37 33213 0 0
126 108 36 33217.2 0 0
126 108 36 33221.4 0 0
126 108 37 33225.6 0 0
126 108 37 33229.8 0 0
126 108 36 33234 0 0
126 108 37 33238.2 0 0
126 108 37 33242.4 0 0
126 108 37 33246.6 0 0
126 108 37 33250.9 0 0
126 108 37 33255.1 0 0
86 89 40 33908.3 0 0
86 89 39 33912.6 0 0
74 60 39 33916.8 0 0
75 71 39 33921 0 0
78 71 39 33925.2 0 0
83 58 40 33929.4 0 0
85 65 39 33933.6 0 0
85 67 40 33937.8 0 0
83 68 39 33942.1 0 0
83 76 39 33946.2 0 0
77 84 39 33950.5 0 0
79 79 40 33954.7 0 0
75 78 39 33958.9 0 0
81 82 40 33963.1 0 0
78 82 39 33967.3 0 0
76 82 38 33971.7 0 0
76 82 0 33975.9 0 0
76 85 38 33982.6 0 0
76 80 39 33986.9 0 0
77 84 38 33991.1 0 0
77 83 38 33995.4 0 0
78 82 38 33999.6 0 0
86 77 39 34003.8 0 0
85 73 38 34008 0 0
85 73 38 34012.2 0 0
80 67 38 34016.4 0 0
87 73 38 34020.6 0 0
78 62 39 34024.8 0 0
88 72 38 34029.1 0 0
76 63 38 34033.3 0 0
76 83 38 34037.5 0 0
76 86 38 34041.7 0 0
76 82 39 34045.9 0 0
83 70 39 34050.1 0 0
86 77 39 34054.3 0 0
85 73 38 34058.5 0 0
84 74 38 34062.8 0 0
76 83 38 34067 0 0
89 74 38 34071.2 0 0
89 74 0 34075.4 0 0
78 82 38 34079.6 0 0
79 82 39 34083.8 0 0
80 82 38 34088 0 0
74 82 38 34092.2 0 0
78 84 38 34096.5 0 0
82 85 38 34100.7 0 0
84 73 39 34104.9 0 0
87 75 38 34111.8 0 0
84 74 38 34116 0 0
82 75 39 34120.2 0 0
88 78 38 34124.4 0 0
88 70 39 34128.7 0 0
85 73 38 34132.9 0 0
86 71 38 34137.1 0 0
85 74 38 34141.3 0 0
83 78 38 34145.6 0 0
85 77 38 34149.8 0 0
86 74 38 34154 0 0
84 75 39 34158.2 0 0
85 73 39 34162.5 0 0
85 78 39 34166.7 0 0
88 68 38 34170.9 0 0
88 68 0 34175.2 0 0
88 68 0 34179.4 0 0
87 71 38 34183.7 0 0
87 73 38 34187.9 0 0
87 68 38 34192.1 0 0
87 73 38 34196.3 0 0
86 68 38 34200.5 0 0
88 68 0 34204.7 0 0
85 71 38 34211.6 0 0
73 57 38 34219.9 0 0
83 66 38 34228.4 0 0
85 74 37 34236.6 0 0
85 74 37 34245.1 0 0
78 69 37 34252.8 0 0
88 72 37 34257 0 0
85 70 37 34261.6 0 0
75 57 39 34265.8 0 0
83 67 37 34270 0 0
85 70 38 34274.2 0 0
87 71 38 34278.5 0 0
88 65 37 34282.7 0 0
88 70 37 34286.9 0 0
85 64 37 34291.1 0 0
76 56 37 34295.3 0 0
84 67 37 34299.5 0 0
83 61 37 34303.7 0 0
83 60 37 34308 0 0
78 61 37 34312.2 0 0
88 82 38 34316.4 0 0
88 82 0 34320.6 0 0
84 43 37 34324.8 0 0
84 43 34 34329 0 0
84 43 0 34333.2 0 0
84 43 0 34337.4 0 0
84 43 0 34344.3 0 0
84 43 0 34348.6 0 0
84 43 0 34352.8 0 0
84 43 0 34357 0 0
84 43 0 34361.2 0 0
84 43 0 34365.4 0 0
84 43 0 34369.6 0 0
84 43 0 34373.9 0 0
84 43 0 34378.1 0 0
84 43 0 34382.3 0 0
84 43 0 34386.5 0 0
84 43 0 34390.7 0 0
84 43 0 34395 0 0
84 43 0 34399.3 0 0
84 43 0 34403.5 0 0
84 43 0 34407.7 0 0
84 43 0 34411.9 0 0
84 43 0 34416.1 0 0
84 43 0 34420.3 0 0
84 43 0 34424.5 0 0
84 43 0 34428.8 0 0
84 43 0 34433 0 0
84 43 0 34437.2 0 0
84 43 0 34441.4 0 0
84 43 0 34448.5 0 0
84 43 0 34455.9 0 0
84 43 0 34460.2 0 0
84 43 0 34465.4 0 0
84 43 0 34469.7 0 0
84 43 0 34473.9 0 0
84 43 0 34478.1 0 0
84 43 28 34482.3 0 0
84 43 0 34486.5 0 0
84 43 25 34490.7 0 0
84 43 0 34494.9 0 0
84 43 0 34499.1 0 0
84 43 0 34503.3 0 0
84 43 0 34507.6 0 0
84 43 0 34511.8 0 0
84 43 0 34515.9 0 0
84 43 0 34520.2 0 0
84 43 0 34524.4 0 0
26 76 37 34720.6 0 0
32 49 37 34724.8 0 0
37 58 37 34729 0 0
37 58 37 34733.2 0 0
37 58 37 34737.4 0 0
37 58 37 34741.7 0 0
37 58 38 34746 0 0
37 58 37 34750.2 0 0
37 58 38 34757.1 0 0
37 58 38 34761.3 0 0
37 58 37 34765.5 0 0
37 58 38 34769.8 0 0
37 58 38 34774 0 0
37 58 37 34778.2 0 0
37 58 38 34782.4 0 0
37 58 38 34786.6 0 0
37 58 37 34790.8 0 0
37 58 0 34795 0 0
37 58 36 34799.2 0 0
37 58 36 34803.5 0 0
37 58 38 34807.7 0 0
37 58 37 34811.9 0 0
37 58 37 34816.1 0 0
37 58 37 34820.3 0 0
35 61 37 34824.5 0 0
35 61 0 34828.7 0 0
35 61 37 34832.9 0 0
35 61 37 34837.2 0 0
37 59 37 34841.4 0 0
37 59 37 34845.6 0 0
39 54 37 34849.8 0 0
41 58 38 34854.1 0 0
37 50 38 34861.2 0 0
37 54 37 34869.5 0 0
41 56 38 34877.7 0 0
41 56 38 34886.2 0 0
43 53 37 34893.5 0 0
43 56 38 34897.8 0 0
43 49 37 34902.7 0 0
40 51 38 34906.9 0 0
40 53 38 34911.2 0 0
40 53 0 34915.4 0 0
42 54 37 34919.6 0 0
39 54 37 34923.8 0 0
40 54 38 34928 0 0
40 54 0 34932.2 0 0
40 55 39 34936.4 0 0
39 57 38 34940.8 0 0
41 55 37 34945 0 0
42 55 38 34949.2 0 0
25 29 49 34953.4 0 0
25 29 0 34957.6 0 0
42 53 38 34961.8 0 0
38 56 38 34966 0 0
40 52 39 34970.2 0 0
34 51 38 34974.4 0 0
36 63 38 34978.7 0 0
36 58 38 34982.8 0 0
32 58 38 34987.1 0 0
32 58 0 34991.3 0 0
32 58 37 34995.5 0 0
32 58 0 34999.7 0 0
32 58 39 35006.6 0 0
32 58 38 35010.8 0 0
32 58 0 35015 0 0
32 58 38 35019.2 0 0
32 58 38 35023.6 0 0
32 58 38 35027.8 0 0
32 58 38 35032 0 0
32 58 38 35036.2 0 0
32 58 38 35040.4 0 0
32 58 38 35044.6 0 0
32 58 38 35051.4 0 0
32 58 38 35058.1 0 0
32 58 38 35062.5 0 0
32 58 37 35069.1 0 0
32 58 38 35073.3 0 0
32 58 38 35077.5 0 0
32 58 38 35081.7 0 0
32 58 38 35085.9 0 0
32 58 38 35090.2 0 0
32 58 39 35094.4 0 0
32 58 37 35098.6 0 0
32 58 38 35102.8 0 0
32 58 37 35107 0 0
32 58 38 35111.2 0 0
32 58 39 35115.4 0 0
32 58 38 35119.6 0 0
32 58 37 35124.2 0 0
32 58 38 35128.4 0 0
32 58 38 35132.6 0 0
32 58 38 35136.8 0 0
32 58 37 35143.4 0 0
32 58 38 35147.7 0 0
32 58 37 35152.2 0 0
32 58 38 35156.5 0 0
32 58 38 35160.7 0 0
32 58 37 35164.9 0 0
32 58 38 35169.1 0 0
32 58 38 35173.3 0 0
32 58 38 35177.6 0 0
32 58 38 35181.8 0 0
32 58 38 35186.6 0 0
50 45 36 35867.3 0 0
48 49 36 35871.6 0 0
41 39 37 35875.8 0 0
39 50 36 35880 0 0
32 57 37 35884.2 0 0
35 61 36 35888.4 0 0
34 60 37 35892.6 0 0
36 61 37 35896.8 0 0
38 62 36 35901 0 0
35 55 38 35905.2 0 0
35 55 0 35909.5 0 0
35 61 36 35913.7 0 0
32 63 36 35918 0 0
37 59 36 35922.2 0 0
34 57 37 35926.4 0 0
32 59 37 35930.6 0 0
33 57 37 35934.8 0 0
31 63 37 35939.1 0 0
34 60 36 35943.3 0 0
33 65 36 35947.5 0 0
34 54 37 35951.7 0 0
35 59 36 35955.9 0 0
35 59 0 35960.2 0 0
35 59 0 35964.4 0 0
34 59 37 35968.6 0 0
33 58 37 35972.8 0 0
34 65 37 35977 0 0
33 61 37 35981.2 0 0
32 62 36 35985.4 0 0
34 59 36 35989.7 0 0
35 61 37 35993.9 0 0
33 60 37 35998.3 0 0
33 60 0 36002.5 0 0
34 61 36 36006.7 0 0
38 63 37 36010.9 0 0
36 60 37 36015.1 0 0
34 65 36 36019.3 0 0
37 63 37 36023.5 0 0
33 61 37 36027.8 0 0
34 62 36 36032 0 0
34 62 0 36036.2 0 0
33 60 37 36040.4 0 0
34 65 36 36044.6 0 0
33 64 37 36048.8 0 0
35 61 37 36053.1 0 0
37 63 37 36060.1 0 0
38 64 37 36064.3 0 0
33 63 38 36068.5 0 0
36 62 37 36072.7 0 0
36 66 36 36077.1 0 0
33 61 37 36081.3 0 0
34 63 37 36085.5 0 0
32 67 37 36089.8 0 0
32 67 36 36094 0 0
34 69 37 36098.2 0 0
36 67 37 36102.4 0 0
36 67 0 36106.6 0 0
34 64 37 36110.8 0 0
36 63 37 36115 0 0
33 61 37 36119.2 0 0
37 58 36 36123.9 0 0
36 61 37 36128.1 0 0
39 56 37 36135 0 0
48 50 37 36139.2 0 0
57 28 38 36143.4 0 0
57 28 39 36147.6 0 0
57 28 0 36151.8 0 0
57 28 39 36156 0 0
57 28 39 36160.4 0 0
57 28 39 36164.6 0 0
57 28 39 36168.8 0 0
57 28 38 36173 0 0
57 28 39 36177.2 0 0
57 28 38 36181.4 0 0
57 28 38 36185.7 0 0
57 28 38 36189.9 0 0
57 28 39 36194.1 0 0
57 28 39 36198.3 0 0
57 28 39 36202.5 0 0
57 28 38 36206.7 0 0
57 28 39 36210.9 0 0
57 28 39 36215.1 0 0
57 28 38 36219.4 0 0
57 28 38 36226.4 0 0
57 28 38 36234.9 0 0
57 28 38 36243.1 0 0
57 28 39 36251.4 0 0
57 28 38 36259.8 0 0
57 28 38 36267.9 0 0
57 28 38 36276.3 0 0
57 28 38 36284.1 0 0
57 28 39 36288.3 0 0
57 28 38 36293.1 0 0
57 28 40 36297.3 0 0
57 28 39 36301.5 0 0
57 28 39 36305.7 0 0
57 28 38 36309.9 0 0
57 28 39 36314.1 0 0
57 28 38 36318.3 0 0
57 28 37 36322.6 0 0
77 126 35 36326.8 0 0
77 126 0 36331 0 0
77 126 0 36335.2 0 0
77 126 0 36339.5 0 0
77 126 0 36343.7 0 0
77 126 0 36347.9 0 0
77 126 0 36354.8 0 0
77 126 0 36362.2 0 0
77 126 0 36366.4 0 0
77 126 0 36371.8 0 0
77 126 0 36376 0 0
77 126 0 36380.2 0 0
77 126 0 36384.5 0 0
77 126 0 36388.7 0 0
77 126 0 36392.9 0 0
77 126 0 36397.1 0 0
77 126 0 36401.3 0 0
77 126 34 36405.5 0 0
77 126 38 36409.7 0 0
77 126 0 36414 0 0
77 126 37 36418.2 0 0
77 126 36 36422.4 0 0
77 126 37 36426.6 0 0
77 126 36 36430.8 0 0
77 126 37 36435.1 0 0
77 126 37 36439.3 0 0
77 126 37 36443.5 0 0
77 126 37 36447.7 0 0
77 126 38 36451.9 0 0
77 126 37 36456.1 0 0
77 126 37 36460.3 0 0
77 126 38 36464.6 0 0
77 126 37 36468.8 0 0
77 126 0 36473 0 0
77 126 37 36477.2 0 0
77 126 37 36481.4 0 0
77 126 38 36485.6 0 0
77 126 0 36489.8 0 0
77 126 37 36494 0 0
77 126 37 36501.1 0 0
77 126 37 36505.3 0 0
77 126 37 36509.5 0 0
77 126 37 36513.8 0 0
77 126 0 36517.9 0 0
77 126 37 36522.2 0 0
77 126 37 36526.4 0 0
127 159 44 39336.7 0 0
128 152 46 39349.4 0 0
129 153 45 39353.6 0 0
128 153 45 39357.8 0 0
128 152 45 39362 0 0
129 155 45 39366.2 0 0
127 157 46 39387.3 0 0
129 157 46 39391.5 0 0
130 155 46 39395.7 0 0
116 164 47 39413.3 0 0
128 160 45 39417.5 0 0
130 160 45 39421.7 0 0
128 160 45 39430.1 0 0
127 160 45 39434.4 0 0
128 160 47 39438.6 0 0
129 164 45 39451.2 0 0
129 163 45 39463.9 0 0
127 167 46 39468.1 0 0
129 165 46 39472.4 0 0
121 167 44 39480.8 0 0
120 169 46 39485 0 0
127 163 45 39493.5 0 0
128 164 45 39497.7 0 0
127 163 46 39506.1 0 0
128 161 44 39510.3 0 0
129 160 44 39518.7 0 0
124 163 44 39522.9 0 0
123 165 45 39527.2 0 0
130 154 48 39531.4 0 0
126 161 45 39539.8 0 0
128 160 45 39544 0 0
124 160 45 39548.2 0 0
130 157 46 39569.7 0 0
126 158 45 39578.1 0 0
126 157 44 39582.3 0 0
126 159 44 39586.5 0 0
130 155 44 39590.7 0 0
126 161 45 39594.9 0 0
129 155 48 39603.3 0 0
121 164 47 39611.7 0 0
130 164 48 39632.8 0 0
127 172 49 39637 0 0
126 178 49 39650 0 0
130 180 50 39666.9 0 0
122 187 51 39679.5 0 0
129 188 50 39688 0 0
125 192 50 39692.2 0 0
126 191 50 39696.4 0 0
126 191 47 39700.6 0 0
119 182 45 39704.8 0 0
119 182 0 39709 0 0
119 182 0 39713.2 0 0
119 182 0 39717.5 0 0
119 182 0 39721.8 0 0
119 182 0 39726 0 0
119 182 0 39730.2 0 0
119 182 0 39734.4 0 0
119 182 0 39738.6 0 0
119 182 0 39742.8 0 0
119 182 33 39747 0 0
119 182 0 39751.2 0 0
119 182 0 39755.5 0 0
119 182 0 39759.7 0 0
119 182 0 39763.9 0 0
119 182 0 39768.1 0 0
119 182 0 39772.3 0 0
119 182 0 39776.5 0 0
119 182 0 39780.7 0 0
119 182 0 39784.9 0 0
119 182 0 39789.1 0 0
119 182 0 39793.3 0 0
119 182 0 39797.5 0 0
119 182 0 39801.8 0 0
119 182 0 39806 0 0
119 182 42 39810.2 0 0
119 182 0 39814.4 0 0
119 182 43 39818.7 0 0
119 182 0 39822.9 0 0
119 182 45 39827.1 0 0
119 182 44 39831.3 0 0
119 182 0 39835.5 0 0
119 182 0 39839.8 0 0
119 182 43 39844 0 0
119 182 0 39848.2 0 0
119 182 46 39852.4 0 0
119 182 47 39856.6 0 0
119 182 44 39860.8 0 0
119 182 0 39865 0 0
119 182 47 39869.2 0 0
119 182 46 39873.4 0 0
119 182 46 39877.7 0 0
119 182 0 39881.9 0 0
119 182 0 39886.1 0 0
119 182 0 39890.3 0 0
119 182 0 39894.5 0 0
119 182 0 39898.7 0 0
119 182 0 39902.9 0 0
119 182 0 39907.1 0 0
66 225 47 39995.9 0 0
65 227 38 40000.1 0 0
61 227 47 40004.3 0 0
66 222 45 40008.6 0 0
78 183 43 40012.8 0 0
73 159 45 40017 0 0
67 218 45 40021.2 0 0
65 220 46 40025.4 0 0
63 219 44 40029.6 0 0
77 206 46 40033.8 0 0
69 213 44 40038 0 0
71 206 45 40042.2 0 0
71 208 46 40046.4 0 0
71 208 45 40050.6 0 0
67 208 46 40054.8 0 0
69 206 46 40059.1 0 0
67 213 47 40063.3 0 0
70 207 46 40067.5 0 0
68 209 45 40071.7 0 0
68 209 48 40075.9 0 0
75 212 45 40080.1 0 0
68 218 46 40084.3 0 0
66 222 46 40088.6 0 0
70 226 37 40092.8 0 0
48 220 43 40097 0 0
67 227 41 40101.2 0 0
66 230 43 40105.4 0 0
66 230 0 40109.6 0 0
66 230 0 40113.8 0 0
66 230 0 40118 0 0
66 230 0 40122.3 0 0
66 230 0 40126.5 0 0
66 230 0 40130.7 0 0
66 230 0 40134.9 0 0
66 230 0 40139.1 0 0
66 230 0 40143.3 0 0
66 230 0 40147.5 0 0
66 230 0 40151.8 0 0
66 230 0 40156 0 0
66 230 0 40160.3 0 0
32 196 42 40286.8 0 0
32 196 0 40291 0 0
34 240 45 40295.2 0 0
28 239 50 40307.9 0 0
30 171 54 40312.1 0 0
26 190 46 40316.3 0 0
26 199 41 40320.5 0 0
31 232 52 40324.7 0 0
9 222 61 40328.9 0 0
34 239 44 40337.4 0 0
34 239 0 40341.6 0 0
30 227 50 40354.2 0 0
28 231 51 40358.6 0 0
31 236 46 40362.8 0 0
27 226 55 40367 0 0
27 226 0 40371.2 0 0
27 226 0 40375.5 0 0
25 230 46 40379.7 0 0
34 219 45 40383.9 0 0
33 212 48 40388.1 0 0
24 205 47 40392.3 0 0
28 214 50 40396.5 0 0
36 220 47 40400.8 0 0
28 214 50 40405 0 0
37 215 49 40409.2 0 0
7 184 46 40413.5 0 0
17 190 48 40417.7 0 0
38 206 50 40421.9 0 0
26 187 57 40426.1 0 0
28 212 52 40430.3 0 0
30 201 53 40434.5 0 0
36 203 50 40438.7 0 0
30 202 48 40442.9 0 0
18 177 47 40447.2 0 0
35 195 50 40451.4 0 0
11 143 48 40455.6 0 0
35 194 49 40460 0 0
28 123 45 40464.2 0 0
39 188 49 40468.4 0 0
34 186 50 40472.7 0 0
36 199 47 40476.9 0 0
31 184 51 40481.1 0 0
28 106 49 40485.3 0 0
22 128 54 40489.5 0 0
11 128 49 40493.8 0 0
11 123 49 40498 0 0
33 109 50 40502.2 0 0
40 104 50 40506.4 0 0
57 120 50 40510.6 0 0
27 104 48 40514.8 0 0
35 157 57 40519.1 0 0
29 165 48 40523.3 0 0
37 183 46 40527.6 0 0
37 183 50 40531.8 0 0
37 183 49 40536 0 0
37 183 50 40540.2 0 0
37 183 50 40544.4 0 0
37 183 51 40548.6 0 0
115 163 45 40552.9 0 0
115 163 45 40557.1 0 0
122 156 41 40561.7 0 0
118 158 41 40568.1 0 0
119 157 40 40572.3 0 0
122 156 42 40576.5 0 0
119 155 42 40580.7 0 0
117 158 41 40585 0 0
119 160 39 40589.2 0 0
119 160 41 40593.4 0 0
119 160 41 40597.6 0 0
119 160 43 40601.8 0 0
119 160 43 40606 0 0
119 160 41 40610.2 0 0
119 160 41 40614.4 0 0
119 160 41 40618.7 0 0
119 160 42 40622.9 0 0
119 160 41 40627.1 0 0
119 160 40 40631.3 0 0
119 160 41 40635.5 0 0
119 160 42 40639.7 0 0
119 160 39 40644 0 0
119 160 41 40648.2 0 0
119 160 41 40652.4 0 0
119 160 41 40656.7 0 0
119 160 42 40660.9 0 0
119 160 40 40665.1 0 0
119 160 40 40672.2 0 0
119 160 41 40676.4 0 0
119 160 41 40680.6 0 0
119 160 39 40684.8 0 0
119 160 39 40689.1 0 0
119 160 40 40693.3 0 0
119 160 40 40697.5 0 0
119 160 40 40701.7 0 0
119 160 40 40705.9 0 0
119 160 40 40710.1 0 0
119 160 39 40714.3 0 0
125 142 40 40718.5 0 0
123 145 39 40722.8 0 0
123 145 40 40727 0 0
123 142 39 40731.2 0 0
119 142 40 40735.4 0 0
117 141 39 40739.7 0 0
122 136 40 40743.9 0 0
126 139 40 40748.1 0 0
125 139 41 40752.3 0 0
117 141 40 40756.5 0 0
119 143 40 40760.7 0 0
123 133 40 40764.9 0 0
123 142 40 40769.1 0 0
115 140 41 40773.4 0 0
118 139 41 40777.6 0 0
120 141 41 40781.8 0 0
118 137 41 40788.8 0 0
118 137 42 40793 0 0
118 137 41 40797.2 0 0
118 137 41 40801.4 0 0
118 140 41 40805.7 0 0
122 139 41 40809.9 0 0
117 140 40 40814.1 0 0
122 143 40 40818.3 0 0
123 138 41 40822.5 0 0
119 140 41 40826.7 0 0
119 140 41 40830.9 0 0
115 143 41 40835.2 0 0
111 135 43 40839.4 0 0
111 135 43 40843.7 0 0
90 120 42 40847.9 0 0
82 113 43 40852.1 0 0
82 113 44 40856.3 0 0
67 110 43 40860.5 0 0
49 96 44 40864.7 0 0
38 57 42 40868.9 0 0
35 60 42 40873.2 0 0
33 59 42 40877.4 0 0
30 61 43 40881.6 0 0
31 59 42 40885.8 0 0
33 59 44 40890 0 0
32 58 42 40894.2 0 0
32 57 42 40898.4 0 0
31 58 42 40902.6 0 0
32 55 42 40906.9 0 0
30 55 42 40911.1 0 0
31 56 42 40917.9 0 0
32 57 42 40922.2 0 0
32 53 43 40926.4 0 0
33 55 42 40930.7 0 0
33 56 42 40934.9 0 0
32 55 43 40939.1 0 0
32 53 44 40943.3 0 0
31 55 43 40947.5 0 0
31 55 44 40951.7 0 0
33 54 43 40955.9 0 0
32 53 43 40960.2 0 0
33 53 43 40964.4 0 0
33 53 43 40968.7 0 0
32 53 43 40972.9 0 0
34 58 43 40977.1 0 0
31 54 42 40981.3 0 0
32 55 43 40985.5 0 0
33 59 42 40989.7 0 0
31 55 43 40993.9 0 0
32 52 43 40998.2 0 0
32 59 43 41002.4 0 0
32 54 42 41006.6 0 0
32 51 44 41010.8 0 0
31 55 43 41015 0 0
34 51 42 41019.2 0 0
32 54 42 41026.3 0 0
31 54 42 41030.8 0 0
33 53 42 41035 0 0
32 55 42 41039.2 0 0
34 54 42 41043.4 0 0
33 54 43 41054.9 0 0
33 57 42 41059.1 0 0
33 54 43 41063.8 0 0
33 56 42 41068 0 0
31 54 42 41072.2 0 0
32 53 42 41076.4 0 0
34 52 42 41080.6 0 0
33 54 41 41084.9 0 0
32 55 42 41089.1 0 0
31 57 42 41093.4 0 0
32 58 43 41097.6 0 0
32 57 42 41101.8 0 0
32 57 43 41106 0 0
30 61 43 41110.2 0 0
31 62 43 41114.4 0 0
30 62 42 41118.6 0 0
30 63 42 41122.8 0 0
30 63 42 41127.1 0 0
30 63 42 41131.3 0 0
29 60 43 41135.5 0 0
31 65 42 41139.7 0 0
30 64 42 41143.9 0 0
29 63 42 41148.1 0 0
30 65 42 41152.3 0 0
29 68 42 41156.5 0 0
37 99 42 41163.7 0 0
37 99 42 41167.9 0 0
37 99 43 41172.1 0 0
37 99 43 41176.4 0 0
37 99 44 41180.6 0 0
37 99 43 41184.8 0 0
37 99 43 41189 0 0
37 99 42 41193.2 0 0
37 99 42 41197.4 0 0
37 99 42 41201.7 0 0
37 99 42 41205.8 0 0
37 99 42 41210.1 0 0
37 99 42 41214.3 0 0
37 99 42 41218.5 0 0
37 99 43 41222.7 0 0
37 99 42 41226.9 0 0
37 99 43 41231.1 0 0
37 99 42 41235.3 0 0
37 99 42 41242.2 0 0
37 99 42 41246.6 0 0
37 99 42 41250.9 0 0
37 99 43 41255.1 0 0
37 99 43 41259.3 0 0
37 99 42 41263.5 0 0
37 99 42 41267.7 0 0
37 99 42 41271.9 0 0
37 99 43 41276.1 0 0
37 99 44 41280.4 0 0
37 99 42 41284.7 0 0
37 99 42 41288.9 0 0
37 99 42 41293.1 0 0
37 99 44 41297.3 0 0
37 99 43 41301.6 0 0
37 99 42 41305.8 0 0
37 99 42 41310 0 0
37 99 43 41314.3 0 0
37 99 43 41318.5 0 0
37 99 43 41322.7 0 0
37 99 43 41329.6 0 0
37 99 42 41338.1 0 0
37 99 43 41346.3 0 0
37 99 43 41354.8 0 0
37 99 43 41362.3 0 0
60 211 44 41785 0 0
64 181 44 41791.9 0 0
64 181 0 41796.1 0 0
60 184 42 41800.3 0 0
62 184 43 41804.5 0 0
63 215 43 41808.8 0 0
60 184 42 41813 0 0
65 183 40 41817.2 0 0
64 188 41 41821.4 0 0
66 194 40 41825.6 0 0
66 194 0 41829.8 0 0
66 194 0 41834 0 0
66 194 0 41838.2 0 0
66 194 0 41842.4 0 0
66 194 0 41846.7 0 0
66 194 0 41850.9 0 0
66 194 0 41855.1 0 0
66 194 0 41859.3 0 0
66 194 0 41863.5 0 0
66 194 0 41867.7 0 0
66 194 0 41871.9 0 0
66 194 0 41876.2 0 0
66 194 0 41880.4 0 0
66 194 0 41884.6 0 0
66 194 0 41888.8 0 0
66 194 0 41893 0 0
66 194 0 41897.2 0 0
66 194 0 41901.4 0 0
