104 165 35 1047.91 0 0
101 167 36 1052.13 0 0
102 164 37 1056.34 0 0
106 156 39 1060.54 0 0
110 150 39 1064.76 0 0
116 137 39 1068.98 0 0
112 138 39 1073.22 0 0
115 133 40 1077.43 0 0
118 134 39 1081.64 0 0
119 127 40 1085.84 0 0
118 128 39 1090.04 0 0
118 130 39 1094.25 0 0
114 132 39 1098.46 0 0
118 132 40 1102.7 0 0
121 127 40 1107.29 0 0
117 131 39 1113.79 0 0
119 132 39 1118.03 0 0
117 131 39 1122.23 0 0
117 132 39 1126.46 0 0
115 139 39 1130.68 0 0
114 139 40 1134.93 0 0
119 129 39 1139.15 0 0
116 132 40 1143.35 0 0
120 127 39 1147.55 0 0
116 132 39 1151.75 0 0
114 136 39 1155.95 0 0
116 139 39 1160.17 0 0
114 133 39 1164.41 0 0
118 129 39 1168.65 0 0
116 132 40 1172.87 0 0
114 133 40 1177.07 0 0
119 131 40 1181.28 0 0
115 137 39 1185.48 0 0
118 136 39 1189.69 0 0
117 132 39 1193.92 0 0
115 135 39 1198.17 0 0
118 133 40 1202.38 0 0
111 139 39 1206.59 0 0
114 134 39 1210.79 0 0
117 129 40 1214.99 0 0
116 137 40 1219.19 0 0
119 129 40 1223.4 0 0
117 134 40 1227.63 0 0
112 137 40 1231.87 0 0
117 131 39 1238.89 0 0
117 135 39 1243.1 0 0
117 132 39 1247.3 0 0
117 136 41 1251.51 0 0
117 130 40 1256 0 0
116 134 40 1260.26 0 0
115 137 40 1264.49 0 0
113 136 40 1268.7 0 0
116 133 40 1272.9 0 0
112 139 40 1277.1 0 0
113 137 40 1281.3 0 0
114 140 40 1285.53 0 0
112 140 41 1289.75 0 0
119 133 40 1293.98 0 0
116 134 40 1298.18 0 0
118 131 40 1302.39 0 0
114 135 40 1306.6 0 0
117 132 41 1310.82 0 0
112 143 40 1315.04 0 0
117 137 41 1319.28 0 0
113 135 41 1326.08 0 0
116 134 41 1330.32 0 0
115 135 40 1334.56 0 0
113 139 41 1338.78 0 0
116 134 41 1343.03 0 0
119 126 40 1347.26 0 0
124 113 41 1351.48 0 0
132 100 41 1355.7 0 0
132 85 41 1359.9 0 0
130 87 41 1364.11 0 0
129 91 41 1368.32 0 0
128 93 41 1372.51 0 0
126 94 42 1376.73 0 0
127 97 41 1380.99 0 0
128 97 42 1385.23 0 0
129 91 42 1389.46 0 0
128 90 42 1393.68 0 0
128 93 41 1397.88 0 0
130 93 42 1402.13 0 0
128 91 42 1406.37 0 0
128 92 41 1410.59 0 0
132 89 42 1414.83 0 0
130 89 42 1419.05 0 0
130 94 42 1426.22 0 0
130 88 42 1434.49 0 0
128 91 42 1442.71 0 0
129 92 41 1450.97 0 0
130 90 42 1459.43 0 0
131 88 43 1467.91 0 0
130 89 43 1476.17 0 0
132 93 42 1484.41 0 0
132 93 42 1492.66 0 0
130 87 42 1500.3 0 0
132 90 42 1504.52 0 0
131 92 42 1509.4 0 0
131 92 41 1513.62 0 0
130 89 42 1517.85 0 0
133 88 42 1522.05 0 0
132 90 42 1526.25 0 0
129 93 42 1530.45 0 0
132 92 42 1534.67 0 0
132 90 42 1538.89 0 0
129 95 42 1543.23 0 0
129 92 42 1547.45 0 0
129 90 42 1551.65 0 0
131 93 43 1555.86 0 0
133 92 42 1560.06 0 0
133 91 42 1564.28 0 0
137 87 42 1568.49 0 0
140 85 42 1572.73 0 0
138 84 42 1576.94 0 0
135 85 42 1581.15 0 0
134 90 42 1585.35 0 0
133 90 43 1589.55 0 0
133 89 42 1593.75 0 0
134 90 42 1597.97 0 0
136 89 42 1602.21 0 0
138 86 42 1607.24 0 0
135 85 42 1613.52 0 0
133 88 41 1617.76 0 0
137 88 41 1621.96 0 0
136 86 42 1626.19 0 0
135 90 41 1630.42 0 0
136 85 42 1634.66 0 0
135 86 41 1638.87 0 0
136 83 41 1643.08 0 0
136 85 41 1647.28 0 0
136 81 41 1651.48 0 0
135 86 41 1655.68 0 0
135 86 41 1659.9 0 0
135 85 41 1664.12 0 0
136 87 41 1668.35 0 0
134 85 41 1672.55 0 0
135 90 41 1676.76 0 0
136 89 40 1680.97 0 0
136 87 40 1685.17 0 0
134 86 40 1689.39 0 0
134 87 41 1693.6 0 0
136 85 41 1697.84 0 0
136 88 40 1702.05 0 0
136 87 41 1706.36 0 0
133 103 39 1710.57 0 0
130 111 39 1717.66 0 0
125 130 39 1721.87 0 0
115 146 39 1726.09 0 0
111 153 39 1730.31 0 0
105 162 38 1734.52 0 0
109 158 39 1738.74 0 0
112 152 38 1742.94 0 0
115 146 38 1747.14 0 0
113 150 38 1752.23 0 0
112 153 39 1756.46 0 0
115 150 38 1763.16 0 0
115 150 38 1767.42 0 0
116 148 37 1771.65 0 0
116 150 38 1775.88 0 0
112 155 39 1780.08 0 0
115 149 38 1784.3 0 0
111 158 38 1788.52 0 0
116 147 37 1792.75 0 0
113 153 37 1796.95 0 0
113 150 37 1801.17 0 0
110 158 37 1805.37 0 0
112 155 38 1809.6 0 0
111 154 37 1813.83 0 0
111 152 37 1818.05 0 0
109 161 37 1822.28 0 0
114 152 37 1826.52 0 0
114 154 37 1830.73 0 0
112 153 37 1834.93 0 0
114 154 37 1839.13 0 0
110 158 37 1843.33 0 0
112 154 37 1847.55 0 0
111 156 37 1851.78 0 0
112 156 37 1856 0 0
112 155 36 1860.23 0 0
114 150 36 1864.43 0 0
110 155 36 1868.64 0 0
113 151 37 1872.84 0 0
112 154 36 1880.02 0 0
113 150 36 1888.05 0 0
109 157 36 1896.5 0 0
112 156 35 1904.98 0 0
111 156 35 1913.23 0 0
111 155 35 1921.49 0 0
111 155 35 1929.73 0 0
107 158 36 1937.78 0 0
111 154 35 1942.01 0 0
114 150 36 1946.45 0 0
113 148 35 1950.68 0 0
113 155 35 1954.9 0 0
111 156 36 1959.1 0 0
109 158 35 1963.3 0 0
121 126 34 1967.5 0 0
124 116 34 1971.72 0 0
128 104 35 1975.94 0 0
129 88 34 1980.16 0 0
129 83 36 1984.36 0 0
129 83 0 1988.57 0 0
130 90 35 1992.77 0 0
134 85 35 1996.97 0 0
135 91 35 2001.2 0 0
126 101 36 2005.42 0 0
129 96 35 2009.66 0 0
131 92 35 2013.87 0 0
129 90 35 2018.08 0 0
132 89 35 2022.28 0 0
128 94 34 2026.48 0 0
132 83 36 2030.7 0 0
129 88 35 2034.92 0 0
131 88 35 2039.14 0 0
131 93 35 2044.8 0 0
128 83 35 2049.02 0 0
131 88 35 2054.61 0 0
132 89 35 2058.84 0 0
130 89 34 2063.09 0 0
130 93 35 2067.31 0 0
129 86 35 2071.58 0 0
131 82 35 2075.8 0 0
130 85 35 2080.01 0 0
130 83 34 2084.21 0 0
132 89 34 2088.41 0 0
130 88 35 2092.61 0 0
132 91 35 2096.83 0 0
129 93 35 2101.04 0 0
129 93 0 2105.26 0 0
129 90 34 2109.47 0 0
131 89 35 2113.69 0 0
132 91 36 2117.91 0 0
135 88 36 2122.12 0 0
135 88 0 2126.34 0 0
141 81 35 2130.57 0 0
145 84 35 2134.81 0 0
140 82 36 2139.03 0 0
140 88 35 2143.27 0 0
141 79 37 2147.47 0 0
142 87 35 2151.67 0 0
142 84 35 2155.87 0 0
142 87 35 2162.98 0 0
143 86 36 2167.25 0 0
143 86 36 2171.47 0 0
141 86 35 2175.68 0 0
140 87 35 2179.88 0 0
145 89 35 2184.08 0 0
141 86 35 2188.29 0 0
141 84 35 2192.51 0 0
142 82 36 2197.1 0 0
141 81 35 2201.34 0 0
143 87 35 2205.54 0 0
142 83 35 2209.75 0 0
140 86 35 2213.95 0 0
141 79 36 2218.15 0 0
140 81 36 2222.39 0 0
141 86 36 2226.63 0 0
144 80 36 2230.86 0 0
143 87 36 2235.07 0 0
139 84 35 2242.14 0 0
139 88 36 2246.34 0 0
143 84 36 2250.58 0 0
141 87 35 2254.81 0 0
141 83 36 2259.05 0 0
140 83 36 2263.28 0 0
144 86 36 2267.49 0 0
144 81 37 2271.72 0 0
143 87 36 2275.91 0 0
142 82 36 2280.11 0 0
143 88 36 2284.36 0 0
138 79 35 2288.58 0 0
141 82 36 2292.8 0 0
140 78 36 2297.01 0 0
141 86 35 2301.22 0 0
141 80 35 2305.43 0 0
141 87 35 2309.66 0 0
142 84 35 2313.88 0 0
145 81 37 2318.1 0 0
141 83 35 2322.33 0 0
138 82 36 2326.55 0 0
141 86 35 2330.75 0 0
140 81 36 2334.96 0 0
137 80 36 2342.05 0 0
141 87 36 2346.27 0 0
142 84 36 2350.48 0 0
142 83 35 2354.7 0 0
144 77 35 2358.92 0 0
144 86 35 2363.14 0 0
140 80 36 2367.34 0 0
141 82 36 2371.57 0 0
144 87 36 2375.8 0 0
140 82 36 2380.02 0 0
140 76 36 2384.25 0 0
143 84 36 2388.47 0 0
140 85 35 2392.69 0 0
144 80 36 2396.89 0 0
145 84 35 2401.09 0 0
145 77 35 2405.29 0 0
147 78 35 2409.5 0 0
137 85 34 2413.72 0 0
143 78 36 2418.3 0 0
142 84 35 2422.52 0 0
143 74 35 2429.47 0 0
139 80 35 2433.68 0 0
140 83 35 2437.89 0 0
141 84 36 2442.1 0 0
140 81 35 2446.34 0 0
142 82 36 2450.57 0 0
142 81 35 2454.79 0 0
142 81 34 2459.07 0 0
143 84 34 2463.27 0 0
137 81 35 2467.48 0 0
146 80 35 2471.69 0 0
138 84 35 2475.91 0 0
140 81 35 2480.13 0 0
140 83 36 2484.34 0 0
141 82 35 2488.55 0 0
142 82 35 2492.75 0 0
139 83 35 2496.95 0 0
143 82 35 2501.16 0 0
141 77 35 2505.39 0 0
139 78 35 2509.63 0 0
143 77 35 2513.85 0 0
142 79 35 2518.07 0 0
141 80 35 2522.27 0 0
141 80 35 2526.48 0 0
139 83 37 2531.6 0 0
138 79 34 2535.82 0 0
140 81 35 2540.07 0 0
139 82 35 2544.29 0 0
143 79 34 2548.5 0 0
140 80 36 2552.7 0 0
145 82 35 2556.93 0 0
143 77 34 2561.13 0 0
140 83 35 2565.34 0 0
141 83 35 2569.57 0 0
143 79 34 2573.79 0 0
139 79 35 2577.99 0 0
141 78 35 2582.2 0 0
141 80 34 2586.4 0 0
143 80 34 2590.6 0 0
144 78 34 2594.81 0 0
141 79 34 2599.03 0 0
143 76 36 2603.28 0 0
138 82 34 2607.52 0 0
143 77 35 2611.73 0 0
142 84 35 2615.93 0 0
141 80 35 2620.13 0 0
143 75 35 2624.33 0 0
141 86 35 2628.55 0 0
142 77 34 2632.78 0 0
138 75 35 2637.02 0 0
143 73 34 2641.23 0 0
138 79 34 2645.43 0 0
140 77 35 2649.63 0 0
144 81 34 2653.83 0 0
141 80 34 2658.04 0 0
142 81 34 2662.26 0 0
141 81 35 2666.49 0 0
141 74 34 2670.75 0 0
144 83 35 2674.99 0 0
140 78 34 2679.22 0 0
141 79 35 2683.42 0 0
141 78 34 2687.62 0 0
141 79 34 2691.83 0 0
142 79 34 2696.07 0 0
139 72 34 2701.48 0 0
142 75 35 2705.7 0 0
145 81 34 2709.9 0 0
142 76 34 2714.11 0 0
135 78 34 2718.31 0 0
123 77 34 2722.53 0 0
106 90 34 2726.75 0 0
86 110 35 2731.12 0 0
71 115 34 2735.33 0 0
61 152 34 2739.54 0 0
50 155 34 2743.74 0 0
40 154 34 2747.94 0 0
36 170 33 2752.17 0 0
33 180 34 2756.39 0 0
31 183 33 2760.62 0 0
33 181 34 2764.82 0 0
35 182 34 2769.04 0 0
36 177 34 2773.24 0 0
35 171 34 2777.44 0 0
34 174 34 2781.64 0 0
33 177 34 2785.85 0 0
35 175 34 2790.09 0 0
32 183 34 2794.31 0 0
34 176 34 2798.52 0 0
35 176 34 2802.73 0 0
35 171 33 2806.95 0 0
34 182 33 2811.18 0 0
36 179 34 2815.41 0 0
35 183 35 2819.63 0 0
35 175 34 2823.86 0 0
35 191 33 2828.07 0 0
36 184 34 2832.27 0 0
36 185 34 2836.47 0 0
35 180 34 2840.68 0 0
35 177 34 2844.89 0 0
33 184 34 2849.11 0 0
37 183 34 2853.34 0 0
37 181 34 2857.55 0 0
35 181 34 2861.76 0 0
34 188 34 2865.96 0 0
37 176 34 2870.16 0 0
36 183 35 2874.37 0 0
34 188 34 2878.61 0 0
37 187 34 2882.83 0 0
39 181 35 2887.07 0 0
36 175 34 2891.31 0 0
35 194 34 2895.53 0 0
37 188 34 2899.73 0 0
35 188 34 2903.93 0 0
36 181 35 2908.14 0 0
36 186 34 2912.36 0 0
36 181 35 2916.59 0 0
39 184 34 2920.81 0 0
37 180 35 2925.02 0 0
37 187 34 2929.22 0 0
37 183 35 2933.42 0 0
37 187 36 2937.62 0 0
36 186 34 2941.83 0 0
35 190 34 2946.08 0 0
37 196 35 2950.3 0 0
37 187 35 2954.52 0 0
35 189 35 2958.72 0 0
35 190 35 2962.92 0 0
38 185 35 2967.12 0 0
35 189 35 2971.33 0 0
35 182 35 2975.55 0 0
37 189 36 2979.77 0 0
39 182 35 2983.98 0 0
36 185 35 2988.19 0 0
39 183 34 2992.41 0 0
37 179 35 2996.61 0 0
37 181 36 3000.82 0 0
35 184 35 3005.05 0 0
35 189 36 3009.29 0 0
36 186 35 3013.53 0 0
37 197 35 3017.74 0 0
37 192 36 3021.94 0 0
39 190 35 3026.14 0 0
37 186 35 3030.35 0 0
38 183 35 3034.56 0 0
36 187 36 3038.78 0 0
40 197 36 3043.01 0 0
42 190 37 3047.22 0 0
49 196 37 3051.42 0 0
55 207 36 3055.63 0 0
60 209 36 3059.83 0 0
62 219 35 3064.06 0 0
64 214 36 3068.27 0 0
61 216 35 3072.51 0 0
61 219 36 3076.73 0 0
60 218 36 3080.95 0 0
62 220 36 3085.15 0 0
62 215 36 3089.35 0 0
61 218 36 3093.55 0 0
62 217 36 3097.77 0 0
62 215 37 3101.99 0 0
60 212 36 3106.22 0 0
63 215 37 3110.44 0 0
61 214 36 3114.64 0 0
62 213 38 3118.86 0 0
62 216 36 3123.06 0 0
63 216 37 3127.27 0 0
63 216 37 3131.49 0 0
61 212 37 3135.72 0 0
62 210 37 3139.95 0 0
61 219 37 3144.15 0 0
62 214 37 3148.4 0 0
65 213 37 3152.6 0 0
62 211 36 3156.8 0 0
62 216 37 3161.02 0 0
63 215 37 3165.31 0 0
62 214 37 3169.54 0 0
62 221 37 3173.75 0 0
61 212 37 3177.95 0 0
63 213 37 3182.15 0 0
62 209 37 3186.35 0 0
61 215 37 3190.58 0 0
60 212 37 3194.8 0 0
63 205 37 3199.03 0 0
64 212 37 3203.24 0 0
61 215 36 3207.45 0 0
63 216 37 3211.66 0 0
61 214 38 3215.85 0 0
62 211 37 3220.06 0 0
63 213 38 3224.28 0 0
61 212 37 3228.53 0 0
62 215 37 3232.75 0 0
62 214 37 3236.99 0 0
62 215 38 3241.19 0 0
62 213 37 3245.4 0 0
61 213 38 3249.6 0 0
63 212 37 3253.81 0 0
61 219 38 3258.04 0 0
63 212 37 3262.28 0 0
61 213 38 3266.48 0 0
61 215 37 3270.7 0 0
63 216 38 3274.9 0 0
62 209 39 3279.1 0 0
61 220 38 3283.33 0 0
61 215 38 3287.55 0 0
62 214 39 3291.78 0 0
64 211 38 3296.04 0 0
61 208 39 3300.26 0 0
62 216 38 3304.47 0 0
63 213 38 3308.82 0 0
61 211 38 3313.05 0 0
62 209 38 3317.26 0 0
62 216 39 3321.5 0 0
63 212 38 3325.72 0 0
63 211 38 3329.93 0 0
63 210 38 3334.13 0 0
63 206 38 3338.33 0 0
62 210 38 3342.53 0 0
64 210 38 3346.75 0 0
63 209 38 3350.97 0 0
63 209 38 3355.2 0 0
63 210 39 3359.42 0 0
64 208 38 3363.62 0 0
62 210 38 3367.82 0 0
63 214 38 3372.03 0 0
63 205 39 3376.24 0 0
62 216 38 3380.45 0 0
61 215 39 3384.68 0 0
61 210 38 3388.9 0 0
63 211 38 3393.11 0 0
64 214 38 3397.31 0 0
63 212 39 3401.56 0 0
63 213 39 3405.76 0 0
63 208 38 3409.98 0 0
63 210 38 3414.21 0 0
64 207 39 3418.44 0 0
63 205 38 3422.65 0 0
62 214 38 3426.86 0 0
63 216 39 3431.08 0 0
63 207 39 3435.3 0 0
64 210 39 3439.51 0 0
62 208 39 3443.73 0 0
63 211 39 3447.97 0 0
62 209 39 3452.18 0 0
63 215 39 3456.39 0 0
61 209 39 3460.59 0 0
64 209 38 3464.79 0 0
62 211 39 3469.02 0 0
62 212 39 3473.23 0 0
63 211 39 3477.47 0 0
62 208 39 3481.7 0 0
63 216 38 3485.9 0 0
63 211 39 3490.11 0 0
63 205 38 3494.32 0 0
63 202 38 3498.52 0 0
62 211 39 3502.74 0 0
63 210 39 3506.95 0 0
63 208 38 3511.18 0 0
62 209 39 3515.38 0 0
63 204 39 3519.59 0 0
63 202 39 3523.8 0 0
62 211 39 3528 0 0
62 211 39 3532.21 0 0
63 203 38 3536.42 0 0
64 208 38 3540.69 0 0
64 209 38 3544.94 0 0
63 210 39 3549.15 0 0
62 208 39 3553.35 0 0
63 207 40 3557.56 0 0
63 209 38 3561.77 0 0
62 210 39 3565.99 0 0
63 211 39 3570.22 0 0
61 210 39 3574.45 0 0
62 210 38 3578.66 0 0
63 205 38 3582.86 0 0
62 211 39 3587.06 0 0
62 214 38 3591.26 0 0
62 208 39 3595.47 0 0
63 209 38 3599.69 0 0
63 213 39 3603.93 0 0
62 210 38 3608.16 0 0
63 208 38 3612.36 0 0
63 207 39 3616.57 0 0
61 216 39 3620.77 0 0
63 208 39 3624.97 0 0
63 210 39 3629.18 0 0
62 212 39 3633.42 0 0
64 207 39 3637.65 0 0
63 211 39 3641.86 0 0
63 208 39 3646.06 0 0
63 204 39 3650.26 0 0
61 214 38 3654.46 0 0
64 207 39 3658.68 0 0
63 207 38 3662.91 0 0
62 214 39 3669.98 0 0
62 207 39 3674.22 0 0
63 206 38 3678.43 0 0
64 208 39 3682.63 0 0
63 206 39 3686.83 0 0
63 205 38 3691.05 0 0
63 206 39 3695.27 0 0
63 210 39 3699.49 0 0
61 212 39 3703.7 0 0
62 208 39 3707.91 0 0
65 202 39 3712.12 0 0
62 208 39 3716.33 0 0
59 214 39 3720.54 0 0
62 211 39 3724.76 0 0
62 207 39 3728.99 0 0
65 201 39 3733.2 0 0
62 214 38 3737.41 0 0
62 212 39 3741.61 0 0
63 209 39 3745.81 0 0
56 201 39 3750.01 0 0
52 208 40 3754.23 0 0
48 199 39 3758.48 0 0
44 191 39 3762.73 0 0
37 189 38 3766.93 0 0
35 190 38 3773.88 0 0
34 186 38 3778.09 0 0
35 187 38 3782.31 0 0
39 193 38 3786.53 0 0
38 194 38 3790.78 0 0
36 192 39 3795.02 0 0
40 198 39 3799.23 0 0
36 195 39 3803.44 0 0
35 193 38 3807.65 0 0
34 193 38 3811.86 0 0
35 191 38 3816.1 0 0
36 195 38 3820.32 0 0
36 196 39 3824.55 0 0
33 188 39 3828.77 0 0
35 183 39 3832.98 0 0
34 194 38 3837.18 0 0
34 193 39 3841.38 0 0
36 187 38 3845.6 0 0
36 188 38 3849.83 0 0
38 186 39 3854.08 0 0
35 180 39 3858.29 0 0
35 192 38 3862.5 0 0
34 194 38 3866.7 0 0
34 194 38 3870.9 0 0
35 193 39 3875.24 0 0
35 196 39 3879.45 0 0
39 182 38 3883.7 0 0
37 187 39 3887.93 0 0
33 187 39 3892.16 0 0
35 185 39 3896.36 0 0
37 185 39 3900.56 0 0
35 196 39 3904.76 0 0
37 190 39 3908.97 0 0
35 187 39 3913.2 0 0
35 187 38 3917.42 0 0
35 192 39 3921.66 0 0
37 191 39 3925.87 0 0
38 188 38 3930.07 0 0
34 191 39 3934.27 0 0
37 185 39 3938.47 0 0
37 190 39 3942.7 0 0
37 190 39 3946.96 0 0
37 192 39 3951.18 0 0
32 188 39 3955.38 0 0
34 183 39 3959.6 0 0
36 183 39 3963.8 0 0
34 185 39 3968 0 0
34 194 39 3972.23 0 0
34 188 39 3976.5 0 0
34 188 39 3980.74 0 0
34 193 39 3984.95 0 0
35 183 39 3989.16 0 0
34 185 39 3993.36 0 0
38 191 40 3997.56 0 0
35 186 39 4001.78 0 0
35 196 39 4006 0 0
34 183 38 4010.23 0 0
35 193 40 4014.46 0 0
37 187 39 4018.67 0 0
35 183 39 4022.87 0 0
36 191 39 4027.07 0 0
33 184 39 4031.27 0 0
35 185 38 4035.51 0 0
34 188 40 4039.74 0 0
35 185 39 4043.96 0 0
35 186 40 4048.18 0 0
36 189 39 4052.38 0 0
35 189 39 4056.58 0 0
34 183 39 4060.78 0 0
33 192 39 4065.01 0 0
37 190 39 4069.23 0 0
36 193 40 4073.46 0 0
38 189 39 4077.67 0 0
36 188 40 4081.89 0 0
35 186 40 4086.1 0 0
34 186 39 4090.33 0 0
35 186 39 4094.53 0 0
36 184 39 4098.74 0 0
33 186 39 4102.98 0 0
36 192 39 4107.2 0 0
36 195 40 4111.42 0 0
34 185 39 4115.62 0 0
35 180 39 4119.82 0 0
35 190 39 4124.03 0 0
36 191 40 4128.24 0 0
36 191 39 4132.45 0 0
35 187 40 4136.92 0 0
36 187 40 4141.15 0 0
34 188 40 4145.36 0 0
34 187 39 4149.56 0 0
34 191 39 4153.76 0 0
37 187 39 4158 0 0
35 185 39 4162.23 0 0
35 185 39 4166.47 0 0
35 187 39 4170.68 0 0
36 180 39 4174.89 0 0
35 181 39 4179.09 0 0
36 182 39 4183.3 0 0
35 188 39 4187.5 0 0
35 185 40 4191.71 0 0
33 181 40 4195.96 0 0
30 177 39 4200.19 0 0
31 179 40 4204.4 0 0
33 176 39 4208.59 0 0
37 177 40 4212.8 0 0
36 171 39 4217 0 0
33 183 40 4221.22 0 0
33 182 39 4225.45 0 0
35 177 39 4229.68 0 0
33 173 40 4233.89 0 0
34 182 39 4238.1 0 0
31 176 40 4242.3 0 0
33 183 39 4246.5 0 0
34 180 40 4250.79 0 0
34 181 39 4255.02 0 0
33 183 40 4259.29 0 0
33 180 39 4263.51 0 0
34 180 40 4267.72 0 0
35 181 39 4271.93 0 0
34 178 40 4276.13 0 0
31 180 39 4280.33 0 0
33 178 39 4284.55 0 0
35 171 40 4288.77 0 0
33 186 40 4292.99 0 0
32 185 40 4297.2 0 0
33 177 40 4301.4 0 0
35 175 39 4305.62 0 0
35 181 39 4309.83 0 0
34 183 39 4314.05 0 0
31 175 40 4318.28 0 0
33 175 40 4322.51 0 0
34 175 40 4326.74 0 0
34 175 39 4330.95 0 0
34 173 40 4335.15 0 0
33 174 40 4339.35 0 0
36 182 39 4343.56 0 0
35 174 40 4347.77 0 0
32 177 39 4351.99 0 0
35 173 40 4356.22 0 0
32 174 41 4360.43 0 0
35 185 40 4364.63 0 0
32 186 40 4368.83 0 0
33 180 40 4373.03 0 0
35 182 40 4377.25 0 0
32 177 40 4381.46 0 0
34 177 40 4385.69 0 0
34 177 40 4389.91 0 0
34 176 40 4394.12 0 0
34 177 40 4398.33 0 0
31 175 40 4402.53 0 0
35 179 39 4406.77 0 0
36 180 40 4410.98 0 0
33 175 40 4415.23 0 0
36 168 40 4419.45 0 0
34 170 39 4423.67 0 0
36 182 41 4427.87 0 0
33 182 40 4432.07 0 0
32 182 40 4436.27 0 0
35 171 40 4440.49 0 0
34 177 40 4444.72 0 0
32 172 40 4448.95 0 0
34 179 40 4453.16 0 0
34 170 41 4457.38 0 0
34 171 40 4461.58 0 0
35 176 40 4465.81 0 0
34 177 40 4470.02 0 0
34 181 40 4474.24 0 0
34 176 39 4478.48 0 0
33 162 40 4482.71 0 0
34 146 40 4486.92 0 0
38 121 40 4491.12 0 0
48 102 41 4495.32 0 0
58 74 41 4499.52 0 0
55 58 41 4503.74 0 0
51 47 41 4507.97 0 0
52 44 41 4512.2 0 0
48 42 41 4516.43 0 0
47 45 42 4520.63 0 0
49 46 42 4524.82 0 0
45 43 42 4529.02 0 0
46 41 41 4533.24 0 0
44 39 42 4537.46 0 0
46 36 41 4541.69 0 0
46 41 42 4545.91 0 0
46 41 41 4550.26 0 0
45 36 41 4554.47 0 0
48 42 41 4558.67 0 0
47 41 42 4562.88 0 0
47 41 42 4567.11 0 0
49 44 42 4571.36 0 0
51 50 41 4575.6 0 0
48 54 41 4579.81 0 0
46 66 41 4584.01 0 0
46 66 42 4588.21 0 0
46 66 41 4592.41 0 0
46 66 41 4596.63 0 0
46 66 41 4600.84 0 0
46 66 41 4605.08 0 0
46 66 41 4609.29 0 0
46 66 41 4613.51 0 0
46 66 41 4617.75 0 0
46 66 41 4621.95 0 0
46 66 41 4626.15 0 0
46 66 41 4630.37 0 0
46 66 42 4634.63 0 0
46 66 41 4638.85 0 0
46 66 41 4643.05 0 0
46 66 41 4647.26 0 0
55 64 41 4651.46 0 0
55 64 0 4655.66 0 0
51 67 41 4659.88 0 0
52 64 42 4664.11 0 0
48 67 41 4668.33 0 0
53 60 42 4672.56 0 0
52 63 41 4676.76 0 0
52 63 41 4681.55 0 0
52 63 41 4685.79 0 0
52 63 41 4690.01 0 0
52 63 41 4694.23 0 0
52 63 41 4698.47 0 0
52 63 42 4702.69 0 0
52 63 41 4706.9 0 0
52 63 42 4711.1 0 0
52 63 42 4715.3 0 0
52 63 42 4719.51 0 0
52 63 42 4723.72 0 0
98 109 41 4727.96 0 0
112 102 40 4732.18 0 0
121 104 40 4736.39 0 0
133 115 41 4740.6 0 0
136 129 41 4744.8 0 0
130 152 41 4749 0 0
127 157 40 4753.22 0 0
127 163 41 4757.44 0 0
128 162 41 4761.97 0 0
126 161 40 4766.18 0 0
133 152 41 4770.38 0 0
135 157 41 4774.58 0 0
125 162 40 4778.78 0 0
125 164 40 4783 0 0
127 163 40 4787.22 0 0
129 158 41 4791.45 0 0
129 160 41 4795.73 0 0
130 155 41 4800.12 0 0
126 167 40 4804.33 0 0
126 161 41 4808.58 0 0
129 158 40 4812.82 0 0
127 162 41 4817.12 0 0
129 159 41 4821.36 0 0
128 159 41 4825.6 0 0
127 160 41 4829.81 0 0
128 161 41 4834.01 0 0
128 161 40 4838.21 0 0
129 159 40 4842.41 0 0
129 160 40 4846.63 0 0
127 162 41 4850.86 0 0
125 163 40 4855.12 0 0
129 160 40 4859.33 0 0
126 162 40 4863.54 0 0
129 159 40 4867.74 0 0
128 158 41 4871.94 0 0
115 165 40 4876.16 0 0
115 165 40 4880.38 0 0
115 165 39 4884.64 0 0
115 165 41 4888.88 0 0
115 165 40 4893.09 0 0
115 165 41 4897.29 0 0
115 165 41 4901.49 0 0
115 165 41 4905.69 0 0
115 165 42 4909.91 0 0
115 165 41 4914.14 0 0
115 165 41 4918.83 0 0
115 165 41 4923.04 0 0
115 165 41 4927.26 0 0
115 165 41 4931.46 0 0
115 165 41 4935.66 0 0
115 165 42 4939.88 0 0
115 165 41 4944.1 0 0
115 165 41 4948.35 0 0
115 165 40 4952.58 0 0
115 165 40 4956.79 0 0
115 165 41 4960.99 0 0
115 165 40 4965.19 0 0
115 165 40 4969.4 0 0
115 165 40 4973.63 0 0
115 165 40 4977.87 0 0
115 165 40 4982.1 0 0
115 165 41 4986.33 0 0
115 165 40 4990.54 0 0
115 165 40 4994.74 0 0
115 165 41 4998.94 0 0
115 165 39 5003.17 0 0
115 165 40 5007.38 0 0
115 165 40 5011.61 0 0
115 165 40 5015.88 0 0
115 165 40 5020.08 0 0
115 165 40 5024.28 0 0
115 165 41 5028.49 0 0
115 165 40 5032.7 0 0
115 165 40 5036.91 0 0
115 165 40 5041.16 0 0
115 165 39 5045.38 0 0
115 165 40 5049.59 0 0
115 165 40 5053.79 0 0
115 165 40 5057.99 0 0
115 165 40 5062.19 0 0
115 165 40 5066.41 0 0
115 165 40 5070.65 0 0
102 58 40 5074.88 0 0
102 52 40 5079.1 0 0
102 50 40 5083.31 0 0
98 51 40 5087.51 0 0
97 55 40 5091.71 0 0
98 60 40 5095.94 0 0
98 58 40 5100.15 0 0
98 57 41 5104.4 0 0
98 61 40 5108.64 0 0
97 60 39 5112.86 0 0
99 57 40 5117.06 0 0
98 61 40 5121.26 0 0
100 57 40 5125.47 0 0
96 63 40 5129.69 0 0
108 62 40 5133.93 0 0
119 57 40 5138.16 0 0
126 55 40 5142.38 0 0
142 60 40 5146.58 0 0
154 63 41 5150.78 0 0
164 67 39 5154.98 0 0
176 63 40 5159.2 0 0
185 57 40 5163.43 0 0
195 62 40 5167.66 0 0
198 69 40 5171.87 0 0
195 66 40 5176.09 0 0
189 64 40 5180.3 0 0
189 65 40 5184.5 0 0
192 64 40 5188.71 0 0
193 65 40 5192.93 0 0
197 67 40 5197.16 0 0
197 67 39 5201.38 0 0
192 64 40 5205.59 0 0
193 66 40 5209.8 0 0
193 62 39 5214 0 0
193 65 40 5218.2 0 0
192 63 40 5222.42 0 0
195 64 40 5226.65 0 0
192 62 40 5230.89 0 0
193 61 40 5235.17 0 0
193 62 40 5239.41 0 0
194 63 39 5243.61 0 0
194 63 40 5247.81 0 0
194 61 40 5252.02 0 0
197 64 40 5256.24 0 0
194 64 39 5260.48 0 0
192 60 40 5264.69 0 0
195 64 40 5268.9 0 0
195 64 0 5273.1 0 0
193 61 40 5277.32 0 0
194 64 40 5281.58 0 0
195 65 39 5285.79 0 0
195 63 40 5290.04 0 0
194 67 40 5294.27 0 0
198 68 39 5298.49 0 0
196 67 40 5302.7 0 0
194 64 39 5306.92 0 0
194 67 40 5311.14 0 0
194 64 40 5315.35 0 0
194 63 40 5319.57 0 0
195 64 40 5323.79 0 0
194 63 40 5328.01 0 0
197 67 40 5332.22 0 0
195 65 40 5336.42 0 0
198 68 41 5340.62 0 0
198 68 39 5344.84 0 0
198 68 40 5349.07 0 0
198 68 40 5353.3 0 0
198 68 39 5357.54 0 0
198 68 40 5361.76 0 0
193 73 40 5365.96 0 0
198 74 40 5370.16 0 0
194 69 40 5374.36 0 0
195 69 40 5378.58 0 0
196 67 39 5382.8 0 0
194 72 39 5387.04 0 0
197 73 41 5391.27 0 0
196 73 40 5395.49 0 0
194 74 40 5399.69 0 0
195 71 40 5403.93 0 0
196 74 40 5408.16 0 0
199 74 40 5412.38 0 0
197 74 39 5416.61 0 0
196 71 40 5420.82 0 0
192 73 40 5425.03 0 0
195 73 40 5429.23 0 0
194 70 40 5433.43 0 0
193 74 40 5437.63 0 0
193 73 40 5441.85 0 0
195 73 40 5446.09 0 0
196 74 40 5450.32 0 0
195 68 40 5454.53 0 0
195 71 39 5458.77 0 0
195 66 40 5462.97 0 0
194 68 40 5467.17 0 0
196 65 40 5471.39 0 0
199 67 40 5475.6 0 0
194 66 40 5479.83 0 0
197 63 39 5484.06 0 0
194 60 39 5488.29 0 0
195 64 40 5492.49 0 0
195 61 40 5496.69 0 0
194 61 40 5500.93 0 0
194 60 39 5505.15 0 0
195 60 40 5509.38 0 0
195 60 39 5513.62 0 0
192 58 40 5517.83 0 0
194 57 40 5522.04 0 0
194 59 40 5526.24 0 0
190 54 40 5530.48 0 0
193 57 40 5534.69 0 0
194 58 39 5538.96 0 0
192 58 40 5543.19 0 0
189 52 40 5547.41 0 0
193 56 40 5551.63 0 0
190 55 40 5555.83 0 0
190 54 40 5560.04 0 0
189 52 40 5564.26 0 0
188 50 40 5568.48 0 0
190 50 40 5572.72 0 0
190 55 40 5576.94 0 0
191 53 40 5581.15 0 0
189 51 40 5585.35 0 0
189 50 39 5589.55 0 0
187 50 40 5593.76 0 0
189 50 40 5597.97 0 0
188 51 40 5602.21 0 0
188 49 40 5606.45 0 0
190 55 40 5610.66 0 0
187 49 40 5614.87 0 0
189 52 39 5619.07 0 0
189 52 39 5623.27 0 0
187 49 40 5627.71 0 0
190 50 40 5631.95 0 0
187 49 40 5636.17 0 0
189 50 40 5640.38 0 0
185 45 40 5644.6 0 0
190 54 40 5648.8 0 0
188 48 40 5653 0 0
188 47 40 5657.21 0 0
188 49 39 5661.42 0 0
187 48 40 5665.65 0 0
190 50 39 5669.89 0 0
186 47 40 5674.11 0 0
186 47 39 5678.31 0 0
187 47 39 5682.52 0 0
188 48 40 5686.71 0 0
188 48 40 5690.93 0 0
188 48 39 5695.15 0 0
187 48 40 5699.39 0 0
187 45 40 5703.61 0 0
186 48 40 5707.81 0 0
186 47 40 5712.01 0 0
188 51 39 5716.23 0 0
188 47 39 5720.47 0 0
185 48 40 5724.69 0 0
186 46 40 5728.93 0 0
188 49 39 5733.13 0 0
188 49 39 5737.35 0 0
187 48 39 5741.55 0 0
184 44 39 5745.75 0 0
188 49 39 5749.96 0 0
187 47 39 5754.17 0 0
189 50 39 5758.41 0 0
187 51 39 5763.17 0 0
185 47 39 5767.38 0 0
183 45 40 5771.59 0 0
186 46 39 5775.8 0 0
189 50 41 5780.01 0 0
185 44 39 5784.23 0 0
185 48 39 5788.45 0 0
187 48 39 5792.67 0 0
185 48 40 5796.91 0 0
191 52 39 5801.14 0 0
186 45 39 5805.41 0 0
186 47 39 5809.65 0 0
189 51 39 5813.85 0 0
186 48 39 5818.07 0 0
189 49 39 5822.31 0 0
186 48 39 5826.52 0 0
186 47 38 5830.73 0 0
185 46 39 5834.93 0 0
187 48 39 5839.14 0 0
186 46 39 5843.34 0 0
188 48 39 5847.55 0 0
188 48 39 5851.77 0 0
190 49 38 5856 0 0
186 48 39 5860.21 0 0
185 47 38 5864.43 0 0
188 49 39 5868.63 0 0
188 47 38 5872.84 0 0
185 46 38 5877.06 0 0
188 49 38 5881.27 0 0
187 52 39 5885.51 0 0
184 46 39 5889.72 0 0
185 47 39 5893.94 0 0
184 46 39 5898.14 0 0
185 46 38 5902.42 0 0
183 45 39 5906.63 0 0
185 46 39 5910.83 0 0
185 46 38 5915.08 0 0
187 49 38 5919.3 0 0
190 48 39 5923.5 0 0
183 45 38 5927.71 0 0
182 44 38 5931.91 0 0
185 49 38 5936.11 0 0
185 47 39 5940.34 0 0
190 50 39 5944.56 0 0
187 48 38 5948.79 0 0
186 45 38 5953.01 0 0
190 51 38 5957.22 0 0
185 46 38 5961.42 0 0
188 48 39 5965.63 0 0
188 49 38 5969.85 0 0
187 47 38 5974.07 0 0
184 44 38 5978.3 0 0
187 49 38 5982.54 0 0
191 52 38 5986.76 0 0
187 48 38 5990.96 0 0
186 48 39 5995.16 0 0
187 46 38 5999.37 0 0
187 49 38 6003.59 0 0
187 48 38 6007.82 0 0
187 51 38 6012.05 0 0
187 51 39 6016.27 0 0
186 48 38 6020.48 0 0
185 46 39 6024.68 0 0
188 50 40 6028.89 0 0
188 49 38 6033.1 0 0
184 45 38 6037.32 0 0
188 49 38 6041.55 0 0
189 49 38 6045.76 0 0
188 49 38 6050.04 0 0
187 49 39 6054.25 0 0
187 49 39 6058.46 0 0
188 48 39 6062.67 0 0
188 51 38 6066.89 0 0
186 47 39 6071.15 0 0
185 49 38 6075.37 0 0
187 47 38 6079.6 0 0
188 48 38 6083.8 0 0
185 46 38 6088 0 0
186 50 38 6092.21 0 0
186 51 38 6096.44 0 0
180 49 38 6100.65 0 0
189 66 38 6104.88 0 0
189 66 38 6109.12 0 0
146 71 38 6113.35 0 0
130 81 38 6117.59 0 0
121 96 37 6121.83 0 0
109 99 37 6126.07 0 0
93 116 37 6130.29 0 0
82 113 37 6134.52 0 0
67 124 37 6138.74 0 0
59 136 37 6142.94 0 0
52 150 37 6147.14 0 0
42 161 37 6151.34 0 0
39 158 37 6155.56 0 0
34 186 37 6159.78 0 0
34 180 37 6164 0 0
33 177 37 6168.22 0 0
36 173 36 6172.48 0 0
38 178 37 6176.69 0 0
34 165 37 6180.89 0 0
35 168 37 6185.09 0 0
37 159 37 6189.3 0 0
33 170 37 6193.52 0 0
31 170 37 6197.76 0 0
33 178 37 6201.98 0 0
30 173 37 6206.18 0 0
31 174 37 6210.39 0 0
32 180 37 6214.59 0 0
35 181 37 6218.79 0 0
35 178 37 6223.01 0 0
32 172 37 6227.24 0 0
33 176 37 6231.47 0 0
34 174 38 6235.68 0 0
33 180 37 6239.89 0 0
32 183 38 6244.09 0 0
35 180 37 6248.29 0 0
34 178 37 6252.51 0 0
35 173 37 6256.72 0 0
33 179 38 6260.95 0 0
34 185 37 6265.2 0 0
35 186 37 6269.43 0 0
34 180 37 6273.63 0 0
35 185 38 6277.84 0 0
34 178 38 6282.05 0 0
33 179 37 6286.27 0 0
36 183 38 6290.52 0 0
34 181 37 6294.74 0 0
34 173 37 6298.95 0 0
36 185 37 6303.15 0 0
38 173 37 6307.37 0 0
37 185 37 6311.59 0 0
39 180 38 6315.81 0 0
36 180 38 6320.03 0 0
36 185 37 6324.25 0 0
36 177 37 6328.47 0 0
38 172 38 6332.68 0 0
34 180 38 6336.89 0 0
37 167 37 6341.09 0 0
37 172 37 6345.3 0 0
35 176 38 6349.52 0 0
36 177 38 6353.75 0 0
35 172 38 6357.96 0 0
35 174 38 6362.17 0 0
34 168 38 6366.4 0 0
36 173 37 6370.6 0 0
36 168 37 6374.8 0 0
36 174 38 6379.02 0 0
33 172 37 6383.27 0 0
36 171 38 6387.49 0 0
36 175 38 6391.69 0 0
34 181 38 6395.89 0 0
37 165 38 6400.1 0 0
34 171 38 6404.29 0 0
35 167 38 6408.51 0 0
32 174 38 6412.72 0 0
37 171 37 6417.13 0 0
33 171 39 6421.34 0 0
35 170 38 6425.56 0 0
36 164 39 6429.77 0 0
36 178 38 6434 0 0
37 167 38 6438.3 0 0
44 174 39 6442.51 0 0
54 182 38 6446.76 0 0
66 188 38 6450.98 0 0
72 191 39 6455.19 0 0
81 190 39 6459.48 0 0
87 192 39 6463.68 0 0
92 198 39 6467.88 0 0
100 199 39 6472.1 0 0
108 198 40 6476.31 0 0
111 202 40 6480.91 0 0
112 208 39 6485.13 0 0
113 208 39 6489.33 0 0
111 213 39 6493.53 0 0
112 206 39 6497.73 0 0
113 204 38 6501.95 0 0
112 209 39 6506.18 0 0
112 209 39 6510.42 0 0
110 216 39 6514.63 0 0
117 200 39 6518.85 0 0
113 208 38 6523.05 0 0
114 206 39 6527.25 0 0
113 209 39 6531.45 0 0
115 205 39 6535.68 0 0
115 205 38 6539.92 0 0
113 208 40 6544.15 0 0
116 203 39 6548.36 0 0
114 206 39 6552.56 0 0
114 209 39 6556.77 0 0
115 205 39 6560.98 0 0
114 208 39 6565.21 0 0
113 210 39 6569.45 0 0
114 207 38 6573.69 0 0
116 204 38 6577.9 0 0
113 209 38 6582.1 0 0
113 210 38 6586.31 0 0
113 207 38 6590.52 0 0
113 207 39 6594.73 0 0
114 201 39 6598.95 0 0
112 198 40 6603.19 0 0
104 198 40 6607.4 0 0
97 197 39 6611.61 0 0
91 187 39 6615.81 0 0
85 182 40 6620.01 0 0
78 188 39 6624.22 0 0
69 184 39 6628.45 0 0
61 180 39 6632.67 0 0
53 183 39 6636.92 0 0
46 171 39 6641.12 0 0
38 191 39 6645.33 0 0
30 175 39 6649.53 0 0
29 168 38 6653.73 0 0
27 190 39 6657.94 0 0
28 183 39 6662.15 0 0
33 183 39 6666.4 0 0
34 179 39 6670.61 0 0
32 182 40 6674.85 0 0
29 178 39 6679.05 0 0
29 180 40 6683.25 0 0
28 184 39 6687.46 0 0
29 174 39 6691.67 0 0
33 184 39 6695.91 0 0
32 178 39 6700.13 0 0
30 179 39 6704.34 0 0
31 177 39 6708.55 0 0
32 177 39 6712.77 0 0
30 175 39 6716.97 0 0
31 174 39 6721.24 0 0
31 177 39 6725.46 0 0
29 172 39 6729.69 0 0
30 180 40 6733.91 0 0
30 175 39 6738.13 0 0
30 177 40 6742.34 0 0
29 176 39 6746.54 0 0
30 177 39 6750.75 0 0
31 177 40 6754.97 0 0
29 179 40 6759.22 0 0
29 175 39 6763.44 0 0
30 178 39 6767.65 0 0
29 181 39 6771.86 0 0
28 182 40 6776.06 0 0
28 175 39 6780.26 0 0
34 170 39 6784.48 0 0
30 169 39 6788.69 0 0
30 178 39 6792.91 0 0
28 173 40 6797.22 0 0
29 176 39 6801.42 0 0
27 176 39 6805.65 0 0
28 170 39 6809.87 0 0
32 179 39 6814.09 0 0
29 173 39 6818.32 0 0
29 177 39 6822.57 0 0
27 170 39 6826.79 0 0
31 180 39 6830.99 0 0
29 173 39 6835.19 0 0
28 176 39 6839.39 0 0
29 170 39 6843.59 0 0
30 177 39 6847.81 0 0
29 171 39 6852.06 0 0
31 174 39 6857.16 0 0
30 174 39 6861.37 0 0
30 175 39 6865.57 0 0
27 179 39 6869.78 0 0
30 178 39 6873.99 0 0
29 174 38 6878.23 0 0
27 179 39 6882.45 0 0
30 174 39 6886.67 0 0
27 179 39 6890.96 0 0
30 179 39 6895.17 0 0
30 180 38 6899.37 0 0
27 178 38 6903.57 0 0
29 177 39 6907.78 0 0
31 174 38 6911.99 0 0
28 181 38 6916.23 0 0
27 179 39 6920.43 0 0
27 174 38 6924.65 0 0
29 173 39 6928.85 0 0
29 176 38 6933.06 0 0
28 178 39 6937.26 0 0
29 177 39 6941.48 0 0
30 172 38 6945.71 0 0
28 180 38 6949.94 0 0
29 177 38 6954.14 0 0
30 179 39 6958.34 0 0
28 179 38 6962.54 0 0
32 175 39 6966.75 0 0
29 175 38 6970.96 0 0
30 180 38 6975.18 0 0
31 180 38 6979.41 0 0
28 174 38 6983.61 0 0
31 180 39 6987.82 0 0
28 177 38 6992.02 0 0
29 183 37 6996.24 0 0
30 176 38 7000.46 0 0
29 185 38 7004.67 0 0
29 179 38 7008.92 0 0
28 177 38 7013.14 0 0
29 180 38 7017.35 0 0
28 176 38 7021.57 0 0
28 175 38 7025.77 0 0
28 181 38 7029.99 0 0
30 181 38 7034.22 0 0
29 179 38 7038.44 0 0
29 176 38 7042.65 0 0
29 172 38 7046.88 0 0
29 177 37 7051.08 0 0
28 173 38 7055.3 0 0
28 178 37 7059.5 0 0
28 180 37 7063.71 0 0
31 179 38 7067.93 0 0
29 175 37 7072.17 0 0
29 180 37 7076.4 0 0
28 174 37 7080.62 0 0
30 180 37 7084.83 0 0
30 178 38 7089.03 0 0
30 184 38 7093.24 0 0
27 184 38 7097.45 0 0
29 185 38 7101.67 0 0
29 179 37 7105.9 0 0
31 186 37 7110.13 0 0
29 183 37 7114.35 0 0
27 181 38 7118.55 0 0
29 184 38 7122.76 0 0
30 180 38 7126.99 0 0
29 182 38 7131.21 0 0
30 185 37 7135.45 0 0
36 170 37 7139.66 0 0
44 154 37 7143.88 0 0
49 128 38 7148.09 0 0
55 117 38 7152.3 0 0
61 111 38 7156.57 0 0
67 103 39 7160.8 0 0
74 94 38 7165.23 0 0
72 94 38 7169.45 0 0
71 94 38 7173.66 0 0
70 97 38 7177.86 0 0
70 92 37 7182.06 0 0
71 99 38 7186.26 0 0
70 96 38 7190.53 0 0
71 94 38 7194.75 0 0
70 96 38 7199.46 0 0
74 91 38 7203.67 0 0
74 96 38 7207.95 0 0
71 93 37 7212.17 0 0
68 96 38 7216.37 0 0
69 98 38 7220.58 0 0
70 97 38 7224.8 0 0
70 96 38 7229.03 0 0
71 94 38 7233.26 0 0
71 94 38 7237.46 0 0
70 97 38 7241.66 0 0
74 90 38 7245.86 0 0
72 94 38 7250.07 0 0
71 96 38 7254.28 0 0
71 94 38 7258.52 0 0
72 91 38 7262.74 0 0
71 97 38 7266.96 0 0
73 92 39 7271.16 0 0
71 94 38 7275.37 0 0
70 97 38 7279.61 0 0
68 100 38 7283.83 0 0
72 96 39 7288.04 0 0
70 97 38 7292.27 0 0
69 96 38 7296.5 0 0
71 94 38 7300.73 0 0
71 96 39 7305 0 0
72 92 38 7309.23 0 0
69 96 38 7313.44 0 0
71 95 39 7317.66 0 0
71 95 39 7321.91 0 0
72 96 39 7328.39 0 0
71 98 39 7332.61 0 0
71 93 38 7336.82 0 0
71 93 38 7341.03 0 0
73 92 39 7345.23 0 0
73 91 38 7349.45 0 0
71 95 38 7353.69 0 0
71 94 38 7357.92 0 0
72 90 39 7362.15 0 0
71 92 38 7366.37 0 0
74 90 39 7370.57 0 0
68 101 39 7374.78 0 0
72 93 39 7379 0 0
71 97 38 7383.24 0 0
70 98 38 7387.46 0 0
74 93 39 7391.67 0 0
72 93 39 7395.87 0 0
71 95 38 7400.07 0 0
73 92 39 7404.41 0 0
75 92 38 7408.64 0 0
69 97 39 7412.86 0 0
70 98 38 7417.09 0 0
69 97 38 7421.29 0 0
72 95 39 7425.5 0 0
70 98 39 7429.72 0 0
76 79 39 7433.92 0 0
85 73 40 7438.13 0 0
88 56 39 7442.34 0 0
88 48 40 7446.59 0 0
82 33 40 7450.81 0 0
76 24 40 7455.03 0 0
73 22 40 7459.24 0 0
74 20 40 7463.45 0 0
74 23 39 7467.65 0 0
72 21 40 7471.87 0 0
73 21 39 7476.09 0 0
73 22 40 7480.31 0 0
71 19 40 7484.51 0 0
72 19 40 7488.72 0 0
71 17 40 7492.92 0 0
74 16 40 7497.13 0 0
72 21 40 7501.34 0 0
72 19 40 7505.56 0 0
73 18 40 7509.8 0 0
72 17 41 7514.02 0 0
72 19 40 7518.23 0 0
72 18 40 7522.43 0 0
71 16 40 7526.64 0 0
71 17 40 7530.85 0 0
72 17 41 7535.06 0 0
73 18 40 7539.28 0 0
72 19 40 7543.51 0 0
70 16 40 7547.73 0 0
70 16 40 7551.93 0 0
72 15 40 7556.15 0 0
71 16 41 7560.37 0 0
73 18 41 7564.59 0 0
72 17 41 7568.81 0 0
70 16 41 7573.03 0 0
70 16 40 7577.24 0 0
72 15 40 7581.46 0 0
70 15 40 7585.66 0 0
71 17 40 7589.87 0 0
72 17 41 7594.08 0 0
72 18 41 7598.3 0 0
71 15 41 7602.54 0 0
71 17 41 7606.76 0 0
72 15 41 7610.97 0 0
72 16 41 7615.21 0 0
71 16 41 7619.41 0 0
71 15 41 7623.61 0 0
70 16 41 7627.84 0 0
72 17 41 7632.07 0 0
73 15 40 7636.3 0 0
71 14 40 7640.5 0 0
73 16 41 7644.71 0 0
73 20 40 7648.91 0 0
74 18 40 7653.12 0 0
72 19 40 7657.33 0 0
74 18 41 7661.57 0 0
74 17 40 7665.82 0 0
73 18 42 7670.08 0 0
72 19 40 7674.32 0 0
74 17 40 7678.56 0 0
71 16 40 7682.77 0 0
73 18 40 7686.98 0 0
73 17 40 7691.2 0 0
74 19 41 7695.43 0 0
73 19 41 7699.65 0 0
73 20 41 7703.86 0 0
73 19 41 7708.07 0 0
73 18 41 7712.29 0 0
73 17 41 7716.49 0 0
73 17 41 7720.7 0 0
74 18 41 7724.97 0 0
73 19 40 7729.2 0 0
71 16 41 7733.43 0 0
72 18 40 7737.67 0 0
73 20 41 7741.87 0 0
74 17 41 7746.11 0 0
72 20 41 7750.32 0 0
76 20 41 7754.52 0 0
74 19 41 7758.75 0 0
72 22 41 7762.98 0 0
73 18 42 7767.19 0 0
74 20 41 7771.4 0 0
74 20 40 7775.6 0 0
73 21 41 7779.8 0 0
73 20 41 7784.01 0 0
75 19 42 7788.23 0 0
75 18 41 7792.46 0 0
75 21 40 7796.66 0 0
74 20 40 7800.94 0 0
76 19 41 7805.16 0 0
74 18 42 7809.36 0 0
74 18 40 7813.57 0 0
76 19 40 7817.78 0 0
74 20 41 7822.03 0 0
73 17 40 7826.32 0 0
74 17 40 7830.53 0 0
72 19 41 7834.73 0 0
75 18 41 7838.93 0 0
76 21 40 7843.13 0 0
80 25 40 7847.35 0 0
102 44 40 7851.59 0 0
116 56 40 7855.81 0 0
127 76 39 7860.03 0 0
131 90 39 7864.23 0 0
135 117 39 7868.45 0 0
140 127 39 7872.67 0 0
126 153 39 7876.91 0 0
121 167 38 7881.13 0 0
121 174 39 7885.36 0 0
115 188 38 7889.57 0 0
115 197 39 7893.77 0 0
111 203 39 7897.98 0 0
115 200 38 7902.18 0 0
111 204 38 7906.39 0 0
113 200 38 7910.61 0 0
118 194 38 7914.85 0 0
111 201 38 7919.07 0 0
112 200 38 7923.28 0 0
115 200 37 7927.48 0 0
108 208 38 7931.68 0 0
111 203 39 7935.9 0 0
116 196 38 7940.11 0 0
110 205 37 7944.33 0 0
117 198 38 7948.56 0 0
113 202 38 7952.77 0 0
113 201 38 7956.97 0 0
112 204 39 7961.17 0 0
112 202 38 7965.38 0 0
116 197 38 7969.64 0 0
114 204 39 7973.85 0 0
115 200 38 7978.1 0 0
111 208 38 7982.32 0 0
114 201 38 7986.53 0 0
113 203 38 7990.74 0 0
113 203 38 7994.96 0 0
113 202 38 7999.19 0 0
115 199 38 8003.4 0 0
113 206 38 8007.63 0 0
111 206 38 8011.85 0 0
112 206 38 8016.07 0 0
115 200 38 8020.28 0 0
113 204 38 8024.48 0 0
116 199 37 8028.68 0 0
116 199 38 8032.89 0 0
114 204 37 8037.12 0 0
112 203 38 8041.35 0 0
112 203 38 8045.56 0 0
114 204 39 8049.77 0 0
113 202 38 8053.98 0 0
113 203 38 8058.19 0 0
113 201 38 8062.39 0 0
112 205 38 8066.61 0 0
113 204 38 8070.84 0 0
113 200 38 8075.06 0 0
115 199 38 8079.27 0 0
113 204 38 8083.48 0 0
111 209 38 8087.72 0 0
113 201 39 8091.92 0 0
115 200 37 8096.14 0 0
113 204 38 8100.35 0 0
113 204 37 8104.59 0 0
111 204 38 8108.79 0 0
113 203 38 8113.01 0 0
112 204 38 8117.22 0 0
112 205 38 8121.48 0 0
115 200 37 8125.69 0 0
112 203 38 8129.9 0 0
111 206 38 8134.14 0 0
112 202 38 8138.38 0 0
117 195 39 8142.59 0 0
116 199 38 8146.79 0 0
115 200 38 8151.03 0 0
112 203 38 8155.23 0 0
113 201 38 8159.46 0 0
117 198 38 8163.69 0 0
116 205 38 8167.91 0 0
119 207 38 8172.17 0 0
116 220 38 8176.38 0 0
118 220 38 8180.58 0 0
113 228 38 8184.78 0 0
113 235 38 8188.99 0 0
113 229 38 8193.21 0 0
116 221 38 8197.44 0 0
114 227 38 8201.66 0 0
112 233 38 8205.88 0 0
112 230 38 8210.08 0 0
117 222 38 8214.28 0 0
113 231 38 8218.48 0 0
114 227 38 8222.7 0 0
112 231 38 8226.92 0 0
114 227 38 8231.17 0 0
111 230 39 8235.4 0 0
113 232 38 8239.6 0 0
115 228 38 8243.8 0 0
117 218 39 8248 0 0
114 221 38 8252.22 0 0
108 219 39 8256.44 0 0
105 210 38 8260.68 0 0
102 203 38 8264.89 0 0
99 198 39 8269.11 0 0
97 201 39 8273.31 0 0
97 199 38 8277.51 0 0
97 199 38 8281.72 0 0
100 196 39 8285.94 0 0
104 195 39 8290.18 0 0
98 197 38 8294.41 0 0
96 206 38 8298.63 0 0
95 203 39 8302.84 0 0
100 197 39 8307.06 0 0
99 198 39 8311.26 0 0
100 195 38 8315.48 0 0
97 199 39 8319.69 0 0
101 200 40 8323.92 0 0
95 202 39 8328.13 0 0
95 204 39 8332.34 0 0
98 198 39 8336.55 0 0
101 197 39 8340.75 0 0
96 202 38 8344.96 0 0
96 202 39 8349.23 0 0
97 202 39 8353.47 0 0
98 202 39 8357.69 0 0
98 200 39 8361.91 0 0
100 195 40 8366.11 0 0
101 196 39 8370.31 0 0
96 196 39 8374.52 0 0
96 202 39 8378.75 0 0
97 201 39 8382.97 0 0
98 197 39 8387.19 0 0
100 197 39 8391.41 0 0
101 196 40 8395.61 0 0
100 199 40 8399.81 0 0
99 200 39 8404.02 0 0
98 199 39 8408.23 0 0
101 194 40 8412.44 0 0
100 192 40 8416.67 0 0
102 194 39 8420.88 0 0
100 199 39 8425.09 0 0
98 198 40 8429.29 0 0
100 195 39 8433.5 0 0
98 199 40 8437.7 0 0
98 197 40 8444.51 0 0
98 198 40 8448.76 0 0
101 193 39 8452.97 0 0
99 197 40 8457.17 0 0
101 192 39 8461.37 0 0
100 194 39 8465.57 0 0
98 200 40 8469.78 0 0
98 201 39 8474.01 0 0
98 196 39 8478.26 0 0
99 196 39 8482.48 0 0
100 194 40 8486.76 0 0
101 192 40 8490.97 0 0
101 191 40 8495.18 0 0
97 200 39 8499.39 0 0
101 191 40 8503.6 0 0
99 196 39 8507.83 0 0
102 190 39 8512.05 0 0
100 195 39 8516.28 0 0
98 198 40 8520.49 0 0
100 194 40 8524.7 0 0
98 199 39 8528.9 0 0
100 194 40 8533.11 0 0
99 195 39 8537.33 0 0
99 195 39 8541.57 0 0
100 192 39 8547.15 0 0
102 192 40 8551.36 0 0
99 194 40 8555.56 0 0
96 199 39 8559.76 0 0
97 197 39 8563.98 0 0
97 195 40 8568.21 0 0
97 198 39 8572.45 0 0
98 194 40 8576.66 0 0
99 196 39 8580.86 0 0
98 196 40 8585.06 0 0
99 196 39 8589.26 0 0
100 194 39 8593.46 0 0
97 198 40 8597.7 0 0
99 197 40 8601.92 0 0
98 198 39 8607.35 0 0
101 190 39 8611.56 0 0
98 197 38 8615.76 0 0
102 188 40 8619.96 0 0
100 193 39 8624.16 0 0
100 191 39 8628.38 0 0
99 196 39 8632.6 0 0
96 197 39 8636.83 0 0
99 196 39 8641.04 0 0
99 195 39 8645.24 0 0
99 190 40 8649.44 0 0
100 195 39 8653.64 0 0
97 201 39 8657.85 0 0
100 196 38 8662.08 0 0
102 193 39 8666.34 0 0
99 194 39 8670.55 0 0
98 197 39 8674.77 0 0
99 197 39 8678.97 0 0
98 198 39 8683.17 0 0
100 191 39 8687.37 0 0
100 193 39 8691.58 0 0
97 202 39 8695.82 0 0
100 195 38 8700.07 0 0
100 194 39 8704.28 0 0
98 194 38 8708.48 0 0
99 194 38 8712.68 0 0
101 191 39 8716.88 0 0
100 195 38 8721.1 0 0
97 197 38 8725.31 0 0
95 204 38 8729.54 0 0
97 198 38 8733.77 0 0
99 196 38 8737.99 0 0
96 198 38 8742.19 0 0
100 196 38 8746.39 0 0
97 201 38 8750.61 0 0
99 196 38 8754.83 0 0
99 197 38 8759.07 0 0
97 195 38 8763.29 0 0
99 196 38 8767.51 0 0
97 202 38 8771.71 0 0
100 194 38 8775.91 0 0
97 201 38 8780.11 0 0
97 203 38 8784.32 0 0
98 194 38 8788.54 0 0
97 199 38 8792.76 0 0
97 198 38 8796.97 0 0
98 197 38 8801.2 0 0
98 201 38 8805.43 0 0
97 204 38 8809.63 0 0
98 196 38 8813.84 0 0
95 207 37 8818.06 0 0
99 196 38 8822.3 0 0
97 200 38 8826.54 0 0
96 203 38 8830.75 0 0
100 192 38 8834.95 0 0
98 202 38 8839.15 0 0
97 197 38 8843.35 0 0
99 199 38 8847.58 0 0
97 197 38 8851.79 0 0
100 195 37 8856.02 0 0
97 203 38 8860.23 0 0
101 193 38 8864.44 0 0
96 203 37 8868.64 0 0
99 199 37 8872.84 0 0
97 201 38 8877.06 0 0
100 198 37 8881.29 0 0
101 191 38 8885.52 0 0
101 194 37 8889.75 0 0
98 201 38 8893.96 0 0
101 192 37 8898.16 0 0
96 201 37 8902.68 0 0
94 207 38 8906.9 0 0
99 193 37 8911.11 0 0
98 200 38 8915.36 0 0
100 192 38 8919.6 0 0
97 197 38 8923.81 0 0
100 197 37 8928.01 0 0
101 197 37 8932.21 0 0
100 193 37 8936.42 0 0
98 199 37 8940.63 0 0
99 196 38 8944.85 0 0
98 200 38 8949.09 0 0
99 195 38 8953.29 0 0
100 197 37 8957.5 0 0
97 201 37 8961.7 0 0
97 203 38 8965.9 0 0
96 204 38 8970.11 0 0
97 202 38 8974.39 0 0
99 203 37 8978.64 0 0
97 206 38 8982.86 0 0
102 201 37 8987.08 0 0
129 181 37 8991.37 0 0
199 178 37 8995.57 0 0
235 161 38 8999.77 0 0
260 133 37 9012.43 0 0
225 115 37 9016.65 0 0
235 123 38 9020.85 0 0
233 105 38 9156.74 0 0
229 102 39 9160.95 0 0
238 98 38 9165.19 0 0
244 95 38 9169.42 0 0
244 89 39 9173.63 0 0
239 78 38 9177.83 0 0
245 62 39 9182.03 0 0
244 63 39 9186.23 0 0
249 67 38 9190.45 0 0
247 63 39 9194.67 0 0
240 84 39 9198.89 0 0
241 83 40 9203.1 0 0
240 83 39 9207.3 0 0
243 57 38 9211.5 0 0
242 85 38 9215.73 0 0
241 85 39 9219.94 0 0
244 86 39 9224.18 0 0
243 85 39 9228.47 0 0
242 84 39 9232.7 0 0
244 83 39 9236.91 0 0
243 83 39 9241.11 0 0
243 83 39 9247.95 0 0
244 84 40 9252.2 0 0
244 85 39 9256.46 0 0
243 82 38 9260.69 0 0
242 84 39 9264.91 0 0
245 84 39 9269.12 0 0
245 83 39 9273.32 0 0
249 90 39 9277.52 0 0
246 86 38 9281.73 0 0
245 84 39 9285.94 0 0
244 55 38 9290.19 0 0
247 55 40 9294.42 0 0
248 88 39 9298.62 0 0
243 82 39 9302.84 0 0
244 52 39 9307.07 0 0
242 87 38 9311.27 0 0
245 87 38 9315.49 0 0
247 88 39 9319.71 0 0
247 88 38 9323.99 0 0
247 87 39 9328.2 0 0
241 88 39 9332.41 0 0
231 92 40 9336.61 0 0
231 92 40 9340.81 0 0
171 57 40 9345.01 0 0
153 45 40 9352.1 0 0
137 40 41 9356.35 0 0
121 35 40 9360.58 0 0
108 32 40 9364.78 0 0
101 34 40 9368.98 0 0
97 38 40 9373.18 0 0
97 38 40 9377.4 0 0
97 38 40 9381.62 0 0
97 38 40 9385.86 0 0
58 71 39 9390.07 0 0
44 38 39 9394.28 0 0
39 39 39 9398.48 0 0
33 41 39 9402.72 0 0
33 42 39 9406.93 0 0
34 38 39 9411.16 0 0
37 40 39 9415.46 0 0
36 36 39 9419.69 0 0
38 39 39 9423.9 0 0
37 41 39 9428.1 0 0
38 37 39 9435.03 0 0
37 42 38 9443.54 0 0
38 41 39 9451.78 0 0
37 41 39 9460.02 0 0
38 39 39 9468.28 0 0
38 39 39 9476.77 0 0
37 38 39 9484.64 0 0
36 40 39 9488.85 0 0
35 37 39 9493.47 0 0
38 35 39 9497.67 0 0
36 38 38 9501.93 0 0
37 35 38 9506.16 0 0
37 39 38 9510.39 0 0
36 36 39 9514.62 0 0
38 38 38 9518.82 0 0
37 37 39 9523.02 0 0
36 41 38 9527.22 0 0
39 39 38 9531.44 0 0
36 37 39 9535.66 0 0
37 39 38 9539.91 0 0
38 39 39 9544.19 0 0
37 39 38 9548.44 0 0
37 37 38 9552.65 0 0
39 39 39 9556.85 0 0
37 38 38 9561.05 0 0
36 39 38 9565.27 0 0
37 40 38 9569.5 0 0
38 40 38 9573.73 0 0
37 38 38 9577.93 0 0
36 38 38 9582.13 0 0
37 39 38 9586.33 0 0
39 42 38 9593.14 0 0
36 39 39 9597.39 0 0
36 42 39 9601.63 0 0
39 37 38 9605.88 0 0
38 38 38 9610.09 0 0
38 37 38 9614.29 0 0
37 42 38 9618.5 0 0
39 42 39 9622.71 0 0
39 39 38 9626.94 0 0
39 40 38 9631.16 0 0
39 40 38 9635.39 0 0
35 37 37 9639.6 0 0
38 41 38 9643.81 0 0
37 39 37 9648.01 0 0
37 38 37 9652.21 0 0
37 40 37 9656.41 0 0
39 40 38 9660.62 0 0
38 40 37 9664.87 0 0
37 42 38 9669.1 0 0
37 42 38 9673.3 0 0
37 39 38 9677.51 0 0
37 42 38 9681.71 0 0
38 40 38 9685.91 0 0
38 40 37 9690.13 0 0
38 42 37 9694.35 0 0
37 41 37 9698.57 0 0
39 37 37 9702.79 0 0
37 40 37 9706.99 0 0
37 39 38 9711.2 0 0
39 41 37 9715.4 0 0
41 41 37 9723.7 0 0
41 41 37 9728.03 0 0
39 40 38 9734.64 0 0
38 39 38 9738.94 0 0
38 40 37 9743.14 0 0
39 39 37 9747.34 0 0
39 39 37 9751.57 0 0
38 40 37 9755.78 0 0
38 41 37 9760.02 0 0
37 40 37 9764.24 0 0
38 37 37 9768.44 0 0
39 41 37 9772.65 0 0
39 43 37 9776.85 0 0
39 41 37 9781.05 0 0
39 37 37 9785.27 0 0
37 42 37 9789.49 0 0
38 43 37 9793.73 0 0
39 39 37 9797.94 0 0
38 41 37 9802.14 0 0
39 42 37 9806.36 0 0
39 41 37 9810.57 0 0
38 39 37 9814.79 0 0
38 41 38 9819.01 0 0
38 39 37 9823.25 0 0
38 41 37 9827.47 0 0
38 40 37 9831.68 0 0
38 41 36 9835.88 0 0
38 41 37 9840.08 0 0
38 41 36 9844.29 0 0
41 39 37 9848.5 0 0
38 39 37 9852.74 0 0
38 42 37 9856.97 0 0
38 44 37 9861.18 0 0
39 41 37 9865.38 0 0
38 39 37 9869.58 0 0
38 39 37 9873.78 0 0
40 38 36 9877.99 0 0
39 43 37 9882.21 0 0
39 41 37 9886.44 0 0
39 41 38 9890.64 0 0
39 39 37 9894.85 0 0
40 41 37 9899.05 0 0
40 41 37 9903.25 0 0
40 41 36 9907.46 0 0
39 39 37 9911.68 0 0
40 35 38 9915.92 0 0
39 41 38 9920.17 0 0
36 40 37 9924.38 0 0
39 39 37 9928.59 0 0
38 41 36 9932.79 0 0
38 42 38 9936.99 0 0
39 42 36 9941.2 0 0
38 43 37 9945.43 0 0
37 42 37 9949.66 0 0
39 41 37 9953.86 0 0
39 39 37 9958.06 0 0
39 43 37 9962.27 0 0
38 40 36 9966.47 0 0
37 40 37 9970.68 0 0
39 41 37 9974.91 0 0
37 40 37 9979.15 0 0
38 43 37 9983.36 0 0
40 39 38 9987.56 0 0
38 41 39 9991.76 0 0
38 41 37 9995.97 0 0
41 41 37 10000.2 0 0
39 41 37 10004.4 0 0
40 39 37 10008.6 0 0
41 45 37 10012.9 0 0
38 40 38 10017.1 0 0
40 40 37 10021.3 0 0
39 37 37 10025.5 0 0
38 41 37 10029.7 0 0
39 42 37 10033.9 0 0
39 40 37 10038.1 0 0
40 43 37 10042.4 0 0
39 41 38 10046.6 0 0
45 49 37 10050.8 0 0
58 59 37 10055 0 0
76 61 37 10059.2 0 0
90 64 38 10063.4 0 0
103 70 37 10067.6 0 0
112 78 38 10071.9 0 0
127 88 37 10076.1 0 0
140 99 37 10080.4 0 0
142 133 36 10084.6 0 0
152 145 37 10088.8 0 0
168 155 38 10093 0 0
213 165 37 10097.2 0 0
242 160 37 10101.4 0 0
257 179 37 10105.7 0 0
233 210 36 10118.3 0 0
226 215 37 10122.5 0 0
231 221 38 10359.2 0 0
220 220 37 10384.6 0 0
247 222 37 10557.8 0 0
256 126 38 10574.6 0 0
239 111 38 10578.9 0 0
239 103 38 10583.1 0 0
240 96 39 10587.3 0 0
239 56 39 10591.5 0 0
234 53 38 10595.7 0 0
229 50 39 10599.9 0 0
232 53 39 10604.2 0 0
233 54 39 10608.4 0 0
234 55 39 10612.6 0 0
232 55 39 10616.8 0 0
233 57 39 10621 0 0
233 55 39 10625.2 0 0
227 53 39 10629.4 0 0
229 52 39 10634 0 0
234 58 39 10638.3 0 0
233 57 39 10642.5 0 0
234 56 39 10646.7 0 0
234 59 39 10650.9 0 0
235 58 39 10655.1 0 0
230 56 39 10659.3 0 0
232 56 39 10663.5 0 0
233 56 39 10667.8 0 0
234 57 39 10672 0 0
233 57 39 10676.2 0 0
233 58 38 10680.4 0 0
231 54 39 10684.6 0 0
230 55 39 10688.8 0 0
230 55 39 10693 0 0
233 59 39 10697.3 0 0
231 57 39 10701.5 0 0
232 55 39 10705.7 0 0
230 55 39 10709.9 0 0
232 58 39 10714.1 0 0
231 56 39 10718.3 0 0
234 57 39 10722.5 0 0
232 59 39 10726.7 0 0
230 57 38 10731 0 0
232 55 39 10735.2 0 0
230 56 39 10739.4 0 0
232 57 39 10743.6 0 0
233 56 38 10747.8 0 0
231 55 39 10752 0 0
233 57 39 10756.2 0 0
235 59 39 10760.5 0 0
236 57 38 10764.7 0 0
231 56 39 10771.7 0 0
231 55 39 10775.9 0 0
233 56 39 10780.1 0 0
234 58 40 10784.3 0 0
234 55 39 10788.5 0 0
231 55 38 10792.8 0 0
233 57 38 10797 0 0
230 57 38 10801.2 0 0
233 56 38 10805.4 0 0
234 58 39 10809.6 0 0
232 57 39 10813.8 0 0
233 56 39 10818 0 0
231 56 39 10822.3 0 0
234 58 38 10826.5 0 0
231 56 38 10830.7 0 0
231 54 38 10834.9 0 0
230 57 38 10839.1 0 0
234 58 38 10843.3 0 0
232 56 39 10847.6 0 0
233 57 39 10851.8 0 0
233 57 39 10856 0 0
233 57 39 10860.2 0 0
232 57 38 10864.4 0 0
232 59 39 10871.3 0 0
231 57 38 10879.6 0 0
234 57 38 10888.1 0 0
232 58 38 10896.5 0 0
233 59 38 10904.6 0 0
231 54 38 10913.1 0 0
233 57 38 10921.3 0 0
233 57 38 10929.8 0 0
234 61 38 10937.8 0 0
241 65 38 10942 0 0
250 66 37 10946.5 0 0
255 71 38 10950.8 0 0
254 71 37 10955 0 0
250 68 37 10959.2 0 0
252 72 37 10963.4 0 0
252 70 38 10967.6 0 0
251 70 38 10971.8 0 0
250 69 38 10976 0 0
252 68 37 10980.2 0 0
251 69 38 10984.5 0 0
253 69 38 10988.7 0 0
251 69 37 10992.9 0 0
251 69 37 10997.1 0 0
250 71 37 11001.3 0 0
250 71 37 11005.5 0 0
252 70 37 11009.8 0 0
252 69 38 11014 0 0
249 69 38 11018.2 0 0
252 73 37 11022.4 0 0
250 70 37 11026.6 0 0
251 73 37 11030.8 0 0
250 72 38 11035 0 0
249 69 37 11039.2 0 0
252 73 38 11043.5 0 0
251 71 37 11047.7 0 0
250 72 37 11051.9 0 0
250 71 38 11058.7 0 0
253 74 37 11062.9 0 0
251 72 37 11067.2 0 0
241 97 37 11071.4 0 0
250 71 38 11075.7 0 0
253 72 38 11079.9 0 0
251 70 38 11084.1 0 0
250 67 37 11088.3 0 0
250 70 37 11092.5 0 0
252 72 37 11096.7 0 0
252 70 38 11101 0 0
250 68 37 11105.2 0 0
251 69 37 11109.4 0 0
239 97 37 11113.6 0 0
250 70 37 11117.8 0 0
254 69 37 11122 0 0
249 70 37 11126.3 0 0
250 69 38 11130.5 0 0
247 66 37 11134.7 0 0
251 73 38 11138.9 0 0
252 71 37 11143.1 0 0
250 70 37 11147.3 0 0
248 67 38 11151.5 0 0
252 70 37 11155.7 0 0
251 66 37 11160 0 0
248 99 37 11164.2 0 0
238 108 37 11171.3 0 0
238 108 37 11175.5 0 0
238 108 38 11179.7 0 0
240 133 37 11183.9 0 0
210 121 37 11188.1 0 0
201 181 37 11192.3 0 0
222 172 37 11196.6 0 0
222 172 36 11200.8 0 0
106 215 37 11205 0 0
106 217 37 11209.2 0 0
100 224 38 11213.4 0 0
96 231 37 11217.6 0 0
95 237 37 11221.8 0 0
95 237 37 11226 0 0
95 237 37 11230.3 0 0
95 237 37 11234.5 0 0
95 237 38 11238.7 0 0
98 229 37 11247.1 0 0
98 230 37 11251.3 0 0
96 240 37 11255.6 0 0
96 240 37 11259.8 0 0
94 236 37 11270.2 0 0
96 238 37 11275.2 0 0
96 234 37 11287.8 0 0
95 236 36 11292.1 0 0
94 230 37 11296.3 0 0
94 236 37 11300.5 0 0
97 238 37 11304.7 0 0
96 227 37 11308.9 0 0
102 213 37 11313.1 0 0
108 206 36 11317.4 0 0
103 218 37 11321.6 0 0
103 213 37 11325.9 0 0
103 223 38 11330.1 0 0
104 217 38 11334.3 0 0
107 212 38 11338.5 0 0
103 216 37 11342.7 0 0
103 218 36 11346.9 0 0
105 217 36 11351.1 0 0
104 214 37 11355.4 0 0
106 207 36 11359.6 0 0
103 215 38 11363.8 0 0
105 213 37 11368 0 0
104 217 36 11372.2 0 0
106 213 37 11376.4 0 0
106 213 37 11383.4 0 0
100 225 36 11390.9 0 0
104 215 37 11395.1 0 0
103 217 37 11400.1 0 0
104 215 36 11404.3 0 0
100 225 37 11408.5 0 0
107 207 36 11412.8 0 0
98 225 36 11417 0 0
104 215 37 11421.2 0 0
106 210 36 11425.4 0 0
103 214 36 11429.6 0 0
102 213 37 11433.8 0 0
102 218 37 11438 0 0
102 218 37 11442.3 0 0
98 221 36 11446.5 0 0
103 219 38 11450.8 0 0
106 210 37 11455 0 0
101 218 36 11459.1 0 0
103 218 36 11463.4 0 0
103 214 37 11467.6 0 0
101 222 37 11471.8 0 0
103 213 37 11476 0 0
96 232 36 11480.2 0 0
98 232 36 11484.4 0 0
91 227 37 11488.6 0 0
91 219 37 11492.8 0 0
88 221 37 11497 0 0
89 210 37 11501.2 0 0
89 210 37 11505.5 0 0
89 210 37 11509.7 0 0
99 189 37 11515.9 0 0
99 189 38 11520.1 0 0
97 191 37 11524.3 0 0
93 200 38 11528.5 0 0
93 200 37 11532.7 0 0
92 198 37 11537 0 0
92 198 38 11541.2 0 0
92 198 37 11545.4 0 0
92 198 37 11549.7 0 0
92 198 38 11553.9 0 0
92 198 37 11558.1 0 0
92 198 37 11562.3 0 0
92 198 37 11566.5 0 0
92 198 37 11570.8 0 0
92 198 37 11575 0 0
92 198 38 11579.2 0 0
92 198 37 11583.5 0 0
92 198 37 11587.7 0 0
92 198 37 11591.9 0 0
92 198 37 11596.1 0 0
92 198 37 11600.3 0 0
92 198 37 11604.5 0 0
92 198 38 11608.8 0 0
92 198 37 11613 0 0
92 198 37 11617.2 0 0
92 197 38 11621.4 0 0
92 197 37 11625.6 0 0
92 197 38 11629.8 0 0
92 197 38 11634 0 0
92 197 37 11638.3 0 0
92 197 37 11642.5 0 0
92 197 38 11646.7 0 0
92 197 37 11650.9 0 0
103 186 37 11655.1 0 0
103 186 38 11659.3 0 0
103 186 38 11663.5 0 0
100 192 37 11667.8 0 0
100 192 38 11672 0 0
100 192 37 11676.2 0 0
100 192 37 11680.4 0 0
100 192 37 11684.6 0 0
100 192 37 11688.8 0 0
100 192 38 11693 0 0
100 192 38 11697.2 0 0
100 192 38 11701.5 0 0
100 192 37 11705.7 0 0
100 192 38 11709.9 0 0
100 192 38 11714.1 0 0
98 194 37 11719.6 0 0
94 192 37 11723.8 0 0
101 192 37 11728 0 0
99 190 38 11732.3 0 0
109 175 37 11736.5 0 0
118 159 37 11740.7 0 0
121 155 38 11744.9 0 0
118 159 38 11749.1 0 0
116 159 37 11753.3 0 0
113 164 38 11757.5 0 0
111 165 37 11761.8 0 0
114 162 37 11766 0 0
113 162 37 11770.2 0 0
115 163 38 11774.4 0 0
115 164 38 11778.6 0 0
118 159 37 11782.8 0 0
117 158 37 11787 0 0
118 156 37 11791.2 0 0
117 158 37 11795.5 0 0
114 168 37 11799.7 0 0
108 181 38 11804 0 0
108 196 38 11808.2 0 0
109 209 38 11812.4 0 0
105 230 38 11816.6 0 0
117 236 37 12792.3 0 0
120 238 37 12809.1 0 0
124 232 38 12813.4 0 0
130 223 37 12817.6 0 0
233 216 37 12830.3 0 0
257 213 38 12842.9 0 0
259 215 37 12868.3 0 0
256 213 38 12872.5 0 0
247 216 37 12876.8 0 0
243 214 37 12931.6 0 0
241 213 38 12995.2 0 0
254 209 38 13073.8 0 0
252 209 39 13203.4 0 0
227 209 38 13207.6 0 0
202 207 38 13211.8 0 0
198 196 38 13216 0 0
239 182 38 13220.2 0 0
258 185 39 13224.4 0 0
258 187 38 13232.9 0 0
249 185 38 13237.1 0 0
248 182 39 13241.3 0 0
252 186 38 13245.5 0 0
238 186 38 13249.7 0 0
243 185 38 13254 0 0
255 184 38 13269.2 0 0
259 183 38 13273.4 0 0
247 186 38 13277.6 0 0
253 183 38 13281.8 0 0
245 186 38 13286.1 0 0
249 186 38 13290.3 0 0
243 187 38 13294.5 0 0
260 187 38 13298.8 0 0
230 185 38 13303 0 0
253 183 38 13307.2 0 0
246 189 38 13311.5 0 0
260 183 39 13319.9 0 0
254 186 38 13324.1 0 0
242 188 38 13328.3 0 0
255 183 38 13332.5 0 0
258 183 38 13336.8 0 0
238 198 39 13341 0 0
240 109 39 13357.9 0 0
246 105 39 13362.1 0 0
246 105 39 13366.3 0 0
246 105 39 13370.5 0 0
243 64 40 13375.3 0 0
241 66 39 13379.5 0 0
245 72 39 13383.7 0 0
244 71 39 13388 0 0
242 71 40 13392.1 0 0
245 67 39 13396.4 0 0
242 63 40 13400.6 0 0
244 65 39 13404.8 0 0
243 65 40 13409 0 0
245 66 40 13413.2 0 0
242 65 39 13417.4 0 0
243 64 39 13421.6 0 0
243 67 39 13425.9 0 0
243 65 40 13430.1 0 0
246 67 39 13434.3 0 0
242 64 40 13438.5 0 0
245 66 39 13442.7 0 0
244 65 39 13446.9 0 0
243 65 40 13451.2 0 0
245 67 39 13455.4 0 0
246 66 40 13459.6 0 0
246 68 39 13463.8 0 0
242 63 40 13468 0 0
243 64 39 13472.2 0 0
244 66 39 13476.5 0 0
245 66 39 13480.7 0 0
245 67 40 13484.9 0 0
245 66 39 13489.1 0 0
246 67 40 13493.3 0 0
242 63 39 13497.5 0 0
246 66 39 13501.8 0 0
242 63 39 13506.1 0 0
245 66 40 13510.3 0 0
243 65 40 13514.5 0 0
243 63 40 13518.8 0 0
246 65 39 13523 0 0
247 67 40 13527.2 0 0
247 66 39 13531.4 0 0
244 66 40 13535.6 0 0
244 65 39 13539.8 0 0
245 66 39 13544.1 0 0
245 64 39 13548.3 0 0
245 65 40 13552.5 0 0
247 65 39 13556.7 0 0
247 64 39 13560.9 0 0
242 64 40 13565.1 0 0
246 67 39 13569.3 0 0
243 64 40 13573.6 0 0
243 65 39 13577.8 0 0
246 66 40 13582 0 0
242 65 39 13586.2 0 0
245 66 39 13590.4 0 0
246 67 39 13594.6 0 0
244 65 39 13598.8 0 0
245 68 39 13603.1 0 0
245 67 39 13607.3 0 0
243 64 39 13611.5 0 0
242 63 39 13615.7 0 0
245 66 39 13619.9 0 0
242 64 39 13624.1 0 0
244 67 39 13628.3 0 0
244 63 40 13632.6 0 0
244 63 39 13636.8 0 0
244 52 39 13641 0 0
239 98 39 13645.2 0 0
218 111 39 13649.4 0 0
228 131 39 13653.6 0 0
232 152 39 13657.8 0 0
169 183 38 13662.2 0 0
219 172 39 13666.4 0 0
127 197 38 13670.6 0 0
122 213 39 13674.8 0 0
110 229 38 13679 0 0
114 220 38 13683.2 0 0
118 215 38 13687.4 0 0
113 224 38 13691.6 0 0
123 207 38 13695.9 0 0
113 225 38 13700.1 0 0
120 211 38 13704.3 0 0
121 210 37 13708.5 0 0
116 218 38 13712.7 0 0
113 226 38 13716.9 0 0
121 208 38 13721.2 0 0
120 214 38 13725.4 0 0
118 215 37 13729.6 0 0
118 216 37 13733.8 0 0
111 226 38 13738 0 0
121 210 38 13742.2 0 0
119 213 37 13746.4 0 0
118 213 38 13750.7 0 0
118 211 38 13754.9 0 0
117 215 37 13759.1 0 0
119 212 38 13763.4 0 0
118 212 37 13767.6 0 0
123 205 38 13771.8 0 0
118 216 38 13776 0 0
120 211 38 13780.2 0 0
124 202 37 13784.4 0 0
122 204 37 13788.6 0 0
112 221 37 13792.9 0 0
118 216 38 13797 0 0
114 220 38 13801.3 0 0
119 212 37 13805.5 0 0
118 217 37 13809.7 0 0
110 231 37 13813.9 0 0
117 217 37 13818.1 0 0
118 213 38 13822.4 0 0
117 213 37 13826.6 0 0
119 213 36 13830.8 0 0
117 216 36 13835 0 0
121 207 37 13839.3 0 0
119 213 37 13843.5 0 0
112 223 37 13847.7 0 0
119 212 37 13851.9 0 0
118 213 36 13856.2 0 0
119 213 36 13860.4 0 0
119 214 37 13864.6 0 0
116 219 37 13868.8 0 0
116 217 36 13873 0 0
117 219 37 13877.2 0 0
107 236 37 13881.4 0 0
106 228 37 13885.7 0 0
112 205 37 13889.9 0 0
104 210 37 13894.1 0 0
99 210 37 13898.3 0 0
105 195 37 13902.6 0 0
101 202 37 13906.9 0 0
106 194 38 13911.1 0 0
106 191 36 13915.3 0 0
105 195 37 13919.6 0 0
103 196 38 13923.8 0 0
104 196 37 13928 0 0
107 191 37 13932.2 0 0
104 198 37 13936.4 0 0
99 204 38 13940.6 0 0
107 190 37 13944.8 0 0
98 204 37 13949.7 0 0
106 196 37 13953.9 0 0
105 194 37 13960.3 0 0
104 195 37 13964.5 0 0
105 196 37 13968.7 0 0
103 199 37 13972.9 0 0
105 196 37 13977.1 0 0
104 192 37 13981.3 0 0
107 192 38 13985.5 0 0
105 196 37 13989.7 0 0
103 196 37 13993.9 0 0
106 193 37 13998.1 0 0
104 196 37 14002.4 0 0
107 192 38 14006.6 0 0
104 195 37 14010.8 0 0
101 201 38 14015 0 0
102 200 37 14019.2 0 0
106 194 37 14023.4 0 0
104 197 38 14027.6 0 0
102 200 37 14031.8 0 0
104 194 37 14036 0 0
105 198 38 14040.3 0 0
112 184 37 14044.5 0 0
104 194 38 14048.7 0 0
105 198 37 14052.9 0 0
103 199 37 14057.1 0 0
104 201 37 14061.3 0 0
100 201 38 14068.4 0 0
102 194 38 14076.7 0 0
102 195 38 14085.1 0 0
103 197 37 14093.4 0 0
103 197 37 14101.6 0 0
108 190 37 14109.7 0 0
108 194 37 14114 0 0
104 197 38 14118.4 0 0
104 197 38 14122.6 0 0
105 195 38 14126.8 0 0
104 197 38 14131 0 0
101 196 38 14135.3 0 0
106 190 38 14139.5 0 0
108 191 38 14143.7 0 0
105 195 38 14147.9 0 0
101 190 38 14152.1 0 0
105 165 38 14156.3 0 0
119 151 38 14160.5 0 0
118 147 39 14164.8 0 0
124 129 37 14169 0 0
124 129 38 14173.2 0 0
138 102 37 14177.4 0 0
133 103 39 14181.6 0 0
127 113 38 14185.8 0 0
124 118 38 14190.1 0 0
124 123 39 14194.3 0 0
123 117 38 14198.5 0 0
121 116 39 14202.8 0 0
126 113 38 14207 0 0
123 112 38 14211.2 0 0
123 107 38 14218.3 0 0
126 113 39 14222.5 0 0
126 108 38 14226.7 0 0
127 110 39 14231 0 0
127 109 38 14235.2 0 0
133 103 39 14239.5 0 0
128 108 38 14243.7 0 0
123 110 38 14247.9 0 0
124 111 38 14252.2 0 0
127 115 39 14256.4 0 0
127 106 38 14260.6 0 0
123 113 38 14264.9 0 0
131 105 38 14269.1 0 0
127 112 39 14273.3 0 0
126 113 38 14277.5 0 0
132 110 38 14281.8 0 0
137 105 39 14286 0 0
135 104 38 14290.2 0 0
127 115 38 14295.1 0 0
130 110 38 14299.3 0 0
134 101 39 14305.7 0 0
132 104 38 14309.9 0 0
126 108 38 14314.1 0 0
137 107 39 14318.3 0 0
135 103 39 14322.6 0 0
127 103 38 14326.8 0 0
130 108 38 14331 0 0
133 109 38 14335.2 0 0
131 104 38 14339.4 0 0
129 111 38 14343.6 0 0
136 107 39 14347.8 0 0
128 104 39 14352.1 0 0
139 103 38 14356.3 0 0
130 105 38 14360.7 0 0
134 104 38 14364.9 0 0
134 103 38 14369.1 0 0
136 104 39 14373.3 0 0
140 97 38 14377.5 0 0
132 107 38 14381.7 0 0
136 104 38 14386 0 0
138 101 38 14390.2 0 0
138 106 38 14394.4 0 0
134 105 38 14398.6 0 0
138 100 39 14402.8 0 0
140 97 38 14409.6 0 0
136 96 38 14413.9 0 0
137 99 37 14418.1 0 0
135 103 37 14422.4 0 0
134 104 38 14426.6 0 0
135 113 37 14430.8 0 0
135 113 37 14435 0 0
117 140 37 14439.2 0 0
121 141 37 14443.4 0 0
111 156 38 14447.6 0 0
110 155 37 14451.9 0 0
115 145 38 14456.1 0 0
115 145 38 14460.3 0 0
117 143 37 14464.5 0 0
119 148 37 14468.7 0 0
113 148 37 14473 0 0
121 144 37 14477.2 0 0
111 149 38 14481.5 0 0
114 149 37 14485.7 0 0
116 143 37 14489.9 0 0
116 148 38 14494.1 0 0
116 146 38 14498.3 0 0
115 144 37 14502.5 0 0
116 148 37 14506.7 0 0
116 148 37 14510.9 0 0
110 151 36 14515.2 0 0
115 151 37 14519.4 0 0
113 156 37 14526.2 0 0
118 144 37 14530.5 0 0
110 150 37 14534.7 0 0
114 149 38 14539 0 0
114 145 37 14543.2 0 0
114 147 37 14547.5 0 0
111 152 36 14551.7 0 0
117 146 36 14555.9 0 0
119 145 38 14560.1 0 0
113 151 37 14564.3 0 0
114 145 37 14568.5 0 0
110 153 37 14572.8 0 0
111 146 37 14577 0 0
124 141 37 14581.2 0 0
109 156 37 14585.4 0 0
113 150 36 14589.6 0 0
118 149 36 14593.8 0 0
113 151 36 14598 0 0
122 144 36 14602.2 0 0
114 150 36 14606.5 0 0
115 145 37 14610.7 0 0
112 150 37 14614.9 0 0
115 146 36 14619.1 0 0
123 141 37 14623.3 0 0
116 147 36 14627.5 0 0
114 151 37 14631.8 0 0
117 149 36 14638.9 0 0
119 144 36 14643.1 0 0
118 147 37 14647.3 0 0
115 145 36 14651.5 0 0
119 148 37 14655.7 0 0
109 152 37 14659.9 0 0
120 142 36 14664.1 0 0
116 151 37 14668.5 0 0
113 151 36 14672.7 0 0
116 149 36 14676.9 0 0
118 149 36 14681.1 0 0
118 145 37 14685.3 0 0
116 152 37 14689.9 0 0
116 145 36 14694.1 0 0
115 147 36 14698.3 0 0
115 152 37 14702.5 0 0
115 146 36 14706.8 0 0
118 142 36 14711 0 0
117 147 36 14717.8 0 0
118 142 36 14722 0 0
119 140 36 14726.3 0 0
116 143 36 14730.5 0 0
119 144 36 14734.7 0 0
114 149 36 14738.9 0 0
117 145 37 14743.1 0 0
112 150 36 14747.3 0 0
113 150 37 14751.5 0 0
120 146 37 14755.8 0 0
116 150 36 14760 0 0
120 144 36 14764.2 0 0
117 147 36 14768.4 0 0
115 145 36 14772.6 0 0
117 143 36 14776.8 0 0
116 147 36 14781 0 0
118 146 37 14785.2 0 0
115 144 36 14789.5 0 0
119 145 36 14793.7 0 0
115 146 36 14797.9 0 0
115 146 36 14802.1 0 0
115 153 36 14806.4 0 0
116 151 36 14810.5 0 0
112 152 37 14814.8 0 0
124 138 36 14819 0 0
128 135 36 14826 0 0
117 144 36 14834.4 0 0
119 145 35 14842.6 0 0
113 153 36 14851.1 0 0
114 154 37 14859.4 0 0
114 154 37 14867.6 0 0
113 144 36 14875.3 0 0
117 145 36 14879.5 0 0
115 152 36 14884.4 0 0
111 151 36 14888.7 0 0
117 147 37 14892.9 0 0
111 151 37 14897.1 0 0
114 149 36 14901.3 0 0
114 149 37 14905.5 0 0
113 149 36 14909.7 0 0
116 148 36 14913.9 0 0
114 147 36 14918.1 0 0
117 147 37 14922.7 0 0
115 150 36 14927 0 0
119 147 37 14931.2 0 0
112 154 37 14935.4 0 0
114 151 37 14939.6 0 0
115 146 36 14943.8 0 0
116 153 36 14948 0 0
118 152 37 14952.3 0 0
115 150 37 14956.5 0 0
113 152 37 14960.7 0 0
116 148 37 14967.5 0 0
115 152 37 14971.8 0 0
111 153 37 14976 0 0
118 140 37 14980.3 0 0
113 147 37 14984.5 0 0
117 141 37 14988.7 0 0
113 149 38 14992.9 0 0
120 143 37 14997.1 0 0
120 136 37 15001.3 0 0
117 148 37 15005.5 0 0
114 149 37 15010 0 0
116 149 37 15014.3 0 0
114 152 37 15018.5 0 0
115 154 38 15022.7 0 0
116 149 37 15026.9 0 0
114 150 37 15031.1 0 0
110 151 37 15035.3 0 0
111 154 37 15039.5 0 0
117 150 37 15043.8 0 0
113 151 37 15048 0 0
116 149 38 15052.2 0 0
116 149 38 15056.4 0 0
109 155 37 15062.8 0 0
115 148 38 15067 0 0
108 155 38 15071.3 0 0
114 153 38 15075.5 0 0
110 152 38 15079.8 0 0
112 151 38 15084 0 0
113 151 37 15088.2 0 0
112 154 38 15092.4 0 0
114 144 38 15096.7 0 0
114 154 38 15100.9 0 0
113 155 38 15105.1 0 0
110 151 38 15109.4 0 0
115 152 38 15113.6 0 0
114 150 38 15117.8 0 0
110 152 38 15122 0 0
110 153 38 15126.2 0 0
113 150 38 15130.4 0 0
112 154 38 15134.7 0 0
110 152 38 15138.9 0 0
114 151 38 15143.1 0 0
109 158 38 15147.3 0 0
113 150 38 15151.5 0 0
114 154 39 15155.7 0 0
112 151 38 15159.9 0 0
111 153 38 15164.1 0 0
111 156 39 15168.4 0 0
110 153 39 15172.6 0 0
118 148 39 15176.8 0 0
113 149 38 15181 0 0
116 149 38 15185.2 0 0
115 150 38 15189.4 0 0
113 141 38 15193.6 0 0
113 152 38 15197.9 0 0
111 155 38 15202.1 0 0
118 148 38 15206.3 0 0
124 143 39 15210.5 0 0
109 158 38 15217.3 0 0
109 152 39 15221.5 0 0
113 150 39 15225.8 0 0
109 151 39 15230 0 0
110 147 39 15234.2 0 0
109 151 38 15238.4 0 0
113 149 38 15242.6 0 0
114 152 39 15246.8 0 0
112 152 39 15251.1 0 0
115 150 38 15255.3 0 0
108 155 38 15259.5 0 0
113 149 38 15263.8 0 0
106 156 39 15268 0 0
111 150 39 15272.2 0 0
114 145 39 15276.4 0 0
111 153 39 15280.6 0 0
109 158 39 15284.8 0 0
106 156 39 15289 0 0
112 150 40 15293.3 0 0
112 152 39 15297.5 0 0
111 156 39 15301.7 0 0
108 158 39 15305.9 0 0
113 150 39 15310.1 0 0
111 153 39 15314.3 0 0
111 151 38 15321.5 0 0
113 150 39 15325.7 0 0
107 158 39 15329.9 0 0
113 151 39 15334.1 0 0
107 157 39 15338.3 0 0
107 160 39 15342.5 0 0
110 156 39 15346.8 0 0
111 154 38 15351 0 0
109 157 40 15355.2 0 0
107 156 39 15359.4 0 0
114 152 40 15363.6 0 0
108 155 39 15367.9 0 0
108 155 40 15372 0 0
111 152 38 15376.3 0 0
112 149 39 15380.5 0 0
111 153 40 15384.7 0 0
111 154 39 15389 0 0
113 152 39 15393.2 0 0
110 155 39 15397.4 0 0
112 150 39 15401.7 0 0
109 151 39 15405.9 0 0
116 143 39 15410.1 0 0
116 155 39 15414.3 0 0
106 157 39 15418.5 0 0
109 148 39 15425.6 0 0
115 149 40 15429.8 0 0
109 151 39 15434 0 0
117 149 39 15438.2 0 0
111 154 39 15442.4 0 0
112 154 39 15446.7 0 0
113 154 39 15450.9 0 0
108 158 39 15455.1 0 0
114 153 39 15459.3 0 0
116 148 39 15463.5 0 0
109 152 40 15467.7 0 0
109 155 39 15472 0 0
115 150 39 15476.2 0 0
111 149 39 15480.4 0 0
110 147 39 15484.7 0 0
114 149 39 15489 0 0
112 159 40 15493.1 0 0
114 148 39 15497.4 0 0
116 148 39 15501.6 0 0
112 150 39 15505.8 0 0
111 155 39 15510 0 0
120 143 39 15514.2 0 0
108 157 41 15518.5 0 0
109 155 39 15522.7 0 0
110 152 40 15529.5 0 0
118 152 39 15533.7 0 0
112 153 40 15538 0 0
114 152 40 15542.2 0 0
111 155 39 15546.5 0 0
113 152 40 15550.7 0 0
107 157 40 15554.9 0 0
114 151 40 15559.1 0 0
114 151 40 15563.3 0 0
113 152 40 15567.5 0 0
112 153 39 15571.8 0 0
109 157 39 15576 0 0
111 155 40 15580.2 0 0
116 152 39 15584.4 0 0
106 154 40 15588.6 0 0
120 145 40 15592.8 0 0
104 161 40 15597 0 0
114 149 39 15601.3 0 0
109 158 39 15605.6 0 0
107 156 40 15609.8 0 0
106 155 40 15614 0 0
110 153 39 15618.2 0 0
114 154 39 15625.1 0 0
114 154 39 15633.6 0 0
113 152 39 15641 0 0
116 148 40 15645.2 0 0
114 146 39 15650.4 0 0
111 148 39 15654.5 0 0
112 153 39 15658.8 0 0
113 152 39 15663 0 0
116 144 40 15667.2 0 0
108 155 40 15671.5 0 0
116 144 39 15675.7 0 0
113 148 39 15679.9 0 0
118 147 40 15684.1 0 0
109 151 40 15688.3 0 0
113 148 40 15692.5 0 0
114 149 39 15696.8 0 0
114 155 39 15701 0 0
106 161 39 15705.2 0 0
106 161 39 15709.4 0 0
114 153 40 15713.6 0 0
112 155 40 15717.8 0 0
113 152 39 15722 0 0
115 150 39 15726.2 0 0
111 154 39 15730.5 0 0
113 153 39 15734.7 0 0
112 150 40 15738.9 0 0
117 151 39 15743.1 0 0
115 151 39 15747.3 0 0
115 150 40 15754.5 0 0
112 152 39 15762.5 0 0
113 152 39 15771 0 0
111 154 40 15779.2 0 0
110 151 39 15787.7 0 0
114 145 40 15796 0 0
112 152 39 15804.2 0 0
113 148 39 15812.7 0 0
113 148 39 15821 0 0
112 149 40 15828.4 0 0
113 148 40 15832.6 0 0
116 148 39 15837.6 0 0
112 150 40 15841.9 0 0
113 146 39 15846.1 0 0
113 146 40 15850.3 0 0
111 150 39 15854.5 0 0
115 146 40 15858.7 0 0
112 148 39 15863 0 0
116 147 40 15867.2 0 0
119 148 40 15871.4 0 0
111 153 39 15875.6 0 0
112 152 39 15879.8 0 0
114 148 40 15884 0 0
114 150 40 15888.2 0 0
114 150 40 15892.4 0 0
111 153 40 15896.6 0 0
112 155 39 15900.9 0 0
110 151 40 15905 0 0
114 150 39 15909.3 0 0
109 155 40 15913.5 0 0
111 154 40 15917.7 0 0
113 151 39 15921.9 0 0
112 154 39 15926.1 0 0
109 156 40 15930.3 0 0
107 155 40 15934.5 0 0
110 153 39 15938.8 0 0
110 153 40 15943 0 0
110 153 40 15947.2 0 0
112 153 40 15953.4 0 0
113 147 39 15957.6 0 0
112 156 40 15961.8 0 0
112 152 40 15966 0 0
111 148 40 15970.2 0 0
110 158 40 15974.4 0 0
108 152 40 15978.7 0 0
116 150 40 15982.9 0 0
110 152 39 15987.1 0 0
115 148 40 15991.3 0 0
110 157 40 15995.5 0 0
116 146 40 15999.7 0 0
112 149 39 16003.9 0 0
113 152 39 16008.2 0 0
113 150 40 16012.4 0 0
103 161 40 16016.6 0 0
105 163 40 16020.8 0 0
116 148 40 16025 0 0
112 157 39 16029.2 0 0
110 158 40 16033.5 0 0
112 156 40 16037.7 0 0
111 154 40 16041.9 0 0
108 155 40 16046.1 0 0
112 152 41 16050.3 0 0
107 156 40 16054.5 0 0
117 146 40 16058.7 0 0
117 147 40 16063 0 0
113 152 41 16067.2 0 0
117 145 40 16071.4 0 0
114 146 40 16075.6 0 0
108 153 40 16079.9 0 0
112 149 41 16084.1 0 0
110 150 41 16088.3 0 0
110 148 40 16092.5 0 0
110 153 40 16096.7 0 0
112 148 40 16100.9 0 0
110 157 40 16105.1 0 0
110 151 40 16109.3 0 0
115 152 41 16113.6 0 0
111 150 40 16117.8 0 0
108 152 40 16122 0 0
111 148 41 16126.2 0 0
114 150 41 16130.5 0 0
116 149 41 16134.7 0 0
108 154 40 16138.9 0 0
111 156 41 16143.1 0 0
113 156 40 16147.4 0 0
113 152 40 16151.5 0 0
109 155 40 16155.8 0 0
111 154 40 16160 0 0
113 151 42 16164.2 0 0
113 148 40 16168.4 0 0
114 152 41 16172.6 0 0
108 155 40 16176.8 0 0
112 149 41 16181 0 0
109 154 41 16185.2 0 0
112 149 41 16189.5 0 0
113 152 40 16193.7 0 0
108 154 41 16198 0 0
110 152 41 16202.2 0 0
113 151 41 16206.4 0 0
114 151 41 16210.6 0 0
108 152 41 16214.8 0 0
110 154 41 16219.1 0 0
112 148 41 16223.3 0 0
112 153 42 16227.6 0 0
108 156 41 16231.8 0 0
114 150 41 16236 0 0
109 154 41 16240.2 0 0
109 152 41 16244.4 0 0
112 152 41 16248.6 0 0
111 154 42 16252.8 0 0
109 159 42 16257 0 0
111 157 41 16261.3 0 0
108 155 41 16265.5 0 0
111 152 41 16269.7 0 0
112 156 41 16273.9 0 0
110 155 41 16278.1 0 0
112 156 41 16282.3 0 0
116 148 41 16286.5 0 0
110 156 41 16290.8 0 0
112 150 41 16295 0 0
109 153 41 16299.2 0 0
111 155 41 16303.5 0 0
111 158 41 16307.7 0 0
107 155 42 16311.9 0 0
110 154 41 16316.2 0 0
104 161 41 16320.5 0 0
112 154 40 16324.8 0 0
110 156 41 16329 0 0
112 157 41 16333.2 0 0
110 155 41 16337.4 0 0
107 155 42 16341.6 0 0
109 157 41 16345.8 0 0
108 155 42 16350 0 0
110 153 41 16354.2 0 0
107 160 42 16358.5 0 0
111 149 42 16362.8 0 0
109 155 41 16367 0 0
107 156 41 16371.2 0 0
107 158 42 16375.4 0 0
113 154 42 16379.6 0 0
109 152 42 16383.8 0 0
112 154 41 16388.1 0 0
111 152 41 16392.3 0 0
109 158 41 16396.5 0 0
115 152 42 16400.7 0 0
106 157 41 16404.9 0 0
106 161 42 16409.2 0 0
110 153 41 16413.4 0 0
112 156 42 16417.7 0 0
116 149 42 16421.9 0 0
109 160 41 16428.8 0 0
107 159 41 16433 0 0
113 150 41 16437.2 0 0
112 154 41 16441.4 0 0
107 158 41 16445.7 0 0
105 157 41 16449.9 0 0
113 150 41 16454.1 0 0
110 153 42 16458.3 0 0
107 161 41 16462.5 0 0
116 151 42 16466.7 0 0
109 155 42 16470.9 0 0
108 155 42 16475.2 0 0
111 156 41 16479.4 0 0
109 158 41 16483.6 0 0
108 154 42 16487.8 0 0
108 158 42 16492 0 0
108 158 42 16496.3 0 0
109 153 42 16500.5 0 0
107 156 41 16504.7 0 0
108 154 41 16509 0 0
109 157 41 16513.2 0 0
108 157 42 16517.4 0 0
113 154 42 16521.6 0 0
110 154 42 16528.5 0 0
111 151 42 16532.7 0 0
108 154 41 16537 0 0
109 156 42 16541.2 0 0
110 155 41 16545.5 0 0
114 148 42 16549.7 0 0
108 154 41 16553.9 0 0
110 152 42 16558.1 0 0
114 152 41 16562.3 0 0
112 152 42 16566.5 0 0
108 151 42 16570.8 0 0
110 157 41 16575 0 0
111 154 41 16579.2 0 0
110 153 42 16583.4 0 0
109 157 42 16587.6 0 0
114 148 42 16591.8 0 0
111 154 42 16596.1 0 0
112 148 42 16600.3 0 0
109 154 42 16604.5 0 0
113 150 42 16608.7 0 0
124 140 42 16613 0 0
112 153 41 16617.2 0 0
115 152 41 16621.4 0 0
108 153 41 16625.6 0 0
110 148 42 16629.8 0 0
112 149 42 16634.1 0 0
109 155 42 16638.3 0 0
110 153 42 16645.1 0 0
109 156 41 16649.4 0 0
104 160 42 16653.6 0 0
101 165 42 16657.8 0 0
106 161 42 16662 0 0
104 159 42 16666.2 0 0
117 148 42 16670.5 0 0
107 162 42 16674.7 0 0
108 154 42 16678.9 0 0
109 156 42 16683.1 0 0
106 157 42 16687.3 0 0
107 159 42 16691.6 0 0
110 153 42 16695.8 0 0
113 152 42 16700 0 0
114 154 42 16704.2 0 0
111 154 42 16708.4 0 0
112 152 42 16712.7 0 0
106 157 42 16716.9 0 0
117 148 42 16721.1 0 0
106 158 42 16725.3 0 0
110 154 42 16729.5 0 0
118 143 42 16733.7 0 0
110 155 42 16737.9 0 0
112 154 42 16742.1 0 0
109 150 42 16746.3 0 0
107 159 42 16750.5 0 0
109 157 43 16754.8 0 0
113 150 42 16759 0 0
110 155 42 16765.8 0 0
108 157 42 16770 0 0
107 155 41 16774.2 0 0
107 155 42 16778.5 0 0
112 152 42 16782.7 0 0
115 152 42 16786.9 0 0
105 161 42 16791.2 0 0
107 157 42 16795.4 0 0
106 157 42 16799.6 0 0
109 152 42 16803.8 0 0
111 151 42 16808 0 0
107 157 42 16812.2 0 0
106 158 42 16816.4 0 0
116 151 42 16820.7 0 0
108 155 42 16824.9 0 0
109 154 42 16829.1 0 0
110 155 42 16833.3 0 0
108 160 42 16837.5 0 0
112 152 41 16841.7 0 0
105 159 42 16845.9 0 0
115 150 41 16850.2 0 0
111 153 42 16854.4 0 0
115 149 42 16858.6 0 0
107 156 42 16862.8 0 0
110 160 42 16867 0 0
107 157 41 16871.2 0 0
113 151 42 16875.4 0 0
110 154 42 16879.6 0 0
105 154 42 16883.9 0 0
119 146 41 16890.6 0 0
110 156 42 16894.9 0 0
108 159 42 16899.1 0 0
113 151 42 16903.3 0 0
109 154 41 16907.6 0 0
111 153 42 16911.8 0 0
111 151 42 16916 0 0
116 150 42 16920.3 0 0
112 149 41 16924.5 0 0
116 145 41 16928.7 0 0
117 145 41 16932.9 0 0
109 154 41 16937.1 0 0
113 155 42 16941.3 0 0
108 151 42 16945.5 0 0
110 152 42 16949.8 0 0
110 154 41 16954 0 0
110 153 42 16958.2 0 0
111 153 42 16962.4 0 0
109 149 42 16966.6 0 0
115 147 41 16970.8 0 0
113 150 42 16975 0 0
109 154 42 16979.3 0 0
110 152 42 16983.5 0 0
111 151 41 16987.7 0 0
108 155 41 16991.9 0 0
112 156 41 16996.4 0 0
109 154 41 17003 0 0
108 157 41 17007.5 0 0
118 147 41 17011.7 0 0
109 153 41 17015.9 0 0
110 158 42 17020.2 0 0
122 140 41 17024.3 0 0
104 161 42 17028.5 0 0
112 154 42 17032.8 0 0
116 149 42 17037 0 0
121 144 42 17041.2 0 0
106 155 41 17045.5 0 0
112 156 41 17049.7 0 0
112 156 41 17053.9 0 0
112 148 41 17058.1 0 0
117 148 41 17062.3 0 0
110 154 42 17066.6 0 0
110 153 42 17070.8 0 0
113 154 41 17075.1 0 0
110 154 41 17079.3 0 0
117 147 42 17083.5 0 0
118 148 41 17087.7 0 0
111 150 41 17091.9 0 0
117 145 42 17096.1 0 0
111 148 42 17100.3 0 0
111 150 42 17107.4 0 0
112 147 41 17111.6 0 0
116 148 41 17115.8 0 0
111 152 41 17120 0 0
110 154 41 17124.2 0 0
110 153 42 17128.5 0 0
107 153 42 17132.7 0 0
107 156 42 17137 0 0
106 155 42 17141.2 0 0
113 156 41 17145.4 0 0
108 163 42 17149.6 0 0
110 157 41 17153.8 0 0
109 155 41 17158 0 0
108 156 42 17162.2 0 0
109 156 42 17166.4 0 0
107 161 42 17170.7 0 0
104 152 42 17174.9 0 0
112 155 41 17179.1 0 0
114 147 42 17183.3 0 0
110 150 42 17187.5 0 0
114 149 41 17191.7 0 0
113 150 41 17196.4 0 0
111 155 41 17200.6 0 0
111 153 42 17207.3 0 0
110 153 42 17211.5 0 0
114 153 42 17215.7 0 0
112 152 42 17219.9 0 0
113 146 42 17224.2 0 0
115 155 43 17228.4 0 0
114 148 42 17232.7 0 0
111 157 42 17236.9 0 0
108 158 41 17241.1 0 0
115 149 42 17245.3 0 0
110 156 41 17249.5 0 0
107 158 42 17253.7 0 0
111 154 42 17257.9 0 0
108 159 42 17262.2 0 0
111 161 41 17266.4 0 0
112 154 42 17270.6 0 0
113 156 42 17274.8 0 0
111 152 41 17279 0 0
112 153 41 17283.2 0 0
106 161 41 17287.4 0 0
112 154 41 17291.7 0 0
111 157 42 17295.9 0 0
108 158 41 17300.1 0 0
107 160 41 17304.3 0 0
108 164 41 17311.2 0 0
110 157 42 17315.4 0 0
111 157 42 17319.7 0 0
111 158 41 17323.9 0 0
107 162 42 17328.1 0 0
110 154 42 17332.3 0 0
109 156 42 17336.5 0 0
108 159 42 17340.8 0 0
109 157 42 17345 0 0
109 159 41 17349.2 0 0
106 159 42 17353.4 0 0
113 150 42 17357.7 0 0
108 150 42 17362 0 0
108 153 42 17366.2 0 0
112 154 42 17370.3 0 0
106 160 42 17374.5 0 0
118 150 42 17378.8 0 0
111 156 41 17383 0 0
113 147 42 17387.2 0 0
121 146 42 17391.5 0 0
108 154 42 17395.7 0 0
110 156 42 17399.9 0 0
110 156 42 17404.2 0 0
109 156 42 17408.4 0 0
109 156 42 17415.4 0 0
112 153 42 17422.2 0 0
107 157 42 17426.4 0 0
108 154 41 17431.8 0 0
113 154 42 17436.1 0 0
111 156 42 17440.3 0 0
108 156 42 17444.5 0 0
112 154 42 17448.8 0 0
113 152 42 17453 0 0
110 154 42 17457.2 0 0
111 152 42 17461.4 0 0
105 159 42 17465.6 0 0
107 159 43 17469.8 0 0
110 156 42 17474 0 0
109 156 42 17478.3 0 0
107 155 42 17482.5 0 0
110 158 42 17486.7 0 0
115 148 42 17490.9 0 0
107 161 42 17495.1 0 0
107 153 42 17499.3 0 0
108 158 43 17503.7 0 0
110 158 42 17507.9 0 0
114 153 42 17512.2 0 0
113 156 43 17516.4 0 0
108 155 42 17520.6 0 0
107 161 42 17524.8 0 0
114 153 42 17529 0 0
108 155 42 17533.2 0 0
108 155 42 17537.4 0 0
114 148 42 17547.2 0 0
106 149 42 17551.4 0 0
114 152 41 17557 0 0
111 150 42 17561.2 0 0
114 153 42 17565.4 0 0
111 152 42 17569.6 0 0
111 153 42 17573.8 0 0
115 149 42 17578 0 0
108 154 42 17582.2 0 0
113 156 42 17586.4 0 0
109 158 42 17590.6 0 0
107 157 42 17594.8 0 0
108 155 43 17599.1 0 0
109 154 43 17603.3 0 0
111 158 42 17607.5 0 0
105 157 42 17611.8 0 0
107 158 42 17616 0 0
113 152 42 17620.2 0 0
113 154 42 17624.3 0 0
112 156 42 17628.6 0 0
109 156 42 17632.8 0 0
108 155 42 17637 0 0
106 162 42 17641.2 0 0
111 154 42 17645.4 0 0
109 159 42 17649.6 0 0
110 157 42 17653.8 0 0
107 158 42 17658 0 0
111 156 42 17662.3 0 0
107 159 42 17669.1 0 0
108 156 42 17673.4 0 0
114 156 43 17677.6 0 0
111 158 42 17681.8 0 0
114 158 43 17686 0 0
108 156 42 17690.3 0 0
111 157 43 17694.5 0 0
112 152 42 17698.7 0 0
112 150 42 17702.9 0 0
117 148 42 17707.2 0 0
112 149 42 17711.4 0 0
114 148 42 17715.6 0 0
114 148 42 17719.8 0 0
115 149 43 17724 0 0
113 149 42 17728.2 0 0
113 149 42 17732.5 0 0
112 152 42 17736.7 0 0
110 150 42 17740.9 0 0
107 159 42 17745.1 0 0
112 152 43 17749.3 0 0
114 154 42 17753.5 0 0
116 146 42 17757.7 0 0
110 150 42 17762 0 0
113 152 42 17766.2 0 0
111 156 42 17770.4 0 0
110 158 42 17777.3 0 0
111 148 43 17781.5 0 0
112 152 42 17785.8 0 0
110 155 42 17790.1 0 0
113 148 42 17794.3 0 0
112 152 42 17798.5 0 0
111 150 42 17802.7 0 0
114 153 42 17806.9 0 0
109 158 42 17811.1 0 0
114 154 42 17815.5 0 0
108 155 43 17819.7 0 0
116 151 42 17824 0 0
115 151 42 17828.2 0 0
114 153 42 17832.4 0 0
112 157 42 17836.6 0 0
115 148 42 17840.8 0 0
116 154 42 17845 0 0
112 155 42 17849.2 0 0
116 150 42 17853.5 0 0
117 146 42 17857.7 0 0
109 157 42 17861.9 0 0
113 151 42 17866.1 0 0
113 151 42 17870.3 0 0
114 150 42 17875.3 0 0
112 146 42 17879.6 0 0
115 148 41 17883.8 0 0
116 147 42 17888 0 0
117 145 42 17892.3 0 0
113 149 42 17896.5 0 0
111 152 42 17900.7 0 0
117 147 41 17904.9 0 0
112 151 42 17909.1 0 0
116 148 42 17913.3 0 0
114 145 42 17917.6 0 0
111 146 41 17921.8 0 0
116 144 41 17926 0 0
119 143 41 17930.2 0 0
112 149 42 17934.4 0 0
112 152 41 17938.6 0 0
116 150 41 17942.8 0 0
117 145 41 17947 0 0
116 148 41 17951.3 0 0
114 147 41 17955.5 0 0
111 144 41 17959.7 0 0
114 148 42 17963.9 0 0
114 146 41 17968.1 0 0
113 149 41 17972.3 0 0
111 149 41 17976.6 0 0
116 147 42 17980.8 0 0
114 147 41 17985.1 0 0
112 146 41 17989.3 0 0
113 148 41 17993.5 0 0
114 148 41 17997.7 0 0
113 150 41 18001.9 0 0
111 150 42 18006.1 0 0
112 151 41 18010.4 0 0
111 153 41 18014.6 0 0
116 146 41 18018.8 0 0
117 146 41 18023 0 0
113 150 41 18027.2 0 0
116 146 41 18031.5 0 0
113 149 41 18035.7 0 0
116 145 41 18039.9 0 0
113 149 41 18044.2 0 0
117 145 41 18048.4 0 0
113 146 42 18052.6 0 0
117 143 41 18056.8 0 0
112 144 41 18061 0 0
115 150 41 18065.2 0 0
116 147 41 18069.6 0 0
118 148 41 18073.9 0 0
113 152 41 18078.1 0 0
115 142 41 18082.3 0 0
110 155 41 18086.5 0 0
112 154 41 18090.7 0 0
112 146 40 18094.9 0 0
115 143 41 18099.1 0 0
117 148 41 18103.4 0 0
116 150 41 18107.6 0 0
116 154 41 18111.9 0 0
116 145 41 18116.1 0 0
113 145 41 18120.3 0 0
117 140 41 18124.5 0 0
114 144 41 18128.9 0 0
119 141 41 18133.1 0 0
114 150 41 18137.4 0 0
114 150 40 18141.6 0 0
117 145 40 18145.8 0 0
107 155 41 18150 0 0
108 153 41 18154.2 0 0
109 156 41 18158.5 0 0
114 153 41 18162.7 0 0
111 151 41 18166.9 0 0
113 146 41 18171.1 0 0
109 145 41 18175.3 0 0
115 149 41 18179.5 0 0
113 152 41 18183.9 0 0
107 156 41 18188.1 0 0
110 152 40 18192.4 0 0
108 155 41 18196.6 0 0
111 153 41 18200.9 0 0
112 153 41 18205.1 0 0
111 152 41 18209.3 0 0
109 156 40 18213.5 0 0
111 152 41 18217.7 0 0
110 151 41 18222 0 0
114 151 41 18226.2 0 0
108 154 41 18230.4 0 0
111 152 41 18234.7 0 0
112 151 41 18238.9 0 0
113 149 40 18243.1 0 0
111 148 42 18247.3 0 0
112 146 41 18251.5 0 0
108 151 41 18255.7 0 0
111 153 41 18259.9 0 0
107 156 41 18264.2 0 0
112 150 40 18268.4 0 0
113 149 41 18272.6 0 0
114 149 41 18276.8 0 0
108 151 41 18281 0 0
111 156 41 18285.2 0 0
115 152 41 18289.4 0 0
114 151 40 18293.7 0 0
111 154 41 18297.9 0 0
108 152 41 18302.1 0 0
109 153 41 18306.3 0 0
110 154 41 18310.5 0 0
108 158 41 18314.7 0 0
116 152 41 18319 0 0
111 152 41 18323.2 0 0
112 153 41 18327.4 0 0
107 160 40 18331.6 0 0
108 150 41 18335.8 0 0
109 155 41 18340 0 0
115 151 41 18344.2 0 0
112 149 40 18348.5 0 0
111 151 41 18352.7 0 0
112 153 40 18356.9 0 0
115 149 41 18361.1 0 0
111 152 40 18365.3 0 0
115 151 41 18369.6 0 0
115 148 41 18373.8 0 0
113 147 42 18378 0 0
111 149 41 18382.2 0 0
114 152 40 18386.4 0 0
112 148 41 18390.6 0 0
108 149 41 18394.8 0 0
110 153 40 18399 0 0
111 151 40 18403.3 0 0
112 147 41 18407.5 0 0
111 151 40 18411.7 0 0
112 150 40 18416 0 0
112 149 41 18420.2 0 0
113 148 41 18424.4 0 0
113 149 41 18428.6 0 0
117 147 41 18432.8 0 0
112 149 41 18437 0 0
110 153 40 18441.2 0 0
121 143 41 18445.5 0 0
112 149 40 18449.7 0 0
112 155 40 18453.9 0 0
111 152 41 18458.1 0 0
116 145 41 18462.3 0 0
112 151 40 18466.5 0 0
111 150 40 18470.7 0 0
112 152 41 18474.9 0 0
113 149 40 18479.2 0 0
112 146 40 18483.4 0 0
108 152 41 18487.6 0 0
112 148 41 18491.8 0 0
110 154 40 18496 0 0
115 148 41 18500.2 0 0
113 148 41 18504.4 0 0
113 150 40 18508.7 0 0
110 151 40 18512.9 0 0
113 146 41 18517.1 0 0
114 148 41 18521.3 0 0
117 146 41 18525.5 0 0
111 150 41 18529.7 0 0
111 147 41 18533.9 0 0
109 149 40 18538.1 0 0
116 149 41 18542.4 0 0
114 150 41 18546.6 0 0
115 142 40 18550.8 0 0
114 148 41 18555 0 0
114 147 41 18559.2 0 0
115 147 40 18563.4 0 0
117 146 41 18567.6 0 0
115 148 40 18572.1 0 0
113 151 41 18576.4 0 0
107 158 41 18580.6 0 0
106 161 42 18584.8 0 0
113 154 40 18589 0 0
106 163 40 18593.2 0 0
109 154 42 18597.5 0 0
109 155 40 18601.7 0 0
116 152 41 18606 0 0
113 155 40 18610.2 0 0
109 157 40 18614.4 0 0
109 153 40 18618.6 0 0
108 157 40 18622.8 0 0
108 152 40 18627 0 0
111 156 41 18631.3 0 0
114 152 40 18635.5 0 0
110 151 41 18639.7 0 0
104 160 40 18643.9 0 0
111 151 40 18648.1 0 0
107 158 41 18652.3 0 0
111 155 41 18656.8 0 0
114 148 41 18661 0 0
107 159 41 18665.2 0 0
111 150 41 18669.4 0 0
110 156 40 18673.7 0 0
109 153 40 18677.9 0 0
109 155 41 18682.1 0 0
106 154 41 18686.3 0 0
111 153 41 18690.5 0 0
112 156 40 18694.7 0 0
109 157 40 18698.9 0 0
111 154 41 18703.1 0 0
117 144 40 18707.3 0 0
110 154 40 18711.5 0 0
112 149 41 18715.8 0 0
109 153 40 18720 0 0
111 154 40 18724.2 0 0
110 155 41 18728.4 0 0
111 152 40 18732.6 0 0
113 156 40 18736.9 0 0
113 149 41 18741.1 0 0
112 153 41 18745.3 0 0
112 151 40 18749.5 0 0
110 151 41 18753.7 0 0
115 152 40 18757.9 0 0
113 151 40 18762.2 0 0
113 150 40 18766.4 0 0
111 149 40 18770.6 0 0
108 156 41 18774.8 0 0
113 146 40 18779 0 0
107 153 41 18783.2 0 0
110 150 40 18787.4 0 0
116 147 41 18791.6 0 0
114 146 40 18795.9 0 0
113 149 40 18800.1 0 0
115 152 40 18804.3 0 0
112 144 40 18808.5 0 0
115 149 40 18812.7 0 0
115 149 40 18816.9 0 0
109 148 40 18821.2 0 0
115 150 40 18825.4 0 0
120 138 41 18829.6 0 0
117 146 41 18833.8 0 0
116 145 40 18838 0 0
111 153 40 18842.2 0 0
115 151 41 18846.4 0 0
114 147 41 18850.6 0 0
111 150 41 18854.9 0 0
114 153 40 18859.1 0 0
113 145 40 18863.3 0 0
114 145 40 18867.5 0 0
114 151 40 18871.7 0 0
115 148 41 18875.9 0 0
116 149 40 18880.1 0 0
107 161 41 18884.4 0 0
111 153 41 18888.6 0 0
114 148 41 18892.8 0 0
116 152 40 18897 0 0
109 153 41 18901.2 0 0
108 158 40 18905.5 0 0
112 152 41 18909.7 0 0
112 151 40 18913.9 0 0
107 160 41 18918.2 0 0
116 148 41 18922.6 0 0
114 150 41 18926.8 0 0
116 147 41 18931 0 0
114 145 41 18935.2 0 0
112 148 40 18939.4 0 0
118 147 41 18943.6 0 0
114 145 41 18947.9 0 0
113 146 41 18952.1 0 0
108 161 41 18956.3 0 0
111 158 40 18960.5 0 0
113 153 40 18964.7 0 0
111 153 41 18968.9 0 0
108 161 41 18973.1 0 0
105 155 41 18977.3 0 0
108 159 40 18981.6 0 0
109 155 40 18985.8 0 0
116 149 41 18990 0 0
108 156 40 18994.2 0 0
119 151 41 18998.4 0 0
117 147 41 19002.6 0 0
116 148 40 19006.8 0 0
114 152 42 19011 0 0
111 148 41 19015.3 0 0
112 152 41 19022.2 0 0
115 145 41 19026.5 0 0
113 149 41 19030.7 0 0
114 151 40 19034.9 0 0
112 150 41 19039.1 0 0
119 145 41 19043.4 0 0
109 150 41 19047.6 0 0
108 151 40 19051.8 0 0
113 152 41 19056 0 0
117 148 40 19060.2 0 0
113 148 41 19064.8 0 0
114 148 40 19069 0 0
115 150 41 19073.2 0 0
111 148 41 19077.4 0 0
112 149 40 19081.7 0 0
110 150 41 19085.8 0 0
110 151 40 19090 0 0
114 151 40 19097.2 0 0
112 151 40 19101.4 0 0
105 158 40 19105.7 0 0
110 157 40 19109.9 0 0
112 151 41 19114.1 0 0
112 151 41 19118.3 0 0
121 146 41 19122.5 0 0
108 160 41 19126.7 0 0
108 160 41 19131 0 0
116 153 41 19135.2 0 0
118 148 40 19139.4 0 0
111 156 40 19143.6 0 0
110 156 41 19147.8 0 0
110 155 41 19152 0 0
110 154 41 19156.2 0 0
115 152 40 19160.5 0 0
113 152 40 19164.7 0 0
112 152 40 19169 0 0
111 152 40 19173.4 0 0
112 157 40 19177.6 0 0
112 157 40 19181.8 0 0
108 158 40 19187.8 0 0
111 151 40 19192 0 0
109 149 40 19196.3 0 0
111 152 41 19200.5 0 0
112 155 40 19204.7 0 0
110 154 41 19208.9 0 0
111 156 40 19213.1 0 0
106 155 40 19217.3 0 0
115 152 40 19221.5 0 0
111 158 40 19225.8 0 0
110 155 41 19230 0 0
116 152 41 19234.2 0 0
112 156 41 19238.4 0 0
119 147 41 19242.6 0 0
121 145 40 19246.8 0 0
109 155 40 19251 0 0
111 154 40 19255.3 0 0
114 157 40 19259.6 0 0
112 156 40 19263.8 0 0
108 155 40 19268 0 0
111 146 40 19272.2 0 0
113 151 40 19276.4 0 0
111 157 40 19280.6 0 0
111 155 40 19284.8 0 0
106 153 41 19289 0 0
115 148 41 19293.3 0 0
114 153 41 19297.5 0 0
115 148 41 19301.8 0 0
114 155 40 19306 0 0
112 155 40 19310.2 0 0
112 150 40 19314.4 0 0
109 158 40 19318.6 0 0
111 152 40 19322.8 0 0
111 156 40 19327.1 0 0
113 150 40 19331.3 0 0
115 153 40 19335.5 0 0
110 152 40 19339.7 0 0
114 153 40 19344.1 0 0
114 148 41 19348.3 0 0
113 153 40 19352.6 0 0
112 150 40 19356.8 0 0
111 152 40 19361 0 0
116 146 40 19365.2 0 0
111 146 41 19369.4 0 0
112 150 40 19373.6 0 0
117 145 40 19377.9 0 0
108 157 40 19382.1 0 0
115 147 41 19386.3 0 0
113 150 41 19390.6 0 0
115 143 40 19394.8 0 0
112 150 40 19399 0 0
127 135 40 19403.2 0 0
127 135 40 19407.4 0 0
115 153 40 19411.7 0 0
115 152 40 19415.9 0 0
114 148 40 19420.1 0 0
115 151 40 19424.3 0 0
112 151 40 19428.5 0 0
111 152 40 19432.8 0 0
112 152 41 19437 0 0
115 148 40 19441.2 0 0
121 142 40 19445.4 0 0
115 148 40 19449.7 0 0
123 141 40 19453.9 0 0
109 158 40 19458.1 0 0
118 149 40 19462.3 0 0
118 149 40 19466.5 0 0
123 143 40 19470.8 0 0
110 156 40 19475 0 0
119 146 39 19479.2 0 0
110 155 40 19483.5 0 0
114 152 40 19487.7 0 0
120 145 40 19491.8 0 0
109 153 40 19496 0 0
115 150 40 19500.3 0 0
112 154 40 19504.5 0 0
114 152 39 19508.7 0 0
115 149 40 19513 0 0
125 139 39 19517.2 0 0
125 141 39 19521.4 0 0
115 146 40 19525.6 0 0
117 145 40 19529.8 0 0
125 142 40 19534.1 0 0
110 153 39 19538.3 0 0
115 151 39 19542.6 0 0
111 152 39 19546.8 0 0
115 145 39 19551 0 0
121 146 39 19555.2 0 0
111 152 40 19559.4 0 0
115 145 39 19563.6 0 0
112 151 39 19568 0 0
116 148 40 19572.3 0 0
125 141 40 19576.5 0 0
113 148 40 19580.8 0 0
114 152 40 19585 0 0
114 147 39 19589.2 0 0
115 149 39 19593.4 0 0
117 148 40 19597.6 0 0
113 148 39 19601.9 0 0
117 150 38 19606.1 0 0
123 138 39 19610.3 0 0
110 152 38 19614.5 0 0
124 139 39 19618.7 0 0
123 141 39 19623 0 0
113 154 38 19627.2 0 0
125 136 38 19634.2 0 0
113 148 39 19638.4 0 0
122 141 39 19642.6 0 0
115 147 38 19646.8 0 0
115 148 39 19651 0 0
133 129 39 19655.2 0 0
111 155 38 19659.4 0 0
117 149 38 19663.6 0 0
123 143 38 19667.9 0 0
115 148 38 19672.1 0 0
112 150 38 19676.3 0 0
123 142 38 19680.5 0 0
112 150 38 19684.7 0 0
127 138 38 19688.9 0 0
112 151 38 19693.1 0 0
124 143 38 19697.4 0 0
116 146 38 19701.6 0 0
114 150 38 19705.9 0 0
129 132 38 19710.1 0 0
116 147 38 19714.3 0 0
123 139 38 19718.5 0 0
115 153 38 19722.7 0 0
111 153 38 19727 0 0
111 152 38 19734 0 0
132 132 37 19738.3 0 0
106 157 37 19742.6 0 0
125 139 37 19746.8 0 0
113 152 37 19751 0 0
109 154 37 19755.3 0 0
114 150 38 19759.5 0 0
112 153 38 19763.8 0 0
125 138 37 19768 0 0
124 140 38 19772.2 0 0
112 152 37 19776.4 0 0
112 153 37 19780.6 0 0
122 142 37 19784.8 0 0
119 146 37 19789 0 0
112 156 37 19793.3 0 0
113 155 37 19797.5 0 0
109 151 38 19801.7 0 0
109 151 37 19806 0 0
112 156 37 19810.2 0 0
110 154 37 19814.4 0 0
126 140 37 19821.5 0 0
115 138 37 19825.7 0 0
115 138 37 19829.9 0 0
116 143 36 19834.1 0 0
112 152 37 19838.3 0 0
116 148 37 19842.5 0 0
119 143 37 19846.8 0 0
114 146 36 19851 0 0
121 145 36 19855.2 0 0
113 149 37 19859.5 0 0
120 143 37 19863.7 0 0
116 144 36 19867.9 0 0
119 147 37 19872.1 0 0
121 145 37 19876.3 0 0
121 145 36 19880.5 0 0
117 144 37 19884.8 0 0
118 143 37 19889 0 0
118 143 36 19893.2 0 0
121 142 37 19897.4 0 0
116 147 36 19901.6 0 0
129 132 37 19905.8 0 0
116 145 37 19910.1 0 0
124 136 37 19914.3 0 0
116 145 37 19918.5 0 0
119 146 37 19925.4 0 0
111 149 36 19929.6 0 0
115 148 37 19933.9 0 0
121 145 36 19938.1 0 0
114 149 36 19942.4 0 0
109 154 37 19946.6 0 0
113 152 37 19950.8 0 0
112 150 36 19955 0 0
122 140 36 19959.2 0 0
109 148 36 19963.4 0 0
113 152 37 19967.6 0 0
115 152 37 19971.8 0 0
113 146 36 19976.1 0 0
115 147 37 19980.3 0 0
113 150 36 19984.5 0 0
111 152 37 19988.7 0 0
116 150 36 19993 0 0
116 151 36 19997.2 0 0
110 148 37 20001.4 0 0
113 148 36 20005.6 0 0
112 149 36 20009.9 0 0
110 155 36 20014.1 0 0
108 154 37 20018.3 0 0
112 148 37 20022.5 0 0
112 148 37 20026.7 0 0
117 147 36 20031.5 0 0
113 153 37 20035.8 0 0
121 143 37 20040 0 0
122 142 37 20044.2 0 0
118 140 36 20048.4 0 0
123 142 37 20052.6 0 0
116 144 36 20056.8 0 0
117 149 37 20061 0 0
114 148 36 20065.3 0 0
119 147 37 20069.5 0 0
113 148 37 20073.7 0 0
116 148 37 20077.9 0 0
114 146 37 20082.2 0 0
119 147 37 20086.3 0 0
112 151 37 20090.5 0 0
118 140 36 20094.8 0 0
108 158 37 20099 0 0
111 154 37 20103.2 0 0
109 154 36 20107.4 0 0
111 154 37 20111.7 0 0
116 150 37 20115.8 0 0
105 161 37 20120.1 0 0
109 153 37 20124.3 0 0
107 159 37 20128.5 0 0
113 152 37 20132.7 0 0
114 152 37 20137 0 0
108 153 37 20141.2 0 0
108 157 37 20145.4 0 0
116 149 37 20149.6 0 0
110 152 36 20153.8 0 0
105 160 37 20158 0 0
112 154 36 20162.2 0 0
112 154 37 20166.5 0 0
111 151 37 20170.7 0 0
115 148 37 20174.9 0 0
115 145 36 20179.1 0 0
113 150 37 20183.3 0 0
110 153 37 20187.6 0 0
108 156 37 20191.8 0 0
112 148 37 20196 0 0
112 157 37 20200.3 0 0
110 156 37 20204.5 0 0
110 152 37 20208.7 0 0
113 150 37 20212.9 0 0
105 157 37 20217.1 0 0
114 150 37 20221.3 0 0
110 150 36 20225.5 0 0
111 157 37 20229.7 0 0
111 154 38 20234 0 0
110 153 37 20238.2 0 0
111 153 37 20242.4 0 0
116 148 37 20246.6 0 0
110 152 37 20250.8 0 0
112 156 37 20255 0 0
109 152 38 20259.3 0 0
109 155 37 20263.5 0 0
106 159 38 20267.7 0 0
110 154 37 20271.9 0 0
112 145 36 20276.1 0 0
115 150 37 20280.3 0 0
113 148 37 20284.5 0 0
115 146 37 20288.8 0 0
111 150 38 20293.3 0 0
113 152 37 20297.5 0 0
116 147 37 20301.7 0 0
108 157 37 20305.9 0 0
112 152 37 20310.1 0 0
115 148 37 20314.3 0 0
108 154 38 20318.6 0 0
114 156 38 20322.8 0 0
107 151 37 20327 0 0
107 155 37 20331.2 0 0
111 150 37 20335.4 0 0
106 158 37 20339.6 0 0
115 149 38 20343.8 0 0
115 151 37 20348.1 0 0
117 145 38 20352.3 0 0
112 145 38 20356.5 0 0
114 146 38 20360.7 0 0
113 151 37 20364.9 0 0
111 147 37 20369.2 0 0
113 149 38 20373.4 0 0
109 154 37 20377.6 0 0
113 147 37 20381.8 0 0
113 153 38 20386 0 0
114 146 37 20390.2 0 0
117 147 38 20394.5 0 0
113 152 37 20398.7 0 0
115 150 37 20402.9 0 0
112 148 38 20407.1 0 0
108 155 38 20411.3 0 0
114 152 38 20415.5 0 0
120 149 38 20419.8 0 0
108 155 38 20424 0 0
110 154 38 20428.2 0 0
110 154 37 20432.4 0 0
110 156 38 20436.6 0 0
120 146 38 20440.8 0 0
110 150 38 20445 0 0
114 151 39 20449.2 0 0
115 145 38 20453.5 0 0
110 154 38 20457.7 0 0
116 146 38 20461.9 0 0
113 150 38 20466.1 0 0
109 155 38 20470.3 0 0
111 154 37 20474.5 0 0
115 143 38 20478.7 0 0
115 152 38 20483 0 0
113 152 38 20487.2 0 0
113 156 38 20491.4 0 0
115 147 38 20495.6 0 0
114 152 38 20499.8 0 0
116 150 38 20504.1 0 0
115 150 39 20508.3 0 0
113 153 38 20512.6 0 0
112 154 37 20516.8 0 0
106 160 38 20521 0 0
110 156 37 20525.2 0 0
116 149 38 20529.4 0 0
115 150 38 20533.6 0 0
105 159 38 20537.8 0 0
112 149 38 20542.1 0 0
115 147 38 20546.3 0 0
113 149 38 20550.5 0 0
118 145 38 20554.7 0 0
111 158 38 20558.9 0 0
108 156 38 20563.1 0 0
118 144 38 20567.3 0 0
113 148 38 20571.6 0 0
112 154 39 20575.8 0 0
111 148 38 20580 0 0
115 148 38 20584.2 0 0
113 151 38 20588.4 0 0
113 155 37 20592.6 0 0
113 155 38 20596.8 0 0
113 149 38 20601.1 0 0
112 153 38 20605.3 0 0
115 148 38 20609.5 0 0
110 153 38 20613.7 0 0
115 148 38 20617.9 0 0
115 147 37 20624.7 0 0
115 146 38 20628.9 0 0
113 148 38 20633.2 0 0
113 151 38 20637.4 0 0
114 144 38 20641.7 0 0
117 145 39 20645.9 0 0
115 148 38 20650.1 0 0
108 152 38 20654.3 0 0
120 146 38 20658.5 0 0
112 150 38 20662.7 0 0
113 148 38 20667 0 0
113 148 38 20671.2 0 0
115 148 38 20675.4 0 0
115 148 38 20679.6 0 0
112 151 39 20683.8 0 0
115 149 38 20688 0 0
115 148 38 20692.2 0 0
113 151 38 20696.5 0 0
110 154 39 20700.7 0 0
112 154 38 20704.9 0 0
114 148 39 20709.1 0 0
115 154 39 20713.3 0 0
111 154 38 20717.5 0 0
113 152 38 20721.8 0 0
111 153 39 20726 0 0
112 154 38 20733.1 0 0
109 151 38 20737.3 0 0
117 145 38 20741.5 0 0
106 156 39 20745.7 0 0
106 155 39 20749.9 0 0
112 154 38 20754.2 0 0
113 150 38 20758.4 0 0
119 145 38 20762.6 0 0
115 146 38 20766.8 0 0
110 153 38 20771 0 0
114 153 39 20775.2 0 0
114 152 39 20779.4 0 0
114 154 39 20783.6 0 0
111 153 38 20787.9 0 0
114 152 39 20792.1 0 0
114 154 39 20796.3 0 0
112 154 38 20800.5 0 0
118 143 39 20804.7 0 0
108 156 39 20808.9 0 0
115 153 38 20813.1 0 0
111 155 39 20817.3 0 0
116 148 38 20821.6 0 0
114 154 39 20825.8 0 0
113 151 39 20830 0 0
115 152 39 20834.2 0 0
113 151 39 20838.4 0 0
119 147 39 20842.6 0 0
109 152 38 20849.7 0 0
109 159 39 20853.9 0 0
108 157 39 20858.1 0 0
113 149 39 20862.4 0 0
114 148 39 20866.6 0 0
114 151 39 20870.8 0 0
113 154 39 20875 0 0
108 158 39 20879.2 0 0
116 152 39 20883.5 0 0
113 148 39 20887.7 0 0
119 145 40 20891.9 0 0
113 149 39 20896.1 0 0
113 153 39 20900.3 0 0
117 147 39 20904.5 0 0
114 150 39 20908.7 0 0
126 141 40 20912.9 0 0
114 148 39 20917.2 0 0
118 150 39 20921.4 0 0
117 147 39 20925.6 0 0
115 150 39 20929.8 0 0
116 147 39 20934 0 0
113 151 39 20938.2 0 0
108 157 39 20942.4 0 0
113 152 40 20946.7 0 0
119 147 39 20950.9 0 0
115 152 39 20957.8 0 0
111 154 39 20962.1 0 0
122 144 40 20966.3 0 0
110 154 39 20970.5 0 0
116 151 39 20974.7 0 0
114 150 40 20978.9 0 0
111 158 40 20983.2 0 0
119 148 40 20987.4 0 0
110 154 40 20991.6 0 0
113 150 40 20995.8 0 0
108 160 40 21000 0 0
111 156 40 21004.2 0 0
117 149 40 21008.4 0 0
110 153 40 21012.7 0 0
