44051.9,108,116
44059,121,120
44063.2,121,197
44068.1,121,197
44072.4,121,197
44076.8,121,197
44081,121,197
44085.2,121,197
44089.4,121,197
44093.7,121,197
44097.9,121,197
44102.1,121,197
44106.3,121,197
44110.6,121,197
44114.8,121,197
44118.9,121,197
44123.2,121,197
44127.4,121,197
44131.6,121,197
44135.8,121,197
44140,121,197
44144.2,121,197
44148.4,121,197
44152.7,121,197
44156.9,121,197
44161.1,156,316
44165.3,145,185
44172.5,146,200
44180.8,141,204
44189.2,144,218
44197.5,148,227
44205.9,146,241
44214.2,146,254
44222.5,148,260
44230.9,148,266
44239.4,148,266
44246.6,146,269
44250.8,150,279
44255.9,150,278
44260.1,149,278
44264.4,150,272
44268.6,147,268
44272.8,146,272
44277,148,261
44281.2,148,252
44285.5,146,247
44289.7,147,255
44293.9,143,235
44298.1,146,235
44302.3,147,235
44306.5,145,222
44310.8,145,222
44315,144,219
44319.2,146,215
44323.4,145,216
44327.6,147,217
44331.8,145,213
44336.1,143,209
44340.2,146,217
44344.5,143,215
44348.7,146,217
44355.6,141,214
44360,146,210
44364.2,143,219
44368.4,146,216
44372.7,144,213
44376.9,146,217
44381.1,145,219
44385.3,142,223
44389.5,147,223
44393.7,143,222
44397.9,144,233
44402.2,147,218
44406.4,145,220
44410.6,143,217
44414.8,143,217
44419,143,217
44423.2,144,232
44427.4,143,238
44431.6,143,238
44435.9,143,238
44440.1,143,238
44444.3,143,238
44448.5,143,238
44452.7,143,238
44456.9,143,238
44461.2,143,238
44468,143,238
44472.2,143,238
44476.4,143,238
44480.7,143,238
44484.9,143,238
44489.1,143,238
44493.3,107,211
44497.5,110,188
44501.7,111,190
44506,110,184
44511.3,112,181
44515.5,107,173
44522.2,107,172
44526.4,111,169
44530.6,109,162
44534.8,111,173
44539.1,110,159
44543.3,108,160
44547.5,111,160
44551.7,109,157
44555.9,111,160
44560.1,106,160
44564.3,109,162
44568.5,109,159
44572.7,108,155
44576.9,108,163
44581.2,109,162
44585.4,106,162
44589.6,109,167
44593.8,112,162
44598,110,168
44602.2,106,165
44606.4,108,163
44610.7,110,166
44614.8,112,173
44619.1,109,167
44623.3,109,164
44627.5,109,166
44631.7,109,166
44637.2,109,165
44641.4,108,184
44645.6,111,166
44649.9,106,165
44654.1,109,162
44658.4,111,166
44662.6,110,164
44666.8,107,164
44671,106,164
44675.2,109,161
44679.4,109,155
44683.6,111,157
44687.9,110,163
44692.1,108,155
44696.5,102,144
44700.7,89,140
44704.9,89,140
44709.1,89,140
44713.3,89,140
44717.6,89,140
44721.8,89,140
44726.1,89,140
44730.3,89,140
44734.5,89,140
44738.7,77,111
44742.9,77,111
44747.1,77,111
44751.3,78,102
44755.6,78,102
44759.8,78,99
44764,78,97
44768.2,78,97
44772.4,78,93
44776.6,78,94
44780.8,80,91
44785.1,78,94
44789.3,79,91
44793.5,76,94
44797.7,79,95
44801.9,79,97
44806.1,76,97
44810.3,77,100
44814.5,74,103
44818.7,76,111
44823,76,111
44827.2,76,111
44831.4,75,117
44835.6,72,121
44839.8,72,121
44844.1,72,121
44848.3,71,131
44852.5,72,135
44856.7,74,159
44860.9,74,159
44865.1,74,159
44869.3,71,175
44873.5,71,175
44877.7,71,175
44881.9,71,175
44886.1,71,175
44890.4,71,175
44894.6,71,175
44898.9,71,175
44903.1,71,175
44907.3,71,175
44911.5,71,175
44915.8,81,271
44920,81,271
44924.2,81,271
44928.4,83,276
44932.6,83,276
44936.9,83,276
44941.1,83,276
44945.3,83,276
44949.6,83,276
44953.8,83,276
44958,83,276
44962.2,83,276
44966.4,83,276
44970.6,83,276
44974.8,83,276
44979.1,83,276
44983.3,83,276
44987.5,83,276
44991.7,83,276
44995.9,83,276
45000.1,83,276
45004.4,115,282
45008.6,117,304
45012.8,122,308
45017,120,310
45021.2,129,315
45025.4,125,313
45029.6,122,305
45033.8,123,311
45038.1,121,310
45042.3,124,309
45046.5,122,312
45050.7,127,316
45055,125,316
45059.2,127,316
45063.4,127,320
45067.6,130,323
45071.8,126,325
45076.1,128,329
45080.2,127,330
45084.4,127,335
45088.7,129,333
45092.9,127,336
45097.1,129,335
45101.3,127,334
45105.5,126,331
45109.7,125,332
45113.9,129,333
45118.1,127,328
45122.3,126,329
45126.5,125,325
45130.7,124,321
45134.9,124,321
45139.2,126,319
45143.4,125,315
45147.6,123,314
45151.8,124,314
45156.1,121,314
45160.3,126,313
45164.5,120,315
45168.7,121,315
45172.9,126,318
45177.1,122,316
45181.3,123,319
45185.5,123,317
45189.8,121,318
45194,126,316
45198.2,122,309
45202.4,124,314
45206.6,124,310
45210.8,120,308
45215,123,303
45219.2,123,303
45223.5,122,296
45227.7,124,293
45231.9,118,287
45236.1,121,288
45240.3,119,277
45244.5,116,276
45248.8,117,271
45253,114,266
45257.2,118,260
45261.4,118,260
45265.7,115,235
45269.9,115,235
45274.1,114,251
45278.3,118,255
45282.5,118,253
45286.7,115,250
45290.9,116,233
45295.2,116,233
45299.3,115,247
45303.6,112,249
45307.8,115,248
45312.2,115,248
45316.5,116,252
45320.7,109,246
45324.9,108,242
45329.2,110,243
45333.4,112,251
45337.6,112,244
45341.8,108,253
45346,108,249
45350.2,108,249
45354.4,107,257
45358.7,109,258
45362.9,109,257
45367.1,106,255
45371.3,110,258
45375.5,109,260
45379.7,109,260
45383.9,107,257
45388.1,109,255
45392.4,109,255
45396.6,107,252
45400.8,107,249
45405.1,108,249
45409.3,108,252
45413.5,107,250
45417.7,106,244
45421.9,104,241
45426.1,104,241
45430.3,104,241
45434.5,105,229
45438.8,108,233
45443,107,232
45447.2,106,226
45451.4,106,226
45455.7,104,220
45459.8,106,218
45464.1,105,217
45468.3,102,213
45472.5,107,214
45476.7,105,212
45481.2,103,218
45485.4,103,218
45489.6,106,213
45493.8,103,212
45498,103,212
45502.2,104,218
45506.5,106,209
45510.7,103,213
45514.9,109,215
45519.1,108,209
45523.3,105,215
45527.6,105,215
45531.8,83,214
45536,83,214
45540.2,75,203
45544.5,71,206
45548.7,69,218
45552.9,68,213
45557.1,70,217
45561.4,71,217
45565.6,71,217
45569.8,71,217
45574,71,217
45578.2,72,222
45582.4,72,222
45586.7,72,222
45590.9,72,222
45595.1,72,222
45599.3,72,222
45603.6,72,232
45607.8,74,235
45612,74,235
45616.2,74,235
45620.4,72,244
45624.6,72,244
45628.8,72,244
45633,72,244
45637.2,72,244
45641.4,74,259
45646,73,262
45650.2,73,276
45654.5,68,269
45658.7,68,269
45662.9,68,269
45667.1,68,269
45671.3,73,280
45675.5,73,280
45679.7,73,280
45684,73,280
45688.2,73,280
45692.4,72,291
45696.7,72,291
45700.9,74,292
45705.1,75,293
45709.3,75,292
45713.5,75,292
45717.7,79,289
45721.9,79,289
45726.2,76,292
45730.4,73,288
45734.6,73,288
45738.8,72,288
45743,75,284
45747.2,72,273
45751.4,75,265
45755.7,75,265
45759.9,75,257
45764.1,71,261
45768.3,70,252
45772.5,72,248
45776.7,73,250
45780.9,72,237
45785.1,72,236
45789.4,72,236
45793.6,71,234
45797.8,70,232
45802,71,217
45806.2,71,217
45810.5,69,210
45814.7,69,210
45818.9,69,210
45823.1,77,184
45827.3,77,184
45831.6,81,190
45835.8,81,179
45840.2,81,179
45844.4,81,179
45848.7,85,180
45852.9,88,176
45857.1,88,176
45861.3,88,176
45865.5,88,176
45869.7,88,176
45873.9,88,176
45878.2,88,176
45882.4,110,110
45886.6,94,159
45890.8,94,156
45895,92,156
45899.2,92,156
45903.5,92,156
45907.7,92,156
45911.9,92,156
45916.2,91,140
45920.4,91,140
45924.6,91,140
45928.8,91,140
45933,91,140
45937.3,91,131
45941.5,91,131
45945.8,92,125
45950,92,125
45954.2,92,125
45958.4,92,125
45962.7,92,125
45966.9,91,129
45971.1,90,128
45975.3,88,129
45979.6,90,129
45983.8,91,130
45988,89,130
45992.2,89,130
45996.4,88,121
46000.6,92,134
46004.8,91,122
46009.1,91,122
46013.3,91,122
46017.5,91,122
46021.7,87,136
46025.9,88,126
46030.1,89,136
46034.3,89,136
46038.6,89,136
46042.8,89,136
46047,89,129
46053.9,89,129
46058.1,86,129
46062.3,91,129
46066.6,89,133
46070.8,89,133
46075,89,133
46079.2,88,136
46083.4,88,134
46087.6,88,134
46091.8,87,124
46096.1,87,136
46100.3,88,133
46104.5,89,141
46108.7,93,131
46112.9,90,135
46117.1,81,135
46121.3,75,134
46125.6,71,141
46129.8,71,128
46134,67,129
46138.2,73,135
46142.4,77,139
46146.7,76,154
46151,72,161
46158.1,74,167
46162.3,72,171
46166.6,73,175
46170.8,76,180
46175,72,184
46179.2,75,189
46183.4,71,192
46187.6,71,192
46191.8,71,205
46196,71,206
46200.2,68,215
46204.4,73,219
46208.6,73,223
46212.8,71,227
46217.1,73,237
46221.3,75,246
46225.5,71,249
46229.7,75,257
46234,68,263
46238.2,74,270
46242.5,73,273
46246.8,73,273
46251.1,73,273
46257.9,73,273
46262.2,73,273
46266.4,73,273
46270.7,73,273
46274.8,73,273
46279.1,73,273
46283.3,73,273
46287.5,73,273
46291.8,73,273
46296,73,273
46300.2,73,273
46304.4,73,273
46308.6,73,273
46312.8,73,273
46317,73,273
46321.2,73,273
46325.4,73,273
46329.6,73,273
46333.8,73,273
46338,73,273
46342.3,73,273
46346.5,73,273
46350.7,73,273
46355,73,273
46361.9,73,273
46366.1,73,273
46370.3,73,273
46374.5,73,280
46378.7,84,276
46383.1,77,276
46387.2,75,279
46391.5,77,278
46395.7,69,270
46399.9,75,280
46404.1,70,268
46408.4,74,268
46412.6,72,268
46416.8,72,269
46421,72,269
46425.2,76,269
46429.4,76,269
46433.6,71,271
46437.9,75,273
46442.1,75,273
46446.4,72,274
46450.6,72,274
46454.8,70,272
46459,74,272
46463.2,73,272
46467.4,73,269
46471.6,69,276
46475.9,69,276
46481,70,277
46485.2,69,258
46489.4,72,260
46493.6,69,266
46497.8,67,257
46502.1,66,252
46506.3,71,249
46510.6,71,249
46514.8,69,247
46519,71,248
46523.2,65,242
46527.4,69,241
46531.6,67,247
46535.8,69,244
46540.1,65,241
46544.3,65,241
46548.5,67,253
46552.7,66,239
46556.9,70,243
46561.1,70,243
46565.3,70,243
46569.5,70,243
46573.8,70,243
46578,70,243
46582.2,70,243
46586.4,70,243
46590.6,70,243
46594.8,70,243
46599.1,70,243
46603.4,70,243
46607.6,70,243
46611.8,70,243
46616,70,243
46620.2,70,243
46624.4,70,243
46628.6,70,243
46632.8,117,298
46637,119,304
46641.2,120,305
46645.5,117,302
46649.7,117,295
46653.9,119,304
46658.1,115,296
46662.4,113,295
46666.6,114,292
46670.8,112,289
46675,114,294
46679.2,114,288
46683.4,110,262
46687.6,111,261
46691.8,109,259
46696.1,114,279
46700.3,114,262
46704.5,112,254
46708.7,112,273
46712.9,112,257
46717.1,111,255
46721.3,111,255
46725.6,110,255
46729.8,114,272
46734,113,256
46738.2,114,253
46742.6,116,272
46746.8,112,256
46751,118,272
46755.3,108,255
46759.5,108,252
46763.7,112,250
46767.9,113,253
46772.1,113,255
46776.3,115,248
46780.5,113,249
46784.8,111,242
46789,110,242
46793.2,110,242
46797.4,112,255
46801.6,111,232
46805.8,112,230
46810,111,229
46814.2,110,227
46818.4,110,220
46822.7,109,219
46826.9,110,213
46831.1,111,212
46835.3,113,210
46839.5,113,217
46843.7,110,212
46848,107,213
46852.2,110,208
46856.4,109,211
46860.6,106,212
46864.8,110,211
46869,112,216
46873.2,109,215
46877.4,109,221
46881.7,109,224
46885.9,111,219
46890.1,109,227
46894.3,109,235
46898.5,111,229
46902.7,110,239
46906.9,112,239
46911.1,119,242
46917.1,123,245
46921.3,137,244
46925.5,137,264
46929.7,138,270
46933.9,133,271
46938.1,133,276
46942.3,134,278
46946.8,131,275
46951,131,273
46955.2,132,273
46959.4,132,266
46963.6,135,272
46967.8,135,272
46972,133,252
46976.3,133,266
46980.5,134,266
46984.7,131,244
46988.9,132,240
46993.1,130,237
46997.3,132,232
47001.6,132,230
47005.8,131,229
47010,132,239
47014.2,128,218
47018.4,132,231
47022.7,127,214
47026.9,131,224
47031.1,130,226
47035.3,129,208
47039.5,130,218
47043.7,125,200
47047.9,130,198
47052.1,125,198
47056.3,129,212
47060.6,127,209
47064.8,128,209
47069,129,207
47073.2,125,200
47077.5,130,188
47081.7,127,201
47085.9,129,204
47090.1,131,200
47094.3,126,184
47098.5,128,187
47102.8,130,202
47107,128,200
47111.2,129,186
47115.4,128,199
47119.6,127,202
47123.8,128,186
47128,125,200
47132.2,127,185
47136.4,125,200
47140.7,126,185
47144.9,129,205
47149.1,128,205
47153.3,131,207
47157.5,129,206
47161.8,130,206
47166,128,205
47170.2,129,203
47174.4,127,202
47178.6,126,200
47182.8,127,203
47187.1,126,203
47191.3,128,197
47195.5,126,201
47199.7,125,205
47203.9,125,200
47208.1,129,205
47212.3,126,202
47216.6,128,203
47220.8,126,197
47225,126,197
47230.9,125,194
47235.1,126,191
47239.4,126,188
47243.6,129,192
47247.8,124,185
47252,122,187
47256.2,128,186
47260.4,128,186
47264.7,123,170
47268.9,124,185
47273.1,125,171
47277.3,126,184
47281.5,123,185
47285.7,126,185
47289.9,123,184
47294.2,125,185
47298.4,125,188
47302.6,128,191
47306.8,126,193
47311,127,196
47315.2,125,189
47319.4,126,192
47323.6,126,194
47327.8,123,200
47332.1,128,203
47336.3,127,204
47340.5,125,203
47344.7,125,203
47348.9,125,210
47354.2,125,209
47358.5,126,206
47362.7,132,221
47366.9,132,217
47371.1,130,217
47375.3,129,225
47379.5,130,227
47383.7,132,224
47387.9,129,223
47392.2,128,217
47396.4,128,217
47400.6,128,217
47404.8,128,217
47409,128,217
47413.3,128,217
47417.5,128,217
47421.7,128,217
47425.9,128,217
47430.1,128,217
47434.3,128,217
47438.5,128,217
47442.8,128,217
47447,131,234
47451.2,131,244
47455.4,129,250
47459.6,126,256
47463.8,128,258
47468,131,270
47472.3,135,272
47476.5,132,272
47480.7,133,276
47484.9,131,278
47489.1,132,283
47493.3,132,283
47497.5,130,286
47501.7,133,294
47506,131,295
47510.2,134,298
47514.4,134,298
47518.7,136,306
47522.8,138,305
47527.1,132,303
47531.3,133,304
47535.5,133,304
47539.7,133,304
47543.9,130,309
47548.2,135,314
47552.3,135,314
47556.6,137,312
47560.8,137,312
47565,133,304
47569.2,131,308
47573.5,133,309
47577.7,133,306
47581.9,134,304
47586.1,131,297
47590.3,132,294
47594.5,133,298
47598.8,135,292
47603,125,283
47607.2,132,286
47611.4,133,280
47615.6,129,275
47619.8,129,277
47624,129,271
47628.2,128,267
47632.4,124,263
47636.7,129,260
47640.9,128,255
47645.1,128,259
47649.3,125,250
47653.5,126,246
47657.7,131,249
47662,125,226
47666.2,129,237
47670.4,125,231
47674.6,124,216
47678.8,126,216
47683,124,211
47687.3,125,229
47691.5,125,207
47695.7,126,224
47699.9,122,208
47704.1,123,203
47708.3,128,208
47712.5,125,201
47716.7,121,203
47720.9,126,221
47725.2,121,203
47729.4,123,199
47733.6,124,201
47737.8,126,216
47742,124,198
47746.2,124,199
47750.4,123,220
47754.7,128,218
47758.9,127,218
47763.1,127,215
47767.3,125,203
47771.5,124,218
47775.7,115,202
47779.9,101,199
47784.2,94,213
47788.4,82,208
47792.6,81,201
47796.8,75,204
47801,73,201
47805.2,69,204
47809.4,71,202
47813.6,66,198
47817.8,68,199
47822.1,75,196
47826.3,77,194
47830.5,70,189
47834.7,72,188
47838.9,65,183
47843.2,69,185
47847.4,70,184
47851.6,72,185
47855.8,70,180
47860,72,179
47864.2,68,176
47868.4,74,175
47872.6,68,176
47876.9,72,179
47881.3,74,175
47885.6,74,171
47889.9,72,172
47894.1,71,170
47898.3,72,168
47902.5,71,168
47906.7,72,168
47910.9,72,168
47915.2,68,167
47919.4,73,169
47923.6,74,172
47927.8,71,177
47932,74,174
47936.2,69,172
47940.4,71,174
47944.7,70,178
47948.9,68,178
47953.1,72,181
47957.3,70,182
47961.6,69,187
47965.9,69,190
47970.1,73,189
47974.3,68,191
47978.6,76,201
47982.8,67,202
47987,68,206
47991.2,70,203
47995.4,71,210
47999.7,68,209
48003.9,69,220
48008.1,70,222
48012.3,67,225
48016.6,71,227
48020.8,66,228
48025,73,227
48029.2,70,232
48033.4,63,230
48037.6,67,236
48041.8,65,237
48046,69,236
48050.3,69,236
48054.5,69,236
48058.7,71,237
48062.9,71,237
48067.1,66,235
48071.3,70,239
48075.6,70,239
48079.8,69,235
48084,72,233
48088.2,73,237
48092.4,75,229
48096.6,73,231
48100.8,71,224
48105.1,74,225
48109.3,72,225
48113.5,71,221
48117.7,72,209
48121.9,72,209
48126.1,70,199
48130.3,72,203
48134.5,71,191
48138.8,77,191
48143,74,188
48147.2,79,193
48151.4,71,179
48155.7,74,180
48159.9,77,180
48164.1,78,186
48168.3,86,184
48172.5,94,181
48176.7,104,187
48180.9,113,187
48185.2,108,184
48189.4,105,183
48193.7,105,178
48197.9,106,175
48202.1,104,176
48206.3,106,174
48210.5,104,172
48214.7,106,177
48218.9,104,173
48223.1,107,181
48227.3,110,185
48231.5,109,184
48235.8,103,187
48240,103,187
48244.8,107,193
48249.1,108,192
48253.3,107,198
48257.5,107,202
48261.7,102,201
48265.9,105,204
48270.2,104,212
48274.4,108,210
48278.6,105,217
48282.8,106,216
48287,111,229
48291.2,104,227
48295.5,107,237
48299.7,108,242
48303.9,108,235
48308.1,110,251
48312.3,111,255
48316.5,116,260
48321,110,267
48325.2,109,261
48329.5,109,268
48333.7,110,280
48337.9,112,272
48342.1,109,274
48346.3,111,281
48350.5,114,287
48354.7,116,283
48359,112,286
48363.2,110,289
48367.4,117,298
48371.6,110,298
48375.8,113,291
48380.1,116,299
48384.3,118,298
48388.6,111,294
48392.8,113,300
48397,114,294
48401.2,116,299
48405.5,113,293
48409.7,116,298
48413.9,111,290
48418.1,115,284
48422.3,111,290
48426.5,111,285
48430.7,113,287
48434.9,110,278
48439.2,108,277
48443.4,112,276
48448.9,112,274
48453.1,112,273
48457.3,111,268
48461.5,115,267
48465.7,111,258
48469.9,112,258
48474.2,107,254
48478.4,114,253
48482.6,119,248
48486.9,126,244
48491.1,128,236
48495.3,131,235
48499.5,132,236
48503.7,131,236
48507.9,126,230
48512.2,127,232
48516.4,130,232
48520.6,131,233
48524.8,124,225
48529,133,231
48533.2,127,225
48537.4,131,229
48541.7,127,222
48545.9,127,222
48550.1,129,225
48554.3,129,225
48558.5,128,220
48562.7,126,223
48566.9,130,222
48571.2,124,218
48575.4,124,216
48579.6,124,215
48583.8,127,214
48588,123,211
48592.2,128,211
48596.5,125,209
48600.7,126,203
48604.9,125,203
48609.1,126,200
48613.3,124,201
48617.5,125,201
48621.7,123,200
48625.9,128,205
48630.1,127,199
48634.3,126,202
48638.6,125,202
48642.8,128,200
48647,127,202
48651.2,125,200
48655.5,125,201
48659.7,125,197
48663.9,123,201
48668.1,123,201
48672.4,125,200
48676.6,125,199
48680.8,125,201
48685,124,200
48689.2,126,203
48693.4,122,204
48697.7,125,197
48701.9,123,194
48706.1,125,194
48710.3,124,193
48714.5,125,190
48718.7,126,188
48722.9,124,183
48727.2,125,183
48731.4,122,177
48735.6,128,177
48739.8,124,176
48744,123,175
48748.2,128,174
48752.4,125,172
48756.6,122,168
48760.9,124,168
48765.1,124,168
48769.5,124,165
48773.7,123,167
48777.9,123,168
48782.2,128,172
48786.4,124,173
48790.6,124,174
48794.8,126,174
48799,126,177
48803.2,122,172
48807.4,123,172
48811.6,124,173
48815.9,124,177
48820.1,123,178
48824.3,126,179
48828.5,123,180
48832.7,128,181
48836.9,123,175
48841.1,116,175
48845.3,110,175
48849.6,101,178
48853.8,95,182
48858,94,185
48862.2,90,179
48866.4,90,179
48870.6,92,178
48875,91,187
48879.3,93,189
48883.5,96,189
48887.8,93,186
48892,92,185
48896.2,94,187
48900.4,92,187
48904.6,92,189
48908.8,91,185
48913.1,90,184
48917.3,94,183
48921.5,90,186
48925.7,92,187
48930,91,185
48934.2,94,185
48938.4,89,182
48942.7,91,183
48946.9,94,184
48951.1,91,181
48955.3,93,178
48959.5,91,183
48963.8,91,177
48968,89,177
48972.2,88,174
48976.4,95,177
48980.6,91,176
48984.9,92,180
48989.2,91,176
48993.4,90,178
48997.6,92,180
49001.9,90,177
49006.1,91,179
49010.3,92,179
49014.6,90,177
49018.8,91,179
49022.9,93,182
49027.2,89,176
49031.4,90,179
49035.6,89,177
49039.8,95,183
49044.1,91,179
49048.3,93,186
49052.5,94,181
49056.7,92,183
49060.9,93,181
49067.7,92,184
49071.9,94,187
49076.2,92,184
49080.4,93,182
49084.6,91,183
49088.8,91,182
49093,92,183
49097.2,92,185
49101.4,93,186
49105.7,92,182
49109.9,91,179
49114.1,91,185
49118.2,95,184
49122.5,92,183
49126.7,92,185
49130.9,94,186
49135.2,95,184
49139.4,95,186
49143.6,93,183
49147.8,91,182
49152,91,181
49156.2,93,182
49160.4,91,182
49164.7,94,181
49168.9,95,179
49176,92,177
49180.3,95,176
49184.5,93,176
49188.7,95,178
49192.9,95,174
49197.2,91,177
49201.4,91,173
49205.6,94,171
49209.8,93,171
49214,94,173
49218.2,93,174
49222.4,94,171
49226.6,91,172
49230.9,92,173
49235.1,94,172
49239.3,95,175
49243.5,96,171
49247.8,94,173
49252,93,175
49256.2,94,170
49260.4,91,171
49264.6,92,171
49268.8,91,170
49273.1,91,170
49277.8,92,168
49282,93,168
49286.3,96,166
49290.5,92,165
49294.7,93,166
49298.9,92,166
49303.1,92,163
49307.3,94,166
49311.5,92,166
49315.8,96,167
49320,97,169
49324.9,93,166
49329.1,92,166
49333.3,91,166
49337.5,92,167
49341.8,93,166
49346,96,161
49350.2,95,161
49354.4,94,160
49358.6,92,162
49362.8,94,160
49367,93,161
49371.2,97,163
49375.5,96,164
49379.7,95,162
49383.9,94,162
49388.1,94,158
49392.3,93,161
49396.6,93,162
49400.8,93,164
49405,94,164
49409.2,96,159
49413.5,92,161
49417.7,94,159
49421.9,92,158
49426.1,89,157
49430.3,91,162
49434.5,91,160
49438.7,92,157
49443,98,160
49447.2,95,158
49451.4,94,158
49455.6,99,162
49459.8,100,160
49464,95,160
49468.2,99,156
49472.5,94,152
49476.7,94,162
49480.9,93,174
49485.2,94,194
49489.4,91,215
49493.6,91,223
49497.8,93,243
49502,95,249
49506.3,96,247
49510.5,92,236
49514.7,92,217
49518.9,92,196
49523.1,90,185
49527.3,90,176
49531.5,92,162
49535.7,90,157
49539.9,87,163
49544.2,83,162
49548.4,87,160
49552.6,86,167
49556.8,88,166
49561,88,170
49565.2,87,166
49569.4,89,165
49573.7,86,176
49577.9,90,177
49582.1,89,171
49586.3,87,171
49590.5,87,166
49594.7,86,169
49599,88,173
49603.2,89,174
49607.4,86,173
49611.6,87,170
49615.8,88,176
49620,87,168
49624.2,87,165
49628.4,86,172
49632.7,87,174
49636.9,86,175
49641.1,87,175
49645.3,87,174
49649.5,86,173
49653.8,87,172
49658,87,170
49662.3,86,173
49666.5,87,173
49670.7,87,177
49674.9,87,175
49679.1,88,175
49683.3,89,175
49687.5,88,172
49691.8,88,175
49696,85,174
49700.2,90,173
49704.4,87,174
49708.6,86,169
49712.8,87,168
49717,87,172
49721.3,86,169
49725.5,85,172
49729.7,87,169
49733.9,88,173
49738.1,89,172
49742.3,88,171
49746.8,85,177
49751,88,172
49755.2,86,176
49760.6,86,176
49764.8,86,173
49769,86,171
49773.2,86,169
49777.4,88,171
49781.6,85,169
49785.8,85,172
49790.1,86,170
49794.3,87,173
49798.5,88,167
49802.7,90,173
49806.9,87,174
49811.1,87,175
49815.3,88,167
49819.5,88,169
49823.8,84,170
49828,85,177
49832.2,83,179
49836.5,89,174
49840.7,87,168
49844.9,84,168
49849.2,87,170
49853.4,85,168
49857.6,89,172
49861.8,88,172
49866,87,168
49874.8,86,169
49879,87,173
49883.2,87,170
49887.5,87,169
49891.7,87,172
49895.9,87,170
49900.1,85,176
49904.3,85,173
49908.6,88,176
49912.9,88,177
49917.1,85,172
49921.3,85,172
49925.5,86,175
49929.7,87,176
49933.9,87,171
49938.1,86,177
49942.3,92,167
49946.6,99,164
49950.8,108,161
49955,115,161
49959.2,119,166
49963.4,116,166
49967.6,115,164
49971.8,112,164
49976.1,111,167
49980.3,110,165
49984.5,111,161
49988.7,110,165
49992.9,111,168
49997.1,113,166
50001.4,114,164
50005.6,114,166
50009.8,114,167
50014,114,164
50018.2,112,164
50022.4,113,165
50026.6,112,166
50030.8,112,166
50035.1,116,167
50039.3,111,162
50043.5,111,166
50047.7,110,160
50051.9,114,166
50056.1,113,168
50060.3,112,167
50064.6,112,166
50068.8,114,167
50073,112,166
50077.2,116,161
50081.4,114,167
50085.6,114,162
50089.8,113,169
50094,114,163
50098.3,112,167
50102.5,113,167
50106.7,111,169
50110.9,110,169
50115.1,112,168
50119.3,109,168
50123.5,116,164
50127.7,113,170
50131.9,114,170
50136.2,115,167
50140.5,111,164
50144.7,113,166
50148.9,111,165
50153.1,112,163
50157.3,111,165
50161.6,114,168
50165.8,111,173
50170,110,168
50174.2,113,167
50178.4,113,163
50182.6,111,166
50186.8,114,169
50191.1,116,166
50195.3,119,167
50199.5,121,144
50203.8,124,125
50207.9,128,108
50212.2,123,95
50216.4,120,83
50220.6,122,75
50224.8,121,70
50229,122,69
50233.3,125,71
50237.5,124,71
50241.7,125,71
50245.9,128,68
50250.2,125,73
50254.4,125,72
50258.6,126,76
50262.8,124,75
50267,124,78
50271.2,124,80
50275.4,125,78
50279.7,123,78
50283.9,124,81
50288.1,125,84
50292.3,125,85
50296.5,124,86
50300.7,123,84
50305.2,122,83
50309.4,121,86
50313.7,123,85
50317.9,123,89
50322.1,124,86
50326.3,125,85
50330.5,122,85
50334.7,120,90
50338.9,123,88
50343.2,125,93
50347.4,123,90
50351.6,124,89
50355.8,123,91
50360,125,95
50364.2,125,94
50368.4,123,90
50372.6,123,90
50376.8,123,94
50381.1,120,94
50385.3,124,98
50389.9,123,96
50394.2,123,98
50398.3,125,96
50402.6,124,97
50406.8,124,97
50411,123,99
50415.2,122,97
50419.4,121,95
50423.7,122,96
50427.9,123,95
50432.1,123,98
50436.3,122,100
50440.5,125,100
50444.8,125,100
50449,122,98
50453.2,122,103
50457.4,121,102
50461.6,125,98
50465.8,124,99
50470,122,101
50474.3,122,100
50478.5,122,100
50482.7,123,97
50486.9,121,98
50491.1,124,92
50495.3,123,93
50499.6,121,95
50503.8,121,99
50508.1,124,97
50512.3,123,97
50516.5,121,96
50520.7,123,96
50524.9,122,93
50529.1,123,96
50533.3,121,94
50537.6,122,92
50541.8,121,93
50546,121,93
50550.2,122,90
50554.4,123,91
50558.6,121,89
50562.8,121,89
50567.1,121,87
50571.3,123,90
50575.5,122,89
50579.8,120,85
50583.9,121,87
50588.1,121,88
50592.4,119,86
50596.6,120,88
50600.8,123,86
50605.1,121,87
50609.2,122,88
50613.4,121,86
50617.7,123,86
50621.9,122,85
50626.1,123,86
50630.3,120,87
50634.5,120,87
50638.8,123,88
50643,121,86
50647.2,122,85
50651.4,123,88
50655.6,124,85
50659.8,121,87
50664,122,87
50668.2,122,88
50672.4,120,86
50676.7,120,84
50680.9,121,87
50685.1,121,87
50689.3,120,87
50693.6,119,85
50697.8,121,87
50702,119,88
50706.2,122,85
50710.4,121,87
50714.6,119,86
50718.9,122,88
50723.1,120,89
50727.4,120,89
50731.6,121,88
50735.8,119,89
50740,121,88
50744.2,119,91
50748.4,122,88
50752.6,121,91
50756.9,121,92
50761.1,121,93
50765.3,124,96
50769.5,121,92
50773.9,121,92
50778.1,123,92
50782.3,120,95
50786.6,123,94
50790.8,120,99
50795,121,94
50799.2,122,99
50803.4,122,97
50807.7,121,102
50811.9,121,99
50816.2,120,99
50820.4,121,102
50824.6,123,105
50828.8,123,105
50833,122,109
50837.2,122,107
50841.4,124,107
50845.6,120,106
50849.9,108,109
50854.5,110,115
50858.7,100,107
50862.9,93,106
50867.2,90,109
50871.3,87,107
50875.6,89,111
50879.8,82,112
50884,79,109
50888.2,81,115
50892.4,84,114
50896.7,84,116
50900.9,84,115
50905.1,80,121
50909.3,78,121
50913.5,83,116
50917.8,79,120
50922,79,122
50926.2,78,122
50930.4,80,127
50934.6,85,130
50938.8,82,123
50943,79,131
50947.3,79,130
50951.5,81,132
50955.7,79,133
50959.9,81,136
50964.1,82,134
50968.3,76,141
50972.5,79,145
50976.8,75,137
50981,75,137
50985.2,81,138
50989.4,77,145
50993.6,82,145
50997.8,79,139
51002,78,150
51006.3,79,145
51010.5,78,145
51014.7,75,143
51018.9,79,146
51023.2,81,153
51027.3,80,152
51031.6,82,155
51035.8,81,160
51040,78,153
51044.2,87,155
51048.4,77,155
51052.7,81,157
51056.9,80,154
51061.1,76,154
51065.3,79,161
51069.5,77,155
51073.7,76,151
51077.9,82,152
51082.2,80,156
51086.3,78,156
51090.6,79,154
51094.8,80,154
51099,79,157
51103.2,76,155
51107.5,81,155
51111.7,80,151
51115.9,77,155
51120.1,75,152
51124.3,75,156
51128.5,78,158
51132.7,80,152
51137,81,163
51141.2,81,152
51145.4,74,157
51149.7,78,154
51153.9,77,156
51158.1,79,151
51162.4,77,155
51166.6,79,155
51170.8,74,148
51175,76,152
51179.2,81,150
51183.4,81,152
51187.6,78,149
51191.8,76,149
51196.1,78,148
51200.3,79,151
51204.5,78,145
51208.7,81,146
51212.9,80,142
51217.1,76,144
51221.3,78,145
51225.5,79,144
51229.8,78,142
51234,76,145
51238.2,79,146
51242.5,75,144
51246.7,76,144
51250.9,77,144
51255.2,78,142
51259.4,81,142
51263.6,78,144
51267.8,81,142
51272,78,142
51276.2,76,144
51280.4,82,146
51284.7,77,144
51288.9,81,147
51293.1,80,143
51297.3,81,154
51301.5,77,147
51305.7,80,142
51309.9,81,142
51314.2,79,145
51318.4,79,144
51322.6,81,146
51326.8,80,143
51331,79,139
51335.2,79,145
51339.4,79,144
51343.6,82,144
51347.9,79,141
51352.1,84,142
51356.3,80,138
51360.5,83,140
51364.7,79,136
51368.9,79,134
51373.1,82,138
51377.3,80,138
51381.5,88,151
51385.8,85,147
51390.1,103,145
51394.3,110,144
51398.6,117,149
51402.8,124,149
51407,136,150
51411.2,142,149
51415.5,140,149
51419.7,138,150
51423.9,136,148
51428.1,131,136
51432.3,135,147
51436.5,132,149
51440.7,134,143
51445,133,147
51449.2,135,148
51453.4,134,149
51457.6,134,148
51461.8,134,148
51466,136,149
51470.3,137,146
51474.5,134,150
51478.7,136,141
51483,133,144
51487.2,137,147
51491.4,136,147
51495.6,137,149
51499.8,136,145
51504.1,140,145
51508.3,138,145
51512.5,139,145
51516.7,137,146
51520.9,136,146
51525.1,137,143
51529.3,138,149
51533.6,139,146
51537.8,136,140
51542,138,151
51546.2,136,155
51550.4,139,151
51554.6,139,154
51558.8,139,153
51563.1,138,155
51567.3,140,155
51571.5,139,157
51575.7,139,156
51579.9,138,159
51584.1,136,156
51588.3,139,157
51592.6,137,156
51596.8,139,157
51601,138,154
51605.2,138,150
51609.4,138,154
51613.6,139,151
51617.8,136,154
51622,138,153
51626.2,138,152
51630.5,138,152
51634.7,136,155
51638.9,138,151
51643.2,138,154
51647.4,139,151
51651.6,138,152
51655.8,137,151
51660,135,153
51664.2,140,156
51668.5,136,151
51672.7,137,154
51676.9,138,156
51681.1,136,151
51685.3,140,154
51689.5,138,149
51693.8,138,153
51698.8,139,154
51703,140,152
51707.2,137,152
51711.4,138,149
51715.7,139,153
51719.9,138,153
51724.1,136,149
51728.3,135,153
51732.6,138,154
51736.8,136,151
51741,140,152
51745.2,137,153
51749.4,137,153
51753.6,138,150
51757.8,138,157
51762,139,156
51766.2,140,157
51770.4,141,158
51774.7,141,161
51778.9,137,156
51783.1,140,158
51787.3,142,161
51791.6,137,163
51795.8,141,158
51800,145,162
51804.2,140,161
51808.4,141,161
51812.6,141,165
51816.8,143,170
51821.1,142,166
51825.4,139,167
51829.6,140,168
51833.8,141,167
51838,141,173
51842.2,145,167
51846.4,140,170
51850.7,145,176
51854.9,143,174
51859.1,142,170
51863.3,142,170
51867.5,146,171
51871.7,143,169
51875.9,144,173
51880.2,143,172
51884.4,145,172
51888.7,144,173
51892.9,145,174
51897.1,144,174
51901.3,139,172
51905.5,139,172
51909.7,142,174
51914,146,170
51918.2,144,178
51922.4,144,175
51926.6,144,175
51930.8,145,171
51935,142,168
51939.2,138,170
51943.4,132,164
51947.6,133,169
51951.8,127,167
51956.1,127,167
51960.3,123,162
51964.5,128,162
51968.7,133,161
51972.9,134,162
51977.2,134,162
51981.4,131,162
51985.6,129,160
51989.8,129,161
51994,132,160
51998.3,130,160
52002.5,131,158
52006.7,131,153
52011,129,159
52015.2,130,157
52019.4,128,153
52023.6,130,155
52027.8,127,151
52032,130,154
52036.2,128,155
52040.4,131,149
52044.7,128,146
52048.9,131,153
52053.1,127,154
52057.3,130,153
52061.5,131,147
52065.7,131,147
52070,130,148
52074.2,129,145
52078.4,127,149
52082.6,128,145
52086.8,130,147
52091,131,150
52095.3,128,146
52099.5,131,147
52103.7,128,146
52107.9,131,150
52112.2,130,148
52116.3,131,147
52120.6,129,153
52124.9,129,147
52129.1,130,154
52133.4,128,146
52137.6,130,153
52141.8,127,145
52146,130,152
52150.3,126,154
52154.5,130,149
52158.7,128,153
52163,132,153
52167.3,127,155
52171.5,128,152
52175.7,127,143
52180.1,131,158
52184.3,131,154
52188.5,132,157
52192.7,131,156
52196.9,130,158
52201.1,131,156
52205.3,129,157
52209.6,128,154
52213.8,128,157
52218,130,160
52222.2,127,154
52226.5,128,156
52230.7,131,158
52234.9,129,160
52239.1,128,161
52243.3,128,157
52247.5,128,157
52251.7,131,162
52256,131,166
52260.2,131,162
52264.4,129,165
52268.6,129,165
52272.8,129,167
52277,131,161
52281.3,131,165
52285.5,132,161
52289.8,131,162
52293.9,133,166
52298.2,131,167
52302.4,126,163
52306.6,129,161
52310.8,130,161
52315,128,161
52319.2,128,166
52323.5,127,167
52327.7,130,167
52331.9,129,166
52336.1,132,168
52340.3,131,169
52344.5,128,169
52349,125,167
52353.2,128,169
52357.4,129,175
52361.6,130,172
52365.8,128,169
52370,131,171
52374.6,128,170
52378.9,129,171
52385.4,132,175
52389.7,129,174
52393.9,129,174
52398.1,127,172
52402.3,130,172
52406.5,130,172
52410.7,129,174
52415,129,174
52419.2,129,174
52423.4,130,173
52427.6,133,174
52431.8,129,167
52436,131,173
52440.3,130,171
52444.5,127,168
52448.7,128,170
52452.9,126,170
52457.1,127,172
52461.3,130,171
52465.7,130,172
52469.9,130,178
52474.1,129,172
52478.3,127,172
52485.3,129,170
52489.5,131,175
52493.7,131,173
52497.9,127,171
52502.1,130,174
52506.4,132,169
52510.6,128,172
52514.8,129,171
52519,129,171
52523.2,131,174
52527.4,129,173
52531.7,130,176
52535.9,131,170
52540.1,131,170
52544.3,131,174
52548.5,126,170
52552.7,130,166
52556.9,126,168
52561.1,132,165
52565.3,128,167
52569.6,129,164
52573.8,131,166
52578,131,165
52582.2,130,160
52586.4,127,162
52590.6,130,161
52594.8,128,164
52599.1,127,162
52604.6,128,157
52610.4,128,158
52614.6,127,155
52618.8,129,157
52623,126,154
52627.2,126,156
52631.4,132,152
52635.9,128,154
52640.1,127,157
52644.3,127,153
52648.5,128,156
52652.7,126,154
52656.9,127,153
52661.2,129,149
52665.4,125,151
52669.6,127,144
52676.8,127,144
52684.1,126,146
52688.3,127,138
52693.5,126,140
52697.7,128,137
52702,130,136
52706.2,127,136
52710.4,126,134
52714.7,126,138
52718.9,128,134
52723.1,127,129
52727.4,127,122
52731.6,127,122
52735.8,128,131
52740,130,132
52744.2,129,128
52748.4,130,130
52752.6,127,131
52756.9,128,129
52761.1,129,129
52765.3,129,129
52769.5,126,129
52773.8,127,129
52777.9,130,127
52782.2,123,129
52786.4,127,130
52793.2,126,130
52797.4,128,135
52801.7,126,128
52805.9,129,135
52810.1,128,132
52814.4,127,129
52818.6,128,136
52823.4,129,134
52827.6,129,133
52831.8,129,133
52836,125,133
52840.2,128,134
52844.4,129,135
52848.7,129,138
52852.9,130,139
52857.1,125,138
52861.3,130,141
52865.5,130,141
52871.6,130,142
52875.8,129,142
52880,126,141
52884.2,126,143
52888.6,127,147
52892.8,129,145
52897,129,146
52901.2,128,149
52905.4,127,140
52909.6,128,153
52913.8,131,158
52918,129,156
52922.2,128,160
52926.4,128,150
52930.7,129,163
52934.9,130,164
52939.1,129,169
52943.3,127,156
52947.5,128,174
52951.8,129,171
52956,131,161
52960.2,127,161
52964.5,126,164
52968.7,126,173
52972.9,129,167
52977.1,130,178
52981.4,130,180
52985.6,129,176
52989.8,129,176
52994,129,176
52998.2,125,165
53002.4,126,166
53006.7,125,178
53010.9,126,176
53015.1,131,172
53019.3,130,173
53023.5,134,186
53027.7,136,184
53032,137,191
53036.2,133,180
53041.5,138,177
53045.7,141,192
53049.9,141,192
53054.2,138,195
53058.3,140,193
53062.6,136,191
53066.8,138,191
53071,136,187
53075.2,137,191
53079.4,138,179
53083.6,143,195
53087.8,139,198
53092.1,141,197
53096.3,140,194
53100.5,136,190
53104.7,137,190
53108.9,134,176
53113.1,135,185
53117.3,133,173
53121.6,135,188
53125.8,136,190
53130,132,187
53134.2,136,187
53138.4,132,183
53142.6,133,179
53146.8,133,183
53151,132,167
53155.3,134,180
53159.5,132,176
53163.7,135,178
53167.9,131,168
53172.1,134,176
53176.3,132,168
53180.6,134,163
53184.8,133,175
53189,131,172
53193.2,135,171
53197.4,135,170
53201.6,132,172
53205.8,134,169
53210,132,167
53214.2,135,166
53218.5,134,165
53222.7,134,162
53226.9,131,157
53231.1,132,156
53235.3,131,163
53239.5,132,148
53243.8,133,158
53248,134,153
53252.2,132,155
53256.4,134,156
53260.8,131,154
53265,133,155
53269.2,133,155
53273.4,134,153
53277.6,130,152
53281.8,134,156
53286,131,154
53290.3,131,156
53294.5,134,156
53298.7,133,155
53302.9,135,159
53307.1,133,157
53311.3,133,161
53315.5,133,155
53319.7,132,159
53323.9,134,156
53328.2,134,156
53332.4,134,160
53336.6,133,161
53340.8,130,162
53345,134,165
53349.2,130,162
53353.4,133,167
53357.7,132,169
53361.9,133,169
53366.1,133,170
53370.3,134,175
53374.6,134,175
53378.8,135,183
53383,138,187
53387.6,133,185
53391.8,134,188
53396,132,188
53400.2,132,192
53404.4,135,200
53408.6,135,202
53412.9,134,200
53417.1,134,190
53421.3,137,205
53425.5,134,207
53429.7,134,207
53433.9,137,207
53438.1,134,213
53442.3,137,211
53446.5,136,211
53450.8,134,211
53455,134,209
53459.2,136,215
53463.4,135,211
53467.6,136,197
53471.9,135,213
53476.1,136,214
53480.3,132,208
53484.5,125,205
53488.8,126,205
53493,130,204
53497.2,129,201
53501.4,130,196
53505.6,128,202
53509.8,129,202
53514.1,129,197
53518.2,131,196
53522.4,132,196
53526.7,128,190
53530.9,128,190
53535.1,128,190
53539.3,133,189
53543.5,133,189
53547.7,129,179
53551.9,132,179
53556.1,130,178
53560.3,132,177
53564.6,130,179
53568.8,128,174
53573,127,172
53577.2,124,168
53581.4,130,166
53585.6,127,165
53589.8,128,166
53594.1,127,155
53600.9,128,159
53605.2,127,156
53609.4,129,154
53613.6,127,153
53617.8,130,155
53622,128,150
53626.2,127,153
53630.4,125,151
53634.6,128,147
53638.8,128,152
53643.1,128,150
53647.3,129,151
53651.5,129,152
53655.7,126,152
53659.9,128,151
53664.1,127,151
53668.3,129,147
53672.5,127,150
53676.8,129,149
53680.9,128,150
53685.2,127,147
53689.4,128,151
53693.6,128,147
53697.8,126,148
53702,126,148
53706.2,130,148
53710.5,129,151
53714.7,127,151
53718.9,128,150
53725.8,127,148
53730,129,150
53734.2,127,152
53738.4,126,151
53742.7,126,151
53746.9,129,149
53751.2,129,149
53755.4,128,153
53759.6,128,153
53763.9,129,157
53768.1,128,153
53772.3,127,159
53776.5,128,152
53780.7,127,159
53784.9,125,159
53789.1,128,154
53793.3,122,158
53797.5,126,156
53801.8,128,160
53806,126,160
53810.2,129,158
53814.4,129,160
53818.6,125,160
53822.9,126,159
53829.9,129,166
53834.1,127,165
53838.3,128,165
53842.6,127,159
53846.8,128,164
53851,130,164
53855.2,129,161
53859.4,127,162
53863.6,126,156
53867.8,127,164
53872.1,131,160
53876.2,126,159
53880.5,127,160
53884.8,129,161
53889,126,160
53893.2,125,159
53897.4,123,158
53901.6,123,158
53905.8,120,162
53910.1,123,164
53914.4,125,160
53918.6,123,161
53922.8,128,155
53927,125,156
53931.2,124,160
53938.3,124,158
53942.5,124,158
53946.7,123,145
53950.9,124,161
53955.1,124,155
53959.4,124,161
53963.6,124,157
53967.8,125,159
53972,123,159
53976.2,125,162
53980.4,127,157
53984.7,126,163
53988.9,122,156
53993.1,124,161
53997.4,124,159
54001.6,125,155
54005.8,127,160
54010,127,162
54014.2,125,158
54018.5,124,157
54022.7,123,154
54026.9,125,157
54031.1,122,155
54038,124,158
54042.2,126,159
54046.4,122,156
54050.6,126,157
54054.8,125,157
54059.3,123,155
54063.5,124,158
54067.8,123,157
54072,123,162
54076.2,127,157
54080.4,123,159
54084.6,124,161
54088.8,126,162
54093,123,161
54097.2,125,161
54101.5,123,164
54105.7,125,162
54109.9,121,164
54114.1,125,163
54118.3,126,166
54122.5,126,168
54126.7,127,166
54130.9,127,166
54137.4,123,169
54141.7,124,166
54146.3,122,168
54150.6,124,169
54154.8,124,170
54159,123,169
54163.2,127,169
54167.4,124,169
54171.6,121,168
54175.8,127,170
54180,124,171
54184.2,127,170
54188.4,126,172
54192.7,126,171
54196.9,124,171
54201.1,123,172
54205.3,121,172
54209.5,123,170
54213.7,122,171
54218,124,170
54222.2,121,173
54226.4,124,168
54230.6,122,172
54234.9,123,171
54239.1,125,170
54243.3,123,171
54247.5,123,172
54251.7,125,171
54256,125,171
54262.2,123,173
54266.4,124,172
54270.6,124,171
54274.8,124,172
54279,123,169
54283.3,123,170
54287.5,125,173
54291.7,121,158
54295.9,125,172
54300.1,125,171
54304.3,123,173
54308.5,125,172
54312.8,124,173
54317,125,173
54321.2,120,159
54325.4,128,172
54329.6,125,176
54333.8,124,173
54338,125,175
54342.2,123,175
54346.5,125,173
54350.7,123,175
54354.9,125,171
54359.1,122,164
54363.4,125,175
54367.6,125,177
54371.8,124,179
54376,128,175
54380.2,124,179
54384.4,127,176
54388.7,125,176
54392.9,125,176
54397.1,124,172
54401.3,126,174
54405.5,125,169
54409.7,124,170
54413.9,123,166
54418.2,122,169
54422.4,125,172
54426.6,126,152
54430.8,124,155
54437.8,125,169
54442,125,168
54446.2,124,165
54450.4,124,168
54454.6,126,168
54458.8,124,170
54464.2,126,166
54468.4,124,149
54475.3,126,153
54479.5,125,166
54483.7,125,164
54487.9,124,164
54492.1,126,161
54496.3,123,161
54500.6,126,159
54504.8,126,148
54509,127,155
54513.2,127,148
54517.4,132,144
54521.7,144,144
54525.9,153,155
54530.1,161,139
54534.3,167,137
54538.5,167,137
54542.8,175,130
54547,176,135
54551.2,183,130
54555.4,185,142
54559.7,185,142
54563.9,186,144
54568.1,186,144
54574.7,181,131
54578.9,187,148
54583.1,185,148
54587.3,183,147
54591.5,186,146
54595.8,183,149
54600,184,137
54604.2,184,137
54608.4,184,148
54612.6,186,138
54616.8,184,140
54621,187,142
54625.2,187,154
54629.5,183,142
54633.7,186,138
54637.9,184,140
54642.1,184,142
54646.3,185,153
54650.5,185,143
54654.8,187,143
54659,187,143
54663.2,185,148
54667.4,185,144
54671.6,185,159
54675.8,185,149
54680,187,160
54684.2,185,150
54688.4,187,146
54692.7,185,150
54696.8,189,161
54701.1,183,153
54705.3,187,153
54709.5,190,152
54713.7,185,168
54717.9,185,155
54722.2,187,156
54726.4,187,156
54730.6,187,156
54734.8,185,157
54739,189,158
54743.2,184,159
54747.4,185,160
54751.7,185,162
54755.9,185,162
54760.1,184,162
54764.3,187,161
54768.6,187,165
54772.8,189,183
54777,187,167
54781.2,188,169
54785.4,188,165
54789.6,187,166
54793.9,186,160
54798.1,190,175
54802.3,190,175
54806.5,190,175
54810.7,189,164
54814.9,188,165
54819.2,186,162
54823.4,186,160
54827.6,187,158
54831.8,189,156
54836,186,158
54840.2,186,156
54844.5,186,166
54848.7,186,152
54852.9,187,151
54857.2,189,165
54861.4,188,149
54865.6,187,165
54869.8,190,167
54874,190,167
54878.2,187,172
54882.4,183,161
54886.6,189,165
54890.9,190,170
54895.1,186,160
54899.3,186,159
54903.5,187,158
54907.7,187,157
54912,188,156
54916.2,190,158
54920.5,190,157
54924.7,189,157
54928.9,190,155
54933.1,188,157
54937.3,191,158
54941.5,188,158
54945.7,185,157
54950,189,160
54954.2,189,161
54958.4,189,160
54962.7,188,161
54966.9,187,157
54971.1,189,160
54975.3,190,157
54979.5,191,160
54983.7,191,160
54988,190,160
54992.2,190,162
54996.4,191,157
55000.6,188,154
55004.8,186,154
55010.8,186,153
55015,187,153
55019.2,187,154
55023.4,189,152
55027.6,187,153
55031.8,188,153
55036.1,187,154
55040.3,187,155
55044.5,182,155
55048.7,190,157
55052.9,188,157
55057.1,190,158
55061.4,190,166
55065.6,190,160
55069.9,190,169
55074.1,190,165
55078.3,195,162
55082.5,188,160
55086.7,187,157
55090.9,188,157
55095.1,188,169
55099.3,191,169
55103.6,191,169
55107.8,188,156
55112,187,153
55116.2,186,152
55120.4,185,156
55124.6,187,152
55128.8,188,151
55133.1,191,150
55137.3,186,162
55141.5,189,152
55145.7,190,152
55149.9,186,145
55154.1,185,144
55158.3,188,143
55162.6,188,145
55166.8,189,147
55171,190,147
55175.2,190,146
55179.4,190,146
55183.6,190,150
55187.8,188,150
55192,185,140
55196.2,186,139
55200.4,185,137
55204.6,187,141
55208.8,187,137
55213,188,138
55217.2,187,148
55221.5,186,127
55225.7,185,129
55229.9,189,139
55234.1,184,141
55238.3,187,142
55242.6,187,147
55249.5,187,142
55257.7,187,142
55262.2,187,140
55266.4,188,147
55270.6,186,135
55274.8,185,127
55279.1,185,133
55283.3,187,135
55287.5,185,135
55291.7,182,134
55295.9,188,132
55300.1,185,120
55304.3,189,132
55308.5,186,123
55312.8,186,130
55317,189,128
55321.2,186,139
55325.4,184,132
55329.6,184,131
55333.8,185,134
55338,187,132
55342.3,186,132
55346.5,184,142
55350.7,184,142
55356,184,124
55360.2,186,124
55364.4,188,134
55368.6,189,134
55372.8,185,135
55377,189,134
55381.2,188,134
55385.4,186,127
55389.7,185,133
55393.9,184,127
55398.1,184,127
55402.3,189,135
55406.5,189,125
55410.8,188,134
55415,186,126
55419.2,186,128
55423.4,188,132
55427.6,186,128
55431.8,187,142
55436.1,187,129
55440.3,185,124
55444.5,186,136
55448.8,185,124
55453.1,187,122
55457.3,187,127
55461.5,186,127
55465.7,188,134
55470,185,135
55474.2,185,126
55478.4,185,130
55482.7,186,139
55486.9,184,128
55491.1,189,140
55495.3,186,140
55499.5,184,130
55503.8,185,132
55508.1,185,129
55512.3,188,129
55516.5,187,129
55520.7,187,127
55524.9,187,128
55529.1,186,127
55533.3,184,130
55537.6,188,140
55541.8,190,130
55546,188,128
55550.2,189,145
55554.4,186,127
55558.7,187,129
55562.9,183,127
55567.1,186,128
55571.3,189,129
55575.5,183,143
55579.7,190,129
55583.9,192,139
55588.1,188,129
55595.1,191,146
55599.4,185,130
55603.6,188,130
55607.8,189,137
55612.1,186,144
55616.2,192,126
55620.5,185,141
55624.7,186,128
55628.9,184,129
55633.1,188,135
55637.4,184,132
55641.6,176,134
55645.8,167,132
55650,159,122
55654.2,156,138
55658.4,151,142
55662.7,145,137
55667.2,138,137
55671.4,138,137
55678.3,132,152
55682.5,132,141
55686.7,129,135
55690.9,132,138
55695.2,126,137
55699.4,125,139
55703.6,125,139
55707.8,125,139
55712.1,125,140
55716.3,126,150
55720.5,125,140
55724.8,125,151
55729,126,141
55733.2,124,138
55737.4,126,138
55741.6,125,138
55745.8,126,137
55750,125,137
55754.2,125,139
55758.5,124,130
55762.8,122,145
55767,121,141
55773.9,124,134
55778.2,122,137
55782.4,122,149
55786.7,126,148
55790.9,124,152
55795.1,124,152
55799.3,124,152
55803.5,125,137
55807.7,123,142
55812,123,139
55816.2,124,141
55820.4,121,136
55824.6,121,136
55828.9,121,136
55833.1,128,141
55837.3,124,141
55841.5,122,143
55845.7,124,161
55850,125,141
55854.2,123,144
55858.4,123,163
55862.6,125,165
55866.8,124,147
55871,122,147
55875.3,124,165
55879.5,124,148
55883.8,123,165
55890.6,122,146
55894.8,125,165
55899.3,125,165
55903.5,124,142
55907.7,121,144
55911.9,126,146
55916.2,125,147
55920.4,122,146
55924.6,121,155
55928.8,124,146
55933,121,145
55937.2,121,164
55941.4,120,144
55945.6,121,155
55949.8,122,142
55954.1,120,163
55958.3,120,161
55962.5,125,163
55966.7,122,144
55970.9,123,161
55975.2,125,164
55979.4,121,151
55983.6,122,162
55990.7,122,152
55994.9,123,163
55999.1,124,154
56003.4,121,152
56007.6,123,154
56011.8,123,163
56016,125,153
56020.2,122,154
56024.4,125,154
56028.7,124,162
56032.9,122,159
56037.1,119,150
56041.3,122,155
56045.6,124,157
56049.8,125,157
56054,122,149
56058.2,120,159
56062.4,121,152
56066.6,121,150
56070.8,121,146
56075,121,150
56079.2,121,154
56083.4,121,154
56090.4,121,141
56094.6,123,148
56098.9,118,146
56103.2,114,144
56107.4,99,136
56111.6,91,147
56115.8,84,127
56120,78,134
56124.2,79,140
56128.4,78,127
56132.6,66,135
56136.9,67,127
56141.1,67,135
56145.3,74,127
56149.5,74,133
56153.7,73,126
56157.9,72,124
56162.2,75,138
56166.4,71,129
56170.6,66,128
56174.8,70,139
56179.1,69,126
56183.2,71,140
56187.5,72,136
56191.7,73,133
56195.9,69,133
56200.1,69,127
56204.4,68,138
56211.2,67,136
56215.5,70,138
56219.7,69,138
56224,72,127
56228.2,70,127
56232.4,71,127
56236.6,69,129
56240.8,71,129
56245,72,136
56249.2,72,136
56253.5,71,136
56257.7,69,138
56261.9,71,128
56266.1,71,128
56270.3,69,127
56274.6,67,129
56278.8,69,128
56283,68,129
56287.2,72,126
56291.5,71,127
56295.7,72,115
56299.9,72,132
56304.1,72,132
56309.1,71,127
56313.3,73,132
56317.5,72,133
56321.8,70,130
56326,69,133
56330.2,74,135
56334.4,73,133
56338.6,72,129
56342.8,70,134
56347,70,120
56351.3,71,130
56355.5,68,132
56359.7,71,136
56363.9,68,138
56368.1,69,139
56372.3,70,133
56376.5,68,142
56380.7,68,142
56385,69,136
56389.2,72,135
56393.4,67,133
56397.6,70,135
56401.8,68,132
56406,71,134
56410.2,69,130
56414.5,68,131
56418.7,70,133
56422.9,70,134
56427.1,70,134
56431.3,72,131
56435.5,70,136
56439.7,70,135
56443.9,67,134
56448.1,66,143
56452.5,68,145
56456.7,70,145
56460.9,65,151
56465.1,65,151
56469.4,68,140
56473.6,68,140
56477.8,66,144
56482,67,142
56486.3,71,147
56490.5,68,135
56494.7,70,147
56498.9,69,150
56503.2,69,148
56507.4,66,147
56511.6,68,149
56515.8,66,151
56520,66,149
56524.2,67,153
56528.4,65,156
56532.6,66,140
56536.9,68,157
56541.1,66,160
56545.3,72,153
56549.5,68,152
56553.7,70,151
56557.9,68,141
56562.2,65,150
56566.4,70,153
56570.6,66,143
56574.8,65,153
56579,64,155
56583.2,67,165
56587.4,67,165
56591.7,66,153
56595.9,66,153
56600.1,66,153
56604.3,66,153
56608.5,65,162
56612.7,65,164
56616.9,65,164
56621.1,65,164
56625.3,66,168
56629.6,66,161
56633.8,66,161
56638,66,161
56642.2,66,161
56646.4,66,161
56650.7,65,154
56654.9,65,154
56659.1,64,166
56663.3,64,166
56667.5,64,166
56671.7,67,169
56675.9,67,165
56680.1,69,159
56684.3,62,171
56688.6,62,171
56692.8,63,168
56697,66,167
56701.2,67,162
56705.4,62,167
56709.7,68,159
56713.9,68,159
56718.1,67,162
56722.3,67,162
56726.5,66,163
56730.8,65,165
56735,64,160
56739.2,67,158
56743.4,65,163
56747.6,65,163
56751.8,66,166
56756.1,69,145
56761.3,67,160
56765.5,67,157
56769.7,65,158
56773.9,68,146
56778.2,67,161
56782.4,67,145
56786.6,64,158
56790.8,70,147
56795.1,65,151
56799.3,66,147
56803.5,67,146
56807.7,66,152
56811.9,69,153
56816.1,68,162
56820.3,62,153
56824.6,68,147
56828.8,68,147
56833,68,148
56837.2,68,146
56841.4,68,141
56845.6,66,149
56852.4,69,150
56856.6,77,152
56860.8,79,150
56865,84,155
56869.2,87,155
56873.4,83,152
56877.7,87,157
56881.9,91,154
56886.1,93,159
56890.3,94,159
56894.5,99,174
56898.7,97,164
56902.9,98,155
56907.2,96,157
56911.4,101,161
56915.6,103,168
56919.8,102,164
56924.1,106,170
56928.2,104,162
56932.4,104,169
56936.7,102,168
56940.9,102,168
56945.1,104,163
56949.3,108,177
56953.5,103,164
56957.8,103,167
56961.9,105,162
56968.8,103,163
56973,104,166
56978.8,102,157
56983.1,101,163
56989.7,103,164
56993.9,102,161
56998.2,105,158
57002.4,101,154
57006.6,104,156
57010.8,105,155
57015.1,101,154
57019.2,105,162
57023.4,104,155
57027.7,101,156
57031.9,101,151
57036.1,103,152
57040.3,104,153
57044.6,104,155
57048.8,106,152
57053,107,153
57057.2,107,151
57061.4,102,156
57065.6,101,152
57069.8,103,154
57074,105,152
57078.2,105,151
57082.4,104,155
57086.7,105,150
57090.9,104,147
57095.1,106,152
57099.3,106,152
57106,105,157
57110.2,103,152
57114.4,104,155
57118.6,104,151
57122.8,107,154
57127,104,148
57131.2,105,149
57135.4,109,153
57139.7,103,146
57143.9,104,156
57148.1,103,149
57152.3,107,153
57156.5,103,145
57160.7,102,149
57164.9,103,148
57169.1,107,151
57173.3,105,147
57177.5,104,149
57181.7,101,147
57185.9,103,152
57190.2,103,150
57194.4,103,149
57198.6,106,152
57203,106,150
57207.2,103,152
57211.5,102,149
57215.7,103,151
57219.9,106,152
57224.1,101,160
57228.4,106,146
57232.6,104,148
57236.8,108,149
57241,105,143
57245.2,105,145
57249.4,107,149
57253.6,107,151
57257.9,107,152
57262.1,107,154
57266.3,113,158
57270.5,112,159
57274.7,117,162
57278.9,114,166
57283.1,124,171
57287.3,126,226
57291.6,125,253
57295.8,125,253
57300,125,253
57304.2,125,253
57308.4,125,253
57312.6,125,253
57316.8,125,253
57321.1,125,253
57325.3,125,253
57329.5,125,253
57333.7,125,253
57337.9,125,253
57342.1,125,253
57346.3,125,253
57350.6,127,251
57354.8,130,229
57359,131,221
57363.2,129,201
57367.5,131,196
57371.7,126,191
57375.9,127,192
57380.2,125,188
57384.4,125,184
57388.6,128,190
57392.8,127,183
57397,125,193
57401.2,126,193
57405.4,126,193
57409.7,122,196
57413.9,125,192
57418.1,125,185
57422.4,126,193
57426.6,125,187
57430.8,126,194
57435,124,195
57439.2,123,198
57443.4,125,190
57447.6,125,192
57452.2,123,192
57456.4,126,198
57460.6,125,192
57464.8,124,193
57469,123,197
57473.2,128,196
57477.5,125,192
57481.7,125,191
57485.9,122,189
57490.1,125,195
57494.3,124,194
57498.6,124,193
57502.8,125,195
57507,127,193
57511.2,126,191
57515.4,126,189
57519.6,129,195
57526.5,123,196
57530.7,124,193
57534.9,122,191
57539.2,126,189
57543.4,128,189
57547.6,124,192
57551.8,125,192
57556.1,123,188
57560.3,125,187
57564.5,123,192
57568.7,125,190
57573,123,195
57577.2,125,190
57581.4,125,197
57585.6,124,189
57589.8,123,190
57594,123,190
57598.2,123,191
57602.5,124,191
57606.7,123,190
57610.9,124,190
57615.1,125,191
57619.3,123,190
57623.5,126,191
57627.8,123,187
57632,124,196
57638.9,123,192
57643.1,124,191
57647.3,122,196
57651.5,125,190
57655.7,126,194
57659.9,122,188
57664.2,123,193
57668.4,124,190
57672.6,122,190
57676.8,125,190
57681,125,189
57685.2,123,189
57689.4,120,193
57693.6,127,192
57697.8,123,193
57702.1,122,193
57706.3,124,190
57710.5,125,193
57714.7,127,196
57718.9,122,194
57723.2,122,196
57727.4,126,197
57731.6,123,192
57735.8,121,197
57740,121,193
57744.2,121,197
57748.5,125,195
57752.7,122,189
57759.5,124,194
57763.8,123,192
57768,125,193
57772.2,124,195
57776.4,124,194
57780.6,122,192
57784.8,121,193
57789.1,124,193
57793.3,123,197
57797.5,120,194
57801.7,125,199
57805.9,124,194
57810.1,122,197
57814.3,122,196
57818.6,124,191
57822.8,125,196
57827,125,198
57831.2,123,198
57835.4,124,190
57839.6,121,192
57843.8,124,197
57848.1,121,190
57852.3,122,197
57856.5,124,199
57860.8,126,197
57865,122,198
57869.2,121,194
57873.4,123,196
57877.6,125,193
57884.6,121,192
57888.8,124,193
57893.1,126,201
57897.3,124,198
57901.5,122,200
57905.7,121,200
57909.9,121,196
57914.1,121,197
57918.3,122,197
57922.6,123,202
57926.8,122,200
57930.9,122,196
57935.2,124,201
57939.4,124,204
57943.6,125,199
57947.8,125,199
57952.1,120,198
57956.3,126,202
57960.5,125,199
57964.8,123,201
57969,124,204
57973.2,122,202
57977.4,125,203
57981.7,123,199
57988.5,124,205
57993,123,201
57997.2,121,199
58001.4,124,204
58005.6,125,199
58009.9,121,202
58014.1,123,204
58018.3,122,207
58022.5,124,203
58026.7,123,202
58030.9,124,212
58035.1,123,205
58039.4,125,206
58043.6,126,203
58047.8,123,203
58052,121,207
58056.2,124,207
58060.4,124,205
58064.7,123,201
58068.9,123,207
58073.1,121,197
58077.3,123,206
58081.5,124,200
58088.4,121,207
58092.7,124,201
58096.9,121,206
58101.2,120,203
58105.4,126,204
58109.6,126,198
58113.8,120,204
58118,123,201
58122.2,124,205
58126.4,124,205
58130.6,121,204
58134.9,122,210
58139.1,120,204
58143.3,122,204
58147.5,125,205
58151.7,125,207
58155.9,125,199
58160.2,121,205
58164.5,125,207
58168.7,123,206
58172.9,121,198
58177.1,122,206
58181.3,119,208
58185.5,122,207
58189.7,123,205
58196.8,124,206
58201.1,123,204
58205.3,124,205
58209.5,124,205
58213.7,122,209
58217.9,125,206
58222.1,124,208
58226.4,121,203
58230.6,124,204
58234.8,122,205
58239,124,207
58243.2,127,209
58247.4,123,206
58251.6,124,207
58255.9,123,205
58260.1,123,207
58264.3,123,207
58268.5,121,210
58272.7,123,207
58276.9,121,209
58281.2,124,209
58285.4,126,203
58289.6,122,210
58296.7,125,207
58300.9,127,194
58305.1,128,186
58309.3,130,172
58313.6,130,172
58317.8,128,164
58322,131,153
58326.2,130,157
58330.4,131,150
58334.6,132,148
58338.8,130,154
58343.1,125,147
58347.3,128,154
58351.5,129,155
58355.7,133,159
58359.9,130,156
58364.1,130,155
58368.3,132,154
58372.5,130,154
58376.8,132,158
58381,132,158
58385.2,132,156
58389.4,133,158
58393.6,125,155
58397.8,129,156
58402,131,158
58406.2,132,155
58413.1,131,158
58417.3,131,158
58421.5,129,154
58425.8,130,156
58430,128,157
58434.2,126,153
58438.4,128,156
58442.6,129,156
58446.8,127,163
58451.1,130,159
58455.3,128,160
58459.5,128,160
58463.7,130,159
58467.9,131,159
58472.1,129,159
58476.4,131,164
58480.6,129,164
58484.8,129,164
58489,129,164
58493.2,132,166
58497.6,130,157
58501.9,130,157
58506.1,130,157
58512.2,130,163
58516.5,131,161
58520.7,131,160
58524.9,128,166
58529.1,130,167
58533.3,128,166
58537.6,130,166
58541.8,127,162
58546,127,162
58550.2,130,161
58554.4,131,167
58558.6,132,165
58562.8,132,165
58567.1,130,162
58571.3,134,166
58575.5,128,165
58579.7,128,165
58583.9,128,165
58588.2,127,169
58592.4,127,159
58596.6,124,158
58600.8,123,158
58605.1,122,156
58609.3,121,149
58613.5,119,149
58617.7,119,145
58621.9,122,146
58626.1,122,147
58630.3,122,144
58634.6,123,146
58638.8,120,151
58643,125,146
58647.2,124,145
58651.4,127,147
58655.6,123,144
58659.9,121,148
58664.1,121,146
58668.3,120,143
58672.5,123,147
58676.7,123,144
58680.9,120,147
58685.1,123,147
58689.3,123,147
58693.6,123,147
58699.8,119,145
58704,124,146
58708.2,119,146
58712.4,123,152
58716.6,120,147
58720.8,122,144
58725.1,123,145
58729.5,121,147
58733.8,123,150
58738,123,145
58742.2,123,145
58746.4,122,147
58750.6,122,145
58754.8,121,144
58759.1,122,152
58763.3,125,147
58767.5,121,145
58771.7,123,143
58775.9,122,148
58780.1,124,142
58784.3,123,144
58788.6,123,144
58792.8,125,145
58797,121,139
58801.2,121,139
58805.4,121,139
58809.6,124,150
58813.8,120,144
58818.1,121,146
58822.3,119,143
58826.5,121,142
58830.7,122,145
58834.9,122,144
58839.1,124,141
58846.1,122,140
58850.4,119,141
58854.6,123,139
58858.8,124,138
58863,120,138
58867.2,120,138
58871.4,121,148
58875.6,126,135
58879.8,124,140
58884.1,124,140
58888.3,122,140
58892.5,122,144
58896.7,123,140
58900.9,121,138
58905.1,123,141
58909.3,122,142
58913.6,124,139
58917.8,123,138
58922,123,136
58926.2,120,136
58930.4,122,135
58934.7,123,134
58938.9,120,139
58943.1,122,132
58947.3,121,138
58951.5,124,134
58958.5,124,134
58965.3,118,134
58969.6,122,135
58975.3,122,135
58979.5,122,141
58983.7,125,143
58987.9,123,143
58992.1,122,138
58996.3,121,142
59000.6,125,142
59004.8,122,141
59009,122,141
59013.2,123,136
59017.4,121,139
59021.6,124,140
59025.8,123,139
59030.1,123,139
59034.3,121,143
59038.5,119,141
59042.7,120,144
59046.9,122,147
59051.1,122,147
59055.3,125,148
59059.5,123,153
59063.7,125,150
59068,124,151
59072.2,107,150
59079.4,88,147
59087.6,72,145
59095.9,66,145
59104.2,57,146
59112.6,64,147
59120.9,63,149
59129.3,63,149
59137.2,61,148
59141.5,65,150
59145.9,61,151
59150.1,61,158
59154.3,62,149
59158.6,60,146
59162.8,61,148
59167,65,146
59171.2,60,147
59175.4,62,146
59179.6,61,148
59183.8,60,148
59188,61,150
59192.2,66,148
59196.5,64,144
59200.7,64,144
59204.9,64,144
59209.1,62,147
59213.3,65,147
59217.5,57,152
59221.8,57,152
59226,65,151
59230.2,61,163
59234.4,62,150
59238.6,62,150
59242.8,64,151
59247.1,65,155
59251.3,61,151
59255.6,60,156
59259.8,67,165
59266.7,63,159
59270.9,63,157
59275.1,63,157
59279.3,63,157
59283.6,63,162
59287.8,64,161
59292,63,162
59296.2,63,162
59300.5,62,160
59304.7,64,161
59308.9,63,158
59313.1,63,158
59317.4,60,160
59321.6,63,161
59325.8,61,156
59330,61,156
59334.2,60,158
59338.4,59,170
59342.7,65,165
59346.9,66,156
59351.1,66,156
59355.3,60,159
59359.5,60,160
59366.6,60,160
59370.8,60,160
59375.1,63,162
59379.3,65,158
59383.5,59,168
59387.7,63,162
59391.9,59,158
59396.2,59,158
59400.4,61,156
59404.6,61,160
59408.8,62,161
59413,60,160
59417.2,60,160
59421.4,60,160
59425.6,61,161
59429.8,62,160
59434,62,160
59438.2,62,160
59442.5,65,156
59446.7,60,159
59450.9,65,158
59455.1,65,158
59459.3,63,166
59463.5,64,163
59467.8,64,159
59472,65,157
59476.2,65,157
59481,62,162
59485.2,62,153
59489.4,60,158
59493.6,60,158
59497.8,62,156
59502.1,62,153
59506.3,62,159
59510.5,64,153
59514.7,67,160
59518.9,68,159
59523.1,64,151
59527.4,60,156
59531.6,61,153
59535.8,61,153
59540.1,63,155
59544.3,62,163
59548.5,61,150
59552.7,63,153
59557,74,153
59561.2,86,147
59565.4,96,147
59569.6,96,147
59573.8,120,146
59578,120,146
59582.2,142,152
59586.5,151,149
59590.9,156,143
59595.2,164,159
59599.4,164,159
59604.6,164,153
59608.8,160,157
59613,160,157
59617.2,160,157
59621.4,162,153
59625.7,162,153
59629.9,162,153
59634.1,163,151
59638.3,165,161
59642.5,162,150
59646.7,162,150
59650.9,164,155
59655.1,164,155
59659.3,164,155
59663.6,164,155
59668.5,163,159
59672.7,163,159
59676.9,163,160
59681.1,163,160
59685.3,164,163
59689.5,161,162
59693.7,162,157
59697.9,162,157
59702.3,161,160
59706.6,164,160
59710.8,161,159
59715,160,164
59719.2,161,169
59723.4,160,162
59727.6,160,162
59731.8,160,155
59736.1,160,155
59740.2,166,173
59744.4,165,168
59748.7,165,168
59752.9,163,169
59757.1,166,169
59761.4,166,169
59765.6,164,170
59769.8,164,171
59774,164,171
59778.2,164,171
59782.4,165,182
59786.7,168,171
59790.9,166,169
59795.1,163,185
59799.3,163,180
59803.5,165,176
59807.7,165,176
59812,165,176
59816.2,164,171
59820.4,164,171
59824.7,163,172
59828.9,163,170
59833.1,162,173
59837.3,162,173
59841.5,166,180
59845.7,164,175
59850,164,175
59854.2,162,172
59858.4,162,172
59862.7,162,172
59866.8,165,179
59871.1,161,175
59875.3,165,175
59879.5,165,175
59883.7,163,173
59888,163,180
59892.2,163,180
59896.4,166,181
59900.6,166,181
59904.8,163,173
59909,162,177
59913.2,162,177
59917.4,162,182
59921.7,162,175
59925.8,162,183
59930.1,165,191
59934.3,164,180
59938.5,164,180
59942.7,164,186
59946.9,164,180
59951.1,162,180
59955.3,162,180
59959.5,163,185
59963.7,162,183
59967.9,167,182
59972.2,167,182
59976.4,181,182
59980.6,181,182
59984.8,181,182
59989,195,182
59993.2,192,178
59997.4,197,175
60001.7,195,173
60005.9,196,176
60010.1,194,177
60014.3,196,179
60018.6,195,178
60022.8,199,182
60027,195,178
60031.2,196,179
60035.4,197,179
60039.6,198,176
60043.9,198,176
60048.1,195,176
60052.3,198,190
60056.5,198,191
60060.7,194,197
60064.9,197,182
60069.1,194,191
60073.4,199,190
60077.6,199,187
60081.8,195,190
60086,193,180
60090.2,198,197
60094.4,195,180
60098.6,196,194
60102.9,193,183
60107.1,198,187
60111.3,197,196
60115.5,196,181
60119.7,198,183
60123.9,192,179
60128.1,197,194
60132.4,199,188
60136.6,197,192
60140.8,193,181
60145,196,185
60149.2,197,180
60153.4,198,189
60157.6,197,177
60161.9,196,189
60166.1,200,188
60170.3,198,188
60174.5,197,177
60178.7,197,178
60182.9,197,188
60187.1,195,178
60191.3,198,187
60195.8,195,177
60200,202,188
60204.3,198,188
60208.5,197,181
60212.7,199,188
60216.9,197,193
60221.1,196,192
60225.3,197,191
60229.5,197,182
60233.8,196,194
60238,197,182
60242.2,198,194
60246.4,196,194
60250.6,197,189
60257.7,197,180
60261.9,200,189
60266.1,201,191
60270.3,197,178
60274.6,197,191
60278.8,197,180
60283,197,187
60287.2,197,188
60291.5,195,177
60295.7,197,194
60299.9,199,186
60304.1,201,191
60308.3,201,189
60312.5,194,188
60316.7,194,185
60321,199,192
60325.2,196,179
60329.4,197,189
60333.6,198,189
60337.8,197,180
60342,198,188
60346.2,195,180
60350.5,195,180
60356.1,197,178
60360.3,195,180
60364.6,197,188
60368.8,197,186
60372.9,199,185
60377.2,197,186
60381.4,197,180
60385.7,196,176
60389.9,197,185
60394.1,196,184
60398.3,195,189
60402.5,198,181
60406.7,195,178
60410.9,196,169
60415.1,196,168
60419.4,194,172
60423.6,196,178
60427.8,197,180
60432,196,169
60436.2,198,171
60440.4,197,166
60444.6,194,176
60448.8,192,179
60453.1,197,176
60457.3,194,178
60461.5,196,178
60465.8,194,176
60470,194,165
60474.2,195,176
60478.5,194,166
60482.7,192,165
60486.9,192,161
60491.1,198,161
60495.3,196,167
60499.6,195,160
60503.8,196,172
60507.9,197,162
60512.2,194,158
60516.4,197,169
60520.6,199,167
60524.8,195,159
60529.1,196,166
60533.3,195,167
60537.5,195,161
60541.7,192,164
60545.9,180,158
60550.1,171,155
60554.3,163,160
60558.5,158,163
60562.8,142,170
60567,141,176
60571.2,136,178
60575.4,130,184
60579.6,130,180
60583.8,128,181
60588,129,186
60592.2,129,186
60596.5,128,186
60600.7,130,185
60604.9,125,186
60609.1,127,190
60613.3,128,186
60617.7,127,192
60621.9,125,186
60626.2,126,186
60630.4,127,185
60634.6,127,182
60638.8,127,180
60643,127,185
60647.2,127,183
60651.4,125,183
60655.7,128,188
60659.9,127,188
60664.1,130,188
60668.3,124,189
60672.5,125,186
60676.7,125,191
60680.9,126,187
60685.1,125,187
60689.3,124,181
60693.6,128,187
60697.8,126,188
60702.2,128,182
60706.4,126,183
60710.6,126,179
60714.8,131,184
60719,127,190
60723.3,130,187
60727.5,127,195
60731.7,129,189
60735.9,126,186
60740.1,128,188
60744.3,128,187
60748.5,126,187
60752.8,127,188
60757,125,191
60761.2,126,191
60765.4,127,188
60769.6,127,188
60773.9,129,191
60778.1,129,188
60782.3,127,189
60786.5,128,186
60790.8,127,189
60795,127,192
60799.2,128,190
60803.4,129,191
60807.6,127,189
60811.8,127,190
60816,126,189
60820.2,128,188
60824.4,126,193
60828.7,124,190
60832.9,128,192
60837.1,126,190
60841.3,128,194
60845.5,130,194
60849.8,131,191
60854,126,191
60858.2,127,195
60862.4,127,196
60866.6,127,196
60871.6,129,196
60875.8,125,192
60880,130,197
60884.2,128,193
60888.5,128,194
60892.7,127,191
60896.9,128,189
60901.1,125,197
60905.3,126,191
60909.5,128,193
60913.8,127,202
60918,131,197
60922.2,127,201
60926.4,130,200
60930.6,129,197
60934.8,129,197
60939,129,200
60943.2,128,200
60947.5,128,201
60951.8,131,197
60956,130,203
60960.2,132,198
60964.4,125,204
60968.6,127,202
60972.8,128,204
60977,132,200
60981.2,129,209
60985.4,128,203
60989.7,129,202
60993.9,128,207
60998.1,128,200
61002.3,126,202
61006.5,122,203
61010.7,116,204
61015,112,202
61019.2,104,199
61023.4,107,202
61027.7,108,201
61031.9,109,194
61036.1,109,197
61040.4,110,196
61044.6,112,196
61048.8,109,202
61053,113,199
61057.2,107,203
61061.4,107,209
61065.7,110,197
61069.9,110,202
61074.1,110,202
61078.3,109,197
61082.5,111,198
61086.7,107,195
61091,108,201
61095.2,107,199
61099.4,107,199
61103.7,109,205
61107.9,109,202
61112.1,110,201
61116.3,108,199
61120.5,110,201
61124.7,108,206
61128.9,108,197
61133.2,110,201
61137.4,110,201
61141.6,108,200
61145.8,111,196
61150,111,207
61154.2,109,201
61158.5,110,201
61162.7,113,211
61166.9,110,205
61171.1,111,206
61175.3,110,197
61179.5,110,197
61183.7,107,200
61187.9,111,204
61192.2,106,202
61196.4,109,191
61200.6,109,192
61204.8,108,197
61209,112,198
61213.2,112,196
61217.4,118,200
61221.7,125,184
61225.9,133,168
61230.1,136,159
61234.3,144,164
61238.5,147,160
61242.7,150,155
61246.9,151,161
61251.1,153,157
61255.3,154,164
61259.6,159,163
61263.8,158,164
61268,159,153
61272.2,160,153
61276.4,161,156
61280.7,160,155
61284.9,162,166
61289.1,165,162
61293.3,165,162
61297.5,159,157
61301.7,161,160
61305.9,164,169
61310.1,162,157
61314.4,162,157
61318.6,161,162
61322.8,161,164
61327.1,160,166
61331.3,162,165
61335.5,160,163
61339.7,165,163
61344,164,171
61348.2,164,174
61352.4,163,172
61356.7,161,163
61360.9,160,161
61365.1,160,161
61369.3,164,163
61373.6,159,165
61377.8,161,168
61382,162,170
61386.2,163,163
61390.4,163,173
61394.6,161,162
61398.8,162,170
61403.1,162,170
61407.3,162,170
61411.5,162,170
61415.8,163,161
61420,163,161
61424.2,159,164
61428.4,159,163
61432.6,163,168
61436.8,165,162
61441,162,163
61445.2,162,171
61449.4,163,166
61453.7,157,167
61457.9,164,161
61462.1,161,167
61466.3,163,168
61470.5,163,167
61474.8,161,168
61479,163,169
61483.2,164,167
61487.4,161,166
61491.6,161,165
61495.8,159,165
61500.1,160,170
61504.3,162,166
61508.5,159,165
61512.7,160,166
61516.9,161,170
61521.1,161,175
61525.4,158,181
61529.6,158,181
61533.8,160,167
61538.1,159,174
61542.3,162,161
61546.5,157,181
61550.7,161,165
61554.9,160,166
61559.1,160,166
61563.3,160,166
61567.5,159,178
61571.8,159,178
61576,161,174
61580.2,161,174
61584.4,161,174
61588.6,161,174
61592.8,162,173
61597.1,161,181
61601.3,158,174
61605.5,158,174
61609.7,143,173
61613.9,134,191
61618.1,128,188
61622.3,131,191
61626.5,131,193
61630.8,131,192
61635,128,188
61639.2,126,196
61643.4,126,185
61647.6,125,184
61651.8,130,185
61656.1,129,179
61660.3,130,181
61664.6,127,185
61668.8,127,186
61673.1,127,186
61677.3,131,198
61681.5,127,184
61685.7,128,190
61689.9,127,187
61694.1,126,186
61698.3,126,198
61702.6,127,191
61706.8,128,186
61711,127,203
61715.2,125,191
61719.4,125,191
61723.7,128,199
61727.9,127,198
61732.1,126,189
61736.3,128,195
61740.5,126,191
61744.7,127,198
61748.9,129,192
61753.1,129,205
61757.3,125,201
61761.6,128,198
61765.8,129,196
61770,126,203
61776.9,126,200
61785.2,130,199
61793.5,129,198
61801.9,129,198
61809.1,124,200
61813.4,126,203
61818.4,129,207
61822.7,126,203
61826.9,128,195
61831.1,129,201
61835.4,126,197
61839.6,128,207
61843.8,126,207
61848,129,205
61852.3,130,202
61856.5,126,204
61860.7,126,205
61864.9,127,212
61869.1,128,212
61873.3,127,202
61877.5,128,210
61881.8,128,210
61886,128,213
61890.2,127,207
61894.4,127,203
61898.6,125,206
61903.1,129,204
61907.3,124,206
61911.6,128,201
61915.8,128,211
61922.6,126,214
61926.8,128,205
61931,124,207
61935.2,129,220
61939.4,128,201
61943.6,125,210
61947.9,126,211
61952.1,127,206
61956.3,127,213
61960.5,124,205
61964.7,127,204
61968.9,126,203
61973.2,125,206
61977.4,124,210
61981.6,125,202
61985.8,129,211
61990,126,207
61994.2,127,214
61998.4,124,197
62002.6,126,203
62006.8,127,210
62011,127,210
62015.3,126,205
62019.5,127,202
62023.7,124,201
62027.9,126,202
62032.2,127,208
62036.4,127,204
62040.7,129,203
62047.4,125,212
62051.7,123,212
62055.8,127,212
62060.1,129,203
62064.3,138,206
62068.5,147,210
62072.8,156,208
62077,163,213
62081.2,169,205
62085.4,174,207
62089.6,172,212
62093.8,174,215
62098.1,175,216
62102.4,169,210
62106.7,171,215
62110.9,175,216
62115.1,175,223
62119.3,175,219
62123.5,176,223
62127.8,178,215
62132,175,220
62136.2,180,219
62140.4,180,212
62144.6,178,207
62149.1,172,204
62153.3,175,198
62160,169,195
62164.3,170,189
62168.5,174,199
62172.7,173,194
62176.9,168,189
62181.1,162,185
62185.3,166,186
62189.6,165,188
62193.8,161,194
62198,153,188
62202.2,153,188
62206.4,153,188
62210.7,163,192
62214.8,161,196
62219.1,167,201
62223.3,163,203
62227.5,166,198
62231.8,163,194
62236,161,190
62240.2,161,190
62244.4,162,200
62251.5,159,192
62259.9,161,189
62268.4,163,196
62276.4,162,186
62284.9,160,193
62293.4,164,195
62301.7,164,195
62309.1,159,179
62313.3,163,181
62318.4,159,178
62322.7,158,177
62326.9,163,178
62331.1,163,177
62335.3,159,179
62339.5,158,172
62343.7,161,184
62347.9,161,175
62352.2,164,175
62356.4,161,183
62360.6,161,171
62364.8,162,170
62369,159,183
62373.2,162,170
62377.4,161,181
62381.7,159,169
62385.9,159,178
62390.1,160,170
62394.3,163,182
62398.5,163,182
62402.9,158,165
62407.1,161,175
62411.3,158,169
62415.6,161,183
62419.8,160,166
62424,163,178
62428.2,163,165
62432.4,158,162
62436.6,158,163
62440.8,164,166
62445,161,167
62449.2,161,167
62453.5,161,166
62457.7,161,166
62461.9,161,166
62466.1,159,167
62470.3,159,167
62474.5,160,163
62478.8,160,157
62483,160,169
62487.2,160,169
62491.4,160,169
62495.6,159,170
62499.8,165,170
62504,165,170
62508.2,156,170
62512.4,163,169
62516.6,163,169
62520.9,163,169
62525.1,159,161
62529.3,161,166
62533.6,162,157
62537.8,160,157
62542,165,159
62546.2,160,157
62550.4,158,155
62554.6,161,159
62558.8,159,165
62563.1,160,150
62567.3,162,159
62571.5,158,152
62575.7,158,157
62579.9,158,157
62584.1,162,166
62588.3,158,161
62592.6,159,159
62596.8,160,162
62601,160,170
62605.2,160,160
62609.4,162,165
62613.6,159,159
62617.9,158,166
62622.1,160,162
62626.3,161,167
62630.6,164,160
62634.8,153,167
62639,149,162
62643.2,149,173
62647.4,147,189
62651.6,143,165
62655.8,146,172
62660,147,177
62664.3,144,173
62668.6,144,173
62672.8,143,180
62677,141,171
62681.2,139,162
62685.4,142,173
62689.6,143,174
62693.8,140,177
62698.1,143,169
62702.3,140,171
62706.5,141,179
62710.7,140,176
62714.9,141,177
62719.1,140,173
62723.4,141,170
62727.6,135,166
62731.8,135,166
62736,140,179
62740.2,136,174
62744.4,138,173
62748.6,139,169
62752.8,139,168
62757,141,175
62761.2,139,180
62765.4,144,177
62769.6,140,172
62773.9,140,172
62778.1,141,171
62782.4,142,177
62786.6,142,173
62790.8,149,175
62795,142,174
62799.2,147,179
62803.4,153,179
62807.7,146,182
62811.9,142,175
62816.1,147,186
62820.3,147,185
62824.5,145,188
62828.7,147,180
62832.9,147,179
62837.2,149,180
62841.4,150,184
62845.6,149,183
62849.9,150,183
62854.1,143,182
62858.3,147,189
62862.5,145,185
62866.7,148,186
62870.9,147,188
62875.1,149,191
62879.3,147,192
62883.6,148,191
62887.8,149,184
62892,148,180
62896.2,145,180
62900.4,150,179
62904.6,149,187
62908.8,147,180
62913.1,149,180
62917.3,151,192
62921.5,149,184
62925.7,149,193
62929.9,151,186
62934.2,147,191
62938.4,149,184
62942.7,150,185
62946.9,148,191
62951.1,148,185
62955.3,147,192
62959.6,149,198
62963.8,149,195
62968,150,205
62972.2,150,205
62976.4,149,194
62980.6,148,190
62984.9,150,194
62989.1,149,198
62993.3,148,193
62997.5,148,193
63001.7,150,200
63005.9,148,193
63010.1,151,204
63014.3,148,200
63018.6,150,205
63022.8,149,192
63027,145,192
63031.3,138,193
63035.5,126,198
63039.7,120,213
63043.9,119,213
63048.1,119,205
63052.3,128,208
63056.5,129,204
63060.7,126,203
63065,127,209
63069.2,123,202
63073.4,122,201
63077.6,126,201
63081.9,126,206
63086.1,125,203
63090.3,123,207
63094.5,124,203
63098.7,122,205
63103.8,125,203
63108.1,121,210
63112.3,123,213
63116.5,119,210
63120.7,125,210
63124.9,123,210
63129.1,122,210
63133.4,121,211
63137.6,125,212
63141.8,122,209
63146,125,211
63150.2,123,211
63154.4,123,214
63158.6,124,212
63162.9,126,212
63167.1,123,212
63171.3,124,212
63175.5,124,214
63179.8,127,213
63184,124,210
63188.2,126,213
63192.4,125,221
63196.7,122,211
63200.9,124,223
63205.1,126,219
63209.3,125,216
63213.5,124,217
63217.7,127,217
63221.9,123,212
63226.2,120,214
63230.4,124,216
63234.6,124,214
63238.8,120,213
63243,123,219
63247.2,122,223
63251.4,123,212
63255.6,119,210
63259.8,124,214
63264,123,210
63268.2,124,219
63272.5,125,216
63276.7,120,210
63280.9,122,210
63285.2,123,214
63289.4,122,212
63293.6,121,211
63297.8,122,219
63302,121,212
63306.2,124,216
63310.5,125,219
63314.7,125,212
63318.9,122,210
63323.2,124,209
63327.4,122,208
63331.6,121,208
63335.8,123,211
63340,123,209
63344.2,122,211
63348.5,121,212
63352.7,122,209
63356.9,123,215
63361.1,122,211
63365.3,120,218
63369.5,120,209
63373.7,123,213
63377.9,126,215
63382.2,124,209
63386.4,121,211
63390.6,122,215
63394.8,121,210
63399,126,211
63403.2,123,206
63407.4,125,210
63411.7,121,207
63415.9,124,217
63420.2,120,211
63424.4,124,209
63428.6,120,210
63432.8,126,218
63437,122,199
63441.3,123,196
63445.5,123,185
63450,121,190
63454.3,114,191
63458.5,117,194
63462.7,116,189
63466.9,117,194
63471.1,117,198
63475.3,116,201
63479.6,121,217
63483.8,119,201
63488,117,212
63492.2,118,198
63496.4,118,198
63500.6,118,198
63504.8,118,212
63509,119,216
63513.2,117,205
63517.4,116,205
63521.6,120,202
63525.8,117,205
63530,116,212
63534.2,117,205
63538.5,117,205
63542.7,119,213
63546.9,116,211
63551.1,116,211
63555.3,116,214
63559.5,119,214
63563.8,118,209
63568,118,215
63572.3,116,203
63576.5,120,210
63580.7,116,200
63584.9,116,197
63589.1,119,197
63596.1,118,208
63600.4,114,209
63604.6,116,199
63608.8,119,208
63613,119,208
63617.2,119,208
63621.4,117,208
63625.6,119,212
63629.8,118,197
63634.1,119,223
63638.3,117,218
63642.5,119,211
63646.7,118,200
63650.9,118,213
63655.1,116,197
63659.3,116,209
63663.6,117,213
63667.8,119,207
63672,119,207
63676.2,119,207
63680.4,119,207
63684.6,119,201
63688.8,118,201
63693,117,208
63697.3,119,207
63704.3,119,207
63708.5,118,199
63712.7,117,197
63717,115,200
63721.2,117,196
63725.5,115,196
63729.7,115,201
63733.9,118,201
63738.1,118,196
63742.3,117,207
63746.5,119,199
63750.7,120,199
63755.2,117,196
63759.4,117,208
63763.7,115,196
63767.9,119,207
63772.1,120,197
63776.3,117,196
63780.5,118,198
63784.7,118,199
63789,118,199
63793.5,120,197
63797.7,120,202
63804.2,123,213
63808.4,117,197
63812.7,118,196
63816.9,117,198
63821.2,119,209
63825.4,118,198
63829.6,122,197
63833.8,118,194
63838,120,195
63842.2,117,194
63846.4,117,194
63850.7,120,193
63854.9,120,208
63859.1,117,195
63863.3,121,197
63867.6,122,196
63871.8,120,207
63876,122,196
63880.3,114,198
63884.5,109,210
63888.7,96,198
63892.9,89,202
63897.1,85,205
63901.3,80,210
63905.5,79,211
63909.8,66,201
63916.6,66,208
63920.8,66,208
63925,69,210
63929.2,70,227
63933.4,71,225
63937.7,72,233
63941.9,68,231
63946.1,72,232
63950.4,71,235
63954.6,71,233
63958.8,71,234
63963,72,234
63967.2,73,234
63971.4,68,245
63975.7,72,240
63979.9,70,236
63984.1,74,240
63988.3,74,239
63992.5,69,242
63996.7,74,246
64001,71,233
64005.2,71,234
64009.4,74,234
64013.7,75,237
64020.7,70,235
64024.9,71,232
64029.2,71,233
64033.4,75,228
64037.6,72,230
64041.8,74,232
64046.1,72,234
64050.3,73,229
64054.5,74,231
