125 120 54 23038.6 0 0
124 117 54 23042.8 0 0
122 122 53 23047 0 0
122 120 53 23051.2 0 0
123 120 54 23055.4 0 0
123 122 53 23059.6 0 0
123 121 53 23064.1 0 0
123 142 54 23068.3 0 0
123 119 53 23072.5 0 0
124 114 53 23076.8 0 0
123 122 54 23081 0 0
124 131 53 23085.3 0 0
124 121 54 23089.5 0 0
124 118 54 23093.8 0 0
120 139 53 23098 0 0
122 120 53 23102.2 0 0
125 128 54 23106.4 0 0
118 137 53 23110.6 0 0
123 119 54 23114.8 0 0
121 136 54 23119 0 0
122 135 54 23123.3 0 0
132 142 54 23127.5 0 0
121 139 54 23131.7 0 0
123 133 54 23135.9 0 0
126 121 54 23140.2 0 0
121 135 53 23144.4 0 0
125 119 53 23149.2 0 0
125 119 54 23153.5 0 0
118 144 54 23157.7 0 0
125 119 54 23161.9 0 0
124 120 54 23166.1 0 0
118 143 54 23170.3 0 0
125 118 54 23174.5 0 0
122 143 54 23178.7 0 0
125 139 54 23182.9 0 0
125 139 54 23187.2 0 0
123 134 54 23192 0 0
122 134 54 23196.2 0 0
125 131 54 23200.4 0 0
119 137 54 23204.6 0 0
121 128 54 23208.9 0 0
126 132 54 23213.2 0 0
124 120 54 23217.5 0 0
124 127 54 23221.8 0 0
122 137 54 23226 0 0
125 117 54 23230.2 0 0
125 119 54 23234.4 0 0
122 134 54 23238.6 0 0
125 129 54 23242.8 0 0
119 143 54 23247.1 0 0
124 138 54 23251.3 0 0
120 143 55 23255.5 0 0
122 137 54 23259.8 0 0
125 137 54 23264 0 0
123 136 54 23268.2 0 0
124 114 54 23272.4 0 0
121 139 54 23276.7 0 0
124 141 54 23281 0 0
126 119 54 23285.3 0 0
123 134 54 23289.5 0 0
120 142 54 23293.7 0 0
121 130 54 23297.9 0 0
122 130 54 23302.1 0 0
121 140 54 23306.3 0 0
124 117 54 23310.6 0 0
125 141 54 23314.8 0 0
122 133 54 23319 0 0
126 118 54 23323.2 0 0
122 142 54 23327.4 0 0
124 128 54 23331.7 0 0
125 133 54 23335.9 0 0
123 137 54 23340.2 0 0
121 134 54 23344.8 0 0
122 138 54 23349.1 0 0
123 137 54 23353.3 0 0
125 120 54 23357.5 0 0
123 120 54 23361.7 0 0
125 119 53 23365.9 0 0
123 138 53 23370.1 0 0
118 120 54 23374.3 0 0
113 117 54 23378.5 0 0
92 141 53 23382.7 0 0
89 113 53 23389.8 0 0
82 114 52 23394 0 0
75 115 51 23398.2 0 0
68 115 52 23402.4 0 0
64 116 51 23406.7 0 0
60 117 50 23410.9 0 0
60 117 0 23415.1 0 0
57 118 50 23419.3 0 0
59 120 50 23423.5 0 0
60 120 49 23427.8 0 0
59 116 49 23432 0 0
57 119 49 23436.2 0 0
57 120 49 23440.5 0 0
57 118 49 23444.7 0 0
57 119 48 23448.9 0 0
56 119 48 23453.1 0 0
58 119 48 23457.3 0 0
55 120 48 23461.5 0 0
57 116 47 23465.8 0 0
58 118 47 23470 0 0
58 116 47 23474.2 0 0
58 116 47 23481.2 0 0
54 117 47 23488.8 0 0
56 118 47 23493 0 0
55 118 46 23497.7 0 0
56 118 46 23502 0 0
55 121 46 23506.2 0 0
55 120 46 23510.4 0 0
56 121 46 23514.6 0 0
55 121 46 23518.8 0 0
56 120 46 23523 0 0
55 122 45 23527.3 0 0
54 121 45 23531.5 0 0
56 118 45 23536.1 0 0
56 120 45 23540.3 0 0
55 121 45 23544.5 0 0
57 119 45 23548.7 0 0
55 121 45 23553 0 0
55 118 45 23557.2 0 0
55 120 44 23561.4 0 0
56 118 44 23565.7 0 0
55 121 44 23569.9 0 0
54 117 44 23576.8 0 0
52 113 44 23581 0 0
49 103 43 23585.3 0 0
49 97 44 23589.5 0 0
47 82 44 23593.8 0 0
44 73 43 23598 0 0
41 62 43 23602.2 0 0
39 48 43 23606.4 0 0
37 40 43 23610.6 0 0
34 35 43 23614.8 0 0
34 34 42 23619 0 0
33 32 42 23623.2 0 0
35 43 42 23627.4 0 0
30 36 42 23631.6 0 0
33 34 42 23635.9 0 0
31 36 42 23640.1 0 0
34 32 42 23644.3 0 0
34 33 42 23648.5 0 0
32 32 42 23652.8 0 0
32 33 41 23657 0 0
34 44 42 23661.2 0 0
34 34 42 23665.4 0 0
31 34 42 23669.6 0 0
33 35 42 23673.8 0 0
34 38 42 23678 0 0
33 38 42 23682.3 0 0
32 33 41 23686.5 0 0
34 40 42 23690.7 0 0
33 44 41 23694.9 0 0
34 36 42 23699.1 0 0
33 42 42 23706.2 0 0
34 33 41 23710.4 0 0
33 32 42 23714.6 0 0
33 36 41 23718.8 0 0
33 34 41 23723.1 0 0
32 34 41 23727.3 0 0
34 33 41 23731.5 0 0
34 33 0 23735.7 0 0
33 32 41 23739.9 0 0
35 39 42 23744.1 0 0
35 30 41 23748.4 0 0
32 32 41 23752.6 0 0
33 32 42 23756.8 0 0
35 38 41 23761 0 0
33 31 41 23765.2 0 0
35 30 41 23769.4 0 0
34 32 41 23773.7 0 0
33 30 41 23777.9 0 0
34 31 41 23782.1 0 0
33 31 41 23786.3 0 0
34 32 41 23790.5 0 0
32 35 41 23794.7 0 0
33 41 42 23798.9 0 0
35 34 41 23805.8 0 0
35 36 41 23810.1 0 0
35 32 41 23814.3 0 0
39 34 41 23818.7 0 0
46 37 42 23822.9 0 0
56 27 43 23827.1 0 0
67 30 43 23831.3 0 0
77 26 43 23835.6 0 0
81 28 43 23839.8 0 0
82 27 42 23844 0 0
85 27 43 23848.3 0 0
83 27 43 23852.5 0 0
83 27 42 23856.7 0 0
83 27 42 23860.9 0 0
83 28 42 23865.1 0 0
85 27 42 23869.3 0 0
83 26 42 23873.5 0 0
85 25 43 23877.7 0 0
83 26 42 23881.9 0 0
84 26 42 23886.2 0 0
83 26 43 23890.5 0 0
83 26 0 23894.7 0 0
84 27 42 23898.9 0 0
85 24 43 23906 0 0
83 27 42 23910.2 0 0
85 25 43 23914.4 0 0
80 25 42 23918.6 0 0
82 27 42 23922.8 0 0
85 25 43 23927 0 0
83 27 43 23931.2 0 0
84 26 43 23935.5 0 0
82 26 43 23939.7 0 0
84 26 43 23944 0 0
83 25 43 23948.2 0 0
83 25 42 23952.4 0 0
84 26 42 23956.6 0 0
83 24 43 23960.8 0 0
84 25 42 23965 0 0
84 26 43 23969.3 0 0
84 26 43 23973.6 0 0
84 27 43 23977.8 0 0
84 25 43 23982 0 0
82 27 43 23986.2 0 0
84 26 43 23993.4 0 0
84 27 44 23997.6 0 0
82 27 43 24001.8 0 0
85 27 44 24006.1 0 0
84 27 44 24010.3 0 0
84 25 43 24014.5 0 0
84 27 43 24018.7 0 0
86 27 43 24022.9 0 0
84 26 43 24027.1 0 0
83 26 44 24031.3 0 0
83 26 43 24035.6 0 0
84 23 44 24039.8 0 0
84 28 44 24044 0 0
85 25 43 24048.2 0 0
85 25 44 24052.4 0 0
83 27 44 24056.7 0 0
86 27 44 24060.9 0 0
84 27 44 24065.2 0 0
85 26 43 24069.4 0 0
83 30 44 24073.6 0 0
83 29 44 24077.8 0 0
87 31 45 24082 0 0
107 42 46 24086.3 0 0
116 51 47 24093.3 0 0
123 59 47 24097.5 0 0
128 63 46 24101.8 0 0
130 67 45 24106 0 0
132 70 45 24110.2 0 0
132 73 45 24114.4 0 0
129 74 46 24118.6 0 0
128 72 46 24122.8 0 0
130 70 46 24127.1 0 0
131 72 46 24131.3 0 0
132 71 46 24135.5 0 0
132 73 46 24139.8 0 0
132 71 46 24144 0 0
132 74 46 24148.2 0 0
132 71 46 24152.4 0 0
133 72 46 24156.9 0 0
132 71 46 24161.1 0 0
130 72 46 24168.2 0 0
133 73 46 24172.4 0 0
132 74 46 24176.7 0 0
132 73 46 24180.9 0 0
129 74 46 24185.2 0 0
132 76 46 24189.4 0 0
130 76 46 24193.6 0 0
131 76 47 24197.8 0 0
132 74 46 24202 0 0
129 76 46 24206.2 0 0
131 75 47 24210.5 0 0
131 77 47 24214.7 0 0
131 75 47 24218.9 0 0
131 77 47 24223.1 0 0
131 77 47 24227.3 0 0
132 75 47 24231.6 0 0
131 77 47 24235.8 0 0
132 75 47 24240 0 0
132 75 47 24244.2 0 0
132 75 47 24248.5 0 0
132 76 47 24254.5 0 0
132 76 47 24258.7 0 0
132 76 47 24262.9 0 0
131 78 47 24267.1 0 0
131 76 47 24271.3 0 0
131 73 48 24275.5 0 0
130 75 48 24279.8 0 0
132 75 48 24284 0 0
132 75 48 24288.2 0 0
133 73 48 24292.4 0 0
138 75 48 24296.6 0 0
148 75 49 24300.8 0 0
159 68 50 24305.1 0 0
169 65 50 24309.7 0 0
180 62 50 24314 0 0
188 59 50 24318.4 0 0
192 57 49 24322.6 0 0
203 55 49 24326.8 0 0
209 53 48 24331 0 0
215 53 48 24335.2 0 0
224 58 48 24339.4 0 0
233 55 47 24343.8 0 0
235 56 47 24348 0 0
233 55 47 24352.2 0 0
232 52 47 24356.5 0 0
230 53 47 24360.7 0 0
228 51 48 24364.9 0 0
231 54 48 24369.1 0 0
232 54 47 24373.3 0 0
233 55 47 24377.5 0 0
233 55 48 24381.7 0 0
231 55 48 24385.9 0 0
232 53 48 24390.2 0 0
234 54 48 24394.4 0 0
231 51 48 24398.6 0 0
233 53 48 24402.8 0 0
233 54 48 24407.2 0 0
232 52 48 24411.5 0 0
231 51 48 24415.7 0 0
232 51 48 24419.8 0 0
233 52 48 24424.1 0 0
231 52 49 24428.3 0 0
233 55 48 24432.5 0 0
232 53 48 24436.7 0 0
231 54 48 24441 0 0
229 53 48 24445.2 0 0
232 54 48 24449.4 0 0
233 55 48 24453.9 0 0
233 55 48 24458.1 0 0
231 53 49 24462.3 0 0
232 55 48 24466.6 0 0
233 52 49 24470.8 0 0
232 53 49 24475 0 0
232 54 48 24479.2 0 0
232 53 49 24483.4 0 0
233 54 49 24487.6 0 0
232 54 48 24491.8 0 0
233 53 49 24496 0 0
233 55 49 24500.3 0 0
231 54 49 24504.5 0 0
231 53 49 24508.8 0 0
234 53 49 24513 0 0
232 53 49 24517.2 0 0
232 53 49 24521.4 0 0
234 54 49 24525.6 0 0
231 53 49 24529.8 0 0
232 52 49 24534.1 0 0
231 53 49 24538.3 0 0
231 53 49 24542.5 0 0
234 56 49 24546.7 0 0
231 55 50 24550.9 0 0
232 53 49 24555.1 0 0
232 54 49 24559.3 0 0
232 55 49 24563.6 0 0
233 54 49 24567.9 0 0
233 55 50 24572.1 0 0
232 54 49 24576.3 0 0
233 53 49 24580.5 0 0
233 55 49 24584.8 0 0
231 55 49 24589 0 0
232 56 50 24593.4 0 0
232 54 49 24597.6 0 0
232 55 50 24601.8 0 0
233 54 50 24606 0 0
232 52 49 24610.2 0 0
234 56 49 24614.4 0 0
231 53 50 24618.6 0 0
232 55 50 24622.8 0 0
233 55 50 24627 0 0
233 55 50 24638.7 0 0
233 54 50 24643 0 0
232 54 49 24657.6 0 0
234 55 49 24661.9 0 0
232 54 50 24666.1 0 0
232 55 50 24670.3 0 0
235 57 50 24674.5 0 0
232 56 50 24678.8 0 0
232 54 50 24683 0 0
233 55 50 24687.2 0 0
234 55 50 24691.5 0 0
233 55 50 24695.7 0 0
233 55 50 24699.9 0 0
234 56 50 24704.1 0 0
240 59 50 24708.3 0 0
240 58 50 24712.5 0 0
237 59 50 24716.8 0 0
236 58 49 24721 0 0
236 56 50 24725.2 0 0
238 58 50 24729.4 0 0
237 55 50 24733.6 0 0
239 56 49 24737.8 0 0
237 57 50 24742.1 0 0
239 56 50 24746.4 0 0
238 58 50 24750.6 0 0
237 57 50 24754.8 0 0
238 60 50 24759 0 0
237 56 50 24763.2 0 0
237 56 50 24767.4 0 0
239 58 50 24771.7 0 0
239 59 50 24775.9 0 0
237 56 50 24780.1 0 0
238 56 50 24784.4 0 0
239 57 50 24788.6 0 0
240 57 50 24792.8 0 0
236 57 50 24797 0 0
238 57 50 24801.2 0 0
238 55 50 24805.4 0 0
237 56 50 24809.7 0 0
237 57 50 24813.9 0 0
238 56 50 24818.2 0 0
238 56 50 24822.4 0 0
236 55 50 24826.6 0 0
239 56 50 24830.8 0 0
238 56 50 24835 0 0
238 55 50 24839.2 0 0
239 58 50 24843.5 0 0
237 58 50 24847.7 0 0
236 58 50 24851.9 0 0
237 58 50 24856.1 0 0
237 58 50 24860.3 0 0
237 57 50 24864.5 0 0
237 58 50 24868.7 0 0
239 59 50 24872.9 0 0
238 56 50 24877.1 0 0
238 56 50 24881.3 0 0
237 57 50 24885.5 0 0
237 57 50 24889.8 0 0
237 57 50 24894.1 0 0
237 57 50 24898.4 0 0
238 58 50 24902.6 0 0
239 58 50 24907.4 0 0
237 55 50 24911.6 0 0
238 58 50 24915.8 0 0
238 57 50 24920 0 0
237 56 50 24924.2 0 0
238 57 50 24928.5 0 0
236 57 50 24932.7 0 0
238 57 50 24937 0 0
237 55 50 24941.2 0 0
237 57 50 24945.4 0 0
236 55 50 24949.6 0 0
238 57 50 24953.8 0 0
237 59 50 24958 0 0
237 56 50 24962.3 0 0
235 58 50 24966.5 0 0
236 60 50 24970.7 0 0
236 59 50 24975 0 0
235 57 50 24979.2 0 0
236 61 50 24983.3 0 0
235 55 51 24987.5 0 0
231 57 51 24991.8 0 0
219 63 52 24996 0 0
205 60 53 25000.3 0 0
193 60 53 25004.5 0 0
186 64 54 25008.8 0 0
178 64 54 25013 0 0
164 67 54 25017.2 0 0
155 65 54 25021.4 0 0
147 67 53 25025.6 0 0
141 69 53 25029.9 0 0
134 69 53 25034.1 0 0
129 70 52 25038.3 0 0
132 69 52 25042.6 0 0
133 70 52 25046.8 0 0
133 70 52 25051 0 0
135 68 52 25055.2 0 0
133 70 52 25059.4 0 0
132 69 52 25063.6 0 0
132 69 53 25067.9 0 0
132 68 52 25072.1 0 0
131 70 52 25076.3 0 0
132 71 52 25080.5 0 0
131 69 53 25084.8 0 0
131 71 52 25089 0 0
131 69 53 25093.2 0 0
133 70 52 25097.5 0 0
131 70 53 25101.7 0 0
131 70 53 25105.9 0 0
130 70 53 25110.1 0 0
131 68 52 25114.3 0 0
132 70 53 25118.5 0 0
132 72 53 25122.7 0 0
131 72 52 25126.9 0 0
133 71 53 25131.2 0 0
132 71 53 25135.4 0 0
132 71 53 25139.6 0 0
131 70 53 25143.8 0 0
131 72 53 25148.1 0 0
131 71 53 25152.3 0 0
130 71 53 25156.5 0 0
131 72 53 25160.8 0 0
133 72 53 25165 0 0
131 71 52 25169.2 0 0
132 72 53 25173.4 0 0
131 69 53 25177.7 0 0
126 69 53 25181.9 0 0
119 65 53 25186.1 0 0
113 54 54 25190.3 0 0
105 50 54 25194.6 0 0
97 43 53 25198.8 0 0
93 36 53 25203 0 0
89 33 53 25207.2 0 0
89 33 0 25211.4 0 0
84 30 52 25215.6 0 0
86 29 52 25219.9 0 0
87 30 52 25224.1 0 0
88 30 53 25228.3 0 0
88 30 52 25232.5 0 0
86 28 52 25236.7 0 0
88 29 52 25241.1 0 0
87 29 53 25245.3 0 0
85 26 52 25249.5 0 0
87 26 52 25253.8 0 0
85 29 53 25258 0 0
86 29 52 25262.2 0 0
84 30 52 25266.4 0 0
87 28 52 25270.6 0 0
85 28 52 25274.8 0 0
86 29 52 25279.1 0 0
85 29 52 25283.3 0 0
86 29 52 25287.5 0 0
87 28 52 25291.7 0 0
87 28 52 25295.9 0 0
88 28 52 25300.1 0 0
88 31 52 25304.4 0 0
85 29 52 25308.6 0 0
87 30 52 25313 0 0
84 29 52 25317.2 0 0
87 29 52 25321.4 0 0
87 29 52 25325.6 0 0
86 29 52 25329.8 0 0
86 28 52 25334 0 0
88 29 52 25338.3 0 0
86 30 52 25342.5 0 0
89 30 52 25346.7 0 0
85 31 52 25350.9 0 0
86 32 52 25355.1 0 0
86 30 52 25359.3 0 0
86 31 52 25363.5 0 0
87 27 52 25367.8 0 0
88 31 52 25372 0 0
88 27 52 25376.2 0 0
87 28 52 25380.4 0 0
88 28 52 25384.6 0 0
89 29 52 25388.8 0 0
86 27 52 25393 0 0
88 29 52 25397.3 0 0
86 28 52 25401.5 0 0
88 27 52 25405.7 0 0
87 29 51 25409.9 0 0
85 29 52 25414.2 0 0
87 27 51 25418.4 0 0
86 30 52 25422.6 0 0
86 29 51 25426.8 0 0
86 30 51 25431 0 0
88 30 51 25435.3 0 0
86 30 51 25439.5 0 0
87 28 51 25443.8 0 0
87 27 51 25448 0 0
86 29 51 25452.2 0 0
88 30 51 25456.3 0 0
87 28 51 25460.6 0 0
86 28 51 25464.8 0 0
88 28 50 25469 0 0
86 29 50 25473.3 0 0
87 30 51 25477.5 0 0
87 27 50 25481.7 0 0
86 29 51 25485.9 0 0
86 28 50 25490.1 0 0
87 30 51 25494.3 0 0
85 27 51 25498.6 0 0
87 29 50 25502.8 0 0
85 29 51 25507 0 0
87 29 50 25511.2 0 0
86 27 51 25515.4 0 0
86 30 51 25519.6 0 0
87 28 50 25523.8 0 0
88 26 50 25528.1 0 0
87 26 50 25532.4 0 0
86 27 50 25536.7 0 0
86 28 50 25540.8 0 0
85 28 50 25545 0 0
87 28 50 25549.2 0 0
87 26 50 25553.5 0 0
86 29 50 25557.8 0 0
87 26 50 25562 0 0
86 27 50 25566.4 0 0
85 27 50 25570.6 0 0
87 26 50 25574.8 0 0
87 27 50 25579 0 0
85 28 50 25583.2 0 0
86 26 50 25587.4 0 0
84 27 50 25591.7 0 0
87 29 50 25595.9 0 0
85 30 50 25600.1 0 0
85 30 50 25604.3 0 0
87 30 50 25608.5 0 0
86 30 50 25612.8 0 0
86 30 49 25617 0 0
84 30 50 25621.2 0 0
86 28 50 25625.6 0 0
85 29 49 25629.8 0 0
85 25 50 25634.1 0 0
84 29 50 25638.5 0 0
85 29 50 25642.7 0 0
85 29 50 25646.9 0 0
84 29 50 25651.1 0 0
87 27 50 25655.4 0 0
85 29 50 25659.6 0 0
83 29 50 25663.8 0 0
79 29 50 25668 0 0
80 29 50 25672.3 0 0
81 28 49 25676.6 0 0
82 28 49 25680.8 0 0
81 29 50 25685 0 0
81 31 49 25689.3 0 0
81 29 50 25693.5 0 0
82 30 50 25697.7 0 0
83 28 50 25701.9 0 0
80 28 50 25706.1 0 0
83 26 50 25710.3 0 0
79 28 50 25714.5 0 0
81 26 50 25718.7 0 0
82 27 49 25723 0 0
81 28 50 25727.2 0 0
81 28 50 25731.4 0 0
81 28 50 25735.6 0 0
82 27 50 25739.8 0 0
81 28 50 25744 0 0
82 28 50 25748.3 0 0
81 27 50 25752.5 0 0
81 28 50 25756.7 0 0
80 28 50 25760.9 0 0
84 26 50 25765.1 0 0
79 29 50 25769.3 0 0
82 29 50 25773.6 0 0
83 26 50 25777.8 0 0
81 27 50 25782.7 0 0
82 27 50 25786.9 0 0
82 29 50 25791.1 0 0
80 30 50 25795.3 0 0
81 26 50 25799.5 0 0
81 30 50 25803.8 0 0
79 31 50 25808 0 0
81 30 50 25812.3 0 0
80 29 50 25816.5 0 0
80 28 50 25820.7 0 0
80 27 50 25824.9 0 0
81 26 51 25829.1 0 0
81 26 50 25833.4 0 0
82 26 51 25837.6 0 0
83 26 51 25841.9 0 0
82 25 50 25846.1 0 0
81 27 50 25850.3 0 0
83 28 50 25854.5 0 0
79 28 50 25858.7 0 0
79 27 50 25862.9 0 0
82 27 50 25867.2 0 0
80 29 50 25871.4 0 0
82 27 51 25875.6 0 0
82 28 51 25879.8 0 0
80 26 51 25884 0 0
82 26 51 25888.3 0 0
80 28 50 25892.5 0 0
81 29 51 25896.7 0 0
81 28 51 25900.9 0 0
80 28 51 25905.2 0 0
83 28 51 25909.4 0 0
82 29 51 25913.6 0 0
80 29 51 25917.8 0 0
80 28 51 25922 0 0
81 30 51 25926.2 0 0
80 29 51 25930.4 0 0
81 29 51 25934.7 0 0
79 27 51 25941.7 0 0
82 24 51 25945.9 0 0
82 26 51 25950.1 0 0
83 26 51 25954.3 0 0
82 28 51 25958.5 0 0
81 28 51 25962.8 0 0
82 28 51 25967.1 0 0
81 29 51 25971.3 0 0
80 30 51 25975.5 0 0
80 28 51 25979.7 0 0
79 29 51 25983.9 0 0
83 28 51 25988.1 0 0
83 26 51 25992.3 0 0
78 27 51 25996.5 0 0
73 26 52 26001.5 0 0
53 27 52 26005.7 0 0
49 24 51 26012.1 0 0
37 28 51 26020.7 0 0
32 30 50 26024.9 0 0
25 34 50 26029.2 0 0
24 42 50 26033.4 0 0
25 39 49 26037.6 0 0
26 43 50 26041.8 0 0
29 39 50 26050.2 0 0
28 40 50 26054.4 0 0
28 41 50 26058.6 0 0
26 39 49 26062.8 0 0
26 40 50 26067.1 0 0
26 39 50 26071.3 0 0
27 39 50 26075.5 0 0
24 39 49 26079.7 0 0
26 39 50 26083.9 0 0
26 42 50 26088.1 0 0
25 39 49 26092.4 0 0
27 39 50 26096.6 0 0
25 40 49 26100.8 0 0
26 40 50 26105 0 0
27 41 49 26109.2 0 0
23 41 49 26113.5 0 0
28 38 49 26117.7 0 0
25 42 49 26121.9 0 0
25 41 49 26129 0 0
24 41 50 26133.2 0 0
25 43 49 26137.5 0 0
23 42 49 26141.7 0 0
26 44 49 26145.9 0 0
25 40 49 26150.1 0 0
23 44 50 26154.4 0 0
23 42 50 26158.6 0 0
24 43 49 26162.8 0 0
24 43 50 26167 0 0
27 40 50 26171.2 0 0
28 41 49 26175.4 0 0
26 40 50 26179.7 0 0
25 42 50 26184.1 0 0
25 42 50 26188.3 0 0
25 40 49 26192.6 0 0
26 40 49 26196.8 0 0
26 40 49 26201 0 0
25 40 49 26207.6 0 0
25 42 49 26211.8 0 0
27 39 49 26216.1 0 0
25 40 49 26220.3 0 0
26 39 50 26224.5 0 0
27 48 50 26228.7 0 0
27 42 49 26232.9 0 0
26 48 49 26237.1 0 0
26 48 0 26241.4 0 0
26 42 49 26245.6 0 0
24 45 49 26249.8 0 0
27 44 49 26254.1 0 0
27 40 49 26258.3 0 0
26 42 49 26266.7 0 0
25 42 49 26271 0 0
24 44 49 26275.2 0 0
26 42 49 26279.5 0 0
25 41 49 26283.7 0 0
26 42 49 26287.9 0 0
25 42 49 26292.1 0 0
26 44 49 26296.3 0 0
28 39 49 26300.5 0 0
27 43 49 26304.9 0 0
25 40 49 26309.1 0 0
26 41 49 26313.3 0 0
27 41 49 26317.7 0 0
26 39 49 26321.9 0 0
28 38 49 26326.1 0 0
28 34 48 26330.3 0 0
32 33 49 26334.5 0 0
29 34 49 26338.7 0 0
28 33 49 26343.2 0 0
28 34 48 26347.4 0 0
27 36 49 26351.6 0 0
29 35 49 26355.8 0 0
28 31 48 26360.1 0 0
28 33 49 26364.3 0 0
29 32 49 26368.5 0 0
27 33 48 26372.7 0 0
32 32 49 26377 0 0
30 32 49 26381.2 0 0
30 32 49 26385.4 0 0
33 28 48 26389.5 0 0
28 31 48 26393.8 0 0
30 31 49 26398 0 0
30 31 48 26402.2 0 0
29 32 48 26406.4 0 0
30 31 48 26410.7 0 0
30 31 48 26414.9 0 0
32 30 48 26419.1 0 0
30 32 48 26423.3 0 0
30 31 48 26427.5 0 0
28 32 48 26431.7 0 0
31 32 48 26435.9 0 0
29 31 48 26440.2 0 0
29 33 48 26444.4 0 0
29 32 48 26448.6 0 0
31 33 48 26452.8 0 0
27 33 48 26457 0 0
28 32 48 26461.2 0 0
29 32 48 26469.7 0 0
28 32 47 26473.9 0 0
31 33 48 26478.1 0 0
30 33 48 26482.3 0 0
29 34 48 26486.5 0 0
29 34 48 26490.7 0 0
27 33 48 26494.9 0 0
27 35 48 26499.1 0 0
30 34 48 26503.4 0 0
27 36 48 26507.7 0 0
30 35 48 26511.9 0 0
28 33 47 26516.1 0 0
29 32 47 26520.4 0 0
30 34 48 26524.6 0 0
30 32 47 26528.8 0 0
28 32 48 26533 0 0
31 32 47 26537.2 0 0
29 32 48 26541.4 0 0
31 32 48 26545.6 0 0
31 30 48 26549.8 0 0
31 33 48 26554.5 0 0
32 30 48 26558.8 0 0
31 31 48 26563 0 0
29 33 48 26567.3 0 0
32 31 48 26571.5 0 0
29 32 48 26575.7 0 0
30 33 47 26582.5 0 0
28 33 48 26586.8 0 0
29 34 47 26595.3 0 0
29 35 48 26599.5 0 0
31 31 47 26603.7 0 0
28 35 48 26607.9 0 0
28 34 47 26612.1 0 0
30 32 48 26616.3 0 0
31 34 48 26620.6 0 0
31 37 48 26624.8 0 0
37 48 48 26629.1 0 0
51 38 49 26633.3 0 0
63 47 50 26637.5 0 0
75 47 51 26641.7 0 0
83 50 51 26645.9 0 0
92 53 51 26650.2 0 0
102 59 51 26654.5 0 0
107 62 50 26658.7 0 0
115 64 50 26662.9 0 0
120 68 50 26667.1 0 0
119 66 50 26674.2 0 0
117 68 50 26678.4 0 0
118 67 50 26682.7 0 0
118 67 50 26686.9 0 0
119 67 50 26691.1 0 0
120 69 50 26695.3 0 0
118 69 50 26699.5 0 0
120 70 50 26703.7 0 0
119 71 50 26707.9 0 0
118 70 50 26712.2 0 0
119 70 50 26716.4 0 0
119 72 50 26720.6 0 0
120 72 50 26724.8 0 0
118 70 50 26729 0 0
118 70 50 26733.2 0 0
118 68 50 26737.4 0 0
120 70 50 26741.7 0 0
119 69 50 26745.9 0 0
120 68 50 26750.1 0 0
118 69 50 26754.3 0 0
119 68 50 26758.5 0 0
121 68 50 26762.7 0 0
119 71 50 26766.9 0 0
119 73 50 26773.9 0 0
118 71 50 26782.4 0 0
120 71 50 26790.6 0 0
119 71 50 26799.1 0 0
119 74 50 26807.3 0 0
119 72 50 26815.6 0 0
120 73 50 26824.1 0 0
119 71 50 26832.3 0 0
119 71 50 26840.6 0 0
120 74 50 26848.2 0 0
119 73 50 26852.5 0 0
120 73 50 26857.3 0 0
117 72 50 26861.5 0 0
119 73 50 26865.7 0 0
118 73 50 26869.9 0 0
117 73 50 26874.2 0 0
119 75 50 26878.4 0 0
119 72 50 26882.6 0 0
121 73 50 26886.8 0 0
118 73 50 26891 0 0
122 73 50 26895.2 0 0
124 75 51 26899.5 0 0
127 76 51 26903.7 0 0
129 74 50 26907.9 0 0
128 73 51 26912.2 0 0
127 73 50 26916.4 0 0
127 74 50 26920.5 0 0
125 75 50 26924.8 0 0
126 75 50 26929 0 0
125 75 50 26933.2 0 0
126 74 51 26937.4 0 0
127 74 51 26941.6 0 0
126 72 51 26945.8 0 0
126 73 51 26950 0 0
126 71 51 26957 0 0
127 73 50 26961.2 0 0
124 75 51 26965.4 0 0
128 71 51 26969.7 0 0
126 70 51 26973.9 0 0
128 70 51 26978.1 0 0
128 71 51 26982.3 0 0
126 71 51 26986.5 0 0
126 73 51 26990.7 0 0
128 73 51 26994.9 0 0
128 73 51 26999.2 0 0
128 74 51 27003.4 0 0
129 74 51 27007.6 0 0
128 74 51 27011.8 0 0
127 73 51 27016.2 0 0
126 74 51 27020.4 0 0
129 71 51 27024.6 0 0
126 76 51 27028.9 0 0
125 74 51 27033.2 0 0
127 75 51 27037.4 0 0
126 74 51 27041.6 0 0
127 74 51 27045.8 0 0
127 76 51 27050 0 0
128 77 51 27057.1 0 0
128 74 51 27065.3 0 0
128 73 51 27073.8 0 0
128 75 51 27082 0 0
128 75 51 27090.3 0 0
128 74 51 27098.2 0 0
127 75 51 27102.5 0 0
127 73 51 27107 0 0
128 74 51 27111.2 0 0
126 73 51 27115.5 0 0
127 74 51 27119.7 0 0
127 75 51 27123.9 0 0
128 71 51 27128.1 0 0
127 75 51 27132.4 0 0
127 73 51 27136.6 0 0
126 76 51 27140.8 0 0
128 73 51 27145 0 0
128 74 51 27149.2 0 0
129 73 51 27153.4 0 0
129 75 51 27157.9 0 0
129 74 51 27162.1 0 0
128 74 51 27166.3 0 0
128 74 51 27170.5 0 0
129 72 51 27174.7 0 0
129 74 51 27178.9 0 0
126 73 51 27183.2 0 0
129 73 51 27187.4 0 0
128 74 50 27191.6 0 0
128 74 51 27195.8 0 0
126 73 51 27202.7 0 0
127 75 51 27206.9 0 0
128 71 51 27211.2 0 0
128 76 51 27215.4 0 0
128 73 51 27219.8 0 0
129 74 51 27224.1 0 0
127 73 50 27228.3 0 0
130 76 51 27232.5 0 0
129 74 51 27236.7 0 0
128 75 51 27240.9 0 0
128 74 51 27245.1 0 0
130 72 51 27249.4 0 0
129 72 51 27253.6 0 0
128 71 51 27257.8 0 0
130 69 51 27262 0 0
129 71 51 27266.2 0 0
129 72 51 27270.5 0 0
128 72 51 27274.8 0 0
128 72 51 27279.2 0 0
129 73 51 27283.5 0 0
128 72 51 27290.3 0 0
129 74 51 27294.5 0 0
129 72 51 27298.7 0 0
130 76 51 27303.3 0 0
132 78 51 27307.5 0 0
135 76 51 27311.8 0 0
131 74 52 27316 0 0
131 73 51 27320.2 0 0
132 75 51 27324.4 0 0
133 79 51 27328.9 0 0
133 75 51 27333.1 0 0
131 77 52 27337.3 0 0
135 74 51 27344.3 0 0
130 74 51 27352.6 0 0
131 75 51 27360.8 0 0
133 77 51 27369.3 0 0
132 74 51 27377.5 0 0
130 75 52 27386 0 0
131 75 52 27394.2 0 0
131 75 52 27402.7 0 0
132 76 51 27410.7 0 0
132 78 51 27414.9 0 0
134 75 51 27419.2 0 0
131 78 51 27423.4 0 0
133 76 52 27427.6 0 0
132 76 51 27431.9 0 0
131 76 52 27436.1 0 0
132 76 51 27440.3 0 0
132 77 52 27444.6 0 0
131 77 52 27448.8 0 0
132 76 52 27453 0 0
132 76 52 27457.2 0 0
133 74 52 27461.4 0 0
133 77 52 27465.7 0 0
132 75 52 27469.9 0 0
133 74 52 27474.1 0 0
133 74 52 27478.3 0 0
130 74 52 27482.5 0 0
130 77 52 27486.7 0 0
131 73 52 27491 0 0
132 74 52 27495.2 0 0
132 74 52 27499.4 0 0
132 75 52 27503.7 0 0
133 76 52 27507.8 0 0
132 73 52 27512 0 0
130 72 52 27519.1 0 0
130 77 52 27523.4 0 0
131 74 52 27527.6 0 0
130 74 52 27532.4 0 0
134 73 52 27536.6 0 0
128 75 52 27540.8 0 0
133 75 52 27545 0 0
132 73 52 27549.2 0 0
132 75 52 27553.5 0 0
131 76 52 27557.7 0 0
131 77 52 27562 0 0
131 77 52 27566.2 0 0
131 74 52 27570.5 0 0
132 73 52 27577.3 0 0
131 76 52 27581.5 0 0
134 75 52 27585.8 0 0
129 75 52 27590.1 0 0
131 76 52 27594.3 0 0
131 75 52 27598.5 0 0
132 75 53 27602.7 0 0
132 78 53 27606.9 0 0
130 77 53 27611.2 0 0
130 77 53 27615.4 0 0
132 73 53 27619.6 0 0
130 73 53 27623.8 0 0
127 72 52 27628 0 0
128 71 53 27632.3 0 0
129 71 53 27636.5 0 0
131 71 52 27640.7 0 0
129 69 52 27644.9 0 0
131 73 53 27649.2 0 0
129 72 53 27653.4 0 0
128 71 53 27657.6 0 0
129 73 53 27661.8 0 0
130 73 53 27666 0 0
130 72 53 27670.2 0 0
129 72 53 27674.4 0 0
129 73 53 27678.7 0 0
129 72 52 27685.7 0 0
129 72 52 27690 0 0
129 74 53 27694.2 0 0
129 72 53 27698.4 0 0
130 72 53 27702.6 0 0
130 74 53 27706.8 0 0
131 71 53 27711 0 0
128 72 53 27715.3 0 0
128 72 53 27719.5 0 0
129 71 53 27723.7 0 0
131 74 53 27727.9 0 0
129 71 52 27732.1 0 0
131 72 52 27736.3 0 0
130 71 53 27740.5 0 0
131 73 53 27744.8 0 0
130 71 53 27749 0 0
131 71 53 27753.3 0 0
130 71 53 27757.5 0 0
129 72 52 27761.7 0 0
129 72 52 27765.9 0 0
131 71 52 27770.3 0 0
130 71 53 27774.6 0 0
131 72 53 27781.4 0 0
128 71 53 27785.7 0 0
129 74 52 27789.9 0 0
130 72 52 27794.1 0 0
130 71 52 27798.3 0 0
129 72 52 27802.5 0 0
129 70 53 27806.8 0 0
130 71 53 27811 0 0
128 72 52 27815.2 0 0
131 70 52 27819.4 0 0
128 72 52 27823.7 0 0
129 70 52 27827.9 0 0
129 73 53 27832.1 0 0
131 69 52 27836.3 0 0
129 72 52 27840.5 0 0
131 72 52 27844.7 0 0
129 70 52 27849 0 0
128 70 52 27853.2 0 0
130 69 52 27857.3 0 0
128 70 52 27861.5 0 0
130 71 52 27865.8 0 0
129 70 52 27870.1 0 0
131 71 52 27874.3 0 0
129 72 53 27878.5 0 0
127 74 53 27882.9 0 0
128 74 52 27889.8 0 0
129 71 52 27894 0 0
128 74 52 27898.2 0 0
129 72 52 27902.4 0 0
130 72 52 27906.6 0 0
130 71 52 27910.9 0 0
132 73 52 27915.1 0 0
131 72 52 27919.3 0 0
139 69 52 27923.5 0 0
149 66 53 27927.7 0 0
159 61 53 27932 0 0
166 51 53 27936.2 0 0
173 50 53 27940.5 0 0
179 45 53 27944.7 0 0
184 43 52 27948.9 0 0
186 44 53 27953.1 0 0
184 40 53 27957.3 0 0
183 42 53 27961.5 0 0
182 41 52 27965.7 0 0
181 41 52 27970 0 0
182 41 53 27974.2 0 0
182 40 52 27978.4 0 0
182 40 52 27982.6 0 0
183 39 52 27989.1 0 0
183 41 52 27993.3 0 0
184 40 52 27997.5 0 0
184 39 52 28001.7 0 0
182 41 53 28006 0 0
182 38 52 28010.2 0 0
183 38 53 28014.4 0 0
183 38 52 28018.6 0 0
182 37 52 28022.8 0 0
179 39 52 28027 0 0
185 39 53 28031.3 0 0
182 41 52 28035.5 0 0
180 40 52 28039.7 0 0
183 39 52 28043.9 0 0
183 40 52 28048.1 0 0
181 40 52 28052.4 0 0
183 40 52 28056.6 0 0
182 41 52 28060.8 0 0
181 38 52 28065.1 0 0
181 39 52 28069.3 0 0
181 40 53 28073.5 0 0
184 40 52 28077.7 0 0
182 39 52 28081.9 0 0
183 41 52 28086.2 0 0
180 38 52 28090.4 0 0
181 41 52 28094.9 0 0
182 39 52 28099.1 0 0
183 41 53 28103.3 0 0
181 41 53 28107.5 0 0
182 41 52 28111.7 0 0
181 39 53 28118.8 0 0
182 44 53 28123 0 0
181 42 53 28127.2 0 0
182 41 52 28132 0 0
182 41 53 28136.2 0 0
183 40 52 28140.4 0 0
183 43 53 28144.6 0 0
182 40 53 28148.9 0 0
183 42 53 28153.1 0 0
181 42 53 28157.4 0 0
183 42 54 28161.6 0 0
183 41 52 28168.7 0 0
182 40 53 28172.9 0 0
183 41 53 28177.1 0 0
181 43 53 28181.3 0 0
181 41 53 28185.6 0 0
184 44 53 28189.8 0 0
183 44 53 28194 0 0
181 43 53 28198.2 0 0
180 44 53 28202.4 0 0
182 43 53 28206.6 0 0
182 42 53 28210.9 0 0
183 43 53 28215.2 0 0
181 43 53 28220 0 0
182 41 53 28224.2 0 0
183 40 53 28230.9 0 0
182 40 53 28235.2 0 0
183 42 53 28239.4 0 0
181 42 53 28243.7 0 0
183 42 52 28247.9 0 0
183 41 53 28252.1 0 0
181 41 52 28256.4 0 0
183 43 53 28260.6 0 0
182 42 53 28264.8 0 0
182 42 53 28269 0 0
182 42 52 28273.2 0 0
181 40 53 28277.4 0 0
181 41 53 28281.6 0 0
181 42 52 28285.8 0 0
180 43 53 28290.1 0 0
180 39 52 28294.3 0 0
181 43 53 28298.5 0 0
180 43 52 28302.7 0 0
181 42 53 28306.9 0 0
181 42 53 28311.1 0 0
181 42 53 28315.3 0 0
179 43 52 28319.6 0 0
181 44 52 28323.8 0 0
182 41 53 28328 0 0
182 41 54 28332.2 0 0
187 42 54 28339.3 0 0
199 47 53 28347.5 0 0
199 47 53 28356 0 0
210 54 53 28363.8 0 0
220 55 51 28368.1 0 0
226 57 51 28372.6 0 0
221 61 51 28376.9 0 0
220 63 51 28381.2 0 0
220 64 51 28385.5 0 0
218 62 52 28389.7 0 0
222 64 52 28393.9 0 0
221 61 52 28398.1 0 0
220 64 52 28402.3 0 0
219 63 52 28406.6 0 0
219 63 52 28410.8 0 0
220 62 52 28415 0 0
219 63 51 28419.2 0 0
219 64 52 28423.4 0 0
219 64 54 28427.6 0 0
222 63 53 28431.8 0 0
225 64 52 28436.1 0 0
221 64 53 28440.3 0 0
221 62 52 28444.5 0 0
221 60 51 28448.8 0 0
222 65 52 28453 0 0
221 62 51 28457.2 0 0
222 63 51 28461.4 0 0
221 62 52 28465.6 0 0
222 63 51 28470.3 0 0
222 64 51 28476.7 0 0
221 63 52 28480.9 0 0
220 64 53 28485.1 0 0
221 60 56 28489.4 0 0
223 64 52 28493.6 0 0
223 66 51 28497.8 0 0
223 65 51 28502 0 0
222 64 55 28506.3 0 0
221 62 51 28510.5 0 0
222 65 52 28514.7 0 0
220 61 53 28518.9 0 0
222 64 52 28523.1 0 0
221 63 51 28527.3 0 0
219 62 52 28531.6 0 0
222 62 51 28535.8 0 0
221 61 52 28540 0 0
220 61 52 28544.2 0 0
221 62 52 28548.4 0 0
222 65 51 28552.9 0 0
220 60 51 28557.1 0 0
220 64 51 28561.3 0 0
222 65 51 28565.5 0 0
220 65 51 28569.8 0 0
223 66 52 28576.5 0 0
220 63 52 28580.8 0 0
220 64 51 28585 0 0
221 62 52 28589.2 0 0
224 63 51 28593.5 0 0
219 62 52 28597.7 0 0
221 63 52 28601.9 0 0
222 64 51 28606.1 0 0
220 63 52 28610.3 0 0
221 62 51 28614.5 0 0
220 63 52 28618.8 0 0
220 64 52 28623 0 0
221 62 51 28627.2 0 0
220 65 52 28633.3 0 0
222 66 51 28637.5 0 0
220 63 52 28643.2 0 0
220 61 52 28647.5 0 0
222 64 52 28651.8 0 0
216 70 51 28656 0 0
216 65 51 28660.2 0 0
210 55 53 28664.4 0 0
201 55 55 28668.6 0 0
197 50 54 28672.8 0 0
193 48 54 28677 0 0
193 48 0 28681.3 0 0
184 44 54 28685.5 0 0
178 63 54 28689.8 0 0
182 42 53 28694 0 0
180 65 54 28698.2 0 0
184 46 54 28702.4 0 0
185 42 53 28706.6 0 0
179 62 53 28710.8 0 0
185 43 53 28715 0 0
179 81 54 28719.3 0 0
181 71 53 28723.5 0 0
180 57 54 28727.7 0 0
183 42 53 28731.9 0 0
183 42 0 28736.1 0 0
184 46 53 28740.4 0 0
182 46 54 28754.5 0 0
182 46 0 28758.7 0 0
185 44 53 28763 0 0
182 43 53 28767.2 0 0
183 44 54 28771.4 0 0
185 46 53 28775.6 0 0
183 43 53 28779.8 0 0
183 47 53 28784.1 0 0
184 44 54 28788.3 0 0
183 44 53 28792.5 0 0
183 45 53 28796.7 0 0
185 44 53 28805.2 0 0
185 44 53 28809.4 0 0
187 43 53 28813.8 0 0
181 44 54 28818 0 0
185 46 53 28822.2 0 0
187 45 53 28826.4 0 0
185 46 54 28830.7 0 0
185 45 54 28834.9 0 0
185 46 53 28839.1 0 0
184 44 53 28843.3 0 0
183 44 54 28847.5 0 0
183 42 53 28851.8 0 0
184 43 53 28856 0 0
185 42 53 28860.2 0 0
186 47 53 28864.4 0 0
183 48 53 28868.6 0 0
181 47 53 28872.8 0 0
181 47 49 28877.1 0 0
181 47 0 28881.3 0 0
181 47 0 28885.6 0 0
181 47 0 28889.8 0 0
181 47 0 28894 0 0
181 47 0 28898.2 0 0
181 47 0 28902.4 0 0
181 47 0 28906.6 0 0
181 47 0 28910.9 0 0
181 47 0 28915.1 0 0
181 47 0 28919.3 0 0
181 47 0 28923.5 0 0
181 47 0 28927.7 0 0
181 47 0 28931.9 0 0
181 47 0 28936.1 0 0
181 47 0 28940.4 0 0
181 47 0 28944.6 0 0
181 47 0 28948.8 0 0
181 47 0 28953 0 0
181 47 0 28957.2 0 0
181 47 0 28961.4 0 0
181 47 0 28965.7 0 0
181 47 0 28969.9 0 0
181 47 0 28974.1 0 0
181 47 0 28978.3 0 0
181 47 0 28982.5 0 0
181 47 0 28986.7 0 0
181 47 0 28990.9 0 0
181 47 0 28995.1 0 0
181 47 0 28999.4 0 0
181 47 0 29003.6 0 0
181 47 0 29007.8 0 0
181 47 0 29012 0 0
181 47 0 29016.2 0 0
181 47 0 29020.4 0 0
181 47 0 29024.8 0 0
181 47 0 29029 0 0
181 47 0 29033.2 0 0
181 47 0 29037.4 0 0
181 47 0 29041.7 0 0
181 47 0 29045.9 0 0
181 47 0 29050.1 0 0
181 47 0 29054.4 0 0
181 47 0 29058.6 0 0
181 47 0 29062.9 0 0
181 47 0 29067.1 0 0
181 47 0 29071.3 0 0
235 229 49 29571.2 0 0
231 145 51 29597 0 0
230 153 51 29601.2 0 0
136 217 51 29605.4 0 0
231 161 51 29609.6 0 0
231 168 51 29613.8 0 0
232 161 51 29618 0 0
231 167 51 29622.2 0 0
235 170 51 29626.5 0 0
232 165 51 29630.8 0 0
231 162 51 29635 0 0
234 165 51 29639.2 0 0
231 167 51 29643.4 0 0
233 168 51 29647.6 0 0
235 170 52 29651.9 0 0
234 166 51 29656.1 0 0
233 174 51 29660.3 0 0
233 168 51 29664.5 0 0
235 172 51 29672.9 0 0
236 172 52 29677.1 0 0
234 169 51 29684.2 0 0
233 172 51 29688.4 0 0
233 172 51 29692.6 0 0
232 166 52 29696.8 0 0
235 169 51 29701 0 0
231 168 51 29705.2 0 0
233 166 51 29709.5 0 0
235 171 51 29713.7 0 0
233 167 51 29717.9 0 0
230 159 51 29722.2 0 0
233 170 51 29726.4 0 0
235 168 51 29730.6 0 0
234 166 51 29734.8 0 0
232 169 51 29739 0 0
234 167 51 29743.2 0 0
233 168 51 29747.5 0 0
231 165 52 29751.7 0 0
223 168 52 29755.9 0 0
215 169 54 29760.1 0 0
204 172 54 29764.3 0 0
182 174 54 29768.5 0 0
170 171 54 29775.6 0 0
158 172 54 29779.8 0 0
151 176 53 29784.1 0 0
138 197 53 29788.3 0 0
135 176 53 29792.5 0 0
129 173 53 29796.7 0 0
128 174 53 29800.9 0 0
127 173 53 29805.1 0 0
128 200 53 29809.3 0 0
133 173 53 29813.6 0 0
137 199 53 29817.8 0 0
131 176 53 29822 0 0
131 177 54 29826.2 0 0
128 187 53 29830.4 0 0
132 166 53 29834.7 0 0
130 191 52 29838.9 0 0
130 176 53 29843.1 0 0
127 188 53 29847.3 0 0
127 200 53 29851.5 0 0
128 182 53 29855.8 0 0
128 189 53 29860 0 0
127 195 53 29864.2 0 0
133 186 52 29868.4 0 0
130 177 52 29875.3 0 0
130 176 53 29879.6 0 0
127 201 52 29883.8 0 0
130 200 52 29888 0 0
130 188 52 29892.2 0 0
130 193 53 29896.5 0 0
128 187 52 29900.7 0 0
125 197 52 29904.9 0 0
130 174 52 29909.1 0 0
129 192 52 29913.3 0 0
129 185 52 29917.5 0 0
127 185 53 29921.8 0 0
122 197 52 29926 0 0
126 194 52 29930.2 0 0
126 198 52 29934.4 0 0
128 190 52 29938.7 0 0
130 176 52 29942.9 0 0
127 191 52 29947.1 0 0
127 200 52 29951.3 0 0
128 175 52 29955.5 0 0
125 178 52 29959.7 0 0
117 181 54 29963.9 0 0
107 174 53 29968.2 0 0
99 175 54 29972.4 0 0
81 185 53 29976.6 0 0
76 172 52 29983.6 0 0
55 189 50 30072.2 0 0
54 184 51 30076.4 0 0
54 200 51 30080.6 0 0
79 157 50 30084.8 0 0
56 183 51 30089 0 0
56 183 51 30093.3 0 0
54 183 50 30098.3 0 0
51 183 50 30102.5 0 0
55 183 51 30106.7 0 0
50 204 51 30110.9 0 0
54 183 50 30115.1 0 0
53 184 50 30119.3 0 0
51 203 50 30123.5 0 0
54 188 50 30127.8 0 0
55 186 50 30132 0 0
55 187 50 30136.2 0 0
56 186 50 30140.4 0 0
54 187 50 30144.6 0 0
55 183 49 30148.8 0 0
55 184 50 30153.1 0 0
54 185 49 30157.3 0 0
50 183 50 30161.5 0 0
46 184 50 30165.7 0 0
31 191 49 30178.4 0 0
31 173 49 30182.6 0 0
30 190 49 30186.8 0 0
42 195 49 30191 0 0
42 194 49 30195.2 0 0
64 190 49 30199.5 0 0
39 169 49 30203.7 0 0
35 171 49 30207.9 0 0
35 162 49 30212.1 0 0
33 184 49 30216.3 0 0
36 174 49 30220.5 0 0
34 169 49 30224.8 0 0
38 160 49 30229 0 0
35 161 49 30233.2 0 0
35 168 48 30237.4 0 0
36 168 49 30241.7 0 0
34 168 48 30245.9 0 0
35 166 48 30250.1 0 0
35 169 48 30254.4 0 0
36 161 48 30258.6 0 0
34 173 48 30262.8 0 0
35 172 48 30267 0 0
34 172 48 30271.2 0 0
29 182 48 30275.4 0 0
34 172 48 30279.7 0 0
35 171 48 30283.9 0 0
35 165 48 30288.1 0 0
36 173 48 30292.3 0 0
35 166 48 30296.5 0 0
35 168 49 30300.7 0 0
35 166 48 30304.9 0 0
36 167 49 30309.2 0 0
35 169 48 30313.4 0 0
36 168 48 30317.7 0 0
37 168 48 30322 0 0
35 169 48 30326.2 0 0
36 169 48 30330.4 0 0
36 167 48 30334.6 0 0
37 166 48 30338.8 0 0
36 167 48 30343.2 0 0
38 165 48 30347.5 0 0
36 168 48 30351.7 0 0
38 167 49 30355.9 0 0
36 168 49 30360.1 0 0
37 171 48 30364.3 0 0
36 169 48 30368.5 0 0
35 170 48 30372.7 0 0
37 172 48 30376.9 0 0
36 171 48 30381.2 0 0
37 171 49 30385.5 0 0
35 174 48 30389.7 0 0
36 167 48 30393.8 0 0
34 169 48 30398.1 0 0
36 170 48 30402.3 0 0
34 170 48 30406.5 0 0
37 173 48 30410.8 0 0
38 168 47 30415 0 0
34 172 48 30419.2 0 0
36 167 48 30423.4 0 0
37 167 48 30427.6 0 0
37 167 48 30431.8 0 0
38 167 48 30436.1 0 0
38 167 48 30440.3 0 0
38 167 48 30444.5 0 0
36 166 48 30448.7 0 0
36 165 48 30452.9 0 0
35 168 48 30457.1 0 0
37 166 48 30461.4 0 0
36 166 48 30465.6 0 0
36 166 48 30469.8 0 0
37 167 48 30474 0 0
37 167 48 30478.3 0 0
36 167 48 30482.5 0 0
37 165 48 30486.7 0 0
38 172 48 30490.9 0 0
35 172 48 30495.1 0 0
36 169 48 30499.3 0 0
35 167 48 30503.5 0 0
37 170 48 30507.8 0 0
37 169 48 30512 0 0
38 168 48 30516.2 0 0
38 171 48 30520.5 0 0
38 168 48 30524.7 0 0
37 167 48 30528.9 0 0
37 171 48 30533.2 0 0
36 169 48 30537.4 0 0
35 169 48 30541.6 0 0
36 169 48 30545.8 0 0
31 183 48 30550 0 0
36 170 48 30554.2 0 0
37 172 49 30558.5 0 0
38 170 48 30563 0 0
35 170 48 30567.2 0 0
35 171 48 30571.4 0 0
36 172 48 30575.6 0 0
35 172 49 30579.8 0 0
36 172 48 30584 0 0
36 169 48 30588.2 0 0
39 162 48 30592.5 0 0
37 168 48 30596.7 0 0
39 168 49 30600.9 0 0
35 170 48 30605.1 0 0
34 176 49 30609.3 0 0
35 167 48 30613.5 0 0
49 189 49 30617.8 0 0
36 168 49 30622 0 0
39 159 49 30626.2 0 0
33 182 49 30630.5 0 0
35 167 49 30634.7 0 0
62 178 49 30638.9 0 0
40 170 49 30643.1 0 0
75 179 49 30656.2 0 0
59 180 51 30668.8 0 0
72 182 51 30673 0 0
79 189 51 30677.2 0 0
83 193 51 30681.5 0 0
87 195 50 30685.9 0 0
88 198 50 30690.2 0 0
86 199 50 30694.4 0 0
85 200 50 30698.6 0 0
83 202 51 30702.8 0 0
82 197 50 30707 0 0
85 198 50 30711.2 0 0
85 195 50 30715.4 0 0
85 197 50 30719.6 0 0
84 197 50 30723.9 0 0
84 196 50 30728.1 0 0
86 198 51 30732.3 0 0
82 219 50 30736.5 0 0
84 202 51 30740.7 0 0
83 199 51 30744.9 0 0
84 202 50 30749.2 0 0
86 197 51 30753.4 0 0
82 215 51 30757.6 0 0
87 201 51 30761.8 0 0
85 199 51 30766.2 0 0
84 220 51 30770.4 0 0
85 214 51 30774.6 0 0
87 198 51 30778.9 0 0
86 197 51 30783.1 0 0
80 227 51 30787.3 0 0
82 224 51 30791.5 0 0
85 195 51 30795.7 0 0
85 224 51 30799.9 0 0
84 202 51 30804.1 0 0
86 202 51 30808.4 0 0
83 203 51 30812.6 0 0
87 200 51 30816.8 0 0
85 200 51 30821 0 0
86 202 51 30825.2 0 0
85 197 51 30829.5 0 0
85 230 51 30833.7 0 0
84 201 52 30837.9 0 0
87 196 51 30842.1 0 0
85 197 51 30846.3 0 0
85 208 51 30850.5 0 0
109 216 51 30854.8 0 0
85 202 52 30859 0 0
99 200 53 30863.2 0 0
109 198 54 30867.4 0 0
125 192 55 30871.9 0 0
134 189 54 30876.1 0 0
140 182 53 30880.3 0 0
148 182 53 30884.5 0 0
150 183 52 30888.8 0 0
153 183 52 30893 0 0
151 173 52 30897.2 0 0
146 181 52 30901.5 0 0
145 181 52 30905.8 0 0
148 178 52 30910.1 0 0
145 183 52 30914.3 0 0
149 177 52 30918.5 0 0
150 181 52 30922.7 0 0
149 177 52 30927 0 0
150 180 52 30931.2 0 0
148 180 52 30935.5 0 0
148 181 52 30939.7 0 0
146 181 52 30943.9 0 0
149 181 52 30948.1 0 0
149 181 52 30952.3 0 0
147 180 53 30956.5 0 0
149 178 52 30960.7 0 0
150 179 53 30964.9 0 0
148 181 52 30969.2 0 0
149 176 52 30973.4 0 0
149 175 53 30977.6 0 0
148 177 52 30981.8 0 0
149 177 53 30986 0 0
149 180 53 30990.2 0 0
149 180 52 30994.4 0 0
148 181 53 30998.7 0 0
150 181 52 31002.9 0 0
148 178 52 31007.1 0 0
149 177 53 31011.3 0 0
148 177 53 31015.5 0 0
150 178 53 31019.7 0 0
148 180 53 31023.9 0 0
149 178 53 31028.2 0 0
149 183 53 31032.5 0 0
153 181 53 31036.7 0 0
163 183 54 31040.9 0 0
175 190 54 31045.1 0 0
185 207 55 31049.3 0 0
191 198 53 31053.6 0 0
196 198 53 31057.8 0 0
200 218 53 31062.2 0 0
204 203 52 31066.4 0 0
199 225 52 31070.6 0 0
195 200 52 31074.8 0 0
195 221 52 31079 0 0
196 201 52 31083.3 0 0
196 202 52 31087.5 0 0
199 199 52 31091.7 0 0
199 214 52 31096 0 0
200 224 52 31100.2 0 0
197 200 52 31104.4 0 0
195 218 52 31108.6 0 0
200 201 52 31112.8 0 0
199 201 52 31117 0 0
198 223 52 31121.3 0 0
197 203 52 31125.6 0 0
197 199 52 31129.9 0 0
198 223 52 31134.1 0 0
196 221 52 31138.3 0 0
199 201 52 31142.5 0 0
197 200 52 31146.7 0 0
199 203 52 31151 0 0
199 220 52 31155.2 0 0
199 198 52 31159.4 0 0
199 207 52 31163.6 0 0
200 206 52 31167.8 0 0
198 227 52 31172 0 0
198 204 52 31176.2 0 0
197 205 52 31180.5 0 0
200 204 52 31184.7 0 0
197 206 52 31189 0 0
193 225 52 31193.2 0 0
197 206 52 31197.4 0 0
197 224 52 31201.6 0 0
199 203 52 31205.8 0 0
196 200 51 31210 0 0
197 203 52 31214.2 0 0
197 200 52 31218.5 0 0
196 201 52 31222.7 0 0
195 199 52 31226.9 0 0
195 227 52 31231.1 0 0
197 203 51 31235.3 0 0
198 202 52 31239.5 0 0
195 198 52 31243.7 0 0
196 196 52 31248 0 0
199 204 52 31252.2 0 0
198 215 52 31256.4 0 0
197 219 51 31260.6 0 0
198 204 51 31264.8 0 0
202 225 51 31269 0 0
198 202 52 31273.2 0 0
198 203 51 31277.5 0 0
196 218 52 31281.8 0 0
198 204 51 31286 0 0
197 204 51 31290.2 0 0
197 203 52 31294.4 0 0
197 206 52 31298.6 0 0
196 202 52 31302.8 0 0
209 226 51 31307 0 0
196 201 52 31311.3 0 0
196 221 52 31315.5 0 0
196 200 51 31319.7 0 0
196 201 52 31324 0 0
196 200 52 31328.2 0 0
197 200 52 31332.4 0 0
197 199 52 31336.6 0 0
196 215 52 31340.9 0 0
196 200 52 31345.1 0 0
196 199 52 31349.3 0 0
197 200 52 31353.5 0 0
195 221 52 31357.7 0 0
197 202 52 31361.9 0 0
199 221 52 31366.2 0 0
196 201 52 31370.4 0 0
196 203 52 31374.6 0 0
197 203 52 31378.9 0 0
195 203 52 31383.1 0 0
196 203 52 31387.3 0 0
198 203 52 31391.5 0 0
199 203 52 31395.7 0 0
195 202 52 31400 0 0
193 201 52 31404.3 0 0
197 223 52 31408.5 0 0
196 200 51 31412.7 0 0
198 200 52 31416.9 0 0
198 200 51 31421.1 0 0
196 202 51 31425.3 0 0
198 223 52 31429.5 0 0
198 199 52 31433.8 0 0
193 226 52 31438 0 0
196 222 51 31442.2 0 0
196 215 51 31446.4 0 0
194 215 51 31450.6 0 0
197 199 51 31454.8 0 0
196 201 52 31459.1 0 0
197 223 52 31463.3 0 0
199 200 51 31467.5 0 0
197 201 51 31471.8 0 0
196 202 51 31476 0 0
197 202 51 31480.2 0 0
191 221 52 31484.4 0 0
196 203 51 31488.6 0 0
199 204 52 31492.8 0 0
199 209 52 31497.1 0 0
200 210 51 31501.3 0 0
201 213 51 31505.5 0 0
200 212 51 31509.7 0 0
196 204 51 31513.9 0 0
198 205 51 31518.1 0 0
198 205 51 31522.4 0 0
199 206 51 31526.6 0 0
195 227 51 31530.8 0 0
197 209 51 31535.1 0 0
206 229 51 31539.3 0 0
198 208 52 31543.5 0 0
197 206 51 31547.7 0 0
197 204 51 31551.9 0 0
196 206 52 31556.2 0 0
198 207 52 31560.4 0 0
197 230 51 31565.2 0 0
199 206 51 31569.4 0 0
195 217 52 31573.6 0 0
198 209 51 31577.8 0 0
196 206 51 31582 0 0
197 225 52 31586.2 0 0
199 206 51 31590.4 0 0
198 226 51 31595 0 0
199 207 51 31599.3 0 0
197 207 52 31603.5 0 0
198 207 51 31607.7 0 0
196 205 51 31611.9 0 0
196 207 51 31616.1 0 0
198 206 52 31620.4 0 0
198 209 51 31624.6 0 0
198 208 52 31628.8 0 0
197 208 51 31633.1 0 0
197 223 52 31637.3 0 0
200 206 52 31641.5 0 0
200 232 52 31645.7 0 0
200 227 52 31649.9 0 0
197 212 52 31654.2 0 0
197 231 51 31658.5 0 0
197 228 52 31662.7 0 0
197 204 51 31666.9 0 0
197 210 51 31671.1 0 0
199 204 52 31675.3 0 0
195 211 52 31679.5 0 0
199 212 52 31683.7 0 0
199 209 52 31687.9 0 0
199 204 52 31692.1 0 0
197 223 52 31696.3 0 0
198 233 52 31700.6 0 0
195 205 52 31704.8 0 0
196 204 52 31709 0 0
198 203 52 31713.2 0 0
197 223 52 31717.5 0 0
198 203 52 31721.7 0 0
196 206 52 31725.9 0 0
200 228 52 31730.1 0 0
197 206 52 31734.3 0 0
199 225 52 31738.5 0 0
199 229 52 31742.8 0 0
198 229 52 31747 0 0
195 231 52 31751.2 0 0
198 202 52 31755.4 0 0
199 207 52 31759.6 0 0
197 205 52 31763.8 0 0
196 206 52 31768 0 0
195 207 52 31772.2 0 0
194 220 52 31776.5 0 0
198 207 52 31780.7 0 0
199 221 52 31784.9 0 0
199 208 52 31789.1 0 0
197 206 52 31793.3 0 0
200 225 52 31797.5 0 0
199 206 52 31801.9 0 0
199 205 52 31806.1 0 0
195 224 52 31810.3 0 0
197 204 52 31814.9 0 0
199 204 52 31819.2 0 0
199 221 53 31823.4 0 0
198 224 52 31827.6 0 0
198 205 53 31831.8 0 0
197 229 52 31836 0 0
198 206 52 31840.2 0 0
194 232 52 31844.9 0 0
194 225 53 31849.1 0 0
196 205 52 31853.3 0 0
198 206 52 31857.5 0 0
196 216 52 31861.7 0 0
196 206 52 31865.9 0 0
198 206 53 31870.2 0 0
195 225 52 31874.4 0 0
198 210 52 31878.7 0 0
202 229 52 31882.9 0 0
197 205 52 31887.1 0 0
199 206 52 31891.3 0 0
198 206 52 31895.5 0 0
200 225 53 31899.8 0 0
199 205 52 31906.8 0 0
197 233 52 31911 0 0
199 211 52 31915.2 0 0
200 229 52 31919.5 0 0
203 229 52 31923.7 0 0
196 209 53 31927.9 0 0
189 203 53 31932.1 0 0
179 206 53 31936.3 0 0
167 196 54 31940.5 0 0
159 197 54 31944.7 0 0
152 190 54 31948.9 0 0
145 187 54 31953.3 0 0
136 180 54 31957.5 0 0
133 177 53 31961.8 0 0
131 181 53 31966 0 0
131 177 53 31970.5 0 0
136 179 53 31974.7 0 0
132 180 53 31981.5 0 0
131 180 53 31985.6 0 0
132 181 53 31989.9 0 0
133 180 53 31994.1 0 0
130 177 52 31998.3 0 0
132 181 53 32002.5 0 0
130 182 53 32006.8 0 0
131 177 53 32011 0 0
131 180 53 32015.2 0 0
133 178 53 32019.3 0 0
133 179 53 32023.6 0 0
133 176 53 32027.8 0 0
131 178 53 32032.6 0 0
133 178 53 32036.8 0 0
134 179 53 32041 0 0
134 179 53 32045.2 0 0
131 178 53 32051.4 0 0
133 181 53 32055.6 0 0
133 183 53 32060.6 0 0
131 181 53 32064.9 0 0
130 179 53 32069.1 0 0
133 179 53 32073.3 0 0
132 181 53 32077.5 0 0
132 181 53 32081.7 0 0
133 180 53 32086 0 0
133 181 53 32090.2 0 0
135 179 53 32094.9 0 0
132 181 53 32099.1 0 0
133 180 53 32103.3 0 0
133 179 53 32107.5 0 0
132 181 53 32111.7 0 0
132 182 53 32116 0 0
133 181 53 32120.3 0 0
133 181 53 32124.7 0 0
132 181 52 32129.7 0 0
131 178 53 32133.9 0 0
130 199 52 32138.1 0 0
131 182 52 32142.3 0 0
133 177 53 32146.5 0 0
133 180 53 32150.8 0 0
129 180 53 32155 0 0
126 181 53 32159.2 0 0
118 181 53 32163.5 0 0
107 186 54 32167.7 0 0
98 184 54 32171.8 0 0
93 190 53 32176 0 0
84 194 53 32180.3 0 0
78 200 52 32184.5 0 0
103 208 52 32188.7 0 0
75 204 52 32192.9 0 0
79 222 52 32197.1 0 0
86 195 52 32201.3 0 0
111 195 52 32205.6 0 0
86 227 52 32209.8 0 0
83 194 52 32214 0 0
81 195 52 32218.3 0 0
80 206 51 32222.5 0 0
77 212 52 32226.7 0 0
73 217 52 32230.9 0 0
81 191 52 32235.1 0 0
79 216 51 32239.4 0 0
79 198 51 32243.7 0 0
75 214 51 32248 0 0
80 197 51 32252.2 0 0
107 196 51 32256.4 0 0
83 188 51 32260.6 0 0
80 223 51 32264.8 0 0
80 196 51 32269 0 0
82 178 51 32273.2 0 0
78 213 51 32277.5 0 0
103 195 51 32281.7 0 0
75 216 51 32285.9 0 0
79 188 50 32290.1 0 0
79 198 50 32294.3 0 0
79 226 51 32298.5 0 0
74 221 51 32302.7 0 0
75 226 51 32307 0 0
102 197 50 32311.2 0 0
80 200 50 32315.4 0 0
78 219 50 32319.7 0 0
77 195 50 32323.9 0 0
79 196 50 32328.1 0 0
85 222 50 32332.3 0 0
104 203 50 32336.5 0 0
78 198 50 32340.9 0 0
79 189 50 32345.1 0 0
105 204 49 32349.4 0 0
78 194 50 32353.6 0 0
75 216 50 32357.8 0 0
80 193 49 32362 0 0
79 198 50 32366.2 0 0
78 192 50 32370.4 0 0
72 184 50 32374.6 0 0
68 187 50 32378.9 0 0
60 181 50 32383.1 0 0
53 172 50 32387.3 0 0
49 177 49 32391.5 0 0
32 189 49 32404.3 0 0
37 168 48 32412.7 0 0
41 166 49 32416.9 0 0
35 178 49 32425.3 0 0
38 163 48 32429.5 0 0
36 160 48 32433.7 0 0
38 162 49 32438 0 0
37 162 48 32442.2 0 0
38 156 48 32446.5 0 0
39 160 48 32450.7 0 0
37 162 48 32454.9 0 0
38 159 48 32459.2 0 0
37 162 48 32463.4 0 0
39 159 48 32467.7 0 0
37 151 48 32471.9 0 0
37 163 48 32476.1 0 0
37 161 48 32480.3 0 0
39 161 48 32484.5 0 0
37 160 48 32488.7 0 0
38 164 48 32492.9 0 0
37 163 48 32497.2 0 0
37 165 48 32501.4 0 0
37 160 48 32505.6 0 0
37 164 48 32509.8 0 0
39 159 48 32514 0 0
37 161 48 32518.2 0 0
38 160 48 32522.5 0 0
39 160 48 32526.7 0 0
37 161 48 32530.9 0 0
39 160 48 32535.2 0 0
39 161 48 32539.4 0 0
39 161 48 32543.6 0 0
37 161 48 32547.8 0 0
40 163 48 32552.1 0 0
38 157 48 32556.3 0 0
40 161 48 32560.6 0 0
37 161 48 32564.8 0 0
38 161 48 32569 0 0
38 160 48 32573.2 0 0
38 162 48 32577.4 0 0
38 162 48 32581.6 0 0
38 160 47 32585.8 0 0
38 162 49 32590.1 0 0
40 159 48 32594.3 0 0
41 158 47 32598.5 0 0
40 158 47 32602.7 0 0
39 164 47 32606.9 0 0
36 149 48 32611.1 0 0
41 161 47 32615.4 0 0
48 166 48 32619.6 0 0
60 175 49 32623.8 0 0
71 182 49 32628.1 0 0
87 188 48 32632.3 0 0
90 192 48 32636.5 0 0
92 195 48 32643.3 0 0
93 196 48 32647.5 0 0
90 198 48 32651.8 0 0
90 193 48 32656 0 0
90 194 48 32660.2 0 0
90 197 47 32664.4 0 0
92 191 48 32668.6 0 0
92 196 48 32672.8 0 0
92 194 48 32677 0 0
91 196 48 32681.2 0 0
91 193 48 32685.5 0 0
90 195 48 32689.6 0 0
90 203 47 32693.9 0 0
90 200 48 32698.1 0 0
90 198 48 32702.3 0 0
89 201 48 32706.6 0 0
90 199 47 32710.8 0 0
93 196 48 32715 0 0
90 193 48 32719.2 0 0
90 194 48 32723.5 0 0
91 194 48 32727.7 0 0
91 193 48 32731.9 0 0
92 196 47 32736.1 0 0
90 197 48 32740.3 0 0
92 193 48 32744.5 0 0
88 199 48 32751.5 0 0
92 196 48 32755.7 0 0
90 195 48 32759.9 0 0
93 194 48 32764.2 0 0
97 194 49 32768.4 0 0
109 194 49 32772.6 0 0
122 200 50 32776.8 0 0
139 194 49 32781 0 0
147 192 49 32785.3 0 0
157 186 49 32789.5 0 0
168 185 49 32793.7 0 0
181 182 49 32797.9 0 0
189 180 48 32802.1 0 0
198 173 48 32806.4 0 0
209 174 48 32810.6 0 0
214 167 48 32814.8 0 0
222 172 48 32819.1 0 0
229 169 47 32823.3 0 0
235 166 47 32827.5 0 0
237 167 47 32831.7 0 0
236 164 47 32835.9 0 0
233 165 47 32840.1 0 0
231 164 47 32844.6 0 0
233 166 47 32848.8 0 0
232 172 47 32853 0 0
232 172 47 32857.2 0 0
232 170 47 32864 0 0
235 172 47 32868.5 0 0
232 171 47 32872.8 0 0
235 171 47 32877 0 0
233 170 47 32881.2 0 0
233 170 47 32885.4 0 0
236 169 47 32889.6 0 0
234 168 47 32893.8 0 0
233 168 47 32898.1 0 0
234 165 47 32902.3 0 0
232 165 47 32907 0 0
232 166 47 32911.2 0 0
232 167 48 32915.4 0 0
233 167 48 32919.6 0 0
236 166 47 32923.8 0 0
233 165 48 32928 0 0
233 167 47 32932.2 0 0
234 167 48 32936.4 0 0
230 167 48 32940.6 0 0
233 166 48 32944.9 0 0
232 166 48 32949.1 0 0
232 167 48 32953.3 0 0
234 167 48 32957.5 0 0
233 168 48 32961.8 0 0
232 165 48 32966 0 0
233 168 48 32970.2 0 0
234 167 48 32974.4 0 0
233 167 48 32978.7 0 0
233 166 48 32982.8 0 0
233 168 48 32987.1 0 0
234 168 48 32991.3 0 0
232 168 48 32995.5 0 0
232 168 48 32999.7 0 0
232 166 48 33004 0 0
233 167 48 33008.2 0 0
232 165 49 33012.4 0 0
234 165 49 33016.6 0 0
231 164 49 33020.8 0 0
233 167 49 33025 0 0
234 166 49 33029.2 0 0
233 169 49 33033.4 0 0
232 168 49 33037.7 0 0
232 165 49 33041.9 0 0
231 167 48 33046.1 0 0
233 167 49 33050.3 0 0
232 167 49 33054.6 0 0
232 165 49 33058.8 0 0
234 167 49 33063.2 0 0
233 167 49 33067.4 0 0
233 166 49 33071.7 0 0
230 167 49 33075.9 0 0
232 165 49 33080.1 0 0
233 167 49 33084.3 0 0
232 167 49 33088.5 0 0
232 167 49 33092.7 0 0
232 167 49 33097 0 0
231 166 49 33101.2 0 0
230 167 49 33105.4 0 0
232 168 49 33109.6 0 0
231 167 49 33113.8 0 0
233 168 50 33118 0 0
232 167 49 33122.2 0 0
232 165 49 33126.5 0 0
231 167 49 33130.7 0 0
231 165 49 33134.9 0 0
232 168 50 33139.1 0 0
231 165 49 33143.3 0 0
230 166 49 33147.5 0 0
234 167 50 33151.8 0 0
231 164 50 33156.1 0 0
233 169 49 33160.3 0 0
232 165 50 33164.5 0 0
232 166 50 33168.7 0 0
230 167 50 33172.9 0 0
233 167 49 33177.1 0 0
231 167 50 33181.3 0 0
232 165 50 33185.5 0 0
232 166 50 33189.7 0 0
231 168 49 33193.9 0 0
233 167 50 33198.1 0 0
230 167 50 33202.4 0 0
232 169 50 33206.6 0 0
234 168 50 33210.8 0 0
238 167 50 33215.1 0 0
244 173 50 33219.3 0 0
244 175 49 33223.6 0 0
244 173 50 33227.8 0 0
242 170 50 33232 0 0
243 170 50 33236.2 0 0
241 173 50 33240.4 0 0
244 173 49 33244.7 0 0
242 172 49 33248.9 0 0
241 173 49 33253.1 0 0
242 171 50 33257.3 0 0
243 174 50 33261.5 0 0
241 169 50 33265.7 0 0
241 170 50 33269.9 0 0
240 169 50 33274.2 0 0
242 171 50 33278.4 0 0
240 170 50 33282.6 0 0
242 171 50 33286.8 0 0
242 169 50 33291 0 0
242 174 50 33295.2 0 0
242 172 50 33299.4 0 0
243 173 50 33303.6 0 0
242 170 50 33307.9 0 0
243 168 50 33312.1 0 0
242 171 50 33316.3 0 0
242 172 50 33320.5 0 0
243 171 50 33324.7 0 0
242 168 50 33328.9 0 0
241 167 50 33333.2 0 0
242 167 50 33337.4 0 0
242 173 50 33341.6 0 0
242 172 50 33345.8 0 0
241 170 50 33350 0 0
241 171 50 33354.2 0 0
243 172 50 33358.4 0 0
242 170 50 33362.6 0 0
240 172 50 33367.2 0 0
243 168 50 33371.5 0 0
241 166 50 33375.7 0 0
242 169 50 33380 0 0
241 169 50 33384.2 0 0
241 168 50 33388.4 0 0
241 168 50 33392.6 0 0
243 169 50 33396.8 0 0
240 168 50 33401.1 0 0
242 170 50 33405.3 0 0
241 168 50 33409.5 0 0
242 168 50 33413.8 0 0
241 168 50 33418 0 0
241 167 50 33422.2 0 0
241 166 51 33426.6 0 0
242 167 51 33430.8 0 0
242 168 50 33435 0 0
242 169 50 33439.2 0 0
242 167 50 33443.5 0 0
241 169 50 33447.8 0 0
241 172 50 33452.1 0 0
240 173 51 33456.3 0 0
241 170 51 33460.6 0 0
240 170 50 33464.8 0 0
241 172 51 33469.3 0 0
242 171 51 33473.5 0 0
242 168 51 33477.7 0 0
240 167 51 33481.9 0 0
242 169 51 33486.1 0 0
240 167 51 33490.3 0 0
241 168 51 33494.6 0 0
239 168 51 33498.8 0 0
241 166 51 33503 0 0
240 169 51 33507.2 0 0
239 169 51 33511.4 0 0
241 167 51 33515.6 0 0
242 170 51 33519.8 0 0
241 168 51 33524.1 0 0
238 169 51 33528.3 0 0
235 169 51 33532.5 0 0
228 189 52 33536.8 0 0
222 190 53 33540.9 0 0
216 169 53 33545.2 0 0
213 195 52 33549.4 0 0
211 172 52 33553.6 0 0
211 196 52 33557.8 0 0
209 176 52 33562.1 0 0
209 196 53 33566.3 0 0
215 195 52 33570.5 0 0
213 174 52 33574.7 0 0
211 193 52 33578.9 0 0
211 172 52 33583.1 0 0
214 194 52 33587.3 0 0
212 174 52 33591.6 0 0
211 175 52 33595.8 0 0
210 173 52 33600 0 0
211 189 52 33604.2 0 0
208 198 53 33608.4 0 0
212 178 52 33612.6 0 0
212 159 53 33616.8 0 0
211 186 52 33621.1 0 0
212 189 52 33625.3 0 0
211 196 52 33629.6 0 0
209 186 52 33633.8 0 0
210 172 52 33638 0 0
211 174 53 33642.2 0 0
211 172 52 33646.4 0 0
210 182 52 33650.6 0 0
211 173 53 33654.8 0 0
210 196 53 33659.1 0 0
210 190 52 33663.3 0 0
210 175 53 33667.5 0 0
210 172 52 33671.7 0 0
208 192 52 33675.9 0 0
211 175 52 33680.1 0 0
210 174 52 33684.3 0 0
212 171 53 33688.6 0 0
210 175 53 33692.8 0 0
213 175 53 33697 0 0
209 192 52 33701.3 0 0
208 174 53 33705.5 0 0
205 177 53 33709.7 0 0
195 174 54 33713.9 0 0
183 168 55 33718.2 0 0
172 165 56 33722.4 0 0
160 180 56 33726.6 0 0
152 164 56 33730.8 0 0
144 165 55 33735 0 0
135 164 54 33739.2 0 0
132 164 54 33743.4 0 0
139 192 54 33747.7 0 0
131 190 54 33751.9 0 0
139 163 54 33756.2 0 0
137 164 54 33760.3 0 0
135 185 54 33764.6 0 0
136 192 54 33768.8 0 0
136 166 54 33773 0 0
135 190 54 33777.2 0 0
134 166 54 33781.9 0 0
135 164 54 33786.1 0 0
134 165 54 33790.3 0 0
128 184 54 33794.5 0 0
135 168 54 33798.7 0 0
127 186 54 33802.9 0 0
135 166 54 33807.1 0 0
144 190 54 33811.3 0 0
133 167 54 33815.6 0 0
134 159 54 33819.8 0 0
133 186 54 33824 0 0
135 178 54 33828.2 0 0
134 165 54 33832.4 0 0
136 167 54 33836.6 0 0
132 192 54 33840.8 0 0
135 161 54 33845.1 0 0
132 184 54 33849.3 0 0
133 167 54 33853.5 0 0
130 195 54 33857.7 0 0
135 164 54 33861.9 0 0
134 166 54 33866.3 0 0
130 191 54 33870.5 0 0
135 190 54 33874.8 0 0
132 164 54 33879 0 0
135 190 54 33883.2 0 0
135 166 54 33887.4 0 0
130 191 54 33891.7 0 0
132 164 54 33895.9 0 0
130 191 54 33900.1 0 0
132 185 54 33904.3 0 0
132 165 54 33908.6 0 0
132 166 54 33912.8 0 0
134 165 54 33917 0 0
142 191 54 33921.2 0 0
133 164 54 33925.4 0 0
133 179 54 33929.6 0 0
132 189 54 33933.8 0 0
125 190 54 33938 0 0
130 187 54 33942.2 0 0
123 166 55 33946.5 0 0
114 173 55 33950.7 0 0
104 182 55 33954.9 0 0
96 185 55 33959.2 0 0
92 185 54 33963.4 0 0
91 185 54 33967.6 0 0
89 186 54 33971.9 0 0
86 215 54 33976.1 0 0
93 187 54 33980.3 0 0
95 211 54 33984.5 0 0
100 211 54 33988.7 0 0
92 187 54 33992.9 0 0
88 194 53 33997.2 0 0
91 179 54 34001.4 0 0
89 185 54 34005.6 0 0
88 182 54 34009.8 0 0
88 184 54 34014 0 0
90 189 54 34018.2 0 0
90 185 54 34022.4 0 0
90 197 53 34026.7 0 0
90 192 53 34030.9 0 0
89 185 53 34035.1 0 0
89 193 54 34039.4 0 0
86 213 53 34043.6 0 0
90 187 53 34047.8 0 0
85 208 53 34052 0 0
86 205 53 34056.2 0 0
87 199 53 34060.5 0 0
90 188 53 34064.7 0 0
87 188 53 34068.9 0 0
89 207 53 34073.1 0 0
85 208 53 34077.3 0 0
84 199 53 34081.5 0 0
89 184 53 34085.7 0 0
86 189 53 34089.9 0 0
85 217 53 34094.6 0 0
84 214 53 34098.8 0 0
88 216 53 34103 0 0
86 214 53 34107.2 0 0
89 205 53 34111.4 0 0
98 187 54 34115.7 0 0
109 182 54 34119.9 0 0
120 174 54 34124.1 0 0
125 169 54 34128.3 0 0
127 164 53 34132.5 0 0
126 164 53 34136.7 0 0
128 162 53 34141.1 0 0
125 178 53 34145.5 0 0
125 156 53 34149.7 0 0
116 185 53 34153.9 0 0
123 164 53 34158.2 0 0
125 161 52 34162.4 0 0
125 160 52 34166.6 0 0
123 161 52 34170.8 0 0
118 182 52 34175 0 0
124 164 52 34179.2 0 0
120 190 52 34183.4 0 0
125 165 52 34187.6 0 0
126 165 52 34191.8 0 0
123 182 52 34196.1 0 0
123 164 52 34200.5 0 0
121 187 53 34204.8 0 0
123 164 52 34209 0 0
124 162 53 34213.2 0 0
125 165 52 34217.5 0 0
123 162 52 34221.7 0 0
125 161 52 34225.9 0 0
123 161 52 34230.1 0 0
123 164 52 34234.3 0 0
125 164 52 34238.5 0 0
124 162 52 34242.8 0 0
123 165 52 34247 0 0
123 164 52 34251.2 0 0
122 165 52 34255.4 0 0
125 165 52 34259.6 0 0
125 163 52 34263.8 0 0
125 160 51 34268 0 0
125 167 51 34272.2 0 0
122 164 52 34276.4 0 0
125 166 52 34280.7 0 0
124 166 52 34284.9 0 0
124 165 52 34289.1 0 0
126 161 51 34293.3 0 0
123 167 52 34297.5 0 0
122 177 51 34301.8 0 0
125 163 52 34306.2 0 0
123 163 51 34310.5 0 0
123 161 52 34314.7 0 0
126 165 51 34318.9 0 0
125 164 51 34323.1 0 0
124 167 51 34327.3 0 0
122 163 52 34331.5 0 0
125 166 51 34335.7 0 0
124 167 52 34340.2 0 0
124 165 51 34344.5 0 0
120 177 52 34348.7 0 0
127 163 51 34352.9 0 0
123 163 52 34357.2 0 0
124 163 51 34361.4 0 0
123 163 51 34365.6 0 0
122 164 51 34369.8 0 0
124 163 51 34374 0 0
123 164 51 34378.2 0 0
123 163 51 34382.4 0 0
126 162 51 34386.6 0 0
124 165 51 34390.8 0 0
124 161 51 34395.1 0 0
124 165 51 34399.3 0 0
123 176 51 34403.5 0 0
124 168 51 34407.7 0 0
125 164 51 34411.9 0 0
124 164 51 34416.2 0 0
122 165 51 34420.3 0 0
124 165 51 34424.6 0 0
123 166 51 34428.8 0 0
122 166 51 34433 0 0
122 168 51 34437.2 0 0
123 164 51 34441.4 0 0
124 163 52 34445.6 0 0
124 163 51 34449.8 0 0
123 168 52 34454 0 0
117 170 51 34458.2 0 0
109 166 52 34462.4 0 0
98 184 51 34466.7 0 0
92 185 52 34470.9 0 0
83 212 52 34475.2 0 0
81 190 51 34479.4 0 0
78 202 51 34483.6 0 0
76 208 51 34487.8 0 0
77 208 50 34492 0 0
81 205 51 34496.2 0 0
79 204 51 34500.7 0 0
81 201 50 34504.9 0 0
79 195 51 34509.1 0 0
79 202 51 34513.3 0 0
78 203 51 34517.5 0 0
79 205 51 34521.7 0 0
79 204 50 34525.9 0 0
79 201 51 34530.2 0 0
78 201 51 34534.4 0 0
78 206 51 34538.6 0 0
78 201 51 34542.8 0 0
78 205 50 34547 0 0
80 203 51 34551.2 0 0
79 200 51 34555.4 0 0
77 202 51 34559.7 0 0
78 202 51 34566.6 0 0
79 202 51 34570.8 0 0
79 201 51 34575 0 0
78 207 51 34579.2 0 0
78 203 51 34583.5 0 0
79 204 51 34587.7 0 0
80 201 50 34592 0 0
79 202 51 34596.2 0 0
79 201 51 34600.4 0 0
79 206 51 34604.6 0 0
77 206 51 34608.8 0 0
78 205 51 34613 0 0
78 204 51 34617.5 0 0
79 203 51 34621.7 0 0
79 204 51 34625.9 0 0
79 201 51 34630.1 0 0
79 202 51 34634.3 0 0
78 200 51 34638.6 0 0
81 208 51 34648.9 0 0
76 208 51 34655.5 0 0
76 232 51 34659.7 0 0
80 206 51 34666.5 0 0
78 204 51 34670.8 0 0
74 231 51 34675 0 0
79 202 51 34679.2 0 0
77 205 51 34683.4 0 0
78 207 51 34687.6 0 0
79 203 51 34691.8 0 0
80 204 51 34696 0 0
77 207 51 34700.2 0 0
77 200 52 34704.4 0 0
73 194 52 34708.6 0 0
65 188 52 34712.8 0 0
60 185 52 34717.1 0 0
54 182 53 34721.3 0 0
65 180 51 34795.7 0 0
49 228 51 34799.9 0 0
63 169 50 34804.1 0 0
46 184 50 34816.8 0 0
72 178 50 34821 0 0
54 177 51 34825.2 0 0
56 176 51 34833.6 0 0
35 157 51 34837.8 0 0
39 150 50 34842.1 0 0
36 159 50 34846.3 0 0
64 179 50 34850.5 0 0
45 186 51 34854.7 0 0
34 162 50 34858.9 0 0
44 187 50 34863.1 0 0
33 164 50 34867.5 0 0
34 163 50 34871.7 0 0
43 183 50 34876 0 0
35 160 50 34882.8 0 0
35 161 50 34887.1 0 0
34 161 50 34891.3 0 0
35 162 50 34895.5 0 0
34 163 49 34899.7 0 0
33 164 49 34904 0 0
34 161 49 34908.3 0 0
33 162 50 34912.5 0 0
34 162 50 34916.7 0 0
35 162 49 34920.9 0 0
34 160 49 34925.1 0 0
35 160 49 34929.3 0 0
35 161 49 34933.5 0 0
33 163 49 34937.8 0 0
35 162 49 34942 0 0
34 161 49 34946.2 0 0
34 163 49 34950.4 0 0
34 165 49 34954.6 0 0
33 164 49 34958.8 0 0
33 162 49 34963.1 0 0
34 165 49 34967.4 0 0
33 160 48 34971.6 0 0
32 164 48 34978.7 0 0
32 162 49 34982.9 0 0
33 164 48 34987.1 0 0
31 164 49 34991.3 0 0
34 165 48 34995.5 0 0
40 173 49 34999.8 0 0
55 176 50 35004 0 0
67 181 50 35008.2 0 0
76 190 50 35012.4 0 0
80 194 49 35016.6 0 0
78 196 49 35020.8 0 0
81 201 49 35025.1 0 0
79 204 49 35029.3 0 0
79 204 48 35033.6 0 0
76 202 49 35037.8 0 0
77 200 48 35042 0 0
79 195 48 35046.2 0 0
78 199 49 35050.4 0 0
78 200 48 35054.6 0 0
79 197 48 35058.8 0 0
78 202 48 35063.1 0 0
79 201 48 35067.3 0 0
79 201 48 35071.5 0 0
79 200 49 35075.7 0 0
79 204 49 35082.6 0 0
79 204 49 35091.1 0 0
78 205 48 35098.3 0 0
78 202 48 35102.5 0 0
78 205 48 35107.8 0 0
79 201 48 35112 0 0
80 204 48 35116.2 0 0
79 203 48 35120.5 0 0
78 204 48 35124.8 0 0
79 202 48 35129 0 0
78 201 48 35133.2 0 0
78 204 48 35137.4 0 0
79 201 48 35141.6 0 0
80 203 48 35145.8 0 0
78 201 48 35150.1 0 0
76 204 48 35154.3 0 0
80 201 48 35158.6 0 0
76 194 48 35162.8 0 0
79 203 48 35167 0 0
79 200 48 35171.2 0 0
75 203 48 35175.4 0 0
78 204 48 35179.6 0 0
78 203 48 35183.9 0 0
79 199 48 35188.1 0 0
79 203 49 35195.2 0 0
79 204 48 35199.5 0 0
79 204 48 35203.7 0 0
78 202 48 35207.9 0 0
79 201 48 35212.1 0 0
77 205 49 35216.3 0 0
79 202 48 35220.6 0 0
78 206 48 35224.8 0 0
80 203 49 35229 0 0
80 201 49 35233.2 0 0
81 203 49 35237.4 0 0
78 199 49 35241.7 0 0
81 201 49 35245.9 0 0
79 199 49 35250.2 0 0
80 202 49 35254.4 0 0
81 202 49 35258.6 0 0
79 201 48 35262.8 0 0
80 202 49 35267 0 0
77 202 49 35271.2 0 0
79 203 49 35275.4 0 0
78 200 49 35279.7 0 0
73 199 49 35283.9 0 0
69 194 50 35288.1 0 0
56 190 49 35292.3 0 0
52 183 49 35299.1 0 0
44 179 49 35303.4 0 0
40 181 49 35307.6 0 0
36 178 49 35311.9 0 0
36 175 49 35316.1 0 0
38 174 49 35320.3 0 0
42 172 49 35324.5 0 0
48 197 49 35328.7 0 0
40 172 49 35332.9 0 0
51 191 49 35337.1 0 0
40 164 49 35341.4 0 0
37 170 49 35345.6 0 0
38 167 49 35349.8 0 0
38 161 49 35354 0 0
35 160 49 35358.2 0 0
36 164 49 35362.4 0 0
35 159 49 35366.6 0 0
37 160 49 35370.8 0 0
35 161 49 35375.1 0 0
37 160 49 35379.6 0 0
37 160 49 35383.8 0 0
37 164 49 35388 0 0
36 164 49 35394.8 0 0
37 164 49 35399.1 0 0
38 159 49 35403.3 0 0
36 161 49 35407.6 0 0
36 159 49 35411.8 0 0
35 156 49 35416 0 0
36 160 49 35420.2 0 0
37 162 49 35424.4 0 0
36 166 49 35428.6 0 0
36 162 49 35432.9 0 0
36 161 50 35437.1 0 0
37 161 49 35441.3 0 0
37 160 49 35445.7 0 0
36 160 49 35449.9 0 0
37 159 49 35454.1 0 0
37 160 49 35458.3 0 0
37 159 49 35462.6 0 0
36 160 49 35466.8 0 0
36 160 49 35471 0 0
36 160 49 35475.2 0 0
38 161 49 35479.4 0 0
38 161 49 35483.6 0 0
36 161 49 35488.9 0 0
38 161 49 35493.2 0 0
35 162 49 35497.4 0 0
36 164 49 35501.6 0 0
36 163 49 35505.8 0 0
36 164 49 35510.1 0 0
38 159 49 35514.2 0 0
37 162 49 35518.4 0 0
37 159 49 35522.7 0 0
37 160 49 35526.9 0 0
38 159 49 35531.2 0 0
37 157 49 35535.4 0 0
35 161 49 35539.6 0 0
37 160 49 35543.8 0 0
37 159 49 35548 0 0
38 160 49 35552.2 0 0
38 161 49 35556.4 0 0
37 161 49 35560.7 0 0
38 162 49 35564.9 0 0
36 165 49 35569.2 0 0
37 158 50 35573.4 0 0
38 159 49 35577.6 0 0
35 155 50 35581.8 0 0
36 160 49 35586 0 0
34 165 49 35590.2 0 0
37 163 50 35594.4 0 0
37 158 49 35598.6 0 0
35 164 49 35602.8 0 0
37 164 50 35607 0 0
36 162 49 35611.2 0 0
36 163 49 35615.4 0 0
36 164 50 35619.7 0 0
35 163 49 35623.9 0 0
37 159 49 35628.1 0 0
37 159 49 35632.3 0 0
36 159 50 35636.5 0 0
37 160 50 35640.7 0 0
35 156 50 35644.9 0 0
38 161 49 35649.2 0 0
36 158 50 35653.4 0 0
35 159 50 35657.6 0 0
37 161 50 35661.9 0 0
37 159 49 35666.1 0 0
36 160 50 35670.3 0 0
36 160 50 35674.5 0 0
36 161 49 35678.8 0 0
34 161 49 35683 0 0
36 159 49 35687.2 0 0
36 160 49 35691.4 0 0
36 161 49 35695.8 0 0
35 159 50 35700 0 0
34 160 49 35704.2 0 0
35 158 50 35708.4 0 0
34 161 50 35712.7 0 0
35 159 50 35716.9 0 0
35 159 49 35721.2 0 0
38 159 49 35725.4 0 0
37 158 49 35729.6 0 0
36 162 50 35733.8 0 0
33 162 50 35738 0 0
37 164 50 35742.2 0 0
36 160 50 35746.5 0 0
37 160 50 35750.8 0 0
36 162 50 35755 0 0
36 159 50 35759.2 0 0
36 163 50 35763.4 0 0
37 159 50 35767.6 0 0
36 160 50 35771.8 0 0
35 159 50 35776.1 0 0
35 159 50 35780.3 0 0
35 159 50 35784.5 0 0
34 159 50 35788.7 0 0
36 157 50 35792.9 0 0
34 162 50 35797.1 0 0
36 158 50 35801.3 0 0
35 158 50 35805.6 0 0
33 163 50 35809.8 0 0
34 158 50 35814 0 0
32 164 50 35818.2 0 0
31 164 49 35822.4 0 0
33 170 50 35826.6 0 0
41 188 50 35830.8 0 0
33 158 50 35835.1 0 0
33 164 50 35839.3 0 0
32 164 50 35843.5 0 0
34 162 50 35847.7 0 0
35 164 50 35851.9 0 0
32 164 50 35856.1 0 0
34 162 49 35860.3 0 0
32 166 50 35864.7 0 0
34 163 50 35868.9 0 0
32 168 50 35873.1 0 0
34 166 50 35877.3 0 0
34 167 50 35881.6 0 0
33 167 50 35885.8 0 0
35 166 50 35890 0 0
34 166 50 35894.2 0 0
34 163 50 35898.4 0 0
33 164 50 35902.6 0 0
33 163 50 35906.9 0 0
35 165 50 35911.1 0 0
35 164 50 35915.3 0 0
32 164 50 35919.5 0 0
32 165 50 35923.7 0 0
35 163 50 35928 0 0
33 167 50 35932.2 0 0
33 164 50 35936.4 0 0
34 163 50 35940.7 0 0
34 165 50 35945 0 0
34 164 50 35949.3 0 0
33 165 50 35953.5 0 0
34 163 50 35957.7 0 0
32 165 50 35961.9 0 0
34 165 50 35966.2 0 0
35 164 50 35970.4 0 0
35 164 50 35974.7 0 0
35 163 50 35978.9 0 0
34 165 50 35983.1 0 0
31 167 50 35987.3 0 0
35 164 50 35994.4 0 0
33 164 50 36002.7 0 0
31 165 50 36010.9 0 0
32 169 50 36019.2 0 0
32 169 50 36027.7 0 0
31 180 50 36035.8 0 0
31 183 50 36040 0 0
44 188 50 36044.4 0 0
32 166 50 36048.6 0 0
31 187 50 36052.8 0 0
36 166 50 36057 0 0
36 158 50 36061.3 0 0
33 164 50 36065.5 0 0
59 175 50 36069.7 0 0
35 167 50 36073.9 0 0
34 158 50 36078.1 0 0
31 184 50 36082.3 0 0
56 175 50 36086.6 0 0
52 183 50 36090.8 0 0
33 164 51 36095 0 0
27 185 50 36099.2 0 0
44 188 50 36103.4 0 0
49 185 50 36107.7 0 0
45 185 50 36111.8 0 0
38 168 50 36116.1 0 0
33 186 50 36120.4 0 0
42 188 50 36124.7 0 0
50 183 50 36129.4 0 0
59 172 50 36135.8 0 0
51 186 51 36140 0 0
36 158 50 36144.2 0 0
49 182 50 36148.5 0 0
35 157 51 36152.7 0 0
62 175 51 36157.5 0 0
33 163 50 36161.7 0 0
34 159 51 36165.9 0 0
36 156 50 36170.2 0 0
56 178 50 36174.4 0 0
33 159 50 36178.9 0 0
57 171 50 36183.2 0 0
33 169 50 36190.1 0 0
58 174 50 36194.3 0 0
32 183 50 36198.6 0 0
48 183 50 36202.8 0 0
28 186 51 36207 0 0
53 182 51 36211.2 0 0
59 175 50 36215.4 0 0
29 189 50 36220 0 0
43 190 50 36224.2 0 0
49 187 50 36228.5 0 0
43 188 51 36232.7 0 0
64 186 50 36236.9 0 0
49 186 51 36241.1 0 0
31 180 51 36245.3 0 0
59 183 50 36249.5 0 0
35 160 50 36253.8 0 0
62 168 50 36260.9 0 0
52 180 51 36268.9 0 0
53 180 51 36277.4 0 0
49 186 50 36285.7 0 0
49 186 50 36294.1 0 0
50 184 50 36301.4 0 0
52 184 51 36305.7 0 0
51 183 50 36310.9 0 0
61 174 50 36315.1 0 0
49 187 50 36319.3 0 0
59 173 50 36323.5 0 0
42 193 51 36327.7 0 0
50 184 50 36331.9 0 0
57 175 51 36336.2 0 0
53 188 50 36340.4 0 0
53 184 50 36344.6 0 0
60 171 50 36348.8 0 0
49 183 50 36353 0 0
59 182 50 36357.2 0 0
35 185 50 36361.4 0 0
50 183 50 36365.8 0 0
59 180 50 36370 0 0
56 181 50 36374.3 0 0
52 184 51 36378.5 0 0
57 177 50 36382.7 0 0
54 184 51 36386.9 0 0
69 174 51 36393.8 0 0
37 162 50 36402.3 0 0
61 176 50 36410.5 0 0
61 176 50 36419 0 0
55 183 50 36426.6 0 0
56 181 50 36430.8 0 0
61 175 51 36435.7 0 0
55 182 50 36440 0 0
65 174 50 36444.2 0 0
56 182 50 36448.5 0 0
37 185 50 36452.7 0 0
34 187 50 36456.9 0 0
43 188 50 36461.1 0 0
36 184 51 36465.3 0 0
55 182 50 36470.1 0 0
55 178 51 36474.3 0 0
52 179 51 36478.5 0 0
55 183 51 36485.5 0 0
33 186 51 36493.7 0 0
73 177 50 36502.2 0 0
58 179 50 36510.4 0 0
58 181 51 36518.7 0 0
73 174 51 36527.2 0 0
73 174 50 36535.6 0 0
73 174 50 36543.9 0 0
44 181 51 36551.4 0 0
64 180 51 36555.7 0 0
52 197 51 36560.6 0 0
50 183 51 36564.9 0 0
54 179 51 36569.1 0 0
48 183 51 36573.4 0 0
43 189 51 36577.6 0 0
57 180 51 36581.8 0 0
54 182 51 36586 0 0
48 184 50 36590.2 0 0
48 184 51 36594.4 0 0
36 168 50 36598.7 0 0
64 182 50 36602.9 0 0
36 182 51 36607.1 0 0
60 181 50 36611.3 0 0
46 183 51 36615.5 0 0
68 168 51 36619.8 0 0
42 186 51 36624.1 0 0
58 181 51 36628.4 0 0
41 162 51 36632.6 0 0
54 185 50 36636.8 0 0
37 165 50 36641 0 0
48 182 51 36648 0 0
54 178 50 36652.2 0 0
56 185 50 36657 0 0
51 183 51 36661.3 0 0
52 185 50 36665.5 0 0
52 183 50 36669.7 0 0
31 181 50 36673.9 0 0
33 164 50 36678.1 0 0
48 181 50 36682.3 0 0
38 183 51 36686.5 0 0
34 164 50 36690.7 0 0
35 166 51 36695 0 0
42 187 50 36699.3 0 0
32 164 50 36703.5 0 0
33 162 50 36710.5 0 0
29 184 50 36714.7 0 0
40 183 51 36718.9 0 0
34 165 50 36723.1 0 0
35 157 51 36727.3 0 0
28 182 51 36731.6 0 0
33 157 51 36735.8 0 0
36 158 50 36740 0 0
42 186 50 36744.2 0 0
49 182 50 36748.4 0 0
34 163 50 36752.6 0 0
31 165 51 36756.8 0 0
36 158 50 36761.1 0 0
31 165 50 36765.3 0 0
42 186 50 36769.5 0 0
34 165 50 36773.7 0 0
42 187 51 36777.9 0 0
35 166 50 36782.4 0 0
34 166 51 36786.6 0 0
34 165 50 36797.9 0 0
34 163 50 36806.2 0 0
32 166 51 36814.4 0 0
33 165 50 36822.9 0 0
39 186 50 36831.1 0 0
33 163 50 36839.4 0 0
42 191 50 36847.6 0 0
42 191 50 36856.1 0 0
32 183 50 36863.9 0 0
43 187 50 36868.1 0 0
52 182 51 36872.8 0 0
43 188 50 36877.1 0 0
41 184 50 36881.3 0 0
31 183 50 36885.5 0 0
30 184 51 36889.7 0 0
48 181 50 36893.9 0 0
30 183 50 36898.1 0 0
49 183 51 36902.3 0 0
41 189 51 36907.1 0 0
36 184 51 36911.3 0 0
58 185 50 36915.5 0 0
42 174 51 36919.7 0 0
54 187 52 36928.1 0 0
69 165 52 36932.4 0 0
72 169 52 36939.3 0 0
72 170 51 36943.6 0 0
72 168 51 36947.8 0 0
71 183 52 36952 0 0
94 170 51 36956.2 0 0
69 171 51 36960.4 0 0
71 168 52 36964.7 0 0
66 184 51 36968.9 0 0
71 169 51 36973.1 0 0
70 180 52 36977.4 0 0
68 181 52 36981.6 0 0
71 171 52 36985.8 0 0
67 191 52 36990 0 0
71 171 52 36994.2 0 0
64 188 52 36998.4 0 0
66 184 52 37002.7 0 0
95 175 51 37006.9 0 0
72 168 52 37011.1 0 0
67 182 52 37015.3 0 0
68 188 52 37019.5 0 0
71 168 51 37023.7 0 0
70 188 52 37027.9 0 0
72 165 52 37032.2 0 0
63 190 51 37036.4 0 0
71 168 52 37040.6 0 0
71 168 52 37044.8 0 0
68 163 52 37051.4 0 0
66 189 52 37055.6 0 0
64 188 52 37059.9 0 0
70 182 52 37064.1 0 0
70 169 52 37068.3 0 0
67 178 52 37072.5 0 0
71 168 51 37076.7 0 0
61 192 52 37080.9 0 0
71 169 51 37085.1 0 0
64 190 51 37089.4 0 0
68 188 52 37093.6 0 0
69 182 52 37097.8 0 0
78 189 52 37102 0 0
66 188 51 37106.2 0 0
71 166 52 37110.4 0 0
94 177 52 37114.6 0 0
100 171 52 37118.9 0 0
70 167 52 37123.3 0 0
97 172 52 37127.5 0 0
70 179 52 37131.8 0 0
97 171 52 37136 0 0
69 181 52 37140.2 0 0
73 171 52 37144.4 0 0
95 172 52 37148.7 0 0
72 169 52 37152.9 0 0
97 173 52 37157.5 0 0
68 195 52 37161.7 0 0
68 179 52 37165.9 0 0
89 154 52 37170.1 0 0
71 172 51 37174.3 0 0
72 160 52 37178.6 0 0
69 184 52 37182.8 0 0
71 174 52 37187 0 0
98 170 52 37191.2 0 0
72 171 52 37195.5 0 0
72 169 52 37199.7 0 0
96 175 52 37203.9 0 0
72 171 52 37208.1 0 0
65 198 52 37212.3 0 0
97 156 52 37216.6 0 0
70 174 52 37220.8 0 0
95 184 52 37225 0 0
67 182 52 37229.2 0 0
73 175 52 37233.4 0 0
78 178 52 37237.6 0 0
82 185 52 37241.9 0 0
85 188 52 37246.1 0 0
85 190 52 37250.9 0 0
84 196 52 37255.1 0 0
84 197 51 37259.3 0 0
83 196 52 37263.5 0 0
82 195 52 37267.7 0 0
83 194 52 37271.9 0 0
82 195 52 37276.1 0 0
84 195 52 37280.4 0 0
82 194 52 37284.6 0 0
83 194 51 37288.8 0 0
83 197 52 37293 0 0
82 199 51 37297.2 0 0
84 197 51 37301.5 0 0
82 196 51 37305.7 0 0
83 198 52 37309.9 0 0
83 191 52 37314.1 0 0
81 197 51 37318.4 0 0
81 199 51 37322.6 0 0
81 200 51 37326.8 0 0
82 198 51 37331 0 0
83 196 51 37335.2 0 0
82 198 51 37339.4 0 0
83 196 51 37343.7 0 0
82 195 51 37347.9 0 0
82 195 51 37352.1 0 0
82 195 51 37356.3 0 0
83 194 51 37360.5 0 0
83 194 51 37364.7 0 0
80 198 51 37368.9 0 0
81 196 51 37373.1 0 0
84 198 51 37377.4 0 0
82 198 51 37381.6 0 0
80 198 51 37385.8 0 0
81 198 52 37390 0 0
83 197 51 37394.2 0 0
84 193 51 37398.4 0 0
83 197 51 37402.6 0 0
82 194 51 37407 0 0
82 194 51 37411.3 0 0
81 194 51 37418 0 0
81 193 51 37422.7 0 0
82 195 51 37426.9 0 0
81 192 51 37431.2 0 0
84 194 51 37435.4 0 0
85 193 51 37439.6 0 0
92 194 52 37443.9 0 0
102 190 52 37448.1 0 0
113 181 52 37452.3 0 0
119 180 53 37456.6 0 0
124 174 52 37460.8 0 0
128 176 52 37465 0 0
130 172 52 37469.2 0 0
134 171 51 37473.4 0 0
132 169 51 37477.7 0 0
132 169 51 37481.9 0 0
127 172 52 37489 0 0
128 169 51 37493.2 0 0
128 172 51 37497.5 0 0
129 167 52 37501.7 0 0
129 169 51 37506 0 0
132 169 51 37510.2 0 0
130 171 52 37514.4 0 0
131 169 51 37518.6 0 0
130 170 51 37522.8 0 0
129 172 52 37527 0 0
132 172 51 37531.2 0 0
128 170 51 37535.4 0 0
128 169 51 37539.7 0 0
130 170 51 37543.9 0 0
128 176 51 37548.1 0 0
131 170 51 37552.3 0 0
130 170 51 37556.5 0 0
128 169 51 37560.7 0 0
131 169 51 37565 0 0
130 172 51 37569.2 0 0
130 167 51 37573.4 0 0
129 169 51 37577.6 0 0
129 169 52 37581.8 0 0
130 171 51 37586 0 0
129 170 52 37592.8 0 0
129 170 51 37597.1 0 0
128 169 51 37601.3 0 0
129 168 51 37605.6 0 0
131 172 51 37609.8 0 0
127 172 51 37614.1 0 0
128 171 51 37618.3 0 0
130 169 51 37622.5 0 0
131 171 51 37626.7 0 0
129 168 51 37630.9 0 0
130 166 51 37635.2 0 0
130 168 51 37639.4 0 0
131 171 51 37643.6 0 0
131 168 51 37647.8 0 0
129 168 51 37652 0 0
129 174 51 37656.2 0 0
129 171 51 37660.5 0 0
131 174 51 37664.7 0 0
129 173 51 37668.9 0 0
131 173 51 37673.1 0 0
128 172 51 37677.3 0 0
131 172 50 37681.7 0 0
131 172 50 37685.9 0 0
131 173 51 37692.1 0 0
128 170 51 37696.3 0 0
130 171 51 37700.5 0 0
131 169 50 37704.7 0 0
135 173 50 37708.9 0 0
145 174 51 37713.1 0 0
158 179 52 37717.3 0 0
169 177 52 37721.6 0 0
177 180 51 37725.8 0 0
182 180 51 37730 0 0
189 182 50 37734.2 0 0
197 185 50 37738.4 0 0
202 188 49 37742.6 0 0
206 185 49 37746.9 0 0
208 187 50 37751.3 0 0
207 188 49 37755.5 0 0
205 189 49 37759.7 0 0
204 187 49 37763.9 0 0
204 188 50 37768.1 0 0
205 195 49 37772.3 0 0
204 190 49 37776.6 0 0
206 191 49 37780.8 0 0
204 190 50 37785 0 0
204 190 49 37789.2 0 0
205 192 49 37793.4 0 0
205 189 49 37797.6 0 0
204 188 49 37801.8 0 0
204 188 49 37806 0 0
203 190 49 37810.3 0 0
204 190 49 37814.5 0 0
204 190 49 37818.7 0 0
204 190 49 37822.9 0 0
206 191 49 37827.2 0 0
204 189 49 37831.4 0 0
204 186 49 37835.6 0 0
202 190 49 37839.8 0 0
203 188 49 37844.6 0 0
203 188 49 37848.8 0 0
205 189 49 37853 0 0
203 191 49 37857.2 0 0
203 187 49 37861.4 0 0
203 187 49 37865.7 0 0
204 189 49 37869.9 0 0
203 189 48 37874.1 0 0
204 185 49 37878.3 0 0
204 187 49 37882.5 0 0
203 186 49 37886.8 0 0
205 185 49 37891 0 0
202 183 49 37895.2 0 0
204 183 49 37899.4 0 0
203 186 49 37903.7 0 0
203 185 49 37907.9 0 0
203 182 49 37912.1 0 0
202 183 48 37916.3 0 0
204 185 49 37920.5 0 0
204 187 48 37924.7 0 0
203 185 49 37929 0 0
203 183 49 37933.3 0 0
203 184 49 37937.5 0 0
203 186 49 37941.8 0 0
204 186 49 37946 0 0
203 187 49 37950.2 0 0
205 184 49 37954.4 0 0
204 185 49 37958.7 0 0
203 185 49 37962.9 0 0
203 185 49 37967.1 0 0
202 186 49 37971.3 0 0
204 183 49 37975.6 0 0
204 186 49 37979.8 0 0
204 183 49 37984 0 0
204 184 49 37988.2 0 0
203 186 49 37992.4 0 0
204 189 49 37996.6 0 0
203 182 49 38000.8 0 0
203 188 49 38005.1 0 0
203 188 49 38009.3 0 0
205 188 49 38013.5 0 0
201 190 49 38017.7 0 0
204 189 49 38021.9 0 0
203 189 49 38026.1 0 0
204 189 49 38030.3 0 0
203 185 49 38034.6 0 0
205 191 49 38038.8 0 0
203 183 49 38043 0 0
204 186 49 38047.2 0 0
204 186 49 38051.6 0 0
202 185 49 38055.9 0 0
204 183 49 38060.2 0 0
201 186 49 38064.4 0 0
203 183 49 38068.6 0 0
204 184 49 38072.8 0 0
203 185 49 38077 0 0
204 183 49 38081.2 0 0
204 183 49 38085.4 0 0
203 185 49 38089.7 0 0
201 187 49 38093.9 0 0
200 188 50 38098.1 0 0
199 188 49 38102.3 0 0
195 191 49 38106.5 0 0
194 191 50 38110.7 0 0
192 189 49 38114.9 0 0
190 196 49 38119.2 0 0
188 203 49 38123.4 0 0
193 226 48 38127.9 0 0
228 230 47 38233.5 0 0
226 220 47 38237.7 0 0
226 210 47 38241.9 0 0
227 199 48 38246.1 0 0
224 193 48 38250.9 0 0
226 181 48 38255.1 0 0
223 176 48 38259.3 0 0
227 174 48 38263.5 0 0
224 170 48 38267.7 0 0
224 165 48 38271.9 0 0
223 164 49 38276.1 0 0
225 164 49 38280.3 0 0
224 165 49 38284.6 0 0
224 165 49 38288.8 0 0
223 165 49 38293 0 0
223 165 49 38297.2 0 0
224 165 48 38301.5 0 0
223 163 49 38305.7 0 0
223 162 49 38309.9 0 0
224 164 49 38314.1 0 0
225 163 49 38318.4 0 0
221 161 49 38322.6 0 0
226 163 48 38326.8 0 0
223 163 49 38331 0 0
227 162 49 38335.2 0 0
222 162 48 38339.5 0 0
224 164 48 38343.7 0 0
223 164 49 38347.9 0 0
226 167 49 38352.2 0 0
223 165 49 38356.4 0 0
225 167 48 38360.6 0 0
223 166 49 38364.9 0 0
224 167 49 38369.2 0 0
223 167 49 38373.4 0 0
224 165 49 38377.6 0 0
226 166 49 38381.8 0 0
222 163 49 38386 0 0
224 163 49 38390.2 0 0
224 162 49 38394.4 0 0
224 163 49 38398.7 0 0
224 161 49 38402.9 0 0
222 163 49 38407.1 0 0
225 163 49 38411.3 0 0
225 171 49 38415.5 0 0
221 169 49 38419.7 0 0
214 165 50 38423.9 0 0
203 159 51 38428.2 0 0
191 157 51 38432.4 0 0
179 153 52 38436.6 0 0
169 155 52 38440.8 0 0
161 154 52 38445 0 0
156 152 51 38449.2 0 0
147 148 52 38453.6 0 0
142 149 51 38457.8 0 0
141 151 51 38462 0 0
137 152 50 38466.2 0 0
141 153 51 38470.5 0 0
142 155 51 38474.7 0 0
142 152 50 38478.9 0 0
140 154 51 38483.1 0 0
139 151 51 38487.3 0 0
139 151 51 38491.5 0 0
139 149 51 38495.7 0 0
140 149 51 38499.9 0 0
139 151 51 38504.2 0 0
140 145 51 38508.4 0 0
140 149 51 38512.6 0 0
139 150 51 38516.8 0 0
140 151 51 38521 0 0
140 151 51 38525.2 0 0
138 152 51 38529.5 0 0
139 150 51 38533.7 0 0
136 154 51 38537.9 0 0
140 148 51 38542.2 0 0
139 147 51 38546.4 0 0
138 148 51 38550.6 0 0
138 147 51 38554.8 0 0
140 149 51 38559.1 0 0
138 149 51 38563.3 0 0
143 151 51 38567.5 0 0
139 150 51 38571.7 0 0
139 151 52 38575.9 0 0
138 152 51 38580.1 0 0
139 149 51 38584.4 0 0
139 152 51 38588.6 0 0
140 152 51 38592.8 0 0
140 150 51 38597.1 0 0
139 150 51 38601.3 0 0
140 152 51 38605.5 0 0
140 152 52 38609.7 0 0
138 149 51 38614 0 0
141 151 51 38618.3 0 0
141 150 52 38622.5 0 0
140 152 51 38626.7 0 0
141 148 52 38630.9 0 0
139 151 52 38635.1 0 0
138 151 51 38639.4 0 0
139 151 51 38643.6 0 0
138 153 52 38656.2 0 0
140 153 52 38660.4 0 0
134 136 52 38664.6 0 0
131 135 52 38668.8 0 0
131 131 52 38673 0 0
131 128 52 38677.3 0 0
130 126 52 38682 0 0
131 124 52 38686.2 0 0
131 127 52 38690.5 0 0
132 128 52 38694.8 0 0
130 129 52 38699 0 0
127 144 52 38703.2 0 0
131 127 52 38707.4 0 0
128 127 52 38711.7 0 0
128 128 52 38715.9 0 0
129 127 52 38720.1 0 0
128 127 52 38724.3 0 0
128 126 52 38728.6 0 0
130 128 52 38732.8 0 0
130 129 52 38737 0 0
128 129 52 38741.2 0 0
128 130 52 38745.4 0 0
127 128 52 38749.7 0 0
131 130 52 38753.9 0 0
122 154 52 38758.1 0 0
124 150 52 38762.3 0 0
130 127 52 38766.5 0 0
128 127 52 38770.7 0 0
129 130 52 38774.9 0 0
128 127 52 38779.2 0 0
129 127 53 38783.4 0 0
129 128 52 38787.7 0 0
130 126 52 38791.9 0 0
129 127 52 38796.1 0 0
128 128 52 38800.3 0 0
128 128 52 38804.5 0 0
131 125 52 38808.8 0 0
128 129 52 38813 0 0
129 129 52 38817.2 0 0
128 127 52 38821.4 0 0
127 129 52 38825.6 0 0
129 127 53 38829.8 0 0
129 129 52 38834 0 0
129 127 52 38838.2 0 0
127 128 52 38842.5 0 0
130 129 52 38846.7 0 0
127 130 52 38851 0 0
129 128 52 38855.2 0 0
129 129 52 38859.4 0 0
128 129 52 38863.6 0 0
128 129 52 38867.8 0 0
128 130 52 38872 0 0
127 129 52 38876.3 0 0
126 130 52 38880.5 0 0
126 129 52 38884.7 0 0
127 129 52 38888.9 0 0
127 128 52 38893.1 0 0
126 130 52 38897.4 0 0
129 128 52 38901.6 0 0
129 130 52 38905.8 0 0
127 130 52 38910.1 0 0
128 131 52 38914.3 0 0
127 126 52 38918.5 0 0
129 122 52 38922.7 0 0
129 123 52 38926.9 0 0
129 121 52 38931.1 0 0
129 120 52 38935.4 0 0
126 125 52 38939.6 0 0
126 124 52 38943.9 0 0
126 123 52 38948.1 0 0
126 125 52 38952.3 0 0
126 125 52 38956.5 0 0
128 124 52 38960.7 0 0
126 122 52 38964.9 0 0
128 125 52 38969.2 0 0
129 124 52 38973.4 0 0
128 122 52 38977.6 0 0
128 123 51 38981.8 0 0
127 122 52 38986 0 0
126 124 52 38990.2 0 0
128 122 52 38994.4 0 0
127 123 51 38998.7 0 0
129 123 52 39002.9 0 0
126 123 52 39007.1 0 0
127 122 52 39011.3 0 0
128 123 52 39015.5 0 0
126 122 52 39019.7 0 0
129 122 52 39024 0 0
125 124 52 39028.2 0 0
128 124 52 39032.4 0 0
127 121 52 39036.6 0 0
128 123 52 39040.8 0 0
126 124 51 39045 0 0
126 123 52 39049.2 0 0
127 126 52 39053.5 0 0
128 123 52 39057.7 0 0
127 124 51 39061.9 0 0
126 123 52 39066.1 0 0
127 125 51 39070.3 0 0
125 126 52 39074.6 0 0
127 124 52 39078.8 0 0
127 124 52 39083 0 0
128 123 51 39087.2 0 0
128 123 51 39091.5 0 0
128 124 52 39095.8 0 0
126 123 51 39100.1 0 0
126 122 52 39104.3 0 0
127 124 51 39108.5 0 0
128 121 51 39112.7 0 0
129 123 52 39116.9 0 0
126 121 51 39121.1 0 0
126 123 51 39125.5 0 0
126 123 51 39129.8 0 0
126 123 52 39133.9 0 0
127 125 52 39138.2 0 0
126 122 51 39142.3 0 0
127 122 52 39146.6 0 0
126 123 51 39150.8 0 0
127 123 51 39155 0 0
128 122 52 39159.3 0 0
125 121 52 39163.5 0 0
127 123 52 39167.7 0 0
126 121 51 39171.9 0 0
125 122 51 39176.1 0 0
127 121 51 39180.3 0 0
125 122 52 39184.6 0 0
127 122 51 39188.8 0 0
127 121 51 39195.7 0 0
126 123 52 39199.9 0 0
125 122 52 39204.2 0 0
127 120 51 39208.4 0 0
127 122 52 39212.6 0 0
127 122 52 39216.9 0 0
128 119 52 39221.1 0 0
124 121 51 39225.3 0 0
127 121 51 39229.5 0 0
126 125 51 39233.7 0 0
127 123 52 39237.9 0 0
126 129 52 39242.2 0 0
128 138 51 39246.4 0 0
128 147 51 39250.6 0 0
126 158 51 39254.8 0 0
129 164 51 39259 0 0
129 167 51 39263.2 0 0
126 169 51 39267.4 0 0
128 169 51 39271.6 0 0
128 164 51 39275.9 0 0
129 164 51 39280.1 0 0
127 164 51 39284.3 0 0
128 164 51 39288.5 0 0
130 164 51 39295.4 0 0
129 165 51 39299.6 0 0
129 164 51 39304 0 0
127 165 51 39308.2 0 0
129 165 51 39312.4 0 0
127 166 52 39316.7 0 0
128 163 51 39320.9 0 0
129 164 51 39325.1 0 0
127 163 51 39329.3 0 0
131 163 51 39333.5 0 0
127 164 51 39337.7 0 0
128 165 51 39342 0 0
127 166 52 39346.2 0 0
130 167 51 39350.4 0 0
127 165 51 39354.6 0 0
128 167 51 39358.8 0 0
128 167 51 39363 0 0
128 167 51 39367.3 0 0
129 166 52 39371.5 0 0
129 168 51 39375.7 0 0
127 168 51 39379.9 0 0
128 164 51 39384.2 0 0
129 167 51 39388.3 0 0
128 164 52 39392.6 0 0
129 164 51 39396.8 0 0
129 164 52 39401 0 0
129 164 51 39408 0 0
128 164 51 39412.2 0 0
128 166 51 39416.4 0 0
129 166 52 39420.6 0 0
126 165 51 39424.8 0 0
128 164 52 39429.1 0 0
128 166 52 39433.3 0 0
128 164 52 39437.5 0 0
127 164 52 39441.8 0 0
128 161 52 39446 0 0
128 161 52 39450.2 0 0
128 166 52 39454.4 0 0
127 165 52 39458.7 0 0
125 162 52 39463 0 0
127 160 52 39467.3 0 0
127 166 52 39471.5 0 0
129 167 51 39475.8 0 0
127 169 52 39480 0 0
127 169 52 39484.2 0 0
126 163 52 39489.1 0 0
127 168 52 39493.3 0 0
129 168 52 39497.6 0 0
126 166 52 39501.8 0 0
127 166 52 39506 0 0
128 168 52 39510.2 0 0
128 167 52 39514.4 0 0
128 168 52 39518.6 0 0
128 168 52 39522.8 0 0
127 166 52 39527 0 0
128 168 52 39531.2 0 0
126 168 52 39535.5 0 0
127 168 52 39539.7 0 0
127 167 52 39543.9 0 0
127 169 52 39548.1 0 0
125 169 52 39552.3 0 0
128 167 52 39556.5 0 0
127 167 52 39560.8 0 0
127 168 52 39565 0 0
129 167 52 39569.2 0 0
126 167 52 39573.4 0 0
127 167 52 39577.6 0 0
127 163 52 39581.8 0 0
127 167 52 39586.1 0 0
127 165 52 39590.3 0 0
128 166 52 39594.9 0 0
127 167 52 39599.1 0 0
127 167 52 39603.3 0 0
128 169 51 39607.5 0 0
128 167 51 39611.7 0 0
127 165 52 39615.9 0 0
127 167 52 39620.2 0 0
127 165 52 39624.5 0 0
128 165 52 39628.7 0 0
127 167 52 39632.9 0 0
129 167 52 39637.1 0 0
128 164 52 39641.3 0 0
127 168 52 39645.6 0 0
126 170 52 39649.8 0 0
129 169 52 39654 0 0
131 173 51 39658.2 0 0
136 172 52 39662.4 0 0
145 173 52 39666.7 0 0
149 167 52 39670.9 0 0
153 174 52 39675.1 0 0
158 173 52 39679.3 0 0
164 178 52 39683.5 0 0
169 179 51 39687.8 0 0
168 175 51 39692.3 0 0
169 176 51 39696.6 0 0
163 175 51 39700.8 0 0
164 178 51 39705 0 0
167 178 51 39711.8 0 0
164 175 51 39716 0 0
166 177 51 39720.3 0 0
165 175 51 39724.5 0 0
165 179 51 39728.7 0 0
167 178 51 39732.9 0 0
166 177 50 39737.1 0 0
167 178 51 39741.4 0 0
167 175 50 39745.6 0 0
165 176 51 39749.8 0 0
166 178 50 39754.1 0 0
165 175 50 39758.3 0 0
164 177 50 39762.5 0 0
168 176 51 39766.7 0 0
164 177 51 39770.9 0 0
167 175 51 39775.1 0 0
165 177 50 39779.4 0 0
167 178 50 39783.6 0 0
165 179 51 39787.8 0 0
165 177 51 39792 0 0
166 178 51 39796.2 0 0
164 179 50 39800.4 0 0
165 176 51 39804.7 0 0
167 178 50 39809 0 0
166 177 50 39813.3 0 0
166 173 51 39820.1 0 0
165 174 50 39824.3 0 0
168 178 50 39828.6 0 0
165 176 51 39832.8 0 0
165 176 50 39837 0 0
164 176 50 39841.2 0 0
167 178 50 39845.5 0 0
165 175 50 39849.7 0 0
166 177 50 39853.9 0 0
166 176 50 39858.1 0 0
165 176 51 39862.3 0 0
166 178 50 39866.5 0 0
166 178 51 39870.7 0 0
166 177 50 39875 0 0
165 179 50 39879.2 0 0
165 178 50 39883.4 0 0
167 176 51 39887.6 0 0
167 174 50 39891.8 0 0
168 178 51 39896.1 0 0
166 176 50 39900.3 0 0
168 177 51 39904.5 0 0
167 175 50 39908.7 0 0
163 178 51 39912.9 0 0
150 171 51 39917.1 0 0
140 172 52 39924 0 0
135 165 52 39928.2 0 0
131 163 52 39932.4 0 0
125 165 51 39936.7 0 0
124 162 51 39940.9 0 0
125 165 51 39945.1 0 0
129 164 51 39949.3 0 0
129 164 51 39953.6 0 0
127 164 51 39957.8 0 0
127 167 51 39962 0 0
126 159 51 39966.2 0 0
127 159 51 39970.4 0 0
128 161 51 39974.7 0 0
126 164 51 39978.9 0 0
126 160 51 39983.1 0 0
127 162 51 39987.3 0 0
128 161 51 39991.5 0 0
128 162 51 39995.7 0 0
128 165 51 39999.9 0 0
126 163 51 40004.1 0 0
128 162 51 40008.4 0 0
127 164 51 40012.6 0 0
127 162 51 40016.9 0 0
127 164 51 40021.1 0 0
128 162 51 40025.3 0 0
128 162 51 40029.6 0 0
127 165 51 40035.8 0 0
124 163 51 40040 0 0
125 163 51 40044.2 0 0
126 163 51 40048.4 0 0
126 162 52 40052.6 0 0
129 163 51 40056.8 0 0
128 162 51 40061.1 0 0
126 163 51 40065.3 0 0
129 164 51 40069.5 0 0
129 163 51 40073.7 0 0
126 162 51 40077.9 0 0
129 165 51 40082.1 0 0
127 164 51 40086.3 0 0
127 165 51 40090.5 0 0
127 165 51 40094.8 0 0
129 166 51 40099 0 0
128 166 51 40103.2 0 0
127 164 51 40107.4 0 0
127 167 51 40111.6 0 0
128 165 51 40115.8 0 0
128 167 52 40120 0 0
127 166 51 40124.3 0 0
127 166 51 40128.5 0 0
127 166 51 40132.7 0 0
125 168 51 40136.9 0 0
127 161 51 40141.1 0 0
126 167 51 40145.4 0 0
129 164 51 40149.6 0 0
128 166 51 40153.8 0 0
126 167 51 40158 0 0
126 163 51 40162.2 0 0
129 167 51 40166.4 0 0
126 165 51 40170.7 0 0
127 169 51 40174.9 0 0
129 164 51 40179.1 0 0
129 167 51 40183.3 0 0
129 168 51 40187.5 0 0
127 161 51 40191.7 0 0
127 167 51 40195.9 0 0
126 168 51 40200.2 0 0
126 168 51 40204.4 0 0
126 169 51 40208.6 0 0
128 163 51 40212.8 0 0
127 167 51 40217.1 0 0
126 168 51 40221.3 0 0
127 168 51 40225.5 0 0
128 169 51 40229.8 0 0
128 169 51 40234 0 0
127 165 51 40238.2 0 0
129 168 51 40242.4 0 0
126 165 51 40246.6 0 0
125 169 51 40250.8 0 0
126 167 51 40255 0 0
127 167 51 40259.2 0 0
127 167 51 40263.5 0 0
126 163 52 40267.7 0 0
130 163 51 40271.9 0 0
127 165 51 40276.1 0 0
126 164 51 40280.4 0 0
129 168 51 40284.6 0 0
128 162 51 40288.8 0 0
127 166 51 40293 0 0
126 163 51 40297.2 0 0
126 169 51 40301.4 0 0
127 167 51 40305.6 0 0
128 168 51 40309.9 0 0
127 167 51 40314.1 0 0
128 167 51 40318.3 0 0
128 163 51 40322.6 0 0
127 164 51 40326.8 0 0
128 171 51 40331 0 0
127 168 51 40335.2 0 0
128 170 51 40339.5 0 0
129 168 51 40343.9 0 0
126 170 51 40348.1 0 0
130 169 51 40352.3 0 0
128 170 51 40356.5 0 0
130 168 51 40360.7 0 0
133 165 51 40364.9 0 0
135 162 52 40369.1 0 0
137 161 51 40373.4 0 0
135 160 52 40377.6 0 0
134 159 51 40381.8 0 0
132 159 51 40386 0 0
134 159 51 40390.2 0 0
132 159 51 40394.4 0 0
134 159 51 40398.7 0 0
132 160 51 40402.9 0 0
132 163 51 40407.1 0 0
134 157 51 40411.3 0 0
134 160 51 40415.5 0 0
134 160 52 40419.8 0 0
134 158 51 40424 0 0
133 158 52 40428.2 0 0
133 161 52 40432.4 0 0
134 162 51 40436.6 0 0
134 160 51 40440.9 0 0
133 162 51 40445.1 0 0
134 160 51 40449.3 0 0
134 161 51 40453.5 0 0
134 159 51 40457.8 0 0
132 160 52 40462 0 0
132 161 51 40466.2 0 0
134 160 51 40470.4 0 0
133 160 52 40474.7 0 0
133 159 52 40478.9 0 0
134 160 51 40483.1 0 0
133 159 52 40487.3 0 0
134 159 52 40491.5 0 0
133 159 52 40495.7 0 0
132 158 52 40499.9 0 0
133 161 52 40504.1 0 0
133 160 52 40508.3 0 0
132 160 52 40512.6 0 0
134 162 52 40516.8 0 0
133 162 52 40521 0 0
133 163 52 40525.2 0 0
135 156 52 40529.5 0 0
132 159 52 40533.7 0 0
133 164 52 40537.9 0 0
133 157 52 40542.1 0 0
133 160 52 40546.3 0 0
133 161 52 40550.5 0 0
133 158 52 40554.8 0 0
133 158 52 40559.1 0 0
133 157 52 40563.4 0 0
132 157 52 40567.6 0 0
132 159 52 40571.8 0 0
135 157 52 40576.1 0 0
136 165 52 40580.3 0 0
134 163 52 40584.5 0 0
133 161 52 40588.7 0 0
135 160 52 40592.9 0 0
134 161 52 40597.2 0 0
133 163 52 40601.4 0 0
133 165 52 40605.6 0 0
134 159 52 40609.8 0 0
131 157 52 40614.1 0 0
135 151 52 40618.3 0 0
134 145 52 40622.5 0 0
133 134 52 40627.3 0 0
132 133 53 40631.5 0 0
131 128 52 40635.7 0 0
128 124 53 40639.9 0 0
130 122 52 40648.3 0 0
130 122 52 40652.5 0 0
127 149 52 40656.8 0 0
129 128 52 40661 0 0
128 127 52 40665.2 0 0
127 124 52 40669.4 0 0
129 126 52 40673.6 0 0
123 143 52 40677.9 0 0
129 125 52 40682.1 0 0
128 126 53 40686.3 0 0
125 138 52 40690.6 0 0
129 139 52 40694.8 0 0
127 125 52 40699.1 0 0
129 122 53 40703.2 0 0
128 124 52 40707.4 0 0
128 148 52 40711.7 0 0
124 141 52 40715.9 0 0
129 126 52 40720.3 0 0
127 142 52 40724.5 0 0
128 124 52 40728.7 0 0
129 125 53 40732.9 0 0
128 125 52 40737.1 0 0
129 125 52 40741.3 0 0
129 127 52 40745.5 0 0
126 148 52 40752.5 0 0
126 133 52 40760.9 0 0
128 124 52 40769.2 0 0
128 124 52 40777.4 0 0
130 122 52 40785.8 0 0
128 122 53 40790 0 0
126 145 53 40794.2 0 0
129 124 53 40798.4 0 0
129 124 52 40802.6 0 0
129 124 53 40806.8 0 0
127 121 53 40811.1 0 0
129 124 53 40815.3 0 0
129 122 53 40819.5 0 0
128 124 52 40823.7 0 0
127 124 52 40827.9 0 0
130 123 53 40832.1 0 0
128 123 53 40836.4 0 0
124 141 53 40840.6 0 0
128 123 53 40844.8 0 0
129 123 53 40849 0 0
129 124 53 40853.2 0 0
127 136 52 40857.4 0 0
126 145 52 40861.6 0 0
128 125 52 40865.9 0 0
128 123 52 40870.2 0 0
130 125 52 40874.5 0 0
128 125 52 40878.7 0 0
127 125 53 40885.8 0 0
128 125 53 40890 0 0
129 123 52 40894.2 0 0
128 125 53 40898.4 0 0
129 124 53 40902.6 0 0
126 138 53 40907.5 0 0
128 124 53 40911.7 0 0
129 122 53 40915.9 0 0
124 146 53 40920.1 0 0
128 123 53 40924.3 0 0
124 141 53 40928.7 0 0
127 146 52 40932.9 0 0
126 146 52 40940 0 0
129 123 52 40944.2 0 0
125 142 53 40948.4 0 0
127 123 53 40952.7 0 0
123 146 53 40956.8 0 0
128 122 53 40961.1 0 0
128 123 53 40965.3 0 0
128 123 53 40970 0 0
128 124 53 40974.2 0 0
130 125 53 40978.4 0 0
127 146 53 40982.6 0 0
128 123 53 40986.8 0 0
125 143 53 40991 0 0
125 143 53 40998.2 0 0
125 147 52 41004.5 0 0
129 132 53 41008.8 0 0
126 133 53 41014.7 0 0
128 144 53 41018.9 0 0
127 149 53 41023.2 0 0
124 143 53 41027.4 0 0
127 143 53 41031.7 0 0
124 147 53 41035.9 0 0
129 146 53 41040.1 0 0
127 138 53 41044.3 0 0
128 122 53 41048.5 0 0
127 148 53 41052.8 0 0
127 123 53 41057 0 0
125 147 53 41061.2 0 0
125 142 53 41065.4 0 0
129 124 53 41069.7 0 0
125 141 53 41073.9 0 0
128 142 53 41078.1 0 0
126 135 53 41082.3 0 0
126 123 53 41086.5 0 0
125 149 53 41090.7 0 0
125 144 53 41094.9 0 0
129 145 53 41099.2 0 0
128 135 53 41103.4 0 0
124 139 53 41107.6 0 0
129 123 53 41111.8 0 0
124 145 54 41116 0 0
122 143 53 41120.3 0 0
130 120 53 41127.1 0 0
123 147 54 41131.3 0 0
127 138 53 41135.6 0 0
129 122 53 41139.8 0 0
123 147 53 41144 0 0
129 141 53 41148.2 0 0
129 120 53 41152.4 0 0
129 138 53 41156.7 0 0
129 122 53 41160.9 0 0
126 137 54 41165.1 0 0
126 121 53 41169.3 0 0
125 134 53 41173.5 0 0
124 140 53 41177.8 0 0
126 146 53 41182 0 0
128 123 54 41186.3 0 0
135 149 53 41190.5 0 0
125 140 53 41194.7 0 0
128 119 53 41198.9 0 0
122 145 54 41203.1 0 0
130 130 53 41207.3 0 0
128 139 53 41211.6 0 0
127 136 54 41216 0 0
123 143 53 41220.2 0 0
124 148 54 41227.2 0 0
126 136 54 41231.4 0 0
126 143 54 41235.6 0 0
126 136 54 41239.8 0 0
125 142 54 41244 0 0
126 141 53 41248.2 0 0
129 119 54 41252.4 0 0
128 141 54 41256.7 0 0
124 141 54 41260.9 0 0
133 149 54 41265.1 0 0
125 137 54 41269.3 0 0
130 117 54 41273.6 0 0
129 120 53 41277.8 0 0
128 121 54 41282.7 0 0
128 133 54 41286.9 0 0
129 143 54 41293.7 0 0
124 137 54 41297.9 0 0
126 140 54 41302.1 0 0
128 129 54 41306.3 0 0
126 135 54 41310.6 0 0
128 121 54 41314.8 0 0
129 121 54 41319 0 0
127 135 54 41323.2 0 0
128 141 54 41327.4 0 0
128 135 54 41331.6 0 0
127 135 54 41335.8 0 0
128 145 54 41340.1 0 0
127 137 54 41344.3 0 0
130 131 54 41348.5 0 0
128 120 54 41352.7 0 0
125 138 54 41356.9 0 0
128 138 54 41361.1 0 0
129 119 54 41365.3 0 0
130 119 54 41369.6 0 0
123 142 54 41373.8 0 0
127 133 54 41378 0 0
130 129 55 41382.2 0 0
127 137 54 41386.5 0 0
127 137 54 41390.7 0 0
125 133 54 41395.1 0 0
128 128 54 41399.4 0 0
129 130 54 41403.6 0 0
128 120 54 41407.8 0 0
128 132 54 41412 0 0
127 138 54 41416.2 0 0
127 128 54 41420.4 0 0
128 139 54 41424.7 0 0
128 145 54 41428.9 0 0
128 140 55 41433.2 0 0
125 134 55 41437.5 0 0
126 136 54 41441.8 0 0
130 115 54 41446 0 0
129 139 54 41450.2 0 0
128 136 54 41454.4 0 0
129 118 54 41458.6 0 0
124 137 54 41462.9 0 0
129 135 54 41467.1 0 0
129 142 54 41471.3 0 0
128 136 55 41475.6 0 0
127 132 54 41479.8 0 0
126 137 54 41483.9 0 0
130 118 54 41488.2 0 0
126 140 54 41492.4 0 0
129 119 54 41496.6 0 0
130 135 54 41500.8 0 0
124 142 54 41505 0 0
129 137 54 41509.2 0 0
129 121 54 41513.4 0 0
129 117 54 41517.7 0 0
127 132 54 41521.9 0 0
126 142 54 41526.1 0 0
128 129 54 41530.4 0 0
126 140 54 41534.6 0 0
130 134 54 41538.8 0 0
125 134 54 41543 0 0
126 130 54 41547.8 0 0
126 139 54 41552 0 0
130 117 54 41556.3 0 0
126 140 54 41560.5 0 0
127 139 54 41564.7 0 0
128 118 54 41568.9 0 0
128 118 54 41573.2 0 0
130 125 54 41577.3 0 0
122 138 54 41581.6 0 0
128 134 54 41585.8 0 0
128 138 54 41590 0 0
129 132 54 41594.2 0 0
130 137 54 41598.4 0 0
124 135 54 41602.7 0 0
126 136 54 41606.8 0 0
129 121 54 41611.1 0 0
125 131 54 41615.3 0 0
129 136 54 41619.5 0 0
127 117 54 41623.8 0 0
125 134 54 41628 0 0
128 140 54 41632.2 0 0
126 135 54 41636.4 0 0
127 139 54 41640.6 0 0
128 145 54 41644.8 0 0
126 134 54 41649 0 0
126 131 54 41653.3 0 0
128 119 54 41657.5 0 0
128 120 54 41661.7 0 0
128 130 54 41665.9 0 0
125 140 54 41670.1 0 0
129 130 54 41674.3 0 0
124 140 54 41678.6 0 0
126 144 54 41682.8 0 0
127 130 54 41687 0 0
126 139 54 41691.3 0 0
129 120 54 41695.5 0 0
129 121 54 41699.7 0 0
125 136 54 41703.9 0 0
129 136 54 41708.1 0 0
128 121 54 41712.4 0 0
127 137 54 41716.6 0 0
129 120 54 41720.8 0 0
128 130 54 41725.1 0 0
128 138 54 41729.3 0 0
130 122 54 41733.5 0 0
127 135 54 41737.7 0 0
126 136 53 41741.9 0 0
131 122 53 41746.1 0 0
129 135 53 41750.3 0 0
127 119 53 41754.6 0 0
123 140 53 41758.8 0 0
126 145 53 41763.2 0 0
129 122 54 41767.4 0 0
126 140 54 41771.6 0 0
123 141 53 41775.8 0 0
127 140 53 41780.1 0 0
129 120 53 41784.3 0 0
129 122 53 41788.6 0 0
124 141 54 41792.8 0 0
128 131 53 41797 0 0
130 121 53 41801.2 0 0
128 119 53 41805.4 0 0
125 131 54 41809.6 0 0
128 119 53 41813.8 0 0
131 140 53 41818 0 0
130 121 53 41822.2 0 0
128 120 53 41826.4 0 0
126 142 53 41830.7 0 0
127 142 53 41834.9 0 0
129 121 53 41839.1 0 0
123 141 53 41843.4 0 0
122 147 54 41847.6 0 0
127 128 53 41851.8 0 0
126 125 53 41856 0 0
129 137 53 41860.2 0 0
129 163 52 41864.5 0 0
129 200 52 41868.7 0 0
130 234 50 41989.6 0 0
129 227 51 41993.8 0 0
131 213 52 41998 0 0
128 202 52 42002.2 0 0
129 190 52 42006.4 0 0
129 179 53 42010.7 0 0
130 171 53 42014.9 0 0
130 165 53 42019.1 0 0
131 159 53 42023.4 0 0
131 155 53 42027.6 0 0
133 148 53 42031.8 0 0
133 143 53 42036.1 0 0
130 139 54 42040.3 0 0
132 140 54 42047.1 0 0
133 138 53 42051.4 0 0
131 153 53 42055.7 0 0
134 139 54 42059.9 0 0
130 156 54 42064.2 0 0
132 138 53 42068.4 0 0
131 163 53 42072.6 0 0
137 165 53 42076.8 0 0
132 141 53 42081 0 0
129 137 53 42085.2 0 0
132 138 53 42089.5 0 0
128 139 53 42093.8 0 0
133 136 53 42098.1 0 0
131 138 53 42102.3 0 0
132 144 53 42106.5 0 0
131 142 53 42110.7 0 0
130 143 53 42114.9 0 0
130 153 53 42119.1 0 0
132 139 53 42123.7 0 0
131 137 53 42127.9 0 0
131 139 53 42134.8 0 0
132 138 53 42139 0 0
133 138 53 42143.2 0 0
130 137 54 42147.4 0 0
131 139 53 42151.6 0 0
129 151 53 42155.9 0 0
127 163 54 42160.1 0 0
127 158 54 42164.3 0 0
131 138 54 42168.5 0 0
128 152 53 42172.7 0 0
131 135 53 42176.9 0 0
131 160 54 42181.1 0 0
132 137 53 42185.4 0 0
132 139 53 42189.6 0 0
130 163 54 42193.8 0 0
133 139 53 42198 0 0
130 157 54 42202.2 0 0
126 166 53 42206.4 0 0
130 159 54 42210.7 0 0
130 143 53 42215 0 0
128 168 54 42219.2 0 0
132 141 54 42223.5 0 0
136 154 54 42227.7 0 0
139 165 54 42234.5 0 0
138 169 53 42238.7 0 0
137 174 53 42242.9 0 0
137 176 53 42247.2 0 0
136 173 53 42251.4 0 0
137 173 54 42255.6 0 0
136 168 53 42259.8 0 0
138 170 53 42264 0 0
137 169 53 42268.3 0 0
137 168 53 42272.5 0 0
136 166 53 42276.7 0 0
137 168 53 42280.9 0 0
137 174 53 42285.2 0 0
137 171 53 42289.4 0 0
137 168 53 42293.6 0 0
138 167 53 42297.8 0 0
136 169 53 42302.1 0 0
137 169 53 42306.3 0 0
138 168 53 42310.7 0 0
136 168 54 42315 0 0
138 169 53 42319.2 0 0
138 169 53 42326.1 0 0
138 168 53 42332.6 0 0
137 166 53 42336.9 0 0
136 169 53 42342.8 0 0
136 171 53 42347.1 0 0
137 171 53 42351.3 0 0
138 172 54 42355.6 0 0
136 166 53 42359.8 0 0
137 169 53 42364 0 0
135 174 54 42368.2 0 0
137 169 53 42372.5 0 0
135 169 54 42376.7 0 0
137 171 53 42380.9 0 0
137 174 54 42385.1 0 0
137 170 53 42389.3 0 0
137 169 53 42393.5 0 0
136 168 53 42397.8 0 0
136 168 54 42402 0 0
136 171 53 42406.2 0 0
138 168 53 42410.4 0 0
138 170 54 42414.6 0 0
137 169 53 42418.8 0 0
137 168 53 42423 0 0
136 172 53 42427.2 0 0
136 171 54 42431.5 0 0
137 171 53 42435.7 0 0
134 175 54 42439.9 0 0
132 173 54 42444.2 0 0
133 196 53 42451.2 0 0
132 237 53 42455.4 0 0
190 240 52 42663.5 0 0
188 232 52 42667.7 0 0
191 228 52 42671.9 0 0
192 226 52 42676.2 0 0
191 219 52 42680.4 0 0
191 216 52 42684.6 0 0
187 213 52 42688.8 0 0
188 211 52 42693.1 0 0
190 206 52 42697.3 0 0
188 204 52 42701.5 0 0
189 204 52 42705.7 0 0
189 206 52 42709.9 0 0
189 201 52 42714.1 0 0
190 204 52 42718.3 0 0
190 202 52 42722.6 0 0
189 200 52 42726.8 0 0
189 202 52 42731 0 0
187 205 52 42735.2 0 0
191 205 52 42739.5 0 0
188 206 52 42743.7 0 0
189 207 52 42747.9 0 0
190 208 52 42752.1 0 0
190 206 51 42759.2 0 0
190 204 52 42767.6 0 0
188 209 51 42775.9 0 0
188 204 51 42784.1 0 0
191 203 51 42792.4 0 0
189 202 51 42800.9 0 0
189 202 51 42809.1 0 0
188 201 51 42817.1 0 0
190 204 51 42821.3 0 0
192 208 51 42825.8 0 0
189 207 51 42830 0 0
191 208 51 42834.2 0 0
191 210 51 42838.4 0 0
190 208 51 42842.7 0 0
190 202 51 42846.9 0 0
192 202 51 42851.1 0 0
190 201 51 42855.3 0 0
190 202 51 42859.5 0 0
188 202 51 42863.7 0 0
189 199 51 42867.9 0 0
190 207 51 42872.2 0 0
189 199 51 42876.4 0 0
189 203 51 42880.6 0 0
194 207 51 42884.8 0 0
197 201 51 42889 0 0
204 207 51 42893.2 0 0
205 210 51 42897.5 0 0
203 210 51 42901.7 0 0
201 209 51 42905.9 0 0
200 208 51 42910.1 0 0
197 210 51 42914.3 0 0
199 210 51 42918.6 0 0
199 217 51 42922.8 0 0
201 211 51 42927 0 0
199 208 51 42931.2 0 0
199 208 51 42935.4 0 0
201 208 51 42942 0 0
199 209 51 42946.3 0 0
199 210 51 42950.5 0 0
199 207 51 42954.7 0 0
200 211 51 42958.9 0 0
199 209 51 42963.1 0 0
198 209 51 42967.4 0 0
201 211 51 42971.6 0 0
199 211 51 42975.8 0 0
201 212 51 42980 0 0
202 212 51 42984.3 0 0
201 208 51 42988.5 0 0
199 212 51 42992.7 0 0
200 208 51 42996.9 0 0
199 211 51 43001.1 0 0
200 212 51 43005.3 0 0
199 210 51 43009.5 0 0
201 209 51 43013.7 0 0
200 210 51 43017.9 0 0
200 212 51 43022.1 0 0
201 211 51 43026.4 0 0
199 213 51 43030.6 0 0
200 211 51 43034.8 0 0
200 211 51 43039 0 0
