126 120 33 48038.6 0 0
130 122 33 48042.9 0 0
126 119 33 48047.1 0 0
130 123 32 48051.3 0 0
128 122 33 48055.6 0 0
129 121 33 48059.8 0 0
128 122 33 48064 0 0
129 120 34 48068.2 0 0
128 121 33 48072.4 0 0
128 123 33 48076.6 0 0
129 118 33 48080.8 0 0
128 122 33 48085.1 0 0
128 120 33 48089.3 0 0
129 121 33 48093.5 0 0
129 119 33 48097.7 0 0
129 120 33 48101.9 0 0
129 121 33 48106.1 0 0
131 118 33 48110.4 0 0
140 121 33 48114.6 0 0
138 121 33 48121.7 0 0
139 120 34 48125.9 0 0
138 120 33 48130.1 0 0
136 124 33 48134.3 0 0
138 122 34 48138.6 0 0
134 126 34 48142.8 0 0
134 124 33 48147 0 0
137 123 33 48151.2 0 0
139 125 33 48155.4 0 0
135 120 33 48159.6 0 0
139 117 33 48163.8 0 0
135 122 34 48168.6 0 0
137 121 33 48172.8 0 0
137 118 34 48177 0 0
137 118 34 48181.2 0 0
135 121 33 48187.9 0 0
137 119 34 48192.1 0 0
139 119 33 48196.3 0 0
137 123 34 48200.6 0 0
137 122 33 48204.8 0 0
138 123 34 48209.1 0 0
136 121 33 48213.3 0 0
137 123 34 48217.5 0 0
137 123 34 48221.7 0 0
138 119 33 48225.9 0 0
137 122 33 48230.2 0 0
136 129 33 48234.4 0 0
139 122 33 48238.6 0 0
139 123 33 48242.8 0 0
136 123 33 48247 0 0
138 124 33 48251.2 0 0
136 124 34 48255.4 0 0
136 120 34 48259.7 0 0
138 124 34 48263.9 0 0
136 121 33 48268.1 0 0
137 118 33 48272.3 0 0
137 119 33 48276.5 0 0
134 120 33 48280.7 0 0
137 118 33 48284.9 0 0
134 121 33 48289.2 0 0
137 123 33 48293.4 0 0
138 119 33 48297.6 0 0
138 121 33 48301.8 0 0
137 120 32 48306 0 0
138 120 33 48310.2 0 0
137 128 33 48314.4 0 0
138 125 34 48318.7 0 0
137 122 33 48323 0 0
139 125 33 48327.2 0 0
135 121 32 48331.4 0 0
137 128 33 48335.6 0 0
136 123 33 48339.8 0 0
137 123 33 48344 0 0
136 121 33 48348.2 0 0
136 125 33 48352.5 0 0
136 126 33 48356.7 0 0
136 120 33 48360.9 0 0
132 124 33 48365.1 0 0
130 126 32 48369.3 0 0
128 123 33 48373.5 0 0
124 121 33 48377.8 0 0
123 120 33 48382 0 0
128 121 33 48386.2 0 0
125 123 33 48390.4 0 0
128 122 32 48394.6 0 0
128 117 33 48398.8 0 0
127 121 32 48403 0 0
125 118 33 48407.2 0 0
126 121 33 48411.4 0 0
127 118 32 48415.7 0 0
127 122 33 48419.9 0 0
126 122 33 48424.1 0 0
126 121 33 48428.3 0 0
127 123 33 48432.5 0 0
124 121 32 48436.8 0 0
126 122 33 48441 0 0
126 123 33 48445.2 0 0
127 125 33 48449.7 0 0
127 119 33 48453.9 0 0
126 120 32 48458.1 0 0
128 122 33 48462.3 0 0
128 125 33 48466.5 0 0
129 127 33 48470.7 0 0
127 122 33 48474.9 0 0
126 123 33 48479.2 0 0
128 121 33 48483.4 0 0
128 119 33 48487.9 0 0
125 123 33 48492.1 0 0
128 122 33 48496.3 0 0
128 123 33 48500.6 0 0
128 121 33 48504.8 0 0
128 120 33 48509.1 0 0
124 121 33 48513.3 0 0
127 122 33 48517.5 0 0
126 126 33 48521.7 0 0
126 126 33 48525.9 0 0
127 124 33 48530.1 0 0
122 122 32 48534.3 0 0
127 125 33 48538.5 0 0
128 129 33 48542.9 0 0
126 123 33 48547.1 0 0
129 117 33 48551.3 0 0
126 123 33 48555.5 0 0
125 124 33 48559.8 0 0
126 123 34 48563.9 0 0
127 121 33 48568.2 0 0
127 120 33 48572.4 0 0
125 121 33 48576.6 0 0
126 124 33 48580.8 0 0
127 118 33 48585 0 0
126 124 33 48589.3 0 0
128 122 33 48593.5 0 0
126 125 33 48597.7 0 0
126 121 33 48604.4 0 0
126 124 33 48608.7 0 0
128 123 33 48612.9 0 0
127 124 33 48617.2 0 0
128 123 33 48621.4 0 0
127 123 33 48625.6 0 0
125 125 33 48629.8 0 0
125 126 32 48634.2 0 0
128 123 33 48638.4 0 0
128 119 33 48642.7 0 0
129 126 33 48646.9 0 0
129 118 33 48651.1 0 0
127 126 33 48655.3 0 0
126 121 33 48659.5 0 0
128 124 33 48663.7 0 0
130 125 33 48667.9 0 0
129 120 32 48672.1 0 0
128 123 33 48676.3 0 0
124 131 33 48680.6 0 0
127 125 32 48684.8 0 0
128 121 33 48689 0 0
126 124 32 48693.2 0 0
127 125 33 48697.4 0 0
127 126 33 48701.6 0 0
128 117 33 48705.8 0 0
127 128 32 48710.1 0 0
126 127 33 48717.1 0 0
131 125 33 48721.3 0 0
126 125 33 48725.5 0 0
128 128 33 48729.7 0 0
127 124 33 48733.9 0 0
127 124 0 48738.1 0 0
128 124 33 48742.4 0 0
127 122 32 48746.6 0 0
128 123 32 48750.8 0 0
128 124 32 48755 0 0
125 131 32 48759.3 0 0
126 123 33 48763.5 0 0
128 122 33 48767.7 0 0
129 119 32 48771.9 0 0
129 119 0 48776.1 0 0
129 122 32 48780.3 0 0
126 123 32 48784.5 0 0
128 128 32 48788.7 0 0
126 118 33 48793.6 0 0
129 120 32 48797.8 0 0
129 119 32 48804.2 0 0
131 115 32 48808.5 0 0
130 123 32 48812.7 0 0
128 118 31 48817.1 0 0
130 122 31 48821.4 0 0
129 124 32 48825.7 0 0
125 121 32 48829.9 0 0
125 121 0 48834.1 0 0
129 117 32 48838.3 0 0
126 123 32 48842.5 0 0
130 123 32 48846.7 0 0
129 114 32 48850.9 0 0
129 119 32 48855.2 0 0
128 135 32 48859.4 0 0
128 124 33 48863.6 0 0
129 123 33 48867.8 0 0
131 115 32 48872 0 0
128 120 32 48876.2 0 0
129 119 32 48880.4 0 0
129 119 0 48884.7 0 0
129 124 33 48888.9 0 0
129 120 32 48895.9 0 0
128 115 0 48904.1 0 0
129 115 32 48912.6 0 0
131 118 33 48920.9 0 0
133 117 32 48929.1 0 0
132 122 32 48937.6 0 0
132 122 32 48945.8 0 0
131 117 32 48953.5 0 0
130 115 32 48957.8 0 0
129 114 32 48962.6 0 0
127 122 32 48966.8 0 0
127 122 0 48971 0 0
127 118 32 48975.2 0 0
127 120 32 48979.4 0 0
128 117 33 48983.7 0 0
128 119 32 48987.9 0 0
131 117 32 48992.1 0 0
128 117 32 48996.3 0 0
129 118 33 49000.5 0 0
128 121 32 49004.7 0 0
126 125 32 49008.9 0 0
128 118 32 49013.2 0 0
128 117 32 49017.4 0 0
126 123 32 49021.6 0 0
129 114 32 49025.8 0 0
131 115 31 49030 0 0
129 117 33 49034.2 0 0
127 119 33 49038.4 0 0
127 119 0 49043.3 0 0
