131 118 39 84067.3 0 0
130 117 39 84071.5 0 0
128 116 39 84075.7 0 0
133 118 39 84082.6 0 0
130 115 39 84086.8 0 0
130 118 39 84091 0 0
131 116 39 84095.3 0 0
129 117 39 84099.5 0 0
132 120 39 84103.7 0 0
130 115 39 84107.9 0 0
134 118 39 84112.1 0 0
128 118 39 84116.3 0 0
132 125 39 84120.5 0 0
132 116 39 84124.7 0 0
131 118 39 84129 0 0
131 118 39 84133.2 0 0
128 113 39 84137.4 0 0
131 118 39 84141.6 0 0
131 119 39 84145.8 0 0
130 115 39 84150.1 0 0
128 119 39 84154.3 0 0
133 115 39 84158.5 0 0
131 114 39 84162.7 0 0
129 119 39 84166.9 0 0
128 115 39 84171.1 0 0
130 116 39 84175.3 0 0
130 118 39 84179.6 0 0
132 116 39 84183.8 0 0
128 117 39 84188 0 0
131 116 39 84192.2 0 0
130 119 39 84199.2 0 0
132 119 39 84207.4 0 0
132 119 39 84215.9 0 0
133 118 39 84223.4 0 0
132 117 39 84227.6 0 0
131 114 39 84232.4 0 0
132 118 39 84236.7 0 0
129 118 39 84240.9 0 0
130 115 39 84245.1 0 0
129 119 39 84249.3 0 0
130 117 39 84253.6 0 0
132 116 39 84257.8 0 0
132 117 39 84262 0 0
132 117 39 84266.2 0 0
131 116 39 84270.4 0 0
130 118 39 84274.6 0 0
131 116 39 84278.9 0 0
131 115 39 84283.1 0 0
129 119 39 84287.3 0 0
130 116 39 84291.5 0 0
129 118 39 84295.7 0 0
132 122 39 84299.9 0 0
131 115 39 84304.1 0 0
132 117 39 84308.3 0 0
131 121 39 84312.6 0 0
130 117 39 84316.8 0 0
132 122 39 84321 0 0
130 119 39 84325.2 0 0
131 118 39 84329.4 0 0
131 119 39 84336.6 0 0
132 116 39 84345 0 0
130 119 39 84353.3 0 0
130 120 39 84361.5 0 0
131 114 39 84369.8 0 0
132 116 39 84378.1 0 0
130 118 39 84386.5 0 0
133 118 39 84394.8 0 0
133 118 39 84403.3 0 0
132 120 39 84410.8 0 0
130 119 39 84415.1 0 0
133 117 39 84419.7 0 0
130 116 39 84424 0 0
130 117 39 84428.2 0 0
130 115 39 84432.4 0 0
132 118 39 84436.7 0 0
128 119 39 84440.9 0 0
131 116 39 84445.1 0 0
131 118 39 84449.3 0 0
129 114 39 84453.5 0 0
134 122 39 84457.7 0 0
131 117 39 84461.9 0 0
134 117 39 84466.2 0 0
132 118 39 84470.4 0 0
131 116 39 84474.6 0 0
131 117 39 84478.8 0 0
130 117 39 84483 0 0
128 119 39 84487.2 0 0
129 116 39 84491.5 0 0
129 118 39 84495.7 0 0
127 113 39 84499.9 0 0
129 114 39 84504.1 0 0
128 118 39 84508.3 0 0
128 119 39 84512.5 0 0
129 115 39 84516.7 0 0
129 116 39 84520.9 0 0
130 118 39 84525.2 0 0
129 118 39 84529.4 0 0
129 119 39 84533.6 0 0
127 114 39 84537.9 0 0
129 117 39 84544.6 0 0
130 117 39 84548.9 0 0
130 114 39 84553.1 0 0
130 116 39 84557.3 0 0
130 114 39 84561.6 0 0
129 115 39 84565.8 0 0
130 119 39 84570 0 0
129 117 39 84574.2 0 0
129 117 39 84578.4 0 0
127 121 39 84582.6 0 0
129 114 39 84586.8 0 0
130 117 39 84591.1 0 0
130 118 39 84595.3 0 0
129 119 39 84599.5 0 0
126 119 39 84603.7 0 0
129 116 39 84607.9 0 0
131 125 39 84612.1 0 0
128 119 39 84616.6 0 0
127 116 39 84620.8 0 0
128 117 39 84625 0 0
128 116 39 84629.3 0 0
130 118 39 84633.5 0 0
129 116 39 84637.7 0 0
129 120 39 84641.9 0 0
129 114 39 84648.8 0 0
128 118 39 84653 0 0
129 118 39 84657.2 0 0
130 117 39 84661.5 0 0
129 117 39 84665.7 0 0
128 115 39 84669.9 0 0
127 118 39 84674.1 0 0
130 116 39 84678.9 0 0
128 116 39 84683.2 0 0
127 116 39 84687.4 0 0
129 116 39 84691.6 0 0
130 117 39 84695.8 0 0
128 117 39 84702.7 0 0
130 115 39 84706.9 0 0
126 114 39 84711.2 0 0
129 115 39 84715.4 0 0
128 118 39 84719.7 0 0
130 115 39 84724 0 0
128 119 39 84728.2 0 0
127 117 39 84732.4 0 0
129 118 39 84736.6 0 0
127 117 39 84740.8 0 0
130 117 39 84745 0 0
127 116 39 84749.3 0 0
128 119 39 84753.5 0 0
129 117 39 84757.7 0 0
130 120 39 84761.9 0 0
129 115 39 84766.1 0 0
130 117 39 84770.3 0 0
129 120 39 84774.5 0 0
127 118 39 84778.7 0 0
128 117 39 84783 0 0
128 116 39 84787.2 0 0
130 116 39 84791.4 0 0
126 116 40 84795.6 0 0
129 119 39 84799.8 0 0
129 117 39 84804.1 0 0
127 116 39 84808.3 0 0
127 116 39 84812.6 0 0
128 117 39 84817.1 0 0
129 119 39 84821.3 0 0
128 118 39 84825.5 0 0
126 118 39 84829.7 0 0
130 117 39 84833.9 0 0
129 116 40 84838.1 0 0
129 119 39 84842.4 0 0
128 118 40 84846.6 0 0
127 116 40 84850.9 0 0
129 118 40 84855.1 0 0
129 117 40 84859.3 0 0
127 118 40 84863.5 0 0
129 117 40 84867.8 0 0
125 118 40 84872 0 0
127 117 39 84876.3 0 0
130 115 40 84880.5 0 0
126 117 40 84884.7 0 0
128 120 39 84888.9 0 0
127 114 40 84893.1 0 0
128 117 40 84897.3 0 0
131 114 39 84901.6 0 0
129 118 40 84905.8 0 0
128 117 40 84910 0 0
129 120 40 84914.2 0 0
126 115 40 84918.4 0 0
130 118 39 84922.6 0 0
128 120 40 84926.8 0 0
129 118 40 84931.1 0 0
130 119 40 84935.3 0 0
131 119 40 84939.6 0 0
128 117 40 84943.8 0 0
129 120 40 84948 0 0
129 120 40 84952.2 0 0
128 121 40 84956.4 0 0
128 122 40 84960.7 0 0
129 122 40 84964.9 0 0
128 120 40 84969.1 0 0
129 119 40 84973.4 0 0
130 121 40 84977.6 0 0
128 119 40 84981.8 0 0
129 120 40 84986 0 0
130 121 40 84990.2 0 0
128 117 40 84994.4 0 0
128 118 40 84998.7 0 0
130 122 40 85002.9 0 0
129 119 40 85007.1 0 0
130 120 40 85011.3 0 0
128 118 40 85015.6 0 0
126 116 40 85019.7 0 0
127 119 40 85024 0 0
125 121 40 85028.2 0 0
127 120 40 85032.4 0 0
128 122 40 85036.7 0 0
128 120 40 85040.9 0 0
128 120 0 85045.2 0 0
127 121 40 85049.4 0 0
125 122 40 85053.6 0 0
126 117 40 85057.8 0 0
128 122 40 85062 0 0
130 121 40 85066.2 0 0
129 120 40 85070.4 0 0
