121 122 49 12021.8 0 0
124 121 49 12026 0 0
124 121 49 12030.2 0 0
128 117 49 12034.4 0 0
123 121 49 12038.6 0 0
123 120 49 12042.9 0 0
124 120 49 12049.8 0 0
126 119 49 12054 0 0
125 121 49 12058.2 0 0
125 120 49 12062.4 0 0
127 120 49 12066.7 0 0
125 120 49 12070.9 0 0
125 121 49 12075.1 0 0
127 119 49 12079.4 0 0
124 123 48 12083.6 0 0
124 120 49 12087.8 0 0
122 141 49 12092 0 0
126 120 49 12096.2 0 0
126 119 49 12100.4 0 0
125 124 49 12104.6 0 0
125 120 49 12108.9 0 0
125 119 49 12113.1 0 0
125 123 49 12117.3 0 0
123 121 49 12121.5 0 0
126 153 49 12125.7 0 0
127 122 49 12130 0 0
123 144 49 12134.2 0 0
125 121 49 12138.4 0 0
126 119 49 12142.6 0 0
123 158 49 12146.8 0 0
123 119 49 12151 0 0
125 119 49 12157.9 0 0
123 123 49 12162.1 0 0
124 122 49 12166.4 0 0
124 120 49 12170.6 0 0
125 120 49 12174.9 0 0
122 120 49 12179.1 0 0
123 150 49 12183.3 0 0
123 122 49 12187.5 0 0
124 119 49 12191.7 0 0
124 121 49 12195.9 0 0
126 119 49 12200.1 0 0
125 120 49 12204.4 0 0
123 138 49 12208.6 0 0
125 114 49 12212.8 0 0
127 121 49 12217 0 0
122 121 49 12221.2 0 0
123 124 49 12225.4 0 0
125 120 49 12229.6 0 0
125 122 49 12233.9 0 0
126 123 49 12238.1 0 0
124 122 49 12242.3 0 0
126 124 49 12246.5 0 0
124 141 49 12250.7 0 0
125 120 49 12254.9 0 0
123 120 49 12259.1 0 0
123 121 49 12266.3 0 0
124 159 49 12274.5 0 0
123 118 49 12283 0 0
122 109 49 12291.3 0 0
124 121 49 12299.5 0 0
124 121 49 12307.7 0 0
126 119 48 12315.8 0 0
126 122 49 12320 0 0
124 121 49 12324.5 0 0
124 122 48 12328.7 0 0
122 123 49 12333 0 0
124 121 49 12337.2 0 0
122 145 49 12341.4 0 0
122 122 49 12345.6 0 0
125 124 49 12349.8 0 0
124 118 48 12354 0 0
122 123 49 12358.2 0 0
123 122 49 12362.5 0 0
124 123 49 12366.7 0 0
123 123 48 12370.9 0 0
123 121 48 12375.1 0 0
127 125 48 12379.3 0 0
125 122 48 12383.5 0 0
125 120 48 12387.7 0 0
125 123 48 12392 0 0
125 121 48 12396.2 0 0
123 124 48 12400.4 0 0
123 124 48 12404.6 0 0
124 123 48 12408.8 0 0
124 123 48 12413 0 0
123 125 48 12417.2 0 0
125 126 48 12421.4 0 0
124 122 48 12425.7 0 0
122 123 48 12429.9 0 0
124 122 48 12434.1 0 0
124 115 47 12438.3 0 0
123 116 47 12445.3 0 0
125 115 47 12449.5 0 0
124 115 47 12453.8 0 0
124 116 47 12458 0 0
123 117 47 12462.2 0 0
125 114 47 12466.4 0 0
124 116 47 12470.6 0 0
124 114 46 12474.8 0 0
123 118 47 12479 0 0
124 114 46 12483.3 0 0
123 117 47 12487.5 0 0
122 117 47 12491.8 0 0
124 117 46 12496 0 0
123 117 46 12500.2 0 0
124 116 46 12504.4 0 0
126 119 46 12508.7 0 0
125 116 46 12512.9 0 0
125 117 46 12517.1 0 0
124 119 46 12521.5 0 0
124 118 46 12525.7 0 0
124 118 46 12529.9 0 0
125 119 46 12534.6 0 0
125 119 46 12538.8 0 0
125 122 46 12543.1 0 0
122 118 46 12547.3 0 0
122 118 46 12551.5 0 0
123 121 45 12555.7 0 0
125 120 45 12559.9 0 0
126 118 45 12564.1 0 0
122 118 45 12568.3 0 0
124 121 45 12572.5 0 0
125 123 45 12576.8 0 0
125 119 45 12581 0 0
122 120 45 12585.2 0 0
122 122 45 12589.4 0 0
124 120 45 12593.6 0 0
123 120 45 12597.8 0 0
125 123 45 12602 0 0
124 121 45 12606.3 0 0
126 120 44 12610.5 0 0
123 122 45 12614.7 0 0
126 120 45 12619 0 0
123 123 45 12623.1 0 0
126 122 44 12627.4 0 0
123 123 45 12631.6 0 0
122 123 44 12635.8 0 0
124 123 45 12640 0 0
122 124 44 12644.3 0 0
123 122 45 12648.5 0 0
122 124 44 12652.7 0 0
122 122 45 12656.9 0 0
123 126 45 12661.1 0 0
121 122 45 12665.3 0 0
123 122 44 12669.5 0 0
123 125 44 12673.8 0 0
120 124 44 12678 0 0
123 124 44 12682.2 0 0
124 124 44 12686.4 0 0
125 122 44 12690.6 0 0
123 124 44 12694.9 0 0
123 124 44 12699.1 0 0
124 125 44 12703.4 0 0
123 125 44 12707.6 0 0
126 124 44 12711.8 0 0
124 124 44 12716 0 0
122 126 44 12720.2 0 0
123 125 44 12724.4 0 0
122 125 44 12728.7 0 0
124 124 44 12732.9 0 0
122 124 44 12737.1 0 0
124 125 44 12741.3 0 0
124 122 44 12745.5 0 0
124 125 44 12749.7 0 0
125 124 44 12753.9 0 0
123 124 44 12758.2 0 0
121 127 44 12762.4 0 0
124 125 44 12766.6 0 0
123 127 44 12770.9 0 0
122 126 44 12775.1 0 0
125 126 44 12779.3 0 0
123 125 44 12783.5 0 0
123 126 44 12787.7 0 0
124 126 44 12792 0 0
124 125 44 12796.2 0 0
124 126 44 12800.4 0 0
125 127 44 12804.6 0 0
125 126 44 12808.8 0 0
123 123 44 12813 0 0
122 126 44 12817.2 0 0
126 125 44 12821.4 0 0
124 123 44 12825.7 0 0
123 126 43 12829.9 0 0
125 122 44 12834.1 0 0
124 126 44 12838.3 0 0
125 125 44 12842.5 0 0
123 125 44 12846.7 0 0
122 128 44 12850.9 0 0
124 123 44 12855.2 0 0
122 126 44 12859.4 0 0
128 126 44 12863.6 0 0
125 128 43 12867.8 0 0
125 126 43 12872 0 0
124 126 44 12876.2 0 0
124 126 44 12880.4 0 0
125 127 44 12884.6 0 0
125 127 44 12888.9 0 0
124 126 43 12893.1 0 0
123 126 43 12897.3 0 0
127 125 44 12901.5 0 0
126 127 44 12905.7 0 0
125 127 44 12909.9 0 0
126 125 43 12914.1 0 0
124 125 44 12918.4 0 0
124 129 44 12922.6 0 0
126 126 43 12926.8 0 0
123 128 44 12931 0 0
123 126 44 12935.2 0 0
125 125 43 12939.4 0 0
124 127 43 12943.7 0 0
123 126 44 12947.9 0 0
124 128 44 12952.1 0 0
122 128 43 12956.4 0 0
126 122 44 12960.6 0 0
123 128 44 12964.8 0 0
128 125 44 12969 0 0
124 125 44 12973.2 0 0
125 126 44 12977.4 0 0
125 124 44 12981.7 0 0
124 126 44 12985.9 0 0
124 125 44 12990.1 0 0
128 124 43 12994.3 0 0
124 120 43 12998.5 0 0
125 110 44 13002.8 0 0
126 106 44 13007 0 0
124 94 44 13011.2 0 0
125 89 44 13015.4 0 0
125 87 44 13019.6 0 0
124 85 44 13023.8 0 0
126 83 44 13028.1 0 0
124 84 44 13032.3 0 0
129 87 44 13036.5 0 0
128 85 44 13040.7 0 0
128 82 44 13045 0 0
126 81 44 13049.2 0 0
125 85 44 13053.4 0 0
124 83 44 13057.6 0 0
126 81 44 13061.8 0 0
123 83 44 13066 0 0
128 85 44 13070.2 0 0
126 83 44 13074.4 0 0
126 83 44 13078.7 0 0
124 81 44 13082.9 0 0
124 83 44 13087.1 0 0
126 86 44 13091.3 0 0
126 83 44 13095.5 0 0
127 85 44 13099.7 0 0
125 84 45 13104 0 0
126 80 44 13108.2 0 0
125 83 44 13112.4 0 0
126 86 44 13116.6 0 0
127 84 44 13120.8 0 0
125 84 44 13125 0 0
129 83 44 13129.2 0 0
128 85 45 13133.5 0 0
125 88 44 13137.7 0 0
125 87 45 13141.9 0 0
128 83 45 13146.1 0 0
127 86 45 13150.4 0 0
125 83 45 13154.5 0 0
126 82 45 13158.8 0 0
123 86 45 13163 0 0
127 82 45 13167.2 0 0
125 88 45 13171.4 0 0
127 85 45 13175.6 0 0
126 85 45 13179.8 0 0
125 86 45 13184 0 0
127 83 45 13188.2 0 0
124 84 45 13192.5 0 0
124 82 45 13196.7 0 0
124 86 45 13200.9 0 0
128 87 45 13205.1 0 0
128 84 45 13209.4 0 0
125 87 45 13213.5 0 0
127 83 45 13217.8 0 0
125 87 45 13222 0 0
126 86 45 13226.2 0 0
126 86 45 13230.4 0 0
126 87 45 13234.6 0 0
129 85 45 13238.9 0 0
127 86 46 13243.1 0 0
127 88 45 13247.3 0 0
127 87 45 13251.5 0 0
128 86 45 13255.7 0 0
128 85 45 13259.9 0 0
128 87 45 13264.1 0 0
128 85 45 13268.3 0 0
127 87 45 13272.6 0 0
129 85 45 13276.8 0 0
127 84 45 13281 0 0
126 88 45 13285.2 0 0
128 85 45 13289.4 0 0
127 85 45 13293.7 0 0
127 84 45 13297.9 0 0
127 86 46 13302.1 0 0
128 88 45 13306.3 0 0
127 88 45 13310.5 0 0
129 85 45 13314.7 0 0
127 87 45 13319 0 0
126 89 45 13323.1 0 0
125 87 46 13327.4 0 0
126 88 46 13331.6 0 0
127 87 46 13335.8 0 0
127 85 46 13340 0 0
126 86 46 13344.2 0 0
127 84 46 13348.4 0 0
125 87 46 13352.7 0 0
127 87 46 13357 0 0
128 84 46 13361.2 0 0
126 86 46 13365.4 0 0
128 85 46 13369.6 0 0
127 88 46 13373.8 0 0
127 85 46 13378 0 0
129 86 45 13382.3 0 0
126 87 46 13386.5 0 0
127 87 46 13390.7 0 0
127 84 46 13394.9 0 0
127 87 46 13399.1 0 0
128 84 45 13403.4 0 0
127 85 46 13407.6 0 0
127 83 46 13411.8 0 0
130 85 45 13416 0 0
124 84 46 13420.2 0 0
128 86 46 13424.4 0 0
126 86 46 13428.6 0 0
126 85 46 13432.8 0 0
128 88 46 13437 0 0
123 92 46 13441.3 0 0
125 103 46 13445.5 0 0
127 113 45 13449.7 0 0
125 123 45 13453.9 0 0
124 142 45 13458.2 0 0
128 150 46 13462.4 0 0
126 152 45 13466.6 0 0
129 162 45 13470.8 0 0
123 169 45 13475 0 0
127 172 45 13479.2 0 0
126 167 45 13483.5 0 0
128 164 45 13487.7 0 0
125 164 45 13491.9 0 0
130 175 45 13496.2 0 0
126 172 45 13500.4 0 0
125 171 45 13504.6 0 0
129 175 45 13508.8 0 0
126 168 45 13513 0 0
130 170 45 13517.2 0 0
130 168 45 13521.4 0 0
131 168 45 13525.7 0 0
128 170 45 13529.9 0 0
128 170 46 13534.1 0 0
129 170 45 13538.3 0 0
128 170 45 13542.5 0 0
125 173 45 13546.8 0 0
129 173 46 13551 0 0
127 170 45 13555.2 0 0
128 172 45 13559.4 0 0
132 171 45 13563.6 0 0
127 165 46 13567.8 0 0
128 168 45 13572 0 0
132 169 46 13576.3 0 0
127 167 46 13580.5 0 0
130 169 46 13584.7 0 0
128 175 46 13588.9 0 0
130 173 45 13593.1 0 0
129 173 46 13597.4 0 0
134 177 46 13601.6 0 0
129 174 45 13605.8 0 0
129 174 46 13610 0 0
130 171 46 13614.3 0 0
127 176 46 13618.5 0 0
130 175 46 13622.7 0 0
129 175 46 13626.9 0 0
131 177 46 13631.1 0 0
134 178 45 13635.3 0 0
128 173 46 13639.5 0 0
129 176 46 13643.8 0 0
128 175 46 13648 0 0
131 177 46 13652.2 0 0
127 177 46 13656.4 0 0
131 176 46 13660.6 0 0
131 175 46 13664.8 0 0
129 177 46 13669 0 0
131 174 46 13673.3 0 0
129 173 46 13677.5 0 0
128 175 46 13681.7 0 0
132 177 46 13685.9 0 0
127 175 46 13690.1 0 0
131 178 46 13694.4 0 0
128 175 46 13698.6 0 0
130 171 46 13702.8 0 0
130 171 46 13707 0 0
129 170 46 13711.3 0 0
130 173 46 13715.5 0 0
130 172 46 13719.7 0 0
130 172 46 13723.9 0 0
128 171 46 13728.1 0 0
127 171 46 13732.3 0 0
128 171 46 13736.5 0 0
124 181 46 13740.8 0 0
117 181 46 13745 0 0
109 184 46 13749.2 0 0
106 199 46 13753.4 0 0
98 197 46 13757.6 0 0
93 202 46 13761.8 0 0
89 205 46 13766 0 0
86 209 46 13770.3 0 0
84 212 46 13774.5 0 0
89 211 46 13778.7 0 0
86 210 46 13782.9 0 0
85 211 46 13787.1 0 0
80 218 45 13791.3 0 0
82 216 45 13795.6 0 0
86 215 46 13799.8 0 0
84 215 45 13804 0 0
86 214 46 13808.2 0 0
86 212 46 13812.4 0 0
85 211 46 13816.6 0 0
83 208 46 13820.8 0 0
86 210 45 13825 0 0
81 211 45 13829.3 0 0
83 210 46 13833.5 0 0
86 210 45 13837.7 0 0
85 210 46 13841.9 0 0
85 211 46 13846.1 0 0
85 205 45 13850.4 0 0
83 206 46 13854.6 0 0
84 205 46 13858.8 0 0
84 205 46 13863 0 0
85 207 46 13867.2 0 0
82 207 46 13871.4 0 0
83 210 46 13875.6 0 0
85 206 45 13879.9 0 0
82 204 46 13884.1 0 0
85 207 46 13888.3 0 0
82 204 46 13892.5 0 0
83 207 46 13896.7 0 0
85 206 46 13900.9 0 0
81 206 46 13905.1 0 0
81 205 46 13909.3 0 0
81 206 46 13913.5 0 0
74 204 46 13917.8 0 0
67 182 47 13922 0 0
64 180 47 13926.2 0 0
59 178 47 13930.5 0 0
55 170 47 13934.7 0 0
52 162 47 13938.9 0 0
45 165 47 13943.4 0 0
43 183 46 13947.6 0 0
47 171 46 13951.8 0 0
46 174 46 13956 0 0
46 180 46 13960.2 0 0
44 170 46 13964.4 0 0
44 175 46 13968.6 0 0
43 164 46 13972.8 0 0
42 172 46 13977.1 0 0
44 158 47 13981.4 0 0
39 161 47 13985.6 0 0
41 160 47 13989.8 0 0
42 165 46 13994 0 0
43 166 46 13998.2 0 0
44 161 46 14002.4 0 0
42 166 46 14006.6 0 0
42 156 46 14010.8 0 0
41 158 46 14015 0 0
44 156 46 14019.3 0 0
46 163 47 14023.5 0 0
44 154 46 14027.7 0 0
44 165 46 14031.9 0 0
43 159 46 14036.1 0 0
51 169 46 14040.4 0 0
41 165 46 14044.6 0 0
43 163 47 14048.8 0 0
46 170 46 14053 0 0
46 160 46 14057.2 0 0
50 167 46 14061.4 0 0
42 164 46 14065.6 0 0
46 171 46 14069.9 0 0
41 172 46 14074.1 0 0
42 168 46 14078.3 0 0
47 167 46 14082.5 0 0
44 164 46 14086.7 0 0
44 175 47 14090.9 0 0
44 160 46 14095.1 0 0
43 159 46 14099.4 0 0
43 163 46 14103.6 0 0
44 170 46 14107.8 0 0
40 169 46 14112 0 0
43 172 46 14116.3 0 0
41 170 46 14120.5 0 0
40 168 46 14124.7 0 0
43 171 46 14128.9 0 0
44 168 46 14133.1 0 0
44 170 46 14137.3 0 0
45 169 46 14141.6 0 0
43 171 46 14145.8 0 0
41 168 46 14150 0 0
45 170 46 14154.2 0 0
42 169 46 14158.4 0 0
43 170 46 14162.7 0 0
42 168 46 14166.9 0 0
44 171 46 14171.1 0 0
43 171 46 14175.3 0 0
40 167 46 14179.5 0 0
43 172 46 14183.7 0 0
44 169 46 14187.9 0 0
43 169 46 14192.1 0 0
51 170 46 14196.4 0 0
67 176 47 14200.6 0 0
77 170 46 14204.8 0 0
92 176 46 14209.1 0 0
101 187 46 14213.3 0 0
107 181 47 14217.5 0 0
118 185 46 14221.7 0 0
123 185 46 14225.9 0 0
125 188 46 14230.1 0 0
126 191 46 14234.4 0 0
126 187 46 14238.6 0 0
126 189 46 14242.8 0 0
131 186 46 14247 0 0
136 187 46 14251.2 0 0
133 188 46 14255.4 0 0
136 188 46 14259.6 0 0
134 194 46 14263.8 0 0
131 191 46 14268 0 0
129 193 45 14272.4 0 0
132 187 46 14276.6 0 0
128 185 45 14280.8 0 0
131 186 46 14285 0 0
133 192 46 14289.2 0 0
135 189 46 14293.4 0 0
129 192 45 14297.7 0 0
133 192 45 14301.9 0 0
131 191 45 14306.1 0 0
129 195 46 14310.3 0 0
132 190 46 14314.5 0 0
129 195 46 14318.7 0 0
131 195 46 14322.9 0 0
139 201 46 14327.2 0 0
130 191 45 14331.7 0 0
130 186 45 14335.9 0 0
128 192 46 14340.1 0 0
133 197 46 14344.3 0 0
133 192 46 14348.5 0 0
134 195 46 14352.7 0 0
141 206 46 14357 0 0
158 212 46 14361.2 0 0
205 230 46 15193.5 0 0
196 218 46 15197.7 0 0
187 221 46 15201.9 0 0
177 209 46 15206.2 0 0
179 211 47 15210.4 0 0
176 208 46 15214.6 0 0
182 215 47 15218.8 0 0
177 216 47 15223 0 0
175 203 46 15227.2 0 0
175 207 46 15231.5 0 0
169 190 46 15235.7 0 0
175 211 46 15239.9 0 0
173 208 46 15244.1 0 0
169 200 46 15248.3 0 0
169 200 46 15252.5 0 0
174 206 47 15256.7 0 0
169 206 46 15261 0 0
172 201 46 15265.2 0 0
173 206 46 15269.5 0 0
176 205 46 15273.7 0 0
170 197 47 15277.9 0 0
171 200 47 15282.1 0 0
173 206 46 15286.3 0 0
176 200 46 15290.5 0 0
173 206 46 15294.8 0 0
173 204 46 15299 0 0
174 204 46 15303.2 0 0
173 202 46 15307.4 0 0
173 200 46 15311.6 0 0
168 190 46 15315.8 0 0
172 197 46 15320 0 0
173 197 46 15324.2 0 0
174 198 46 15328.5 0 0
176 202 46 15332.7 0 0
172 199 46 15336.9 0 0
176 210 46 15341.1 0 0
169 206 46 15345.3 0 0
172 199 46 15349.5 0 0
176 208 46 15353.7 0 0
175 214 46 15357.9 0 0
177 209 46 15362.1 0 0
174 208 46 15366.4 0 0
172 207 46 15370.6 0 0
175 207 46 15374.8 0 0
173 209 46 15379 0 0
176 201 46 15383.2 0 0
175 184 46 15387.4 0 0
176 166 47 15391.7 0 0
176 142 47 15395.9 0 0
169 123 47 15400.1 0 0
169 118 47 15404.3 0 0
173 111 46 15408.5 0 0
173 104 46 15412.7 0 0
174 95 47 15416.9 0 0
176 97 47 15421.6 0 0
179 80 46 15425.8 0 0
179 73 47 15430 0 0
184 68 46 15434.3 0 0
182 55 46 15438.5 0 0
183 53 46 15442.7 0 0
187 46 46 15446.9 0 0
184 44 46 15451.1 0 0
185 41 46 15455.4 0 0
186 44 46 15459.6 0 0
187 43 46 15463.8 0 0
186 40 46 15468 0 0
188 38 46 15472.2 0 0
186 38 46 15476.4 0 0
185 39 46 15480.6 0 0
187 38 46 15484.9 0 0
185 41 46 15489.1 0 0
188 42 46 15493.3 0 0
185 41 46 15497.5 0 0
188 37 46 15501.7 0 0
187 37 46 15505.9 0 0
186 40 46 15510.1 0 0
184 40 46 15514.3 0 0
187 41 46 15518.6 0 0
185 43 46 15522.8 0 0
186 40 47 15527 0 0
186 45 46 15531.2 0 0
184 39 46 15535.4 0 0
187 39 46 15542.2 0 0
185 36 46 15546.5 0 0
185 35 46 15550.7 0 0
185 37 46 15554.9 0 0
186 39 46 15559.1 0 0
185 37 46 15563.3 0 0
184 39 46 15567.6 0 0
187 36 46 15571.8 0 0
186 36 46 15576 0 0
187 41 46 15580.2 0 0
188 37 46 15584.4 0 0
184 36 46 15588.6 0 0
188 35 46 15592.9 0 0
187 38 46 15597.1 0 0
186 38 46 15601.3 0 0
184 34 46 15605.5 0 0
186 36 46 15609.8 0 0
186 36 46 15614 0 0
184 37 46 15618.2 0 0
187 37 46 15622.4 0 0
186 34 47 15626.6 0 0
186 38 47 15630.8 0 0
185 39 46 15635 0 0
187 38 46 15639.2 0 0
186 36 46 15643.5 0 0
185 38 46 15650.6 0 0
186 34 46 15658.9 0 0
186 34 46 15667.4 0 0
186 35 46 15675.2 0 0
185 33 46 15679.4 0 0
184 35 46 15683.9 0 0
185 34 46 15688.1 0 0
187 36 47 15692.3 0 0
181 32 46 15696.5 0 0
185 38 46 15700.7 0 0
186 34 46 15705 0 0
183 36 46 15709.2 0 0
185 32 46 15713.4 0 0
187 35 46 15717.6 0 0
185 37 46 15721.8 0 0
184 34 46 15726 0 0
184 38 46 15730.2 0 0
185 35 46 15734.5 0 0
187 35 46 15738.7 0 0
186 35 47 15742.9 0 0
186 33 46 15747.1 0 0
182 33 46 15751.3 0 0
185 36 46 15755.6 0 0
183 32 46 15759.8 0 0
185 31 46 15764 0 0
187 33 46 15768.3 0 0
185 36 46 15772.5 0 0
184 33 46 15776.7 0 0
188 36 46 15780.9 0 0
185 35 46 15785.1 0 0
183 32 46 15794.9 0 0
187 34 47 15799.2 0 0
184 33 46 15804.5 0 0
186 34 46 15808.9 0 0
186 33 46 15813.1 0 0
186 32 46 15817.4 0 0
185 32 46 15821.6 0 0
188 33 46 15825.8 0 0
186 34 46 15830 0 0
185 35 46 15834.2 0 0
185 32 46 15838.5 0 0
183 34 47 15842.7 0 0
186 32 46 15846.9 0 0
187 33 46 15851.1 0 0
185 33 46 15855.3 0 0
184 33 46 15859.5 0 0
187 33 46 15863.9 0 0
185 39 46 15868.1 0 0
185 39 0 15872.3 0 0
175 60 46 15876.5 0 0
169 78 46 15880.7 0 0
162 90 46 15884.9 0 0
162 90 46 15889.1 0 0
152 107 47 15894 0 0
147 115 47 15898.2 0 0
140 127 47 15902.4 0 0
136 143 47 15906.7 0 0
135 151 47 15910.9 0 0
135 168 47 15915.1 0 0
133 180 47 15919.3 0 0
129 182 47 15923.5 0 0
135 186 47 15927.7 0 0
138 193 47 15931.9 0 0
131 180 47 15936.1 0 0
132 184 47 15940.3 0 0
129 192 47 15944.6 0 0
129 195 47 15948.8 0 0
134 192 47 15953 0 0
133 196 47 15957.2 0 0
137 197 47 15961.4 0 0
133 191 47 15965.6 0 0
138 192 47 15969.9 0 0
130 185 47 15974.1 0 0
131 193 47 15978.3 0 0
135 199 47 15982.5 0 0
130 191 47 15986.7 0 0
139 189 47 15990.9 0 0
133 188 47 15995.1 0 0
132 187 47 15999.4 0 0
133 187 47 16003.6 0 0
134 187 47 16007.8 0 0
133 186 47 16012 0 0
131 185 47 16016.2 0 0
131 188 47 16020.5 0 0
137 191 48 16024.7 0 0
136 190 47 16028.9 0 0
138 191 47 16033.1 0 0
135 190 47 16037.3 0 0
131 189 47 16041.5 0 0
137 192 47 16045.8 0 0
134 189 47 16050 0 0
131 188 47 16054.2 0 0
132 188 47 16058.5 0 0
133 192 47 16062.7 0 0
134 189 47 16066.9 0 0
136 190 47 16071.2 0 0
140 196 47 16075.4 0 0
134 186 47 16079.6 0 0
138 192 47 16083.8 0 0
133 190 47 16088 0 0
136 195 47 16092.3 0 0
135 189 48 16096.5 0 0
133 194 47 16100.7 0 0
138 198 47 16104.9 0 0
133 196 47 16109.1 0 0
142 203 47 16113.4 0 0
135 192 47 16117.6 0 0
151 207 47 16121.8 0 0
170 228 48 16126 0 0
181 232 48 16535.2 0 0
167 210 48 16539.4 0 0
157 210 48 16543.7 0 0
146 201 48 16547.9 0 0
134 186 48 16552.1 0 0
134 186 48 16556.3 0 0
137 188 48 16560.5 0 0
142 195 48 16564.7 0 0
140 191 48 16569 0 0
132 183 48 16573.2 0 0
134 185 48 16577.4 0 0
130 184 48 16581.7 0 0
136 181 48 16585.8 0 0
137 186 48 16590 0 0
130 186 48 16594.3 0 0
135 184 48 16598.5 0 0
136 181 48 16602.7 0 0
138 187 48 16606.9 0 0
133 182 48 16611.2 0 0
133 182 48 16615.4 0 0
140 189 47 16619.6 0 0
134 187 48 16623.8 0 0
137 184 48 16628 0 0
130 182 48 16632.2 0 0
134 181 48 16636.4 0 0
135 184 48 16640.7 0 0
132 181 48 16644.9 0 0
132 186 48 16649.1 0 0
136 188 48 16653.3 0 0
135 183 48 16657.5 0 0
132 180 48 16661.7 0 0
136 181 48 16665.9 0 0
133 179 47 16670.2 0 0
136 184 47 16674.4 0 0
136 186 47 16678.6 0 0
133 179 48 16682.8 0 0
134 192 48 16687 0 0
135 180 47 16691.2 0 0
136 185 48 16695.5 0 0
137 191 48 16699.7 0 0
129 187 48 16703.9 0 0
132 181 48 16708.2 0 0
135 186 48 16712.4 0 0
129 183 48 16716.6 0 0
133 184 48 16720.8 0 0
135 189 47 16725 0 0
131 183 47 16729.2 0 0
134 184 47 16733.4 0 0
132 185 48 16737.6 0 0
130 185 48 16741.8 0 0
122 187 48 16746 0 0
112 202 47 16750.2 0 0
106 208 47 16754.5 0 0
101 202 48 16758.7 0 0
93 200 48 16762.9 0 0
90 201 48 16767.1 0 0
85 200 47 16771.3 0 0
85 202 48 16775.6 0 0
88 201 47 16779.8 0 0
89 205 47 16784 0 0
86 208 47 16788.2 0 0
82 209 47 16792.4 0 0
85 206 46 16796.7 0 0
83 207 47 16800.9 0 0
85 203 47 16805.1 0 0
87 206 47 16809.3 0 0
85 203 47 16813.5 0 0
85 204 47 16817.7 0 0
83 201 47 16821.9 0 0
85 203 47 16826.1 0 0
83 202 47 16830.4 0 0
83 204 47 16834.6 0 0
86 206 47 16838.8 0 0
84 202 47 16843 0 0
83 214 47 16847.2 0 0
83 213 47 16851.4 0 0
82 210 47 16855.7 0 0
88 209 47 16859.9 0 0
81 212 47 16864.1 0 0
82 212 47 16868.3 0 0
85 211 47 16872.5 0 0
83 211 47 16876.7 0 0
83 213 47 16880.9 0 0
83 213 47 16885.1 0 0
82 211 47 16889.4 0 0
83 213 47 16893.6 0 0
82 214 47 16897.8 0 0
83 207 47 16902 0 0
83 213 47 16906.2 0 0
82 205 47 16910.5 0 0
82 210 47 16914.7 0 0
83 210 47 16918.9 0 0
79 208 47 16923.1 0 0
81 203 47 16927.3 0 0
85 208 47 16931.5 0 0
82 208 47 16935.7 0 0
80 209 47 16939.9 0 0
82 204 47 16944.2 0 0
83 201 47 16948.4 0 0
82 211 47 16952.6 0 0
84 211 47 16956.8 0 0
81 208 47 16961 0 0
85 210 47 16965.2 0 0
81 205 47 16969.5 0 0
84 208 48 16973.7 0 0
81 208 47 16977.9 0 0
84 213 47 16982.1 0 0
83 210 47 16986.3 0 0
83 210 47 16990.5 0 0
84 210 47 16994.7 0 0
81 209 47 16998.9 0 0
80 208 47 17003.1 0 0
79 203 47 17007.3 0 0
83 200 48 17011.5 0 0
81 207 47 17015.8 0 0
82 201 47 17020 0 0
86 198 47 17024.2 0 0
86 187 47 17028.5 0 0
94 181 48 17032.7 0 0
99 164 48 17036.9 0 0
101 142 48 17041.1 0 0
106 131 48 17045.4 0 0
107 124 49 17049.6 0 0
111 118 48 17053.8 0 0
114 140 49 17058 0 0
116 98 49 17062.2 0 0
121 86 49 17066.4 0 0
123 81 48 17070.6 0 0
123 79 49 17074.8 0 0
124 82 49 17079 0 0
123 78 49 17083.3 0 0
122 78 48 17087.5 0 0
122 78 0 17091.7 0 0
126 79 48 17095.9 0 0
127 78 48 17100.1 0 0
126 75 48 17104.3 0 0
126 73 49 17108.6 0 0
125 74 48 17112.8 0 0
125 78 48 17117 0 0
124 76 49 17121.2 0 0
124 77 48 17125.5 0 0
125 79 48 17129.7 0 0
126 75 48 17133.9 0 0
126 75 48 17138.1 0 0
124 78 48 17143.9 0 0
126 79 48 17148.1 0 0
127 78 48 17152.3 0 0
125 80 48 17156.5 0 0
126 79 49 17160.8 0 0
124 80 49 17165 0 0
125 78 49 17169.2 0 0
125 79 49 17173.4 0 0
125 82 49 17177.6 0 0
128 80 48 17181.8 0 0
125 81 48 17186 0 0
128 80 49 17190.3 0 0
127 81 48 17194.5 0 0
125 80 49 17198.7 0 0
122 81 49 17202.9 0 0
129 79 49 17207.2 0 0
123 83 49 17211.4 0 0
128 80 49 17215.6 0 0
128 81 49 17219.8 0 0
127 81 49 17224 0 0
125 82 49 17228.2 0 0
122 82 49 17232.4 0 0
129 80 49 17236.6 0 0
126 83 49 17240.8 0 0
125 81 49 17245 0 0
126 81 48 17249.2 0 0
123 82 49 17253.5 0 0
129 79 49 17257.7 0 0
126 81 49 17261.9 0 0
123 82 49 17266.2 0 0
125 82 49 17270.4 0 0
124 81 49 17274.6 0 0
124 82 49 17278.8 0 0
125 83 49 17283 0 0
125 81 49 17287.2 0 0
126 82 49 17291.4 0 0
126 83 49 17295.7 0 0
124 82 48 17299.9 0 0
134 83 49 17304.1 0 0
142 81 49 17308.3 0 0
151 75 49 17312.5 0 0
162 75 49 17316.7 0 0
172 76 49 17320.9 0 0
181 78 48 17325.1 0 0
191 82 48 17329.4 0 0
198 75 47 17333.6 0 0
208 76 47 17337.8 0 0
215 79 46 17342 0 0
227 77 45 17346.2 0 0
227 77 44 17350.4 0 0
225 77 45 17357.2 0 0
227 78 45 17361.4 0 0
227 75 45 17365.7 0 0
227 78 45 17369.9 0 0
232 77 45 17374.1 0 0
231 79 45 17378.3 0 0
228 79 45 17382.5 0 0
228 77 45 17386.8 0 0
226 76 45 17391 0 0
229 79 45 17395.2 0 0
228 78 45 17399.4 0 0
226 74 45 17403.6 0 0
226 75 45 17407.8 0 0
227 77 45 17412.1 0 0
226 76 45 17416.3 0 0
227 77 45 17420.5 0 0
227 79 45 17424.7 0 0
227 75 45 17428.9 0 0
228 79 45 17433.1 0 0
228 78 45 17437.3 0 0
228 79 45 17441.5 0 0
227 77 45 17445.8 0 0
230 80 45 17450 0 0
229 79 45 17454.2 0 0
231 78 45 17458.4 0 0
227 78 45 17462.6 0 0
227 78 45 17466.8 0 0
228 79 45 17471 0 0
228 77 45 17475.3 0 0
228 80 46 17479.5 0 0
228 78 46 17486.3 0 0
228 77 46 17490.5 0 0
228 80 45 17494.8 0 0
227 73 46 17499 0 0
220 74 46 17503.2 0 0
212 72 46 17507.4 0 0
202 67 46 17511.6 0 0
193 66 46 17515.8 0 0
181 68 47 17520.1 0 0
172 62 47 17524.3 0 0
164 59 48 17528.5 0 0
154 47 48 17532.7 0 0
145 45 49 17536.9 0 0
131 46 49 17541.1 0 0
122 44 49 17545.4 0 0
114 38 49 17549.6 0 0
109 39 49 17553.8 0 0
99 43 49 17558 0 0
97 41 49 17562.2 0 0
94 41 49 17566.4 0 0
90 43 49 17570.6 0 0
88 41 49 17574.8 0 0
92 45 49 17579.1 0 0
90 42 49 17583.3 0 0
91 42 49 17587.5 0 0
89 42 48 17591.7 0 0
88 39 49 17595.9 0 0
92 39 49 17600.1 0 0
89 40 49 17604.3 0 0
91 38 49 17611.2 0 0
92 41 49 17615.4 0 0
89 38 48 17619.7 0 0
88 40 49 17623.9 0 0
91 40 49 17628.1 0 0
92 38 49 17632.3 0 0
88 41 49 17636.5 0 0
92 37 49 17640.8 0 0
88 38 49 17645 0 0
90 41 49 17649.2 0 0
88 38 49 17653.4 0 0
91 39 49 17657.6 0 0
90 41 49 17661.8 0 0
89 40 49 17666 0 0
89 40 49 17670.2 0 0
92 38 49 17674.4 0 0
90 38 49 17678.7 0 0
88 39 49 17682.8 0 0
91 39 49 17687.1 0 0
86 39 49 17691.3 0 0
81 37 50 17695.5 0 0
79 35 49 17699.7 0 0
81 38 50 17704 0 0
79 38 49 17708.2 0 0
82 36 49 17712.4 0 0
81 38 49 17716.6 0 0
80 38 49 17720.8 0 0
78 40 49 17725 0 0
78 39 49 17729.2 0 0
78 39 49 17736 0 0
80 40 49 17740.3 0 0
78 41 49 17744.5 0 0
79 42 49 17748.8 0 0
81 40 49 17753 0 0
79 41 49 17757.2 0 0
81 42 49 17761.4 0 0
82 39 49 17765.6 0 0
78 40 49 17769.8 0 0
79 40 49 17774.1 0 0
80 40 49 17778.3 0 0
80 40 49 17782.5 0 0
79 40 49 17786.7 0 0
79 41 49 17790.9 0 0
78 39 49 17795.1 0 0
79 40 49 17799.4 0 0
79 40 49 17803.6 0 0
78 41 49 17807.8 0 0
79 41 49 17812 0 0
78 41 49 17816.2 0 0
82 39 49 17820.4 0 0
77 42 49 17824.6 0 0
80 41 49 17828.8 0 0
81 41 49 17833 0 0
80 42 49 17837.3 0 0
78 41 49 17841.5 0 0
79 41 49 17845.7 0 0
78 41 49 17849.9 0 0
82 40 49 17854.1 0 0
82 40 49 17858.3 0 0
81 41 49 17862.7 0 0
78 41 49 17866.9 0 0
79 41 49 17871.1 0 0
79 40 49 17875.3 0 0
80 42 49 17879.5 0 0
80 40 49 17883.7 0 0
78 41 49 17887.9 0 0
80 40 49 17892.1 0 0
79 41 49 17896.4 0 0
81 37 49 17900.6 0 0
79 40 49 17904.8 0 0
78 40 49 17909 0 0
80 39 49 17913.2 0 0
80 37 49 17917.4 0 0
79 37 49 17921.6 0 0
78 37 49 17925.8 0 0
77 38 49 17930 0 0
80 41 49 17934.2 0 0
81 39 49 17938.5 0 0
80 42 49 17942.7 0 0
78 40 49 17946.9 0 0
78 49 48 17951.1 0 0
79 60 48 17955.3 0 0
73 74 48 17959.5 0 0
75 84 47 17963.8 0 0
78 98 47 17968 0 0
80 121 48 17972.2 0 0
80 147 48 17976.4 0 0
82 143 48 17980.6 0 0
83 144 48 17984.8 0 0
81 159 48 17989.1 0 0
75 165 48 17993.3 0 0
77 174 47 17997.5 0 0
77 186 47 18001.7 0 0
77 194 47 18006.3 0 0
79 189 47 18010.5 0 0
80 188 47 18014.8 0 0
76 188 47 18019.1 0 0
76 190 47 18023.3 0 0
75 193 47 18027.5 0 0
75 195 47 18031.7 0 0
80 197 46 18035.9 0 0
78 193 47 18040.2 0 0
76 190 46 18044.4 0 0
73 194 47 18048.6 0 0
78 194 47 18052.8 0 0
77 196 46 18057 0 0
79 198 47 18061.2 0 0
77 195 46 18065.5 0 0
79 195 46 18069.7 0 0
78 197 46 18073.9 0 0
74 196 46 18078.1 0 0
78 197 47 18082.3 0 0
78 196 46 18086.5 0 0
78 197 46 18090.8 0 0
75 198 47 18095 0 0
77 199 46 18099.2 0 0
77 199 46 18103.4 0 0
76 198 47 18107.7 0 0
76 202 46 18111.8 0 0
76 198 46 18116.1 0 0
78 199 46 18120.3 0 0
78 197 46 18124.5 0 0
79 193 47 18128.7 0 0
78 194 47 18133 0 0
76 198 47 18137.2 0 0
77 191 46 18141.4 0 0
78 202 46 18145.6 0 0
80 200 46 18149.8 0 0
76 201 47 18154 0 0
78 200 46 18158.2 0 0
78 197 47 18162.5 0 0
78 201 47 18166.7 0 0
82 202 46 18170.9 0 0
78 202 46 18175.3 0 0
79 200 47 18179.5 0 0
77 199 47 18183.7 0 0
77 205 47 18187.9 0 0
79 201 47 18192.1 0 0
78 202 46 18196.3 0 0
76 196 46 18200.5 0 0
78 193 47 18204.8 0 0
79 199 47 18209 0 0
76 202 46 18213.2 0 0
81 198 46 18217.4 0 0
91 200 47 18221.6 0 0
105 196 48 18225.8 0 0
112 186 47 18230 0 0
117 191 47 18234.3 0 0
126 186 48 18238.5 0 0
129 185 48 18242.7 0 0
134 185 47 18246.9 0 0
129 183 47 18251.1 0 0
128 186 47 18255.5 0 0
135 190 47 18259.7 0 0
137 189 47 18263.9 0 0
140 189 47 18268.2 0 0
136 185 47 18272.4 0 0
140 194 47 18276.6 0 0
132 183 47 18280.8 0 0
133 175 47 18285 0 0
133 189 47 18289.2 0 0
133 179 47 18293.5 0 0
133 189 47 18297.7 0 0
133 181 47 18301.9 0 0
136 180 47 18306.1 0 0
133 182 47 18310.3 0 0
136 180 47 18314.5 0 0
136 180 47 18318.7 0 0
135 183 47 18322.9 0 0
133 183 47 18327.1 0 0
132 182 47 18331.5 0 0
137 184 47 18335.7 0 0
131 180 47 18340 0 0
136 188 47 18344.2 0 0
134 184 47 18348.4 0 0
131 185 47 18352.6 0 0
139 187 47 18356.8 0 0
137 189 47 18361 0 0
132 187 47 18365.3 0 0
135 182 47 18369.5 0 0
136 189 47 18373.7 0 0
136 188 47 18377.9 0 0
134 188 47 18382.1 0 0
138 187 47 18386.3 0 0
135 188 47 18390.5 0 0
134 189 47 18394.8 0 0
134 184 47 18399 0 0
137 192 47 18403.2 0 0
131 184 47 18407.4 0 0
134 183 47 18411.6 0 0
138 187 47 18415.9 0 0
128 177 48 18420.1 0 0
127 175 47 18424.3 0 0
126 168 47 18428.5 0 0
130 170 48 18432.7 0 0
132 173 47 18436.9 0 0
128 172 47 18441.2 0 0
131 174 47 18445.4 0 0
132 173 47 18449.6 0 0
129 170 47 18453.9 0 0
130 171 47 18458.1 0 0
133 172 48 18462.3 0 0
130 172 47 18466.5 0 0
130 175 47 18470.7 0 0
129 177 48 18474.9 0 0
130 180 48 18479.2 0 0
129 175 47 18483.4 0 0
129 175 48 18487.6 0 0
130 171 47 18491.8 0 0
128 172 47 18496 0 0
127 170 48 18500.2 0 0
132 172 48 18504.4 0 0
128 175 47 18508.6 0 0
131 175 47 18512.8 0 0
129 178 47 18517 0 0
126 172 47 18521.3 0 0
128 175 47 18525.5 0 0
132 172 48 18529.7 0 0
129 174 47 18533.9 0 0
126 176 47 18538.1 0 0
130 173 47 18542.3 0 0
127 174 47 18546.6 0 0
129 173 47 18550.8 0 0
130 170 48 18555 0 0
130 175 48 18559.2 0 0
133 173 47 18563.4 0 0
129 176 48 18567.6 0 0
130 172 48 18571.8 0 0
131 172 47 18576.1 0 0
132 177 48 18580.3 0 0
129 171 48 18584.6 0 0
131 172 48 18588.9 0 0
128 172 48 18593.1 0 0
127 170 48 18597.3 0 0
128 172 47 18601.5 0 0
129 172 48 18605.7 0 0
128 172 47 18610 0 0
125 178 47 18614.2 0 0
116 182 47 18618.4 0 0
112 193 47 18622.6 0 0
102 188 48 18626.8 0 0
95 188 48 18631 0 0
90 195 48 18635.2 0 0
84 197 47 18639.5 0 0
80 194 48 18643.7 0 0
77 197 47 18647.9 0 0
81 200 47 18652.1 0 0
81 199 47 18656.3 0 0
79 200 47 18660.5 0 0
75 206 47 18664.7 0 0
74 206 47 18669 0 0
75 203 46 18673.2 0 0
79 199 47 18677.4 0 0
75 198 47 18681.6 0 0
79 198 47 18685.8 0 0
77 199 47 18690 0 0
78 196 47 18694.2 0 0
76 201 47 18698.5 0 0
75 200 47 18702.7 0 0
75 199 47 18706.9 0 0
76 198 47 18711.1 0 0
75 202 47 18715.3 0 0
77 200 47 18719.5 0 0
76 196 47 18723.8 0 0
77 197 46 18728 0 0
78 202 47 18732.2 0 0
78 193 47 18736.4 0 0
74 196 46 18740.6 0 0
77 197 47 18744.8 0 0
76 192 47 18749 0 0
77 195 46 18753.2 0 0
77 195 46 18764.3 0 0
77 194 46 18768.9 0 0
74 200 47 18773.2 0 0
77 201 47 18777.4 0 0
77 201 46 18781.6 0 0
77 200 46 18785.8 0 0
78 199 47 18790 0 0
78 197 46 18794.2 0 0
77 197 47 18798.5 0 0
78 197 46 18802.7 0 0
77 200 47 18806.9 0 0
77 197 46 18811.1 0 0
76 196 46 18815.3 0 0
78 192 47 18819.5 0 0
76 196 47 18823.7 0 0
78 189 47 18827.9 0 0
78 204 47 18832.1 0 0
77 200 46 18836.4 0 0
75 198 46 18843.4 0 0
76 205 46 18847.7 0 0
77 201 47 18851.9 0 0
71 182 46 18856.1 0 0
65 179 47 18860.4 0 0
64 175 47 18864.6 0 0
58 173 47 18868.8 0 0
53 177 47 18873 0 0
50 174 47 18877.2 0 0
46 169 46 18881.4 0 0
55 173 46 18885.6 0 0
49 177 46 18889.9 0 0
48 191 46 18894.1 0 0
49 170 46 18898.3 0 0
48 176 46 18902.5 0 0
49 184 46 18906.7 0 0
46 169 46 18910.9 0 0
46 170 47 18915.1 0 0
45 165 46 18919.4 0 0
46 167 46 18923.6 0 0
46 170 47 18927.8 0 0
47 173 47 18932 0 0
47 173 47 18936.2 0 0
47 170 46 18940.8 0 0
46 173 46 18945 0 0
45 170 46 18949.2 0 0
50 176 46 18953.5 0 0
48 171 46 18957.7 0 0
49 172 46 18961.9 0 0
46 168 46 18966.1 0 0
47 166 46 18970.3 0 0
45 171 46 18974.5 0 0
45 168 46 18978.8 0 0
47 168 46 18983 0 0
44 177 46 18987.2 0 0
47 175 47 18991.4 0 0
45 174 46 18995.6 0 0
47 175 46 18999.8 0 0
47 175 46 19004.3 0 0
46 175 46 19008.5 0 0
45 175 46 19012.7 0 0
46 166 46 19016.9 0 0
45 168 46 19021.2 0 0
49 166 46 19025.4 0 0
48 171 46 19029.6 0 0
44 169 46 19033.8 0 0
48 172 46 19038 0 0
48 170 46 19042.2 0 0
46 175 46 19046.4 0 0
46 167 47 19050.6 0 0
49 170 47 19054.8 0 0
45 175 47 19059 0 0
41 181 47 19063.2 0 0
76 155 47 19067.5 0 0
33 135 48 19071.7 0 0
36 130 48 19075.9 0 0
35 121 48 19080.1 0 0
33 104 47 19084.4 0 0
34 99 47 19088.7 0 0
38 97 46 19092.9 0 0
37 94 46 19097.1 0 0
35 89 45 19101.3 0 0
34 92 46 19105.5 0 0
33 92 46 19109.8 0 0
34 90 46 19114 0 0
31 89 47 19118.2 0 0
37 82 47 19122.4 0 0
36 82 47 19126.6 0 0
35 89 48 19130.8 0 0
32 86 47 19135.1 0 0
35 85 47 19139.3 0 0
35 85 47 19143.5 0 0
36 84 47 19147.7 0 0
35 86 47 19151.9 0 0
37 84 47 19156.1 0 0
37 86 47 19160.3 0 0
35 86 47 19164.5 0 0
33 86 47 19168.8 0 0
32 89 47 19173 0 0
37 84 47 19177.2 0 0
33 85 47 19181.4 0 0
35 89 47 19185.6 0 0
34 86 47 19189.8 0 0
36 87 47 19194.1 0 0
38 90 47 19198.3 0 0
36 89 47 19202.5 0 0
36 91 47 19206.7 0 0
36 89 47 19210.9 0 0
35 93 47 19215.2 0 0
34 89 47 19219.3 0 0
36 91 47 19223.6 0 0
38 85 47 19227.8 0 0
38 85 47 19232 0 0
34 73 47 19237.7 0 0
34 68 48 19241.9 0 0
29 61 48 19246.1 0 0
32 54 47 19250.3 0 0
30 51 47 19254.5 0 0
31 53 46 19258.7 0 0
31 51 46 19262.9 0 0
32 54 45 19267.2 0 0
32 50 46 19271.4 0 0
31 51 46 19275.6 0 0
31 49 47 19279.8 0 0
30 46 47 19284 0 0
33 51 47 19288.2 0 0
29 45 47 19292.5 0 0
32 45 48 19296.7 0 0
33 46 47 19300.9 0 0
31 45 47 19305.1 0 0
33 47 47 19309.3 0 0
29 46 47 19313.5 0 0
32 48 46 19317.7 0 0
33 48 47 19321.9 0 0
31 46 46 19326.1 0 0
30 48 47 19330.3 0 0
30 47 47 19334.7 0 0
32 48 47 19339 0 0
31 49 47 19343.2 0 0
29 49 47 19347.4 0 0
29 49 47 19351.6 0 0
33 44 47 19355.8 0 0
32 47 47 19360.1 0 0
31 48 47 19364.3 0 0
30 49 47 19368.5 0 0
28 49 47 19372.7 0 0
31 48 46 19376.9 0 0
32 47 47 19381.1 0 0
32 49 47 19385.3 0 0
31 52 47 19389.5 0 0
30 49 47 19393.8 0 0
30 51 46 19398 0 0
30 50 47 19402.2 0 0
31 50 46 19406.4 0 0
29 46 47 19410.6 0 0
30 51 47 19414.8 0 0
29 48 46 19419 0 0
30 51 46 19423.2 0 0
31 51 47 19427.4 0 0
32 51 46 19431.7 0 0
29 51 47 19435.8 0 0
30 51 47 19440 0 0
32 52 46 19447.1 0 0
31 49 46 19455.5 0 0
31 49 46 19463.8 0 0
30 52 46 19472.1 0 0
30 54 47 19476.3 0 0
31 51 46 19480.6 0 0
30 56 46 19484.8 0 0
30 51 47 19489 0 0
29 52 46 19493.3 0 0
30 51 47 19497.5 0 0
31 54 46 19501.7 0 0
30 52 47 19505.9 0 0
28 54 46 19510.2 0 0
32 51 46 19514.4 0 0
30 52 46 19518.6 0 0
28 54 46 19522.9 0 0
31 54 46 19527.1 0 0
32 51 46 19531.3 0 0
31 54 46 19535.5 0 0
29 59 47 19539.7 0 0
31 59 47 19543.9 0 0
29 61 46 19548.2 0 0
31 59 47 19552.4 0 0
31 69 47 19556.6 0 0
33 74 46 19563.5 0 0
38 89 45 19567.7 0 0
50 103 45 19571.9 0 0
56 119 45 19576.2 0 0
65 132 46 19580.4 0 0
67 144 46 19584.6 0 0
69 148 46 19588.8 0 0
70 162 47 19593 0 0
69 177 46 19597.3 0 0
72 183 46 19601.5 0 0
76 191 47 19605.7 0 0
78 205 46 19610 0 0
81 206 46 19614.2 0 0
81 209 46 19618.4 0 0
82 211 46 19622.6 0 0
78 209 46 19626.8 0 0
79 208 46 19631 0 0
82 204 46 19635.2 0 0
82 209 46 19639.5 0 0
83 210 46 19643.7 0 0
82 204 45 19647.9 0 0
80 209 46 19652.1 0 0
78 207 46 19656.3 0 0
80 209 46 19660.5 0 0
77 217 46 19664.7 0 0
78 209 46 19671.6 0 0
79 217 46 19675.9 0 0
79 216 46 19680.1 0 0
76 215 45 19684.3 0 0
80 216 46 19688.5 0 0
76 215 46 19692.8 0 0
78 217 45 19697 0 0
81 215 45 19701.2 0 0
77 218 45 19705.4 0 0
78 216 45 19709.7 0 0
80 217 45 19713.9 0 0
80 213 45 19718 0 0
76 210 46 19722.4 0 0
79 211 45 19726.6 0 0
78 212 45 19730.9 0 0
80 210 45 19735.1 0 0
78 206 45 19739.3 0 0
79 209 45 19743.5 0 0
75 203 46 19747.7 0 0
79 206 46 19752 0 0
80 209 45 19756.2 0 0
78 205 46 19760.4 0 0
80 208 46 19767.5 0 0
79 208 45 19771.7 0 0
81 206 46 19775.9 0 0
78 209 46 19780.1 0 0
78 217 46 19784.3 0 0
76 203 45 19788.6 0 0
78 214 46 19792.8 0 0
80 217 46 19797 0 0
78 214 46 19801.2 0 0
78 215 46 19805.4 0 0
77 216 46 19809.7 0 0
80 213 46 19813.8 0 0
79 216 46 19818.1 0 0
77 217 46 19822.4 0 0
79 216 46 19826.6 0 0
79 216 46 19830.8 0 0
79 218 46 19835.1 0 0
79 211 46 19839.3 0 0
78 208 46 19843.5 0 0
82 210 46 19847.7 0 0
81 208 46 19851.9 0 0
79 208 46 19856.2 0 0
77 210 46 19860.4 0 0
79 209 46 19867.4 0 0
79 209 46 19875.9 0 0
80 210 46 19884.1 0 0
78 210 46 19892.4 0 0
81 212 46 19900.8 0 0
77 211 46 19909.1 0 0
77 211 46 19917.3 0 0
80 212 46 19925.2 0 0
79 212 46 19929.4 0 0
79 216 46 19934.1 0 0
80 215 46 19938.3 0 0
81 214 46 19942.6 0 0
79 218 47 19946.8 0 0
78 216 46 19951 0 0
79 216 46 19955.2 0 0
81 217 46 19959.4 0 0
77 216 46 19963.6 0 0
79 218 46 19967.8 0 0
77 214 46 19972.1 0 0
79 215 46 19976.3 0 0
79 213 46 19980.5 0 0
80 209 46 19984.8 0 0
79 216 46 19989 0 0
81 215 46 19993.2 0 0
78 210 46 19997.4 0 0
79 211 46 20001.6 0 0
80 209 46 20005.8 0 0
80 210 46 20010 0 0
73 215 46 20014.2 0 0
72 206 47 20018.5 0 0
66 189 48 20022.7 0 0
61 185 47 20026.9 0 0
51 179 47 20031.1 0 0
46 165 47 20038 0 0
44 166 47 20042.2 0 0
42 164 47 20046.5 0 0
41 167 46 20050.7 0 0
41 170 46 20054.9 0 0
43 167 46 20059.1 0 0
39 158 46 20063.3 0 0
38 163 46 20067.6 0 0
39 160 47 20071.8 0 0
36 158 47 20076 0 0
37 160 47 20080.2 0 0
39 158 47 20084.5 0 0
36 160 47 20088.7 0 0
38 162 47 20092.9 0 0
41 159 47 20097.1 0 0
39 163 46 20101.3 0 0
38 163 47 20105.6 0 0
37 162 47 20109.8 0 0
40 161 47 20114 0 0
37 162 47 20118.2 0 0
41 163 47 20122.4 0 0
43 161 47 20126.6 0 0
39 163 47 20130.8 0 0
38 159 47 20135.1 0 0
38 161 47 20139.3 0 0
37 161 47 20143.5 0 0
39 160 47 20150.6 0 0
40 159 47 20154.8 0 0
40 160 47 20159 0 0
40 161 47 20163.2 0 0
38 161 47 20167.5 0 0
40 161 47 20171.7 0 0
41 161 47 20175.9 0 0
37 159 47 20180.1 0 0
38 159 46 20184.3 0 0
40 158 47 20188.5 0 0
39 157 47 20192.7 0 0
39 162 47 20197 0 0
36 158 47 20201.2 0 0
38 158 47 20205.5 0 0
41 159 47 20209.7 0 0
39 160 47 20213.9 0 0
40 158 47 20218.1 0 0
40 160 47 20222.3 0 0
39 161 47 20226.5 0 0
41 163 47 20230.7 0 0
40 161 47 20235 0 0
40 161 47 20239.2 0 0
40 161 47 20243.4 0 0
38 172 47 20253.3 0 0
38 164 47 20257.6 0 0
39 158 47 20263 0 0
38 159 47 20267.3 0 0
38 158 47 20271.5 0 0
40 157 47 20275.7 0 0
37 161 47 20279.9 0 0
39 159 47 20284.1 0 0
40 161 47 20288.3 0 0
40 159 47 20292.5 0 0
38 156 47 20296.8 0 0
41 161 47 20301 0 0
40 169 47 20305.2 0 0
43 162 47 20309.4 0 0
39 168 47 20313.6 0 0
40 163 47 20317.8 0 0
38 164 47 20322 0 0
38 167 47 20326.2 0 0
40 167 47 20330.4 0 0
37 162 47 20334.7 0 0
39 164 47 20338.9 0 0
40 163 47 20343.1 0 0
38 167 47 20347.3 0 0
40 171 47 20351.5 0 0
40 165 47 20358.7 0 0
37 167 47 20366.9 0 0
40 170 47 20375.2 0 0
41 163 46 20383.6 0 0
40 163 47 20391.9 0 0
40 164 47 20400.3 0 0
48 162 47 20408.6 0 0
68 141 47 20416.9 0 0
87 130 48 20425.1 0 0
87 130 48 20433.6 0 0
108 120 48 20440.8 0 0
131 108 48 20445 0 0
141 107 48 20450.1 0 0
150 96 48 20454.3 0 0
162 90 47 20458.6 0 0
171 100 48 20462.8 0 0
180 90 47 20467 0 0
186 86 47 20471.2 0 0
194 89 46 20475.5 0 0
201 86 46 20479.7 0 0
205 83 45 20483.9 0 0
214 83 45 20488.1 0 0
216 81 45 20492.3 0 0
224 81 44 20496.5 0 0
227 80 44 20500.8 0 0
225 80 44 20505.1 0 0
223 77 43 20509.3 0 0
223 80 44 20513.5 0 0
224 80 44 20517.7 0 0
224 82 44 20522 0 0
224 80 44 20526.2 0 0
226 81 44 20530.5 0 0
225 80 44 20534.7 0 0
224 82 44 20538.9 0 0
227 82 44 20543.2 0 0
224 79 44 20550 0 0
227 82 44 20554.2 0 0
224 82 44 20558.5 0 0
224 81 45 20562.7 0 0
225 80 45 20566.9 0 0
227 83 45 20571.1 0 0
222 81 44 20575.3 0 0
224 79 45 20579.5 0 0
224 81 45 20583.8 0 0
223 81 45 20588.1 0 0
224 80 45 20592.3 0 0
224 78 45 20596.5 0 0
226 80 45 20600.7 0 0
224 83 45 20604.9 0 0
222 80 45 20609.2 0 0
226 80 45 20613.4 0 0
225 82 45 20617.6 0 0
225 81 45 20621.8 0 0
226 78 45 20626 0 0
230 80 45 20630.2 0 0
236 67 45 20634.4 0 0
235 62 46 20638.6 0 0
237 64 45 20642.9 0 0
238 71 44 20647.1 0 0
236 70 44 20651.3 0 0
235 66 44 20655.5 0 0
234 64 45 20662.4 0 0
235 63 45 20666.6 0 0
234 63 44 20670.9 0 0
236 64 44 20675.1 0 0
233 65 44 20679.3 0 0
238 67 44 20683.5 0 0
235 63 44 20687.7 0 0
237 66 45 20691.9 0 0
237 66 44 20696.2 0 0
235 64 45 20700.4 0 0
237 63 44 20704.6 0 0
236 65 45 20708.8 0 0
236 65 44 20713 0 0
236 65 44 20717.2 0 0
237 65 44 20721.4 0 0
235 64 45 20725.7 0 0
234 65 44 20729.9 0 0
239 68 44 20734.2 0 0
236 65 44 20738.4 0 0
236 65 44 20742.6 0 0
237 63 44 20746.8 0 0
236 66 44 20751 0 0
236 66 44 20755.2 0 0
234 65 45 20759.4 0 0
236 67 45 20763.6 0 0
238 64 44 20767.9 0 0
235 65 45 20772.1 0 0
237 65 44 20779 0 0
238 65 44 20783.2 0 0
236 64 45 20787.4 0 0
237 67 45 20791.7 0 0
238 64 44 20796 0 0
235 64 44 20800.2 0 0
237 66 44 20804.4 0 0
237 64 44 20808.6 0 0
238 64 44 20812.8 0 0
237 65 45 20817 0 0
237 65 44 20821.2 0 0
236 63 44 20825.4 0 0
236 65 44 20829.7 0 0
237 64 44 20833.9 0 0
237 65 44 20838.2 0 0
238 64 44 20842.4 0 0
237 65 44 20846.6 0 0
235 66 44 20850.8 0 0
237 64 45 20855 0 0
237 66 44 20859.3 0 0
237 64 44 20863.5 0 0
235 64 44 20867.7 0 0
236 65 45 20871.9 0 0
236 65 44 20876.1 0 0
237 65 44 20880.3 0 0
237 65 44 20884.5 0 0
237 66 44 20894.2 0 0
236 67 44 20898.4 0 0
237 65 44 20904.1 0 0
238 66 44 20908.3 0 0
236 66 44 20912.5 0 0
237 66 44 20916.7 0 0
238 63 44 20921.1 0 0
236 66 44 20925.3 0 0
239 64 44 20929.5 0 0
240 65 44 20933.8 0 0
236 65 44 20938 0 0
239 65 45 20942.2 0 0
234 65 44 20946.4 0 0
239 65 44 20950.6 0 0
237 64 44 20954.9 0 0
237 65 44 20959.1 0 0
239 64 44 20963.3 0 0
238 66 44 20967.5 0 0
239 62 45 20971.7 0 0
239 63 44 20975.9 0 0
240 62 44 20980.2 0 0
238 65 44 20987 0 0
238 63 44 20991.3 0 0
239 66 44 20995.5 0 0
238 66 44 20999.8 0 0
236 65 44 21004.1 0 0
237 66 44 21008.3 0 0
237 63 45 21012.5 0 0
236 64 44 21016.8 0 0
238 65 44 21021 0 0
237 65 44 21025.2 0 0
235 65 44 21029.4 0 0
237 65 45 21033.6 0 0
232 76 44 21037.8 0 0
219 79 45 21042 0 0
209 78 45 21046.3 0 0
201 84 45 21050.5 0 0
187 92 45 21054.7 0 0
180 90 46 21058.9 0 0
173 88 46 21063.2 0 0
161 92 47 21067.4 0 0
152 98 47 21071.6 0 0
152 98 47 21075.8 0 0
131 114 48 21081.4 0 0
114 113 47 21085.7 0 0
105 115 47 21091.2 0 0
94 125 47 21095.4 0 0
88 125 47 21099.6 0 0
82 133 47 21103.8 0 0
81 143 47 21108.1 0 0
72 142 47 21112.3 0 0
69 142 47 21116.5 0 0
61 149 47 21120.7 0 0
59 156 46 21125 0 0
56 149 47 21129.2 0 0
51 153 46 21133.4 0 0
49 160 47 21137.6 0 0
45 155 46 21141.8 0 0
45 160 46 21146.1 0 0
47 156 46 21150.3 0 0
46 156 46 21154.5 0 0
47 165 46 21158.7 0 0
44 161 46 21162.9 0 0
44 165 46 21167.1 0 0
45 160 46 21171.3 0 0
44 166 46 21175.5 0 0
43 162 46 21179.8 0 0
44 160 46 21184 0 0
44 164 46 21188.2 0 0
42 162 46 21192.4 0 0
45 163 46 21196.6 0 0
43 163 46 21200.8 0 0
43 165 46 21205.3 0 0
45 165 46 21212 0 0
42 164 47 21216.3 0 0
40 159 46 21220.5 0 0
43 164 46 21224.7 0 0
40 161 46 21228.9 0 0
44 162 46 21233.2 0 0
41 162 47 21237.4 0 0
47 159 46 21241.6 0 0
41 163 47 21245.8 0 0
43 162 46 21250 0 0
41 160 46 21254.2 0 0
42 160 46 21258.4 0 0
46 158 47 21262.6 0 0
39 165 47 21266.9 0 0
40 164 46 21271.1 0 0
43 164 47 21275.3 0 0
42 163 46 21279.5 0 0
43 165 46 21283.7 0 0
38 165 46 21287.9 0 0
44 164 47 21292.1 0 0
44 154 47 21296.4 0 0
43 156 47 21300.6 0 0
44 158 46 21304.8 0 0
44 159 47 21309 0 0
41 160 46 21313.2 0 0
42 160 47 21317.4 0 0
42 161 46 21321.6 0 0
39 160 46 21328.5 0 0
45 158 47 21332.8 0 0
42 165 46 21337 0 0
39 167 47 21341.2 0 0
37 168 47 21345.4 0 0
37 164 47 21349.6 0 0
35 166 47 21353.9 0 0
36 169 46 21358.1 0 0
39 165 46 21362.3 0 0
39 166 46 21366.5 0 0
39 164 46 21370.8 0 0
35 169 46 21375 0 0
34 169 46 21379.2 0 0
35 169 46 21383.4 0 0
34 167 46 21387.6 0 0
34 167 46 21391.8 0 0
40 168 46 21396 0 0
36 168 46 21400.3 0 0
34 166 46 21404.5 0 0
32 166 46 21408.7 0 0
36 171 46 21412.9 0 0
39 164 46 21417.1 0 0
35 166 46 21421.3 0 0
38 162 46 21425.5 0 0
35 166 46 21429.8 0 0
35 166 46 21434 0 0
38 164 46 21440.8 0 0
36 164 46 21445.1 0 0
37 163 46 21449.3 0 0
38 167 46 21453.5 0 0
37 165 46 21457.8 0 0
37 164 46 21462 0 0
39 168 46 21466.2 0 0
37 163 46 21470.4 0 0
36 166 46 21474.6 0 0
39 169 46 21478.8 0 0
35 167 46 21483 0 0
34 168 46 21487.2 0 0
36 168 46 21491.5 0 0
39 167 46 21495.7 0 0
37 165 46 21499.9 0 0
33 166 46 21504.1 0 0
37 168 46 21508.3 0 0
36 163 46 21512.5 0 0
37 167 46 21516.8 0 0
36 160 46 21521 0 0
38 163 46 21525.2 0 0
34 164 45 21529.4 0 0
35 163 46 21533.6 0 0
34 167 46 21537.8 0 0
37 161 46 21542 0 0
36 167 45 21546.2 0 0
37 167 45 21550.5 0 0
35 167 46 21554.7 0 0
32 162 46 21558.9 0 0
36 166 45 21563.1 0 0
35 163 45 21567.3 0 0
37 160 46 21571.6 0 0
37 164 45 21575.8 0 0
38 162 45 21580 0 0
34 164 45 21584.4 0 0
36 164 45 21588.6 0 0
36 165 45 21592.8 0 0
36 168 45 21597 0 0
36 164 45 21601.2 0 0
40 163 45 21605.5 0 0
35 166 45 21609.7 0 0
37 168 45 21614 0 0
36 164 45 21618.2 0 0
38 167 46 21622.4 0 0
33 168 45 21626.6 0 0
33 169 45 21630.8 0 0
33 167 45 21635 0 0
39 170 46 21639.2 0 0
35 170 45 21643.5 0 0
35 170 45 21647.7 0 0
35 173 45 21651.9 0 0
33 173 45 21656.1 0 0
38 166 45 21660.3 0 0
34 171 45 21664.5 0 0
36 167 45 21668.8 0 0
37 165 45 21673 0 0
37 171 45 21677.2 0 0
37 170 45 21681.4 0 0
37 173 45 21685.6 0 0
33 162 45 21689.8 0 0
36 162 45 21694 0 0
36 163 45 21698.2 0 0
35 163 45 21702.5 0 0
37 164 45 21706.7 0 0
33 165 45 21710.9 0 0
37 162 45 21715.1 0 0
36 163 45 21719.3 0 0
34 167 45 21723.5 0 0
35 165 45 21727.7 0 0
35 165 45 21732 0 0
37 164 45 21736.2 0 0
33 164 45 21740.4 0 0
35 165 45 21744.6 0 0
37 163 45 21748.8 0 0
34 163 45 21753 0 0
35 166 45 21757.2 0 0
36 165 45 21761.4 0 0
34 162 45 21765.7 0 0
36 165 45 21769.9 0 0
35 163 45 21774.1 0 0
34 166 45 21778.3 0 0
36 166 45 21782.5 0 0
36 164 45 21786.7 0 0
35 164 45 21790.9 0 0
35 164 45 21795.2 0 0
34 165 45 21799.4 0 0
36 165 45 21803.6 0 0
35 161 45 21807.8 0 0
33 166 45 21812 0 0
35 163 45 21816.2 0 0
34 166 45 21820.4 0 0
38 164 45 21824.6 0 0
35 164 45 21828.8 0 0
37 165 45 21833.1 0 0
32 163 45 21837.3 0 0
35 165 45 21841.5 0 0
34 165 45 21845.7 0 0
35 163 45 21849.9 0 0
35 166 45 21854.1 0 0
38 162 45 21858.4 0 0
37 161 45 21862.6 0 0
34 164 45 21866.8 0 0
34 164 45 21871 0 0
33 166 45 21875.2 0 0
38 164 45 21879.4 0 0
33 166 45 21883.6 0 0
33 166 45 21887.8 0 0
36 167 45 21893.9 0 0
32 170 45 21898.1 0 0
35 171 45 21902.3 0 0
33 167 45 21906.5 0 0
36 172 45 21910.7 0 0
37 166 45 21915 0 0
37 165 45 21919.2 0 0
33 166 45 21923.4 0 0
35 164 45 21927.6 0 0
34 165 45 21931.8 0 0
34 161 45 21936 0 0
35 165 45 21940.2 0 0
33 162 45 21944.5 0 0
37 163 45 21948.7 0 0
34 162 45 21953 0 0
32 163 45 21957.2 0 0
37 164 45 21961.4 0 0
33 165 45 21965.6 0 0
34 164 45 21969.8 0 0
34 167 45 21974 0 0
36 162 45 21978.2 0 0
37 165 45 21982.5 0 0
36 168 45 21986.7 0 0
36 163 45 21990.9 0 0
36 162 45 21995.1 0 0
28 165 45 21999.3 0 0
37 161 45 22003.6 0 0
34 161 45 22007.8 0 0
33 161 45 22012 0 0
32 163 45 22016.2 0 0
33 163 45 22020.5 0 0
33 164 45 22024.7 0 0
