131 126 58 43035.2 0 0
129 129 58 43039.4 0 0
132 132 58 43043.7 0 0
128 129 58 43047.9 0 0
128 131 58 43052.1 0 0
130 131 58 43056.3 0 0
126 129 58 43060.5 0 0
127 131 58 43064.7 0 0
130 130 58 43069.4 0 0
128 130 58 43073.6 0 0
130 132 58 43077.8 0 0
129 127 58 43082 0 0
131 129 58 43086.2 0 0
127 132 58 43090.4 0 0
129 127 58 43094.8 0 0
127 132 58 43099.1 0 0
127 131 58 43103.3 0 0
128 127 58 43107.6 0 0
127 130 59 43111.8 0 0
130 136 58 43116 0 0
128 135 58 43120.2 0 0
127 137 58 43124.4 0 0
128 132 58 43128.7 0 0
127 131 58 43132.9 0 0
130 132 59 43137.1 0 0
132 131 58 43141.3 0 0
129 128 58 43145.5 0 0
130 131 58 43149.7 0 0
127 132 58 43153.9 0 0
127 126 58 43158.2 0 0
129 131 58 43162.5 0 0
129 129 59 43166.8 0 0
129 127 58 43171 0 0
129 130 58 43175.2 0 0
131 132 58 43179.4 0 0
128 134 58 43183.6 0 0
130 134 58 43187.8 0 0
129 136 58 43192 0 0
128 133 58 43196.2 0 0
129 131 58 43200.5 0 0
129 129 58 43204.7 0 0
130 128 58 43208.9 0 0
128 128 58 43213.1 0 0
129 129 58 43217.3 0 0
128 130 58 43221.5 0 0
130 131 58 43225.8 0 0
129 129 58 43230 0 0
127 135 58 43234.2 0 0
128 130 58 43238.4 0 0
130 128 58 43242.6 0 0
127 129 58 43246.8 0 0
127 130 58 43251 0 0
127 128 58 43255.3 0 0
129 134 58 43259.5 0 0
127 135 58 43263.7 0 0
130 131 59 43267.9 0 0
127 132 58 43272.1 0 0
130 132 59 43276.3 0 0
128 130 58 43280.5 0 0
129 132 58 43284.8 0 0
129 128 58 43289.1 0 0
128 128 58 43293.4 0 0
128 130 58 43297.6 0 0
131 133 58 43301.8 0 0
127 135 58 43306 0 0
128 133 58 43310.2 0 0
129 135 58 43314.4 0 0
128 129 58 43318.7 0 0
129 131 58 43322.9 0 0
129 133 58 43327.1 0 0
131 132 58 43331.3 0 0
126 128 58 43335.5 0 0
131 133 58 43339.8 0 0
129 133 58 43344.1 0 0
130 136 58 43348.3 0 0
129 130 59 43352.5 0 0
130 131 58 43356.8 0 0
131 132 58 43361 0 0
129 130 58 43365.2 0 0
128 135 58 43369.4 0 0
130 130 58 43373.6 0 0
131 128 58 43377.8 0 0
130 129 58 43382.1 0 0
130 133 58 43386.3 0 0
131 134 58 43390.5 0 0
128 132 58 43394.7 0 0
127 133 58 43398.9 0 0
127 129 58 43403.1 0 0
128 122 58 43407.3 0 0
131 125 57 43411.6 0 0
129 127 57 43415.8 0 0
128 136 57 43420 0 0
130 134 57 43424.2 0 0
130 137 57 43428.4 0 0
130 133 57 43432.6 0 0
128 134 57 43436.8 0 0
131 137 57 43441 0 0
128 132 56 43445.3 0 0
129 130 56 43449.5 0 0
127 134 56 43453.7 0 0
129 133 56 43457.9 0 0
131 135 56 43462.1 0 0
129 135 56 43466.3 0 0
127 138 56 43470.5 0 0
127 132 55 43474.8 0 0
130 130 55 43479 0 0
129 131 55 43483.2 0 0
129 131 55 43487.4 0 0
129 127 55 43491.6 0 0
129 132 55 43495.8 0 0
127 133 55 43500 0 0
127 134 54 43504.2 0 0
128 131 54 43508.5 0 0
127 135 54 43512.7 0 0
129 135 54 43516.9 0 0
129 136 54 43521.1 0 0
128 136 54 43525.3 0 0
128 135 54 43529.5 0 0
128 132 54 43533.8 0 0
133 135 53 43538 0 0
132 133 53 43542.2 0 0
127 131 53 43546.5 0 0
127 132 53 43550.7 0 0
128 134 53 43554.9 0 0
126 131 53 43559.1 0 0
128 135 53 43563.3 0 0
128 133 53 43567.6 0 0
130 135 53 43571.8 0 0
126 134 53 43576 0 0
126 133 52 43580.2 0 0
127 137 52 43584.4 0 0
127 134 52 43588.6 0 0
128 136 52 43592.8 0 0
131 133 52 43597.1 0 0
128 134 52 43601.3 0 0
127 135 52 43605.5 0 0
127 136 52 43609.7 0 0
125 134 52 43614 0 0
126 138 52 43618.2 0 0
129 136 52 43622.4 0 0
130 128 52 43626.6 0 0
128 137 51 43630.9 0 0
127 135 51 43635.1 0 0
127 136 51 43639.3 0 0
131 134 51 43643.5 0 0
129 135 52 43647.7 0 0
126 136 51 43651.9 0 0
130 137 51 43656.2 0 0
127 140 51 43660.4 0 0
128 136 51 43664.6 0 0
128 137 51 43668.9 0 0
126 139 51 43673.1 0 0
128 139 51 43677.3 0 0
128 138 51 43681.5 0 0
129 133 51 43685.7 0 0
126 137 51 43689.9 0 0
126 134 51 43694.2 0 0
128 135 51 43698.4 0 0
127 135 51 43702.6 0 0
128 138 51 43706.8 0 0
127 133 50 43711 0 0
128 132 51 43715.2 0 0
126 136 50 43719.4 0 0
129 136 50 43723.7 0 0
126 137 50 43727.9 0 0
126 138 50 43732.1 0 0
125 139 50 43736.3 0 0
125 141 50 43740.5 0 0
124 132 50 43744.7 0 0
127 137 50 43748.9 0 0
129 136 50 43753.1 0 0
129 136 50 43757.4 0 0
125 136 50 43762.5 0 0
126 135 50 43766.7 0 0
128 135 50 43770.9 0 0
126 133 50 43775.2 0 0
125 135 50 43779.4 0 0
125 138 50 43783.6 0 0
123 136 50 43787.8 0 0
124 134 50 43792 0 0
124 135 50 43796.2 0 0
124 137 50 43800.5 0 0
126 135 50 43804.7 0 0
126 134 50 43808.9 0 0
129 136 50 43813.1 0 0
126 138 50 43817.3 0 0
127 134 50 43821.6 0 0
125 138 50 43825.8 0 0
125 142 50 43830 0 0
126 154 50 43834.2 0 0
127 161 50 43838.4 0 0
127 169 50 43843 0 0
128 171 50 43847.2 0 0
128 175 50 43851.4 0 0
124 174 50 43855.6 0 0
129 172 50 43859.9 0 0
126 171 50 43864.1 0 0
129 169 50 43868.3 0 0
128 174 50 43872.5 0 0
128 169 50 43876.8 0 0
131 172 50 43881 0 0
126 171 50 43885.3 0 0
125 172 50 43889.5 0 0
125 172 50 43893.7 0 0
127 171 50 43897.9 0 0
128 173 50 43902.1 0 0
129 176 50 43906.3 0 0
126 168 50 43910.5 0 0
130 171 50 43914.8 0 0
127 170 50 43919 0 0
128 175 50 43923.2 0 0
126 174 50 43927.4 0 0
126 174 50 43931.6 0 0
126 171 50 43935.8 0 0
126 172 50 43940 0 0
125 173 51 43944.3 0 0
127 174 51 43948.5 0 0
128 175 50 43952.7 0 0
124 169 50 43956.9 0 0
127 174 50 43961.1 0 0
126 172 50 43965.4 0 0
127 175 50 43969.6 0 0
126 177 51 43973.9 0 0
128 169 51 43978.1 0 0
125 169 51 43982.3 0 0
127 172 51 43986.5 0 0
130 167 51 43990.7 0 0
126 173 51 43994.9 0 0
127 173 51 43999.1 0 0
127 173 51 44003.3 0 0
126 175 51 44007.6 0 0
125 172 51 44011.8 0 0
126 171 51 44016 0 0
126 175 51 44020.2 0 0
125 176 51 44024.4 0 0
127 175 51 44028.7 0 0
126 176 51 44032.9 0 0
128 175 51 44037.1 0 0
125 172 51 44041.3 0 0
128 177 51 44045.5 0 0
126 171 51 44049.7 0 0
128 172 51 44053.9 0 0
126 173 51 44058.1 0 0
129 172 51 44062.3 0 0
127 172 52 44066.6 0 0
128 172 52 44070.8 0 0
124 172 51 44075 0 0
131 173 51 44079.2 0 0
127 174 52 44083.4 0 0
125 175 52 44087.6 0 0
126 174 52 44091.8 0 0
128 170 52 44096.1 0 0
127 177 52 44100.3 0 0
130 175 52 44104.5 0 0
124 177 52 44108.7 0 0
130 177 52 44112.9 0 0
129 176 52 44117.1 0 0
126 179 52 44121.3 0 0
127 176 52 44125.6 0 0
126 177 52 44129.8 0 0
127 172 52 44134 0 0
126 172 52 44138.2 0 0
126 172 52 44142.4 0 0
126 172 52 44146.6 0 0
127 169 52 44150.8 0 0
127 171 52 44155.1 0 0
127 170 52 44159.4 0 0
127 168 52 44163.8 0 0
128 176 53 44168 0 0
129 175 52 44172.2 0 0
127 174 53 44176.4 0 0
128 172 52 44180.7 0 0
129 174 52 44184.9 0 0
128 175 52 44189.1 0 0
126 176 52 44193.3 0 0
131 175 53 44197.6 0 0
127 176 52 44201.8 0 0
129 176 53 44206 0 0
127 172 53 44210.2 0 0
126 172 53 44214.4 0 0
127 173 53 44218.6 0 0
126 173 53 44222.8 0 0
128 171 53 44227.1 0 0
127 171 53 44231.3 0 0
126 173 53 44235.6 0 0
133 172 53 44239.8 0 0
129 171 53 44244 0 0
127 172 53 44248.2 0 0
125 171 53 44252.4 0 0
129 173 53 44256.7 0 0
124 175 53 44260.9 0 0
129 171 53 44265.1 0 0
129 170 53 44269.3 0 0
129 175 53 44273.5 0 0
127 174 53 44277.7 0 0
127 177 53 44281.9 0 0
127 178 53 44286.1 0 0
129 176 54 44290.4 0 0
129 171 53 44294.6 0 0
124 171 54 44298.8 0 0
128 175 54 44303 0 0
124 184 53 44307.2 0 0
122 188 54 44311.4 0 0
122 194 54 44315.6 0 0
121 197 54 44319.8 0 0
121 195 54 44324.1 0 0
120 194 54 44328.3 0 0
120 192 54 44332.5 0 0
122 193 54 44336.7 0 0
122 191 54 44340.9 0 0
122 191 54 44345.2 0 0
120 191 54 44349.4 0 0
120 192 54 44353.6 0 0
120 193 54 44357.8 0 0
120 192 54 44362 0 0
121 193 54 44366.2 0 0
120 192 54 44370.4 0 0
122 192 54 44374.6 0 0
121 194 54 44378.9 0 0
118 192 54 44383.1 0 0
121 192 54 44387.3 0 0
118 194 54 44391.5 0 0
118 194 54 44395.7 0 0
119 194 54 44399.9 0 0
122 192 55 44404.1 0 0
116 193 54 44408.3 0 0
121 194 54 44412.6 0 0
120 192 55 44416.8 0 0
119 192 55 44421 0 0
121 191 55 44425.2 0 0
118 194 55 44429.4 0 0
121 193 55 44433.6 0 0
119 190 55 44437.8 0 0
120 194 55 44442 0 0
119 192 55 44446.4 0 0
118 195 55 44450.6 0 0
120 191 55 44454.8 0 0
119 192 55 44459 0 0
119 192 55 44463.2 0 0
119 192 55 44467.4 0 0
118 193 55 44471.7 0 0
120 192 55 44475.9 0 0
118 190 55 44480.1 0 0
118 193 55 44484.3 0 0
120 192 55 44488.5 0 0
119 194 55 44492.7 0 0
119 193 55 44496.9 0 0
120 193 55 44501.2 0 0
119 196 55 44505.4 0 0
117 192 55 44509.6 0 0
119 195 55 44513.8 0 0
118 194 55 44518.1 0 0
117 197 55 44522.3 0 0
120 194 55 44526.5 0 0
118 192 55 44530.7 0 0
118 193 55 44534.9 0 0
119 192 55 44539.1 0 0
116 193 55 44543.3 0 0
117 191 56 44547.6 0 0
120 192 55 44551.8 0 0
119 189 55 44556 0 0
121 190 56 44560.2 0 0
122 193 55 44564.4 0 0
118 193 55 44568.6 0 0
119 194 55 44572.9 0 0
120 193 55 44577.1 0 0
122 191 56 44581.3 0 0
118 187 56 44585.5 0 0
120 190 56 44589.8 0 0
119 193 55 44594 0 0
122 190 56 44598.2 0 0
120 189 56 44602.4 0 0
120 191 56 44606.7 0 0
120 186 56 44610.9 0 0
123 173 56 44615.1 0 0
124 171 56 44619.3 0 0
125 163 56 44623.5 0 0
124 163 56 44627.8 0 0
121 156 56 44632 0 0
119 159 56 44636.2 0 0
123 162 56 44640.4 0 0
120 165 56 44644.6 0 0
123 165 56 44648.8 0 0
123 166 56 44653 0 0
119 165 56 44657.3 0 0
123 163 56 44661.5 0 0
118 169 56 44665.7 0 0
123 163 56 44669.9 0 0
124 165 56 44674.1 0 0
123 163 56 44678.3 0 0
121 163 56 44682.6 0 0
119 165 56 44686.8 0 0
121 162 56 44691 0 0
120 164 56 44695.2 0 0
122 160 56 44699.4 0 0
118 165 56 44703.7 0 0
122 164 56 44707.9 0 0
119 159 56 44712.1 0 0
122 164 56 44716.3 0 0
122 161 56 44720.5 0 0
120 165 56 44724.8 0 0
122 162 56 44729 0 0
120 163 56 44733.2 0 0
121 163 56 44737.4 0 0
120 162 56 44741.6 0 0
121 166 56 44745.8 0 0
123 158 56 44750 0 0
118 164 56 44754.2 0 0
122 162 56 44758.8 0 0
120 163 56 44763.1 0 0
121 162 56 44767.3 0 0
118 161 56 44771.5 0 0
123 163 56 44775.7 0 0
116 161 56 44780 0 0
117 160 56 44784.2 0 0
123 162 56 44788.4 0 0
122 150 56 44792.6 0 0
124 139 56 44796.8 0 0
123 122 56 44801.1 0 0
122 106 56 44805.4 0 0
121 103 56 44809.7 0 0
120 97 57 44813.9 0 0
121 92 56 44818.2 0 0
121 93 56 44822.4 0 0
118 96 56 44826.6 0 0
119 100 57 44830.8 0 0
121 97 56 44835 0 0
119 98 56 44839.2 0 0
116 90 56 44843.5 0 0
120 98 56 44847.7 0 0
115 95 56 44851.9 0 0
119 92 56 44856.1 0 0
118 92 56 44860.3 0 0
119 92 56 44864.6 0 0
119 96 56 44868.8 0 0
117 93 56 44873 0 0
120 96 56 44877.2 0 0
120 92 56 44881.4 0 0
120 94 57 44885.6 0 0
117 93 56 44889.8 0 0
116 96 56 44894.1 0 0
117 96 56 44898.2 0 0
119 94 56 44902.4 0 0
120 95 57 44906.7 0 0
115 92 57 44910.9 0 0
105 74 57 44915.1 0 0
95 52 57 44919.3 0 0
85 41 57 44923.5 0 0
75 13 57 44927.7 0 0
77 23 57 44931.9 0 0
71 2 56 44944.6 0 0
72 10 57 44948.8 0 0
74 20 57 44953 0 0
72 14 56 44957.2 0 0
71 11 57 44961.4 0 0
72 7 57 44965.7 0 0
72 9 57 44969.9 0 0
69 13 57 44974.1 0 0
70 12 57 44982.6 0 0
73 10 57 44986.8 0 0
73 14 57 44991 0 0
71 13 57 44995.2 0 0
70 11 57 44999.4 0 0
68 13 57 45003.6 0 0
72 13 57 45012.1 0 0
68 7 57 45016.3 0 0
68 9 57 45020.5 0 0
71 15 57 45024.7 0 0
70 14 57 45028.9 0 0
69 8 57 45033.1 0 0
69 14 57 45037.3 0 0
68 13 57 45041.6 0 0
65 3 57 45045.8 0 0
70 12 57 45050 0 0
70 8 57 45054.2 0 0
71 9 57 45058.4 0 0
66 10 57 45062.6 0 0
69 12 57 45066.8 0 0
72 8 57 45071.5 0 0
68 11 57 45075.7 0 0
68 5 57 45079.9 0 0
71 10 57 45084.1 0 0
67 10 57 45088.3 0 0
72 12 57 45092.5 0 0
70 14 57 45096.8 0 0
69 6 57 45101 0 0
69 12 57 45105.3 0 0
71 13 57 45109.5 0 0
70 10 57 45113.8 0 0
69 12 57 45117.9 0 0
68 6 57 45122.2 0 0
73 17 57 45126.4 0 0
67 12 57 45130.7 0 0
71 9 57 45134.9 0 0
69 8 57 45139.1 0 0
63 3 57 45143.3 0 0
46 10 58 45683.8 0 0
58 25 58 45688 0 0
69 35 58 45692.2 0 0
71 32 58 45696.6 0 0
84 46 58 45700.8 0 0
85 48 58 45705 0 0
84 35 58 45709.2 0 0
92 28 58 45713.4 0 0
98 57 58 45717.6 0 0
100 58 58 45721.8 0 0
96 58 58 45726.1 0 0
94 60 58 45730.3 0 0
91 30 58 45734.5 0 0
98 56 58 45738.7 0 0
99 54 58 45742.9 0 0
97 55 58 45747.1 0 0
99 60 58 45751.3 0 0
100 51 58 45755.6 0 0
100 62 58 45762.6 0 0
101 53 58 45766.8 0 0
102 66 58 45771 0 0
100 57 58 45775.2 0 0
99 62 58 45779.4 0 0
99 56 58 45783.6 0 0
100 60 58 45787.9 0 0
99 63 58 45792.1 0 0
97 55 58 45796.3 0 0
99 54 58 45800.5 0 0
102 64 58 45804.7 0 0
95 47 58 45808.9 0 0
97 44 58 45813.1 0 0
100 63 58 45817.4 0 0
100 53 58 45821.9 0 0
99 57 58 45826.1 0 0
99 60 58 45830.3 0 0
101 57 58 45834.5 0 0
101 57 58 45838.7 0 0
101 59 58 45845.8 0 0
98 59 58 45850 0 0
101 54 58 45854.2 0 0
99 49 58 45858.5 0 0
101 58 58 45862.7 0 0
102 59 58 45866.9 0 0
109 56 58 45871.1 0 0
122 75 58 45875.3 0 0
125 81 58 45879.6 0 0
118 74 58 45885.1 0 0
115 68 58 45889.3 0 0
115 59 58 45895.7 0 0
115 69 58 45899.9 0 0
118 69 58 45904.1 0 0
118 76 58 45908.4 0 0
118 71 58 45912.8 0 0
115 71 58 45917 0 0
118 76 58 45921.2 0 0
118 74 58 45925.4 0 0
121 77 58 45929.6 0 0
113 56 58 45933.8 0 0
116 58 58 45938 0 0
119 73 58 45942.2 0 0
117 73 58 45946.9 0 0
120 71 58 45951.1 0 0
115 66 58 45955.3 0 0
118 71 58 45962.1 0 0
120 74 58 45966.4 0 0
116 73 58 45970.6 0 0
116 74 58 45974.9 0 0
117 67 58 45979.1 0 0
116 55 58 45983.3 0 0
119 74 58 45987.5 0 0
120 72 58 45991.8 0 0
120 70 58 45995.9 0 0
119 74 58 46000.2 0 0
120 73 57 46004.4 0 0
119 74 58 46008.6 0 0
118 73 58 46012.8 0 0
117 70 58 46017 0 0
119 74 58 46021.3 0 0
119 73 58 46025.5 0 0
123 78 58 46029.7 0 0
135 71 58 46034 0 0
148 74 58 46038.2 0 0
157 69 58 46042.5 0 0
168 66 58 46046.7 0 0
175 65 58 46050.9 0 0
175 65 58 46055.1 0 0
183 55 57 46059.4 0 0
186 56 56 46063.6 0 0
184 53 56 46070.5 0 0
179 54 56 46074.8 0 0
183 54 56 46079 0 0
187 65 56 46083.2 0 0
187 57 56 46087.4 0 0
190 50 56 46091.6 0 0
185 47 56 46095.8 0 0
190 57 56 46100.1 0 0
188 51 56 46104.3 0 0
188 56 56 46108.6 0 0
185 55 56 46112.8 0 0
186 54 56 46117 0 0
188 56 56 46121.2 0 0
185 56 56 46125.5 0 0
188 54 56 46129.7 0 0
188 54 56 46134.2 0 0
185 52 56 46138.4 0 0
188 55 56 46142.6 0 0
188 55 56 46146.8 0 0
186 57 56 46153.2 0 0
188 55 56 46157.5 0 0
186 56 56 46161.8 0 0
185 52 56 46166 0 0
188 59 56 46170.2 0 0
188 58 56 46174.4 0 0
185 55 56 46178.6 0 0
189 60 56 46182.8 0 0
188 55 56 46187 0 0
188 63 56 46191.3 0 0
188 57 56 46195.5 0 0
188 54 56 46199.8 0 0
185 56 56 46204 0 0
179 57 56 46208.2 0 0
175 56 56 46212.4 0 0
178 59 56 46216.6 0 0
177 51 56 46220.8 0 0
180 57 56 46225 0 0
180 59 56 46229.3 0 0
177 59 56 46233.5 0 0
181 54 56 46237.7 0 0
178 52 56 46241.9 0 0
180 59 56 46246.1 0 0
177 49 56 46250.3 0 0
180 57 56 46254.6 0 0
179 56 56 46259.3 0 0
181 55 56 46263.6 0 0
181 53 56 46267.8 0 0
181 56 56 46272 0 0
181 53 56 46276.2 0 0
178 56 56 46280.4 0 0
179 60 56 46284.6 0 0
179 53 56 46288.8 0 0
177 57 56 46293.1 0 0
180 56 56 46297.3 0 0
181 53 56 46301.5 0 0
180 58 56 46305.7 0 0
178 53 56 46309.9 0 0
179 57 56 46314.2 0 0
179 50 56 46318.4 0 0
179 52 56 46322.6 0 0
180 59 56 46326.8 0 0
180 52 56 46331.1 0 0
179 54 56 46335.3 0 0
179 50 56 46339.5 0 0
177 57 56 46344.1 0 0
181 50 56 46348.4 0 0
177 54 56 46352.6 0 0
179 51 56 46356.9 0 0
178 58 56 46361.1 0 0
180 53 56 46365.3 0 0
178 55 56 46369.5 0 0
181 55 56 46373.7 0 0
178 58 56 46377.9 0 0
177 58 56 46382.2 0 0
179 53 56 46386.4 0 0
180 52 56 46390.6 0 0
180 55 56 46394.8 0 0
179 55 56 46399.1 0 0
181 59 56 46403.3 0 0
179 54 56 46407.5 0 0
181 56 56 46411.7 0 0
180 57 56 46415.9 0 0
177 55 56 46420.2 0 0
180 55 56 46424.4 0 0
180 56 56 46428.6 0 0
177 55 56 46432.8 0 0
179 55 56 46437 0 0
178 56 56 46441.2 0 0
177 53 56 46445.4 0 0
179 53 56 46449.7 0 0
178 53 56 46453.8 0 0
180 54 56 46458.1 0 0
181 59 56 46462.2 0 0
178 53 56 46466.5 0 0
179 56 56 46470.7 0 0
176 46 56 46474.9 0 0
178 56 56 46479.1 0 0
176 52 56 46483.4 0 0
179 51 56 46487.6 0 0
180 54 56 46491.8 0 0
178 52 56 46496 0 0
180 55 56 46500.2 0 0
175 48 56 46504.4 0 0
174 56 56 46509.2 0 0
177 50 56 46513.4 0 0
178 54 56 46517.6 0 0
179 47 56 46521.8 0 0
179 45 56 46526 0 0
181 40 56 46530.2 0 0
177 41 55 46534.4 0 0
181 42 56 46538.7 0 0
181 44 56 46542.9 0 0
182 43 56 46547.1 0 0
180 45 56 46551.3 0 0
175 41 55 46555.6 0 0
180 42 56 46559.8 0 0
177 44 56 46564 0 0
177 40 56 46568.2 0 0
178 46 56 46572.4 0 0
182 42 56 46576.7 0 0
178 44 56 46580.9 0 0
180 43 56 46585.1 0 0
179 43 56 46589.4 0 0
182 47 56 46593.8 0 0
180 44 56 46598 0 0
177 46 56 46602.2 0 0
179 42 56 46606.5 0 0
182 43 56 46610.7 0 0
177 42 56 46614.9 0 0
182 40 56 46619.1 0 0
180 47 56 46623.3 0 0
178 42 56 46627.5 0 0
178 41 56 46631.8 0 0
180 47 56 46636 0 0
181 49 56 46640.2 0 0
179 43 56 46644.4 0 0
180 48 56 46648.6 0 0
180 44 56 46652.8 0 0
176 44 56 46657 0 0
179 45 56 46661.3 0 0
180 41 56 46665.5 0 0
179 40 56 46669.7 0 0
179 47 56 46673.9 0 0
180 45 56 46678.1 0 0
179 47 56 46682.3 0 0
181 44 56 46686.6 0 0
178 40 56 46690.8 0 0
183 45 56 46695 0 0
178 44 56 46699.2 0 0
180 42 56 46703.4 0 0
180 47 56 46707.7 0 0
177 40 56 46711.8 0 0
181 46 56 46716.1 0 0
182 44 56 46720.3 0 0
182 41 56 46724.6 0 0
180 44 56 46729.8 0 0
181 38 56 46734 0 0
179 42 56 46738.2 0 0
179 43 56 46742.4 0 0
179 44 56 46746.6 0 0
179 43 56 46750.8 0 0
178 44 56 46755 0 0
182 42 56 46759.3 0 0
180 43 56 46763.5 0 0
178 40 56 46767.7 0 0
178 45 56 46771.9 0 0
179 40 56 46776.1 0 0
177 44 56 46780.3 0 0
178 45 56 46784.7 0 0
178 39 56 46789.1 0 0
179 42 56 46793.3 0 0
178 43 56 46797.5 0 0
181 41 56 46801.7 0 0
178 49 56 46805.9 0 0
180 36 56 46810.1 0 0
181 42 56 46814.3 0 0
178 47 56 46818.6 0 0
178 41 56 46822.8 0 0
179 42 56 46827.1 0 0
181 42 56 46831.3 0 0
182 40 56 46835.5 0 0
179 42 56 46839.7 0 0
176 35 56 46844.1 0 0
180 41 56 46848.3 0 0
182 46 56 46852.5 0 0
179 44 56 46856.8 0 0
178 44 56 46861 0 0
180 43 56 46865.2 0 0
180 44 56 46869.4 0 0
180 47 56 46873.6 0 0
177 44 56 46877.8 0 0
180 50 56 46882.1 0 0
179 45 56 46886.3 0 0
177 44 56 46890.5 0 0
182 47 56 46894.7 0 0
177 46 56 46898.9 0 0
181 45 56 46903.3 0 0
179 44 56 46907.5 0 0
177 45 57 46911.7 0 0
175 55 56 46916 0 0
169 65 57 46920.2 0 0
159 77 57 46924.4 0 0
153 83 57 46928.6 0 0
149 98 57 46932.8 0 0
144 99 57 46937 0 0
146 113 57 46941.2 0 0
139 129 57 46945.5 0 0
135 141 57 46949.8 0 0
139 155 57 46954 0 0
136 166 57 46958.2 0 0
133 165 57 46962.4 0 0
134 173 57 46966.6 0 0
138 166 58 46970.8 0 0
134 166 57 46975 0 0
132 163 58 46979.3 0 0
135 166 57 46983.5 0 0
134 166 57 46987.7 0 0
134 166 57 46991.9 0 0
129 170 57 46996.1 0 0
129 173 57 47000.3 0 0
132 171 57 47004.6 0 0
132 174 57 47011.3 0 0
131 171 57 47015.6 0 0
132 173 57 47019.8 0 0
134 167 57 47024 0 0
132 172 57 47028.3 0 0
132 171 57 47032.6 0 0
133 171 57 47036.9 0 0
132 174 57 47041.1 0 0
132 169 57 47045.3 0 0
133 169 57 47049.6 0 0
136 168 57 47053.8 0 0
131 170 57 47057.9 0 0
136 173 57 47062.2 0 0
131 167 57 47066.4 0 0
130 171 57 47070.6 0 0
131 178 57 47074.8 0 0
132 182 57 47079.1 0 0
127 191 57 47083.2 0 0
125 199 57 47087.4 0 0
125 195 57 47091.7 0 0
127 193 57 47095.9 0 0
127 193 57 47100.1 0 0
127 191 57 47106.3 0 0
128 188 57 47110.5 0 0
128 187 57 47114.7 0 0
127 191 57 47118.9 0 0
128 188 57 47123.2 0 0
125 192 57 47127.4 0 0
130 189 57 47131.6 0 0
128 192 57 47135.8 0 0
129 195 57 47140.1 0 0
127 192 57 47144.3 0 0
127 191 57 47148.5 0 0
127 192 57 47152.7 0 0
127 194 57 47156.9 0 0
126 195 57 47161.1 0 0
127 196 57 47165.7 0 0
127 192 57 47169.9 0 0
127 195 57 47174.2 0 0
128 194 57 47178.4 0 0
125 195 57 47182.6 0 0
124 195 57 47186.8 0 0
130 192 57 47191 0 0
128 195 57 47195.2 0 0
128 194 57 47199.4 0 0
127 193 57 47203.7 0 0
128 193 57 47207.9 0 0
125 195 57 47212.1 0 0
127 195 57 47216.3 0 0
127 195 57 47220.5 0 0
126 196 57 47224.8 0 0
127 193 57 47229.1 0 0
128 194 57 47233.3 0 0
128 197 57 47237.5 0 0
127 193 57 47241.7 0 0
129 194 57 47245.9 0 0
129 193 57 47250.2 0 0
127 196 57 47254.4 0 0
126 195 57 47259 0 0
130 194 57 47263.2 0 0
130 194 57 47267.4 0 0
127 194 57 47271.6 0 0
125 195 57 47275.8 0 0
125 194 57 47280.1 0 0
127 194 57 47284.3 0 0
128 193 57 47288.5 0 0
129 195 57 47292.7 0 0
129 194 57 47296.9 0 0
128 198 57 47301.2 0 0
128 194 57 47305.4 0 0
128 194 57 47309.6 0 0
127 195 57 47313.8 0 0
130 193 57 47318 0 0
127 196 57 47322.3 0 0
129 198 57 47326.5 0 0
130 200 57 47330.7 0 0
142 194 57 47334.9 0 0
148 198 58 47339.1 0 0
160 202 57 47343.4 0 0
167 206 57 47347.6 0 0
180 210 56 47351.8 0 0
182 206 56 47356 0 0
187 205 56 47360.2 0 0
191 206 56 47364.4 0 0
188 206 56 47368.7 0 0
184 206 56 47372.9 0 0
185 207 56 47377.1 0 0
188 205 56 47381.3 0 0
189 207 56 47385.6 0 0
189 209 56 47389.8 0 0
190 207 56 47394 0 0
189 210 56 47398.2 0 0
190 207 56 47402.4 0 0
193 206 56 47406.6 0 0
186 210 56 47410.8 0 0
187 206 56 47415 0 0
190 208 56 47419.3 0 0
186 207 56 47423.5 0 0
190 205 56 47427.8 0 0
191 206 56 47432 0 0
191 208 56 47436.2 0 0
187 209 56 47440.6 0 0
188 206 56 47444.9 0 0
189 208 56 47449.1 0 0
187 208 56 47453.3 0 0
191 207 56 47457.5 0 0
191 208 56 47461.7 0 0
184 205 56 47465.9 0 0
178 207 56 47470.1 0 0
167 205 56 47474.4 0 0
151 207 57 47478.6 0 0
140 205 57 47482.8 0 0
136 206 58 47487.1 0 0
121 209 58 47491.3 0 0
113 209 58 47495.5 0 0
105 208 58 47499.7 0 0
89 205 58 47503.9 0 0
87 210 57 47508.7 0 0
86 211 57 47512.9 0 0
94 210 57 47517.2 0 0
92 209 58 47521.4 0 0
92 210 58 47525.6 0 0
87 210 58 47529.8 0 0
86 211 58 47534 0 0
85 210 57 47538.2 0 0
87 211 57 47542.4 0 0
87 213 57 47546.7 0 0
85 209 57 47550.9 0 0
87 211 57 47555.1 0 0
85 207 57 47559.3 0 0
89 211 57 47563.6 0 0
86 211 57 47567.8 0 0
89 211 57 47572 0 0
86 211 57 47576.2 0 0
88 211 57 47580.4 0 0
86 210 58 47584.6 0 0
87 210 57 47588.8 0 0
86 211 58 47593.1 0 0
87 210 57 47597.3 0 0
85 212 57 47601.6 0 0
88 211 57 47606.4 0 0
86 206 57 47610.6 0 0
87 215 57 47614.8 0 0
88 205 57 47619 0 0
85 209 57 47623.2 0 0
83 215 58 47627.5 0 0
89 214 57 47631.7 0 0
86 216 57 47635.9 0 0
85 208 57 47640.2 0 0
88 209 57 47644.3 0 0
86 216 57 47648.6 0 0
86 209 57 47652.8 0 0
86 210 57 47657 0 0
88 207 57 47661.2 0 0
87 209 58 47665.4 0 0
86 208 57 47669.6 0 0
87 213 57 47673.9 0 0
86 215 57 47678.1 0 0
87 213 57 47682.3 0 0
87 212 57 47686.6 0 0
87 214 57 47690.8 0 0
87 212 57 47695 0 0
87 210 57 47699.2 0 0
87 211 57 47703.4 0 0
87 213 58 47707.6 0 0
86 213 57 47711.8 0 0
84 214 57 47716.1 0 0
86 213 58 47720.3 0 0
87 213 57 47724.5 0 0
85 212 57 47728.7 0 0
88 212 57 47732.9 0 0
84 211 57 47737.2 0 0
86 212 57 47741.3 0 0
84 212 57 47745.6 0 0
86 210 58 47749.8 0 0
87 208 58 47754 0 0
86 214 57 47758.7 0 0
87 209 57 47762.9 0 0
84 208 57 47767.1 0 0
85 209 57 47771.3 0 0
87 208 57 47775.5 0 0
86 209 57 47779.7 0 0
88 214 58 47783.9 0 0
88 213 58 47788.2 0 0
86 213 58 47792.4 0 0
87 213 57 47796.6 0 0
87 212 58 47800.8 0 0
88 213 57 47805 0 0
87 215 57 47809.2 0 0
86 214 57 47813.4 0 0
87 214 58 47817.7 0 0
85 212 57 47821.9 0 0
84 214 57 47826.1 0 0
85 212 57 47830.3 0 0
86 212 58 47834.6 0 0
85 214 57 47838.8 0 0
86 213 57 47843 0 0
86 213 57 47847.2 0 0
86 215 58 47851.5 0 0
84 211 57 47856.1 0 0
87 213 58 47860.3 0 0
86 212 57 47864.5 0 0
87 214 57 47868.7 0 0
84 213 58 47872.9 0 0
87 212 57 47877.1 0 0
86 212 57 47881.4 0 0
88 213 57 47885.6 0 0
83 213 57 47889.8 0 0
84 213 57 47894 0 0
84 212 57 47898.2 0 0
86 212 57 47902.4 0 0
88 210 57 47906.9 0 0
85 209 57 47911.2 0 0
83 212 57 47915.4 0 0
87 211 57 47919.8 0 0
84 212 57 47924 0 0
87 209 58 47928.2 0 0
86 213 57 47932.4 0 0
85 209 58 47936.6 0 0
84 209 57 47940.8 0 0
85 211 57 47945.1 0 0
85 209 58 47949.3 0 0
85 209 58 47956.4 0 0
85 212 57 47960.6 0 0
85 208 57 47964.9 0 0
85 209 58 47969.1 0 0
89 209 58 47973.4 0 0
85 208 58 47977.6 0 0
87 213 57 47981.8 0 0
86 213 57 47986 0 0
87 210 57 47990.2 0 0
85 214 58 47994.4 0 0
86 215 58 47998.6 0 0
84 208 58 48002.8 0 0
86 212 58 48007.1 0 0
85 212 57 48011.3 0 0
87 206 58 48015.5 0 0
85 212 57 48019.8 0 0
85 208 58 48023.9 0 0
88 206 58 48028.2 0 0
85 212 58 48032.5 0 0
85 205 57 48036.7 0 0
84 208 57 48043.6 0 0
85 205 58 48047.8 0 0
84 212 58 48052 0 0
87 213 58 48056.3 0 0
85 215 57 48060.5 0 0
86 203 58 48064.7 0 0
87 209 58 48068.9 0 0
86 213 57 48073.2 0 0
85 211 57 48077.4 0 0
84 212 58 48081.6 0 0
86 211 58 48085.8 0 0
88 213 58 48090 0 0
86 212 57 48094.2 0 0
82 212 58 48098.4 0 0
84 213 58 48102.8 0 0
86 208 57 48107 0 0
86 205 58 48111.2 0 0
91 196 58 48115.4 0 0
95 180 58 48119.6 0 0
100 163 58 48123.9 0 0
99 151 58 48128.1 0 0
99 151 58 48132.3 0 0
100 130 58 48137.6 0 0
102 125 58 48141.8 0 0
103 115 58 48146 0 0
107 105 58 48150.2 0 0
108 106 58 48154.4 0 0
104 103 58 48158.6 0 0
107 114 58 48162.8 0 0
109 111 58 48167.1 0 0
104 99 58 48171.3 0 0
110 103 58 48175.6 0 0
107 102 58 48179.8 0 0
108 105 58 48184 0 0
105 87 58 48188.2 0 0
106 101 58 48192.4 0 0
106 102 58 48196.6 0 0
106 103 58 48200.8 0 0
108 93 58 48205 0 0
104 95 58 48209.2 0 0
108 99 58 48213.4 0 0
109 102 58 48217.7 0 0
107 103 58 48222 0 0
106 103 58 48226.3 0 0
108 103 58 48230.5 0 0
107 102 58 48234.7 0 0
105 103 58 48239 0 0
106 96 58 48243.2 0 0
108 104 58 48247.4 0 0
108 108 58 48251.7 0 0
108 108 58 48255.9 0 0
106 101 58 48260.2 0 0
105 84 58 48264.4 0 0
107 102 58 48268.6 0 0
106 104 58 48272.8 0 0
106 104 58 48277 0 0
106 101 58 48281.2 0 0
106 104 58 48285.4 0 0
107 96 58 48289.7 0 0
111 92 58 48293.9 0 0
119 85 58 48298.1 0 0
121 81 58 48302.3 0 0
126 82 58 48306.5 0 0
125 83 58 48310.8 0 0
124 81 58 48315 0 0
124 74 58 48319.2 0 0
126 76 58 48323.5 0 0
122 76 58 48327.7 0 0
119 69 58 48331.9 0 0
124 75 58 48336.1 0 0
122 77 58 48340.3 0 0
125 80 58 48344.5 0 0
124 77 58 48348.8 0 0
124 75 58 48353.1 0 0
126 76 58 48357.3 0 0
124 76 58 48361.5 0 0
123 77 58 48365.8 0 0
126 81 58 48370 0 0
127 79 58 48374.2 0 0
127 82 58 48378.4 0 0
129 85 58 48382.6 0 0
124 82 58 48386.9 0 0
125 82 58 48391.1 0 0
126 81 58 48395.3 0 0
125 76 58 48399.5 0 0
127 79 58 48403.7 0 0
125 85 58 48407.9 0 0
128 80 58 48412.1 0 0
125 81 58 48416.3 0 0
128 82 58 48420.6 0 0
126 80 58 48424.9 0 0
124 82 58 48429.1 0 0
128 79 58 48433.3 0 0
126 82 58 48437.5 0 0
125 72 58 48441.8 0 0
125 79 58 48446.4 0 0
125 80 58 48450.6 0 0
125 65 58 48454.8 0 0
125 84 58 48459 0 0
125 80 58 48463.2 0 0
124 81 58 48467.5 0 0
122 63 58 48471.7 0 0
126 70 58 48475.9 0 0
126 75 58 48480.1 0 0
124 77 58 48484.3 0 0
126 83 58 48488.6 0 0
123 65 58 48493 0 0
125 75 58 48497.2 0 0
124 81 58 48501.4 0 0
124 78 58 48505.7 0 0
122 68 58 48509.9 0 0
125 76 58 48514.1 0 0
126 75 58 48518.3 0 0
125 80 58 48522.5 0 0
125 76 58 48526.7 0 0
125 79 58 48531 0 0
125 77 58 48535.3 0 0
125 79 58 48539.5 0 0
126 79 58 48543.8 0 0
123 78 58 48548 0 0
121 66 58 48552.2 0 0
126 77 58 48556.4 0 0
124 78 58 48560.6 0 0
122 78 58 48564.8 0 0
126 74 58 48569 0 0
122 73 58 48573.2 0 0
123 74 58 48577.5 0 0
125 73 58 48581.7 0 0
123 77 58 48585.9 0 0
126 73 58 48590.1 0 0
123 61 58 48594.4 0 0
123 78 58 48598.6 0 0
126 75 58 48602.8 0 0
127 79 58 48607 0 0
126 75 58 48611.2 0 0
123 70 58 48615.4 0 0
123 75 58 48619.6 0 0
124 76 58 48623.9 0 0
124 71 58 48628.1 0 0
124 76 58 48632.3 0 0
124 78 58 48636.6 0 0
129 80 58 48640.8 0 0
121 75 58 48645 0 0
125 74 58 48649.2 0 0
122 77 58 48653.4 0 0
125 72 58 48657.7 0 0
124 80 58 48661.9 0 0
125 75 58 48666.1 0 0
123 63 57 48670.4 0 0
122 74 58 48674.6 0 0
124 74 57 48678.8 0 0
124 79 58 48683 0 0
122 80 57 48687.2 0 0
124 76 58 48691.5 0 0
126 79 58 48695.7 0 0
127 75 58 48699.9 0 0
121 65 57 48704.1 0 0
126 65 57 48708.3 0 0
123 77 58 48712.5 0 0
127 79 57 48716.8 0 0
122 69 58 48721 0 0
125 79 58 48725.2 0 0
126 77 57 48729.4 0 0
126 80 58 48733.7 0 0
125 77 57 48737.8 0 0
124 77 57 48742.1 0 0
120 61 58 48746.2 0 0
125 79 58 48750.5 0 0
124 77 58 48754.7 0 0
120 73 58 48758.9 0 0
125 80 58 48763.2 0 0
119 61 57 48767.4 0 0
123 65 58 48771.6 0 0
121 66 58 48775.8 0 0
121 59 58 48780 0 0
125 76 58 48784.2 0 0
124 78 58 48788.4 0 0
122 79 57 48792.6 0 0
123 75 58 48796.9 0 0
124 76 58 48801.1 0 0
123 74 58 48805.3 0 0
122 65 58 48809.5 0 0
123 74 58 48813.7 0 0
121 79 58 48817.9 0 0
123 77 58 48822.1 0 0
117 60 58 48826.4 0 0
123 81 58 48830.6 0 0
123 77 57 48834.8 0 0
122 72 58 48839 0 0
124 78 58 48843.2 0 0
124 77 58 48847.5 0 0
122 63 57 48851.7 0 0
117 60 58 48856.6 0 0
125 79 58 48860.8 0 0
121 75 58 48865 0 0
120 68 58 48869.2 0 0
128 82 57 48873.4 0 0
124 76 58 48877.6 0 0
127 81 58 48881.8 0 0
125 71 58 48886.1 0 0
122 77 58 48890.3 0 0
121 63 58 48894.5 0 0
123 74 58 48898.7 0 0
125 79 58 48902.9 0 0
120 75 58 48907.1 0 0
127 78 58 48911.4 0 0
124 78 58 48915.6 0 0
124 80 58 48919.9 0 0
124 76 58 48924.1 0 0
122 64 58 48928.3 0 0
121 75 58 48932.6 0 0
126 79 58 48936.8 0 0
126 76 58 48941 0 0
123 77 58 48945.2 0 0
123 82 58 48949.4 0 0
126 79 58 48953.7 0 0
124 79 58 48957.8 0 0
123 69 58 48962.1 0 0
122 71 58 48966.3 0 0
126 78 58 48970.5 0 0
123 76 58 48974.7 0 0
124 77 58 48979 0 0
127 81 58 48983.2 0 0
123 76 58 48987.4 0 0
125 76 58 48991.6 0 0
123 74 58 48995.8 0 0
121 72 58 49000 0 0
120 67 58 49004.2 0 0
122 78 58 49009.1 0 0
119 70 58 49013.4 0 0
121 70 58 49017.6 0 0
125 63 58 49021.8 0 0
123 69 58 49026 0 0
122 69 58 49030.2 0 0
123 77 58 49034.4 0 0
121 75 58 49038.7 0 0
125 78 58 49042.9 0 0
122 69 58 49047.1 0 0
122 76 58 49051.3 0 0
123 74 58 49055.5 0 0
127 76 58 49059.7 0 0
121 78 58 49063.9 0 0
120 71 58 49068.2 0 0
118 58 58 49072.4 0 0
122 61 58 49076.6 0 0
122 73 58 49080.8 0 0
124 74 58 49085 0 0
119 64 58 49089.2 0 0
124 77 58 49093.4 0 0
122 75 59 49097.7 0 0
122 63 58 49101.9 0 0
123 75 58 49106.2 0 0
121 73 58 49110.4 0 0
123 79 58 49114.6 0 0
126 77 58 49118.8 0 0
121 72 58 49123.1 0 0
119 73 58 49127.3 0 0
123 78 58 49131.5 0 0
124 75 58 49135.7 0 0
124 80 58 49139.9 0 0
121 76 58 49146.7 0 0
120 70 58 49150.9 0 0
122 70 58 49155.6 0 0
126 77 58 49159.8 0 0
121 78 58 49164 0 0
119 66 58 49168.2 0 0
117 80 58 49172.5 0 0
110 89 59 49176.7 0 0
106 100 58 49180.9 0 0
107 122 58 49185.1 0 0
105 129 58 49189.3 0 0
103 139 58 49193.6 0 0
102 150 58 49197.8 0 0
105 162 58 49202 0 0
106 171 58 49206.2 0 0
103 173 58 49210.4 0 0
104 170 58 49214.6 0 0
104 162 58 49218.9 0 0
101 163 58 49223.1 0 0
106 164 58 49227.3 0 0
103 173 58 49231.5 0 0
103 171 58 49238.4 0 0
104 174 58 49242.6 0 0
103 173 58 49246.8 0 0
103 174 58 49251.1 0 0
105 172 58 49255.3 0 0
101 175 58 49259.5 0 0
104 175 58 49263.7 0 0
103 173 58 49267.9 0 0
104 173 58 49272.2 0 0
104 172 58 49276.3 0 0
104 173 58 49280.6 0 0
104 172 58 49284.8 0 0
104 175 58 49289 0 0
102 172 58 49293.2 0 0
101 178 58 49297.4 0 0
104 174 58 49301.7 0 0
102 177 58 49305.8 0 0
104 171 58 49310.1 0 0
104 161 58 49314.3 0 0
104 175 58 49318.5 0 0
101 176 58 49322.8 0 0
104 173 58 49327 0 0
102 173 58 49331.2 0 0
103 177 58 49335.4 0 0
104 173 58 49339.6 0 0
103 178 58 49346.7 0 0
102 179 58 49351 0 0
104 180 58 49355.5 0 0
102 179 58 49359.7 0 0
100 174 58 49363.9 0 0
104 173 58 49368.1 0 0
103 173 59 49372.3 0 0
101 174 58 49376.5 0 0
102 174 58 49380.8 0 0
101 174 58 49385 0 0
102 171 58 49389.3 0 0
102 173 58 49393.5 0 0
101 175 58 49397.7 0 0
103 174 59 49401.9 0 0
106 176 59 49406.3 0 0
123 188 59 49410.6 0 0
132 197 59 49417.4 0 0
142 203 59 49421.7 0 0
148 200 58 49425.9 0 0
159 201 58 49430.1 0 0
168 206 57 49434.3 0 0
172 212 57 49438.5 0 0
181 212 57 49442.8 0 0
188 216 57 49447 0 0
188 212 56 49451.2 0 0
192 212 57 49455.4 0 0
190 212 56 49459.6 0 0
185 212 56 49463.8 0 0
189 213 56 49468 0 0
191 212 57 49472.2 0 0
192 215 57 49476.5 0 0
192 213 57 49480.7 0 0
193 213 56 49484.9 0 0
193 215 57 49489.1 0 0
192 217 57 49493.3 0 0
191 216 57 49497.5 0 0
192 213 57 49501.8 0 0
193 215 57 49506 0 0
191 213 56 49510.2 0 0
193 213 57 49514.4 0 0
191 216 57 49518.6 0 0
190 215 56 49522.8 0 0
191 213 57 49527 0 0
192 214 57 49531.2 0 0
190 216 57 49538.1 0 0
191 214 57 49542.3 0 0
192 216 56 49546.5 0 0
191 214 56 49550.8 0 0
190 213 57 49554.9 0 0
194 218 56 49559.2 0 0
191 213 56 49563.4 0 0
193 217 57 49567.6 0 0
194 215 57 49571.8 0 0
191 215 57 49576.1 0 0
192 216 57 49580.3 0 0
193 214 57 49584.5 0 0
193 216 57 49588.7 0 0
194 218 57 49592.9 0 0
194 213 57 49597.1 0 0
194 217 57 49601.3 0 0
194 215 57 49605.5 0 0
193 219 57 49609.8 0 0
189 217 57 49613.9 0 0
190 213 57 49618.1 0 0
192 213 57 49622.4 0 0
190 210 57 49626.7 0 0
196 213 57 49631 0 0
190 212 57 49635.2 0 0
191 213 57 49642.2 0 0
192 212 57 49650.4 0 0
192 211 57 49658.9 0 0
192 210 57 49667.2 0 0
193 214 57 49675.4 0 0
193 213 57 49683.9 0 0
193 213 57 49692.2 0 0
191 213 56 49700.1 0 0
193 213 57 49704.3 0 0
198 211 56 49708.9 0 0
199 210 56 49713.2 0 0
203 210 57 49717.4 0 0
200 213 57 49721.6 0 0
198 212 57 49725.8 0 0
194 213 56 49730 0 0
197 207 56 49734.2 0 0
198 215 56 49738.4 0 0
198 207 56 49742.7 0 0
197 206 57 49746.9 0 0
198 212 56 49751.1 0 0
198 205 57 49755.3 0 0
199 211 56 49759.5 0 0
197 208 56 49763.8 0 0
196 209 56 49768 0 0
199 212 56 49772.2 0 0
198 206 57 49776.4 0 0
201 214 57 49780.6 0 0
200 205 56 49784.8 0 0
199 209 56 49789 0 0
198 205 57 49793.2 0 0
196 211 57 49797.5 0 0
199 208 57 49801.7 0 0
196 210 56 49805.9 0 0
198 207 56 49813 0 0
197 212 56 49817.3 0 0
198 208 56 49821.5 0 0
199 211 57 49825.7 0 0
197 211 56 49829.9 0 0
198 208 56 49834.1 0 0
197 210 56 49838.3 0 0
198 208 57 49842.7 0 0
198 209 57 49846.9 0 0
198 211 56 49851.1 0 0
196 208 56 49855.4 0 0
196 208 57 49859.6 0 0
200 208 57 49863.8 0 0
200 208 56 49868 0 0
197 212 56 49872.2 0 0
197 209 57 49876.4 0 0
196 211 56 49880.7 0 0
198 210 56 49884.9 0 0
196 208 56 49889.1 0 0
198 209 56 49893.3 0 0
199 211 56 49900.4 0 0
199 212 56 49904.6 0 0
196 212 56 49908.8 0 0
198 211 56 49913 0 0
198 212 56 49917.2 0 0
197 211 56 49921.5 0 0
200 211 56 49925.7 0 0
198 211 56 49929.9 0 0
197 211 56 49934.1 0 0
196 211 56 49938.4 0 0
198 211 56 49942.6 0 0
198 211 56 49946.8 0 0
200 213 56 49951.1 0 0
199 211 57 49955.2 0 0
198 209 56 49959.4 0 0
200 211 56 49963.7 0 0
198 211 57 49967.9 0 0
200 215 56 49972.1 0 0
195 211 56 49976.3 0 0
198 211 56 49980.5 0 0
199 212 56 49984.8 0 0
198 211 56 49989 0 0
199 210 56 49993.2 0 0
197 213 56 50000.1 0 0
194 205 57 50008.6 0 0
183 191 57 50016.8 0 0
169 177 57 50025.3 0 0
161 172 57 50033.6 0 0
149 166 58 50041.8 0 0
143 156 58 50050.3 0 0
146 159 58 50058.5 0 0
146 159 58 50066.8 0 0
144 153 58 50075.1 0 0
144 153 58 50083.5 0 0
145 155 58 50090.7 0 0
142 153 58 50095.1 0 0
145 154 58 50100.2 0 0
145 152 58 50104.4 0 0
147 155 58 50108.7 0 0
143 156 58 50112.9 0 0
142 154 58 50117.1 0 0
145 153 58 50121.3 0 0
143 156 58 50125.5 0 0
141 155 58 50129.7 0 0
143 153 58 50133.9 0 0
141 153 58 50138.2 0 0
141 156 58 50142.4 0 0
142 154 58 50146.6 0 0
143 155 58 50150.8 0 0
143 161 58 50155 0 0
143 153 58 50159.2 0 0
144 156 58 50163.4 0 0
142 154 58 50167.7 0 0
146 161 58 50171.9 0 0
141 156 58 50176.1 0 0
141 158 58 50180.3 0 0
140 160 58 50184.6 0 0
142 158 58 50188.8 0 0
145 158 58 50193 0 0
140 158 58 50199.9 0 0
139 159 58 50204.2 0 0
142 159 58 50208.4 0 0
142 160 58 50212.7 0 0
142 158 58 50216.9 0 0
141 158 58 50221.1 0 0
143 157 58 50225.3 0 0
141 159 58 50229.6 0 0
141 157 58 50233.8 0 0
141 158 58 50238 0 0
140 159 58 50242.2 0 0
145 152 58 50246.5 0 0
142 157 58 50250.7 0 0
140 153 58 50254.9 0 0
139 156 58 50259.2 0 0
137 147 58 50263.4 0 0
127 130 59 50267.6 0 0
122 124 59 50271.8 0 0
114 113 59 50276 0 0
110 108 59 50280.2 0 0
103 100 59 50284.4 0 0
95 92 58 50288.7 0 0
84 65 59 50292.9 0 0
81 65 58 50300 0 0
86 69 59 50308.3 0 0
83 74 58 50316.5 0 0
79 63 58 50324.8 0 0
79 63 58 50333.3 0 0
81 65 59 50340.7 0 0
81 64 58 50344.9 0 0
81 64 59 50350 0 0
83 61 59 50354.2 0 0
74 27 58 50358.4 0 0
81 67 58 50362.6 0 0
85 62 58 50366.8 0 0
82 63 59 50371 0 0
79 58 59 50375.2 0 0
81 60 58 50379.5 0 0
77 65 59 50383.7 0 0
84 62 59 50387.9 0 0
80 61 59 50392.1 0 0
75 57 59 50396.3 0 0
83 65 59 50400.5 0 0
81 68 59 50404.9 0 0
80 57 59 50409.1 0 0
79 58 59 50413.3 0 0
83 62 59 50417.6 0 0
80 60 59 50421.8 0 0
81 59 59 50426 0 0
79 62 59 50430.2 0 0
62 47 59 50434.6 0 0
39 32 58 50438.8 0 0
36 33 58 50445.7 0 0
31 36 58 50449.9 0 0
28 27 58 50454.1 0 0
21 24 57 50458.3 0 0
30 40 58 50462.5 0 0
40 79 58 50466.8 0 0
29 35 58 50471 0 0
29 37 58 50475.2 0 0
25 26 58 50479.5 0 0
22 20 58 50483.7 0 0
26 21 58 50487.9 0 0
27 30 57 50492.1 0 0
25 26 58 50496.3 0 0
24 25 58 50500.5 0 0
19 15 58 50504.7 0 0
29 32 57 50508.9 0 0
22 23 58 50513.2 0 0
27 34 58 50517.4 0 0
28 33 58 50521.6 0 0
25 32 58 50525.8 0 0
25 33 58 50530 0 0
23 29 58 50534.2 0 0
50 97 58 50538.4 0 0
25 30 58 50542.7 0 0
25 35 58 50549.8 0 0
28 37 58 50554 0 0
27 23 58 50558.2 0 0
21 29 58 50562.4 0 0
26 25 58 50566.6 0 0
20 21 58 50571.3 0 0
22 22 58 50575.5 0 0
22 13 58 50579.7 0 0
23 26 58 50583.9 0 0
22 24 58 50588.3 0 0
23 26 58 50592.5 0 0
24 23 58 50596.7 0 0
24 23 58 50600.9 0 0
27 30 58 50606.3 0 0
28 34 58 50610.5 0 0
28 26 58 50614.7 0 0
31 36 58 50618.9 0 0
28 34 58 50623.1 0 0
35 86 58 50627.3 0 0
29 30 58 50631.6 0 0
26 32 58 50635.8 0 0
23 25 58 50640.1 0 0
22 30 58 50644.2 0 0
24 28 58 50648.4 0 0
24 24 58 50652.7 0 0
25 23 58 50656.9 0 0
29 3 58 50661.1 0 0
44 1 58 50665.3 0 0
55 1 59 50669.6 0 0
64 4 59 50673.8 0 0
63 13 59 50678 0 0
34 127 59 50833.3 0 0
27 17 59 51298 0 0
46 52 58 51303.1 0 0
58 73 58 51307.3 0 0
71 96 59 51311.6 0 0
80 109 59 51315.8 0 0
89 127 59 51320 0 0
100 152 59 51324.2 0 0
110 161 59 51328.4 0 0
115 171 58 51332.7 0 0
117 175 59 51336.8 0 0
122 185 59 51341.1 0 0
128 189 59 51345.3 0 0
133 190 58 51349.7 0 0
131 197 58 51353.9 0 0
131 194 58 51358.2 0 0
129 191 58 51362.3 0 0
127 193 58 51366.6 0 0
134 193 58 51370.8 0 0
132 201 58 51375 0 0
132 192 58 51379.3 0 0
134 202 58 51383.5 0 0
132 201 58 51387.7 0 0
133 201 58 51391.9 0 0
133 200 58 51396.1 0 0
132 201 58 51402.9 0 0
135 200 58 51407.2 0 0
136 196 58 51411.4 0 0
134 198 58 51415.7 0 0
135 199 58 51419.9 0 0
133 198 58 51424.1 0 0
135 202 58 51428.3 0 0
134 195 58 51432.6 0 0
132 198 58 51436.8 0 0
135 189 58 51441 0 0
132 187 58 51445.2 0 0
132 201 58 51449.4 0 0
136 197 58 51453.7 0 0
130 200 58 51457.9 0 0
136 199 58 51462.1 0 0
133 196 58 51466.4 0 0
133 198 58 51470.6 0 0
135 195 58 51474.8 0 0
135 199 58 51479 0 0
133 199 58 51483.3 0 0
135 196 58 51487.5 0 0
134 197 58 51491.7 0 0
134 198 58 51495.9 0 0
134 196 58 51500.1 0 0
134 197 58 51504.3 0 0
134 198 58 51511.1 0 0
132 200 58 51515.4 0 0
134 198 58 51519.6 0 0
131 199 58 51523.8 0 0
132 189 58 51528.1 0 0
132 200 58 51532.3 0 0
136 204 59 51536.5 0 0
135 198 58 51540.8 0 0
133 200 58 51545 0 0
133 194 58 51549.2 0 0
134 201 58 51553.4 0 0
133 200 58 51557.6 0 0
133 201 58 51561.8 0 0
133 200 58 51566.1 0 0
133 192 58 51570.3 0 0
137 200 58 51574.5 0 0
135 198 58 51578.7 0 0
135 194 58 51582.9 0 0
133 195 58 51587.1 0 0
130 195 58 51591.3 0 0
133 197 58 51595.6 0 0
133 197 58 51599.8 0 0
130 198 58 51604.2 0 0
132 197 58 51611.2 0 0
134 197 58 51615.5 0 0
130 195 58 51619.7 0 0
135 198 58 51623.9 0 0
134 196 58 51628.1 0 0
135 199 58 51632.3 0 0
131 196 58 51636.5 0 0
130 197 58 51640.8 0 0
133 200 58 51645 0 0
131 190 58 51649.2 0 0
134 199 58 51653.4 0 0
135 198 58 51657.6 0 0
130 196 58 51661.8 0 0
133 197 58 51666 0 0
130 196 58 51670.3 0 0
131 199 58 51674.5 0 0
134 197 58 51678.7 0 0
135 194 58 51682.9 0 0
131 201 58 51687.1 0 0
134 192 58 51691.3 0 0
132 190 58 51695.6 0 0
134 193 58 51699.8 0 0
132 193 58 51704 0 0
133 199 58 51708.2 0 0
115 208 59 51715.4 0 0
115 208 59 51723.6 0 0
102 214 58 51731.3 0 0
97 207 58 51735.5 0 0
92 213 58 51740.3 0 0
91 212 58 51744.5 0 0
89 216 58 51748.8 0 0
91 214 59 51753 0 0
95 215 59 51757.2 0 0
91 216 59 51761.4 0 0
93 216 59 51765.6 0 0
90 216 58 51769.8 0 0
91 217 58 51774 0 0
92 217 59 51778.3 0 0
88 210 59 51782.5 0 0
91 212 59 51786.8 0 0
89 210 58 51791 0 0
91 212 58 51795.2 0 0
88 211 58 51799.4 0 0
91 210 59 51803.6 0 0
89 212 58 51807.8 0 0
88 214 58 51812 0 0
90 211 58 51816.2 0 0
88 213 58 51820.5 0 0
92 214 58 51824.7 0 0
90 209 58 51828.9 0 0
89 213 59 51833.1 0 0
89 213 58 51837.3 0 0
87 214 58 51844.3 0 0
89 215 58 51852.5 0 0
87 215 58 51861 0 0
85 215 58 51869.2 0 0
89 214 58 51877.7 0 0
90 212 58 51886 0 0
88 214 58 51894.2 0 0
87 215 58 51902.7 0 0
87 215 58 51910.9 0 0
88 214 58 51918.9 0 0
89 214 58 51923.1 0 0
90 215 58 51927.7 0 0
88 214 58 51931.9 0 0
90 215 59 51936.1 0 0
87 214 58 51940.3 0 0
88 213 59 51944.6 0 0
90 216 59 51948.8 0 0
90 216 59 51953 0 0
91 215 59 51957.2 0 0
85 212 58 51961.4 0 0
88 213 58 51965.6 0 0
89 216 58 51969.8 0 0
88 213 58 51974 0 0
85 215 58 51978.3 0 0
87 213 58 51982.5 0 0
88 216 59 51986.7 0 0
87 215 59 51990.9 0 0
88 214 59 51995.1 0 0
85 214 59 51999.4 0 0
81 212 58 52003.6 0 0
74 206 59 52007.8 0 0
66 195 59 52012 0 0
56 193 58 52016.2 0 0
52 189 58 52020.5 0 0
46 186 58 52024.7 0 0
45 178 58 52028.9 0 0
40 175 57 52035.8 0 0
44 175 57 52040.2 0 0
44 178 58 52044.4 0 0
46 171 57 52048.6 0 0
44 179 57 52052.8 0 0
40 174 58 52057 0 0
43 180 57 52061.2 0 0
42 175 58 52065.5 0 0
40 171 58 52069.7 0 0
42 174 57 52073.9 0 0
41 171 58 52078.1 0 0
40 174 57 52082.3 0 0
38 175 58 52086.5 0 0
39 172 57 52090.8 0 0
41 176 58 52095 0 0
39 171 58 52099.2 0 0
40 177 57 52103.4 0 0
40 169 58 52107.7 0 0
35 170 58 52111.8 0 0
40 177 58 52116.1 0 0
42 177 58 52120.2 0 0
41 178 57 52124.5 0 0
41 169 57 52128.7 0 0
41 169 57 52132.9 0 0
43 174 58 52137.5 0 0
39 173 58 52141.8 0 0
39 176 57 52146 0 0
39 177 58 52150.2 0 0
41 172 58 52154.4 0 0
42 174 58 52158.7 0 0
40 177 57 52162.9 0 0
42 176 58 52167.1 0 0
39 172 57 52171.3 0 0
41 174 58 52175.5 0 0
45 172 58 52179.8 0 0
41 172 58 52183.9 0 0
40 175 58 52188.2 0 0
40 174 58 52192.4 0 0
40 171 58 52196.6 0 0
38 175 58 52200.8 0 0
42 174 57 52205.1 0 0
38 170 58 52209.3 0 0
40 176 58 52213.5 0 0
41 173 58 52217.7 0 0
40 177 58 52221.9 0 0
40 173 58 52226.1 0 0
42 175 57 52230.3 0 0
39 173 58 52234.6 0 0
43 173 58 52238.8 0 0
40 173 58 52243 0 0
40 175 58 52247.2 0 0
39 165 57 52251.4 0 0
40 173 58 52255.7 0 0
39 174 58 52259.9 0 0
39 172 58 52264.1 0 0
39 174 58 52268.3 0 0
41 173 57 52272.5 0 0
40 172 58 52276.8 0 0
40 172 57 52281 0 0
36 165 58 52285.2 0 0
39 172 57 52289.4 0 0
38 172 57 52293.6 0 0
41 171 57 52297.8 0 0
41 172 58 52302 0 0
40 173 58 52306.2 0 0
41 170 58 52310.5 0 0
41 173 57 52314.7 0 0
38 173 58 52318.9 0 0
40 171 57 52323.2 0 0
40 172 57 52327.4 0 0
41 168 57 52331.6 0 0
40 174 57 52335.8 0 0
39 169 58 52340 0 0
39 170 57 52344.2 0 0
40 173 57 52348.4 0 0
38 173 57 52352.7 0 0
37 173 57 52356.9 0 0
39 172 57 52361.1 0 0
39 170 57 52365.3 0 0
40 176 57 52369.5 0 0
38 173 58 52373.7 0 0
41 170 58 52377.9 0 0
39 171 58 52382.2 0 0
40 175 57 52386.4 0 0
41 174 57 52390.6 0 0
58 205 57 52394.8 0 0
38 169 57 52399.2 0 0
38 171 57 52403.4 0 0
40 172 58 52407.6 0 0
41 172 57 52411.8 0 0
38 172 57 52416.1 0 0
42 173 57 52420.3 0 0
38 174 57 52424.5 0 0
40 171 57 52428.7 0 0
38 169 57 52432.9 0 0
39 170 57 52437.2 0 0
40 171 57 52441.4 0 0
39 170 57 52445.7 0 0
39 172 57 52449.9 0 0
40 172 57 52454.1 0 0
39 171 57 52458.3 0 0
39 170 57 52462.5 0 0
39 169 57 52466.7 0 0
37 169 57 52471 0 0
40 172 57 52475.2 0 0
35 165 57 52479.4 0 0
34 173 57 52483.6 0 0
26 168 57 52487.8 0 0
25 174 57 52492.1 0 0
33 175 57 52496.3 0 0
37 170 57 52500.5 0 0
33 173 57 52504.7 0 0
33 169 57 52509.3 0 0
33 171 57 52513.5 0 0
29 171 57 52517.7 0 0
33 169 57 52521.9 0 0
29 169 57 52526.1 0 0
31 172 57 52530.3 0 0
32 170 57 52534.6 0 0
28 167 57 52538.8 0 0
34 178 57 52543 0 0
31 168 57 52547.2 0 0
31 178 57 52551.4 0 0
31 174 57 52555.6 0 0
34 174 57 52559.8 0 0
29 176 57 52564.1 0 0
31 173 57 52568.3 0 0
33 168 57 52572.5 0 0
34 172 57 52576.7 0 0
31 169 57 52580.9 0 0
32 172 57 52585.1 0 0
31 170 57 52589.5 0 0
33 170 57 52593.8 0 0
33 171 57 52598.2 0 0
31 171 57 52602.4 0 0
33 170 57 52606.6 0 0
33 172 57 52610.9 0 0
28 170 57 52615.1 0 0
29 170 57 52619.3 0 0
34 170 57 52623.5 0 0
32 169 57 52627.7 0 0
31 171 57 52631.9 0 0
31 171 57 52636.1 0 0
34 173 57 52640.4 0 0
31 170 57 52644.6 0 0
32 171 57 52648.8 0 0
29 169 57 52653 0 0
30 173 57 52657.2 0 0
30 167 57 52661.4 0 0
32 176 57 52665.6 0 0
33 173 57 52669.9 0 0
34 168 57 52674.1 0 0
30 177 57 52678.3 0 0
31 176 57 52682.5 0 0
29 169 57 52686.7 0 0
32 172 57 52690.9 0 0
31 165 57 52695.2 0 0
30 171 57 52699.4 0 0
32 169 57 52703.6 0 0
30 170 57 52707.8 0 0
33 171 57 52712.1 0 0
32 169 57 52716.3 0 0
33 171 57 52720.5 0 0
35 166 58 52724.7 0 0
50 162 58 52728.9 0 0
57 160 58 52733.2 0 0
68 156 59 52737.4 0 0
75 153 59 52741.6 0 0
79 150 58 52745.8 0 0
87 148 58 52750 0 0
96 141 59 52754.3 0 0
102 143 58 52759.1 0 0
109 141 58 52763.3 0 0
112 141 58 52767.5 0 0
113 140 58 52771.7 0 0
111 137 58 52775.9 0 0
108 139 58 52780.1 0 0
110 140 58 52784.3 0 0
112 140 58 52788.6 0 0
115 140 58 52792.8 0 0
115 140 58 52797 0 0
113 136 58 52801.2 0 0
115 142 58 52805.4 0 0
115 140 58 52809.6 0 0
114 140 58 52813.8 0 0
113 138 58 52818.1 0 0
115 138 58 52822.3 0 0
115 138 58 52826.5 0 0
114 136 58 52830.8 0 0
113 137 58 52835 0 0
113 134 58 52839.2 0 0
112 136 58 52843.4 0 0
112 129 58 52847.6 0 0
115 117 58 52851.9 0 0
118 134 58 52856.1 0 0
128 129 59 52860.3 0 0
139 121 59 52864.5 0 0
147 114 59 52868.7 0 0
155 105 59 52872.9 0 0
163 99 59 52877.1 0 0
172 97 58 52881.4 0 0
175 93 58 52885.6 0 0
180 86 57 52889.8 0 0
186 88 57 52894 0 0
190 87 57 52898.2 0 0
191 86 57 52902.4 0 0
188 83 57 52906.6 0 0
192 85 57 52910.9 0 0
187 80 57 52915.2 0 0
190 83 57 52919.5 0 0
190 89 57 52923.7 0 0
193 82 57 52927.9 0 0
193 84 57 52932.1 0 0
193 82 57 52936.3 0 0
191 84 57 52940.5 0 0
193 84 57 52944.8 0 0
191 85 56 52949 0 0
191 83 57 52953.2 0 0
192 82 57 52957.4 0 0
189 79 57 52961.6 0 0
190 83 57 52965.8 0 0
190 79 57 52970 0 0
191 84 57 52974.3 0 0
191 86 57 52978.5 0 0
191 86 57 52982.7 0 0
195 84 57 52986.9 0 0
203 83 57 52991.1 0 0
209 83 57 52995.3 0 0
218 81 56 52999.5 0 0
225 82 56 53003.7 0 0
225 76 55 53008 0 0
227 73 55 53012.2 0 0
227 73 55 53016.4 0 0
224 69 55 53020.6 0 0
224 72 55 53024.8 0 0
223 72 55 53029 0 0
227 72 55 53033.2 0 0
228 72 55 53037.5 0 0
226 72 55 53041.7 0 0
225 72 55 53045.9 0 0
223 73 55 53050.1 0 0
225 73 55 53054.3 0 0
226 71 55 53058.5 0 0
226 73 55 53062.7 0 0
228 76 55 53067 0 0
228 72 55 53071.4 0 0
225 77 55 53075.6 0 0
224 73 55 53079.8 0 0
224 70 55 53084 0 0
225 71 55 53088.2 0 0
225 77 55 53092.4 0 0
223 72 55 53096.6 0 0
226 75 55 53100.9 0 0
224 76 55 53105.1 0 0
226 71 55 53109.3 0 0
227 76 55 53113.5 0 0
227 73 55 53117.7 0 0
224 72 55 53122.2 0 0
224 74 55 53126.4 0 0
226 73 55 53130.7 0 0
223 77 55 53134.9 0 0
224 72 55 53139.1 0 0
225 73 55 53143.3 0 0
226 75 55 53147.5 0 0
226 74 55 53151.7 0 0
224 76 55 53156 0 0
223 75 55 53160.2 0 0
222 75 55 53164.4 0 0
224 75 55 53168.6 0 0
225 75 55 53172.8 0 0
225 71 55 53177.1 0 0
224 82 55 53181.3 0 0
224 71 55 53185.5 0 0
225 85 55 53189.7 0 0
223 73 55 53193.9 0 0
224 80 55 53198.1 0 0
225 77 55 53202.3 0 0
224 73 55 53206.6 0 0
225 73 55 53210.8 0 0
226 78 55 53215 0 0
225 78 55 53219.2 0 0
225 77 55 53223.4 0 0
226 76 55 53227.6 0 0
226 75 55 53231.8 0 0
225 74 55 53236.1 0 0
224 77 55 53240.3 0 0
224 76 55 53244.5 0 0
226 77 55 53254.7 0 0
223 78 55 53258.9 0 0
225 76 55 53263.1 0 0
226 77 55 53267.3 0 0
223 78 55 53271.5 0 0
227 76 55 53275.7 0 0
222 75 55 53279.9 0 0
226 78 55 53284.2 0 0
227 76 55 53288.4 0 0
226 80 55 53292.6 0 0
228 80 55 53296.9 0 0
227 79 55 53301.1 0 0
224 75 55 53305.3 0 0
225 75 55 53309.5 0 0
226 78 55 53313.7 0 0
225 79 55 53317.9 0 0
226 75 55 53322.2 0 0
226 75 55 53326.4 0 0
228 78 55 53330.7 0 0
229 77 55 53334.9 0 0
226 77 55 53339.1 0 0
224 79 55 53343.5 0 0
224 80 55 53347.8 0 0
226 76 55 53352.2 0 0
225 80 55 53356.4 0 0
227 77 55 53360.6 0 0
227 79 55 53364.8 0 0
229 74 55 53369 0 0
226 75 55 53373.2 0 0
223 77 55 53377.4 0 0
228 75 55 53381.7 0 0
226 77 55 53385.9 0 0
225 73 55 53390.2 0 0
229 76 55 53394.3 0 0
228 81 55 53398.6 0 0
224 77 55 53402.8 0 0
228 81 55 53407 0 0
226 79 55 53411.2 0 0
224 80 55 53415.4 0 0
227 81 55 53419.6 0 0
223 79 55 53423.8 0 0
227 81 55 53428 0 0
224 77 55 53432.2 0 0
225 81 55 53436.4 0 0
230 77 55 53440.7 0 0
227 81 55 53444.9 0 0
224 77 55 53449.1 0 0
225 80 55 53453.3 0 0
225 83 55 53457.5 0 0
228 81 55 53461.7 0 0
226 87 55 53466 0 0
229 86 56 53470.2 0 0
227 83 55 53474.4 0 0
229 81 55 53478.7 0 0
226 85 55 53482.9 0 0
228 85 56 53487.1 0 0
228 75 55 53491.3 0 0
229 80 55 53495.5 0 0
229 88 56 53499.7 0 0
229 89 56 53503.9 0 0
225 80 55 53508.2 0 0
227 88 56 53512.4 0 0
228 85 56 53516.6 0 0
227 84 56 53520.8 0 0
227 87 56 53525 0 0
227 76 55 53529.2 0 0
230 83 56 53533.4 0 0
225 82 56 53537.7 0 0
229 83 56 53541.9 0 0
230 81 56 53546.1 0 0
226 80 56 53550.3 0 0
227 76 55 53554.5 0 0
230 84 56 53558.7 0 0
226 80 56 53563 0 0
227 88 56 53567.2 0 0
226 82 56 53571.4 0 0
227 81 56 53575.7 0 0
225 84 56 53579.9 0 0
222 84 56 53584.1 0 0
212 82 57 53588.3 0 0
202 83 57 53592.5 0 0
189 80 58 53596.7 0 0
179 81 58 53600.9 0 0
175 77 59 53605.2 0 0
169 76 59 53609.4 0 0
165 82 59 53613.6 0 0
153 78 59 53617.9 0 0
149 81 58 53622.2 0 0
146 80 58 53626.4 0 0
149 84 58 53630.6 0 0
148 84 59 53634.8 0 0
152 82 59 53639.1 0 0
150 84 59 53643.3 0 0
150 84 59 53647.5 0 0
147 82 59 53651.7 0 0
150 86 58 53655.9 0 0
147 81 59 53660.1 0 0
144 85 59 53664.3 0 0
148 83 59 53668.6 0 0
147 82 59 53672.8 0 0
147 85 59 53677.1 0 0
146 84 59 53681.3 0 0
144 82 59 53685.5 0 0
149 83 58 53689.8 0 0
146 83 59 53694.1 0 0
145 85 59 53698.3 0 0
147 81 59 53702.6 0 0
148 84 59 53706.8 0 0
146 83 59 53711 0 0
145 82 59 53715.2 0 0
147 81 59 53719.4 0 0
143 84 59 53723.6 0 0
145 80 59 53728.1 0 0
144 85 59 53732.3 0 0
144 79 59 53736.6 0 0
148 78 59 53740.8 0 0
145 82 59 53744.9 0 0
144 78 58 53749.2 0 0
147 77 59 53753.4 0 0
145 79 59 53757.6 0 0
145 77 59 53761.9 0 0
148 81 59 53766.1 0 0
145 79 59 53770.3 0 0
146 79 59 53774.5 0 0
147 81 59 53778.7 0 0
149 76 59 53783 0 0
147 83 59 53787.4 0 0
144 79 59 53791.7 0 0
146 76 59 53795.9 0 0
148 82 59 53800.1 0 0
146 79 59 53804.3 0 0
146 77 59 53808.5 0 0
146 77 59 53812.7 0 0
144 79 59 53816.9 0 0
146 76 59 53821.7 0 0
144 79 59 53825.9 0 0
148 84 59 53830.1 0 0
156 92 59 53834.3 0 0
168 100 59 53838.5 0 0
178 111 59 53842.7 0 0
181 113 58 53846.9 0 0
189 121 58 53851.2 0 0
197 132 57 53855.4 0 0
206 136 57 53859.6 0 0
212 148 57 53863.8 0 0
217 144 56 53868 0 0
220 150 56 53872.2 0 0
220 150 56 53876.5 0 0
218 149 56 53880.7 0 0
218 149 56 53884.9 0 0
221 150 56 53889.2 0 0
220 149 56 53893.4 0 0
224 148 56 53897.6 0 0
221 155 56 53901.8 0 0
221 150 56 53906 0 0
222 154 56 53910.2 0 0
222 152 56 53914.4 0 0
221 152 56 53918.6 0 0
219 156 56 53922.9 0 0
222 159 56 53927.1 0 0
220 156 56 53931.3 0 0
222 157 56 53935.5 0 0
224 155 56 53939.7 0 0
224 158 56 53946.9 0 0
223 158 56 53955.1 0 0
223 150 56 53963.4 0 0
223 152 56 53971.6 0 0
222 153 56 53980.1 0 0
220 154 56 53988.3 0 0
220 153 56 53996.6 0 0
220 153 56 54005.1 0 0
223 149 56 54012.6 0 0
223 151 56 54016.8 0 0
222 151 56 54021.6 0 0
223 154 56 54025.8 0 0
223 152 56 54030 0 0
224 153 56 54034.3 0 0
224 153 56 54038.5 0 0
223 155 56 54042.7 0 0
222 153 56 54046.9 0 0
221 152 56 54051.1 0 0
222 153 55 54055.3 0 0
220 155 56 54059.6 0 0
224 152 55 54063.8 0 0
226 152 56 54068.1 0 0
221 155 56 54072.3 0 0
224 151 56 54076.5 0 0
223 153 56 54080.7 0 0
226 149 56 54084.9 0 0
223 156 55 54089.1 0 0
221 159 56 54093.3 0 0
229 158 56 54097.6 0 0
234 176 56 54101.8 0 0
237 177 55 54106 0 0
241 174 55 54110.2 0 0
238 177 55 54114.4 0 0
237 178 55 54118.7 0 0
235 178 55 54122.9 0 0
238 175 55 54129.9 0 0
236 173 55 54134.2 0 0
235 180 55 54138.4 0 0
235 175 55 54142.7 0 0
238 176 55 54146.8 0 0
237 175 55 54151.1 0 0
241 176 55 54155.6 0 0
238 175 55 54159.8 0 0
236 178 55 54164 0 0
237 176 55 54168.3 0 0
235 176 55 54172.5 0 0
238 175 55 54176.7 0 0
235 175 55 54180.9 0 0
239 176 55 54185.1 0 0
236 177 55 54189.3 0 0
237 177 55 54193.6 0 0
233 178 55 54197.8 0 0
237 177 55 54202 0 0
235 175 55 54208.9 0 0
237 176 55 54213.1 0 0
237 176 55 54217.4 0 0
237 175 55 54221.7 0 0
236 177 55 54225.9 0 0
237 175 55 54230.1 0 0
240 176 55 54234.3 0 0
238 178 55 54238.5 0 0
236 171 55 54242.8 0 0
237 172 55 54247 0 0
236 171 54 54251.2 0 0
239 171 55 54255.5 0 0
237 172 55 54259.7 0 0
237 169 55 54263.9 0 0
239 170 55 54268.1 0 0
236 171 55 54272.3 0 0
236 170 55 54276.5 0 0
237 171 55 54280.7 0 0
237 171 55 54285 0 0
235 174 55 54289.2 0 0
236 170 55 54293.4 0 0
236 173 55 54297.6 0 0
238 173 55 54301.8 0 0
238 170 55 54308.8 0 0
239 170 55 54313 0 0
238 171 55 54317.3 0 0
238 173 55 54321.5 0 0
239 169 55 54325.7 0 0
239 169 55 54330 0 0
239 172 55 54334.2 0 0
239 170 55 54338.4 0 0
239 171 55 54342.6 0 0
238 173 55 54346.9 0 0
236 162 55 54351.3 0 0
238 173 55 54355.5 0 0
236 172 55 54359.7 0 0
238 169 55 54363.9 0 0
237 171 54 54368.1 0 0
237 169 55 54372.4 0 0
236 166 55 54376.7 0 0
236 174 55 54380.9 0 0
237 164 55 54385.2 0 0
236 169 55 54389.4 0 0
237 165 55 54396.2 0 0
237 165 55 54400.4 0 0
235 169 55 54404.6 0 0
237 165 55 54408.8 0 0
237 168 55 54413.1 0 0
237 166 55 54417.3 0 0
234 168 55 54421.6 0 0
233 159 55 54425.8 0 0
228 143 55 54430 0 0
220 121 55 54434.2 0 0
215 114 55 54438.4 0 0
214 108 56 54442.6 0 0
206 107 56 54446.9 0 0
206 105 56 54451.1 0 0
201 88 56 54455.3 0 0
197 92 56 54459.5 0 0
196 84 56 54463.7 0 0
194 86 56 54467.9 0 0
187 80 57 54472.1 0 0
186 81 57 54476.4 0 0
184 80 57 54480.6 0 0
190 86 57 54484.8 0 0
191 89 57 54489 0 0
190 83 57 54493.2 0 0
189 84 57 54500.3 0 0
187 82 57 54504.6 0 0
190 79 57 54509.2 0 0
190 83 57 54513.4 0 0
189 80 57 54517.7 0 0
188 80 57 54521.8 0 0
186 82 57 54526.1 0 0
188 81 57 54530.3 0 0
188 83 57 54534.5 0 0
188 81 57 54538.8 0 0
189 83 57 54543 0 0
187 81 57 54547.2 0 0
186 78 57 54551.4 0 0
189 81 57 54558.5 0 0
187 82 57 54562.7 0 0
187 82 57 54567 0 0
187 79 57 54571.8 0 0
189 79 57 54576 0 0
187 80 57 54580.2 0 0
191 80 57 54584.4 0 0
188 78 57 54588.7 0 0
187 81 57 54592.9 0 0
187 80 57 54597.2 0 0
185 81 57 54601.4 0 0
188 81 57 54605.6 0 0
189 77 58 54612.7 0 0
185 78 57 54616.9 0 0
189 81 57 54621.1 0 0
190 77 57 54625.3 0 0
188 78 57 54629.6 0 0
188 80 58 54633.8 0 0
180 82 58 54638 0 0
171 85 58 54642.2 0 0
158 87 58 54646.4 0 0
147 87 59 54650.6 0 0
140 89 59 54654.8 0 0
132 90 59 54659.2 0 0
125 95 58 54663.5 0 0
121 86 58 54667.8 0 0
118 91 58 54672.1 0 0
122 91 59 54676.3 0 0
124 91 59 54683.2 0 0
122 91 59 54687.4 0 0
117 89 58 54691.7 0 0
117 88 58 54695.9 0 0
117 90 58 54700.2 0 0
120 92 58 54704.4 0 0
117 89 59 54708.6 0 0
119 90 58 54712.8 0 0
121 91 59 54717 0 0
119 91 58 54721.2 0 0
117 88 58 54725.4 0 0
116 89 58 54729.7 0 0
118 88 58 54733.9 0 0
118 91 58 54738.1 0 0
116 84 58 54742.3 0 0
119 88 58 54746.5 0 0
117 89 59 54750.7 0 0
118 86 58 54754.9 0 0
120 90 58 54759.2 0 0
116 89 58 54763.4 0 0
118 87 59 54767.6 0 0
119 88 58 54771.8 0 0
117 91 59 54776 0 0
118 78 58 54780.2 0 0
117 85 58 54784.6 0 0
117 85 58 54788.9 0 0
119 83 59 54793.8 0 0
118 88 58 54798 0 0
119 87 59 54802.2 0 0
117 86 58 54806.4 0 0
121 90 58 54810.6 0 0
117 90 59 54814.8 0 0
120 100 58 54819.1 0 0
116 87 59 54823.3 0 0
120 94 59 54827.5 0 0
117 89 58 54831.8 0 0
115 90 58 54836 0 0
121 90 59 54840.2 0 0
117 85 58 54844.4 0 0
119 91 58 54848.6 0 0
116 89 58 54853.4 0 0
103 73 59 54857.6 0 0
90 66 59 54861.8 0 0
82 56 59 54866 0 0
74 49 59 54870.2 0 0
66 46 58 54874.5 0 0
54 43 58 54878.8 0 0
47 35 58 54883.1 0 0
38 29 57 54887.3 0 0
32 25 57 54891.5 0 0
26 24 57 54895.7 0 0
25 23 57 54899.9 0 0
20 17 57 54904.2 0 0
23 7 57 54908.4 0 0
23 13 57 54912.6 0 0
24 15 57 54916.8 0 0
20 16 57 54921.1 0 0
16 8 57 54925.3 0 0
18 10 57 54929.5 0 0
17 4 57 54933.7 0 0
20 16 57 54937.9 0 0
16 12 57 54942.1 0 0
15 6 57 54946.8 0 0
14 3 57 54951.1 0 0
16 6 57 54955.2 0 0
19 4 57 54959.4 0 0
17 3 57 54963.7 0 0
15 1 57 54974.9 0 0
12 2 57 54979.1 0 0
17 5 57 54983.3 0 0
19 13 57 54987.5 0 0
14 10 57 54991.7 0 0
19 13 57 54995.9 0 0
17 3 57 55000.2 0 0
21 16 57 55004.4 0 0
21 17 57 55009.1 0 0
17 2 57 55013.3 0 0
21 20 57 55017.6 0 0
15 12 57 55021.8 0 0
17 7 57 55025.9 0 0
19 13 57 55033.1 0 0
18 6 57 55037.4 0 0
18 11 57 55042.7 0 0
16 5 57 55046.9 0 0
16 5 57 55053.8 0 0
15 7 57 55059.4 0 0
16 6 57 55074.8 0 0
15 4 57 55079 0 0
18 3 57 55083.2 0 0
14 5 57 55087.4 0 0
13 6 57 55091.7 0 0
10 8 56 55112.2 0 0
15 6 57 55116.4 0 0
10 4 57 55129.2 0 0
12 4 56 55137.7 0 0
11 6 57 55146.1 0 0
10 6 57 55178.9 0 0
9 3 56 55187.3 0 0
8 2 57 55200.1 0 0
11 1 56 55234.1 0 0
8 3 56 55238.3 0 0
8 3 56 55242.5 0 0
10 5 56 55260.1 0 0
16 8 56 55264.3 0 0
11 2 56 55268.5 0 0
9 3 56 55285.3 0 0
8 2 56 55289.6 0 0
9 7 56 55298 0 0
13 9 56 55365.4 0 0
12 10 56 55935.7 0 0
22 15 57 55939.9 0 0
34 26 57 55944.2 0 0
51 43 57 55948.4 0 0
65 58 57 55952.6 0 0
78 114 57 55956.8 0 0
84 174 56 55961 0 0
85 223 53 55965.2 0 0
106 234 55 56058.1 0 0
109 216 56 56062.3 0 0
108 203 56 56066.5 0 0
109 194 57 56070.8 0 0
114 187 57 56075 0 0
117 161 57 56079.2 0 0
116 154 57 56083.4 0 0
114 147 57 56087.6 0 0
118 143 57 56091.8 0 0
117 138 58 56096 0 0
117 138 58 56100.2 0 0
117 133 58 56106.3 0 0
116 132 58 56110.6 0 0
118 133 58 56114.8 0 0
116 134 58 56119 0 0
115 126 58 56123.2 0 0
116 131 58 56127.4 0 0
115 131 58 56131.7 0 0
117 129 58 56135.9 0 0
116 132 58 56140.1 0 0
116 132 58 56144.3 0 0
118 130 58 56148.5 0 0
118 132 58 56152.7 0 0
115 131 58 56156.9 0 0
117 135 58 56161.2 0 0
119 132 58 56165.4 0 0
117 133 58 56169.7 0 0
120 131 58 56173.9 0 0
119 130 58 56178.1 0 0
117 131 58 56182.3 0 0
118 130 58 56186.5 0 0
117 132 58 56190.7 0 0
122 131 58 56195.1 0 0
119 130 58 56199.3 0 0
118 129 58 56203.5 0 0
118 128 58 56207.7 0 0
115 126 58 56211.9 0 0
115 130 58 56216.1 0 0
121 130 58 56220.3 0 0
129 133 58 56224.6 0 0
129 132 58 56228.8 0 0
130 133 58 56233.1 0 0
125 133 58 56237.3 0 0
123 131 58 56241.5 0 0
124 130 58 56245.7 0 0
126 132 58 56249.9 0 0
125 131 58 56254.2 0 0
126 131 58 56258.4 0 0
128 131 59 56262.6 0 0
127 132 58 56266.8 0 0
127 131 58 56271 0 0
126 135 58 56275.2 0 0
125 130 58 56279.4 0 0
124 131 58 56283.7 0 0
127 133 58 56287.9 0 0
127 132 58 56292.1 0 0
127 132 58 56296.3 0 0
128 132 58 56300.5 0 0
127 131 58 56304.7 0 0
126 132 58 56308.9 0 0
125 133 58 56313.2 0 0
127 130 58 56317.4 0 0
128 130 58 56321.6 0 0
127 133 58 56325.8 0 0
127 130 58 56330 0 0
127 132 58 56334.2 0 0
127 127 58 56338.4 0 0
126 129 58 56342.7 0 0
128 124 58 56346.9 0 0
126 131 58 56351.1 0 0
128 127 58 56355.3 0 0
126 121 58 56359.5 0 0
125 127 58 56363.7 0 0
128 124 58 56367.9 0 0
126 124 58 56372.2 0 0
127 127 58 56376.4 0 0
131 130 58 56380.6 0 0
125 123 58 56384.8 0 0
128 126 58 56389.1 0 0
128 124 58 56393.3 0 0
126 128 58 56397.5 0 0
128 128 58 56401.7 0 0
128 127 58 56405.9 0 0
128 127 58 56410.1 0 0
127 125 58 56414.4 0 0
126 130 58 56418.7 0 0
128 126 58 56422.9 0 0
126 129 58 56427.1 0 0
127 128 58 56431.3 0 0
125 128 58 56435.5 0 0
128 127 58 56439.7 0 0
126 129 58 56444 0 0
126 128 58 56448.2 0 0
129 127 58 56452.4 0 0
127 130 58 56456.7 0 0
127 127 58 56460.9 0 0
128 127 58 56465.1 0 0
125 130 58 56469.4 0 0
127 130 58 56473.6 0 0
126 130 58 56477.8 0 0
127 131 58 56482.1 0 0
127 130 58 56486.3 0 0
128 132 58 56490.5 0 0
130 130 57 56494.7 0 0
125 128 58 56499 0 0
126 134 58 56503.2 0 0
129 129 58 56507.4 0 0
125 132 58 56511.6 0 0
127 132 58 56515.8 0 0
127 131 58 56520 0 0
127 133 58 56524.2 0 0
127 128 58 56528.4 0 0
128 130 58 56532.7 0 0
126 132 58 56536.9 0 0
127 130 58 56541.1 0 0
128 130 57 56545.3 0 0
125 129 57 56549.5 0 0
128 131 58 56553.7 0 0
125 132 58 56557.9 0 0
129 130 57 56562.2 0 0
129 132 58 56566.4 0 0
129 130 57 56570.6 0 0
127 131 57 56574.8 0 0
127 131 58 56579 0 0
125 132 58 56583.2 0 0
126 131 58 56587.6 0 0
126 131 58 56591.8 0 0
125 133 57 56596.1 0 0
125 131 57 56600.3 0 0
126 130 58 56604.5 0 0
127 132 58 56608.7 0 0
128 133 57 56612.9 0 0
130 132 57 56617.1 0 0
128 131 57 56621.3 0 0
127 131 57 56625.6 0 0
130 130 57 56629.8 0 0
128 132 57 56634 0 0
125 130 57 56638.2 0 0
125 131 57 56642.4 0 0
129 130 58 56646.6 0 0
127 131 57 56650.8 0 0
128 132 57 56655 0 0
128 131 57 56659.4 0 0
128 132 57 56663.6 0 0
128 134 57 56667.8 0 0
126 131 57 56672 0 0
129 133 57 56676.2 0 0
127 133 57 56680.4 0 0
127 132 57 56684.7 0 0
128 129 57 56688.9 0 0
127 132 57 56693.1 0 0
128 131 58 56697.3 0 0
128 134 57 56701.5 0 0
129 129 57 56705.8 0 0
127 128 57 56709.9 0 0
126 133 57 56714.2 0 0
128 129 57 56718.4 0 0
126 129 57 56722.6 0 0
128 132 57 56726.8 0 0
126 131 57 56731.1 0 0
128 130 57 56735.3 0 0
127 130 57 56739.5 0 0
125 130 57 56743.7 0 0
128 132 58 56747.9 0 0
129 133 57 56752.2 0 0
126 132 57 56756.4 0 0
127 130 57 56760.6 0 0
129 133 57 56764.9 0 0
129 134 57 56769.1 0 0
128 127 57 56773.3 0 0
127 132 57 56777.5 0 0
127 133 57 56781.7 0 0
127 135 57 56785.9 0 0
128 132 57 56791.8 0 0
126 128 57 56796.1 0 0
129 130 57 56800.3 0 0
129 132 57 56804.5 0 0
129 129 57 56808.7 0 0
128 130 57 56812.9 0 0
127 133 57 56817.1 0 0
128 134 57 56821.6 0 0
127 133 57 56825.8 0 0
125 132 57 56830 0 0
127 135 57 56834.2 0 0
129 133 57 56838.4 0 0
129 138 57 56842.7 0 0
127 133 57 56846.9 0 0
125 133 57 56851.1 0 0
130 132 57 56855.3 0 0
127 130 57 56859.5 0 0
127 131 57 56863.7 0 0
125 131 57 56867.9 0 0
127 132 57 56872.2 0 0
126 131 58 56876.4 0 0
126 137 57 56880.6 0 0
126 128 57 56884.8 0 0
126 137 57 56889.1 0 0
129 131 57 56893.2 0 0
128 137 57 56897.5 0 0
128 134 57 56901.7 0 0
130 130 57 56905.9 0 0
127 133 57 56910.1 0 0
127 138 57 56914.3 0 0
127 131 57 56918.6 0 0
126 129 57 56922.8 0 0
129 131 57 56927 0 0
127 129 57 56931.2 0 0
129 132 57 56935.4 0 0
129 129 57 56939.7 0 0
127 132 58 56943.9 0 0
128 130 57 56948.1 0 0
127 135 57 56952.3 0 0
127 128 57 56956.6 0 0
128 128 57 56960.8 0 0
128 132 57 56965 0 0
127 128 57 56969.6 0 0
127 132 57 56973.8 0 0
127 130 57 56978 0 0
124 131 57 56982.2 0 0
129 131 57 56986.4 0 0
131 129 57 56990.7 0 0
127 133 58 56994.9 0 0
130 127 57 56999.1 0 0
129 129 57 57003.3 0 0
129 131 57 57007.5 0 0
128 136 57 57011.8 0 0
126 139 57 57016 0 0
125 132 57 57020.2 0 0
125 138 57 57024.4 0 0
125 133 57 57028.6 0 0
125 132 57 57032.8 0 0
127 131 57 57038 0 0
127 133 57 57042.3 0 0
128 128 57 57046.5 0 0
126 133 58 57050.7 0 0
128 134 58 57054.9 0 0
128 132 57 57059.1 0 0
129 138 57 57063.3 0 0
126 133 57 57067.5 0 0
127 129 57 57071.8 0 0
126 131 57 57076 0 0
127 129 57 57080.2 0 0
129 129 57 57084.4 0 0
126 131 57 57088.6 0 0
128 129 57 57092.8 0 0
127 130 57 57097 0 0
125 132 57 57101.2 0 0
127 131 57 57105.5 0 0
126 128 57 57109.7 0 0
128 130 57 57113.9 0 0
126 126 57 57118.1 0 0
126 131 57 57122.3 0 0
128 129 57 57126.5 0 0
129 130 57 57130.8 0 0
127 129 57 57135 0 0
129 131 57 57139.2 0 0
128 131 57 57143.5 0 0
129 129 57 57147.7 0 0
128 132 57 57151.9 0 0
128 129 57 57156.2 0 0
126 130 57 57160.4 0 0
126 132 57 57164.8 0 0
126 127 57 57169.1 0 0
127 128 57 57173.2 0 0
129 131 57 57177.4 0 0
127 128 57 57181.7 0 0
128 128 57 57185.9 0 0
127 133 57 57190.1 0 0
129 132 57 57194.3 0 0
129 136 57 57198.6 0 0
126 133 57 57202.8 0 0
128 131 57 57207 0 0
129 131 57 57211.2 0 0
132 136 57 57215.4 0 0
128 165 56 57219.6 0 0
125 217 55 57223.9 0 0
114 234 54 57384.9 0 0
116 227 55 57389.1 0 0
117 212 56 57393.3 0 0
122 202 56 57397.5 0 0
123 193 56 57401.8 0 0
123 181 56 57406 0 0
126 177 56 57410.2 0 0
124 168 57 57414.4 0 0
126 162 57 57418.7 0 0
126 154 56 57422.9 0 0
127 143 57 57427.1 0 0
125 139 57 57431.3 0 0
129 135 57 57435.5 0 0
130 132 57 57439.7 0 0
128 129 57 57443.9 0 0
129 129 57 57448.2 0 0
126 127 57 57452.4 0 0
129 129 57 57456.6 0 0
130 127 57 57460.8 0 0
128 125 57 57465 0 0
127 130 57 57469.3 0 0
129 132 57 57473.5 0 0
129 128 57 57477.8 0 0
128 128 57 57482 0 0
128 127 57 57486.2 0 0
128 127 57 57490.4 0 0
126 128 57 57496.9 0 0
126 127 57 57501.2 0 0
127 129 57 57505.8 0 0
128 125 57 57510.1 0 0
127 126 57 57514.3 0 0
127 126 57 57518.5 0 0
127 126 57 57522.7 0 0
128 128 57 57526.9 0 0
128 125 57 57531.2 0 0
129 126 57 57535.4 0 0
128 128 57 57540.2 0 0
128 124 57 57544.4 0 0
128 126 57 57548.6 0 0
129 125 57 57552.8 0 0
131 125 57 57557 0 0
126 129 57 57561.2 0 0
129 127 57 57565.5 0 0
128 128 57 57572.3 0 0
127 127 57 57576.5 0 0
128 125 57 57580.8 0 0
129 127 57 57585 0 0
128 125 57 57589.2 0 0
126 126 57 57593.4 0 0
130 124 57 57597.6 0 0
128 124 57 57601.8 0 0
128 128 57 57606.1 0 0
127 125 57 57610.3 0 0
129 127 57 57614.5 0 0
128 122 57 57618.7 0 0
129 125 57 57622.9 0 0
128 125 57 57627.2 0 0
129 126 57 57631.4 0 0
127 127 57 57635.6 0 0
127 130 57 57639.8 0 0
127 122 57 57644 0 0
127 119 57 57648.2 0 0
128 124 57 57652.4 0 0
129 119 57 57656.7 0 0
127 122 57 57660.9 0 0
129 121 57 57665.1 0 0
128 124 57 57669.3 0 0
127 124 57 57673.6 0 0
127 124 57 57677.8 0 0
127 133 57 57684.5 0 0
130 131 57 57688.7 0 0
130 136 57 57692.9 0 0
127 134 57 57697.2 0 0
129 134 57 57701.4 0 0
125 125 57 57705.6 0 0
130 130 57 57709.8 0 0
129 129 57 57714.1 0 0
128 130 57 57718.3 0 0
130 132 57 57722.5 0 0
127 130 57 57726.7 0 0
129 132 57 57730.9 0 0
126 132 57 57735.2 0 0
130 132 57 57739.4 0 0
131 130 57 57743.6 0 0
132 134 57 57747.8 0 0
128 130 57 57752 0 0
128 127 57 57756.3 0 0
130 135 57 57760.5 0 0
127 131 57 57764.8 0 0
128 138 57 57768.9 0 0
128 138 58 57773.2 0 0
127 138 57 57777.3 0 0
127 140 57 57781.6 0 0
129 133 57 57785.8 0 0
128 139 57 57790 0 0
128 132 57 57794.2 0 0
129 134 57 57798.4 0 0
129 132 57 57802.6 0 0
130 139 57 57806.8 0 0
127 134 57 57811.1 0 0
130 138 57 57815.3 0 0
128 139 57 57819.5 0 0
127 135 57 57823.7 0 0
128 138 57 57827.9 0 0
129 137 57 57832.1 0 0
128 138 57 57836.3 0 0
128 140 57 57840.6 0 0
128 135 57 57844.8 0 0
129 142 57 57849 0 0
130 137 57 57853.2 0 0
128 136 57 57857.4 0 0
128 139 57 57861.6 0 0
128 136 57 57865.8 0 0
130 140 57 57870.1 0 0
130 136 57 57874.3 0 0
130 132 57 57878.5 0 0
128 139 57 57882.7 0 0
129 132 57 57887 0 0
130 135 57 57891.2 0 0
127 132 57 57895.4 0 0
130 135 57 57899.6 0 0
131 133 58 57903.8 0 0
127 132 57 57908.1 0 0
128 135 57 57912.4 0 0
129 131 58 57916.6 0 0
129 133 57 57920.9 0 0
129 131 58 57925.1 0 0
128 130 57 57929.3 0 0
127 131 57 57933.5 0 0
131 131 57 57937.7 0 0
128 130 58 57941.9 0 0
130 132 57 57946.7 0 0
128 124 57 57950.9 0 0
128 124 57 57955.2 0 0
127 132 57 57959.4 0 0
130 129 57 57963.6 0 0
128 125 57 57967.8 0 0
128 129 57 57972 0 0
130 124 57 57976.2 0 0
129 129 57 57980.4 0 0
127 127 57 57984.7 0 0
128 125 57 57988.9 0 0
130 127 58 57993.1 0 0
126 126 57 57997.3 0 0
129 130 57 58001.6 0 0
128 131 57 58005.8 0 0
129 130 57 58010 0 0
130 129 58 58014.2 0 0
128 130 57 58018.4 0 0
129 129 57 58022.6 0 0
130 128 57 58026.8 0 0
129 130 57 58031.1 0 0
129 130 57 58035.3 0 0
130 128 57 58039.5 0 0
130 131 57 58043.8 0 0
130 125 57 58047.9 0 0
130 129 57 58052.2 0 0
129 128 57 58056.4 0 0
130 126 57 58060.6 0 0
129 123 58 58064.8 0 0
128 126 57 58069 0 0
129 123 58 58073.3 0 0
128 125 57 58077.5 0 0
129 124 57 58081.7 0 0
128 124 58 58085.9 0 0
130 121 58 58090.1 0 0
128 125 57 58094.3 0 0
129 129 57 58098.5 0 0
129 122 57 58103.3 0 0
131 127 58 58107.5 0 0
131 123 58 58111.7 0 0
131 123 57 58115.9 0 0
129 125 57 58120.1 0 0
128 123 58 58124.3 0 0
131 125 57 58128.5 0 0
129 122 57 58132.8 0 0
128 124 57 58137 0 0
129 125 57 58141.2 0 0
130 132 57 58145.4 0 0
129 129 57 58149.6 0 0
131 130 57 58153.9 0 0
129 130 57 58158.1 0 0
130 130 57 58162.3 0 0
130 125 57 58166.6 0 0
130 130 57 58170.8 0 0
130 133 57 58175 0 0
130 129 58 58179.2 0 0
130 127 57 58183.4 0 0
129 127 57 58187.6 0 0
130 129 57 58191.8 0 0
130 129 57 58196.1 0 0
127 130 57 58200.3 0 0
131 131 57 58204.5 0 0
129 127 57 58208.7 0 0
130 129 57 58212.9 0 0
130 126 58 58217.1 0 0
129 126 58 58221.5 0 0
130 126 57 58225.7 0 0
133 125 57 58229.9 0 0
130 121 57 58234.2 0 0
130 121 57 58238.4 0 0
130 126 58 58242.6 0 0
129 122 57 58246.8 0 0
129 125 58 58251 0 0
130 125 58 58255.2 0 0
128 125 57 58259.5 0 0
131 124 58 58263.7 0 0
128 122 58 58267.9 0 0
130 123 57 58272.1 0 0
130 122 57 58276.3 0 0
129 123 57 58280.6 0 0
132 123 58 58284.8 0 0
130 122 57 58289.1 0 0
130 122 58 58293.3 0 0
129 122 57 58297.5 0 0
130 120 58 58301.7 0 0
128 124 58 58305.9 0 0
129 123 57 58310.2 0 0
131 124 58 58314.4 0 0
130 127 58 58318.7 0 0
129 122 57 58322.9 0 0
129 124 58 58327.1 0 0
130 129 57 58331.3 0 0
131 131 58 58335.6 0 0
132 129 58 58339.8 0 0
127 124 58 58344 0 0
128 129 58 58348.2 0 0
129 129 58 58352.4 0 0
131 132 58 58356.6 0 0
132 126 58 58360.8 0 0
131 129 58 58365 0 0
128 126 58 58369.2 0 0
131 124 57 58373.4 0 0
128 124 58 58377.7 0 0
128 123 58 58381.9 0 0
131 123 58 58386.1 0 0
130 128 58 58390.3 0 0
128 129 58 58394.5 0 0
130 129 58 58398.7 0 0
127 124 58 58402.9 0 0
130 129 58 58407.2 0 0
127 127 58 58411.4 0 0
128 128 58 58415.7 0 0
129 127 58 58419.9 0 0
130 128 58 58424.1 0 0
131 125 58 58428.3 0 0
130 124 58 58432.5 0 0
130 125 58 58436.7 0 0
131 123 58 58440.9 0 0
131 126 57 58445.2 0 0
129 128 58 58449.4 0 0
127 127 58 58453.6 0 0
130 120 58 58457.9 0 0
129 130 58 58462.1 0 0
129 126 58 58466.3 0 0
128 126 58 58470.5 0 0
128 130 58 58474.7 0 0
128 127 58 58478.9 0 0
130 127 58 58483.2 0 0
129 126 58 58487.4 0 0
127 130 58 58491.6 0 0
130 127 58 58495.8 0 0
130 124 58 58500.1 0 0
130 122 58 58504.4 0 0
131 123 58 58508.7 0 0
131 121 58 58512.9 0 0
130 121 58 58517.1 0 0
127 125 58 58521.3 0 0
131 125 58 58525.5 0 0
129 127 58 58529.7 0 0
131 121 58 58533.9 0 0
131 125 58 58538.2 0 0
129 127 58 58542.4 0 0
127 132 58 58546.6 0 0
131 125 58 58550.8 0 0
129 130 58 58555 0 0
131 125 58 58559.2 0 0
128 129 58 58563.4 0 0
129 130 58 58567.7 0 0
128 129 58 58571.9 0 0
125 128 58 58576.1 0 0
128 127 58 58580.3 0 0
128 127 58 58584.5 0 0
130 121 58 58588.8 0 0
129 123 58 58593.1 0 0
126 123 58 58597.3 0 0
128 125 58 58601.6 0 0
128 122 58 58605.8 0 0
131 123 58 58610 0 0
130 121 58 58614.2 0 0
130 127 58 58618.4 0 0
131 121 58 58622.6 0 0
130 127 58 58626.9 0 0
126 127 58 58631.1 0 0
128 127 58 58635.3 0 0
127 128 58 58639.6 0 0
125 129 58 58643.8 0 0
128 131 58 58648 0 0
127 133 59 58652.2 0 0
128 133 58 58656.4 0 0
128 127 58 58660.7 0 0
128 125 58 58664.9 0 0
130 127 58 58669.1 0 0
128 126 58 58673.3 0 0
127 127 58 58677.6 0 0
128 124 58 58681.8 0 0
128 125 58 58686 0 0
126 126 58 58690.2 0 0
129 128 58 58694.4 0 0
129 125 58 58698.6 0 0
128 129 58 58702.9 0 0
131 123 58 58707.1 0 0
129 127 58 58711.3 0 0
128 129 58 58715.5 0 0
129 128 59 58719.7 0 0
128 129 59 58723.9 0 0
127 130 58 58728.2 0 0
126 129 58 58732.5 0 0
128 131 58 58736.7 0 0
126 130 58 58740.9 0 0
127 127 58 58745.2 0 0
127 132 58 58749.4 0 0
128 130 58 58753.6 0 0
126 128 58 58757.8 0 0
127 128 58 58762 0 0
128 124 58 58766.2 0 0
128 127 58 58770.4 0 0
128 125 58 58774.6 0 0
129 126 58 58778.9 0 0
128 126 58 58783.1 0 0
127 125 58 58787.3 0 0
128 123 59 58791.5 0 0
127 127 59 58795.8 0 0
129 124 58 58800 0 0
129 125 58 58804.2 0 0
127 125 59 58808.4 0 0
126 125 59 58812.6 0 0
127 130 59 58816.8 0 0
127 125 58 58821.1 0 0
128 130 59 58825.3 0 0
129 123 58 58829.6 0 0
125 131 58 58833.8 0 0
127 128 59 58838 0 0
125 129 59 58842.2 0 0
127 130 59 58846.5 0 0
127 128 59 58850.8 0 0
128 118 59 58855.1 0 0
126 128 59 58859.3 0 0
127 123 58 58863.5 0 0
125 128 58 58867.7 0 0
126 128 59 58871.9 0 0
128 124 58 58876.1 0 0
126 126 59 58880.4 0 0
129 123 59 58884.6 0 0
128 127 59 58888.8 0 0
127 126 59 58893 0 0
128 125 59 58897.2 0 0
126 128 59 58901.4 0 0
129 124 59 58905.6 0 0
128 125 58 58909.8 0 0
128 127 59 58914.1 0 0
128 125 59 58918.3 0 0
127 130 59 58922.5 0 0
127 130 59 58926.7 0 0
128 128 59 58930.9 0 0
129 132 59 58935.1 0 0
128 125 58 58939.4 0 0
127 129 59 58943.6 0 0
127 125 59 58947.8 0 0
129 125 59 58952 0 0
126 128 59 58956.2 0 0
126 125 59 58960.4 0 0
127 125 59 58964.6 0 0
127 125 59 58969 0 0
126 125 59 58973.2 0 0
126 125 59 58977.4 0 0
126 127 59 58981.7 0 0
123 126 59 58985.9 0 0
130 122 59 58990.2 0 0
126 127 59 58994.4 0 0
127 128 59 58998.6 0 0
129 126 59 59002.8 0 0
125 125 59 59007 0 0
128 126 59 59011.2 0 0
128 125 59 59015.5 0 0
126 126 59 59019.7 0 0
129 127 59 59023.9 0 0
129 125 59 59028.1 0 0
127 128 59 59032.3 0 0
128 127 59 59036.5 0 0
127 127 59 59040.8 0 0
126 125 59 59045 0 0
127 130 59 59049.2 0 0
124 124 59 59053.4 0 0
129 127 59 59057.6 0 0
127 127 59 59061.8 0 0
126 134 59 59066 0 0
126 122 59 59070.2 0 0
129 129 59 59074.4 0 0
128 138 58 59078.7 0 0
126 183 58 59082.8 0 0
119 232 56 59087.1 0 0
109 240 54 59258.7 0 0
112 234 55 59262.9 0 0
115 222 57 59267.1 0 0
119 212 57 59271.3 0 0
117 208 57 59275.5 0 0
120 198 58 59279.7 0 0
121 192 58 59283.9 0 0
121 179 58 59288.2 0 0
126 175 58 59292.4 0 0
122 164 58 59296.6 0 0
125 159 58 59300.8 0 0
124 152 58 59305 0 0
127 147 58 59309.2 0 0
128 141 58 59313.4 0 0
126 137 58 59317.7 0 0
126 133 58 59321.9 0 0
125 133 58 59326.1 0 0
129 132 58 59330.3 0 0
126 129 59 59334.5 0 0
126 126 58 59338.7 0 0
127 130 58 59342.9 0 0
127 128 59 59347.2 0 0
126 131 59 59351.4 0 0
126 127 58 59355.7 0 0
127 133 59 59359.9 0 0
127 131 59 59364.1 0 0
127 131 59 59368.3 0 0
128 134 59 59372.5 0 0
126 130 58 59376.8 0 0
124 132 58 59381.2 0 0
129 134 58 59385.4 0 0
124 133 59 59389.7 0 0
125 134 58 59393.9 0 0
126 132 58 59398.1 0 0
124 134 59 59402.3 0 0
127 129 58 59406.5 0 0
125 126 59 59410.8 0 0
124 127 58 59415 0 0
126 129 58 59419.2 0 0
125 131 58 59423.5 0 0
125 131 58 59427.7 0 0
127 131 58 59431.9 0 0
126 126 58 59436.1 0 0
126 132 58 59440.3 0 0
129 134 59 59444.5 0 0
124 132 58 59448.8 0 0
127 133 59 59453 0 0
126 133 58 59457.2 0 0
125 131 58 59461.4 0 0
127 127 58 59465.6 0 0
125 128 58 59469.8 0 0
128 128 58 59474 0 0
126 126 59 59478.2 0 0
125 126 58 59482.5 0 0
127 128 58 59486.8 0 0
127 125 59 59491 0 0
127 130 58 59495.2 0 0
127 130 58 59499.4 0 0
128 127 58 59503.6 0 0
124 127 58 59507.8 0 0
128 127 58 59512 0 0
126 129 58 59516.2 0 0
127 128 58 59520.4 0 0
127 130 58 59524.7 0 0
127 126 58 59528.9 0 0
126 128 58 59533.1 0 0
126 128 58 59537.4 0 0
125 129 58 59541.7 0 0
129 127 58 59545.9 0 0
126 129 58 59550.1 0 0
129 126 58 59554.3 0 0
127 130 58 59558.5 0 0
132 130 58 59562.7 0 0
125 129 58 59566.9 0 0
124 127 58 59571.2 0 0
128 134 58 59575.4 0 0
126 128 58 59579.6 0 0
128 124 58 59583.8 0 0
127 133 58 59588 0 0
128 127 58 59592.3 0 0
128 127 58 59596.5 0 0
129 127 58 59600.8 0 0
126 129 58 59605 0 0
128 128 58 59609.2 0 0
125 129 58 59613.4 0 0
129 129 58 59617.6 0 0
127 129 58 59621.8 0 0
129 129 58 59626 0 0
130 128 58 59630.3 0 0
126 130 58 59635.5 0 0
127 133 58 59639.7 0 0
127 130 58 59643.9 0 0
128 133 58 59648.1 0 0
126 128 58 59652.3 0 0
128 131 58 59656.5 0 0
129 135 58 59660.7 0 0
126 135 58 59664.9 0 0
126 127 58 59669.2 0 0
124 136 58 59673.4 0 0
125 133 58 59677.6 0 0
126 133 58 59681.8 0 0
126 130 58 59686 0 0
126 133 58 59690.2 0 0
127 130 58 59694.4 0 0
126 135 58 59698.7 0 0
128 132 57 59702.9 0 0
126 137 57 59707.1 0 0
124 147 58 59711.3 0 0
127 157 58 59715.5 0 0
127 142 57 59719.7 0 0
127 140 58 59723.9 0 0
127 138 57 59728.1 0 0
126 143 58 59732.4 0 0
126 141 58 59736.6 0 0
125 144 58 59740.8 0 0
125 141 58 59745 0 0
126 143 58 59749.2 0 0
125 146 57 59753.5 0 0
126 138 58 59757.7 0 0
129 144 58 59761.9 0 0
129 140 58 59766.1 0 0
126 139 58 59770.3 0 0
128 143 58 59774.6 0 0
126 142 58 59778.8 0 0
128 141 58 59783 0 0
128 143 57 59787.3 0 0
129 139 58 59791.5 0 0
128 142 58 59795.7 0 0
128 141 58 59799.9 0 0
128 142 58 59804.1 0 0
128 142 58 59808.3 0 0
127 143 57 59812.5 0 0
127 145 57 59816.7 0 0
128 144 58 59821.2 0 0
126 138 58 59825.4 0 0
128 145 58 59829.6 0 0
126 142 58 59833.8 0 0
127 145 58 59838 0 0
126 147 57 59842.2 0 0
128 144 58 59846.5 0 0
127 145 58 59850.7 0 0
126 143 58 59854.9 0 0
130 138 58 59859.2 0 0
127 136 58 59863.4 0 0
131 129 58 59867.6 0 0
129 125 57 59871.8 0 0
128 127 58 59876 0 0
128 128 57 59880.2 0 0
127 130 57 59884.4 0 0
127 131 58 59888.7 0 0
128 134 57 59892.9 0 0
127 133 57 59897.1 0 0
128 134 57 59901.3 0 0
129 132 57 59905.5 0 0
127 130 57 59909.8 0 0
127 131 57 59914 0 0
128 133 57 59918.2 0 0
130 132 57 59922.4 0 0
125 135 58 59926.6 0 0
129 130 58 59930.8 0 0
127 130 57 59935.1 0 0
128 129 57 59939.3 0 0
130 133 58 59943.5 0 0
130 131 58 59947.8 0 0
128 134 58 59952 0 0
128 133 57 59956.2 0 0
128 130 57 59960.4 0 0
130 130 57 59964.6 0 0
128 131 57 59969 0 0
125 129 57 59973.2 0 0
130 129 57 59977.4 0 0
130 127 58 59981.7 0 0
128 130 57 59985.9 0 0
129 129 58 59990.1 0 0
128 128 58 59994.3 0 0
128 129 57 59998.5 0 0
130 129 58 60002.7 0 0
126 128 57 60007 0 0
128 130 58 60011.2 0 0
129 130 58 60015.4 0 0
128 130 58 60019.7 0 0
129 130 57 60023.9 0 0
129 132 57 60028.1 0 0
127 130 57 60032.3 0 0
126 132 57 60036.6 0 0
127 130 57 60040.9 0 0
128 130 57 60045.1 0 0
130 129 58 60049.3 0 0
126 128 57 60053.6 0 0
126 130 57 60057.8 0 0
126 129 57 60062 0 0
128 130 57 60066.2 0 0
129 130 57 60070.4 0 0
128 129 57 60074.6 0 0
129 131 57 60078.8 0 0
129 130 57 60083 0 0
130 130 57 60087.2 0 0
128 129 57 60091.4 0 0
130 129 57 60095.7 0 0
127 130 57 60099.9 0 0
128 130 57 60104.1 0 0
127 128 57 60108.3 0 0
130 129 57 60112.5 0 0
129 128 57 60116.7 0 0
127 130 57 60121 0 0
127 129 57 60125.2 0 0
125 134 57 60129.4 0 0
129 133 57 60133.6 0 0
128 134 57 60137.8 0 0
127 136 57 60142.1 0 0
130 132 57 60146.2 0 0
127 135 57 60150.5 0 0
127 133 57 60154.7 0 0
127 134 57 60158.9 0 0
129 130 57 60163.2 0 0
128 131 57 60167.4 0 0
126 131 57 60171.6 0 0
127 130 57 60175.8 0 0
127 130 57 60180 0 0
127 130 57 60184.2 0 0
128 130 57 60188.4 0 0
127 129 57 60192.7 0 0
127 133 57 60196.9 0 0
128 134 57 60201.1 0 0
127 130 57 60205.3 0 0
130 134 57 60209.5 0 0
126 129 57 60213.7 0 0
127 135 56 60218 0 0
127 134 57 60222.2 0 0
124 133 57 60226.4 0 0
124 136 57 60230.6 0 0
128 128 56 60234.9 0 0
127 135 57 60239.1 0 0
127 130 57 60243.3 0 0
128 131 57 60247.5 0 0
130 129 57 60251.8 0 0
130 132 57 60256.2 0 0
128 129 57 60260.4 0 0
125 134 57 60264.6 0 0
127 133 57 60268.8 0 0
127 132 56 60273 0 0
127 133 56 60277.2 0 0
128 130 56 60281.4 0 0
128 135 56 60285.6 0 0
128 130 57 60290.3 0 0
129 134 57 60294.5 0 0
127 131 56 60298.7 0 0
125 131 57 60302.9 0 0
126 134 56 60307.1 0 0
127 133 56 60311.3 0 0
123 128 56 60315.6 0 0
130 129 56 60319.8 0 0
127 129 56 60324 0 0
128 127 57 60328.2 0 0
129 127 56 60332.5 0 0
128 126 56 60336.7 0 0
125 126 56 60340.9 0 0
128 128 56 60345.1 0 0
125 126 57 60349.3 0 0
127 133 56 60353.6 0 0
129 132 56 60357.8 0 0
126 130 56 60362 0 0
127 132 56 60366.2 0 0
126 132 56 60370.4 0 0
127 135 56 60374.6 0 0
127 131 56 60378.8 0 0
127 133 56 60383 0 0
126 133 56 60387.3 0 0
126 130 57 60391.5 0 0
129 131 56 60395.7 0 0
124 134 56 60399.9 0 0
124 130 56 60404.1 0 0
127 134 56 60408.3 0 0
126 128 57 60412.5 0 0
129 128 56 60416.8 0 0
128 129 56 60421 0 0
127 133 56 60425.2 0 0
126 129 56 60429.4 0 0
128 131 56 60433.6 0 0
126 132 56 60440.4 0 0
127 131 56 60444.7 0 0
127 129 56 60448.9 0 0
128 131 56 60453.1 0 0
126 134 56 60457.3 0 0
130 133 56 60461.7 0 0
127 133 56 60465.9 0 0
125 131 56 60470.2 0 0
129 132 56 60474.4 0 0
126 135 56 60478.7 0 0
127 129 56 60483 0 0
127 135 56 60487.2 0 0
127 129 56 60491.4 0 0
130 131 56 60495.6 0 0
128 126 56 60500.9 0 0
128 129 56 60505.1 0 0
128 129 56 60511.1 0 0
128 134 56 60515.3 0 0
128 128 56 60519.6 0 0
127 132 56 60523.8 0 0
128 131 56 60528.1 0 0
129 129 56 60532.3 0 0
130 131 56 60536.6 0 0
127 131 56 60540.8 0 0
129 132 56 60545 0 0
128 130 56 60549.2 0 0
128 130 56 60553.4 0 0
127 133 56 60557.6 0 0
126 129 56 60561.8 0 0
128 127 56 60566.1 0 0
128 132 56 60570.3 0 0
127 129 56 60574.5 0 0
131 130 56 60578.7 0 0
129 125 56 60582.9 0 0
125 129 56 60587.2 0 0
128 125 56 60591.4 0 0
129 125 56 60595.6 0 0
127 130 56 60599.8 0 0
128 129 57 60604.1 0 0
127 133 57 60611.2 0 0
130 142 57 60619.5 0 0
127 166 56 60627.7 0 0
130 177 56 60636 0 0
127 177 56 60644.5 0 0
131 171 56 60652.7 0 0
131 171 56 60661.2 0 0
129 172 56 60668.8 0 0
128 175 56 60673 0 0
133 176 57 60677.9 0 0
129 180 56 60682.1 0 0
128 179 56 60686.3 0 0
130 179 56 60690.5 0 0
129 178 56 60694.8 0 0
129 180 56 60699 0 0
131 176 56 60703.2 0 0
130 176 56 60707.4 0 0
131 175 56 60711.6 0 0
128 179 56 60715.8 0 0
132 178 56 60720.2 0 0
133 178 57 60724.4 0 0
132 174 56 60728.6 0 0
129 181 57 60732.9 0 0
132 176 56 60737.1 0 0
130 177 57 60741.3 0 0
131 179 56 60745.5 0 0
130 176 56 60749.7 0 0
129 180 56 60753.9 0 0
129 180 56 60758.2 0 0
129 180 57 60762.6 0 0
128 178 57 60766.8 0 0
132 179 57 60773.6 0 0
128 176 57 60777.8 0 0
131 181 56 60782 0 0
132 178 56 60786.3 0 0
128 177 57 60790.5 0 0
131 179 57 60794.7 0 0
128 178 57 60798.9 0 0
128 177 56 60803.1 0 0
129 178 57 60807.3 0 0
129 175 57 60811.5 0 0
129 179 57 60815.7 0 0
129 177 56 60820 0 0
132 177 56 60824.2 0 0
130 178 57 60828.4 0 0
130 178 56 60832.7 0 0
132 177 57 60836.8 0 0
130 178 57 60841.1 0 0
130 180 57 60845.3 0 0
127 179 57 60849.5 0 0
131 177 56 60853.7 0 0
132 179 57 60857.9 0 0
131 177 57 60862.1 0 0
131 180 57 60866.3 0 0
132 178 57 60870.5 0 0
129 178 57 60874.8 0 0
130 179 57 60879 0 0
129 177 57 60886 0 0
129 177 57 60890.2 0 0
129 174 57 60894.4 0 0
129 173 57 60898.6 0 0
130 175 57 60902.8 0 0
132 177 57 60907.1 0 0
129 178 57 60911.3 0 0
128 177 57 60915.7 0 0
131 177 57 60919.9 0 0
132 179 57 60924.1 0 0
130 179 57 60928.3 0 0
129 176 57 60932.5 0 0
129 176 57 60936.7 0 0
130 175 57 60940.9 0 0
128 176 57 60945.1 0 0
131 177 57 60949.3 0 0
131 178 57 60953.6 0 0
129 181 57 60957.8 0 0
129 179 57 60962 0 0
131 180 57 60966.2 0 0
130 180 57 60970.4 0 0
130 179 57 60974.6 0 0
130 180 57 60978.8 0 0
129 183 57 60985.9 0 0
130 180 57 60994.1 0 0
131 177 57 61002.6 0 0
127 184 57 61010.8 0 0
130 180 57 61019.1 0 0
131 177 57 61027.6 0 0
131 177 57 61035.8 0 0
129 178 57 61043.8 0 0
130 179 57 61048.1 0 0
128 178 57 61052.5 0 0
130 177 57 61056.7 0 0
127 180 57 61060.9 0 0
127 178 57 61065.2 0 0
131 176 57 61069.4 0 0
130 178 57 61073.6 0 0
131 176 57 61077.8 0 0
131 169 57 61082 0 0
130 162 57 61086.2 0 0
132 148 57 61090.4 0 0
130 139 57 61094.7 0 0
128 134 57 61098.9 0 0
129 137 57 61103.1 0 0
130 135 57 61107.3 0 0
129 136 57 61111.5 0 0
126 141 57 61115.7 0 0
127 142 57 61119.9 0 0
130 139 57 61124.2 0 0
129 139 57 61128.4 0 0
128 139 57 61132.6 0 0
129 136 57 61136.8 0 0
129 140 57 61141.1 0 0
128 134 57 61145.3 0 0
130 140 57 61149.5 0 0
126 139 57 61156.5 0 0
131 140 57 61164.7 0 0
129 134 57 61173.2 0 0
130 137 57 61181.4 0 0
128 139 57 61189.9 0 0
127 139 57 61198.2 0 0
130 139 57 61206.4 0 0
129 138 57 61214.9 0 0
129 138 57 61223.1 0 0
129 142 57 61231.4 0 0
130 140 57 61235.6 0 0
129 136 57 61239.9 0 0
130 136 57 61244.1 0 0
130 141 57 61255.4 0 0
129 134 57 61259.7 0 0
131 134 57 61264.8 0 0
128 137 57 61269.1 0 0
129 136 57 61273.3 0 0
129 133 57 61277.5 0 0
131 136 57 61281.7 0 0
131 139 57 61285.9 0 0
130 140 57 61290.1 0 0
129 140 57 61294.3 0 0
130 140 57 61298.5 0 0
129 140 57 61302.7 0 0
131 139 57 61306.9 0 0
130 143 57 61311.2 0 0
131 135 57 61315.4 0 0
130 134 57 61319.6 0 0
129 138 57 61323.8 0 0
130 146 57 61328.1 0 0
129 185 56 61332.3 0 0
122 236 54 61336.5 0 0
114 239 54 61523.2 0 0
116 233 54 61527.4 0 0
118 226 55 61531.6 0 0
122 217 56 61535.8 0 0
123 208 56 61540.1 0 0
125 199 56 61544.3 0 0
126 189 56 61548.5 0 0
125 182 56 61552.7 0 0
126 175 56 61556.9 0 0
129 166 56 61561.1 0 0
131 163 56 61565.3 0 0
129 158 57 61569.6 0 0
133 153 57 61573.8 0 0
130 147 57 61578 0 0
131 144 57 61582.2 0 0
131 138 57 61586.4 0 0
130 139 57 61590.6 0 0
131 136 57 61594.8 0 0
133 135 57 61599.1 0 0
132 136 57 61603.3 0 0
131 136 57 61610.3 0 0
132 139 57 61614.5 0 0
130 136 57 61618.7 0 0
130 140 57 61622.9 0 0
130 137 57 61627.2 0 0
129 137 57 61631.4 0 0
130 142 57 61635.6 0 0
131 140 57 61639.8 0 0
129 140 57 61644.1 0 0
133 138 57 61648.3 0 0
132 135 57 61652.5 0 0
130 129 57 61656.8 0 0
126 123 57 61661 0 0
129 134 57 61665.2 0 0
130 129 57 61669.4 0 0
131 133 57 61673.6 0 0
129 132 57 61677.8 0 0
131 134 57 61682 0 0
130 134 57 61686.2 0 0
131 129 57 61690.5 0 0
127 128 57 61694.7 0 0
127 124 57 61698.9 0 0
124 131 57 61703.1 0 0
126 127 57 61707.3 0 0
127 133 57 61711.5 0 0
126 127 57 61715.8 0 0
129 131 57 61722.6 0 0
125 128 57 61726.9 0 0
129 131 57 61731.1 0 0
124 129 57 61735.3 0 0
127 128 57 61739.6 0 0
130 130 57 61743.8 0 0
128 124 57 61748 0 0
129 127 57 61752.2 0 0
127 129 57 61756.4 0 0
126 124 57 61760.7 0 0
131 126 57 61764.9 0 0
129 127 57 61769.1 0 0
126 123 57 61773.3 0 0
127 129 57 61777.5 0 0
128 125 57 61781.7 0 0
128 127 57 61785.9 0 0
128 128 57 61790.3 0 0
126 122 57 61794.6 0 0
130 130 57 61798.8 0 0
128 127 57 61803 0 0
129 126 57 61807.2 0 0
127 123 57 61811.4 0 0
127 123 57 61818.3 0 0
127 128 56 61825.1 0 0
130 130 57 61829.3 0 0
127 123 57 61835 0 0
126 124 57 61839.2 0 0
130 129 57 61843.5 0 0
131 123 57 61847.7 0 0
130 128 57 61851.9 0 0
131 126 57 61856.1 0 0
129 122 57 61860.3 0 0
129 127 56 61864.5 0 0
129 122 57 61868.7 0 0
129 127 57 61872.9 0 0
129 125 57 61877.2 0 0
130 122 57 61881.4 0 0
130 127 57 61885.6 0 0
129 123 57 61889.8 0 0
129 127 56 61894 0 0
130 126 57 61898.2 0 0
128 125 57 61902.5 0 0
130 125 57 61906.7 0 0
129 122 57 61910.9 0 0
129 124 57 61915.1 0 0
129 126 57 61919.3 0 0
128 123 57 61923.5 0 0
131 127 57 61927.8 0 0
129 122 56 61932 0 0
127 122 57 61936.2 0 0
128 127 57 61940.4 0 0
128 127 57 61944.7 0 0
129 122 57 61950.1 0 0
131 128 57 61954.3 0 0
129 119 56 61958.5 0 0
131 126 57 61962.7 0 0
128 120 57 61966.9 0 0
128 119 57 61971.1 0 0
130 127 57 61975.3 0 0
131 121 57 61979.6 0 0
127 128 57 61983.8 0 0
129 126 57 61988 0 0
127 121 57 61992.2 0 0
129 129 56 61996.4 0 0
127 125 57 62000.6 0 0
129 127 57 62004.8 0 0
128 127 57 62009.1 0 0
127 126 56 62013.3 0 0
129 127 57 62017.6 0 0
128 125 57 62021.8 0 0
126 124 57 62026 0 0
128 128 57 62030.3 0 0
130 123 57 62034.5 0 0
130 127 57 62038.8 0 0
125 126 57 62043.1 0 0
132 126 57 62047.3 0 0
132 128 57 62051.6 0 0
128 130 57 62055.8 0 0
129 129 57 62060 0 0
128 123 57 62064.2 0 0
128 130 57 62068.5 0 0
129 123 57 62072.7 0 0
130 125 57 62076.9 0 0
132 130 57 62081.1 0 0
128 120 57 62085.3 0 0
132 126 57 62089.5 0 0
130 127 56 62093.8 0 0
128 122 57 62098 0 0
129 134 56 62102.8 0 0
130 123 57 62107 0 0
131 124 56 62111.2 0 0
128 126 57 62115.4 0 0
129 130 57 62119.7 0 0
128 122 57 62123.9 0 0
130 121 56 62128.1 0 0
131 126 56 62132.3 0 0
129 125 57 62136.6 0 0
131 126 56 62140.8 0 0
129 125 56 62145 0 0
130 125 57 62149.2 0 0
128 127 56 62153.4 0 0
128 126 56 62157.6 0 0
130 126 57 62161.8 0 0
130 127 56 62166.1 0 0
128 123 57 62170.3 0 0
125 130 56 62174.5 0 0
129 127 56 62178.7 0 0
128 120 56 62182.9 0 0
131 128 56 62187.2 0 0
128 121 56 62191.4 0 0
128 126 56 62195.6 0 0
131 129 56 62199.8 0 0
128 127 56 62204 0 0
129 127 57 62208.2 0 0
130 125 57 62212.4 0 0
128 127 56 62216.6 0 0
129 128 56 62220.8 0 0
130 126 56 62225.1 0 0
130 127 56 62229.3 0 0
129 122 56 62233.5 0 0
130 129 57 62237.7 0 0
132 121 56 62241.9 0 0
129 122 57 62246.1 0 0
129 125 56 62250.4 0 0
126 120 56 62254.6 0 0
129 125 57 62260.5 0 0
129 124 56 62264.7 0 0
127 124 56 62268.9 0 0
130 131 56 62273.2 0 0
127 124 57 62277.3 0 0
128 124 56 62281.6 0 0
127 120 57 62285.8 0 0
126 120 57 62290.3 0 0
131 127 57 62294.5 0 0
128 125 56 62298.7 0 0
129 126 56 62302.9 0 0
128 125 56 62307.1 0 0
130 127 56 62311.3 0 0
127 125 56 62315.5 0 0
128 120 56 62319.8 0 0
131 126 56 62324 0 0
130 127 56 62328.2 0 0
130 127 56 62332.4 0 0
130 124 56 62336.6 0 0
128 123 56 62340.8 0 0
131 124 56 62345.1 0 0
131 122 56 62349.3 0 0
129 120 56 62353.5 0 0
131 126 57 62357.7 0 0
127 123 56 62361.9 0 0
131 124 56 62366.1 0 0
130 127 56 62370.3 0 0
131 128 56 62374.6 0 0
128 130 56 62378.8 0 0
130 124 56 62383 0 0
129 128 56 62387.2 0 0
130 129 57 62391.4 0 0
129 126 56 62395.6 0 0
128 129 56 62399.8 0 0
130 128 56 62404.1 0 0
130 126 56 62408.2 0 0
130 123 57 62412.5 0 0
129 127 56 62416.7 0 0
129 119 56 62420.9 0 0
129 124 56 62425.1 0 0
128 122 56 62429.3 0 0
130 122 56 62433.5 0 0
129 122 56 62437.8 0 0
130 120 56 62442.2 0 0
127 125 56 62446.4 0 0
130 130 56 62450.6 0 0
129 129 56 62454.8 0 0
127 129 56 62459 0 0
128 130 56 62463.2 0 0
128 125 56 62467.5 0 0
130 126 56 62471.7 0 0
128 125 56 62475.9 0 0
131 125 56 62480.2 0 0
126 170 55 62484.4 0 0
121 219 54 62488.6 0 0
112 236 53 62678.5 0 0
116 229 54 62682.7 0 0
118 225 54 62686.9 0 0
119 216 55 62691.1 0 0
121 209 55 62695.4 0 0
120 194 55 62699.6 0 0
125 191 55 62703.8 0 0
125 185 55 62708 0 0
128 169 56 62712.2 0 0
126 162 56 62716.4 0 0
126 152 56 62720.6 0 0
129 146 56 62724.8 0 0
128 140 56 62729.1 0 0
128 134 56 62733.3 0 0
131 133 56 62737.5 0 0
129 132 56 62741.7 0 0
128 132 56 62745.9 0 0
129 132 56 62750.2 0 0
127 130 56 62754.4 0 0
130 132 56 62758.6 0 0
129 133 56 62762.8 0 0
126 133 56 62767 0 0
132 132 56 62771.2 0 0
130 131 56 62775.4 0 0
131 132 56 62779.6 0 0
130 130 56 62783.9 0 0
131 134 56 62788.1 0 0
130 129 56 62792.3 0 0
128 137 56 62796.6 0 0
129 130 56 62800.8 0 0
127 135 56 62805 0 0
128 132 57 62809.3 0 0
131 129 56 62813.5 0 0
130 132 56 62817.7 0 0
130 131 56 62821.9 0 0
130 129 56 62826.2 0 0
129 127 56 62830.4 0 0
129 129 56 62834.6 0 0
130 130 56 62838.8 0 0
130 128 56 62843 0 0
130 132 56 62847.2 0 0
128 132 56 62851.4 0 0
132 129 56 62855.7 0 0
128 134 56 62859.9 0 0
130 133 56 62864.1 0 0
129 132 56 62868.3 0 0
127 133 56 62872.5 0 0
127 131 56 62876.7 0 0
129 134 56 62881 0 0
128 130 56 62885.2 0 0
130 131 56 62889.4 0 0
128 133 56 62893.6 0 0
128 131 56 62897.9 0 0
132 134 56 62902.1 0 0
129 134 56 62906.3 0 0
131 133 56 62910.5 0 0
130 131 56 62914.8 0 0
130 132 56 62919 0 0
130 127 56 62923.2 0 0
130 130 56 62927.4 0 0
129 133 56 62931.6 0 0
130 130 56 62935.8 0 0
127 130 57 62940 0 0
132 133 56 62944.2 0 0
127 130 56 62948.5 0 0
130 126 56 62952.7 0 0
131 132 56 62956.9 0 0
127 132 56 62961.1 0 0
127 131 56 62965.3 0 0
127 131 56 62969.5 0 0
129 128 56 62973.7 0 0
130 126 56 62977.9 0 0
130 124 56 62982.1 0 0
129 130 56 62986.3 0 0
131 132 56 62990.6 0 0
127 126 56 62994.8 0 0
129 129 56 62999 0 0
127 127 56 63003.2 0 0
130 127 56 63007.4 0 0
128 125 57 63011.6 0 0
131 123 56 63015.8 0 0
128 128 56 63020 0 0
129 127 56 63024.2 0 0
128 127 56 63028.4 0 0
131 125 56 63032.7 0 0
128 124 56 63036.9 0 0
