128 121 41 42032.8 0 0
129 118 41 42037 0 0
128 123 41 42041.2 0 0
127 122 41 42045.4 0 0
131 119 41 42049.7 0 0
130 120 41 42053.9 0 0
129 119 41 42058.1 0 0
130 122 41 42062.3 0 0
128 116 41 42066.6 0 0
130 124 41 42070.8 0 0
126 117 41 42075 0 0
126 122 41 42079.2 0 0
129 120 41 42083.4 0 0
129 122 41 42087.6 0 0
129 122 41 42091.9 0 0
129 122 41 42096.1 0 0
130 121 41 42100.3 0 0
130 119 41 42104.5 0 0
126 121 41 42108.7 0 0
129 122 41 42112.9 0 0
128 122 41 42117.1 0 0
128 122 41 42121.4 0 0
129 121 41 42125.6 0 0
130 122 41 42129.8 0 0
127 124 41 42134.1 0 0
128 120 41 42138.2 0 0
130 123 41 42142.5 0 0
127 121 41 42146.7 0 0
132 121 41 42151 0 0
127 121 41 42155.2 0 0
130 123 41 42159.4 0 0
130 122 41 42163.7 0 0
127 119 41 42167.9 0 0
127 122 41 42172.1 0 0
131 123 41 42176.3 0 0
129 121 41 42180.5 0 0
127 123 41 42184.7 0 0
130 121 41 42188.9 0 0
129 122 41 42193.2 0 0
130 121 41 42197.4 0 0
129 120 41 42201.6 0 0
128 122 41 42205.8 0 0
129 124 41 42210 0 0
127 119 41 42214.2 0 0
127 126 41 42218.4 0 0
127 119 41 42222.7 0 0
126 122 41 42226.9 0 0
129 122 41 42231.1 0 0
127 120 41 42235.3 0 0
131 123 41 42239.5 0 0
131 123 0 42243.8 0 0
129 123 41 42248 0 0
129 121 41 42252.2 0 0
131 123 41 42256.4 0 0
130 120 41 42260.6 0 0
128 120 41 42264.8 0 0
128 121 41 42269.1 0 0
132 123 41 42273.3 0 0
127 121 41 42277.5 0 0
126 119 41 42281.7 0 0
129 123 41 42285.9 0 0
127 122 41 42290.2 0 0
129 124 41 42294.6 0 0
129 123 41 42298.9 0 0
130 121 41 42303.1 0 0
128 123 41 42307.3 0 0
126 122 41 42311.6 0 0
128 121 41 42315.8 0 0
129 122 41 42320 0 0
128 121 41 42324.2 0 0
129 123 41 42328.4 0 0
128 124 41 42332.6 0 0
127 122 41 42336.8 0 0
127 125 41 42341.1 0 0
128 124 41 42345.4 0 0
129 121 41 42349.7 0 0
129 125 41 42353.8 0 0
127 121 41 42358.1 0 0
129 123 41 42362.2 0 0
126 121 41 42366.5 0 0
130 122 41 42370.7 0 0
127 124 41 42374.9 0 0
127 122 41 42379.1 0 0
127 123 41 42383.4 0 0
130 121 41 42387.6 0 0
129 120 41 42391.8 0 0
127 124 41 42396 0 0
128 121 41 42400.2 0 0
129 125 41 42404.4 0 0
126 124 41 42408.7 0 0
130 123 41 42412.9 0 0
128 123 41 42417.1 0 0
130 125 41 42421.3 0 0
128 121 41 42425.5 0 0
127 122 41 42429.7 0 0
130 121 41 42434 0 0
129 121 41 42438.3 0 0
129 122 41 42442.5 0 0
129 123 41 42446.7 0 0
127 123 41 42450.9 0 0
130 124 41 42455.1 0 0
129 123 41 42459.3 0 0
128 123 41 42463.5 0 0
128 121 41 42467.8 0 0
129 120 41 42472 0 0
127 121 41 42476.2 0 0
129 121 41 42480.4 0 0
130 122 41 42484.6 0 0
129 121 41 42488.8 0 0
129 121 41 42493.1 0 0
127 121 41 42497.3 0 0
129 122 41 42501.5 0 0
127 123 41 42505.7 0 0
128 122 41 42510 0 0
127 124 41 42514.2 0 0
127 125 41 42518.4 0 0
129 125 41 42522.6 0 0
129 124 41 42526.8 0 0
130 125 41 42531 0 0
128 125 41 42535.2 0 0
128 123 41 42539.7 0 0
127 122 41 42543.9 0 0
127 122 0 42548.1 0 0
128 122 41 42552.3 0 0
129 122 41 42556.5 0 0
126 120 41 42560.8 0 0
126 120 0 42565 0 0
127 123 41 42569.2 0 0
127 124 41 42573.4 0 0
127 127 41 42577.6 0 0
128 123 41 42581.8 0 0
125 123 41 42586 0 0
128 125 41 42590.2 0 0
126 125 41 42594.7 0 0
127 122 41 42598.9 0 0
130 126 41 42603.1 0 0
128 122 41 42607.3 0 0
129 124 41 42611.5 0 0
127 122 41 42615.8 0 0
127 124 41 42620 0 0
126 121 41 42624.2 0 0
127 121 41 42628.4 0 0
127 122 41 42632.6 0 0
128 124 41 42636.8 0 0
130 122 40 42641 0 0
129 123 41 42645.3 0 0
128 122 41 42649.6 0 0
129 122 41 42653.8 0 0
127 124 41 42658 0 0
127 124 41 42662.2 0 0
129 125 40 42666.4 0 0
126 120 41 42670.6 0 0
128 122 40 42674.8 0 0
133 122 41 42679.1 0 0
129 121 40 42683.3 0 0
127 124 41 42687.5 0 0
129 122 41 42691.7 0 0
126 122 40 42695.9 0 0
130 123 41 42700.1 0 0
127 126 41 42704.3 0 0
124 122 40 42708.6 0 0
127 125 41 42712.8 0 0
126 122 41 42717 0 0
129 120 40 42721.2 0 0
127 123 41 42725.4 0 0
128 125 41 42729.7 0 0
127 124 40 42733.8 0 0
127 121 41 42738.1 0 0
130 122 41 42742.3 0 0
127 122 40 42746.5 0 0
126 121 40 42750.8 0 0
129 122 40 42755 0 0
130 124 41 42759.2 0 0
125 122 41 42763.4 0 0
128 125 40 42767.6 0 0
126 124 41 42771.8 0 0
129 122 40 42776.1 0 0
127 124 40 42780.3 0 0
127 122 41 42784.5 0 0
125 121 40 42789.1 0 0
129 122 40 42793.3 0 0
127 120 41 42797.5 0 0
129 126 40 42801.7 0 0
127 123 41 42806 0 0
126 123 40 42810.2 0 0
131 122 40 42814.4 0 0
126 124 41 42818.6 0 0
130 123 40 42822.9 0 0
129 124 41 42827.1 0 0
127 124 40 42831.3 0 0
128 125 41 42835.5 0 0
130 125 41 42839.7 0 0
129 124 40 42843.9 0 0
125 124 40 42848.2 0 0
125 123 41 42852.4 0 0
127 123 40 42856.6 0 0
127 122 40 42860.8 0 0
128 123 41 42865 0 0
129 121 40 42869.2 0 0
129 122 41 42873.4 0 0
129 121 41 42877.7 0 0
127 124 40 42881.9 0 0
128 123 41 42886.1 0 0
128 124 41 42890.3 0 0
126 122 41 42894.5 0 0
126 123 41 42898.8 0 0
129 122 41 42903 0 0
128 124 41 42907.2 0 0
128 125 41 42911.4 0 0
130 123 41 42915.6 0 0
128 122 41 42919.8 0 0
128 122 41 42924.1 0 0
128 125 40 42928.3 0 0
129 123 41 42932.6 0 0
130 125 41 42936.8 0 0
130 125 0 42941 0 0
128 120 40 42945.2 0 0
129 123 41 42949.4 0 0
128 124 41 42953.7 0 0
129 121 41 42957.9 0 0
127 122 41 42962.1 0 0
128 122 41 42966.3 0 0
129 124 41 42970.5 0 0
130 123 41 42974.7 0 0
127 124 41 42979 0 0
128 121 41 42983.2 0 0
128 127 41 42987.4 0 0
130 121 41 42991.6 0 0
124 123 41 42995.8 0 0
129 121 41 43000 0 0
128 121 41 43004.2 0 0
129 120 41 43008.4 0 0
128 121 41 43012.7 0 0
129 123 41 43016.9 0 0
127 122 41 43021.1 0 0
128 121 41 43025.3 0 0
128 120 41 43029.6 0 0
127 123 41 43033.8 0 0
