132 129 66 1010.04 0 0
133 128 66 1014.26 0 0
132 130 66 1018.46 0 0
132 129 66 1022.66 0 0
132 125 66 1026.87 0 0
133 125 66 1031.09 0 0
131 126 66 1035.3 0 0
133 125 66 1039.52 0 0
135 126 66 1043.74 0 0
131 128 66 1047.94 0 0
132 126 66 1052.14 0 0
133 125 65 1056.35 0 0
133 127 66 1060.56 0 0
133 128 66 1064.81 0 0
134 127 66 1069.04 0 0
134 129 66 1073.26 0 0
133 128 66 1077.46 0 0
134 128 66 1081.66 0 0
134 128 66 1085.86 0 0
133 128 66 1090.08 0 0
135 129 65 1094.29 0 0
134 128 66 1101.23 0 0
132 126 66 1109.71 0 0
133 126 66 1117.96 0 0
133 127 65 1126.47 0 0
132 126 66 1134.69 0 0
132 126 66 1142.94 0 0
132 126 66 1150.41 0 0
134 126 66 1154.66 0 0
133 127 66 1159.68 0 0
134 128 66 1163.93 0 0
132 127 66 1168.17 0 0
134 126 66 1172.45 0 0
131 126 66 1176.68 0 0
134 127 66 1180.89 0 0
133 126 66 1185.11 0 0
135 128 66 1189.33 0 0
135 126 66 1193.85 0 0
134 128 66 1198.06 0 0
134 126 65 1202.27 0 0
134 129 66 1206.47 0 0
134 127 66 1210.67 0 0
135 127 66 1214.89 0 0
132 130 66 1219.12 0 0
133 130 66 1223.33 0 0
132 129 66 1227.58 0 0
135 130 65 1231.8 0 0
133 128 66 1236 0 0
135 128 65 1242.84 0 0
133 127 66 1247.12 0 0
132 126 66 1251.5 0 0
133 127 66 1255.73 0 0
135 128 65 1259.94 0 0
135 127 66 1264.16 0 0
134 126 66 1268.36 0 0
136 126 66 1272.56 0 0
135 127 66 1276.82 0 0
133 128 66 1281.03 0 0
133 125 66 1285.25 0 0
134 128 66 1289.47 0 0
133 127 66 1293.68 0 0
132 124 66 1297.9 0 0
129 117 66 1302.1 0 0
128 115 66 1306.3 0 0
131 116 66 1310.53 0 0
128 115 66 1314.75 0 0
130 110 66 1318.98 0 0
129 112 66 1323.2 0 0
128 109 66 1327.4 0 0
128 109 66 1331.61 0 0
129 110 66 1338.17 0 0
129 108 66 1342.4 0 0
126 103 66 1346.62 0 0
126 103 66 1350.85 0 0
127 104 66 1355.1 0 0
126 103 66 1359.32 0 0
128 102 66 1363.52 0 0
128 100 65 1367.74 0 0
127 101 66 1372 0 0
127 103 66 1376.23 0 0
127 100 66 1380.93 0 0
130 100 66 1385.14 0 0
127 98 65 1389.35 0 0
128 97 66 1393.56 0 0
127 99 65 1397.76 0 0
125 98 65 1401.97 0 0
126 96 65 1406.18 0 0
126 98 65 1410.39 0 0
126 96 65 1414.59 0 0
128 94 65 1418.88 0 0
125 94 64 1423.1 0 0
128 95 65 1427.32 0 0
128 94 65 1431.51 0 0
126 93 64 1435.75 0 0
126 92 64 1439.98 0 0
127 89 64 1444.21 0 0
126 91 64 1448.42 0 0
128 89 64 1452.63 0 0
124 85 64 1456.83 0 0
124 83 64 1461.04 0 0
124 75 64 1465.46 0 0
124 77 64 1469.67 0 0
124 72 64 1473.89 0 0
121 73 63 1478.12 0 0
121 72 63 1482.33 0 0
121 73 63 1486.54 0 0
119 68 62 1490.74 0 0
121 68 63 1495.02 0 0
119 67 63 1499.25 0 0
119 67 62 1503.5 0 0
120 66 62 1507.74 0 0
122 65 62 1511.95 0 0
121 66 62 1516.15 0 0
121 63 62 1520.35 0 0
118 64 62 1524.55 0 0
120 65 62 1528.78 0 0
117 64 62 1532.99 0 0
118 64 61 1537.22 0 0
122 63 61 1541.45 0 0
119 61 61 1545.66 0 0
119 61 61 1549.86 0 0
119 60 61 1554.06 0 0
123 60 61 1558.29 0 0
118 61 61 1562.51 0 0
121 60 61 1566.75 0 0
119 63 61 1570.97 0 0
121 62 60 1575.17 0 0
118 60 61 1579.38 0 0
119 61 61 1583.58 0 0
115 59 60 1587.79 0 0
111 56 60 1592.1 0 0
106 52 60 1596.63 0 0
102 50 60 1600.84 0 0
98 49 60 1605.1 0 0
93 46 59 1609.3 0 0
90 46 59 1613.51 0 0
88 44 59 1617.71 0 0
84 42 59 1621.94 0 0
83 41 59 1626.16 0 0
87 39 59 1630.38 0 0
87 38 59 1634.61 0 0
88 36 59 1638.81 0 0
88 37 59 1643.01 0 0
83 37 58 1647.21 0 0
86 37 58 1651.46 0 0
85 38 58 1655.67 0 0
83 35 58 1659.89 0 0
87 37 58 1664.11 0 0
83 38 58 1668.37 0 0
84 38 59 1672.59 0 0
88 38 59 1676.79 0 0
85 37 58 1680.99 0 0
86 38 58 1685.22 0 0
84 37 58 1689.43 0 0
84 41 58 1693.77 0 0
85 38 58 1697.98 0 0
85 38 58 1702.18 0 0
85 38 58 1706.39 0 0
85 39 57 1710.59 0 0
83 41 57 1717.38 0 0
83 37 57 1721.64 0 0
83 38 58 1725.92 0 0
84 37 57 1730.16 0 0
84 37 57 1734.37 0 0
84 39 58 1738.57 0 0
85 39 57 1742.77 0 0
83 35 57 1746.99 0 0
82 38 57 1751.21 0 0
83 35 57 1756.28 0 0
83 33 57 1760.49 0 0
82 28 57 1771.57 0 0
80 23 57 1780.05 0 0
84 20 57 1788.29 0 0
82 17 57 1796.54 0 0
84 20 57 1804.77 0 0
84 19 57 1813.28 0 0
82 22 57 1821.74 0 0
82 22 57 1829.99 0 0
84 22 57 1837.92 0 0
83 23 57 1842.14 0 0
82 22 57 1846.5 0 0
83 19 57 1850.74 0 0
86 20 57 1854.98 0 0
81 20 56 1859.18 0 0
84 22 57 1863.38 0 0
83 20 57 1867.58 0 0
84 21 57 1871.8 0 0
82 25 57 1876.02 0 0
83 21 56 1880.25 0 0
83 21 57 1884.46 0 0
81 20 56 1888.68 0 0
82 22 56 1892.89 0 0
82 22 56 1897.11 0 0
81 22 57 1901.48 0 0
86 25 57 1905.74 0 0
81 24 56 1909.96 0 0
82 21 57 1914.17 0 0
84 26 56 1918.4 0 0
81 22 57 1922.74 0 0
85 25 56 1926.95 0 0
80 23 57 1931.2 0 0
80 25 56 1935.43 0 0
82 24 57 1939.65 0 0
84 22 56 1946.39 0 0
82 21 57 1950.63 0 0
83 21 56 1954.85 0 0
84 23 57 1959.05 0 0
83 21 57 1963.27 0 0
80 19 56 1967.49 0 0
82 25 56 1971.71 0 0
79 22 57 1975.94 0 0
84 22 57 1980.17 0 0
80 22 57 1984.38 0 0
82 27 57 1988.58 0 0
87 27 57 1992.78 0 0
92 32 57 1997.01 0 0
101 36 57 2001.22 0 0
106 39 58 2005.44 0 0
116 44 57 2009.67 0 0
119 51 57 2013.88 0 0
119 58 56 2018.08 0 0
121 62 56 2022.28 0 0
122 64 56 2026.49 0 0
118 64 57 2030.71 0 0
118 63 57 2034.92 0 0
120 63 57 2039.14 0 0
124 64 57 2043.35 0 0
120 64 57 2047.56 0 0
125 65 57 2051.76 0 0
123 65 57 2055.96 0 0
124 66 57 2060.18 0 0
120 65 57 2064.4 0 0
122 65 57 2068.72 0 0
124 66 57 2075.5 0 0
125 66 57 2079.74 0 0
124 66 57 2083.98 0 0
125 66 57 2088.19 0 0
124 65 57 2092.41 0 0
125 68 57 2096.63 0 0
123 63 57 2100.88 0 0
127 67 57 2105.23 0 0
125 66 57 2109.43 0 0
125 66 57 2113.63 0 0
125 67 57 2117.83 0 0
126 65 57 2122.07 0 0
127 66 57 2126.28 0 0
125 65 57 2130.51 0 0
125 66 57 2134.72 0 0
124 63 57 2138.93 0 0
126 64 57 2143.13 0 0
128 64 57 2147.34 0 0
126 63 58 2151.56 0 0
124 63 57 2155.77 0 0
124 63 57 2159.98 0 0
125 65 57 2164.19 0 0
122 63 57 2168.48 0 0
124 65 58 2172.72 0 0
127 66 57 2179.63 0 0
124 65 57 2183.88 0 0
124 65 58 2188.1 0 0
126 65 58 2192.32 0 0
126 65 58 2196.54 0 0
127 65 58 2200.76 0 0
126 64 58 2204.96 0 0
127 64 58 2209.17 0 0
127 65 58 2213.38 0 0
126 64 58 2217.61 0 0
127 64 58 2221.83 0 0
127 63 58 2226.06 0 0
123 62 58 2230.29 0 0
125 65 58 2234.5 0 0
126 66 59 2238.7 0 0
125 64 58 2242.9 0 0
125 66 58 2247.14 0 0
124 65 58 2251.35 0 0
125 65 58 2255.98 0 0
126 66 58 2260.2 0 0
123 66 58 2267.07 0 0
126 65 59 2271.34 0 0
127 66 58 2275.54 0 0
124 64 59 2279.77 0 0
125 65 59 2283.98 0 0
124 65 59 2288.22 0 0
125 70 59 2292.44 0 0
124 69 59 2296.64 0 0
125 76 59 2300.84 0 0
123 78 58 2307.22 0 0
121 80 59 2311.52 0 0
125 83 59 2317.02 0 0
125 81 59 2321.29 0 0
124 78 59 2325.5 0 0
127 78 59 2329.71 0 0
125 76 59 2333.91 0 0
122 78 59 2338.12 0 0
124 78 59 2342.39 0 0
124 77 59 2346.6 0 0
125 78 59 2350.81 0 0
125 78 60 2355.24 0 0
128 77 59 2359.44 0 0
124 78 59 2363.64 0 0
124 77 59 2367.84 0 0
121 79 60 2372.18 0 0
124 77 60 2376.39 0 0
126 80 59 2380.69 0 0
126 79 60 2384.9 0 0
123 80 59 2389.12 0 0
123 78 60 2395.94 0 0
126 80 60 2400.18 0 0
125 78 60 2404.45 0 0
123 78 60 2408.68 0 0
125 81 60 2412.91 0 0
126 79 60 2417.13 0 0
125 80 60 2421.39 0 0
125 78 60 2425.61 0 0
125 81 60 2429.82 0 0
124 80 61 2434.03 0 0
124 80 60 2438.24 0 0
124 81 61 2442.59 0 0
123 80 60 2446.81 0 0
125 81 61 2451.09 0 0
126 80 60 2455.29 0 0
126 81 60 2459.5 0 0
125 81 60 2463.82 0 0
126 79 61 2468.06 0 0
124 81 60 2472.28 0 0
123 77 61 2476.51 0 0
124 81 61 2480.74 0 0
124 78 61 2487.59 0 0
125 81 61 2491.83 0 0
124 78 61 2496.05 0 0
124 81 61 2500.31 0 0
126 83 61 2504.54 0 0
125 85 61 2508.76 0 0
125 90 61 2512.96 0 0
128 103 61 2517.16 0 0
129 106 61 2521.36 0 0
132 120 61 2525.58 0 0
135 132 60 2529.81 0 0
134 142 61 2534.03 0 0
133 145 61 2538.27 0 0
136 154 61 2542.5 0 0
133 169 60 2546.7 0 0
133 178 61 2550.9 0 0
133 183 61 2555.11 0 0
132 188 61 2559.34 0 0
132 188 61 2563.55 0 0
135 185 61 2567.78 0 0
136 181 61 2572.01 0 0
137 183 61 2576.21 0 0
135 186 61 2580.41 0 0
134 184 61 2587.28 0 0
132 186 61 2591.55 0 0
133 188 61 2595.8 0 0
135 188 61 2600.02 0 0
135 185 61 2604.56 0 0
136 186 61 2608.77 0 0
133 187 61 2612.98 0 0
135 188 61 2617.18 0 0
133 188 61 2621.4 0 0
133 184 61 2625.67 0 0
135 186 61 2629.91 0 0
132 184 61 2634.13 0 0
131 188 61 2638.34 0 0
133 186 61 2642.54 0 0
135 188 61 2646.75 0 0
135 185 61 2651.12 0 0
134 187 61 2655.33 0 0
134 187 61 2659.54 0 0
134 184 61 2666.07 0 0
132 183 61 2670.35 0 0
134 180 61 2674.57 0 0
136 172 61 2678.77 0 0
137 169 61 2683.08 0 0
138 161 61 2687.33 0 0
134 164 61 2691.76 0 0
135 162 61 2695.98 0 0
136 170 62 2700.19 0 0
134 164 61 2704.39 0 0
135 166 62 2708.6 0 0
132 166 62 2712.8 0 0
136 167 62 2717.01 0 0
134 168 62 2721.23 0 0
131 166 62 2725.49 0 0
134 163 61 2729.72 0 0
133 160 62 2733.92 0 0
134 165 62 2738.12 0 0
134 164 61 2742.32 0 0
133 165 62 2746.54 0 0
134 162 62 2750.76 0 0
131 164 62 2754.99 0 0
132 161 62 2759.21 0 0
135 160 62 2763.43 0 0
133 163 62 2767.64 0 0
132 150 62 2771.84 0 0
134 166 62 2776.05 0 0
134 166 62 2780.28 0 0
134 164 62 2784.5 0 0
135 163 62 2788.73 0 0
132 166 63 2792.96 0 0
135 169 62 2797.16 0 0
134 167 62 2801.36 0 0
134 167 62 2805.56 0 0
134 168 62 2809.78 0 0
133 161 62 2814 0 0
133 164 62 2818.21 0 0
132 162 62 2822.44 0 0
134 165 62 2826.65 0 0
130 149 62 2830.85 0 0
132 163 63 2835.05 0 0
134 167 62 2839.31 0 0
132 165 62 2843.54 0 0
134 169 62 2847.76 0 0
135 164 63 2852.01 0 0
133 164 62 2856.23 0 0
135 167 62 2860.44 0 0
132 164 62 2864.64 0 0
133 166 62 2868.84 0 0
135 170 62 2873.06 0 0
133 174 62 2877.29 0 0
137 171 62 2881.52 0 0
136 174 62 2885.73 0 0
135 171 62 2889.95 0 0
136 174 63 2894.16 0 0
135 173 62 2898.36 0 0
135 175 63 2902.93 0 0
134 176 63 2907.17 0 0
132 171 63 2911.39 0 0
135 174 62 2915.6 0 0
132 174 63 2919.86 0 0
136 176 63 2924.08 0 0
135 175 63 2928.28 0 0
136 177 62 2932.54 0 0
141 175 63 2936.76 0 0
136 175 62 2941 0 0
134 174 63 2945.23 0 0
138 173 63 2949.44 0 0
136 174 62 2953.64 0 0
135 173 63 2957.84 0 0
135 173 62 2962.04 0 0
137 173 62 2966.29 0 0
140 173 63 2970.5 0 0
137 173 63 2974.74 0 0
138 174 63 2979 0 0
138 173 62 2983.21 0 0
136 175 63 2987.41 0 0
137 174 63 2991.61 0 0
139 171 63 2995.83 0 0
139 173 63 3000.13 0 0
138 172 63 3004.37 0 0
142 174 63 3008.59 0 0
134 182 63 3012.79 0 0
128 175 63 3016.99 0 0
119 180 63 3021.2 0 0
110 187 64 3025.41 0 0
101 198 63 3029.64 0 0
90 198 62 3033.85 0 0
85 201 63 3038.09 0 0
86 200 62 3042.31 0 0
86 202 62 3046.51 0 0
89 196 62 3050.72 0 0
94 200 63 3054.92 0 0
94 197 62 3059.14 0 0
89 200 62 3063.39 0 0
90 202 62 3070.28 0 0
85 201 62 3074.53 0 0
87 200 62 3078.75 0 0
86 206 62 3082.95 0 0
85 204 62 3087.16 0 0
86 203 62 3091.42 0 0
85 205 62 3095.64 0 0
88 198 62 3099.85 0 0
85 199 62 3104.1 0 0
89 199 62 3108.31 0 0
84 205 62 3112.52 0 0
85 202 62 3116.72 0 0
88 200 62 3120.95 0 0
87 204 62 3125.18 0 0
87 203 62 3129.43 0 0
88 200 62 3133.65 0 0
86 204 62 3137.87 0 0
87 203 62 3142.07 0 0
88 202 62 3146.67 0 0
86 205 62 3150.88 0 0
88 201 62 3157.68 0 0
88 202 62 3161.95 0 0
86 202 62 3166.2 0 0
85 206 62 3170.44 0 0
85 203 62 3174.64 0 0
85 204 62 3178.84 0 0
86 204 62 3183.06 0 0
84 203 62 3187.28 0 0
86 202 62 3191.53 0 0
87 206 62 3195.76 0 0
88 203 62 3199.97 0 0
90 206 62 3204.17 0 0
86 206 62 3208.38 0 0
85 206 62 3212.57 0 0
84 206 62 3216.8 0 0
85 198 62 3221.02 0 0
86 205 62 3225.26 0 0
88 201 62 3229.49 0 0
93 191 62 3233.7 0 0
100 182 63 3237.9 0 0
109 168 63 3242.1 0 0
119 148 63 3246.32 0 0
127 141 64 3250.53 0 0
136 134 63 3254.78 0 0
141 127 63 3259 0 0
154 110 63 3263.21 0 0
159 103 62 3270.08 0 0
164 96 62 3274.31 0 0
164 92 62 3278.55 0 0
164 82 62 3282.8 0 0
167 72 62 3287.09 0 0
173 70 62 3291.31 0 0
172 62 62 3295.53 0 0
176 59 62 3299.73 0 0
175 53 62 3303.93 0 0
171 50 62 3308.15 0 0
174 52 62 3312.37 0 0
173 48 62 3316.63 0 0
176 51 62 3320.84 0 0
177 55 62 3325.05 0 0
175 48 62 3329.26 0 0
175 48 62 3333.46 0 0
176 52 62 3337.66 0 0
175 52 62 3341.94 0 0
177 55 62 3346.15 0 0
175 55 62 3350.38 0 0
175 57 62 3354.62 0 0
176 58 62 3358.82 0 0
177 61 62 3363.02 0 0
177 61 62 3367.22 0 0
177 67 62 3371.44 0 0
178 67 62 3375.66 0 0
178 69 62 3379.89 0 0
182 75 62 3384.12 0 0
178 77 62 3390.95 0 0
178 77 62 3395.18 0 0
182 81 62 3399.38 0 0
181 83 62 3403.66 0 0
181 84 62 3407.91 0 0
181 82 62 3412.14 0 0
177 81 62 3416.37 0 0
181 84 63 3420.61 0 0
182 87 63 3424.83 0 0
182 88 63 3429.03 0 0
185 90 63 3433.28 0 0
185 90 62 3437.49 0 0
184 91 62 3441.73 0 0
185 95 62 3445.95 0 0
184 95 62 3450.16 0 0
184 96 62 3454.35 0 0
185 99 62 3458.56 0 0
185 100 62 3462.75 0 0
185 100 62 3466.98 0 0
186 97 62 3471.2 0 0
200 97 62 3478.39 0 0
200 97 62 3486.6 0 0
210 95 61 3494.18 0 0
217 92 60 3498.39 0 0
219 91 60 3503.35 0 0
216 92 60 3507.6 0 0
215 95 60 3511.81 0 0
214 95 61 3516.02 0 0
213 96 60 3520.22 0 0
217 96 61 3524.42 0 0
217 95 60 3528.64 0 0
215 97 60 3532.86 0 0
219 97 61 3537.1 0 0
217 98 60 3541.33 0 0
216 96 60 3545.53 0 0
218 98 60 3549.73 0 0
218 98 60 3553.93 0 0
216 97 60 3558.19 0 0
218 99 60 3562.47 0 0
219 99 60 3566.83 0 0
215 99 60 3571.05 0 0
220 97 60 3575.26 0 0
217 98 60 3579.46 0 0
216 97 60 3586.51 0 0
217 95 60 3590.75 0 0
216 94 60 3594.96 0 0
218 94 60 3599.18 0 0
215 93 60 3603.42 0 0
216 92 60 3607.64 0 0
217 90 60 3611.86 0 0
216 91 60 3616.06 0 0
217 88 60 3620.3 0 0
213 85 60 3624.53 0 0
217 87 60 3628.76 0 0
213 85 60 3633.02 0 0
213 81 60 3637.23 0 0
216 82 60 3641.44 0 0
212 79 60 3645.64 0 0
211 76 60 3649.84 0 0
212 75 60 3654.07 0 0
211 77 60 3658.28 0 0
210 73 60 3662.5 0 0
210 74 60 3666.75 0 0
210 71 60 3670.98 0 0
209 69 60 3675.2 0 0
208 66 60 3679.4 0 0
208 65 60 3683.62 0 0
204 63 60 3687.84 0 0
200 61 60 3692.06 0 0
183 64 61 3696.29 0 0
171 64 62 3703.13 0 0
164 68 62 3707.33 0 0
152 72 63 3711.53 0 0
138 73 63 3715.75 0 0
128 74 64 3719.96 0 0
118 75 64 3724.19 0 0
107 80 64 3728.45 0 0
97 82 64 3732.68 0 0
87 82 63 3736.88 0 0
77 85 63 3741.09 0 0
69 88 63 3745.3 0 0
64 92 62 3749.51 0 0
57 93 63 3753.74 0 0
51 94 63 3757.96 0 0
48 97 62 3762.19 0 0
46 97 62 3766.39 0 0
45 97 62 3770.59 0 0
47 96 62 3774.79 0 0
47 97 62 3779.04 0 0
50 96 62 3783.62 0 0
49 97 62 3787.85 0 0
47 99 62 3794.8 0 0
47 99 62 3799.01 0 0
47 98 62 3803.21 0 0
46 100 62 3807.43 0 0
47 99 62 3811.64 0 0
46 98 62 3815.88 0 0
46 99 62 3820.12 0 0
47 101 62 3824.36 0 0
46 103 62 3828.56 0 0
45 100 62 3832.76 0 0
45 100 62 3836.96 0 0
46 99 62 3841.22 0 0
48 104 62 3845.47 0 0
48 99 62 3849.71 0 0
46 101 62 3854.02 0 0
48 100 62 3858.25 0 0
45 100 62 3862.45 0 0
45 102 62 3866.65 0 0
42 103 62 3873.73 0 0
47 102 62 3878 0 0
48 101 62 3882.22 0 0
46 103 62 3886.44 0 0
47 105 62 3890.67 0 0
44 105 62 3894.87 0 0
47 102 62 3899.08 0 0
47 105 62 3903.28 0 0
45 103 62 3907.51 0 0
45 101 62 3911.72 0 0
47 102 63 3915.93 0 0
45 99 62 3920.22 0 0
48 101 62 3924.43 0 0
46 106 62 3928.63 0 0
46 112 62 3932.84 0 0
39 122 62 3937.05 0 0
41 132 62 3941.31 0 0
40 134 61 3945.55 0 0
40 129 62 3949.78 0 0
42 134 62 3953.98 0 0
44 142 61 3961.14 0 0
43 144 62 3969.4 0 0
45 152 62 3978.2 0 0
45 152 62 3986.11 0 0
45 152 62 3994.59 0 0
45 152 62 3998.82 0 0
45 152 61 4003.05 0 0
45 152 62 4007.29 0 0
45 152 61 4011.5 0 0
45 152 61 4015.7 0 0
45 152 61 4019.9 0 0
45 152 62 4024.1 0 0
45 152 62 4028.32 0 0
45 152 61 4032.54 0 0
45 152 62 4036.8 0 0
45 152 62 4041.02 0 0
45 152 61 4045.23 0 0
45 152 62 4049.43 0 0
45 152 62 4053.63 0 0
45 152 61 4057.85 0 0
45 152 61 4062.06 0 0
45 152 62 4066.3 0 0
45 152 62 4070.58 0 0
45 152 62 4074.79 0 0
45 152 62 4078.99 0 0
45 152 63 4085.79 0 0
45 152 62 4090.05 0 0
45 152 63 4094.3 0 0
45 152 64 4098.55 0 0
45 152 64 4102.8 0 0
45 152 64 4107.03 0 0
45 152 63 4111.24 0 0
45 152 63 4115.44 0 0
45 152 63 4119.7 0 0
45 152 62 4123.97 0 0
45 152 61 4128.22 0 0
45 152 61 4132.46 0 0
45 152 61 4136.67 0 0
45 152 61 4140.87 0 0
45 152 59 4145.07 0 0
45 152 59 4149.27 0 0
45 152 59 4153.53 0 0
45 152 59 4157.77 0 0
45 152 59 4162.09 0 0
45 152 59 4166.32 0 0
45 152 59 4170.55 0 0
45 152 59 4177.67 0 0
45 152 59 4181.91 0 0
208 90 60 4601.75 0 0
204 79 60 4605.97 0 0
200 72 60 4610.18 0 0
196 67 60 4614.43 0 0
192 66 60 4618.63 0 0
190 63 60 4622.85 0 0
191 62 61 4627.07 0 0
192 62 61 4631.3 0 0
188 57 61 4635.53 0 0
191 58 61 4639.73 0 0
193 58 60 4643.96 0 0
190 58 61 4648.18 0 0
191 57 61 4652.4 0 0
194 59 61 4656.6 0 0
192 59 61 4660.83 0 0
193 59 61 4665.04 0 0
191 58 60 4669.61 0 0
193 59 61 4673.82 0 0
193 58 61 4678.03 0 0
190 58 61 4682.24 0 0
193 60 61 4686.45 0 0
195 60 61 4690.69 0 0
191 59 61 4694.94 0 0
192 59 61 4699.16 0 0
191 57 61 4703.37 0 0
192 58 61 4707.58 0 0
193 58 61 4711.78 0 0
190 56 61 4716.05 0 0
192 57 61 4720.25 0 0
191 57 61 4724.51 0 0
193 56 61 4728.73 0 0
192 59 61 4732.95 0 0
190 58 61 4737.15 0 0
193 57 61 4741.35 0 0
193 60 61 4745.57 0 0
193 58 61 4749.79 0 0
192 56 61 4754.02 0 0
188 51 61 4758.25 0 0
186 43 62 4762.46 0 0
184 41 61 4766.66 0 0
183 37 62 4770.88 0 0
181 30 62 4775.08 0 0
181 24 62 4779.3 0 0
179 22 61 4783.51 0 0
176 21 62 4787.75 0 0
180 23 61 4791.97 0 0
180 23 62 4796.17 0 0
179 23 62 4800.37 0 0
183 25 61 4804.58 0 0
180 22 61 4808.8 0 0
182 25 62 4813.03 0 0
179 22 62 4817.26 0 0
179 21 62 4821.48 0 0
180 23 62 4825.73 0 0
179 22 62 4829.93 0 0
179 22 62 4834.14 0 0
179 24 62 4838.34 0 0
178 24 62 4842.55 0 0
179 24 62 4846.76 0 0
181 25 62 4850.99 0 0
178 23 62 4855.21 0 0
178 23 62 4859.41 0 0
180 24 62 4863.62 0 0
179 23 62 4867.83 0 0
180 25 62 4872.1 0 0
180 23 62 4876.36 0 0
178 25 62 4881.17 0 0
177 21 62 4885.38 0 0
180 23 62 4889.6 0 0
178 23 62 4893.81 0 0
180 23 62 4898.01 0 0
180 23 62 4902.25 0 0
180 22 62 4906.45 0 0
178 24 62 4910.67 0 0
178 24 62 4914.89 0 0
178 24 63 4919.4 0 0
180 25 62 4923.61 0 0
179 23 63 4927.81 0 0
180 25 62 4932.01 0 0
179 25 63 4936.24 0 0
180 26 63 4940.49 0 0
179 25 62 4944.74 0 0
179 24 62 4948.95 0 0
179 24 62 4953.15 0 0
179 26 62 4957.35 0 0
178 24 62 4961.55 0 0
179 23 62 4965.77 0 0
185 29 62 4969.98 0 0
192 34 63 4974.23 0 0
202 38 62 4978.45 0 0
209 43 62 4982.66 0 0
217 46 61 4986.91 0 0
226 56 61 4991.11 0 0
231 58 60 4995.32 0 0
232 62 60 4999.54 0 0
228 62 60 5003.77 0 0
224 61 60 5008 0 0
224 63 60 5012.2 0 0
225 60 60 5016.4 0 0
225 59 60 5020.6 0 0
227 61 60 5024.81 0 0
227 58 60 5029.03 0 0
229 61 60 5033.24 0 0
227 60 60 5037.48 0 0
228 61 60 5041.71 0 0
228 60 60 5045.91 0 0
226 60 60 5050.11 0 0
228 62 60 5054.31 0 0
228 59 60 5058.55 0 0
228 61 60 5062.76 0 0
229 61 60 5067 0 0
228 60 60 5071.2 0 0
229 63 60 5075.42 0 0
229 64 60 5079.62 0 0
230 62 60 5083.91 0 0
229 64 60 5088.12 0 0
232 63 60 5092.33 0 0
229 65 60 5096.54 0 0
230 62 61 5100.78 0 0
229 62 60 5105.01 0 0
229 61 60 5109.22 0 0
228 61 60 5113.42 0 0
227 63 60 5117.62 0 0
231 61 60 5121.84 0 0
230 61 60 5126.06 0 0
230 62 60 5130.28 0 0
229 62 60 5134.5 0 0
230 62 60 5138.71 0 0
229 62 60 5142.92 0 0
229 61 60 5147.14 0 0
229 61 60 5151.35 0 0
229 62 60 5155.59 0 0
231 63 60 5159.8 0 0
226 63 60 5164.02 0 0
221 62 60 5168.51 0 0
212 60 61 5172.73 0 0
203 58 61 5176.94 0 0
189 56 62 5181.14 0 0
181 58 63 5185.37 0 0
170 52 63 5189.59 0 0
157 54 64 5193.84 0 0
143 48 64 5198.05 0 0
133 48 65 5202.27 0 0
125 52 64 5206.48 0 0
116 49 65 5210.68 0 0
108 49 65 5214.9 0 0
98 53 65 5219.11 0 0
93 55 64 5223.33 0 0
91 55 64 5227.56 0 0
90 55 64 5231.77 0 0
89 57 64 5235.97 0 0
90 52 64 5240.2 0 0
90 55 64 5244.42 0 0
89 53 64 5248.62 0 0
90 53 64 5252.87 0 0
92 48 64 5257.09 0 0
89 53 64 5261.31 0 0
87 54 64 5265.52 0 0
86 53 64 5269.74 0 0
86 54 64 5273.94 0 0
88 55 64 5278.17 0 0
85 55 64 5282.37 0 0
88 56 64 5286.62 0 0
85 55 64 5290.84 0 0
88 55 64 5295.06 0 0
87 53 64 5299.26 0 0
87 54 64 5303.46 0 0
87 55 64 5307.69 0 0
89 54 64 5311.9 0 0
87 55 64 5316.14 0 0
90 55 64 5320.35 0 0
88 57 64 5324.55 0 0
87 56 64 5328.76 0 0
87 54 64 5332.96 0 0
86 54 64 5337.16 0 0
87 54 65 5341.44 0 0
86 54 64 5345.65 0 0
88 58 64 5349.88 0 0
87 56 64 5354.11 0 0
88 57 64 5358.31 0 0
88 56 64 5362.51 0 0
87 55 64 5366.71 0 0
87 54 64 5370.95 0 0
84 56 65 5375.16 0 0
88 56 64 5379.39 0 0
87 58 64 5383.6 0 0
87 56 64 5387.83 0 0
86 55 64 5392.05 0 0
86 59 64 5396.27 0 0
86 56 64 5400.48 0 0
87 54 64 5404.7 0 0
86 59 64 5408.91 0 0
83 54 64 5413.12 0 0
88 56 64 5417.46 0 0
89 57 64 5421.71 0 0
85 56 64 5425.92 0 0
89 55 64 5430.13 0 0
85 57 64 5434.34 0 0
86 57 64 5438.56 0 0
86 54 64 5443.28 0 0
83 54 64 5447.5 0 0
74 52 64 5451.71 0 0
72 55 64 5455.92 0 0
67 61 64 5460.12 0 0
60 60 64 5464.33 0 0
54 64 64 5468.56 0 0
46 66 64 5472.78 0 0
45 64 64 5477 0 0
39 64 63 5481.21 0 0
36 63 63 5485.43 0 0
38 63 63 5489.64 0 0
41 64 63 5493.84 0 0
44 62 63 5498.06 0 0
43 62 63 5502.3 0 0
43 62 63 5506.52 0 0
39 62 63 5510.73 0 0
37 62 63 5514.94 0 0
36 63 63 5519.13 0 0
35 64 63 5523.34 0 0
36 63 63 5527.57 0 0
36 63 63 5531.79 0 0
39 65 63 5536.01 0 0
35 65 63 5540.23 0 0
38 65 63 5544.45 0 0
35 68 63 5548.65 0 0
38 69 63 5552.85 0 0
42 67 63 5557.06 0 0
36 68 63 5561.28 0 0
38 66 63 5565.53 0 0
37 69 62 5569.75 0 0
38 68 63 5573.97 0 0
38 68 63 5578.17 0 0
38 69 63 5582.38 0 0
39 69 63 5586.58 0 0
39 66 63 5590.81 0 0
37 67 63 5595.03 0 0
39 66 63 5599.24 0 0
36 65 63 5603.46 0 0
38 64 63 5607.68 0 0
37 65 63 5611.88 0 0
38 65 63 5616.1 0 0
40 69 63 5620.31 0 0
40 71 62 5624.52 0 0
41 73 62 5628.76 0 0
43 81 63 5632.98 0 0
44 87 63 5637.21 0 0
47 96 63 5641.42 0 0
48 107 62 5645.63 0 0
48 111 63 5649.83 0 0
52 117 62 5654.18 0 0
58 129 62 5658.46 0 0
59 128 63 5662.67 0 0
55 129 63 5666.98 0 0
57 127 62 5671.21 0 0
55 126 63 5675.42 0 0
58 125 63 5679.62 0 0
55 126 62 5683.84 0 0
55 126 63 5688.05 0 0
55 124 63 5692.27 0 0
55 129 62 5696.5 0 0
55 132 63 5700.71 0 0
58 134 63 5704.91 0 0
58 132 62 5709.12 0 0
58 130 63 5713.33 0 0
56 130 62 5717.55 0 0
54 132 62 5721.76 0 0
56 133 63 5725.98 0 0
57 128 62 5730.2 0 0
57 128 0 5734.41 0 0
67 121 63 5738.61 0 0
77 119 63 5742.81 0 0
87 114 64 5747.03 0 0
95 107 64 5751.24 0 0
102 105 64 5755.95 0 0
106 104 63 5760.17 0 0
106 102 63 5764.37 0 0
109 102 63 5768.57 0 0
111 103 63 5772.78 0 0
108 102 63 5777 0 0
106 101 63 5781.22 0 0
107 98 63 5785.43 0 0
110 99 63 5790.09 0 0
110 100 63 5794.29 0 0
109 97 63 5798.49 0 0
111 97 63 5802.77 0 0
110 96 63 5806.98 0 0
111 95 63 5811.19 0 0
113 96 63 5815.44 0 0
112 93 63 5819.69 0 0
109 95 63 5823.9 0 0
112 93 63 5828.1 0 0
111 95 63 5832.31 0 0
110 94 63 5836.51 0 0
111 92 63 5840.79 0 0
110 93 63 5845.01 0 0
112 94 63 5849.23 0 0
112 95 63 5853.46 0 0
113 94 63 5857.68 0 0
112 92 63 5861.88 0 0
110 90 63 5866.08 0 0
114 93 63 5870.29 0 0
114 94 63 5874.56 0 0
115 94 63 5878.79 0 0
118 92 63 5883.01 0 0
123 93 63 5887.23 0 0
128 91 63 5891.49 0 0
130 94 63 5895.69 0 0
130 91 63 5899.89 0 0
130 91 63 5904.13 0 0
130 91 63 5908.35 0 0
127 91 63 5912.56 0 0
127 90 63 5916.81 0 0
127 91 63 5921.06 0 0
127 90 63 5925.28 0 0
127 90 63 5929.48 0 0
128 90 63 5933.7 0 0
128 90 63 5937.91 0 0
128 90 63 5942.14 0 0
131 89 63 5946.35 0 0
130 91 63 5950.55 0 0
129 91 63 5954.75 0 0
129 91 63 5958.96 0 0
131 91 63 5963.19 0 0
130 88 63 5967.48 0 0
127 89 63 5971.73 0 0
130 90 63 5975.96 0 0
127 89 63 5980.2 0 0
128 88 63 5984.4 0 0
131 90 63 5988.62 0 0
128 89 63 5992.84 0 0
129 90 63 5997.05 0 0
128 89 62 6001.27 0 0
127 89 63 6006.03 0 0
130 90 63 6010.26 0 0
129 90 63 6014.47 0 0
127 90 63 6018.67 0 0
126 91 62 6022.87 0 0
131 89 63 6027.17 0 0
128 89 63 6031.39 0 0
130 90 63 6035.61 0 0
130 90 63 6039.84 0 0
131 88 63 6044.05 0 0
129 91 63 6048.26 0 0
127 90 63 6052.46 0 0
129 89 63 6056.67 0 0
129 91 62 6060.88 0 0
130 89 63 6065.13 0 0
128 89 63 6069.35 0 0
130 92 63 6073.55 0 0
129 91 63 6077.76 0 0
130 93 63 6081.97 0 0
130 90 63 6086.17 0 0
128 93 63 6090.4 0 0
130 91 63 6094.61 0 0
131 88 62 6098.83 0 0
129 90 63 6103.32 0 0
130 91 63 6107.54 0 0
132 90 63 6111.74 0 0
129 90 63 6115.94 0 0
130 90 63 6120.16 0 0
129 89 63 6124.37 0 0
129 91 63 6128.61 0 0
130 90 63 6132.84 0 0
130 90 63 6137.05 0 0
128 90 63 6141.25 0 0
130 90 63 6145.46 0 0
129 92 63 6149.67 0 0
130 90 63 6153.88 0 0
128 90 63 6158.1 0 0
130 90 63 6162.32 0 0
130 91 63 6166.56 0 0
129 91 63 6170.8 0 0
131 91 63 6175.02 0 0
129 91 63 6179.23 0 0
129 91 63 6183.45 0 0
128 93 63 6187.73 0 0
128 91 63 6191.96 0 0
130 92 63 6196.18 0 0
130 92 63 6200.4 0 0
130 91 63 6204.6 0 0
127 92 63 6208.81 0 0
129 93 63 6213.03 0 0
128 92 63 6217.26 0 0
128 92 63 6221.47 0 0
129 93 63 6225.71 0 0
129 92 63 6229.92 0 0
131 93 63 6234.14 0 0
131 93 63 6238.37 0 0
127 91 63 6242.57 0 0
132 93 63 6246.79 0 0
130 91 63 6251 0 0
131 91 63 6255.22 0 0
127 91 63 6259.44 0 0
128 91 63 6263.65 0 0
127 87 63 6267.87 0 0
125 87 63 6272.07 0 0
126 87 63 6276.38 0 0
126 87 63 6280.59 0 0
126 88 63 6284.8 0 0
129 88 63 6289.03 0 0
126 88 63 6293.24 0 0
131 90 63 6297.45 0 0
128 87 63 6301.65 0 0
128 89 63 6305.85 0 0
128 88 63 6311.48 0 0
129 90 63 6315.75 0 0
128 90 63 6319.96 0 0
128 89 63 6324.17 0 0
127 92 64 6328.37 0 0
130 89 63 6332.57 0 0
128 92 63 6336.77 0 0
126 89 63 6340.99 0 0
130 92 63 6345.21 0 0
127 92 63 6349.46 0 0
127 91 63 6353.72 0 0
130 89 63 6357.94 0 0
126 91 63 6362.14 0 0
126 89 63 6366.34 0 0
126 90 63 6370.55 0 0
125 92 63 6374.77 0 0
127 88 63 6379.01 0 0
128 89 63 6383.22 0 0
125 91 63 6387.44 0 0
126 90 63 6391.65 0 0
130 92 63 6395.86 0 0
127 91 63 6400.06 0 0
129 89 63 6404.3 0 0
129 89 63 6408.7 0 0
127 89 63 6412.93 0 0
125 89 63 6417.22 0 0
128 90 63 6421.49 0 0
128 90 63 6425.7 0 0
126 89 63 6429.9 0 0
125 92 63 6434.25 0 0
128 91 63 6438.48 0 0
128 89 63 6442.72 0 0
127 91 63 6446.95 0 0
125 89 63 6451.16 0 0
127 90 63 6455.36 0 0
126 90 63 6459.57 0 0
129 93 64 6463.83 0 0
127 93 64 6468.05 0 0
126 90 63 6472.28 0 0
128 90 63 6476.52 0 0
129 92 64 6480.74 0 0
127 90 63 6484.95 0 0
129 91 63 6489.15 0 0
127 94 64 6493.36 0 0
127 90 63 6497.59 0 0
129 96 64 6501.81 0 0
126 94 64 6506.31 0 0
128 96 64 6510.52 0 0
127 90 63 6514.73 0 0
128 94 64 6518.93 0 0
127 91 63 6523.13 0 0
127 97 64 6527.35 0 0
128 95 64 6531.56 0 0
127 92 63 6535.79 0 0
128 96 64 6540.02 0 0
124 91 64 6544.25 0 0
124 92 64 6548.45 0 0
125 91 64 6552.74 0 0
124 87 63 6556.95 0 0
123 90 64 6561.18 0 0
126 91 64 6565.42 0 0
126 90 64 6569.64 0 0
122 91 64 6573.86 0 0
124 91 64 6578.07 0 0
124 91 64 6582.27 0 0
126 89 64 6586.47 0 0
122 91 64 6590.71 0 0
124 91 64 6594.92 0 0
125 91 64 6599.14 0 0
123 91 64 6603.4 0 0
127 93 64 6607.6 0 0
126 91 64 6611.81 0 0
125 92 64 6616.01 0 0
123 92 64 6620.25 0 0
125 88 63 6624.54 0 0
124 90 64 6628.9 0 0
126 91 64 6633.12 0 0
126 91 64 6637.33 0 0
124 89 64 6641.54 0 0
126 91 64 6645.74 0 0
126 90 64 6649.94 0 0
125 93 64 6654.14 0 0
124 91 64 6658.35 0 0
124 89 64 6662.57 0 0
125 89 64 6666.84 0 0
122 90 64 6671.07 0 0
124 91 64 6675.28 0 0
126 89 64 6679.5 0 0
124 90 64 6683.74 0 0
126 90 64 6687.97 0 0
124 89 64 6692.23 0 0
124 91 64 6696.46 0 0
125 89 64 6700.68 0 0
125 92 64 6704.88 0 0
125 91 64 6709.08 0 0
127 90 64 6713.33 0 0
124 90 64 6717.55 0 0
125 89 64 6721.77 0 0
125 91 64 6726.01 0 0
126 91 64 6730.25 0 0
130 92 65 6734.45 0 0
139 94 65 6738.65 0 0
147 105 65 6742.85 0 0
165 110 65 6747.17 0 0
168 113 64 6751.39 0 0
181 121 64 6756.34 0 0
189 125 63 6760.54 0 0
205 136 62 6764.74 0 0
212 138 62 6768.94 0 0
215 138 61 6773.14 0 0
222 142 61 6777.37 0 0
224 147 61 6781.58 0 0
222 148 60 6785.8 0 0
222 147 60 6790.04 0 0
222 146 61 6794.26 0 0
221 146 61 6798.47 0 0
221 147 60 6802.67 0 0
224 147 61 6806.9 0 0
223 146 60 6811.11 0 0
225 147 61 6815.36 0 0
223 145 61 6819.58 0 0
220 146 60 6823.79 0 0
224 144 61 6827.99 0 0
219 145 60 6832.2 0 0
224 144 61 6836.4 0 0
223 144 61 6840.62 0 0
224 143 61 6844.89 0 0
221 144 60 6849.11 0 0
223 144 61 6853.34 0 0
224 144 61 6857.56 0 0
224 143 61 6861.76 0 0
221 144 61 6865.96 0 0
222 144 61 6870.17 0 0
224 141 61 6874.4 0 0
222 143 61 6878.65 0 0
222 142 61 6882.87 0 0
224 142 61 6887.09 0 0
223 143 61 6891.31 0 0
224 141 61 6895.51 0 0
226 142 62 6899.71 0 0
224 141 61 6903.93 0 0
223 140 61 6908.14 0 0
225 141 61 6912.35 0 0
223 141 61 6916.59 0 0
224 141 61 6920.83 0 0
226 141 61 6925.04 0 0
222 141 61 6929.26 0 0
223 141 61 6933.5 0 0
223 141 62 6937.73 0 0
224 140 61 6941.98 0 0
225 141 61 6946.21 0 0
226 141 61 6950.41 0 0
229 143 61 6954.61 0 0
232 144 61 6958.82 0 0
237 147 61 6963.02 0 0
240 152 61 6967.24 0 0
241 153 61 6971.46 0 0
237 156 61 6975.7 0 0
237 155 60 6979.92 0 0
236 154 60 6984.12 0 0
232 152 60 6988.32 0 0
236 152 61 6992.52 0 0
236 153 60 6996.75 0 0
237 152 61 7000.98 0 0
235 152 61 7005.21 0 0
233 152 61 7009.44 0 0
235 151 61 7013.65 0 0
232 153 60 7017.85 0 0
232 152 60 7022.05 0 0
236 153 60 7026.26 0 0
238 152 60 7030.47 0 0
236 152 61 7034.7 0 0
236 152 60 7038.93 0 0
238 153 61 7043.14 0 0
237 152 61 7047.34 0 0
238 151 60 7051.54 0 0
235 152 61 7055.74 0 0
233 153 61 7060.04 0 0
235 152 61 7064.31 0 0
235 153 61 7068.59 0 0
239 152 61 7072.8 0 0
238 152 61 7077 0 0
237 151 61 7081.2 0 0
239 153 61 7085.4 0 0
235 153 61 7089.65 0 0
236 151 61 7093.88 0 0
236 152 61 7098.1 0 0
239 153 61 7102.34 0 0
237 151 61 7106.56 0 0
237 152 61 7110.76 0 0
235 153 61 7114.96 0 0
236 152 61 7119.17 0 0
236 152 61 7123.41 0 0
237 150 61 7127.67 0 0
233 151 61 7131.92 0 0
237 152 61 7136.13 0 0
237 151 61 7140.34 0 0
235 152 61 7144.54 0 0
239 152 61 7148.74 0 0
237 152 61 7152.98 0 0
238 153 61 7157.23 0 0
237 152 61 7161.45 0 0
237 151 61 7165.69 0 0
233 154 61 7169.93 0 0
237 151 61 7174.14 0 0
236 152 61 7178.34 0 0
236 152 61 7182.56 0 0
237 152 61 7186.77 0 0
240 154 61 7191.02 0 0
239 153 61 7195.23 0 0
237 152 61 7199.45 0 0
235 153 61 7203.65 0 0
238 152 61 7207.85 0 0
236 154 61 7212.05 0 0
236 154 61 7216.27 0 0
240 153 61 7220.47 0 0
237 153 61 7224.73 0 0
239 154 61 7229 0 0
235 153 61 7233.21 0 0
238 152 61 7237.41 0 0
236 153 61 7241.61 0 0
239 153 61 7245.83 0 0
238 154 61 7250.04 0 0
239 154 61 7254.28 0 0
237 153 61 7258.49 0 0
238 153 61 7262.71 0 0
236 155 61 7266.91 0 0
239 153 61 7271.11 0 0
239 154 61 7275.33 0 0
235 155 61 7279.56 0 0
240 155 61 7283.79 0 0
235 155 61 7288.03 0 0
239 155 61 7292.26 0 0
239 155 61 7296.47 0 0
237 156 61 7300.67 0 0
236 155 61 7304.87 0 0
239 154 61 7309.1 0 0
233 155 61 7313.31 0 0
239 155 61 7317.54 0 0
237 158 61 7321.76 0 0
239 157 61 7325.97 0 0
238 158 61 7330.17 0 0
239 157 61 7334.37 0 0
233 158 61 7338.61 0 0
239 156 61 7342.83 0 0
237 158 61 7347.04 0 0
240 158 61 7351.28 0 0
239 157 61 7355.5 0 0
239 158 61 7359.71 0 0
236 156 61 7363.91 0 0
237 158 61 7368.11 0 0
236 157 61 7372.42 0 0
237 158 61 7376.73 0 0
239 157 61 7381.56 0 0
237 158 61 7385.78 0 0
235 158 61 7390 0 0
236 160 61 7394.2 0 0
234 159 61 7398.4 0 0
237 159 61 7402.65 0 0
243 160 61 7406.91 0 0
236 161 61 7411.13 0 0
240 160 61 7415.35 0 0
239 161 61 7419.64 0 0
236 161 61 7423.85 0 0
241 160 61 7428.05 0 0
238 160 61 7432.26 0 0
235 161 61 7436.48 0 0
241 159 61 7440.72 0 0
239 160 61 7444.95 0 0
239 160 61 7449.17 0 0
238 160 61 7453.37 0 0
239 160 61 7457.57 0 0
237 160 61 7461.8 0 0
243 160 61 7466.02 0 0
241 160 61 7470.22 0 0
238 160 61 7474.48 0 0
241 160 61 7478.71 0 0
244 159 61 7482.91 0 0
240 157 61 7487.13 0 0
242 159 61 7491.33 0 0
237 160 60 7495.56 0 0
239 160 61 7499.79 0 0
241 159 61 7504.02 0 0
239 159 61 7508.25 0 0
238 160 61 7512.46 0 0
238 159 61 7516.66 0 0
238 158 61 7520.87 0 0
241 158 61 7525.07 0 0
240 157 61 7529.28 0 0
237 159 61 7533.51 0 0
243 160 61 7537.76 0 0
240 161 61 7541.99 0 0
243 160 61 7546.19 0 0
244 160 61 7550.39 0 0
237 160 61 7554.59 0 0
241 159 61 7558.82 0 0
241 161 61 7563.06 0 0
241 160 61 7567.38 0 0
241 159 61 7571.6 0 0
236 159 61 7575.81 0 0
238 160 61 7580.01 0 0
237 160 61 7584.21 0 0
242 160 61 7588.47 0 0
239 159 61 7592.7 0 0
245 160 61 7596.92 0 0
241 160 61 7601.16 0 0
240 160 61 7605.38 0 0
243 160 61 7609.58 0 0
238 159 61 7613.78 0 0
243 160 61 7617.98 0 0
238 160 61 7622.22 0 0
236 159 61 7626.43 0 0
242 160 61 7630.7 0 0
241 158 61 7634.95 0 0
239 160 61 7639.15 0 0
239 159 61 7643.36 0 0
238 159 61 7647.56 0 0
238 158 61 7651.79 0 0
236 158 61 7656.04 0 0
239 158 61 7660.27 0 0
242 157 61 7664.48 0 0
241 157 61 7668.8 0 0
236 158 61 7673.02 0 0
242 158 61 7677.23 0 0
238 157 61 7681.43 0 0
240 158 61 7685.72 0 0
240 156 61 7689.97 0 0
238 158 61 7694.23 0 0
239 159 61 7698.43 0 0
239 158 61 7702.63 0 0
241 158 61 7706.84 0 0
235 157 61 7711.04 0 0
237 156 61 7715.29 0 0
236 157 61 7719.51 0 0
240 158 61 7723.73 0 0
239 156 61 7728.32 0 0
236 155 61 7732.52 0 0
233 152 62 7736.72 0 0
229 147 61 7740.94 0 0
221 141 62 7745.15 0 0
215 136 62 7749.89 0 0
209 132 62 7754.15 0 0
204 125 62 7758.37 0 0
196 126 63 7762.59 0 0
194 128 63 7766.79 0 0
196 125 63 7770.99 0 0
196 123 63 7775.19 0 0
195 116 63 7779.42 0 0
194 115 63 7783.64 0 0
198 116 63 7787.88 0 0
195 110 63 7792.12 0 0
196 106 63 7796.32 0 0
198 102 63 7800.52 0 0
206 96 63 7804.72 0 0
210 93 63 7808.94 0 0
214 85 62 7813.15 0 0
216 84 62 7817.38 0 0
221 77 62 7821.6 0 0
222 67 62 7825.8 0 0
220 61 62 7830 0 0
218 52 61 7834.2 0 0
220 52 61 7838.46 0 0
218 49 61 7842.69 0 0
219 51 61 7846.9 0 0
218 51 61 7851.14 0 0
220 52 61 7855.35 0 0
220 50 61 7859.56 0 0
219 49 61 7863.77 0 0
217 42 61 7867.97 0 0
220 50 61 7872.18 0 0
222 52 62 7876.41 0 0
221 52 62 7880.81 0 0
219 50 62 7885.08 0 0
221 50 62 7889.3 0 0
218 48 62 7893.51 0 0
220 49 62 7897.72 0 0
220 49 62 7901.96 0 0
219 51 62 7906.23 0 0
222 52 62 7910.46 0 0
221 50 62 7914.68 0 0
218 49 62 7918.93 0 0
220 49 61 7923.14 0 0
221 49 62 7927.35 0 0
220 51 61 7931.55 0 0
219 48 62 7935.77 0 0
220 49 62 7940.17 0 0
217 47 62 7944.41 0 0
222 52 61 7948.63 0 0
221 53 62 7952.83 0 0
222 52 62 7957.03 0 0
219 49 62 7961.23 0 0
221 51 61 7965.46 0 0
220 51 62 7969.67 0 0
220 50 62 7973.9 0 0
218 50 62 7978.13 0 0
221 50 62 7982.35 0 0
219 51 62 7986.55 0 0
218 48 62 7990.75 0 0
220 52 62 7994.97 0 0
217 50 62 7999.19 0 0
219 49 62 8003.44 0 0
218 50 62 8007.69 0 0
219 50 62 8011.9 0 0
217 49 62 8016.1 0 0
218 50 61 8020.3 0 0
219 49 62 8024.5 0 0
220 52 62 8028.73 0 0
218 52 62 8032.94 0 0
218 50 62 8037.19 0 0
220 52 62 8041.41 0 0
221 51 62 8045.62 0 0
217 49 62 8049.82 0 0
219 52 62 8054.02 0 0
220 52 61 8058.24 0 0
218 49 62 8062.47 0 0
220 52 62 8066.69 0 0
219 51 62 8070.93 0 0
219 51 61 8075.17 0 0
219 52 62 8079.37 0 0
219 51 62 8083.57 0 0
217 50 62 8087.77 0 0
218 49 62 8091.99 0 0
219 52 62 8096.21 0 0
218 53 62 8100.46 0 0
220 53 62 8107.27 0 0
217 52 62 8111.5 0 0
218 53 62 8115.7 0 0
217 50 61 8119.9 0 0
218 52 61 8124.13 0 0
216 50 62 8128.39 0 0
214 49 61 8132.62 0 0
206 45 62 8136.83 0 0
198 43 63 8141.04 0 0
196 44 63 8145.24 0 0
188 42 63 8149.45 0 0
182 37 63 8153.7 0 0
179 36 64 8157.91 0 0
179 35 63 8162.13 0 0
179 33 64 8166.43 0 0
182 31 64 8170.66 0 0
181 35 64 8174.88 0 0
183 34 64 8179.08 0 0
183 36 64 8183.29 0 0
180 33 64 8187.51 0 0
178 36 63 8191.74 0 0
180 33 64 8195.96 0 0
181 35 64 8200.18 0 0
179 35 64 8204.38 0 0
179 35 64 8211.39 0 0
182 36 64 8215.65 0 0
179 33 64 8219.89 0 0
180 34 63 8224.12 0 0
180 35 63 8228.33 0 0
179 35 63 8232.64 0 0
181 36 64 8236.86 0 0
182 35 64 8241.07 0 0
179 34 64 8245.27 0 0
180 37 64 8249.49 0 0
180 34 64 8253.72 0 0
180 34 64 8257.94 0 0
178 33 63 8262.16 0 0
179 33 64 8266.36 0 0
182 36 64 8270.56 0 0
179 33 64 8274.76 0 0
180 34 64 8278.98 0 0
180 35 63 8283.2 0 0
180 36 64 8287.46 0 0
181 35 64 8291.68 0 0
178 34 64 8295.89 0 0
179 35 64 8300.09 0 0
179 36 64 8304.3 0 0
179 33 64 8319.01 0 0
177 33 64 8323.23 0 0
179 35 64 8328.04 0 0
180 36 63 8332.68 0 0
178 35 64 8336.89 0 0
179 34 64 8341.11 0 0
177 34 64 8345.32 0 0
178 34 64 8349.56 0 0
177 34 63 8353.79 0 0
180 36 64 8358 0 0
179 33 64 8362.21 0 0
177 34 64 8366.41 0 0
177 33 64 8370.62 0 0
178 34 64 8374.83 0 0
177 34 64 8379.07 0 0
178 34 64 8383.29 0 0
178 34 64 8387.5 0 0
178 34 64 8391.73 0 0
179 35 64 8395.93 0 0
177 35 64 8400.13 0 0
178 34 64 8406.97 0 0
178 34 64 8411.22 0 0
180 33 64 8415.45 0 0
180 36 64 8419.67 0 0
177 34 64 8423.88 0 0
179 36 64 8428.09 0 0
177 36 64 8432.3 0 0
176 35 64 8436.53 0 0
180 36 64 8440.78 0 0
179 34 64 8445.03 0 0
179 36 64 8449.24 0 0
178 34 64 8453.55 0 0
178 35 64 8457.76 0 0
177 35 64 8461.96 0 0
179 35 63 8466.43 0 0
179 35 64 8470.64 0 0
180 36 64 8474.86 0 0
175 35 64 8479.18 0 0
180 37 64 8483.42 0 0
179 35 64 8490.38 0 0
179 34 63 8494.64 0 0
176 36 64 8498.85 0 0
181 37 64 8503.08 0 0
178 35 64 8507.31 0 0
179 36 64 8511.52 0 0
179 36 64 8515.72 0 0
179 37 64 8519.92 0 0
178 37 63 8524.13 0 0
179 36 63 8528.34 0 0
177 35 64 8532.55 0 0
178 35 64 8536.78 0 0
178 35 63 8541 0 0
177 34 64 8545.22 0 0
178 36 63 8549.42 0 0
178 37 64 8553.63 0 0
177 34 64 8557.83 0 0
177 34 63 8562.05 0 0
177 35 64 8566.29 0 0
177 36 64 8570.51 0 0
178 37 63 8574.73 0 0
175 33 64 8578.93 0 0
175 33 64 8583.14 0 0
177 34 63 8588.01 0 0
176 34 63 8592.24 0 0
177 34 63 8598.54 0 0
177 37 63 8602.8 0 0
177 35 64 8607.01 0 0
178 33 63 8611.22 0 0
175 35 64 8615.42 0 0
177 34 63 8619.65 0 0
176 34 63 8623.96 0 0
177 35 63 8628.21 0 0
179 33 63 8632.44 0 0
175 35 63 8636.66 0 0
177 34 63 8640.87 0 0
176 34 63 8645.07 0 0
177 34 63 8649.27 0 0
177 36 63 8653.5 0 0
175 35 63 8657.72 0 0
178 35 63 8662.09 0 0
176 35 63 8666.34 0 0
179 36 63 8670.58 0 0
178 36 63 8674.79 0 0
178 35 63 8681.73 0 0
177 35 63 8685.98 0 0
176 36 63 8690.24 0 0
178 35 63 8694.47 0 0
177 37 63 8698.68 0 0
177 36 63 8702.9 0 0
174 36 63 8707.1 0 0
175 36 63 8711.3 0 0
177 35 63 8715.56 0 0
178 35 63 8719.85 0 0
175 33 63 8724.06 0 0
176 36 63 8728.27 0 0
178 36 63 8732.58 0 0
178 34 62 8736.8 0 0
176 36 63 8741.02 0 0
175 35 63 8745.22 0 0
176 37 62 8749.44 0 0
177 34 63 8753.72 0 0
175 33 63 8757.94 0 0
175 33 63 8762.15 0 0
174 32 63 8766.35 0 0
174 32 63 8770.56 0 0
176 34 63 8775.45 0 0
175 32 62 8779.67 0 0
177 35 63 8783.88 0 0
175 33 63 8788.14 0 0
177 33 63 8792.38 0 0
177 35 62 8796.58 0 0
174 32 63 8800.78 0 0
177 33 62 8804.98 0 0
175 33 62 8809.21 0 0
176 32 63 8813.5 0 0
177 34 63 8817.83 0 0
175 33 62 8822.05 0 0
175 32 62 8826.25 0 0
174 32 63 8830.45 0 0
173 32 62 8834.65 0 0
176 33 62 8838.86 0 0
176 32 63 8843.08 0 0
174 33 62 8847.29 0 0
175 32 62 8852.19 0 0
175 32 63 8856.39 0 0
177 34 63 8860.61 0 0
174 33 63 8864.81 0 0
176 33 63 8869.03 0 0
175 34 62 8873.28 0 0
174 33 63 8877.55 0 0
176 34 63 8881.81 0 0
177 32 63 8886.03 0 0
177 34 63 8890.24 0 0
173 32 62 8894.45 0 0
178 31 63 8898.65 0 0
177 33 63 8902.89 0 0
176 31 63 8907.11 0 0
176 34 63 8911.31 0 0
173 33 63 8915.55 0 0
174 31 62 8919.79 0 0
179 33 63 8923.99 0 0
174 31 63 8928.19 0 0
176 34 62 8932.42 0 0
176 33 63 8936.73 0 0
174 31 63 8941.01 0 0
176 33 63 8945.24 0 0
174 31 62 8949.45 0 0
175 31 63 8953.66 0 0
174 32 63 8957.86 0 0
177 34 63 8962.06 0 0
176 34 63 8966.33 0 0
177 33 63 8970.57 0 0
177 35 63 8974.79 0 0
176 31 63 8979.02 0 0
178 33 63 8983.28 0 0
175 33 63 8987.51 0 0
175 31 63 8991.72 0 0
178 33 63 8995.94 0 0
175 32 63 9000.15 0 0
178 33 63 9004.39 0 0
174 31 63 9008.62 0 0
178 35 63 9012.83 0 0
176 32 62 9017.03 0 0
175 30 63 9021.23 0 0
178 33 63 9025.45 0 0
174 32 63 9029.67 0 0
176 31 62 9033.89 0 0
176 33 63 9038.14 0 0
176 35 63 9042.36 0 0
177 35 63 9046.56 0 0
177 36 63 9050.77 0 0
174 40 63 9054.97 0 0
172 48 63 9059.18 0 0
169 56 63 9063.4 0 0
163 64 63 9067.68 0 0
160 75 63 9071.89 0 0
156 80 63 9076.11 0 0
152 88 63 9080.31 0 0
153 94 63 9084.51 0 0
148 98 63 9088.73 0 0
147 102 63 9092.95 0 0
146 110 64 9097.16 0 0
148 114 64 9101.41 0 0
148 115 64 9105.64 0 0
147 113 64 9109.84 0 0
150 112 64 9114.04 0 0
149 108 64 9118.24 0 0
149 110 64 9122.46 0 0
143 105 64 9126.69 0 0
148 113 64 9130.91 0 0
146 115 64 9135.12 0 0
145 114 64 9139.33 0 0
147 115 64 9143.54 0 0
144 114 64 9147.74 0 0
147 114 64 9151.97 0 0
145 92 65 9156.19 0 0
147 116 64 9160.4 0 0
148 115 64 9164.65 0 0
145 115 64 9168.96 0 0
147 116 64 9173.17 0 0
144 97 64 9177.38 0 0
147 113 64 9181.58 0 0
145 117 64 9185.79 0 0
144 114 64 9190.03 0 0
145 115 64 9194.26 0 0
147 116 64 9198.47 0 0
145 116 64 9202.68 0 0
147 117 64 9206.88 0 0
147 116 64 9211.08 0 0
145 117 64 9215.32 0 0
138 126 64 9219.56 0 0
131 128 64 9223.77 0 0
125 132 64 9227.98 0 0
124 132 64 9232.26 0 0
124 140 64 9236.49 0 0
125 133 63 9240.71 0 0
124 143 64 9244.91 0 0
130 145 64 9249.37 0 0
129 144 64 9253.71 0 0
127 142 64 9257.93 0 0
127 141 64 9262.15 0 0
126 141 64 9266.36 0 0
127 144 64 9270.56 0 0
130 142 64 9274.76 0 0
124 143 64 9278.97 0 0
128 144 64 9283.2 0 0
126 145 64 9287.45 0 0
128 145 64 9291.67 0 0
127 144 64 9295.88 0 0
123 143 64 9300.08 0 0
127 146 64 9304.28 0 0
126 144 64 9308.51 0 0
126 145 64 9312.73 0 0
126 144 64 9316.98 0 0
125 144 64 9321.2 0 0
125 147 64 9325.41 0 0
129 144 64 9329.62 0 0
129 141 64 9333.99 0 0
123 146 64 9338.2 0 0
128 144 64 9342.43 0 0
125 144 64 9346.65 0 0
127 146 64 9350.9 0 0
127 146 64 9355.11 0 0
128 147 64 9359.31 0 0
125 144 64 9363.51 0 0
128 146 64 9367.72 0 0
128 145 64 9371.94 0 0
130 146 64 9376.18 0 0
127 146 64 9380.45 0 0
127 145 64 9384.66 0 0
128 147 64 9388.88 0 0
126 145 64 9393.08 0 0
126 147 64 9397.28 0 0
131 147 64 9401.55 0 0
127 146 64 9405.81 0 0
129 146 64 9410.04 0 0
128 146 64 9414.25 0 0
129 147 64 9418.58 0 0
129 145 64 9422.8 0 0
130 145 64 9427 0 0
129 146 64 9431.2 0 0
120 153 64 9435.43 0 0
114 161 64 9439.66 0 0
104 158 63 9443.89 0 0
104 158 63 9448.1 0 0
104 158 63 9452.33 0 0
104 158 63 9456.53 0 0
104 158 62 9460.73 0 0
104 158 63 9464.99 0 0
104 158 63 9469.23 0 0
104 158 63 9473.63 0 0
104 158 63 9477.85 0 0
104 158 63 9482.49 0 0
104 158 63 9486.71 0 0
104 158 63 9490.92 0 0
104 158 62 9495.13 0 0
104 158 62 9499.34 0 0
104 158 63 9503.58 0 0
104 158 63 9507.81 0 0
104 158 63 9512.03 0 0
104 158 63 9516.23 0 0
104 158 62 9520.43 0 0
104 158 63 9524.63 0 0
104 158 63 9528.87 0 0
104 158 63 9533.09 0 0
104 158 0 9537.35 0 0
104 158 63 9541.58 0 0
104 158 63 9545.79 0 0
104 158 62 9549.99 0 0
104 158 62 9554.19 0 0
104 158 62 9558.41 0 0
104 158 62 9562.62 0 0
104 158 63 9566.87 0 0
104 158 62 9571.09 0 0
104 158 62 9575.31 0 0
104 158 62 9579.51 0 0
104 158 63 9583.71 0 0
104 158 63 9587.91 0 0
104 158 62 9592.13 0 0
104 158 63 9596.34 0 0
104 158 62 9600.58 0 0
104 158 62 9604.8 0 0
104 158 63 9609 0 0
104 158 62 9613.2 0 0
104 158 62 9617.4 0 0
104 158 62 9621.63 0 0
104 158 62 9625.85 0 0
104 158 62 9630.08 0 0
104 158 62 9634.29 0 0
104 158 62 9638.51 0 0
104 158 62 9642.72 0 0
122 157 65 10605.6 0 0
131 145 65 10609.8 0 0
140 135 65 10614 0 0
144 126 65 10618.2 0 0
153 122 64 10622.4 0 0
156 120 64 10626.6 0 0
161 112 64 10630.9 0 0
162 101 63 10635.1 0 0
165 95 63 10639.3 0 0
171 95 64 10643.5 0 0
171 84 63 10647.7 0 0
170 76 63 10651.9 0 0
171 73 63 10656.1 0 0
171 73 63 10660.4 0 0
172 65 63 10666.1 0 0
170 56 63 10670.3 0 0
172 64 63 10674.5 0 0
168 58 63 10679.2 0 0
171 66 63 10683.4 0 0
173 70 64 10687.7 0 0
174 67 63 10691.9 0 0
175 66 63 10696.1 0 0
174 64 63 10700.3 0 0
173 68 64 10704.5 0 0
172 68 64 10708.8 0 0
174 64 63 10713 0 0
173 69 64 10717.2 0 0
174 69 64 10721.5 0 0
176 71 64 10725.7 0 0
172 68 64 10730 0 0
172 64 63 10734.2 0 0
173 65 63 10738.4 0 0
175 69 64 10742.6 0 0
173 71 64 10746.8 0 0
173 68 64 10751 0 0
173 67 63 10755.3 0 0
173 64 63 10759.5 0 0
171 68 64 10763.7 0 0
172 68 64 10767.9 0 0
173 69 64 10772.2 0 0
173 67 64 10776.5 0 0
175 67 64 10780.7 0 0
177 65 64 10784.9 0 0
180 59 64 10789.1 0 0
185 55 64 10793.3 0 0
186 46 63 10797.5 0 0
184 43 63 10801.7 0 0
184 37 63 10806 0 0
184 34 63 10810.2 0 0
184 34 63 10814.4 0 0
184 33 63 10818.6 0 0
183 34 63 10822.8 0 0
182 33 64 10827 0 0
182 33 64 10831.3 0 0
180 34 63 10838 0 0
185 35 63 10842.2 0 0
185 36 63 10846.4 0 0
182 33 63 10850.6 0 0
183 34 63 10854.9 0 0
183 36 63 10859.1 0 0
184 34 63 10863.3 0 0
182 33 64 10867.5 0 0
181 35 63 10871.7 0 0
182 34 63 10875.9 0 0
182 33 63 10880.1 0 0
183 34 63 10884.3 0 0
186 35 63 10888.5 0 0
182 33 63 10892.8 0 0
182 33 63 10897 0 0
183 34 63 10901.2 0 0
184 34 63 10905.5 0 0
185 36 63 10909.7 0 0
183 34 63 10913.9 0 0
183 33 63 10918.1 0 0
183 36 63 10922.3 0 0
182 34 63 10926.5 0 0
182 35 63 10930.7 0 0
183 34 64 10935 0 0
180 33 63 10939.2 0 0
184 34 63 10943.4 0 0
182 34 63 10947.6 0 0
183 34 63 10951.8 0 0
184 35 63 10956 0 0
182 35 63 10960.2 0 0
183 32 64 10964.5 0 0
182 35 63 10968.7 0 0
182 35 63 10973 0 0
180 33 63 10977.2 0 0
182 35 63 10981.5 0 0
183 34 63 10985.7 0 0
183 37 63 10989.9 0 0
183 36 63 10994.1 0 0
182 34 63 10998.4 0 0
181 28 63 11002.6 0 0
180 27 63 11006.8 0 0
178 19 64 11011 0 0
176 16 63 11015.2 0 0
177 15 63 11019.5 0 0
180 17 63 11023.6 0 0
177 16 63 11028 0 0
176 19 63 11032.2 0 0
178 19 63 11036.5 0 0
178 19 63 11040.7 0 0
179 21 63 11044.9 0 0
178 21 63 11049.1 0 0
178 22 63 11053.3 0 0
179 22 63 11057.5 0 0
177 21 63 11061.8 0 0
178 21 63 11066 0 0
176 21 63 11070.2 0 0
178 22 63 11074.5 0 0
178 23 63 11078.7 0 0
177 21 63 11082.9 0 0
177 22 63 11087.1 0 0
176 21 63 11091.3 0 0
178 23 63 11095.5 0 0
178 22 63 11099.7 0 0
178 22 63 11104 0 0
178 25 63 11108.2 0 0
177 20 63 11112.4 0 0
178 20 63 11116.6 0 0
177 22 63 11120.8 0 0
177 24 63 11125 0 0
178 22 63 11129.2 0 0
177 24 63 11133.5 0 0
178 24 63 11137.7 0 0
178 23 63 11141.9 0 0
179 23 63 11146.1 0 0
179 24 63 11150.3 0 0
178 22 63 11154.5 0 0
176 22 63 11158.8 0 0
179 23 63 11163 0 0
178 23 63 11167.2 0 0
178 22 63 11171.4 0 0
178 23 62 11175.6 0 0
178 24 62 11179.8 0 0
179 24 63 11184 0 0
176 24 63 11188.3 0 0
178 22 62 11192.5 0 0
177 21 63 11196.7 0 0
176 23 63 11200.9 0 0
177 23 63 11205.1 0 0
177 22 63 11209.3 0 0
176 23 63 11213.5 0 0
178 25 63 11217.7 0 0
177 23 63 11222 0 0
177 22 63 11226.2 0 0
175 23 63 11230.5 0 0
177 25 62 11234.7 0 0
177 23 62 11239 0 0
176 22 62 11243.2 0 0
175 22 62 11247.4 0 0
179 25 62 11251.6 0 0
176 22 63 11256.1 0 0
179 24 62 11260.3 0 0
177 24 62 11264.5 0 0
177 24 63 11268.8 0 0
176 22 63 11273 0 0
179 24 62 11277.2 0 0
176 23 62 11281.4 0 0
177 23 63 11285.6 0 0
178 23 62 11290.1 0 0
178 27 62 11294.4 0 0
179 26 63 11298.6 0 0
177 22 62 11302.8 0 0
177 23 62 11307 0 0
176 23 62 11311.2 0 0
175 24 62 11315.4 0 0
176 22 63 11319.6 0 0
176 25 62 11323.9 0 0
177 24 62 11328.1 0 0
176 24 62 11332.3 0 0
177 25 62 11336.5 0 0
178 28 62 11340.7 0 0
176 27 63 11344.9 0 0
179 25 63 11349.2 0 0
176 23 62 11353.4 0 0
179 26 63 11357.6 0 0
180 26 63 11361.8 0 0
177 27 62 11366 0 0
176 24 62 11370.2 0 0
178 26 63 11374.5 0 0
177 25 63 11378.7 0 0
177 24 62 11382.9 0 0
180 26 63 11387.1 0 0
178 26 62 11391.4 0 0
177 26 63 11395.7 0 0
178 27 63 11399.9 0 0
176 25 62 11404.2 0 0
178 26 62 11408.4 0 0
176 25 62 11412.6 0 0
176 23 63 11416.9 0 0
177 27 62 11421.1 0 0
177 22 63 11425.3 0 0
176 25 62 11429.5 0 0
177 24 62 11433.7 0 0
176 24 62 11438 0 0
178 27 63 11442.2 0 0
179 24 63 11446.4 0 0
178 26 63 11450.6 0 0
176 26 63 11454.8 0 0
179 26 63 11459 0 0
177 29 63 11463.2 0 0
175 24 63 11467.4 0 0
177 26 63 11471.6 0 0
177 25 63 11475.9 0 0
177 24 63 11480.2 0 0
176 25 63 11484.4 0 0
176 25 63 11488.6 0 0
179 26 63 11492.9 0 0
176 25 63 11497.1 0 0
179 26 63 11501.3 0 0
177 24 63 11505.5 0 0
175 25 63 11509.7 0 0
176 23 63 11513.9 0 0
178 27 63 11518.1 0 0
179 27 63 11522.4 0 0
178 28 63 11526.6 0 0
177 26 63 11530.8 0 0
177 27 63 11535 0 0
178 26 63 11539.3 0 0
178 27 63 11543.5 0 0
177 24 63 11547.7 0 0
178 26 63 11551.9 0 0
177 27 63 11556.1 0 0
177 23 63 11560.4 0 0
176 27 63 11564.6 0 0
176 25 63 11568.8 0 0
178 26 63 11573 0 0
177 23 63 11577.2 0 0
175 23 63 11581.5 0 0
178 26 63 11585.6 0 0
177 26 63 11589.9 0 0
179 27 63 11594.1 0 0
176 26 63 11598.4 0 0
178 26 63 11602.6 0 0
177 25 63 11606.8 0 0
178 27 63 11611 0 0
179 27 63 11615.2 0 0
176 25 63 11619.4 0 0
178 27 63 11623.6 0 0
174 25 63 11627.9 0 0
177 24 63 11632.1 0 0
175 27 63 11636.3 0 0
178 27 63 11640.5 0 0
179 28 63 11644.7 0 0
178 29 63 11648.9 0 0
179 27 63 11653.3 0 0
179 26 63 11657.5 0 0
177 26 63 11661.7 0 0
179 28 63 11665.9 0 0
177 26 63 11670.2 0 0
177 25 63 11674.4 0 0
177 28 64 11678.6 0 0
177 27 63 11682.8 0 0
176 23 63 11687 0 0
176 27 63 11691.2 0 0
177 29 63 11695.5 0 0
179 28 63 11699.7 0 0
179 28 64 11703.9 0 0
179 29 63 11708.1 0 0
179 30 63 11712.3 0 0
178 29 63 11716.5 0 0
179 28 63 11720.8 0 0
178 30 64 11725 0 0
179 28 63 11729.3 0 0
178 28 64 11733.5 0 0
177 31 63 11737.7 0 0
178 28 63 11741.9 0 0
180 29 63 11746.2 0 0
179 30 63 11750.4 0 0
178 28 63 11754.6 0 0
178 28 63 11758.9 0 0
176 23 63 11763 0 0
178 25 63 11767.2 0 0
179 24 63 11771.5 0 0
180 28 64 11775.7 0 0
178 25 63 11779.9 0 0
179 26 63 11784.1 0 0
176 25 63 11788.4 0 0
179 24 64 11792.6 0 0
177 26 63 11796.8 0 0
178 28 63 11801 0 0
179 25 63 11805.2 0 0
176 25 64 11809.4 0 0
178 25 63 11813.6 0 0
178 25 63 11818.5 0 0
178 25 63 11822.7 0 0
179 27 63 11826.9 0 0
178 27 63 11831.1 0 0
179 26 63 11835.3 0 0
179 24 63 11839.6 0 0
178 26 63 11843.8 0 0
179 26 63 11848 0 0
179 26 63 11852.8 0 0
182 30 63 11857 0 0
178 26 63 11861.2 0 0
180 28 63 11865.4 0 0
181 29 63 11869.6 0 0
178 25 63 11873.9 0 0
181 27 63 11878.1 0 0
179 27 63 11882.3 0 0
178 27 63 11886.6 0 0
178 27 64 11890.8 0 0
178 26 64 11895 0 0
178 25 63 11899.2 0 0
179 28 64 11903.4 0 0
178 26 64 11907.7 0 0
179 28 63 11911.9 0 0
180 26 63 11916.1 0 0
178 25 63 11920.4 0 0
179 30 63 11924.6 0 0
180 28 63 11928.8 0 0
180 28 63 11933 0 0
180 30 63 11937.2 0 0
177 26 63 11941.5 0 0
179 28 63 11945.7 0 0
178 29 63 11949.9 0 0
179 25 63 11954.1 0 0
182 28 63 11958.3 0 0
178 26 63 11962.5 0 0
178 28 63 11966.7 0 0
181 29 64 11971 0 0
179 27 64 11975.2 0 0
180 30 63 11979.5 0 0
177 26 63 11983.7 0 0
180 28 63 11987.9 0 0
178 26 63 11992.1 0 0
180 27 63 11996.4 0 0
179 28 63 12000.6 0 0
175 24 63 12004.8 0 0
179 27 64 12009 0 0
178 25 63 12013.3 0 0
179 25 63 12017.5 0 0
179 25 63 12021.7 0 0
177 25 63 12025.9 0 0
179 24 63 12030.1 0 0
179 26 64 12036.9 0 0
179 25 63 12041.2 0 0
178 26 63 12045.4 0 0
178 27 63 12049.6 0 0
176 25 64 12053.8 0 0
178 25 64 12058 0 0
177 25 63 12062.2 0 0
178 24 63 12066.5 0 0
180 24 63 12070.7 0 0
177 22 63 12074.9 0 0
179 26 63 12079.1 0 0
179 26 63 12083.3 0 0
179 27 63 12087.5 0 0
179 27 63 12091.7 0 0
178 25 63 12095.9 0 0
178 26 63 12100.2 0 0
180 27 63 12104.4 0 0
179 28 63 12108.6 0 0
182 30 63 12112.8 0 0
180 27 63 12117 0 0
181 29 63 12121.2 0 0
180 26 63 12125.5 0 0
179 26 63 12129.7 0 0
180 29 64 12133.9 0 0
180 29 63 12138.1 0 0
177 25 64 12142.3 0 0
180 30 63 12146.5 0 0
177 29 63 12150.8 0 0
178 27 63 12155 0 0
179 27 64 12161.7 0 0
177 27 64 12166 0 0
179 28 64 12170.3 0 0
180 30 63 12174.5 0 0
178 27 63 12178.7 0 0
180 28 63 12182.9 0 0
180 28 63 12187.1 0 0
179 29 63 12191.4 0 0
181 32 64 12195.6 0 0
178 28 63 12199.8 0 0
181 28 63 12204 0 0
179 29 63 12208.2 0 0
177 25 64 12212.4 0 0
178 29 63 12216.6 0 0
178 28 63 12220.8 0 0
179 26 63 12225 0 0
180 28 64 12229.3 0 0
178 27 64 12233.5 0 0
180 30 63 12237.7 0 0
176 26 64 12241.9 0 0
179 29 63 12246.5 0 0
180 30 64 12250.8 0 0
177 26 64 12256.6 0 0
177 31 64 12261.9 0 0
177 29 63 12266.1 0 0
178 27 63 12270.3 0 0
178 29 64 12274.6 0 0
179 29 63 12279.2 0 0
178 28 63 12283.5 0 0
180 29 63 12288.3 0 0
177 30 64 12292.6 0 0
178 31 64 12299.3 0 0
177 38 64 12303.6 0 0
179 48 64 12314.9 0 0
189 88 63 12319.2 0 0
189 100 63 12324.3 0 0
192 107 63 12328.5 0 0
191 113 63 12332.7 0 0
190 123 63 12336.9 0 0
190 128 63 12341.1 0 0
190 129 63 12345.3 0 0
194 139 64 12349.6 0 0
193 135 63 12353.8 0 0
190 140 63 12358 0 0
194 144 63 12362.2 0 0
193 155 64 12366.4 0 0
197 144 63 12370.6 0 0
195 143 63 12374.9 0 0
198 144 63 12379.2 0 0
194 144 63 12383.4 0 0
195 143 63 12387.6 0 0
195 144 63 12391.8 0 0
194 143 63 12396 0 0
194 145 63 12400.2 0 0
195 145 63 12404.5 0 0
197 145 63 12408.7 0 0
194 146 63 12412.9 0 0
195 145 63 12417.2 0 0
197 146 63 12424 0 0
196 144 63 12428.2 0 0
195 146 63 12432.5 0 0
199 145 63 12436.8 0 0
195 145 63 12441.1 0 0
197 146 63 12445.4 0 0
200 145 63 12449.6 0 0
196 148 63 12453.8 0 0
198 144 63 12458 0 0
195 147 63 12462.2 0 0
200 144 63 12466.4 0 0
198 145 63 12470.8 0 0
199 145 63 12475 0 0
197 147 63 12479.3 0 0
195 145 63 12483.6 0 0
195 146 63 12487.8 0 0
203 153 63 12492 0 0
203 156 63 12498.9 0 0
203 156 63 12503.2 0 0
203 156 63 12507.4 0 0
203 156 63 12511.6 0 0
203 156 63 12515.8 0 0
203 156 63 12520 0 0
203 156 63 12524.2 0 0
203 156 63 12528.4 0 0
203 156 63 12532.6 0 0
203 156 63 12536.9 0 0
203 156 63 12541.1 0 0
203 156 63 12545.3 0 0
203 156 63 12549.5 0 0
203 156 63 12553.8 0 0
203 156 63 12558 0 0
203 156 63 12562.2 0 0
203 156 63 12566.4 0 0
203 156 63 12570.6 0 0
203 156 64 12574.9 0 0
203 156 63 12579.1 0 0
203 156 63 12583.3 0 0
203 156 63 12587.5 0 0
203 156 64 12591.7 0 0
203 156 63 12595.9 0 0
203 156 63 12602.8 0 0
203 156 63 12607.1 0 0
203 156 63 12611.3 0 0
203 156 63 12615.5 0 0
203 156 63 12619.8 0 0
203 156 63 12624 0 0
203 156 63 12628.2 0 0
203 156 64 12632.5 0 0
203 156 63 12636.7 0 0
203 156 64 12640.9 0 0
203 156 64 12645.1 0 0
203 156 63 12649.3 0 0
203 156 63 12653.5 0 0
203 156 64 12657.7 0 0
203 156 64 12662 0 0
203 156 64 12666.4 0 0
203 156 64 12670.6 0 0
203 156 64 12674.8 0 0
203 156 64 12679 0 0
202 168 64 12683.2 0 0
199 152 63 12687.4 0 0
196 144 63 12691.6 0 0
197 128 63 12695.9 0 0
196 130 64 12700.1 0 0
195 126 64 12704.3 0 0
191 116 63 12708.5 0 0
192 110 63 12712.7 0 0
193 103 63 12716.9 0 0
192 88 63 12721.2 0 0
189 79 63 12727.9 0 0
187 70 63 12732.2 0 0
188 63 63 12736.5 0 0
186 57 63 12740.6 0 0
186 53 63 12744.9 0 0
187 50 63 12749.1 0 0
188 52 63 12753.5 0 0
187 50 63 12757.7 0 0
189 53 63 12761.9 0 0
188 49 63 12766.1 0 0
186 48 63 12770.3 0 0
187 47 63 12774.5 0 0
185 43 63 12778.8 0 0
187 48 63 12783 0 0
187 48 63 12787.2 0 0
186 45 63 12791.4 0 0
188 50 63 12795.6 0 0
186 48 64 12799.8 0 0
186 46 64 12804 0 0
185 49 64 12808.3 0 0
186 48 63 12812.5 0 0
187 50 63 12816.7 0 0
187 51 63 12821 0 0
185 51 64 12828 0 0
184 50 64 12832.2 0 0
187 51 63 12836.5 0 0
185 48 64 12840.7 0 0
184 47 63 12844.9 0 0
186 52 63 12849.1 0 0
187 50 63 12853.4 0 0
189 50 63 12857.6 0 0
185 47 64 12861.8 0 0
187 50 63 12866 0 0
185 47 64 12870.2 0 0
185 49 63 12874.4 0 0
184 47 64 12878.6 0 0
185 49 63 12882.8 0 0
187 51 64 12887.1 0 0
185 46 64 12891.3 0 0
185 50 63 12895.5 0 0
187 50 64 12899.7 0 0
185 51 64 12904 0 0
187 52 63 12908.2 0 0
185 52 64 12912.4 0 0
186 51 63 12916.6 0 0
186 50 64 12920.8 0 0
185 51 63 12928 0 0
186 53 63 12932.2 0 0
185 49 64 12936.4 0 0
185 52 64 12940.6 0 0
185 52 64 12944.9 0 0
187 52 63 12949.1 0 0
187 54 64 12953.3 0 0
188 48 64 12957.5 0 0
184 47 64 12961.7 0 0
182 43 64 12965.9 0 0
180 37 64 12970.4 0 0
179 35 64 12974.6 0 0
177 33 64 12978.9 0 0
178 32 64 12983.1 0 0
179 33 64 12987.4 0 0
181 38 64 12991.6 0 0
179 36 64 12998.7 0 0
179 37 63 13002.9 0 0
178 36 64 13007.1 0 0
179 37 64 13011.4 0 0
180 36 63 13015.6 0 0
179 36 64 13019.8 0 0
178 37 63 13024 0 0
179 37 64 13028.2 0 0
180 36 64 13032.4 0 0
180 38 63 13036.7 0 0
181 38 64 13040.9 0 0
180 35 63 13045.1 0 0
178 37 64 13049.3 0 0
178 36 64 13053.5 0 0
177 37 63 13057.7 0 0
179 37 63 13061.9 0 0
180 36 64 13066.2 0 0
179 38 64 13070.4 0 0
179 37 64 13074.6 0 0
182 37 64 13078.8 0 0
178 36 64 13083 0 0
178 35 64 13087.2 0 0
178 35 64 13091.5 0 0
177 34 64 13095.7 0 0
178 35 64 13102.8 0 0
178 34 64 13107 0 0
178 32 64 13111.2 0 0
178 35 64 13115.4 0 0
180 34 63 13119.7 0 0
176 33 64 13123.9 0 0
177 34 64 13128.1 0 0
177 33 64 13132.4 0 0
176 36 64 13136.6 0 0
178 35 64 13140.8 0 0
177 34 64 13145 0 0
176 31 64 13149.2 0 0
178 35 64 13153.4 0 0
177 34 64 13157.7 0 0
178 35 64 13162.1 0 0
177 34 64 13166.4 0 0
178 34 64 13170.6 0 0
177 34 64 13177.5 0 0
177 35 64 13181.8 0 0
179 35 64 13186 0 0
177 33 64 13190.3 0 0
178 34 64 13194.5 0 0
176 32 64 13198.8 0 0
178 37 64 13203 0 0
178 34 64 13207.1 0 0
178 35 64 13211.4 0 0
179 37 64 13215.6 0 0
180 35 64 13219.8 0 0
177 33 64 13224 0 0
180 35 64 13228.3 0 0
177 32 64 13232.8 0 0
177 33 64 13237 0 0
179 34 63 13241.2 0 0
177 32 64 13245.4 0 0
179 37 64 13249.6 0 0
178 34 64 13253.9 0 0
177 34 64 13258.1 0 0
178 32 64 13262.3 0 0
178 37 64 13269.1 0 0
177 33 64 13273.4 0 0
177 33 64 13277.6 0 0
178 34 64 13281.8 0 0
179 35 64 13286 0 0
181 37 64 13290.8 0 0
180 38 64 13295 0 0
181 44 64 13299.2 0 0
184 55 64 13303.4 0 0
184 66 63 13307.7 0 0
192 84 64 13311.9 0 0
194 90 63 13316.2 0 0
196 108 63 13320.4 0 0
194 122 63 13327.5 0 0
192 137 64 13335.6 0 0
198 145 63 13344.1 0 0
201 153 64 13352.3 0 0
201 153 63 13360.6 0 0
201 153 64 13368.8 0 0
201 153 64 13377.3 0 0
201 153 64 13384.9 0 0
201 153 63 13389.1 0 0
201 153 64 13393.8 0 0
201 153 63 13398 0 0
201 153 63 13402.6 0 0
201 153 63 13406.8 0 0
201 153 63 13411 0 0
201 153 63 13415.2 0 0
201 153 64 13419.4 0 0
201 153 63 13423.6 0 0
201 153 63 13427.9 0 0
201 153 64 13432 0 0
201 153 63 13436.3 0 0
201 153 64 13440.5 0 0
201 153 64 13444.8 0 0
201 153 64 13449 0 0
201 153 64 13453.2 0 0
201 153 64 13457.4 0 0
201 153 64 13461.6 0 0
201 153 64 13465.9 0 0
201 153 64 13470.1 0 0
201 153 64 13474.3 0 0
201 153 64 13478.7 0 0
201 153 64 13483 0 0
201 153 64 13487.2 0 0
201 153 64 13491.4 0 0
201 153 64 13495.6 0 0
201 153 64 13499.8 0 0
201 153 64 13504 0 0
201 153 64 13508.3 0 0
201 153 64 13512.5 0 0
201 153 64 13516.7 0 0
201 153 64 13520.9 0 0
201 153 64 13525.1 0 0
201 153 64 13529.3 0 0
201 153 64 13533.6 0 0
201 153 64 13537.8 0 0
201 153 64 13542 0 0
201 153 64 13546.2 0 0
201 153 64 13550.4 0 0
201 153 64 13554.6 0 0
204 151 63 13685.6 0 0
199 150 64 13689.8 0 0
196 138 64 13694.1 0 0
192 129 64 13698.3 0 0
192 124 64 13702.5 0 0
192 117 64 13706.7 0 0
190 111 64 13710.9 0 0
189 101 64 13715.2 0 0
189 98 64 13719.4 0 0
185 87 64 13723.6 0 0
184 76 64 13727.8 0 0
183 69 64 13732.3 0 0
186 65 64 13736.5 0 0
180 51 64 13740.7 0 0
180 45 64 13744.9 0 0
178 42 64 13749.2 0 0
177 37 64 13753.4 0 0
177 38 64 13757.6 0 0
178 37 64 13761.9 0 0
176 36 64 13766 0 0
177 37 64 13770.2 0 0
177 37 64 13774.5 0 0
173 36 64 13778.7 0 0
177 39 64 13782.9 0 0
177 39 64 13787.1 0 0
177 40 64 13791.4 0 0
176 38 65 13795.6 0 0
175 39 64 13799.8 0 0
177 39 64 13804 0 0
178 39 64 13808.2 0 0
176 40 64 13812.4 0 0
176 38 64 13816.6 0 0
177 41 64 13820.9 0 0
176 43 64 13825.1 0 0
174 39 64 13829.3 0 0
175 42 65 13833.5 0 0
177 40 65 13837.7 0 0
174 38 64 13841.9 0 0
176 40 64 13846.1 0 0
177 41 64 13850.4 0 0
177 42 64 13854.6 0 0
179 41 64 13858.8 0 0
175 40 65 13863 0 0
176 41 65 13867.2 0 0
176 39 64 13871.5 0 0
176 44 64 13875.7 0 0
175 41 65 13879.9 0 0
174 39 65 13884.1 0 0
175 42 65 13888.3 0 0
174 40 64 13892.5 0 0
175 42 64 13896.8 0 0
176 40 64 13901 0 0
175 39 64 13905.2 0 0
174 44 64 13909.4 0 0
177 42 65 13913.6 0 0
176 43 64 13917.9 0 0
176 41 64 13922.1 0 0
175 40 64 13926.3 0 0
175 45 65 13930.5 0 0
175 41 64 13934.7 0 0
174 41 64 13938.9 0 0
177 43 65 13943.2 0 0
177 42 65 13947.4 0 0
176 43 65 13951.6 0 0
176 41 64 13955.8 0 0
174 43 64 13960 0 0
176 42 65 13964.3 0 0
175 40 65 13968.5 0 0
177 45 64 13972.8 0 0
175 42 65 13977 0 0
177 47 64 13981.3 0 0
177 44 64 13985.5 0 0
175 42 64 13989.7 0 0
176 41 65 13994 0 0
181 40 65 13998.2 0 0
182 33 64 14002.5 0 0
181 29 65 14006.7 0 0
182 25 64 14010.9 0 0
183 25 64 14015.1 0 0
183 25 64 14019.3 0 0
181 27 64 14023.5 0 0
180 28 64 14027.7 0 0
181 30 64 14032 0 0
181 29 64 14036.2 0 0
181 26 64 14040.4 0 0
180 30 64 14044.6 0 0
180 28 64 14048.8 0 0
181 28 64 14053 0 0
181 30 64 14057.2 0 0
182 29 64 14061.5 0 0
182 29 64 14065.9 0 0
182 30 64 14072.4 0 0
181 30 64 14076.6 0 0
179 28 64 14080.8 0 0
182 31 64 14085 0 0
181 30 64 14089.2 0 0
180 27 64 14093.4 0 0
181 31 64 14097.6 0 0
182 29 64 14101.9 0 0
182 31 64 14106.1 0 0
180 29 64 14110.3 0 0
183 29 64 14114.5 0 0
180 30 64 14118.7 0 0
180 28 64 14122.9 0 0
179 31 64 14127.1 0 0
180 30 64 14131.5 0 0
182 29 64 14135.7 0 0
181 30 64 14139.9 0 0
180 30 64 14144.1 0 0
182 31 64 14148.3 0 0
179 30 64 14152.6 0 0
180 30 64 14156.8 0 0
180 31 64 14161 0 0
179 29 64 14165.2 0 0
182 30 64 14169.5 0 0
177 31 64 14173.7 0 0
183 32 64 14177.9 0 0
180 30 64 14182.1 0 0
181 31 64 14186.3 0 0
178 30 64 14190.5 0 0
180 30 64 14194.8 0 0
180 31 64 14199 0 0
180 30 64 14203.2 0 0
178 30 64 14210 0 0
181 30 64 14214.2 0 0
181 32 64 14218.4 0 0
181 31 64 14222.6 0 0
183 32 64 14226.9 0 0
182 30 64 14231.2 0 0
179 29 64 14235.4 0 0
183 32 64 14239.6 0 0
178 29 64 14243.8 0 0
180 29 64 14248.1 0 0
181 31 64 14252.4 0 0
179 31 64 14256.6 0 0
181 31 64 14260.8 0 0
180 30 64 14265 0 0
179 29 64 14269.2 0 0
179 31 65 14273.4 0 0
181 33 64 14277.8 0 0
179 29 64 14282 0 0
182 32 64 14286.2 0 0
181 32 64 14290.5 0 0
179 31 64 14297.4 0 0
181 29 64 14301.6 0 0
179 29 64 14305.8 0 0
179 29 64 14319.2 0 0
179 27 64 14323.5 0 0
180 30 64 14327.6 0 0
179 30 64 14331.9 0 0
180 29 64 14336.1 0 0
178 28 64 14340.3 0 0
177 28 64 14344.5 0 0
180 30 64 14348.7 0 0
179 29 64 14355.6 0 0
179 31 64 14359.8 0 0
179 29 64 14364 0 0
179 28 64 14368.3 0 0
178 29 64 14372.5 0 0
179 26 64 14376.7 0 0
179 30 64 14380.9 0 0
178 29 64 14385.2 0 0
179 29 64 14389.4 0 0
178 29 64 14393.6 0 0
179 27 64 14397.8 0 0
179 30 64 14402 0 0
177 29 64 14406.2 0 0
178 25 64 14410.5 0 0
179 26 64 14414.7 0 0
174 23 64 14418.9 0 0
176 23 64 14423.1 0 0
175 23 64 14427.3 0 0
176 22 64 14431.5 0 0
175 24 64 14435.7 0 0
177 24 64 14440.1 0 0
176 24 64 14444.4 0 0
176 23 64 14451.5 0 0
178 26 64 14455.7 0 0
178 24 64 14459.9 0 0
177 26 64 14464.1 0 0
176 26 65 14468.3 0 0
178 28 64 14472.5 0 0
178 26 64 14476.7 0 0
179 26 64 14481.1 0 0
178 27 64 14485.3 0 0
178 25 64 14489.5 0 0
178 26 64 14493.7 0 0
178 25 64 14497.9 0 0
180 27 64 14502.1 0 0
176 27 64 14506.4 0 0
179 26 64 14510.6 0 0
176 28 65 14514.8 0 0
179 27 64 14519 0 0
177 28 64 14523.2 0 0
178 25 64 14527.4 0 0
177 27 64 14531.6 0 0
176 22 65 14535.9 0 0
179 26 64 14540.1 0 0
177 28 64 14544.3 0 0
178 25 64 14548.5 0 0
176 26 65 14552.7 0 0
176 25 64 14559.6 0 0
178 28 65 14563.9 0 0
176 27 64 14568.5 0 0
179 25 64 14572.7 0 0
178 29 64 14576.9 0 0
178 27 65 14581.1 0 0
178 28 64 14585.3 0 0
176 25 64 14589.5 0 0
177 26 64 14593.7 0 0
178 26 64 14597.9 0 0
176 25 64 14602.1 0 0
175 26 64 14606.4 0 0
177 28 64 14610.6 0 0
179 23 64 14614.8 0 0
177 27 65 14619 0 0
178 26 64 14623.2 0 0
177 24 64 14627.5 0 0
174 21 64 14631.7 0 0
177 25 64 14635.9 0 0
177 27 64 14643 0 0
177 27 64 14647.2 0 0
178 25 64 14651.5 0 0
177 26 64 14655.7 0 0
179 25 64 14659.9 0 0
177 28 64 14664.1 0 0
178 25 64 14668.3 0 0
177 27 64 14672.5 0 0
177 27 65 14676.7 0 0
177 24 64 14681 0 0
178 28 64 14685.2 0 0
177 24 64 14689.4 0 0
177 27 64 14693.6 0 0
175 28 64 14697.8 0 0
177 23 64 14702 0 0
178 27 64 14706.2 0 0
176 26 64 14710.5 0 0
178 26 64 14714.6 0 0
177 27 64 14718.9 0 0
176 27 64 14723.1 0 0
178 27 64 14727.3 0 0
177 25 64 14731.6 0 0
177 25 64 14738.7 0 0
178 27 64 14744.2 0 0
176 26 64 14748.5 0 0
177 27 64 14755.4 0 0
177 27 64 14759.6 0 0
176 28 64 14763.8 0 0
178 27 64 14768 0 0
177 27 64 14772.2 0 0
179 26 64 14776.5 0 0
178 28 64 14780.7 0 0
177 27 64 14784.9 0 0
178 28 64 14789.1 0 0
177 25 64 14793.4 0 0
176 26 64 14797.6 0 0
177 27 64 14801.8 0 0
177 28 64 14806 0 0
176 27 64 14810.2 0 0
175 27 64 14814.4 0 0
178 27 65 14818.6 0 0
177 26 64 14822.9 0 0
180 28 64 14827 0 0
177 27 65 14831.2 0 0
175 33 65 14835.5 0 0
167 39 65 14839.7 0 0
162 54 65 14843.9 0 0
153 66 65 14848.1 0 0
141 77 65 14852.3 0 0
132 85 66 14856.6 0 0
114 97 66 14860.8 0 0
104 105 66 14867.8 0 0
93 109 66 14872 0 0
82 116 66 14876.2 0 0
71 123 65 14881 0 0
65 126 65 14885.2 0 0
59 131 65 14889.5 0 0
52 130 65 14893.7 0 0
48 132 64 14897.9 0 0
46 132 65 14902.1 0 0
46 134 65 14906.3 0 0
46 138 65 14910.5 0 0
48 136 65 14914.8 0 0
46 139 65 14921.7 0 0
45 137 64 14930 0 0
43 138 64 14938.5 0 0
44 137 64 14946.7 0 0
44 137 64 14955 0 0
45 141 64 14963 0 0
46 141 64 14967.2 0 0
46 137 64 14971.7 0 0
44 139 64 14975.9 0 0
45 140 64 14980.2 0 0
43 138 64 14984.4 0 0
44 135 65 14988.6 0 0
44 139 65 14992.8 0 0
45 140 65 14997 0 0
45 141 65 15001.2 0 0
43 141 65 15005.5 0 0
45 141 65 15009.7 0 0
46 143 65 15013.9 0 0
42 144 64 15018.1 0 0
44 138 64 15022.3 0 0
42 136 65 15026.6 0 0
44 136 64 15030.8 0 0
43 136 64 15035 0 0
45 135 64 15039.2 0 0
43 142 65 15043.5 0 0
42 144 64 15047.7 0 0
36 144 64 15051.9 0 0
34 149 64 15056.1 0 0
35 146 64 15060.3 0 0
37 150 64 15064.5 0 0
36 147 64 15071.6 0 0
42 142 64 15075.8 0 0
39 145 64 15080 0 0
38 144 64 15084.3 0 0
37 146 64 15088.5 0 0
35 146 64 15092.7 0 0
38 146 64 15096.9 0 0
36 149 64 15101.2 0 0
36 146 64 15105.4 0 0
37 144 64 15109.6 0 0
37 147 64 15113.8 0 0
38 144 64 15118 0 0
35 146 64 15122.2 0 0
35 147 64 15126.4 0 0
37 145 64 15130.6 0 0
34 148 64 15134.9 0 0
38 147 64 15139.1 0 0
35 148 64 15143.3 0 0
36 146 64 15147.5 0 0
38 147 64 15151.8 0 0
36 146 64 15156 0 0
38 148 64 15160.2 0 0
35 148 64 15164.5 0 0
40 147 64 15171.5 0 0
36 146 64 15179.7 0 0
39 141 64 15188.2 0 0
37 146 64 15196.5 0 0
37 146 64 15204.7 0 0
39 146 64 15213 0 0
39 145 64 15217.2 0 0
36 144 64 15221.5 0 0
37 120 64 15225.7 0 0
37 144 64 15230 0 0
39 143 64 15234.2 0 0
40 144 64 15238.4 0 0
38 143 64 15242.6 0 0
36 150 64 15246.8 0 0
38 115 64 15251 0 0
36 144 64 15255.3 0 0
40 145 64 15259.5 0 0
37 144 64 15263.7 0 0
39 146 64 15267.9 0 0
37 144 64 15272.1 0 0
37 144 64 15276.4 0 0
37 144 64 15280.6 0 0
37 114 70 15284.8 0 0
39 146 64 15289 0 0
39 147 64 15293.2 0 0
38 143 64 15297.4 0 0
36 143 64 15301.6 0 0
38 121 64 15305.8 0 0
40 144 64 15310.1 0 0
40 141 64 15314.3 0 0
37 147 64 15321.4 0 0
39 144 64 15325.6 0 0
40 144 64 15329.8 0 0
39 144 64 15334 0 0
36 148 64 15338.3 0 0
35 144 64 15342.5 0 0
38 142 64 15346.7 0 0
38 136 64 15351 0 0
39 129 64 15355.2 0 0
37 119 64 15359.4 0 0
38 116 64 15363.6 0 0
39 106 64 15367.8 0 0
41 106 64 15372 0 0
41 97 64 15376.2 0 0
39 92 64 15381 0 0
38 82 64 15385.2 0 0
39 77 64 15392.3 0 0
41 77 64 15396.5 0 0
39 71 64 15400.8 0 0
40 63 64 15405 0 0
42 60 64 15409.2 0 0
39 60 64 15413.4 0 0
40 60 64 15417.6 0 0
39 61 64 15421.8 0 0
42 62 64 15426 0 0
40 62 64 15430.2 0 0
41 60 64 15434.5 0 0
41 60 64 15438.7 0 0
40 57 64 15443.4 0 0
41 61 64 15447.6 0 0
42 59 64 15454.7 0 0
40 64 64 15458.9 0 0
40 61 64 15463.1 0 0
43 60 64 15467.4 0 0
41 63 64 15471.6 0 0
42 62 64 15475.8 0 0
43 61 64 15480.1 0 0
40 62 64 15484.4 0 0
41 60 64 15488.6 0 0
39 61 64 15492.8 0 0
41 63 64 15497 0 0
42 61 64 15501.2 0 0
41 60 64 15505.4 0 0
41 61 64 15509.6 0 0
39 58 64 15513.8 0 0
42 64 64 15518 0 0
39 60 64 15522.2 0 0
41 61 64 15526.5 0 0
41 64 64 15530.7 0 0
41 61 64 15534.9 0 0
41 62 64 15539.1 0 0
41 65 64 15543.3 0 0
41 61 63 15547.5 0 0
41 61 63 15551.8 0 0
41 61 64 15556.7 0 0
40 63 64 15561 0 0
43 61 64 15565.2 0 0
39 64 64 15569.4 0 0
40 62 64 15573.7 0 0
40 60 64 15577.9 0 0
40 64 64 15582.1 0 0
41 60 63 15586.3 0 0
42 61 64 15590.5 0 0
42 65 64 15594.7 0 0
41 66 64 15598.9 0 0
42 63 64 15603.2 0 0
41 65 64 15607.4 0 0
40 60 63 15611.6 0 0
41 63 63 15615.8 0 0
42 64 64 15620 0 0
45 66 64 15624.2 0 0
47 64 64 15628.5 0 0
58 63 65 15632.7 0 0
74 62 65 15636.9 0 0
87 59 65 15641.1 0 0
102 62 66 15645.3 0 0
115 63 66 15649.5 0 0
127 63 66 15653.8 0 0
138 61 66 15658.2 0 0
152 59 65 15662.5 0 0
161 56 65 15666.7 0 0
169 52 64 15670.9 0 0
182 56 63 15675.1 0 0
190 57 63 15679.3 0 0
194 55 62 15683.5 0 0
202 58 62 15687.7 0 0
212 63 61 15692 0 0
214 64 61 15696.2 0 0
219 63 60 15700.4 0 0
221 67 60 15704.6 0 0
220 64 60 15708.9 0 0
217 66 60 15713.1 0 0
217 64 60 15717.3 0 0
218 65 60 15721.5 0 0
218 67 60 15725.8 0 0
219 67 61 15730 0 0
220 68 60 15734.3 0 0
220 67 60 15738.5 0 0
222 67 60 15742.7 0 0
221 67 60 15746.9 0 0
218 68 60 15751.1 0 0
221 69 60 15755.3 0 0
220 68 60 15759.6 0 0
218 70 60 15763.8 0 0
221 69 61 15768 0 0
217 68 61 15772.2 0 0
218 68 60 15776.4 0 0
217 68 61 15780.6 0 0
218 68 60 15784.8 0 0
218 68 61 15789 0 0
218 69 61 15793.3 0 0
219 69 61 15797.5 0 0
218 69 61 15801.7 0 0
219 67 60 15805.9 0 0
218 68 61 15810.1 0 0
220 68 60 15814.4 0 0
217 69 61 15818.6 0 0
217 67 61 15822.9 0 0
220 68 61 15827.1 0 0
217 69 60 15831.3 0 0
218 67 61 15835.5 0 0
219 68 60 15839.7 0 0
222 65 61 15843.9 0 0
227 64 61 15848.1 0 0
234 66 60 15852.8 0 0
237 65 60 15857 0 0
235 64 60 15861.2 0 0
234 63 59 15865.4 0 0
231 64 60 15869.6 0 0
231 64 60 15873.8 0 0
232 66 60 15878.1 0 0
233 66 60 15882.3 0 0
231 62 60 15886.5 0 0
234 65 60 15890.8 0 0
233 66 60 15895 0 0
233 63 60 15899.2 0 0
234 66 60 15903.4 0 0
233 65 60 15907.6 0 0
234 65 60 15911.9 0 0
234 66 60 15916.1 0 0
234 65 60 15920.3 0 0
233 64 60 15924.5 0 0
232 63 60 15928.7 0 0
236 66 60 15933 0 0
232 64 60 15937.2 0 0
233 65 60 15941.4 0 0
232 64 60 15945.6 0 0
235 65 60 15949.8 0 0
235 65 60 15954 0 0
232 64 60 15958.2 0 0
234 66 60 15962.5 0 0
232 63 60 15966.8 0 0
233 64 60 15971 0 0
233 63 60 15975.2 0 0
232 63 60 15979.5 0 0
233 63 60 15983.7 0 0
234 65 60 15987.9 0 0
232 64 60 15992.1 0 0
233 65 60 15996.4 0 0
233 64 60 16000.6 0 0
233 66 60 16004.8 0 0
232 65 60 16009 0 0
233 63 60 16013.2 0 0
235 65 60 16017.5 0 0
234 65 60 16021.7 0 0
235 65 61 16025.9 0 0
235 65 60 16030.1 0 0
234 65 60 16034.3 0 0
232 67 60 16038.5 0 0
234 63 60 16042.7 0 0
235 66 60 16047 0 0
233 65 60 16051.2 0 0
235 63 61 16055.4 0 0
235 67 60 16059.6 0 0
234 66 60 16063.8 0 0
234 67 60 16068.1 0 0
233 63 60 16072.3 0 0
234 66 60 16076.5 0 0
233 66 60 16080.7 0 0
232 63 60 16084.9 0 0
235 67 60 16089.1 0 0
233 63 60 16093.3 0 0
233 66 60 16097.5 0 0
235 66 60 16102.2 0 0
233 65 60 16106.4 0 0
234 65 60 16110.6 0 0
233 65 60 16114.8 0 0
233 65 60 16119 0 0
235 68 60 16123.3 0 0
235 68 60 16127.5 0 0
234 65 60 16131.8 0 0
234 66 60 16136 0 0
232 66 60 16140.2 0 0
234 65 60 16144.4 0 0
233 65 60 16148.6 0 0
233 67 60 16152.8 0 0
233 67 60 16157 0 0
234 67 60 16161.2 0 0
235 67 60 16165.5 0 0
233 67 60 16169.7 0 0
233 67 60 16173.9 0 0
234 68 60 16178.1 0 0
235 69 60 16182.4 0 0
234 66 60 16186.6 0 0
235 68 60 16190.8 0 0
233 68 60 16195 0 0
233 68 60 16199.2 0 0
233 67 60 16203.5 0 0
234 68 60 16207.7 0 0
234 67 60 16211.9 0 0
233 67 60 16216.1 0 0
234 67 60 16220.3 0 0
233 67 60 16224.5 0 0
236 68 60 16228.8 0 0
232 65 60 16233 0 0
233 66 60 16237.2 0 0
234 65 60 16241.5 0 0
233 67 60 16245.7 0 0
232 66 60 16249.9 0 0
233 67 60 16254.1 0 0
232 65 61 16258.4 0 0
234 67 60 16262.6 0 0
233 66 60 16266.8 0 0
232 65 60 16271 0 0
232 65 60 16275.2 0 0
235 66 60 16279.4 0 0
232 67 60 16283.6 0 0
233 67 60 16287.9 0 0
233 67 60 16292.1 0 0
235 67 60 16296.3 0 0
233 65 60 16300.5 0 0
234 66 60 16304.7 0 0
234 67 61 16312.7 0 0
234 65 60 16317 0 0
233 67 60 16321.3 0 0
233 66 60 16325.5 0 0
233 68 60 16329.7 0 0
235 67 60 16333.9 0 0
231 65 60 16338.1 0 0
233 66 61 16342.4 0 0
233 67 60 16346.6 0 0
234 67 60 16350.8 0 0
234 66 60 16355 0 0
232 67 60 16359.2 0 0
233 68 60 16363.4 0 0
233 69 60 16367.6 0 0
234 66 60 16371.9 0 0
232 68 61 16376.1 0 0
232 68 61 16380.3 0 0
232 68 60 16384.9 0 0
231 66 60 16389.1 0 0
232 66 60 16393.3 0 0
233 67 61 16397.5 0 0
232 67 60 16401.7 0 0
234 69 61 16405.9 0 0
233 69 60 16410.1 0 0
235 68 61 16414.4 0 0
232 67 61 16418.6 0 0
232 64 61 16422.8 0 0
233 66 60 16427 0 0
231 64 60 16431.2 0 0
231 65 60 16435.5 0 0
234 65 60 16439.8 0 0
231 63 60 16444.1 0 0
233 63 61 16448.3 0 0
231 62 60 16452.6 0 0
231 64 61 16456.8 0 0
232 64 60 16461 0 0
230 64 61 16465.4 0 0
232 65 60 16469.6 0 0
234 68 61 16473.8 0 0
232 65 61 16478 0 0
229 64 61 16482.3 0 0
232 63 61 16486.5 0 0
232 64 61 16490.7 0 0
231 64 60 16494.9 0 0
231 62 60 16499.1 0 0
232 65 60 16503.4 0 0
231 64 61 16507.6 0 0
229 63 60 16511.8 0 0
233 65 61 16516 0 0
229 63 61 16520.2 0 0
232 66 61 16524.5 0 0
233 64 61 16528.7 0 0
231 66 61 16532.9 0 0
231 65 61 16537.9 0 0
231 63 61 16542.1 0 0
232 66 61 16546.4 0 0
230 64 61 16550.6 0 0
231 62 61 16554.8 0 0
232 64 60 16559 0 0
230 63 61 16563.2 0 0
231 65 61 16567.5 0 0
229 64 61 16571.7 0 0
231 65 60 16575.9 0 0
230 65 61 16580.1 0 0
231 63 61 16584.3 0 0
231 66 61 16588.5 0 0
230 64 61 16592.7 0 0
231 64 61 16596.9 0 0
232 65 61 16601.2 0 0
230 63 61 16605.4 0 0
233 66 61 16609.6 0 0
231 64 61 16613.8 0 0
231 63 61 16618 0 0
232 65 61 16622.2 0 0
232 65 61 16626.4 0 0
232 66 61 16630.6 0 0
232 65 61 16635 0 0
230 63 61 16639.2 0 0
230 60 61 16643.4 0 0
229 61 61 16647.6 0 0
230 63 61 16651.8 0 0
230 61 61 16656 0 0
230 63 61 16660.2 0 0
230 64 61 16665 0 0
230 64 61 16669.2 0 0
232 66 61 16673.4 0 0
231 63 61 16677.6 0 0
230 68 61 16681.8 0 0
233 65 61 16686 0 0
231 65 61 16690.3 0 0
229 64 61 16694.5 0 0
230 64 61 16698.7 0 0
230 67 61 16702.9 0 0
230 65 61 16707.1 0 0
232 64 61 16711.3 0 0
233 66 61 16715.5 0 0
229 63 61 16719.7 0 0
231 65 61 16724 0 0
230 65 61 16728.2 0 0
231 65 61 16732.4 0 0
233 69 61 16736.6 0 0
230 66 61 16740.8 0 0
232 68 61 16745 0 0
232 68 61 16749.2 0 0
232 66 61 16753.5 0 0
232 68 61 16757.7 0 0
232 65 61 16761.9 0 0
231 67 61 16766.1 0 0
232 69 61 16770.3 0 0
230 67 61 16774.5 0 0
231 68 61 16778.7 0 0
232 69 61 16782.9 0 0
233 70 61 16787.1 0 0
232 70 61 16791.4 0 0
232 70 61 16795.6 0 0
230 61 62 16799.8 0 0
234 61 61 16804 0 0
237 60 61 16808.2 0 0
239 57 61 16812.5 0 0
238 55 61 16816.7 0 0
239 57 61 16820.9 0 0
239 55 61 16825.1 0 0
235 55 61 16829.3 0 0
234 56 61 16833.5 0 0
236 57 61 16837.7 0 0
236 59 61 16841.9 0 0
237 56 61 16846.1 0 0
238 59 61 16850.4 0 0
236 57 61 16854.6 0 0
236 57 61 16858.8 0 0
237 57 61 16863 0 0
235 58 61 16867.2 0 0
235 58 61 16871.4 0 0
235 58 61 16875.7 0 0
236 59 61 16879.9 0 0
235 58 61 16884.1 0 0
237 58 61 16888.3 0 0
235 57 61 16892.5 0 0
234 57 61 16896.7 0 0
236 59 61 16900.9 0 0
236 56 61 16905.2 0 0
238 58 61 16909.4 0 0
237 58 61 16913.6 0 0
235 58 61 16917.8 0 0
236 59 61 16922 0 0
235 57 61 16926.2 0 0
237 58 61 16930.4 0 0
235 58 61 16934.6 0 0
236 58 61 16938.8 0 0
237 60 61 16943.1 0 0
236 57 61 16947.3 0 0
235 57 61 16951.5 0 0
236 59 61 16955.7 0 0
235 58 61 16959.9 0 0
236 58 61 16964.1 0 0
235 58 61 16968.3 0 0
234 59 61 16972.5 0 0
235 58 61 16976.8 0 0
235 57 61 16981 0 0
235 59 61 16985.2 0 0
234 57 61 16989.4 0 0
235 58 61 16993.6 0 0
235 59 61 16997.8 0 0
236 58 61 17002.1 0 0
234 57 61 17006.3 0 0
234 57 61 17010.5 0 0
235 58 61 17014.7 0 0
235 58 61 17018.9 0 0
233 57 61 17023.1 0 0
234 58 61 17027.3 0 0
235 58 61 17031.5 0 0
235 58 61 17035.8 0 0
234 59 61 17040 0 0
235 58 61 17044.3 0 0
236 59 61 17048.5 0 0
234 59 61 17052.8 0 0
236 58 61 17057 0 0
234 58 61 17061.2 0 0
236 59 61 17065.5 0 0
237 59 61 17069.7 0 0
233 57 61 17074 0 0
234 58 61 17078.2 0 0
235 60 61 17082.4 0 0
234 58 61 17086.6 0 0
235 59 61 17090.9 0 0
237 59 61 17095.1 0 0
236 59 61 17099.3 0 0
237 60 61 17103.5 0 0
234 59 61 17107.8 0 0
237 60 61 17112 0 0
233 59 61 17116.2 0 0
236 59 61 17120.4 0 0
235 60 61 17124.7 0 0
235 62 62 17128.9 0 0
235 59 61 17133.2 0 0
237 61 61 17137.4 0 0
236 59 61 17141.6 0 0
235 60 61 17145.8 0 0
237 64 61 17150 0 0
235 60 61 17154.2 0 0
237 62 62 17158.4 0 0
235 65 61 17162.7 0 0
236 61 61 17166.9 0 0
237 64 61 17171.1 0 0
237 64 61 17175.3 0 0
240 55 61 17181.7 0 0
240 53 61 17186 0 0
239 54 61 17190.5 0 0
239 56 61 17194.8 0 0
237 54 61 17199 0 0
236 55 61 17203.2 0 0
237 56 61 17207.4 0 0
237 56 61 17211.6 0 0
237 56 61 17215.9 0 0
238 56 61 17220.1 0 0
238 55 61 17224.3 0 0
238 55 61 17228.5 0 0
236 54 61 17232.8 0 0
236 55 61 17237 0 0
238 53 61 17241.2 0 0
239 58 61 17245.4 0 0
239 56 61 17249.6 0 0
236 55 61 17253.8 0 0
237 53 61 17258.1 0 0
239 56 61 17262.3 0 0
235 54 61 17266.5 0 0
239 57 61 17270.7 0 0
238 57 61 17274.9 0 0
236 55 61 17279.1 0 0
237 58 61 17283.3 0 0
237 57 61 17287.5 0 0
238 57 61 17291.8 0 0
239 57 61 17299.3 0 0
238 58 61 17303.5 0 0
236 57 61 17307.7 0 0
238 57 60 17311.9 0 0
238 57 61 17316.2 0 0
237 58 61 17320.4 0 0
237 57 60 17324.6 0 0
235 55 61 17328.8 0 0
235 55 61 17333 0 0
237 57 61 17337.2 0 0
235 55 61 17341.4 0 0
236 57 61 17345.7 0 0
236 55 61 17349.9 0 0
236 57 61 17354.2 0 0
237 56 61 17358.3 0 0
237 57 61 17362.5 0 0
239 60 61 17366.8 0 0
235 54 61 17371 0 0
236 57 61 17377.8 0 0
236 53 61 17382 0 0
237 59 61 17386.3 0 0
236 55 61 17390.5 0 0
236 55 61 17394.7 0 0
234 54 61 17398.9 0 0
235 55 61 17403.2 0 0
234 53 61 17407.4 0 0
237 54 61 17411.6 0 0
235 56 61 17416.2 0 0
236 54 61 17420.4 0 0
235 55 61 17424.6 0 0
236 55 61 17428.8 0 0
235 55 61 17433 0 0
236 53 61 17437.2 0 0
235 57 61 17441.4 0 0
233 58 61 17445.7 0 0
230 64 61 17449.9 0 0
223 71 62 17454.1 0 0
223 71 62 17458.3 0 0
208 89 62 17463 0 0
193 99 63 17467.2 0 0
181 105 64 17473.5 0 0
169 102 64 17477.7 0 0
159 109 64 17482 0 0
150 115 65 17486.2 0 0
139 115 65 17490.4 0 0
132 126 65 17494.7 0 0
120 127 65 17498.9 0 0
113 133 65 17503.2 0 0
103 131 65 17507.4 0 0
95 144 65 17511.6 0 0
92 153 64 17515.8 0 0
79 158 64 17520 0 0
77 170 64 17524.2 0 0
66 176 63 17528.4 0 0
59 177 63 17532.6 0 0
56 180 63 17536.8 0 0
53 179 63 17541.2 0 0
47 173 63 17545.5 0 0
48 167 63 17549.7 0 0
47 164 63 17553.9 0 0
49 160 63 17558.1 0 0
51 152 63 17562.3 0 0
53 152 63 17569.1 0 0
56 148 63 17573.4 0 0
55 157 64 17577.6 0 0
57 143 63 17581.8 0 0
58 156 64 17586 0 0
55 149 64 17590.3 0 0
54 144 63 17594.5 0 0
57 142 63 17598.7 0 0
57 155 64 17603 0 0
53 156 64 17607.2 0 0
57 154 64 17611.4 0 0
54 155 64 17615.6 0 0
58 154 64 17619.8 0 0
56 156 64 17624.1 0 0
56 149 64 17628.3 0 0
55 153 64 17632.6 0 0
56 152 64 17636.8 0 0
56 155 64 17641 0 0
55 155 64 17645.2 0 0
56 156 64 17649.4 0 0
56 155 64 17653.6 0 0
54 156 64 17657.8 0 0
55 156 64 17662.1 0 0
54 155 64 17666.3 0 0
57 154 64 17673.3 0 0
54 155 64 17677.5 0 0
55 155 64 17681.8 0 0
54 154 64 17686 0 0
55 156 64 17690.3 0 0
55 157 64 17694.5 0 0
51 150 64 17698.7 0 0
46 152 64 17702.9 0 0
41 151 64 17707.1 0 0
39 151 64 17711.3 0 0
38 152 64 17715.6 0 0
37 153 64 17719.8 0 0
37 152 64 17724 0 0
43 154 64 17728.2 0 0
40 152 64 17732.5 0 0
43 153 64 17736.7 0 0
42 151 64 17740.9 0 0
39 153 64 17745.2 0 0
42 151 64 17749.4 0 0
41 150 64 17753.6 0 0
39 154 64 17757.8 0 0
41 155 64 17762 0 0
41 155 64 17766.2 0 0
39 151 64 17773.2 0 0
39 157 64 17781.6 0 0
40 154 64 17789.9 0 0
39 156 64 17798.2 0 0
38 151 64 17806.4 0 0
38 151 64 17814.9 0 0
41 153 64 17822.4 0 0
41 157 64 17826.6 0 0
39 153 64 17831.6 0 0
40 157 64 17835.8 0 0
42 155 64 17840.1 0 0
41 156 64 17844.3 0 0
41 157 64 17848.5 0 0
41 156 64 17852.8 0 0
39 156 64 17857 0 0
44 157 64 17861.2 0 0
40 155 64 17865.4 0 0
36 157 64 17869.7 0 0
41 153 64 17873.9 0 0
40 156 64 17878.1 0 0
39 157 64 17882.4 0 0
41 154 64 17886.6 0 0
42 154 64 17890.8 0 0
44 157 64 17895 0 0
40 156 64 17899.2 0 0
40 154 64 17903.4 0 0
40 154 64 17907.6 0 0
40 155 64 17911.9 0 0
42 158 64 17916.2 0 0
39 156 64 17923.3 0 0
40 141 63 17927.5 0 0
39 151 64 17931.7 0 0
37 152 64 17935.9 0 0
35 153 64 17940.1 0 0
34 141 63 17944.3 0 0
34 154 64 17948.6 0 0
36 151 64 17952.8 0 0
36 154 64 17957 0 0
38 152 64 17961.2 0 0
35 152 64 17965.4 0 0
36 143 63 17969.6 0 0
36 152 64 17973.8 0 0
38 153 64 17978.1 0 0
36 142 63 17982.3 0 0
40 151 64 17986.5 0 0
36 143 63 17990.8 0 0
36 141 63 17995 0 0
35 152 64 17999.2 0 0
38 142 63 18003.5 0 0
35 154 64 18007.7 0 0
36 152 64 18011.9 0 0
39 142 63 18016.1 0 0
35 152 64 18023.2 0 0
34 155 64 18027.4 0 0
37 142 63 18031.6 0 0
38 141 63 18035.8 0 0
37 142 63 18040 0 0
37 143 63 18044.3 0 0
35 141 63 18048.6 0 0
38 141 63 18052.8 0 0
36 144 63 18057 0 0
37 141 63 18061.2 0 0
34 142 63 18065.5 0 0
36 143 63 18069.7 0 0
37 146 63 18073.9 0 0
39 144 63 18078.1 0 0
37 142 63 18082.3 0 0
38 146 63 18086.5 0 0
39 144 63 18090.8 0 0
36 142 63 18095 0 0
37 143 63 18099.2 0 0
37 143 63 18103.4 0 0
36 144 63 18110.6 0 0
36 141 63 18114.8 0 0
36 143 63 18119 0 0
35 143 63 18123.2 0 0
36 144 63 18127.4 0 0
37 142 63 18131.6 0 0
34 143 63 18135.8 0 0
36 146 63 18140.1 0 0
36 143 63 18144.3 0 0
34 144 63 18148.5 0 0
40 145 63 18152.7 0 0
38 144 63 18156.9 0 0
37 145 63 18161.2 0 0
37 143 63 18165.4 0 0
40 142 63 18169.6 0 0
36 143 63 18173.8 0 0
34 146 63 18178 0 0
35 143 63 18182.3 0 0
36 146 63 18186.5 0 0
35 148 63 18190.8 0 0
35 148 63 18195 0 0
35 146 63 18199.2 0 0
36 140 63 18203.4 0 0
36 139 63 18210.5 0 0
37 149 63 18214.7 0 0
34 147 63 18218.9 0 0
37 147 63 18223.1 0 0
34 148 63 18227.4 0 0
38 146 63 18231.6 0 0
36 148 63 18235.8 0 0
35 146 63 18240 0 0
35 147 63 18244.2 0 0
37 147 63 18248.5 0 0
35 147 63 18252.7 0 0
34 148 62 18256.9 0 0
36 149 63 18261.1 0 0
37 147 63 18265.3 0 0
37 148 63 18269.5 0 0
34 147 63 18273.7 0 0
37 146 63 18278 0 0
36 149 63 18282.2 0 0
35 147 63 18286.6 0 0
33 142 63 18290.8 0 0
37 140 63 18297.9 0 0
35 142 63 18302.1 0 0
35 147 63 18306.3 0 0
35 148 63 18315.4 0 0
35 147 63 18319.6 0 0
37 148 63 18323.8 0 0
34 147 63 18328 0 0
37 148 63 18332.2 0 0
34 150 63 18336.5 0 0
35 148 63 18340.7 0 0
35 148 63 18347.8 0 0
38 148 63 18353.7 0 0
36 146 63 18358 0 0
36 144 63 18364.3 0 0
38 148 63 18368.5 0 0
35 147 63 18372.8 0 0
35 149 63 18377 0 0
34 148 62 18381.3 0 0
35 147 63 18385.5 0 0
35 148 62 18389.8 0 0
37 148 62 18394 0 0
34 148 63 18398.2 0 0
34 148 63 18402.4 0 0
35 147 62 18406.6 0 0
36 148 63 18410.8 0 0
38 149 63 18415.1 0 0
35 147 62 18419.3 0 0
38 148 62 18423.5 0 0
36 147 63 18427.7 0 0
36 148 62 18432.1 0 0
37 148 63 18436.3 0 0
35 148 63 18440.5 0 0
35 141 63 18444.8 0 0
34 148 63 18449 0 0
34 148 63 18456 0 0
37 147 63 18463 0 0
35 148 63 18467.4 0 0
35 148 63 18472.7 0 0
35 147 63 18476.9 0 0
36 149 63 18481.2 0 0
34 148 63 18485.4 0 0
35 149 63 18489.6 0 0
33 148 63 18493.8 0 0
36 148 63 18498 0 0
37 148 63 18502.2 0 0
36 147 63 18506.5 0 0
35 148 63 18510.8 0 0
34 148 63 18515 0 0
35 148 63 18519.2 0 0
36 147 63 18523.4 0 0
35 148 63 18527.6 0 0
35 147 63 18531.8 0 0
35 148 63 18536 0 0
33 147 63 18540.2 0 0
35 148 63 18544.6 0 0
38 139 63 18548.8 0 0
38 146 63 18555.9 0 0
38 146 63 18564.1 0 0
37 140 63 18572.4 0 0
35 140 63 18576.6 0 0
35 139 63 18580.9 0 0
36 139 63 18585.1 0 0
34 138 63 18589.3 0 0
35 141 63 18593.5 0 0
35 139 63 18597.8 0 0
34 139 63 18602 0 0
37 139 63 18606.2 0 0
34 141 63 18610.4 0 0
35 140 63 18614.6 0 0
36 141 63 18618.8 0 0
33 140 63 18623 0 0
36 139 63 18627.3 0 0
36 138 63 18631.5 0 0
33 140 63 18635.7 0 0
35 140 63 18639.9 0 0
34 141 63 18644.1 0 0
37 140 63 18648.3 0 0
36 138 63 18652.6 0 0
36 138 63 18656.8 0 0
37 141 63 18661 0 0
35 143 63 18665.7 0 0
36 141 63 18669.9 0 0
37 142 63 18676.5 0 0
37 142 63 18680.8 0 0
32 144 63 18685 0 0
36 143 63 18689.2 0 0
35 143 63 18694 0 0
35 139 63 18698.2 0 0
36 138 63 18702.4 0 0
37 138 63 18706.6 0 0
35 138 63 18710.8 0 0
36 137 63 18715.1 0 0
34 136 63 18719.3 0 0
34 140 63 18723.5 0 0
37 137 63 18727.7 0 0
35 138 63 18731.9 0 0
36 138 63 18736.2 0 0
36 137 63 18740.4 0 0
36 139 63 18744.6 0 0
36 138 63 18751.7 0 0
35 139 63 18756.4 0 0
34 139 63 18760.7 0 0
35 136 63 18764.9 0 0
36 136 63 18769.1 0 0
35 138 63 18773.3 0 0
34 149 64 18778 0 0
38 148 64 18782.3 0 0
36 150 64 18789.1 0 0
35 138 63 18793.4 0 0
37 150 64 18797.6 0 0
34 137 63 18801.8 0 0
33 138 63 18806 0 0
37 146 64 18810.3 0 0
36 139 63 18814.5 0 0
37 138 63 18818.7 0 0
35 137 63 18822.9 0 0
38 137 63 18827.2 0 0
35 136 63 18831.4 0 0
35 148 64 18835.6 0 0
39 137 63 18839.8 0 0
35 138 63 18844 0 0
36 148 64 18848.2 0 0
33 149 64 18852.5 0 0
34 139 63 18856.7 0 0
35 138 63 18860.9 0 0
36 138 63 18865.4 0 0
39 137 63 18869.6 0 0
37 138 63 18876.3 0 0
35 140 63 18880.6 0 0
36 137 63 18884.8 0 0
35 137 63 18889 0 0
35 150 64 18893.2 0 0
35 148 64 18897.4 0 0
36 149 64 18901.7 0 0
37 136 63 18905.9 0 0
34 138 63 18910.1 0 0
34 150 64 18914.3 0 0
37 148 64 18918.5 0 0
34 138 63 18922.7 0 0
35 150 64 18926.9 0 0
35 147 64 18931.1 0 0
36 150 64 18935.3 0 0
36 139 63 18939.6 0 0
33 137 63 18943.9 0 0
34 150 64 18948.1 0 0
36 138 63 18952.3 0 0
33 151 64 18956.5 0 0
33 150 64 18960.7 0 0
36 148 64 18965 0 0
36 140 63 18969.2 0 0
34 148 64 18973.5 0 0
34 148 64 18977.7 0 0
35 151 64 18982 0 0
35 148 64 18988.9 0 0
34 149 64 18993.1 0 0
37 150 64 18997.4 0 0
36 149 64 19001.6 0 0
32 147 64 19006 0 0
35 137 63 19010.2 0 0
37 146 64 19014.4 0 0
34 149 64 19018.6 0 0
38 150 64 19022.8 0 0
37 135 63 19027 0 0
34 137 63 19031.2 0 0
32 149 64 19035.5 0 0
37 149 64 19039.7 0 0
36 136 63 19044 0 0
34 146 64 19048.2 0 0
32 148 64 19052.4 0 0
32 142 64 19056.6 0 0
31 137 64 19060.9 0 0
31 126 64 19065.1 0 0
29 117 64 19069.3 0 0
32 104 64 19073.5 0 0
31 99 64 19080.4 0 0
32 92 64 19084.6 0 0
33 90 64 19088.8 0 0
29 82 64 19093.3 0 0
27 79 64 19097.5 0 0
29 75 64 19101.7 0 0
27 75 64 19105.9 0 0
30 77 64 19110.2 0 0
30 72 63 19114.3 0 0
31 76 64 19118.5 0 0
27 76 64 19122.8 0 0
28 73 64 19127 0 0
28 74 64 19131.3 0 0
29 73 64 19135.5 0 0
29 70 63 19139.7 0 0
30 73 64 19143.9 0 0
28 76 64 19148.1 0 0
28 72 64 19152.3 0 0
30 72 64 19156.5 0 0
26 73 64 19160.8 0 0
32 72 64 19165 0 0
30 75 64 19169.2 0 0
30 73 64 19173.4 0 0
27 73 64 19180.3 0 0
31 67 63 19184.5 0 0
29 73 64 19188.7 0 0
30 73 64 19193.3 0 0
29 74 64 19197.6 0 0
28 73 64 19201.8 0 0
30 73 64 19206 0 0
30 74 64 19210.2 0 0
29 72 64 19214.4 0 0
31 72 64 19218.6 0 0
29 73 64 19222.8 0 0
30 74 64 19227.1 0 0
30 73 64 19231.3 0 0
29 77 64 19235.5 0 0
28 73 64 19239.7 0 0
29 73 64 19243.9 0 0
31 72 64 19248.2 0 0
31 72 64 19252.5 0 0
29 74 64 19256.7 0 0
28 71 64 19260.9 0 0
28 71 64 19267.7 0 0
28 72 64 19271.9 0 0
31 71 64 19276.2 0 0
29 72 64 19280.4 0 0
31 73 64 19284.6 0 0
28 72 64 19288.8 0 0
30 73 64 19293 0 0
27 75 64 19297.3 0 0
29 73 64 19301.5 0 0
29 70 64 19305.7 0 0
29 74 64 19310 0 0
29 73 64 19314.2 0 0
29 70 64 19319.1 0 0
31 73 64 19323.3 0 0
29 73 64 19330.1 0 0
29 71 64 19334.3 0 0
28 70 64 19338.6 0 0
29 72 64 19342.8 0 0
29 71 64 19347.1 0 0
29 72 64 19351.3 0 0
29 74 64 19355.5 0 0
30 70 64 19359.7 0 0
30 71 64 19363.9 0 0
28 72 64 19368.1 0 0
31 72 64 19372.3 0 0
30 73 64 19376.5 0 0
30 74 64 19381.1 0 0
32 71 64 19385.3 0 0
30 74 64 19389.5 0 0
27 72 64 19393.7 0 0
28 74 64 19397.9 0 0
29 74 64 19402.2 0 0
27 74 64 19406.4 0 0
27 74 64 19410.6 0 0
31 74 64 19416.2 0 0
28 71 64 19420.4 0 0
31 73 64 19424.6 0 0
28 72 64 19428.8 0 0
26 73 64 19433 0 0
29 74 64 19437.2 0 0
30 72 64 19441.4 0 0
29 73 64 19445.7 0 0
29 76 64 19449.9 0 0
29 74 64 19454.1 0 0
28 73 64 19458.3 0 0
28 74 64 19462.5 0 0
28 75 64 19467 0 0
30 77 64 19471.3 0 0
29 77 64 19475.5 0 0
31 77 64 19479.7 0 0
30 83 64 19484 0 0
35 90 64 19488.2 0 0
39 112 64 19492.4 0 0
40 139 63 19496.6 0 0
47 161 63 19500.8 0 0
43 187 61 19505.1 0 0
40 211 59 19509.3 0 0
46 236 57 19513.5 0 0
83 237 63 19754.2 0 0
87 233 63 19758.5 0 0
88 223 64 19762.7 0 0
84 231 63 19766.9 0 0
86 225 64 19771.1 0 0
87 221 64 19775.3 0 0
85 222 64 19779.5 0 0
88 213 64 19783.8 0 0
87 212 64 19788 0 0
84 216 64 19792.3 0 0
91 215 64 19796.5 0 0
87 209 64 19800.7 0 0
89 204 64 19804.9 0 0
88 205 64 19809.2 0 0
89 204 64 19813.4 0 0
89 203 64 19817.6 0 0
87 204 64 19821.8 0 0
88 197 64 19826 0 0
89 192 64 19830.2 0 0
88 193 64 19834.4 0 0
88 196 64 19838.6 0 0
91 193 64 19842.9 0 0
88 191 64 19847.1 0 0
91 192 64 19851.3 0 0
92 190 64 19855.6 0 0
90 190 64 19859.8 0 0
90 193 64 19864 0 0
90 189 64 19868.2 0 0
90 188 65 19872.4 0 0
89 186 65 19876.6 0 0
86 185 64 19880.9 0 0
82 182 64 19885.2 0 0
71 169 65 19889.4 0 0
60 159 64 19893.6 0 0
54 155 65 19897.8 0 0
48 150 65 19902 0 0
46 140 65 19906.2 0 0
42 127 65 19910.4 0 0
41 119 65 19914.7 0 0
41 111 65 19918.9 0 0
43 108 65 19923.1 0 0
41 100 65 19927.3 0 0
40 93 65 19931.5 0 0
39 91 65 19935.8 0 0
39 86 65 19940 0 0
39 83 65 19944.2 0 0
40 82 65 19948.4 0 0
37 86 65 19952.6 0 0
39 86 65 19956.8 0 0
37 87 64 19961 0 0
39 87 64 19965.3 0 0
35 90 65 19969.6 0 0
36 85 65 19973.8 0 0
35 83 65 19978 0 0
39 84 65 19982.3 0 0
38 83 65 19986.5 0 0
38 86 65 19990.7 0 0
34 86 65 19994.9 0 0
37 92 65 19999.1 0 0
35 85 65 20003.3 0 0
35 87 65 20007.6 0 0
36 88 65 20011.8 0 0
37 85 65 20016 0 0
35 88 65 20020.2 0 0
37 90 65 20024.4 0 0
36 86 65 20028.6 0 0
37 85 65 20032.9 0 0
37 86 65 20037.1 0 0
35 88 65 20041.3 0 0
34 92 65 20045.6 0 0
32 84 65 20049.8 0 0
35 85 65 20054 0 0
35 86 65 20058.3 0 0
36 87 65 20062.5 0 0
34 90 65 20066.8 0 0
37 87 65 20071 0 0
37 87 65 20075.2 0 0
35 85 65 20079.4 0 0
31 74 65 20083.6 0 0
31 79 65 20087.9 0 0
28 73 65 20092.1 0 0
26 71 65 20096.4 0 0
21 71 65 20100.6 0 0
27 69 65 20104.8 0 0
28 72 65 20109 0 0
27 72 65 20113.2 0 0
28 71 65 20117.5 0 0
28 74 65 20121.7 0 0
27 69 65 20125.9 0 0
28 72 65 20130.1 0 0
27 72 65 20134.3 0 0
26 72 65 20138.5 0 0
29 71 65 20142.7 0 0
30 69 65 20147 0 0
28 71 65 20151.2 0 0
27 70 65 20155.4 0 0
27 71 66 20159.6 0 0
27 72 65 20163.8 0 0
26 70 65 20168 0 0
30 72 65 20172.2 0 0
29 70 65 20176.5 0 0
27 71 65 20180.7 0 0
29 68 65 20184.9 0 0
28 72 65 20189.1 0 0
28 71 66 20194 0 0
28 69 65 20198.2 0 0
31 72 65 20202.4 0 0
26 70 65 20206.6 0 0
29 72 65 20210.8 0 0
27 71 65 20215 0 0
30 72 66 20219.2 0 0
24 72 66 20223.5 0 0
27 69 66 20227.7 0 0
28 72 65 20231.9 0 0
29 74 65 20236.1 0 0
28 66 66 20240.3 0 0
28 72 65 20244.6 0 0
30 70 66 20248.8 0 0
28 67 66 20253 0 0
27 71 66 20257.3 0 0
27 65 66 20261.5 0 0
28 66 66 20265.7 0 0
26 70 65 20269.9 0 0
28 67 65 20274.1 0 0
30 65 65 20278.3 0 0
28 70 66 20282.6 0 0
30 75 66 20286.9 0 0
27 67 66 20291.3 0 0
27 63 66 20295.8 0 0
30 73 66 20300 0 0
28 70 66 20304.2 0 0
28 71 66 20314.8 0 0
30 72 66 20319.1 0 0
30 65 66 20323.3 0 0
27 62 66 20327.5 0 0
26 63 66 20331.7 0 0
30 71 66 20335.9 0 0
28 69 66 20340.1 0 0
27 64 66 20344.4 0 0
30 71 66 20348.6 0 0
32 71 66 20353.2 0 0
26 64 65 20357.4 0 0
28 69 66 20361.6 0 0
29 75 66 20365.8 0 0
27 74 65 20370 0 0
32 74 66 20374.2 0 0
38 75 66 20378.5 0 0
48 78 66 20382.7 0 0
56 83 66 20387 0 0
62 94 66 20391.2 0 0
72 100 67 20395.4 0 0
76 107 66 20399.6 0 0
88 112 67 20403.8 0 0
92 127 66 20408 0 0
101 136 66 20412.3 0 0
103 144 66 20416.5 0 0
104 153 65 20420.7 0 0
104 162 65 20424.9 0 0
104 157 65 20429.1 0 0
102 161 65 20433.3 0 0
104 158 65 20437.6 0 0
106 157 66 20441.8 0 0
106 154 66 20446 0 0
105 153 66 20450.4 0 0
105 157 66 20454.6 0 0
107 158 65 20458.8 0 0
110 159 65 20463 0 0
106 159 65 20467.2 0 0
108 160 65 20471.4 0 0
110 159 65 20475.7 0 0
107 161 65 20479.9 0 0
109 162 65 20484.1 0 0
107 161 65 20488.3 0 0
106 163 65 20492.5 0 0
110 161 65 20496.8 0 0
108 157 65 20501.1 0 0
106 159 65 20505.3 0 0
108 162 65 20509.5 0 0
108 163 65 20513.7 0 0
108 161 65 20517.9 0 0
109 161 66 20522.1 0 0
109 159 65 20526.4 0 0
110 160 65 20530.6 0 0
109 162 65 20534.8 0 0
109 160 65 20539 0 0
110 157 65 20543.4 0 0
110 160 65 20547.6 0 0
109 160 65 20551.8 0 0
108 160 65 20556 0 0
110 160 65 20560.2 0 0
109 160 64 20564.4 0 0
110 162 65 20569 0 0
108 161 64 20573.3 0 0
110 161 65 20577.5 0 0
110 162 65 20581.7 0 0
110 158 65 20585.9 0 0
108 160 65 20590.1 0 0
108 160 65 20594.3 0 0
115 163 65 20598.5 0 0
123 165 65 20602.8 0 0
131 164 65 20607 0 0
133 162 65 20611.2 0 0
136 164 65 20615.4 0 0
134 161 65 20619.6 0 0
134 162 65 20623.9 0 0
130 165 65 20628.3 0 0
128 162 65 20632.5 0 0
128 165 65 20636.7 0 0
132 165 65 20640.9 0 0
131 163 65 20645.1 0 0
134 163 65 20649.3 0 0
131 161 65 20653.5 0 0
134 162 65 20657.8 0 0
133 162 65 20662 0 0
132 162 65 20666.2 0 0
134 164 65 20670.5 0 0
133 162 65 20674.7 0 0
132 164 65 20678.9 0 0
130 162 65 20683.1 0 0
132 163 65 20687.3 0 0
132 162 65 20691.6 0 0
132 163 65 20695.8 0 0
132 165 65 20700 0 0
132 165 65 20704.2 0 0
133 163 65 20708.4 0 0
132 165 65 20712.6 0 0
131 167 65 20716.8 0 0
135 166 65 20721.1 0 0
132 165 65 20725.3 0 0
134 167 65 20729.5 0 0
132 165 65 20733.7 0 0
132 168 65 20737.9 0 0
133 166 65 20742.2 0 0
133 165 65 20746.4 0 0
132 163 65 20750.6 0 0
133 170 64 20754.8 0 0
133 162 65 20759 0 0
132 169 65 20763.3 0 0
131 167 65 20767.5 0 0
133 167 65 20771.7 0 0
131 170 65 20775.9 0 0
131 167 65 20780.1 0 0
135 165 65 20784.4 0 0
133 164 65 20788.6 0 0
130 164 65 20792.8 0 0
131 165 65 20797 0 0
134 165 65 20801.2 0 0
132 162 65 20805.5 0 0
130 163 65 20809.7 0 0
133 170 65 20813.9 0 0
132 170 65 20818.1 0 0
133 166 65 20822.3 0 0
133 171 65 20826.6 0 0
132 169 65 20830.8 0 0
131 171 65 20835 0 0
133 171 65 20839.2 0 0
133 170 65 20843.4 0 0
132 165 65 20847.7 0 0
132 169 65 20851.9 0 0
133 167 65 20856.1 0 0
133 168 65 20860.3 0 0
133 168 65 20864.5 0 0
132 171 65 20868.7 0 0
135 165 65 20872.9 0 0
134 165 65 20877.2 0 0
132 165 65 20881.4 0 0
135 168 65 20885.6 0 0
133 166 65 20889.8 0 0
132 164 65 20894 0 0
133 166 65 20898.2 0 0
132 163 65 20902.5 0 0
134 163 65 20906.7 0 0
132 166 65 20910.9 0 0
133 166 65 20915.2 0 0
134 165 65 20919.4 0 0
133 164 65 20923.6 0 0
133 164 65 20927.8 0 0
132 165 65 20932.1 0 0
128 161 65 20936.3 0 0
122 164 65 20940.6 0 0
114 168 65 20944.9 0 0
109 165 65 20949.1 0 0
104 163 65 20953.3 0 0
103 166 65 20957.5 0 0
100 161 65 20961.7 0 0
103 157 64 20966 0 0
105 160 65 20970.2 0 0
105 159 65 20974.4 0 0
105 161 65 20978.7 0 0
105 161 65 20982.9 0 0
108 163 65 20987.1 0 0
104 162 64 20991.3 0 0
104 163 64 20995.5 0 0
107 162 65 20999.7 0 0
103 162 64 21004 0 0
103 162 64 21008.2 0 0
106 159 65 21012.4 0 0
